-58.9450 -58.8887 -58.8321 -58.7752 -58.7178 -58.6603 -58.6024 -58.5440 -58.5678 -58.5172 -58.4656 -58.4123 -58.3496 -58.2889 -58.2309 -58.1741 -58.0961 -58.0333 -57.9677 -57.9024 -57.8265 -57.7758 -57.7132 -57.6522 -57.5950 -57.5272 -57.4618 -57.3975 -57.3305 -57.2613 -57.1932 -57.1273 -57.0419 -56.9752 -64.2655 -64.2309 -64.1977 -64.2007 -64.0311 -63.9788
-58.9404 -58.8838 -58.8270 -58.7698 -58.7123 -58.6545 -58.5965 -58.5382 -58.5622 -58.5110 -58.4589 -58.4039 -58.3414 -58.2812 -58.2234 -58.1664 -58.0886 -58.0272 -57.9513 -57.8880 -57.8369 -57.7744 -57.7126 -57.6516 -57.5923 -57.5249 -57.4597 -57.3962 -57.3285 -64.6850 -64.6188 -64.5674 -64.4128 -61.6645 -64.3276 -64.2981 -64.2694 -64.2409 -64.1125 -64.0943
-58.9347 -58.8781 -58.8213 -58.7641 -58.7065 -58.6487 -58.5906 -58.5323 -58.5564 -58.5047 -58.4521 -58.3954 -58.3346 -58.2761 -58.2197 -58.1487 -58.0871 -58.0137 -57.9618 -57.8985 -57.8366 -57.7736 -57.7119 -57.6510 -57.5898 -64.9813 -64.9225 -64.8755 -64.8052 -64.7352 -64.6756 -64.6298 -64.4795 -61.6754 -64.4047 -64.3785 -64.3530 -64.3226 -64.1936 -64.1128
-58.9291 -58.8724 -58.8155 -58.7583 -58.7006 -58.6428 -58.5847 -58.5270 -58.5524 -58.5015 -58.4497 -58.3929 -58.3327 -58.2747 -58.2185 -58.1471 -58.0742 -58.0244 -57.9609 -57.8975 -57.8357 -65.2290 -65.1816 -65.2644 -65.0947 -65.0298 -64.9771 -64.9350 -64.8659 -64.8008 -64.7463 -64.7039 -64.5578 -61.7134 -64.4491 -64.3917 -64.3643 -64.3062 -64.1339 -64.0673
-58.9233 -58.8666 -58.8099 -58.7538 -58.6973 -58.6407 -58.5838 -58.6027 -58.5522 -58.5009 -58.4489 -58.3908 -58.3310 -58.2735 -58.2173 -58.1338 -58.0849 -65.5107 -65.4450 -65.3834 -65.3331 -65.2803 -65.2339 -65.2182 -65.1524 -65.0923 -65.0445 -65.0026 -64.9370 -64.8637 -64.7826 -64.7116 -64.5373 -61.7182 -64.4072 -64.3796 -64.3221 -64.2626 -64.0933 -64.0268
-58.9208 -58.8653 -58.8095 -58.7534 -58.6970 -58.6405 -58.5836 -58.6029 -58.5520 -58.5004 -58.4480 -58.3888 -58.3537 -58.3808 -65.7796 -65.6635 -65.6126 -65.5531 -65.4976 -65.4396 -65.3930 -65.3403 -65.3010 -65.2824 -65.2201 -65.1489 -65.0757 -65.0029 -64.9095 -64.8200 -64.7395 -64.6697 -64.4983 -64.4285 -64.3995 -64.3426 -64.2843 -64.2250 -64.0594 -63.9938
-58.9204 -58.8649 -58.8092 -58.7531 -58.6968 -58.6403 -58.5834 -58.6030 -58.5999 -58.6203 -58.5915 -58.6768 -65.8230 -65.8576 -65.8328 -65.7174 -65.6697 -65.6102 -65.5544 -65.5023 -65.4579 -65.3942 -65.3304 -65.2793 -65.1908 -65.1077 -65.0357 -64.9601 -64.8680 -64.7792 -64.7012 -64.6321 -64.4640 -64.4260 -64.3690 -64.3121 -64.2550 -64.1974 -64.0369 -63.9740
-58.9202 -58.8648 -58.8091 -58.7529 -58.7676 -58.7580 -58.7482 -58.9157 -58.9852 -59.0058 -58.9767 -65.9185 -65.9467 -65.9181 -65.8290 -65.7803 -65.7352 -65.6583 -65.5749 -65.5010 -65.4312 -65.3590 -65.2956 -65.2388 -65.1514 -65.0702 -64.9994 -64.9217 -64.8304 -64.7446 -64.6689 -64.6014 -64.4674 -64.4033 -64.3479 -64.2937 -64.2401 -64.1870 -64.0333 -63.9766
-59.0146 -59.0062 -58.9975 -59.0597 -59.1453 -59.1357 -59.1019 -59.1794 -59.1035 -59.0754 -58.9586 -58.9360 -66.0111 -65.9635 -65.8489 -65.7765 -65.7067 -65.6209 -65.5408 -65.4672 -65.3979 -65.3267 -65.2616 -65.2023 -65.1166 -65.0375 -64.9686 -64.8888 -64.8009 -64.7183 -64.6461 -64.6126 -64.4545 -64.3946 -64.3439 -64.2952 -64.2481 -56.6986 -56.6138 -56.5454
-59.3686 -59.3601 -59.3275 -59.3182 -59.2376 -59.2042 -59.1798 -59.1526 -59.1350 -59.0965 -59.0409 -58.9809 -65.9828 -65.9332 -65.8168 -65.7477 -65.6715 -65.5893 -65.5100 -65.4400 -65.3655 -65.2989 -65.2327 -65.1717 -65.0885 -65.0125 -64.9375 -64.8668 -64.7829 -64.7052 -64.6693 -64.5199 -64.4603 -64.4079 -56.8944 -56.8292 -56.7632 -56.6966 -56.6121 -56.5437
-59.4610 -59.4287 -59.3249 -59.2919 -59.2824 -59.2253 -59.2500 -59.1844 -59.1463 -59.0937 -59.0126 -58.9773 -58.8711 -65.9055 -65.7846 -65.7154 -65.6430 -65.5618 -65.4835 -65.4147 -65.3420 -65.2777 -65.2114 -65.1502 -65.0706 -64.9982 -64.9286 -64.8602 -64.7824 -64.7428 -57.1953 -57.0897 -57.0235 -56.9580 -56.8931 -56.8277 -56.7615 -56.6948 -56.6121 -56.5452
-59.5059 -59.4498 -59.3698 -59.3130 -59.2799 -59.2228 -59.1856 -59.1959 -59.0952 -59.0423 -58.9600 -58.9251 -58.8678 -58.8106 -65.7591 -65.6909 -65.6140 -65.5402 -65.4638 -65.3973 -65.3274 -65.2661 -65.2018 -65.1422 -65.0672 -65.0022 -64.9407 -57.3640 -57.3019 -57.2350 -57.1695 -57.0885 -57.0223 -56.9569 -56.8921 -56.8280 -56.7634 -56.6983 -64.4540 -64.3105
-59.5033 -59.4473 -59.3672 -59.3105 -59.2401 -59.1594 -59.1970 -59.1451 -59.0925 -59.0394 -59.0768 -59.0205 -58.9881 -65.8176 -65.7398 -65.6734 -65.5960 -65.5248 -65.4545 -65.3916 -65.3262 -65.2681 -65.2091 -57.6719 -57.5575 -57.4931 -57.4290 -57.3676 -57.3002 -57.2336 -57.1681 -57.0880 -57.0233 -56.9593 -56.8956 -64.6487 -64.5226 -64.3910 -64.1742 -56.5533
-59.5007 -59.3972 -59.3409 -59.2705 -59.2274 -59.1707 -59.2436 -59.2409 -59.1891 -59.1855 -59.0511 -58.9713 -58.9639 -58.8492 -65.7297 -65.6665 -65.5928 -65.5228 -65.4601 -65.4022 -57.8091 -57.7469 -57.6843 -57.6210 -57.5558 -57.4971 -57.4332 -57.3660 -57.2998 -57.2346 -57.1706 -57.0916 -64.7624 -64.6452 -64.5310 -64.4286 -56.7706 -56.7049 -56.6707 -56.6515
-59.4507 -59.3946 -59.3010 -59.3778 -59.3221 -59.3924 -59.2932 -59.1932 -59.1412 -59.1368 -59.0286 -59.0200 -58.8910 -58.6298 -65.7357 -65.6741 -65.6056 -57.9937 -57.9318 -57.8702 -57.8078 -57.7455 -57.6828 -57.6193 -57.5598 -57.4971 -57.4341 -57.3686 -57.3029 -65.0037 -64.8887 -64.6904 -62.1182 -56.9668 -56.9024 -56.8858 -56.8689 -56.8759 -64.3760 -64.4224
-59.5446 -59.4757 -59.4581 -59.3313 -59.2757 -59.3453 -59.2457 -59.2426 -59.1898 -58.9896 -58.7604 -58.6054 -58.4268 -58.2628 -58.1784 -58.1175 -58.0549 -57.9923 -57.9305 -57.8690 -57.8066 -57.7442 -57.6838 -57.6261 -57.5626 -57.5002 -65.2011 -65.0783 -64.9606 -64.8651 -57.1776 -57.1224 -56.5227 -57.0648 -57.0731 -64.6171 -64.6520 -64.7012 -64.6631 -64.7306
-59.4845 -59.4429 -59.4116 -59.3324 -59.3244 -59.2738 -59.0523 -58.8535 -58.7272 -58.5250 -58.4175 -58.3601 -58.3034 -58.2371 -58.1771 -58.1163 -58.0537 -57.9912 -57.9299 -57.8696 -57.8081 -57.7471 -65.4964 -65.3814 -65.2716 -65.1747 -65.0882 -57.3747 -57.3331 -57.2917 -57.2755 -57.2685 -62.1872 -64.7868 -64.8220 -64.8668 -64.9207 -64.9846 -64.9545 -65.0333
-59.5462 -59.4915 -59.2935 -59.0711 -58.9197 -58.8858 -58.6868 -58.5850 -58.5313 -58.4723 -58.4164 -58.3592 -58.2983 -58.2359 -58.1759 -58.1149 -58.0544 -57.9932 -57.9332 -65.6253 -65.5256 -65.4624 -65.3774 -65.2899 -57.5687 -57.5305 -57.4900 -57.4725 -57.4793 -65.0305 -65.0341 -64.9614 -62.3302 -65.0219 -65.0695 -65.1254 -65.1895 -65.2632 -65.2378 -65.2974
-59.1896 -59.0628 -58.8878 -58.7362 -58.6803 -58.6906 -58.6378 -58.5845 -58.5307 -58.4733 -58.4155 -58.3584 -58.2958 -58.2369 -58.1781 -58.1171 -65.8105 -65.7085 -65.6165 -65.5268 -65.4860 -57.7587 -57.7217 -57.6817 -57.6668 -57.6772 -65.2442 -65.2244 -65.2166 -65.2240 -65.2443 -65.1800 -65.2130 -65.2596 -65.3156 -65.3641 -65.4357 -65.5168 -65.4573 -63.9267
-58.9025 -58.8474 -58.7920 -58.7359 -58.7430 -58.6905 -58.6376 -58.5842 -58.5303 -58.4736 -58.4168 -58.3610 -58.2984 -65.9975 -65.9080 -65.8100 -65.7239 -57.9988 -57.9389 -57.9069 -57.8695 -57.8566 -57.8681 -65.4404 -65.4241 -65.4235 -65.4164 -65.4116 -65.4011 -65.4175 -65.4454 -65.3851 -65.4248 -65.4781 -65.5403 -65.6105 -65.6888 -64.1276 -64.0047 -63.9635
-58.9026 -58.8476 -58.7916 -58.7360 -58.7431 -58.6908 -58.6388 -58.5862 -58.5332 -58.4761 -66.1899 -66.1167 -66.0049 -65.9285 -58.1835 -58.1227 -58.0855 -58.0487 -58.0423 -58.0534 -65.6185 -65.6027 -65.5954 -65.5835 -65.5827 -65.5898 -65.5897 -65.5916 -65.6015 -65.6245 -65.6585 -65.6005 -65.6462 -65.7054 -64.3276 -64.2822 -64.2118 -64.1692 -64.0608 -64.1422
-58.9029 -58.8473 -58.7923 -58.7376 -58.7458 -58.6941 -58.6419 -66.3372 -66.2753 -66.1958 -66.1301 -58.3669 -58.3037 -58.2689 -58.2332 -58.2203 -58.2317 -65.8101 -65.7879 -65.7693 -65.7615 -65.7609 -65.7609 -65.7570 -65.7621 -65.7731 -65.7780 -65.7848 -65.8000 -65.8286 -65.8677 -64.5123 -64.4637 -64.4207 -64.3786 -64.3093 -64.2673 -64.2250 -64.1053 -64.2115
-58.9043 -58.8501 -58.7956 -66.1580 -66.4428 -66.3883 -66.3361 -66.2890 -58.5383 -58.4814 -58.4489 -58.4152 -58.4012 -58.4153 -65.9825 -65.9472 -65.9554 -65.9412 -65.9314 -65.9226 -65.9224 -65.9281 -65.9316 -65.9316 -65.9422 -65.9741 -65.9813 -65.9926 -66.0127 -64.7230 -64.6736 -64.5502 -64.5037 -64.4615 -64.3928 -64.3612 -64.3206 -64.2803 -64.1852 -64.2841
-66.3217 -66.2496 -66.1787 -66.1114 -66.4053 -58.7006 -58.6483 -58.6190 -58.5878 -58.5790 -58.5956 -66.1694 -66.1402 -66.1200 -66.1306 -66.1141 -66.0981 -66.0901 -66.1011 -66.0976 -66.1036 -66.1128 -66.1174 -66.1215 -66.1367 -66.1552 -64.9309 -64.8696 -64.8118 -64.7486 -64.7220 -64.6000 -64.5552 -64.4868 -64.4473 -64.4078 -64.3949 -64.3523 -66.5467 -67.1718
-66.2814 -66.2218 -58.8023 -58.7476 -58.7793 -58.7508 -58.7463 -58.7659 -66.3584 -66.3323 -66.3195 -66.2799 -66.2778 -66.3017 -66.2825 -66.2744 -66.2629 -66.2599 -66.2556 -66.2591 -66.2679 -66.2792 -66.2852 -65.1220 -65.0845 -65.0323 -64.9725 -64.9150 -64.8606 -64.8110 -64.7644 -64.6483 -68.5267 0.0000 0.0000 -64.5042 -66.7547 -67.0692 -67.2721 -67.9452
-58.9140 -58.8831 -58.8518 -58.9055 -58.9262 -66.5030 -66.4935 -66.4895 -66.4754 -66.4627 -66.4596 -66.4237 -66.4511 -66.4421 -66.4267 -66.4191 -66.4138 -66.3976 -66.4139 -66.4207 -66.4326 -65.2897 -65.2315 -65.1767 -65.1275 -65.0744 -65.0158 -64.9566 -64.9054 -67.2056 -67.8638 -68.6536 0.0000 0.0000 0.0000 -67.0705 -67.3615 -67.6793 -67.8491 -68.5935
-59.0108 -59.0279 -66.2900 -66.6073 -66.6026 -66.6016 -66.6035 -66.6077 -66.5972 -66.5909 -66.5928 -66.5802 -66.5912 -66.5859 -66.5738 -66.5666 -66.5671 -66.5702 -65.4753 -65.4246 -65.3763 -65.3294 -65.2717 -65.2175 -65.1697 -65.1157 -65.0572 -67.3506 -67.7228 -68.2359 -68.9135 0.0000 0.0000 0.0000 0.0000 -67.5929 -67.8748 -68.0206 -68.3571 -71.6475
-66.4272 -66.3999 -66.3759 -66.7109 -66.7142 -66.7198 -66.7265 -66.7351 -66.7262 -66.7248 -66.7664 -66.7347 -66.7336 -66.7310 -66.7213 -65.6705 -65.6185 -65.5680 -65.5142 -65.4645 -65.4167 -65.3682 -65.3115 -65.2587 -67.3074 -67.5115 -67.7569 -68.0711 -68.5191 -68.9863 -73.1169 -79.4514 0.0000 0.0000 0.0000 -68.9800 0.0000 0.0000 -70.6598 -72.0093
-66.5183 -66.4984 -66.4801 -66.8286 -66.8358 -66.8445 -66.8545 -66.8639 -66.8575 -66.8995 -66.8780 -66.8745 -66.8753 -65.8217 -65.7645 -65.7097 -65.6575 -65.6066 -65.5534 -65.5041 -65.4568 -65.4078 -67.4972 -67.6521 -67.8514 -68.0736 -68.3425 -68.7153 -69.0638 -71.8382 -73.1684 -76.9416 -78.7857 0.0000 -69.1621 0.0000 0.0000 0.0000 -71.0831 -71.9637
-66.6215 -66.6052 -66.5899 -66.9502 -66.9601 -66.9712 -66.9835 -66.9921 -67.0295 -67.0348 -66.0055 -65.9566 -65.9096 -65.8555 -65.8039 -65.7491 -65.6961 -65.6453 -65.5926 -67.5627 -67.6761 -67.8010 -67.9407 -68.1159 -68.3345 -68.5677 -68.8881 -69.1518 -71.4035 -72.3540 -72.6944 -74.5282 -74.9801 -69.2637 0.0000 0.0000 0.0000 0.0000 0.0000 -70.0221
-66.7285 -66.7146 -67.0623 -67.0731 -67.0850 -67.0982 -67.1125 -66.1909 -66.1459 -66.1071 -66.0430 -65.9948 -65.9484 -65.8926 -65.8447 -65.7864 -65.7343 -67.7474 -67.8291 -67.9334 -68.0583 -68.1950 -68.3480 -68.5365 -68.8016 -69.0446 -69.2519 -69.7013 -71.9426 -71.9769 -72.1922 -72.1344 -71.5010 -75.9306 -78.4030 0.0000 0.0000 0.0000 0.0000 0.0000
-66.8368 -66.8247 -67.1836 -67.1962 -67.2099 -66.2632 -66.2663 -66.2268 -66.1841 -66.1465 -66.0815 -66.0362 -65.9882 -65.9333 -67.8742 -67.9208 -67.9906 -68.0703 -68.1632 -68.2791 -68.4151 -68.5590 -68.7205 -68.9566 -69.1163 -69.4355 -69.7280 -71.7599 -71.5368 -71.2159 -68.7968 -71.2243 -73.2550 -74.4193 -74.9819 -78.4149 0.0000 0.0000 0.0000 0.0000
-66.9454 -66.9344 -66.3885 -66.3600 -66.3311 -66.3351 -66.3048 -66.2646 -66.2235 -66.1869 -66.1207 -66.0761 -68.0610 -68.0997 -68.1544 -68.2099 -68.2884 -68.3739 -68.4784 -68.6031 -68.7469 -68.9324 -69.1010 -69.2315 -69.5394 -69.7888 -71.5433 -71.2793 -70.9492 -68.7167 -70.8839 -72.2752 -73.0951 -73.4763 -73.8523 -73.1665 -75.4749 -76.5026 0.0000 0.0000
-66.2024 -66.1587 -66.4273 -66.4321 -66.4038 -66.3741 -66.3450 -66.3034 -66.2637 -68.1856 -68.2196 -68.2695 -68.3191 -68.3643 -68.4144 -68.4863 -68.5718 -68.6637 -68.7751 -68.9061 -69.0946 -69.2438 -69.3410 -69.6257 -69.8587 -71.4019 -71.1400 -70.8106 -68.7780 -70.6819 -71.6528 -72.0927 -72.2936 -72.4891 -72.6423 -72.7547 -72.8448 -73.2942 -72.9838 -67.6855
-66.2389 -66.1957 -66.5001 -66.4724 -66.4433 -66.4147 -66.3857 -68.3497 -68.3946 -68.4151 -68.4597 -68.5127 -68.5683 -68.6188 -68.6723 -68.7498 -68.8405 -68.9375 -69.0906 -69.2293 -69.3820 -69.4555 -69.7076 -69.9206 -71.3320 -71.0703 -68.8542 -70.3989 -70.7514 -71.3089 -72.1070 -73.0500 -73.8454 -74.5945 -75.5070 -76.5811 0.0000 0.0000 -67.8284 -71.4496
-66.2763 -66.5680 -66.5407 -66.5131 -68.4280 -68.4778 -68.5300 -68.5679 -68.6194 -68.6412 -68.6894 -68.7477 -68.8039 -68.8631 -68.9188 -69.0005 -69.0953 -69.2332 -69.3564 -69.4951 -69.5706 -69.8005 -69.9786 -71.2850 -71.0540 -68.9629 -70.5481 -70.8314 -71.2755 -71.6819 -72.4258 -72.9001 -73.4604 -74.1898 -75.1162 -76.7559 0.0000 0.0000 -71.5356 0.0000
-66.3456 -66.6089 -68.5340 -68.5787 -68.6289 -68.6835 -68.7370 -68.7809 -68.8379 -68.8605 -68.9159 -68.9743 -69.0253 -69.0838 -69.1539 -69.2747 -69.3748 -69.4785 -69.6032 -69.6670 -69.8984 -70.0517 -70.2603 -71.0476 -69.0891 -70.6887 -70.9262 -71.2745 -71.6071 -71.8141 -72.2899 -72.6836 -73.2631 -74.0547 -75.1711 -75.4608 -70.7619 -71.6226 -77.7534 -82.4894
-68.1826 -68.6762 -68.7212 -68.7714 -68.8257 -68.8847 -68.9392 -68.9880 -69.0506 -69.0715 -69.1306 -69.1925 -69.2462 -69.3056 -69.4149 -69.5041 -69.6045 -69.7104 -69.7582 -69.9823 -70.1331 -70.2996 -71.0307 -69.2100 -70.8213 -71.0677 -71.3108 -71.5367 -71.6170 -71.6085 -72.1949 -72.6248 -73.6727 -73.6009 -73.1917 -70.7836 -71.5248 -76.8901 -76.3969 -77.1752
-68.3430 -68.8561 -68.9061 -68.9601 -69.0184 -69.0814 -69.1356 -69.1898 -69.2367 -69.2754 -69.3377 -69.4026 -69.4940 -69.5553 -69.6312 -69.7230 -69.8211 -69.8488 -70.0582 -70.2049 -70.3501 -69.2568 -69.3093 -70.9468 -71.1683 -71.3710 -71.4480 -71.4843 -71.5642 -71.7455 -72.2273 -72.9085 -72.7788 -70.5212 -70.8311 -71.4574 -74.8386 -74.8586 -74.8851 -71.1343
-68.4988 -69.0341 -69.0876 -69.1450 -69.2068 -69.2724 -69.3273 -69.3845 -69.4180 -69.4725 -69.5374 -69.6409 -69.6827 -69.7522 -69.8335 -69.9266 -69.9465 -70.1364 -70.2682 -70.4134 -69.3587 -70.9381 -71.0380 -71.2669 -71.3932 -71.4014 -71.4116 -71.4867 -71.6290 -71.8341 -72.4658 -72.2944 -70.4859 -70.8351 -71.3629 -74.0787 -74.0381 -73.7976 -70.8821 -73.8290
