-51.9903 -52.0997 -52.2074 -52.3137 -52.4197 -52.5238 -52.6284 -52.7330 -52.8364 -52.9387 -53.0397 -53.1395 -53.2362 -53.3336 -53.4300 -53.5254 -61.0747 -61.1846 -61.2987 -61.4159 -61.5349 -61.6548 -61.7750 -61.8949 -62.0142 -62.1325 -62.2498 -62.3661 -62.4766 -62.5900 -62.7021 -62.8128 -62.9223 -63.0302 -63.1370 -63.2424 -63.3465 -63.4495 -63.5511 -63.6515
-51.9287 -52.0379 -52.1462 -52.2561 -52.3647 -52.4720 -52.5780 -52.6827 -52.7862 -52.8885 -52.9897 -53.0878 -60.6335 -60.7455 -60.8638 -60.9862 -61.1113 -61.2376 -61.3643 -61.4908 -61.6167 -61.7414 -61.8649 -61.9872 -62.1080 -62.2272 -62.3449 -62.4569 -62.5713 -62.6843 -62.7957 -62.9058 -63.0143 -63.1214 -63.2272 -63.3316 -63.4346 -63.5365 -63.6370 -63.7363
-51.8686 -51.9815 -52.0938 -52.2039 -52.3127 -52.4200 -52.5262 -52.6312 -52.7349 -60.2971 -60.4201 -60.5372 -60.6690 -60.8025 -60.9368 -61.0709 -61.2040 -61.3361 -61.4666 -61.5956 -61.7227 -61.8482 -61.9720 -62.0938 -62.2141 -62.3327 -62.4454 -62.5602 -62.6735 -62.7852 -62.8955 -63.0042 -63.1114 -63.2172 -63.3217 -63.4248 -63.5265 -63.6270 -63.7262 -63.8243
-51.8145 -51.9285 -52.0401 -52.1504 -52.2593 -59.8150 -59.9405 -60.0754 -60.2157 -60.3589 -60.4918 -60.6339 -60.7757 -60.9158 -61.0543 -61.1908 -61.3253 -61.4577 -61.5880 -61.7163 -61.8426 -61.9669 -62.0892 -62.2098 -62.3285 -62.4455 -62.5563 -62.6696 -62.7812 -62.8913 -62.9999 -63.1070 -63.2126 -63.3168 -63.4196 -63.5212 -63.6215 -63.7205 -63.8183 -63.9149
-51.7591 -51.8734 -59.4390 -59.5779 -59.7261 -59.8791 -60.0341 -60.1884 -60.3415 -60.4929 -60.6281 -60.7732 -60.9159 -61.0559 -61.1937 -61.3289 -61.4619 -61.5924 -61.7209 -61.8472 -61.9713 -62.0935 -62.2139 -62.3322 -62.4488 -62.5595 -62.6724 -62.7836 -62.8933 -63.0014 -63.1080 -63.2133 -63.3170 -63.4195 -63.5206 -63.6204 -63.7191 -63.8165 -63.9126 -64.0078
-59.2139 -59.3773 -59.5438 -59.7102 -59.8754 -60.0383 -60.1979 -60.3545 -60.5081 -60.6586 -60.7902 -60.9330 -61.0733 -61.2108 -61.3456 -61.4781 -61.6081 -61.7359 -61.8615 -61.9851 -62.1065 -62.2261 -62.3437 -62.4597 -62.5697 -62.6819 -62.7924 -62.9014 -63.0088 -63.1148 -63.2194 -63.3225 -63.4244 -63.5249 -63.6241 -63.7221 -63.8190 -63.9146 -64.0091 -64.1025
-59.3945 -59.5699 -59.7419 -59.9101 -60.0745 -60.2349 -60.3914 -60.5445 -60.6941 -60.8244 -60.9662 -61.1051 -61.2414 -61.3750 -61.5062 -61.6350 -61.7615 -61.8859 -62.0082 -62.1284 -62.2468 -62.3634 -62.4781 -62.5873 -62.6984 -62.8079 -62.9159 -63.0225 -63.1275 -63.2311 -63.3335 -63.4344 -63.5340 -63.6325 -63.7298 -63.8259 -63.9208 -64.0147 -64.1074 -64.1991
-59.6373 -59.8083 -59.9749 -60.1375 -60.2958 -60.4501 -60.6007 -60.7480 -60.8923 -61.0149 -61.1517 -61.2857 -61.4172 -61.5463 -61.6732 -61.7978 -61.9204 -62.0409 -62.1596 -62.2763 -62.3912 -62.5045 -62.6125 -62.7222 -62.8303 -62.9371 -63.0423 -63.1462 -63.2488 -63.3500 -63.4499 -63.5486 -63.6460 -63.7423 -63.8374 -63.9315 -64.0245 -64.1164 -64.2073 -64.2978
-59.9061 -60.0682 -60.2263 -60.3803 -60.5303 -60.6771 -60.8206 -60.9613 -61.0798 -61.2132 -61.3442 -61.4728 -61.5991 -61.7232 -61.8453 -61.9654 -62.0837 -62.2002 -62.3149 -62.4279 -62.5393 -62.6459 -62.7537 -62.8602 -62.9654 -63.0691 -63.1715 -63.2726 -63.3724 -63.4711 -63.5685 -63.6647 -63.7599 -63.8540 -63.9469 -64.0389 -64.1299 -64.2198 -64.3093 -64.3967
-60.1905 -60.3418 -60.4892 -60.6333 -60.7744 -60.9128 -61.0487 -61.1819 -61.2909 -61.4177 -61.5425 -61.6652 -61.7859 -61.9049 -62.0221 -62.1374 -62.2511 -62.3633 -62.4752 -62.5843 -62.6920 -62.7932 -62.8978 -63.0010 -63.1029 -63.2034 -63.3029 -63.4011 -63.4982 -63.5942 -63.6891 -63.7828 -63.8756 -63.9673 -64.0581 -64.1478 -64.2367 -64.3251 -64.4115 -64.4970
-60.4860 -60.6248 -60.7610 -60.8948 -61.0264 -61.1559 -61.2833 -61.3863 -61.5074 -61.6273 -61.7455 -61.8622 -61.9771 -62.0906 -62.2024 -62.3145 -62.4235 -62.5313 -62.6376 -62.7427 -62.8414 -62.9436 -63.0444 -63.1442 -63.2427 -63.3402 -63.4365 -63.5318 -63.6260 -63.7192 -63.8114 -63.9027 -63.9930 -64.0823 -64.1707 -64.2583 -64.3454 -64.4305 -64.5148 -64.4844
-60.7832 -60.9088 -61.0337 -61.1566 -61.2781 -61.3978 -61.5152 -61.6077 -61.7217 -61.8344 -61.9458 -62.0559 -62.1665 -62.2742 -62.3806 -62.4859 -62.5900 -62.6930 -62.7949 -62.8904 -62.9896 -63.0877 -63.1848 -63.2808 -63.3758 -63.4699 -63.5630 -63.6551 -63.7463 -63.8366 -63.9259 -64.0144 -64.1021 -64.1889 -64.2748 -64.3606 -64.4441 -64.5269 -64.4934 -64.5753
-61.0936 -61.2067 -61.3195 -61.4312 -61.5413 -61.6508 -61.7596 -61.8430 -61.9516 -62.0572 -62.1607 -62.2657 -62.3686 -62.4707 -62.5718 -62.6720 -62.7713 -62.8697 -62.9617 -63.0578 -63.1530 -63.2473 -63.3406 -63.4332 -63.5249 -63.6157 -63.7057 -63.7948 -63.8830 -63.9706 -64.0573 -64.1433 -64.2285 -64.3128 -64.3970 -64.4792 -64.5498 -64.5117 -64.5934 -64.6745
-61.4052 -61.5049 -61.6042 -61.7038 -61.8036 -61.9066 -61.9815 -62.0804 -62.1759 -62.2760 -62.3750 -62.4723 -62.5691 -62.6653 -62.7609 -62.8559 -62.9502 -63.0381 -63.1303 -63.2220 -63.3129 -63.4032 -63.4927 -63.5816 -63.6697 -63.7570 -63.8437 -63.9298 -64.0151 -64.0997 -64.1836 -64.2668 -64.3494 -64.4318 -64.5122 -64.5918 -64.5496 -64.6300 -64.7099 -64.7898
-61.7180 -61.8035 -61.8944 -61.9830 -62.0728 -62.1636 -62.2228 -62.3153 -62.4082 -62.5000 -62.5908 -62.6815 -62.7720 -62.8623 -62.9523 -63.0419 -63.1311 -63.2129 -63.3005 -63.3878 -63.4745 -63.5606 -63.6462 -63.7313 -63.8158 -63.8997 -63.9831 -64.0659 -64.1481 -64.2298 -64.3109 -64.3913 -64.4718 -64.5502 -64.6280 -64.5815 -64.6604 -64.7387 -64.8682 -65.0277
-62.0310 -62.1065 -62.1842 -62.2621 -62.3170 -62.3902 -62.4737 -62.5589 -62.6417 -62.7250 -62.8087 -62.8927 -62.9769 -63.0612 -63.1454 -63.2294 -63.3060 -63.3892 -63.4721 -63.5548 -63.6371 -63.7192 -63.8009 -63.8821 -63.9631 -64.0434 -64.1235 -64.2030 -64.2821 -64.3608 -64.4389 -64.5172 -64.5934 -64.6691 -64.6180 -64.6951 -64.7718 -64.9010 -65.0610 -65.1398
-62.3374 -62.4014 -62.4406 -62.5128 -62.5876 -62.6551 -62.7273 -62.8009 -62.8757 -62.9515 -63.0281 -63.1055 -63.1833 -63.2614 -63.3394 -63.4103 -63.4884 -63.5666 -63.6448 -63.7229 -63.8010 -63.8788 -63.9564 -64.0339 -64.1111 -64.1880 -64.2646 -64.3409 -64.4169 -64.4925 -64.5684 -64.6421 -64.7154 -64.6592 -64.7345 -64.8095 -64.9383 -65.0987 -65.1760 -65.2530
-62.6130 -62.6681 -62.7275 -62.8163 -62.8468 -62.9093 -62.9750 -63.0422 -63.1107 -63.1790 -63.2486 -63.3191 -63.3900 -63.4616 -63.5262 -63.5987 -63.6716 -63.7448 -63.8182 -63.8917 -63.9654 -64.0391 -64.1127 -64.1864 -64.2598 -64.3332 -64.4063 -64.4793 -64.5521 -64.6253 -64.6964 -64.7672 -64.7055 -64.7788 -64.8517 -64.9813 -65.1409 -65.2166 -65.2919 -65.3669
-62.9217 -62.9996 -63.0436 -63.0914 -63.1093 -63.1639 -63.2210 -63.2804 -63.3416 -63.4045 -63.4683 -63.5323 -63.5968 -63.6543 -63.7205 -63.7876 -63.8553 -63.9235 -63.9921 -64.0611 -64.1303 -64.1998 -64.2694 -64.3391 -64.4089 -64.4787 -64.5484 -64.6181 -64.6884 -64.7566 -64.8245 -64.7569 -64.8279 -64.8987 -65.1139 -65.1879 -65.2617 -65.3353 -65.4086 -65.4817
-63.2689 -63.2969 -63.3301 -63.3674 -63.3732 -63.4187 -63.4671 -63.5180 -63.5713 -63.6266 -63.6837 -63.7424 -63.7939 -63.8544 -63.9150 -63.9766 -64.0390 -64.1022 -64.1661 -64.2306 -64.2954 -64.3607 -64.4263 -64.4921 -64.5582 -64.6243 -64.6907 -64.7577 -64.8227 -64.8877 -64.8136 -64.8821 -64.9506 -65.1678 -65.2397 -65.3116 -65.3832 -65.4547 -65.5259 -65.5971
-63.6565 -63.6131 -63.6110 -63.6003 -63.6333 -63.6702 -63.7105 -63.7538 -63.7998 -63.8482 -63.8987 -63.9511 -63.9958 -64.0510 -64.1076 -64.1653 -64.2226 -64.2809 -64.3400 -64.3999 -64.4604 -64.5215 -64.5830 -64.6451 -64.7074 -64.7700 -64.8336 -64.8950 -64.9567 -64.8758 -64.9417 -65.0076 -65.2269 -65.2966 -65.3662 -65.4358 -65.5052 -65.5747 -65.6440 -65.7131
-66.3010 -66.2090 -63.9919 -63.9373 -63.8912 -63.9200 -63.9525 -63.9883 -64.0272 -64.0688 -64.1128 -64.1490 -64.1969 -64.2465 -64.2977 -64.3503 -64.4040 -64.4588 -64.5134 -64.5688 -64.6250 -64.6819 -64.7395 -64.7976 -64.8563 -64.9161 -64.9738 -64.9722 -64.9435 -65.0065 -65.0697 -65.2913 -65.3585 -65.4258 -65.4931 -65.5605 -65.6279 -65.6951 -65.7625 -65.8297
-66.7807 -66.6639 -66.4933 -66.4247 -64.2899 -64.2322 -64.2516 -64.2208 -64.2528 -64.2879 -64.3149 -64.3549 -64.3970 -64.4411 -64.4868 -64.5342 -64.5831 -64.6332 -64.6844 -64.7368 -64.7889 -64.8417 -64.8954 -64.9497 -65.0054 -65.0591 -65.0517 -65.0168 -65.0768 -65.1372 -65.3612 -65.4257 -65.4905 -65.5554 -65.6205 -65.6856 -65.7509 -65.8161 -65.8813 -65.9467
-67.2370 -67.0990 -66.9014 -66.8147 -66.7457 -66.6920 -66.6513 -64.5351 -64.5316 -64.5443 -64.5250 -64.5590 -64.5955 -64.6341 -64.6747 -64.7172 -64.7611 -64.8066 -64.8534 -64.9014 -64.9504 -65.0005 -65.0503 -65.1017 -65.1510 -65.0411 -65.0960 -65.1527 -65.2099 -65.4365 -65.4983 -65.5603 -65.6227 -65.6853 -65.7481 -65.8111 -65.8742 -65.9374 -66.0006 -66.0640
-67.6686 -67.4167 -67.2912 -67.1892 -67.1051 -67.0368 -66.9823 -66.9399 -66.8878 -64.8344 -64.7843 -64.8086 -64.8159 -64.8254 -64.8609 -64.8985 -64.9377 -64.9787 -65.0211 -65.0648 -65.1099 -65.1559 -65.2039 -65.2495 -65.1298 -65.1809 -65.2342 -65.2889 -65.5175 -65.5763 -65.6355 -65.6951 -65.7551 -65.8154 -65.8759 -65.9367 -65.9977 -66.0588 -66.1202 -66.1816
-70.4955 -69.9415 -67.6621 -67.5469 -67.4500 -67.3689 -67.3020 -67.2476 -67.1818 -67.1484 -67.1236 -67.1065 -65.0581 -65.0592 -65.0865 -65.0996 -65.1125 -65.1491 -65.1872 -65.2268 -65.2678 -65.3110 -65.3517 -65.2213 -65.2710 -65.3213 -65.4419 -65.6043 -65.6599 -65.7160 -65.7727 -65.8299 -65.8875 -65.9455 -66.0039 -66.0625 -66.1214 -66.1806 -66.2399 -66.2965
-70.5383 -70.3008 -70.1628 -67.8875 -67.7793 -67.6872 -67.6094 -67.5194 -67.4658 -67.4224 -67.3880 -67.3617 -67.3427 -67.3301 -65.3190 -65.2971 -65.3243 -65.3536 -65.3514 -65.3870 -65.4249 -65.4606 -65.3188 -65.3646 -65.4114 -65.5321 -65.6963 -65.7490 -65.8019 -65.8556 -65.9097 -65.9645 -66.0198 -66.0756 -66.1317 -66.1883 -66.2452 -66.2991 -66.3567 -66.4144
-70.7828 -70.6648 -70.3846 -70.1638 -69.9897 -67.9909 -67.8758 -67.8016 -67.7389 -67.6865 -67.6433 -67.6085 -67.5813 -67.5608 -67.5466 -67.5380 -67.5343 -65.5462 -65.5503 -65.5802 -65.6078 -65.4223 -65.4640 -65.5068 -65.6266 -65.7917 -65.8415 -65.8922 -65.9436 -65.9947 -66.0465 -66.0990 -66.1520 -66.2056 -66.2560 -66.3105 -66.3656 -66.4209 -66.4766 -66.5313
-70.4781 -70.1863 -69.9651 -69.7889 -69.6566 -69.5151 -68.1535 -68.0712 -68.0003 -67.9398 -67.8888 -67.8462 -67.2685 -67.2032 -67.2559 -67.3091 -67.3628 -67.4168 -67.4725 -65.7810 -65.5649 -65.6001 -65.6368 -65.7491 -65.8929 -65.9390 -65.9862 -66.0343 -66.0831 -66.1329 -66.1829 -66.2331 -66.2799 -66.3315 -66.3836 -66.4362 -66.4893 -66.5427 -66.5949 -66.6472
-69.7914 -69.5910 -69.4509 -69.3534 -67.1598 -67.0897 -67.1421 -67.1949 -66.9099 -66.9615 -67.0135 -67.0660 -67.1187 -67.1718 -67.2253 -67.2792 -67.3333 -68.9401 -68.9736 -68.5652 -68.5852 -68.6085 -66.0143 -66.0306 -66.0710 -66.1127 -66.1425 -66.1757 -66.2221 -66.2695 -66.3135 -66.3625 -66.4116 -66.4610 -66.5111 -66.5617 -66.6127 -66.6623 -66.7124 -66.7629
-66.7435 -66.8064 -66.8678 -66.9042 -66.9626 -67.0187 -67.0746 -69.1058 -69.1467 -68.6941 -68.7384 -68.7834 -68.8288 -68.8741 -68.9195 -68.9013 -68.8914 -68.8761 -68.4711 -68.4908 -68.5141 -68.9540 -68.9905 -69.0296 -66.2443 -66.2606 -66.3010 -66.3376 -66.3804 -66.4118 -66.4474 -66.4945 -66.5420 -66.5902 -66.6383 -66.6865 -66.7337 -66.7813 -66.8296 -66.8783
-69.2568 -69.2784 -69.3153 -69.3070 -69.3405 -69.3728 -69.4002 -69.4293 -69.4588 -69.4891 -68.9282 -68.8791 -68.8413 -68.8131 -68.7932 -68.7827 -68.7665 -68.3664 -68.3866 -68.4105 -68.8487 -68.8860 -68.9259 -68.9682 -69.0126 -69.0490 -69.0977 -66.5024 -66.5203 -66.5619 -66.6044 -66.6478 -66.6714 -66.7177 -66.7640 -66.8087 -66.8541 -66.9000 -66.9464 -66.9934
-70.3245 -70.1568 -70.0084 -69.9449 -69.8952 -69.7175 -69.5740 -69.4552 -69.3607 -69.2857 -69.2267 -69.1813 -68.6943 -68.6744 -68.6641 -68.6475 -68.2540 -68.2752 -68.3002 -68.7365 -68.7751 -68.8164 -68.8488 -68.8952 -68.9435 -68.9935 -69.0449 -69.0975 -69.1513 -66.7213 -66.7392 -66.7805 -66.8228 -66.8647 -66.9029 -66.9299 -66.9739 -67.0180 -67.0628 -67.1082
-70.8970 -70.3918 -70.0486 -69.7951 -69.5959 -69.4386 -69.3147 -69.2165 -69.1383 -69.0777 -69.0317 -68.9980 -68.9744 -68.5439 -68.5270 -68.1405 -68.1628 -68.1891 -68.6235 -68.6635 -68.6943 -68.7403 -68.7881 -68.8378 -68.8890 -68.9417 -68.9957 -69.0508 -69.1069 -69.1638 -69.2215 -66.9797 -66.9736 -66.9900 -67.0297 -67.0702 -67.1116 -67.1423 -67.1787 -67.2203
-70.7016 -70.0878 -69.7653 -69.5311 -69.3501 -69.2099 -69.1013 -69.0178 -68.9537 -68.9045 -68.8688 -68.8442 -68.8312 -68.8098 -68.3930 -68.0614 -68.0882 -68.5079 -68.5498 -68.5941 -68.6409 -68.6896 -68.7404 -68.7926 -68.8462 -68.9010 -68.9570 -69.0140 -69.0717 -69.1303 -69.1895 -69.2459 -69.3023 -69.3548 -67.1747 -67.1911 -67.2307 -67.2707 -67.3095 -67.3494
-70.5094 -69.9346 -69.6219 -69.3830 -69.2105 -69.0781 -68.9765 -68.8993 -68.8413 -68.7986 -68.7675 -68.7493 -68.5487 -68.3065 -68.3282 -68.3425 -68.4356 -68.4764 -68.5201 -68.5663 -68.6148 -68.6652 -68.7173 -68.7709 -68.8256 -68.8815 -68.9383 -68.9962 -69.0547 -69.1140 -69.1699 -69.2264 -69.2834 -69.3410 -69.3990 -69.4576 -67.3400 -67.3334 -67.3498 -67.3892
-69.7937 -69.8189 -69.6355 -69.4023 -69.2132 -69.0761 -68.9706 -68.8897 -68.8286 -68.7835 -68.7534 -68.2811 -68.2691 -68.2860 -68.4762 -68.7762 -68.8149 -68.8574 -68.5376 -68.5831 -68.6307 -68.6804 -68.7318 -68.7848 -68.8391 -68.8946 -68.9511 -69.0083 -69.0656 -69.1204 -69.1758 -69.2319 -69.1649 -69.2227 -69.2811 -69.3368 -69.3922 -69.5745 -69.5727 -67.6007
-70.7252 -70.3001 -69.8190 -69.5561 -69.3508 -69.1991 -69.0803 -68.9876 -68.9160 -68.8639 -68.3382 -68.3325 -68.3379 -68.5229 -68.8212 -68.8514 -68.8862 -68.9248 -68.9668 -68.6514 -68.6961 -68.7430 -68.7918 -68.8424 -68.8944 -68.9477 -69.0022 -69.0560 -68.9795 -69.0332 -69.0877 -69.1430 -69.1989 -69.3865 -69.4415 -69.4975 -69.5545 -69.6126 -69.6719 -69.7321
-71.0234 -70.5887 -70.2410 -69.8035 -69.5886 -69.4079 -69.2717 -69.1333 -69.0535 -68.4954 -68.4752 -68.4653 -68.6484 -68.9424 -68.9602 -68.9839 -69.0124 -69.0453 -69.0820 -69.1219 -68.8055 -68.8483 -68.8932 -68.9400 -68.8528 -68.9039 -68.9542 -69.0033 -69.1894 -69.2429 -69.2973 -69.3524 -69.4071 -69.4591 -69.5124 -69.5670 -69.6229 -69.6800 -69.7382 -69.7973
-71.1215 -70.8779 -70.5432 -70.0989 -69.8553 -69.6209 -69.4711 -69.3538 -68.7259 -68.6832 -68.6533 -68.8304 -69.1262 -69.1291 -69.1388 -69.1547 -69.1761 -69.2024 -69.2329 -69.2671 -69.1457 -69.1879 -68.8815 -68.9255 -69.1210 -69.1675 -69.2139 -69.2592 -69.3082 -69.3582 -69.4093 -69.4589 -69.5073 -69.5572 -69.6087 -69.6616 -69.7160 -69.7716 -69.8282 -69.8858
