-61.3793 -61.2654 -61.1551 -61.0414 -60.9343 -60.8315 -54.0179 -53.9827 -53.8754 -53.7855 -53.6876 -53.5863 -53.4858 -53.3857 -53.2903 -53.1919 -53.0925 -52.9910 -52.8569 -52.7481 -52.6815 -52.5710 -52.4600 -52.3204 -59.6451 -59.5407 -59.4560 -59.3922 -59.3594 -59.3565 -59.3897 -59.4570 -59.5788 -59.7699 -59.9858 -60.4340 -61.1127 -62.2271 -63.8903 -68.1390
-54.5565 -54.4275 -54.3323 -54.2366 -54.1408 -54.0452 -53.9510 -53.9197 -53.8359 -53.7506 -53.6543 -53.5537 -53.4540 -53.3478 -53.2438 -53.1593 -60.5348 -60.4603 -60.2040 -60.1211 -60.3055 -60.2411 -60.1711 -59.9554 -59.9059 -59.8651 -59.8394 -59.8852 -59.9127 -59.9621 -60.0761 -60.2267 -60.4422 -60.7408 -61.0506 -61.6225 -62.3860 -63.4435 -66.6141 -67.8894
-54.5414 -54.4099 -54.3142 -54.2171 -54.1208 -54.0249 -53.9305 -53.9059 -61.2256 -61.1922 -61.1224 -60.9841 -60.9591 -60.8114 -60.7233 -60.7912 -60.7474 -60.7040 -60.4538 -60.3934 -60.6329 -60.6129 0.0000 -60.3453 -60.3226 -60.3088 -60.3151 -60.3453 -60.4152 -60.5026 -60.6708 -60.8784 -61.1569 -61.4226 -61.5440 -61.4919 -61.4047 -61.3159 -61.1607 -61.0298
-61.9806 -61.6434 -61.5294 -61.4141 -61.3095 -61.2136 -61.1315 -61.4047 -61.3929 -61.3688 -61.2332 -61.1435 -61.1989 -61.1514 -60.9521 -61.0747 -61.0443 -61.0150 -65.6297 -68.2810 0.0000 0.0000 0.0000 -60.8988 -60.8850 -60.8709 -60.8887 -60.9400 -61.0383 -61.1490 -61.3591 -61.6101 -61.7779 -61.6026 -61.5239 -61.4531 -61.3488 -61.1826 -60.2354 -60.3273
-62.1166 -62.1317 -61.6452 -61.5403 -61.4426 -61.3571 -61.2862 -61.7601 -61.7300 -61.6785 -61.5279 -61.6156 -61.5683 -61.5744 -64.5895 -66.9433 0.0000 0.0000 -67.8893 -69.3121 0.0000 0.0000 0.0000 -61.3155 -61.3223 -61.3418 -61.3802 -61.4582 -61.5849 -61.7046 -61.8404 -61.7721 -61.7097 -61.2096 -61.4295 -61.3430 -60.5972 -60.6625 -60.7010 -60.6034
-62.3488 -62.2978 -61.8045 -61.7042 -61.6110 -61.5313 -61.4678 -62.0369 0.0000 0.0000 -67.2655 0.0000 0.0000 0.0000 -70.2818 -73.4764 0.0000 0.0000 -66.7095 -65.6603 -61.6148 -61.5470 -61.6998 -61.7246 -61.7498 -61.7838 -61.8496 -61.9508 -61.8859 -61.8332 -61.7750 -61.7001 -61.6302 -61.1089 -60.8557 -60.9166 -60.9232 -60.7920 -60.6130 -60.4797
0.0000 0.0000 -62.1191 -64.3376 -64.8733 -66.1091 -67.8572 0.0000 0.0000 0.0000 -69.2860 0.0000 0.0000 0.0000 -70.2077 -69.9444 -67.4301 -63.9680 -61.7273 -61.8630 -61.8596 -61.8456 -62.0803 -62.1263 -62.1680 -62.2129 -62.1525 -62.0403 -61.8157 -61.7602 -61.6978 -61.6170 -61.2039 -60.8325 -61.0671 -60.9492 -60.8127 -60.6305 -60.4927 -60.3535
0.0000 0.0000 -65.4191 -65.7927 -66.4306 -67.3672 -68.3183 0.0000 -65.9270 -65.9515 -65.9822 -66.0123 -65.7570 -65.2989 -66.4417 -62.1753 -62.0819 -62.0411 -62.0045 -62.1977 -62.1810 -62.1751 -62.4241 -62.5156 -62.3893 -62.2404 -62.1020 -61.9863 -61.7424 -61.6838 -61.4836 -61.3899 -61.3000 -61.0384 -60.9541 -60.8214 -60.6802 -60.4940 -60.3507 -58.3257
0.0000 0.0000 -67.4763 -66.0915 -65.7970 -65.5735 -65.4025 -65.2696 -65.1874 -65.1888 -65.0556 -64.5467 -62.2000 -61.9203 -62.4954 -62.4494 -62.3993 -62.3110 -62.2758 -62.5366 -62.4946 -62.4189 -62.5555 -62.4320 -62.2908 -62.1739 -62.0364 -61.9203 -61.5450 -61.4803 -61.4033 -59.4220 -59.2717 -59.0505 -58.9482 -58.8109 -58.6706 -58.5008 -58.3579 -58.2133
-65.1030 -67.0310 -67.0248 -65.7453 -65.4682 -65.1926 -64.9760 -64.7803 -64.6065 -62.5186 -62.4328 -62.2991 -62.3819 -62.1091 -62.6434 -62.7042 -62.6545 -62.5554 -62.5190 -62.7302 -62.5049 -62.3478 -62.5244 -62.4013 -60.3264 -60.1401 -59.9712 -59.6861 -59.6057 -59.5176 -59.4241 -59.3152 -59.2077 -58.9786 -58.8736 -58.7318 -58.5894 -58.4175 -58.2722 -58.1250
-64.8744 0.0000 0.0000 -65.3795 -65.0676 -64.7990 -64.5475 -62.5787 -62.6057 -62.6459 -62.4836 -62.5484 -66.1440 -65.7758 -62.8845 -62.9924 -61.0389 -60.7986 -60.6479 -60.7609 -60.5479 -60.4008 -60.5005 -60.3801 -60.2140 -60.0519 -59.9199 -59.6126 -59.5468 -59.4577 -59.3612 -59.2517 -59.0260 -58.9056 -58.7971 -58.6533 -58.5092 -58.3351 -58.1987 -60.3925
-67.3734 0.0000 0.0000 -65.0908 -62.9687 -62.8440 -62.7867 -62.8038 -62.8354 -61.5762 -61.3631 -61.2182 -61.1702 -60.8159 -61.1268 -61.0745 -60.9186 -60.7381 -60.5825 -60.7425 -60.5028 -60.3417 -60.4218 -60.2991 -60.1801 -60.0240 -59.8666 -59.5593 -59.4781 -59.3881 -59.3025 -59.1895 -58.7753 -60.8927 -60.9475 -60.9815 -61.0585 -61.1388 -61.3646 -61.7187
-66.7068 0.0000 0.0000 -62.4394 -61.8945 -61.7569 -61.6517 -61.6509 -61.6081 -61.2536 -61.2303 -61.1961 -61.1466 -60.7638 -61.0880 -61.0553 -60.8817 -60.6576 -60.4965 -60.6951 -60.5670 -60.2399 -60.3879 -60.2644 -60.1421 -59.9950 -59.5895 -59.5192 -61.4855 -61.5216 -61.5615 -61.6138 -61.0889 -61.5042 -61.6188 -61.7148 -61.8650 -62.0142 -62.3208 -62.7506
-63.9670 -61.5996 -62.2982 -62.2623 -61.8157 -61.7632 -61.6753 -61.5236 -61.4637 -61.1927 -61.1747 -61.1411 -61.0919 -60.6842 -61.0271 -61.0021 -60.8292 -60.5883 -60.3867 -60.6183 -60.5153 -60.2273 0.0000 0.0000 0.0000 -62.3247 -61.7918 -61.8626 -61.9296 -61.9998 -62.0746 -62.1439 -61.9242 -62.0854 -62.2413 -62.3810 -62.5777 -62.7539 -63.0884 -62.9635
-61.5975 -61.4645 -62.4537 0.0000 -61.9795 -61.7622 -61.6581 -61.5807 -61.5132 -61.2213 -61.1990 -61.1610 -61.1062 -60.6608 -61.0006 -60.9785 -61.2052 -63.9811 -65.2413 0.0000 0.0000 -68.8465 0.0000 0.0000 0.0000 0.0000 -62.1926 -62.2760 -62.3729 -62.4709 -62.5762 -62.6526 -62.4246 -62.6077 -62.8084 -62.9748 -62.8934 -62.5936 -62.3597 -62.0910
-65.7551 -67.1332 0.0000 0.0000 -61.9226 -61.7894 -61.6858 -61.6046 -61.2215 -61.2313 -61.2481 -63.4549 -63.8147 -63.1135 -64.2945 -64.8769 -65.5374 -65.9680 -69.0816 0.0000 0.0000 -68.9728 0.0000 -64.7900 -62.0114 -62.4307 -62.5747 -62.6881 -62.8089 -62.9330 -63.0346 -63.1501 -62.8901 -62.9445 -60.9362 -60.7626 -60.6002 -60.3633 -60.1762 -59.9823
-66.6416 -67.1367 0.0000 0.0000 -62.1622 -62.0956 -63.9680 -63.9496 -63.5318 -63.7538 -63.9526 -64.7236 -64.7294 -63.7390 -65.4692 0.0000 0.0000 -69.8081 -69.2342 0.0000 0.0000 -63.1319 -62.9740 -62.2535 -62.0942 -62.7760 -62.9556 -63.1128 -63.2411 -61.6419 -61.5360 -61.3810 -60.9933 -60.8927 -60.7430 -60.5617 -60.3803 -60.1432 -59.9462 -59.7431
-66.8901 -67.0928 -63.2397 -64.2563 -64.5034 -64.4588 -64.4974 -63.7715 -64.0491 -67.3680 0.0000 0.0000 0.0000 -66.3144 -70.4471 0.0000 0.0000 0.0000 -66.6003 -66.2534 -63.2586 -63.3774 -63.0956 -62.3630 -61.2877 -61.7732 -61.7690 -61.7253 -61.6158 -61.5017 -61.3870 -60.9517 -60.8255 -60.7183 -60.5549 -60.3664 -60.1781 -59.9214 -59.6981 -57.5263
-63.4988 -63.3675 -63.1833 -64.7626 -64.9747 -64.9253 -67.0507 -66.2480 -67.4918 -68.6431 -71.0128 0.0000 0.0000 -66.5596 -67.1099 0.0000 -65.9522 -65.5429 -61.9094 -62.3460 -62.4184 -62.2843 -62.0225 -61.3127 -61.6213 -61.6854 -61.6696 -61.5829 -61.4877 -61.3664 -61.2413 -60.4723 -60.6623 -60.5491 -60.3727 -60.1595 -57.9761 -57.7835 -59.7853 -59.7378
-63.6747 -63.5698 -65.8199 0.0000 0.0000 -68.1065 -66.3468 -67.0746 -67.5618 -68.0365 -69.7351 0.0000 0.0000 -62.6352 -62.4390 -63.1676 -62.9447 -62.6900 -61.7583 -62.2572 -62.2763 -62.1818 -61.8945 -61.1816 -61.5420 -61.6126 -61.5275 -61.4675 -61.3636 -61.2433 -61.1006 -60.2943 -60.4869 -58.3752 -58.2300 -60.2654 -60.2223 -60.1009 -60.1606 -61.7753
-65.6901 -66.0735 -66.4699 0.0000 0.0000 0.0000 -65.9860 -66.1719 -63.5990 -63.4291 -63.5636 -63.4180 -63.1816 -62.4593 -62.3162 -63.0735 -62.8209 -62.5525 -61.5435 -62.1193 -62.2180 -62.0646 -61.7459 -61.0331 -61.4669 -61.4874 -61.3700 -61.3372 -61.2071 -58.9909 -58.8963 -58.5475 -60.6054 -60.6213 -60.5722 -60.5239 -61.8201 -61.5072 -61.2951 -61.0664
-65.2611 -65.0688 -62.9912 -62.7444 -57.6885 -62.5958 -63.4195 -63.5232 -63.5423 -63.2546 -63.4419 -63.3126 -63.1214 -62.3443 -62.1749 -62.9610 -62.7378 -62.3952 -61.4297 -62.1297 -62.2071 -61.9909 -61.6240 -60.9064 -61.4567 -61.3848 -59.2150 -59.1823 -59.0902 -61.3164 -61.2682 -60.8108 -60.8481 -61.0211 -61.7333 -61.5213 -61.3085 -60.9436 -60.6703 -60.3666
-63.2615 -63.0637 -62.8586 -62.6485 -57.7069 -62.5378 -63.3939 -63.4789 -63.4955 -63.1464 -63.4158 -63.2732 -63.1065 -62.2388 -62.0659 -62.8192 -62.6171 -62.3430 -61.3190 -62.2162 -62.1983 -61.9267 -61.4878 -59.0435 -59.3953 -59.3578 -61.3391 -64.3084 0.0000 0.0000 -61.5545 -61.7865 -61.6933 -61.5365 -61.3077 -61.0623 -58.7221 -58.4427 -58.2298 -58.0105
-63.2520 -63.0375 -62.8156 -62.5449 -57.6764 -62.5137 -63.4319 -63.5071 -63.5053 -63.0674 -63.4237 -63.2746 -63.1401 -62.1684 -61.9238 -62.7609 -62.6090 -62.3403 -61.2079 -62.2754 -60.0457 -59.8954 -59.1691 -60.8652 -62.4206 -63.2536 -64.1259 0.0000 0.0000 0.0000 -61.2085 -61.4670 -61.3493 -59.1065 -58.9103 -58.7163 -58.5261 -58.2333 -58.0158 -57.7937
-63.1926 -62.9236 -62.6925 -62.4549 -57.7088 -63.2481 -63.4612 -63.5128 -63.4875 -62.3866 -63.3560 -63.2407 -63.1089 -62.0159 -61.8311 -62.7088 -62.6465 -67.1864 -65.9934 0.0000 0.0000 0.0000 -61.6762 -62.9091 -63.7334 -64.8067 -67.3082 -67.6639 0.0000 -59.3242 -59.0835 -59.2134 -59.0956 -58.9349 -58.7416 -58.5398 -58.3500 -58.0474 -57.8348 -57.6278
-63.0855 -62.8518 -62.6056 -62.3550 -62.2959 -63.3281 -63.5175 -63.5910 -63.4077 -62.2937 -63.2530 -63.0835 -62.9868 -67.1682 -67.1329 0.0000 0.0000 -68.5912 -65.7544 0.0000 0.0000 0.0000 -62.2801 -64.0604 -64.9890 0.0000 -64.3036 -59.7980 -59.3336 -59.1143 -58.9213 -59.0681 -58.9484 -58.7793 -58.5875 -58.3953 -58.2109 -57.9143 -57.7408 -50.2990
-63.0127 -62.7683 -62.5097 -62.2489 -62.2279 -63.5237 -63.6543 -63.5373 -63.2857 -65.5137 0.0000 0.0000 0.0000 -69.1131 -67.1116 0.0000 0.0000 -69.2699 -67.3696 0.0000 0.0000 -65.7049 -62.7547 0.0000 0.0000 0.0000 0.0000 -59.6332 -59.1647 -58.9715 -59.0191 -58.9393 -58.8215 -58.6584 -58.4714 -58.3035 -58.1681 -50.5699 -50.4455 -50.3935
-62.9692 -62.6943 -62.3659 -62.1409 -64.9933 0.0000 0.0000 0.0000 -68.4199 -67.4038 0.0000 0.0000 0.0000 -69.6946 -66.9559 0.0000 -64.0253 -65.3033 -67.4673 0.0000 0.0000 -64.3955 -65.3200 -68.7208 0.0000 0.0000 -59.7108 -59.4713 -59.0331 -58.8387 -58.9116 -58.8430 -58.7367 -58.5891 -58.4448 -50.8561 -50.7401 -50.6645 -57.6733 -57.5534
-62.9751 -64.6598 -65.1309 -64.7942 -66.1460 0.0000 0.0000 0.0000 -64.6218 -64.7180 -63.9432 -64.8626 -65.3516 -64.0425 -63.8131 -63.6169 -63.3977 -63.1559 -64.0605 -64.0627 -63.1305 -62.9991 -62.8075 -59.9001 -59.6493 -59.7162 -59.5688 -59.3530 -58.9169 -58.7277 -58.8437 -58.8056 -51.2283 -51.1133 -50.9969 -58.2412 -58.1564 -57.8723 -57.7504 -57.6338
-65.5309 -64.1633 -63.7609 -57.5609 -63.6289 -63.8721 -63.8642 -64.2789 -64.3688 -64.4485 -63.5951 -64.8321 -64.7515 -63.6072 -63.2979 -63.0317 -62.7422 -62.3943 -63.0796 -62.8136 -61.6434 -59.6124 -59.7840 -59.7218 -59.5339 -59.6348 -59.4472 -59.2658 -58.8388 -58.6699 -51.4486 -51.3564 -51.2493 -58.5350 -58.4347 -58.3462 -58.2609 -57.9567 -57.8411 -57.7220
-64.3709 -63.9938 -63.5819 -57.5138 -63.4837 -63.7211 -63.5593 -64.0016 -64.1149 -64.1540 -63.2442 -64.3524 -64.2075 -63.1593 -62.7741 -62.4463 -62.0502 -61.6338 -60.3396 -60.2808 -59.7025 -59.5055 -59.7208 -59.6256 -59.4387 -59.5571 -59.3932 -59.2337 -51.6321 -51.5152 -51.4774 -58.7720 -58.7120 -58.6357 -58.5480 -58.4680 -58.3677 -58.0492 -57.9343 -57.8313
-64.2646 -63.8493 -63.3827 -57.5052 -63.3501 -63.5742 -63.2948 -63.8112 -63.8491 -63.8361 -62.8902 -63.8808 -62.7930 -62.7146 -62.2347 -60.2158 -60.0092 -59.7751 -60.3158 -60.2059 -59.6109 -59.4067 -59.6954 -59.5569 -59.3628 -59.5448 -51.9258 -51.8126 -51.6480 -58.5651 -58.9037 -58.8724 -58.8155 -58.7203 -58.6762 -58.6020 -58.4870 -58.1478 -60.1586 -60.3516
-64.1602 -63.6988 -63.1921 -57.4300 -63.2212 -63.3446 -63.0317 -63.6230 -63.6193 -63.5429 -62.5334 -63.3764 -60.6473 -60.6173 -60.3306 -60.1243 -59.8884 -59.7056 -60.2855 -60.1490 -59.5342 -59.3296 -59.7404 -59.5265 -52.1021 -52.0554 -51.9452 -59.1628 -58.7534 -58.6129 -59.0178 -58.9879 -58.9092 -58.8110 -58.8141 -58.7330 -60.8572 -60.5457 -60.6744 -60.8393
-64.0546 -63.5587 -62.9936 -57.4153 -63.1064 -63.1056 -62.7816 -63.4359 -63.9156 -61.3166 -60.6342 -60.6286 -60.5986 -60.5544 -60.2432 -60.0172 -59.8314 -60.2468 -60.2863 -60.1245 -59.4862 -59.2935 -52.3726 -52.2338 -52.1431 -59.5089 -59.3739 -59.2409 -58.8114 -59.1357 -59.1534 -59.1174 -59.0102 -59.0236 0.0000 0.0000 -61.4307 -60.9909 -61.0939 -61.5295
-64.9538 -63.4324 -62.7933 -62.3382 -63.0177 -62.8671 -60.9561 0.0000 0.0000 0.0000 -60.5688 -60.5926 -60.5628 -60.5191 -60.1604 -59.9751 -59.7634 -60.2892 -60.3413 -52.6752 -52.4674 -52.3490 -52.4212 -59.7123 -59.3129 -59.6155 -59.4683 -59.3311 -58.8746 -59.3143 -59.2977 -59.2308 -59.1774 -69.6177 0.0000 0.0000 -62.0202 -61.3859 -61.4811 -61.7737
0.0000 -63.3490 -62.6047 -60.8045 -63.6451 -64.7201 -66.2202 0.0000 0.0000 0.0000 -60.5116 -60.5769 -60.5436 -60.7970 -60.1580 -59.9423 -59.7327 -52.8958 -52.8119 -52.6988 -52.5027 -59.9292 -59.9085 -59.8325 -59.3805 -59.7314 -59.6582 -59.4349 -58.9415 -59.4979 0.0000 0.0000 -67.1467 -68.3127 0.0000 0.0000 0.0000 -60.1284 -59.8324 -59.9113
0.0000 -61.7172 -63.0321 -63.0714 -65.1181 -65.7734 -66.1931 0.0000 0.0000 0.0000 -60.4611 -60.5697 -60.8855 -60.8935 -60.6749 -52.9680 -52.8483 -52.9330 -52.8862 -60.2223 -59.3507 -60.0963 -60.0262 -59.9432 -59.4567 -59.8500 -59.7812 -59.5553 -65.1029 0.0000 0.0000 0.0000 -67.2831 -66.5263 -67.3619 -60.6044 -60.2883 -60.0007 -59.7241 -59.8997
0.0000 0.0000 -63.6843 -63.3732 -64.7592 -64.3780 -63.9711 -63.5426 -60.4747 -60.5323 -60.4325 -60.5669 -61.0774 -53.3230 -53.2187 -52.9804 -64.3645 0.0000 0.0000 0.0000 -64.7758 0.0000 0.0000 -64.1656 -66.4528 0.0000 0.0000 -65.5337 -65.1723 0.0000 0.0000 0.0000 -64.3186 -60.6908 -60.6411 -60.5365 -60.2256 -59.9308 -59.9991 -59.9096
-65.5607 -65.2702 -63.2092 -62.7348 -63.6912 -60.9610 -60.6728 -60.3871 -60.4598 -60.5581 -63.7047 -67.3030 0.0000 0.0000 0.0000 -63.3201 -64.3119 0.0000 0.0000 0.0000 -64.6767 0.0000 0.0000 0.0000 -66.5332 0.0000 0.0000 -66.4804 -63.9249 -57.4799 -60.6662 -60.7077 -60.6373 -60.6954 -60.7671 -60.4938 -60.1631 -59.8278 -60.0163 -59.9418
0.0000 0.0000 -56.8268 -61.1521 -61.2066 -60.9391 -60.6272 -56.4680 -62.8683 -63.9812 -64.9800 0.0000 0.0000 0.0000 -63.2226 -63.8923 -64.2227 0.0000 0.0000 0.0000 -64.5478 0.0000 0.0000 0.0000 -64.2972 -63.9625 -63.6704 -63.0350 -60.6881 -56.4618 -60.6713 -60.7307 -60.5731 -60.9795 -60.7494 -60.4509 -60.1176 -59.7041 -60.0702 -59.9933
