0.0000 0.0000 -63.5643 -64.3306 -63.1127 -63.5613 -62.5286 -62.2259 -62.2283 -61.6621 -56.2117 -56.7301 -57.2788 -57.8496 -58.3796 -58.8375 -58.4087 -54.2487 -54.5438 -54.8950 0.0000 0.0000 0.0000 0.0000 -55.9574 -56.3610 -56.6135 -58.1712 -58.1012 -57.0766 -53.4421 -53.5228 -53.6415 -53.7887 -53.9589 0.0000 0.0000 -57.2461 -63.8714 0.0000
0.0000 0.0000 -61.9676 -61.9910 -62.2203 -61.4116 -61.8487 -62.0225 -61.7510 -59.7215 -56.5129 -56.9958 -57.5044 -58.0321 -58.4806 -58.9004 -57.6922 -54.5318 -54.8177 -55.0787 -63.2137 0.0000 0.0000 -59.5350 -56.0947 -56.4017 -57.9596 -58.1400 -57.8853 -56.9712 -53.6542 -53.7368 -53.8541 -53.9987 -54.1670 0.0000 0.0000 0.0000 -61.8530 -67.5118
0.0000 -61.3519 -61.2835 -61.3286 -60.7333 -60.9684 -61.4080 -61.7999 -60.7119 -56.3705 -56.7955 -57.2472 -57.7238 -58.3215 -58.6517 -58.5086 -57.2702 -54.8034 -54.9938 -58.5662 -58.6321 -59.5933 -59.4761 -58.8187 -56.2124 -57.7571 -57.9761 -58.1387 -57.7560 -56.9345 -53.8629 -53.9470 -54.0632 -54.2185 -62.1775 0.0000 0.0000 -72.2444 -65.7794 -62.4032
-60.9909 -60.8515 -60.7838 -60.3374 -60.4089 -60.6919 -61.1693 -61.1157 -60.0937 -56.6608 -57.0626 -57.5990 -58.0756 -58.4260 0.0000 -58.1439 -54.8535 -55.0548 -55.2476 -58.7353 -58.2736 -58.8551 -59.1455 -58.6723 -56.3052 -57.8122 -58.0130 -58.1614 -57.6884 -56.9444 -54.0685 -54.1540 -54.2837 -54.4543 -60.1057 -62.3194 0.0000 -70.8551 -65.2556 -59.0136
-60.5962 -60.4655 -60.1211 -60.0954 -60.2463 -60.5525 -61.0433 -60.6509 -59.7010 -56.9393 -57.4348 -57.8326 0.0000 0.0000 0.0000 0.0000 -55.1140 -55.2114 -55.4907 -57.0724 -58.0321 -58.5974 -58.8046 -58.6298 -57.6629 -57.8817 -58.0665 -58.2034 -57.6659 -54.2187 -54.2714 -54.4106 -54.5245 -54.6500 -59.2713 -60.8952 0.0000 -66.1199 -60.4790 -59.9781
-60.2910 -60.0193 -59.9315 -59.9676 -60.1738 -60.5138 -61.0093 -60.3418 -59.6746 0.0000 0.0000 -58.0631 -66.1311 0.0000 0.0000 0.0000 -55.2136 -55.4544 -54.7225 -57.1837 -57.9246 -58.4488 -58.5692 -61.1351 -57.7594 -57.9633 -58.1336 -58.2613 -57.6784 -54.4163 -54.5422 -54.6251 -54.7250 -54.8369 -58.7445 -60.2270 -61.4300 -60.7035 -60.3477 -60.0143
-60.0132 -59.8659 -59.8348 -59.9494 -60.1824 -60.5453 -60.7979 -60.3310 0.0000 0.0000 0.0000 0.0000 -64.3361 0.0000 -58.8197 -60.6592 -55.4520 -54.6728 -54.9167 -57.2811 -57.8994 -58.3449 -60.9076 -60.9879 -59.9525 -58.0538 -58.2120 -58.2752 0.0000 -54.6966 0.0000 -54.8291 -54.9178 -55.0122 -58.5838 -59.8236 -60.8981 -58.8913 -60.2344 -60.0600
-59.8665 -59.7887 -59.8141 -59.9810 -60.2491 0.0000 0.0000 -60.2355 -68.7959 0.0000 0.0000 -63.4901 -62.8658 -58.5345 -57.9930 -55.4820 -55.6834 -54.8670 -56.6461 -57.3754 -57.8793 -58.2459 -60.6710 -60.7827 -60.0625 -58.1521 -58.3018 0.0000 0.0000 0.0000 0.0000 0.0000 -55.1085 -55.1200 -58.5235 -59.5800 -58.1950 -58.5801 -58.9703 -64.7937
-59.8031 -59.7768 -59.8753 -60.0807 0.0000 0.0000 0.0000 0.0000 -59.5577 -58.8631 -63.1163 -62.6090 -58.4263 -58.0194 -60.7723 -55.7066 -54.8392 -55.0344 -56.8475 -57.4651 -57.9014 -60.5247 -60.5296 -60.6594 -60.1793 -58.2584 -58.3974 -64.6978 0.0000 0.0000 0.0000 0.0000 -55.1798 -55.2921 -58.5204 -57.5046 -57.9602 -58.4069 -61.7901 -62.4725
-59.7956 -59.8199 0.0000 -65.9829 -67.6221 0.0000 0.0000 -58.7886 -58.7327 -58.6841 -62.5019 -58.3924 -58.0812 -60.9512 -58.8904 -54.8242 -55.0116 -55.1874 -57.0272 -57.5702 -60.2545 -60.4195 -60.4569 -60.5955 -60.3041 -58.3688 -58.5047 0.0000 -65.4795 0.0000 0.0000 -62.2575 -55.3509 -55.4600 -56.9022 -57.3768 -57.8458 -60.8685 -61.5896 -62.2668
0.0000 0.0000 0.0000 0.0000 -66.3838 -63.6613 -63.4024 -58.6469 -58.5697 -62.4749 -61.9739 -58.1047 -61.1236 -59.8596 -58.1055 -54.9994 -55.1631 -55.3544 -57.1854 -59.8392 -60.3196 -60.3749 -60.4353 -60.5809 -60.4339 0.0000 0.0000 0.0000 0.0000 -65.2583 -62.4587 -60.3653 -55.5177 -54.6965 -56.8701 -57.3301 -60.0461 -60.7686 -61.9221 -62.4960
-69.3293 0.0000 0.0000 0.0000 -63.5807 -63.3390 -58.5584 -58.5100 -62.4841 -62.0486 -58.1358 -58.0456 -60.3757 -59.2007 -55.0032 -55.1547 -55.3218 -55.5006 -57.3497 -59.9830 -60.4000 -60.3768 -60.4544 -60.6003 -60.6632 -59.8137 0.0000 0.0000 0.0000 -62.6541 -61.3452 -59.5740 -54.7434 -54.7823 -56.8837 -59.3465 -60.0437 -61.1333 -61.7778 -62.3033
-67.9694 0.0000 0.0000 -63.5307 -63.3077 -58.4996 -58.4427 -58.3998 -62.1318 -58.1603 -58.0927 -60.7294 -59.8550 -56.7985 -55.1608 -55.3037 -55.4746 -57.0712 -59.6477 -60.1254 -60.4142 -60.4147 0.0000 0.0000 -60.9972 -69.3922 0.0000 0.0000 -62.8479 -61.8799 -60.6696 -59.2006 -54.8217 -54.8790 -56.9332 -59.4273 0.0000 -61.1131 -61.6933 -62.1565
0.0000 -63.6688 -63.4999 -63.3016 -63.0530 -58.4005 -58.3344 -62.2388 -61.8284 -58.1175 -61.0056 -60.3114 -59.4952 -56.6656 -55.2982 -55.4542 -55.6215 -59.3352 -59.8722 -60.2829 -60.4607 -60.4931 0.0000 0.0000 0.0000 -67.8156 -66.3485 -63.0372 -62.2577 -61.3352 -60.2520 -57.1113 -54.9038 -54.9962 -58.9194 -59.5381 0.0000 0.0000 -61.6537 -62.0457
-63.6445 -63.4836 -63.3043 -63.0737 -58.3427 -58.3072 -62.3419 -61.9770 -58.1171 -57.9183 -60.6622 -60.0017 -57.0635 -55.3120 -55.4530 -55.5913 -57.2003 -59.5988 -60.0726 -60.4504 -60.5358 -68.1893 0.0000 0.0000 0.0000 -70.2727 -63.2207 -62.5613 -61.8088 -60.9515 -57.6906 -56.9826 -55.0192 -56.2858 -59.3582 0.0000 0.0000 0.0000 0.0000 -58.8251
-63.4787 -63.3118 -63.1058 -58.3055 -58.2621 -58.2399 -62.1131 -58.1316 -57.9818 -60.9491 -60.3965 -57.3161 -56.9429 -55.4466 -55.5792 -55.7472 -57.4339 -59.8735 -60.2833 -60.7708 -61.6130 -67.8115 0.0000 0.0000 0.0000 -63.4111 -62.8241 -62.1812 -61.4672 -58.0607 -57.4952 -56.9533 -56.3372 0.0000 -59.5169 0.0000 0.0000 0.0000 -61.1118 -58.9181
-63.3256 -63.1460 -62.9202 -58.2157 -58.1876 -62.2437 -62.0133 -58.0191 -61.1897 -60.7196 -57.5001 -57.2392 -56.8672 -55.5930 -55.7329 -57.4806 -57.6644 -60.3268 -60.6283 0.0000 0.0000 0.0000 -68.0591 0.0000 -63.5985 -63.0688 -62.4968 -61.8758 -58.3147 -57.8624 -57.4221 -59.0026 0.0000 0.0000 0.0000 -66.9128 0.0000 -61.1468 -61.1461 -60.7970
-63.1845 -62.9757 -58.1864 -58.1685 -62.3690 -62.1413 -58.0255 -57.9035 -60.9899 -60.5388 -57.4352 -57.1635 -55.5990 -55.7269 -57.5703 -57.8124 -57.9809 -60.5258 0.0000 0.0000 0.0000 0.0000 -66.0669 -63.7878 -63.2968 -62.7759 -62.2223 -58.5293 -58.1151 -57.7483 -59.7668 -59.2246 0.0000 0.0000 0.0000 0.0000 -60.2808 -61.1137 -61.2697 -65.7259
-63.0342 -58.1549 -58.1276 -58.1268 -62.2640 -58.0391 -57.9244 -61.2314 -60.8295 -57.5779 -57.3634 -57.1091 -55.7199 0.0000 0.0000 0.0000 -60.4367 -61.3705 -69.3172 0.0000 0.0000 0.0000 -63.9826 -63.5170 -63.0320 -62.5242 -61.9926 -58.3173 -57.9818 -57.6965 -60.2410 -59.5134 0.0000 0.0000 0.0000 -60.9692 -60.1425 -60.6714 -66.3934 -65.9211
-62.8937 -58.0830 -58.0724 -62.3815 -62.0854 -57.9662 -61.4409 -61.0875 -57.6655 -57.5258 -57.3090 -57.0707 -55.8632 0.0000 0.0000 0.0000 -60.6261 -61.5658 -67.4099 -67.4344 0.0000 -64.1841 -63.7357 -63.2738 -62.7975 -62.3055 -58.4760 -58.1538 -57.9250 0.0000 0.0000 -62.5544 -67.3695 -69.1549 -60.8965 -61.1082 -61.2177 -65.0555 -65.9363 -66.1324
-58.0545 -58.0533 -62.4951 -62.2195 -57.9630 -57.9008 -61.3113 -60.9718 -57.6498 -57.4596 -57.2819 -55.8583 -57.6078 0.0000 0.0000 0.0000 0.0000 -61.7502 -65.3881 -66.7483 -64.3946 -63.9562 -63.5094 -63.0525 -62.5868 -58.5873 -58.2967 -58.0958 0.0000 0.0000 0.0000 0.0000 -65.5305 -60.3030 -60.6726 -61.1779 -67.9547 -67.6640 -65.5870 -66.2450
-58.0096 -58.0333 -62.3469 -57.9687 -57.8884 -61.5105 -61.2061 -57.7328 -57.5858 -57.4468 -57.2792 -57.6515 -61.4649 -65.6746 0.0000 0.0000 -68.6108 -63.7268 -65.1605 -64.5810 -64.1863 -63.7435 -63.2961 -62.8460 -58.6742 -58.3914 -58.2242 -59.4645 -60.0636 0.0000 0.0000 0.0000 -59.9440 -60.1753 -60.5118 -66.9522 -68.0191 -67.7316 -65.3001 -65.7776
-57.9694 -62.4644 -62.2155 -57.9178 -61.6910 -61.4150 -57.7736 -57.6714 -57.5610 -57.4163 -57.2978 -57.8437 -61.6438 -64.3284 -69.2205 -67.7394 -65.4878 -63.8960 -64.4153 -64.4319 -63.9867 -63.5398 -63.0937 -58.7425 -58.4954 -58.3204 -58.1771 -59.4606 -59.8881 -60.0790 0.0000 -60.5463 -60.7777 -60.1419 -65.2863 -65.8627 -67.3934 -67.7869 -67.0211 -65.3828
-62.5769 -62.3413 -57.9016 -61.8533 -61.6016 -57.7955 -57.7632 -57.6485 -57.5441 -57.4210 -57.8941 -58.0385 -61.8030 -63.7545 -65.2900 -66.1124 -64.8572 -63.6644 -64.3582 -64.2427 -63.7874 -63.3353 -58.8489 -58.5634 -58.3915 -58.2733 -58.1379 -59.4518 -59.7759 -60.0655 -60.3639 -60.5760 -60.8768 -60.1063 -64.9997 -65.5755 -66.0839 -67.3993 -66.8773 -65.0779
-62.4587 -57.8956 -57.8416 -61.7709 -61.5310 -57.8057 -57.7276 -57.6334 -57.5349 -60.1656 -58.0925 -58.2467 -61.9752 -63.5030 -64.8297 -65.0136 -63.9723 -63.7858 -64.2676 -64.0534 -63.5836 -63.1248 -58.6342 -58.4426 -58.3452 -58.2333 -59.0997 -59.4418 -59.7468 -60.1383 -60.3865 -60.6535 -60.9022 -64.2716 -64.7987 -65.3193 -65.6026 -65.8158 -66.7182 -66.0872
-62.3554 -57.8572 -61.9229 -61.7040 -57.8311 -57.7716 -57.7137 -57.6244 -60.4646 -60.2446 -58.2768 -60.8790 -62.1525 -63.4104 -64.4519 -64.7371 -63.8762 -63.9105 -64.1687 -63.8523 -63.3632 -58.6936 -58.4781 -58.3980 -58.3050 -58.1987 -59.1645 -59.4736 -59.8915 -60.2349 -60.4709 -60.6786 -67.2436 -64.1854 -64.6423 -64.9276 -65.1712 -65.3688 -65.5377 -60.4839
-57.8288 -62.0628 -61.8609 -57.8251 -57.8154 -57.7425 -57.6891 -57.6650 -60.5710 -58.3423 -58.4694 -61.2559 -62.3327 -63.4034 -64.2989 -64.6173 -63.8552 -64.1280 -64.0572 -63.6235 -58.7249 -58.5001 -58.4343 -58.3576 -58.2696 -58.1690 -59.2002 -59.6120 -60.0247 -60.3643 -60.5161 -66.8664 -67.2368 -64.1346 -64.3552 -64.5791 -64.7854 -64.9575 -60.1704 -60.3638
-57.7772 -62.0039 -61.8127 -57.8464 -57.7706 -57.7509 -57.7005 -60.8698 -60.6502 -58.5372 -58.6613 -61.5803 -62.5154 -63.4435 -64.3640 -64.6833 -62.0413 -63.8999 -63.9021 -58.7473 -58.5300 -58.4576 -58.3947 -58.3216 -58.2379 -59.0204 -59.4076 -59.8142 -60.1879 -60.4063 -66.9259 -67.0679 -67.2085 -67.1364 -64.0926 -64.2630 -64.4237 -59.9432 -60.1195 -60.2260
-62.1351 -61.9594 -57.8489 -57.8017 -57.7801 -57.7475 -61.1416 -60.9704 -60.7473 -58.7336 -61.0748 -61.8730 -62.7981 -63.6425 0.0000 -65.1113 -62.3862 -63.8420 -58.7618 -58.5700 -58.4695 -58.4183 -58.3583 -58.2889 -58.2105 -59.2222 -59.6285 -59.9960 -60.3492 -67.7094 -67.3785 -67.0793 -66.8239 -66.6869 -63.8458 -63.9546 -59.7167 -59.8808 -60.0375 -60.0046
-62.0919 -57.8217 -57.8044 -57.7957 -57.7600 -61.3879 -61.2777 -61.0908 -58.8213 -58.9310 -61.5341 -62.4176 -62.9408 0.0000 0.0000 0.0000 0.0000 -63.6558 -58.5849 -58.4726 -58.4313 -58.3825 -58.3253 -58.2597 -58.9952 -59.5027 -59.7834 -60.1352 0.0000 0.0000 -67.2642 -66.8330 -66.5069 -66.2618 -63.5835 -59.5023 -59.6662 -59.8278 -59.8077 -59.7725
-57.7838 -57.8324 -57.7990 -57.7761 -57.8096 -61.5945 -61.4387 -61.2182 0.0000 0.0000 0.0000 0.0000 -63.0582 0.0000 0.0000 0.0000 -71.1468 -58.5311 -58.4670 -58.4342 -58.3952 -58.3485 -58.2951 -58.3397 -59.2729 -59.6492 -59.9564 -66.9992 0.0000 0.0000 -67.4495 -66.6525 -66.1986 -65.7886 -59.3120 -59.4669 -59.6260 -59.6131 -59.5877 -59.5287
-57.8143 -57.7906 -57.8141 -57.8090 -61.9634 0.0000 -61.7357 -61.3017 0.0000 0.0000 0.0000 0.0000 -63.1647 0.0000 0.0000 0.0000 -58.6331 -58.4010 -58.4287 -58.3982 -58.3607 -58.3169 -58.3397 -58.4557 -59.4364 -59.8502 -67.0072 0.0000 0.0000 0.0000 -72.1967 -66.5199 -65.7916 -59.9127 -59.2893 -59.4381 -59.4260 -59.4061 -59.3558 -59.4735
-57.7910 -57.8055 -57.8126 -62.5298 -62.4622 0.0000 0.0000 -65.3194 -67.2501 0.0000 0.0000 0.0000 -63.2693 -59.7923 -59.5817 -58.6285 -58.4325 -58.3872 -58.3920 -58.3629 -58.3281 -58.3624 -58.4756 -59.2522 -59.6485 0.0000 0.0000 0.0000 0.0000 0.0000 -72.1765 -66.4256 -59.7890 -59.8823 -59.9977 -59.2540 -59.2329 -59.1864 -59.3063 -59.4214
-57.7702 -57.7878 -57.8673 0.0000 0.0000 0.0000 0.0000 -65.4104 -59.1500 -59.4406 -59.9814 -60.1697 -58.5583 -59.2858 -58.6395 -58.4262 -58.3943 -58.3726 -58.3564 -58.3292 -58.3359 -58.4641 -58.5775 -59.5107 -59.8536 -60.7143 0.0000 0.0000 0.0000 0.0000 0.0000 -59.7255 -59.7668 -59.8584 -59.7829 -59.0737 -59.0259 -59.1452 -59.2618 -59.3743
-57.7685 -57.8433 -58.9534 -59.3933 0.0000 0.0000 -73.8911 -58.6606 -58.9799 -59.5996 -59.9492 -59.7836 -58.3482 -58.9049 -58.4354 -58.3674 -58.2596 -58.3421 -58.3217 -58.3173 -58.4769 -58.5851 -59.3737 -59.7006 -59.9093 -60.3679 -60.0437 0.0000 0.0000 0.0000 -60.3218 -59.6878 -59.7496 -59.6538 -59.5732 -58.8783 -58.9929 -59.1079 -59.2210 -59.3297
-57.8060 -57.8793 -58.9721 -59.2143 0.0000 0.0000 -59.3625 -58.6192 -59.2008 -59.5638 -59.7778 -59.3002 -58.1467 -58.4197 -58.3350 -58.3301 -58.2502 -58.3067 -58.2895 -58.4416 -58.5994 -58.7616 -59.5657 -59.7840 -59.7699 -59.8872 -59.7077 0.0000 0.0000 -60.1990 -60.1721 -59.6749 -59.5518 -59.4525 -59.3469 -58.8529 -58.9628 -59.0738 -59.1825 -59.2882
-57.8821 -58.5913 -58.8991 -59.0985 -59.2132 -59.2343 -59.1753 -58.8288 -59.2637 -59.5476 -59.3503 -58.9700 -57.9748 -58.2974 -58.2974 -58.2937 -58.2381 -58.2735 -58.4157 -58.6040 -58.7788 -58.8843 -59.6907 -59.6721 -59.7101 -59.5449 -59.7449 -59.9720 -60.1219 -60.0883 -60.0988 -59.4793 -59.3555 -59.2331 -59.3133 -58.8294 -58.9352 -59.0413 -59.1463 -59.2496
-57.8680 -58.6703 -58.8446 -59.0283 -59.0629 -59.0844 -59.1179 -58.9941 -59.3188 -59.2078 -59.0193 -58.6184 -57.8550 -58.2595 -58.2605 -58.2571 -58.2252 -58.3815 -58.6000 -58.7487 -58.8848 -59.5492 -59.5830 -59.2936 -59.4016 -59.5695 -59.8119 -60.0549 -60.0394 -60.0698 -59.8275 -59.2849 -59.1407 -59.2044 -59.2817 -59.3665 -58.9090 -59.0112 -59.1136 -63.7756
-58.4708 -58.6246 -58.8136 -58.8738 -58.8992 -58.9673 -59.3296 -59.0810 -59.0589 -58.8574 -58.6651 -58.2817 -57.8480 -58.2215 -58.2229 -58.2209 -58.3326 -58.5684 -58.7462 -58.8929 -58.9730 -59.5043 -59.1896 -59.0508 -59.4427 -59.6460 -59.9551 -59.9865 -60.0390 -59.7910 -59.5793 -59.0715 -59.1153 -59.1772 -59.2522 -59.3332 -58.8846 -63.3576 -63.5474 -63.7371
-58.4888 -58.6241 -58.7133 -58.7753 -58.8121 -59.2584 -59.4221 -58.8930 -58.7115 -58.5789 -58.3098 -58.2333 -57.8345 -58.1836 -58.1857 -58.2688 -58.5075 -58.6756 -58.8526 -58.9614 -58.9219 -59.1320 -58.9486 -59.0400 -59.5282 -59.7939 -59.9218 -59.9919 -59.7882 -59.5705 -59.0274 -59.0455 -59.0890 -59.1495 -59.2211 -59.2994 -63.1588 -63.3367 -63.5185 -63.7008
