-56.3579 -56.3626 -63.2309 -63.5433 -63.9228 -64.1854 -63.9887 -64.9745 -64.9020 -64.6260 -63.9007 -63.8190 -63.8939 -63.1529 -62.8145 -61.9536 -56.2450 -56.2560 -56.2691 -56.3712 -56.3921 -56.4093 -62.5241 -62.5648 -62.6180 -62.6654 -62.7020 -62.3295 -63.0079 -62.7430 -62.6978 -62.8541 -63.0082 -61.8091 -61.6915 -61.3022 -61.3155 -61.5779 -61.6405 -61.6797
-56.4222 -56.4267 -63.2451 -63.5443 -63.8935 -64.1223 -63.9523 -64.8632 -64.8081 -64.5569 -64.3687 -64.3961 -63.9634 -63.6433 -63.2453 -62.5262 -56.3031 -56.3095 -56.3226 -56.3360 -56.4392 -56.4609 -63.0348 -63.1537 -62.7045 -62.7529 -62.7918 -62.8148 -62.9837 -62.7271 -62.6502 -62.7753 -62.9495 -61.8488 -61.7325 -61.6353 -61.3045 -61.3192 -61.6567 -61.6916
-56.4089 -56.4105 -63.2558 -63.5397 -63.8619 -64.0604 -63.9155 -64.7578 -64.7182 -64.4892 -64.3198 -64.3514 -64.5075 -64.2332 -63.3562 -62.9943 -56.3726 -56.3723 -56.2289 -56.3864 -56.3992 -56.4111 -62.9510 -63.1362 -63.3086 -63.4529 -62.8847 -62.9124 -63.5776 -62.7256 -62.6226 -62.7184 -62.8718 -61.8840 -61.7690 -61.6691 -61.6155 -61.6167 -61.3620 -61.6920
-56.4715 -56.4729 -62.8965 -63.1282 -63.8271 -63.9985 -63.8772 -64.6559 -64.6301 -64.4211 -64.2683 -64.3037 -64.4378 -64.2181 -64.0041 -63.5890 -56.5529 -56.4407 -56.4417 -56.4424 -56.2897 -56.4583 -62.4647 -63.0213 -63.2468 -63.4624 -63.6178 -63.7650 -63.6943 -63.3555 -63.1375 -62.6712 -62.7916 -61.9043 -61.7910 -61.6898 -56.3443 -61.6283 -61.6777 -61.4121
-56.5327 -56.5337 -62.9087 -63.1259 -63.3622 -63.9352 -63.8361 -64.5558 -64.5420 -64.3510 -64.2131 -64.2517 -64.3666 -64.1590 -63.9096 -63.8568 -56.7618 -56.6372 -56.6213 -56.5097 -56.5089 -56.5061 -62.4048 -62.5049 -63.1003 -63.3526 -63.6193 -63.7780 -63.9129 -63.4737 -63.2518 -63.2149 -62.7400 -61.9370 -61.8254 -61.7234 -56.4042 -61.6412 -61.6842 -61.7303
-56.8850 -56.5931 -62.9168 -63.1200 -63.3388 -63.4355 -63.3473 -64.4557 -64.4524 -64.2776 -64.1531 -64.1940 -64.2921 -64.0961 -63.8705 -63.6591 -56.8832 -56.8736 -56.8568 -56.7094 -56.5754 -56.5733 -62.3982 -61.8034 -62.5420 -63.1402 -63.4235 -63.7378 -63.9198 -64.5211 -64.1855 -63.3517 -63.3864 -61.9806 -61.8586 -61.7562 -61.6784 -61.6553 -61.6808 -61.7016
0.0000 0.0000 -62.4613 -63.1102 -63.3130 -63.3921 -63.3350 -63.8521 -63.8352 -64.1996 -64.0869 -64.1298 -64.2129 -64.0279 -63.8239 -63.6343 -56.8697 -57.0339 -57.0430 -56.9979 -56.9910 -56.7744 -62.4187 -62.4364 -62.4846 -62.5583 -62.7238 -63.4926 -63.8686 -64.5310 -64.4501 -64.4617 -64.4163 -63.5852 -62.3805 -61.7879 -61.6808 -61.6429 -61.6500 -61.7028
0.0000 0.0000 -62.4992 -62.6324 -62.7712 -63.3534 -63.3201 -63.7828 -63.7726 -63.6187 -64.0138 -64.0580 -64.1275 -63.9530 -63.7524 -63.6034 -56.9244 -56.9436 -57.1838 0.0000 0.0000 0.0000 -57.1122 -62.4630 -62.5067 -62.5570 -61.9364 -62.7405 -63.5410 -64.3717 -64.4083 -64.5938 -64.9252 -64.9534 -63.4347 -62.2905 -61.7045 -61.6597 -61.6592 -61.7046
0.0000 -65.9758 -62.7295 -62.6601 -62.7887 -62.8064 -63.0280 -63.7132 -63.7086 -63.5495 -63.4430 -63.4742 -64.0370 -63.8796 -63.7159 -63.5671 -56.9762 -56.9949 -57.0165 0.0000 0.0000 0.0000 0.0000 0.0000 -62.5346 -62.5755 -62.6231 -62.6678 -61.9969 -63.5250 -64.1052 -64.3472 -65.4081 -65.6420 -64.3321 -64.2136 -62.7288 -56.7079 -61.6688 -61.6996
-65.8131 -65.4223 -62.7660 -62.8924 -62.7947 -62.8062 -63.0303 -63.0897 -63.0525 -63.5095 -63.4134 -63.4302 -63.4409 -63.2885 -63.6403 -63.5067 -57.0212 -57.0403 -56.9875 -66.6120 -67.5665 -72.0310 0.0000 0.0000 0.0000 -62.5668 -62.6079 -62.6489 -62.6868 -62.7208 -62.9940 -63.6038 -64.4438 -66.3776 -65.2063 0.0000 0.0000 0.0000 -62.1952 -61.6958
-66.0650 -64.9072 -62.8016 -62.9202 -63.0367 -63.0556 -63.0317 -63.0868 -63.0539 -62.9024 -62.7808 -63.3732 -63.3704 -63.2221 -63.0723 -63.4291 -57.0612 -57.0805 -57.1033 -65.3928 -65.8507 -67.2493 -71.5220 0.0000 -65.0728 -62.5814 -62.6221 -62.6605 -62.6962 -62.7283 -62.9221 -62.0946 -63.6583 -64.6662 -65.5602 0.0000 0.0000 0.0000 -61.5943 -61.5837
-65.7959 -65.1422 -62.8344 -62.9456 -63.0499 -63.0715 -63.2781 -63.3332 -63.0540 -62.9071 -62.7892 -62.7625 -62.7077 -63.1557 -63.0153 -62.8872 -56.9770 -57.1154 -57.1385 -64.7055 -65.7685 -66.5237 -66.1723 0.0000 -66.1103 -62.6225 -62.6364 -62.6726 -62.7402 -62.7766 -62.9958 -62.9066 -62.9279 -62.5822 -63.8203 0.0000 0.0000 0.0000 -62.7376 -61.6019
-65.5819 -64.9857 -63.2312 -63.3344 -63.0611 -63.0804 -63.2819 -63.3309 -63.3106 -63.1667 -62.7996 -62.7697 -62.7078 -62.5473 -62.3870 -62.8329 -57.0168 -57.0266 -57.1674 -64.2472 -65.1456 -65.8302 -66.3263 -66.8169 -66.0796 -64.8651 -63.3082 -62.7239 -62.7651 -62.7996 -62.8312 -62.9205 -62.9277 -62.9897 -62.3989 -66.7279 -71.3361 0.0000 -66.5124 -61.6320
-65.4407 -64.9022 -63.2900 -63.3885 -63.4650 -63.0937 -63.2851 -63.3282 -63.3114 -63.1728 -63.0615 -63.0303 -62.7067 -62.5511 -62.3958 -62.2501 -56.8934 -57.0598 -57.0644 -63.2910 -64.5846 -65.2655 -65.8212 -66.3260 -66.8150 -65.9415 -63.4960 -63.4720 -62.7813 -62.8097 -62.8351 -62.9327 -62.9230 -62.9771 -62.4283 -63.8595 -63.5896 0.0000 -63.5296 -61.6613
-65.3418 -64.8567 -63.3497 -63.4411 -63.5053 -63.5283 -63.7042 -63.3266 -63.3108 -63.1773 -63.0692 -63.0327 -62.9661 -62.5537 -62.4034 -62.2392 -56.9409 -56.9333 -56.9355 -63.1173 -63.6310 -64.0582 -65.2941 -65.7804 -66.2725 -65.7561 -64.2418 -64.4235 -63.6451 -63.5783 -62.8401 -62.9470 -62.9225 -62.9689 -62.4566 -63.0955 -63.9111 -64.6784 -63.3397 -61.6891
-65.2759 -64.8363 -63.4090 -63.4951 -63.5535 -63.5732 -63.7427 -63.7652 -63.3071 -63.1814 -63.0760 -63.0346 -62.9415 -62.7947 -62.6486 -62.2762 -57.0022 -56.9957 -56.9909 -62.3760 -62.6929 -63.7719 -64.1019 -65.2383 -65.6937 -65.4282 -64.0458 -64.3725 -64.7061 -64.6344 -63.8120 -62.9642 -62.9231 -62.9387 -62.4142 -63.0263 -63.7475 -63.8989 -63.7646 -62.5446
-65.2336 -63.4971 -63.4679 -63.5491 -63.6029 -63.6154 -63.7795 -63.7972 -63.7647 -63.5913 -63.0584 -63.0136 -62.9711 -62.8260 -62.6856 -62.5546 -57.1356 -57.0510 -57.0455 -62.3455 -62.6235 -62.8442 -63.0107 -64.0596 -64.3085 -65.0140 -63.7778 -64.1251 -64.5244 -65.2648 -65.3258 -65.3796 -64.1567 -62.9282 -62.4991 -63.0169 -63.6373 -63.7841 -63.6793 -63.2306
-65.3715 -63.4989 -63.5264 -63.6035 -63.6465 -63.7246 -63.7910 -63.8050 -63.7710 -63.6630 -63.5381 -63.0436 -62.9747 -62.8378 -62.7020 -62.5753 -57.1916 -57.1871 -57.1833 -62.3196 -62.5629 -62.7626 -62.9188 -63.0359 -63.1197 -63.8932 -62.8193 -63.7577 -64.1848 -64.6318 -65.9413 -66.3924 0.0000 0.0000 -62.9673 -63.0048 -63.5500 -63.6894 -63.6233 -63.2390
-64.8914 -63.6317 -63.6960 -63.6311 -63.6705 -63.7711 -63.8637 -63.8757 -63.8385 -63.7085 -63.5878 -63.5162 -63.4244 -62.8490 -62.7176 -62.5964 -57.2467 -57.2408 -57.2367 -62.5907 -62.8299 -62.6969 -62.8403 -62.9500 -63.0297 -62.9268 -61.9397 -62.7120 -63.6548 -64.2555 -66.2397 0.0000 0.0000 0.0000 0.0000 -62.9936 -63.0221 -63.6118 -63.5844 -63.2011
-65.6546 -63.3387 -63.7128 -63.8493 -63.9240 -63.8464 -63.9075 -63.9160 -63.8824 -63.7589 -63.6407 -63.5657 -63.4694 -63.3145 -63.1554 -62.6114 -57.3001 -57.2939 -57.2894 -62.5761 -62.7874 -62.9716 -62.7700 -62.8718 -62.9477 -62.8751 -62.6524 -61.9484 -61.9559 -62.8920 -64.3600 0.0000 0.0000 0.0000 0.0000 -62.9832 -63.0093 -63.5008 -63.5086 -63.2041
-65.7804 -64.0531 -64.1140 -64.5527 -63.9289 -64.0773 -63.9650 -63.9614 -63.9276 -63.8095 -63.6925 -63.6167 -63.5185 -63.3533 -63.2056 -63.0615 -57.3523 -57.3455 -57.3405 -62.5636 -62.7514 -62.9182 -63.0254 -63.1727 -62.8853 -62.9101 -62.6810 -61.9538 -61.9581 -61.9669 -61.9673 -64.9225 0.0000 0.0000 0.0000 -64.2135 -62.9556 -63.4446 -63.4831 -63.2109
-65.7202 -64.1036 -64.2168 -64.3296 -64.7643 -64.9089 -64.9874 -64.2291 -63.9842 -63.8623 -63.7469 -63.6641 -63.5633 -63.4091 -63.2405 -63.1133 -57.5364 -57.5246 -57.3908 -62.5540 -62.6891 -62.8741 -63.0127 -63.1251 -63.2165 -63.2815 -62.7015 -61.9573 -61.9583 -61.9551 -61.9528 -62.8340 -63.0225 0.0000 -64.1072 -64.0266 -62.8505 -62.9103 -63.4644 -63.2162
-65.6720 -64.1093 -64.1992 -64.3129 -64.4082 -64.5751 -65.2037 -65.2650 -65.2236 -64.2060 -63.8017 -63.7103 -63.6089 -63.4577 -63.3085 -63.1427 -57.6005 -57.5792 -57.5764 -62.5524 -62.7054 -62.8493 -62.9735 -63.0785 -63.1650 -63.2343 -63.1122 -62.2975 -61.9522 -61.9456 -61.9391 -62.6378 -62.7101 -62.7773 -62.8574 -62.7676 -62.7488 -62.8014 -63.3038 -63.1587
-65.6765 -64.1651 -64.2368 -64.3213 -64.3887 -64.5221 -64.6411 -65.2078 -65.3267 -65.5226 -65.5199 -65.6979 -63.6591 -63.5071 -63.3607 -63.1924 -57.6546 -57.6523 -57.6437 -63.0437 -63.1789 -62.8236 -62.9383 -63.0361 -63.1141 -63.1756 -63.1119 -62.2887 -62.2885 -62.2865 -61.8775 -61.8588 -62.5522 -62.6213 -62.6835 -62.7008 -62.4990 -61.8311 -63.1566 -63.0500
-65.6914 -64.2334 -64.3072 -64.3859 -64.4322 -64.5431 -64.6229 -64.6580 -65.1687 -65.1669 -65.2701 -66.7900 0.0000 -63.8809 -63.4182 -63.2858 -57.7317 -57.7066 -57.7056 -63.0984 -63.2157 -63.3269 -62.9017 -62.9883 -63.0594 -63.1151 -63.1045 -62.2760 -62.2395 -62.2350 -62.2322 -61.8496 -62.4450 -62.4977 -62.5578 -62.5896 -62.4704 -61.8041 -61.8013 -61.9974
-65.7136 -64.3054 -64.3776 -64.4573 -64.5367 -64.6133 -64.6862 -64.7430 -64.7317 -65.1529 -65.1515 -65.1959 -68.2714 -64.9456 -64.7980 -63.7621 -57.7976 -57.7857 -57.7589 -63.1256 -63.2518 -63.3517 -63.4340 -63.4976 -63.0069 -63.0575 -63.0370 -62.2334 -62.2314 -62.2296 -62.2259 -62.2185 -62.8093 -62.3949 -62.4566 -62.4931 -62.4333 -61.7783 -61.7628 -61.9758
-65.7305 -64.3708 -64.4453 -64.5270 -64.6468 -64.7283 -64.8077 -64.8289 -64.8201 -64.7039 -64.6041 -65.1261 -67.5485 -65.0453 -65.0320 -65.1320 -58.3149 -58.3170 -57.8394 -57.8070 -63.2489 -63.3769 -63.4549 -63.5129 -63.5136 -62.9664 -63.0062 -62.2484 -62.2286 -62.2235 -62.2176 -62.2038 -62.7386 -62.7724 -62.8469 -62.4078 -62.3989 -61.7539 -61.7358 -61.9544
-65.3164 -64.1305 -64.1968 -64.6243 -64.7092 -64.7934 -64.8740 -64.8700 -64.8775 -64.8227 -64.7286 -65.2526 -67.2841 -65.1827 -65.0741 -65.0384 -58.3783 -58.4583 0.0000 0.0000 -63.2378 -63.3557 -63.4265 -63.4932 -63.5339 -63.5585 -63.5679 -62.8935 -62.2227 -62.2112 -62.2038 -62.1944 -62.6878 -62.7042 -62.7678 -62.8216 -62.8504 -62.2285 -61.7104 -61.9335
-65.3204 -64.1474 -64.2088 -64.2746 -64.3411 -64.3888 -64.9209 -64.9566 -64.9681 -64.9266 -64.8493 -65.4059 -65.0070 -65.3027 -65.3832 -65.3279 -58.4723 -58.5856 0.0000 0.0000 -63.1945 -63.3006 -63.4014 -63.4943 -63.5624 -63.5851 -63.5941 -63.5260 -62.7216 -62.2040 -62.1951 -62.1843 -62.1716 -62.6473 -62.6992 -62.7486 -62.7790 -62.7056 -62.1574 -61.6668
-65.2881 -64.1593 -64.1944 -64.2640 -64.3311 -64.3984 -64.4639 -64.4770 -64.4704 -65.0123 -64.9454 -65.5367 -65.0748 -64.8262 -65.4552 -65.7406 -58.5915 -58.6820 0.0000 -65.6550 -63.9075 -63.2875 -63.3837 -63.4714 -63.5467 -63.6087 -63.6176 -63.5856 -62.7829 -62.7423 -62.1837 -62.1735 -62.1596 -62.5989 -62.6390 -62.6830 -62.7190 -62.6824 -62.1351 -62.1201
-64.1950 -64.1550 -64.2133 -64.2766 -64.3414 -64.4051 -64.4671 -64.4749 -64.4687 -64.4251 -64.3447 -64.8125 -64.3896 -64.7502 -64.7284 -64.7413 -58.6616 -58.7545 0.0000 -65.4958 -63.9080 -64.0340 -64.1548 -64.2600 -63.5138 -63.5799 -63.6347 -63.6432 -62.8458 -62.8056 -62.7607 -62.7105 -62.1451 -62.5567 -62.5921 -62.6306 -62.6558 -62.6512 -62.1122 -62.0976
-64.3241 -64.1704 -64.2264 -64.2874 -64.3486 -64.4088 -64.4688 -64.4714 -64.4649 -64.4253 -64.3473 -64.8134 -64.2565 -64.1365 -64.0434 -63.9624 -58.4725 -58.8225 0.0000 -65.4427 -63.9070 -64.0256 -64.1333 -64.2416 -64.3421 -64.4343 -63.6045 -63.6540 -62.9102 -62.8706 -62.8263 -62.7770 -62.7222 -62.5239 -62.5440 -62.5763 -62.5984 -62.5310 -62.0982 -62.0789
-64.2752 -64.2751 -64.3457 -64.4217 -64.4993 -64.4108 -64.4680 -64.4660 -64.4587 -64.4199 -64.3418 -64.8001 -64.2253 -64.1353 -64.0513 -63.9773 -58.3107 -58.3097 -66.1636 -65.0048 -63.8977 -64.0094 -64.1191 -64.2228 -64.3195 -64.4090 -64.4908 -64.5669 -63.7372 -62.9391 -62.8937 -62.8526 -62.7993 -62.7402 -63.1520 -62.5234 -62.5461 -62.5589 -62.4837 -62.0590
-64.1988 -64.2499 -64.3167 -64.3878 -64.4617 -64.5368 -64.6088 -64.6211 -64.6320 -64.4075 -64.3319 -64.7891 -64.2244 -64.1383 -64.0482 -63.9622 -58.3486 -58.3340 -65.4350 -64.7660 -63.8939 -63.9993 -64.1038 -64.2032 -64.2965 -64.3832 -64.4632 -64.5382 -63.7475 -63.7824 -63.8085 -63.7906 -62.8716 -62.8141 -63.1296 -63.1894 -62.4985 -62.5089 -62.4630 -62.0387
-64.1721 -64.2212 -64.2835 -64.3497 -64.4168 -64.4847 -64.5480 -64.5585 -64.5694 -64.5601 -64.5101 -65.0091 -64.4383 -64.1206 -64.0283 -63.9037 -58.3793 -58.3779 -64.9882 -64.6269 -63.8879 -63.9873 -64.0868 -64.1822 -64.2722 -64.3563 -64.4361 -64.5180 -64.5732 -63.7908 -63.8178 -63.8438 -63.8486 -63.7982 -63.2803 -63.2577 -63.2253 -63.1779 -62.4370 -62.0094
-64.1415 -64.1859 -64.2429 -64.3037 -64.3663 -64.4300 -64.4861 -64.4975 -64.5090 -64.4992 -64.4444 -64.9254 -64.3652 -64.2558 -64.1851 -64.1319 -58.4969 -58.4223 -64.8376 -64.5319 -63.8795 -63.9730 -64.0679 -64.1593 -64.2462 -64.3279 -64.4153 -64.4871 -64.5533 -63.7959 -63.8238 -63.7613 -63.8807 -63.9095 -64.4157 -64.4037 -64.3799 -63.2515 -63.1732 -61.9801
-64.1033 -64.1455 -64.1986 -64.2554 -64.3143 -64.3753 -64.4268 -64.4327 -64.4373 -64.4267 -64.3716 -64.7932 -64.2478 -64.1865 -64.1280 -64.0768 -58.5265 -58.5326 -65.0562 -64.8027 -64.1977 -63.9562 -64.0466 -64.1343 -64.2266 -64.3063 -64.3833 -64.4540 -64.5198 -63.7966 -63.8275 -63.8601 -63.8918 -63.9224 -64.4917 -64.5245 -64.5012 -64.4615 -64.3951 -64.1923
-64.0629 -64.1026 -64.1525 -64.2065 -64.2624 -64.3170 -64.3566 -64.3596 -64.3612 -64.3121 -64.6235 -64.7059 -64.1828 -64.1233 -64.0668 -64.0173 -58.5538 -58.5596 -64.8985 -64.6753 -64.8557 -64.2458 -64.3829 -64.5136 -64.6450 -64.2749 -64.3485 -64.4180 -64.3841 -63.7976 -63.8312 -63.8649 -63.8982 -63.9318 -63.9584 -64.5500 -64.6233 -64.5901 -64.5364 -64.2535
-64.0210 -64.0591 -64.1053 -64.1531 -64.2025 -64.2516 -64.2835 -64.2460 -64.2473 -64.2341 -64.5452 -64.2499 -64.1140 -64.0561 -64.0013 -63.9533 -58.5789 -58.5844 -64.7523 -64.5559 -64.7113 -64.1684 -64.2896 -64.4129 -64.5372 -64.6640 -64.7895 -64.9193 -65.0524 -63.7949 -63.8297 -63.8648 -63.8981 -63.9276 -63.9561 -64.5267 -64.6053 -64.6818 -64.5548 -64.4380
-63.9775 -64.0108 -64.0514 -64.0950 -64.1391 -64.1470 -64.1731 -64.1668 -64.1672 -64.1620 -64.4702 -64.1567 -64.0415 -63.9851 -63.9317 -63.8849 -58.6015 -58.6066 -64.6128 -64.4490 -64.5675 -64.0786 -64.1921 -64.3081 -64.4255 -64.4492 -64.6690 -64.7946 -64.9222 -64.2743 -64.3660 -64.4201 -64.4608 -63.9179 -63.9489 -64.4983 -64.4580 -64.5353 -64.6061 -64.6278
