-50.3700 -50.3051 -50.2370 -50.1657 -50.0914 -50.0138 -49.9338 -49.8498 -49.7627 -49.6723 -49.5786 -49.4795 -49.3793 -49.2758 -49.1690 -49.0588 -48.9454 -48.8283 -48.7080 -48.5842 -48.4569 -48.3260 -48.1911 -48.0523 -47.9098 -47.7633 -47.6127 -47.4581 -47.3011 -47.1387 -46.9719 -46.8007 -46.6249 -46.4443 -46.2589 -46.0687 -45.8742 -45.6745 -45.4695 -45.2588
-50.3420 -50.2766 -50.2082 -50.1367 -50.0620 -49.9841 -49.9037 -49.8195 -49.7322 -49.6414 -49.5474 -49.4480 -49.3475 -49.2437 -49.1365 -49.0260 -48.9120 -48.7944 -48.6735 -48.5490 -48.4210 -48.2893 -48.1539 -48.0149 -47.8722 -47.7253 -47.5744 -47.4195 -47.2620 -47.0988 -46.9311 -46.7591 -46.5826 -46.4015 -46.2154 -46.0245 -45.8285 -45.6272 -45.4208 -45.2085
-50.3158 -50.2503 -50.1815 -50.1097 -50.0346 -49.9572 -49.8756 -49.7908 -49.7030 -49.6117 -49.5173 -49.4173 -49.3163 -49.2120 -49.1042 -48.9932 -48.8787 -48.7605 -48.6392 -48.5146 -48.3865 -48.2547 -48.1192 -47.9800 -47.8371 -47.6901 -47.5388 -47.3833 -47.2252 -47.0613 -46.8929 -46.7201 -46.5427 -46.3605 -46.1735 -45.9814 -45.7842 -45.5819 -45.3738 -45.1601
-50.2962 -50.2300 -50.1606 -50.0880 -50.0123 -49.9341 -49.8519 -49.7664 -49.6780 -49.5860 -49.4887 -49.3902 -49.2885 -49.1835 -49.0755 -48.9640 -48.8491 -48.7306 -48.6087 -48.4834 -48.3545 -48.2218 -48.0854 -47.9453 -47.8015 -47.6537 -47.5018 -47.3459 -47.1872 -47.0227 -46.8536 -46.6803 -46.5022 -46.3195 -46.1318 -45.9392 -45.7414 -45.5385 -45.3306 -45.1171
-50.2795 -50.2125 -50.1424 -50.0691 -49.9926 -49.9138 -49.8308 -49.7446 -49.6555 -49.5632 -49.4653 -49.3664 -49.2643 -49.1588 -49.0499 -48.9377 -48.8220 -48.7027 -48.5801 -48.4539 -48.3242 -48.1907 -48.0535 -47.9126 -47.7680 -47.6193 -47.4666 -47.3115 -47.1506 -46.9855 -46.8155 -46.6411 -46.4619 -46.2779 -46.0892 -45.8963 -45.6981 -45.4948 -45.2857 -45.0709
-50.2583 -50.1841 -50.1071 -50.0339 -49.9576 -49.8789 -49.7961 -49.7100 -49.6210 -49.5285 -49.4305 -49.3315 -49.2292 -49.1236 -49.0146 -48.9022 -48.7864 -48.6669 -48.5441 -48.4177 -48.2878 -48.1541 -48.0167 -47.8754 -47.7305 -47.5814 -47.4283 -47.2727 -47.1114 -46.9457 -46.7755 -46.6012 -46.4216 -46.2372 -46.0479 -45.8537 -45.6543 -45.4496 -45.2392 -45.0231
-50.2323 -50.1647 -50.0939 -50.0199 -49.9427 -49.8632 -49.7795 -49.6925 -49.6024 -49.5092 -49.4102 -49.3102 -49.2070 -49.1003 -48.9903 -48.8769 -48.7600 -48.6394 -48.5155 -48.3879 -48.2569 -48.1222 -47.9839 -47.8418 -47.6959 -47.5460 -47.3920 -47.2355 -47.0737 -46.9077 -46.7373 -46.5624 -46.3829 -46.1984 -46.0086 -45.8139 -45.6139 -45.4088 -45.1979 -44.9813
-50.2179 -50.1497 -50.0786 -50.0042 -49.9265 -49.8462 -49.7619 -49.6743 -49.5836 -49.4897 -49.3901 -49.2895 -49.1856 -49.0784 -48.9678 -48.8537 -48.7362 -48.6150 -48.4905 -48.3624 -48.2307 -48.0952 -47.9559 -47.8128 -47.6659 -47.5129 -47.3561 -47.1994 -47.0368 -46.8699 -46.6985 -46.5227 -46.3421 -46.1569 -45.9668 -45.7713 -45.5702 -45.3637 -45.1519 -44.9348
-50.2203 -50.1510 -50.0786 -50.0031 -49.9195 -49.8264 -49.7362 -49.6480 -49.5565 -49.4619 -49.3615 -49.2602 -49.1555 -49.0475 -48.9360 -48.8211 -48.7028 -48.5808 -48.4554 -48.3265 -48.1938 -48.0576 -47.9180 -47.7746 -47.6274 -47.4768 -47.3224 -47.1656 -47.0029 -46.8358 -46.6642 -46.4882 -46.3074 -46.1219 -45.9314 -45.7359 -45.5351 -45.3286 -45.1168 -44.8991
-50.2066 -50.1361 -50.0624 -49.9856 -49.9066 -49.8232 -49.7367 -49.6469 -49.5539 -49.4577 -49.3556 -49.2526 -49.1471 -49.0383 -48.9262 -48.8106 -48.6916 -48.5690 -48.4433 -48.3143 -48.1815 -48.0451 -47.9049 -47.7610 -47.6133 -47.4615 -47.3054 -47.1468 -46.9803 -46.8097 -46.6367 -46.4592 -46.2772 -46.0904 -45.8974 -45.6996 -45.4974 -45.2901 -45.0781 -44.8597
-50.2069 -50.1355 -50.0610 -49.9834 -49.9036 -49.8195 -49.7324 -49.6420 -49.5485 -49.4521 -49.3498 -49.2468 -49.1403 -49.0303 -48.9170 -48.8003 -48.6800 -48.5560 -48.4255 -48.2919 -48.1548 -48.0144 -47.8732 -47.7281 -47.5794 -47.4266 -47.2716 -47.1112 -46.9466 -46.7777 -46.6042 -46.4261 -46.2436 -46.0564 -45.8646 -45.6687 -45.4677 -45.2615 -45.0495 -44.8317
-50.1989 -50.1269 -50.0517 -49.9733 -49.8927 -49.8076 -49.7194 -49.6279 -49.5332 -49.4355 -49.3275 -49.2189 -49.1118 -49.0013 -48.8873 -48.7699 -48.6491 -48.5247 -48.3976 -48.2669 -48.1325 -47.9945 -47.8528 -47.7073 -47.5581 -47.4047 -47.2491 -47.0883 -46.9236 -46.7547 -46.5813 -46.4035 -46.2213 -46.0343 -45.8422 -45.6448 -45.4423 -45.2347 -45.0216 -44.8028
-50.2504 -50.1752 -50.0969 -50.0045 -49.9105 -49.8077 -49.7079 -49.6104 -49.5150 -49.4170 -49.3132 -49.2086 -49.1008 -48.9897 -48.8753 -48.7540 -48.6296 -48.5050 -48.3772 -48.2460 -48.1118 -47.9739 -47.8323 -47.6868 -47.5378 -47.3845 -47.2291 -47.0677 -46.9015 -46.7277 -46.5531 -46.3742 -46.1909 -46.0028 -45.8105 -45.6132 -45.4108 -45.2031 -44.9897 -44.7724
-50.2682 -50.1798 -50.0835 -49.9972 -49.9068 -49.8190 -49.7281 -49.6341 -49.5370 -49.4369 -49.3309 -49.2244 -49.1153 -49.0030 -48.8875 -48.7686 -48.6464 -48.5207 -48.3918 -48.2538 -48.1122 -47.9666 -47.8177 -47.6679 -47.5148 -47.3601 -47.2035 -47.0411 -46.8754 -46.7055 -46.5310 -46.3521 -46.1670 -45.9775 -45.7863 -45.5901 -45.3889 -45.1822 -44.9699 -44.7528
-50.2692 -50.1910 -50.1099 -50.0270 -49.9354 -49.8411 -49.7488 -49.6535 -49.5550 -49.4537 -49.3465 -49.2389 -49.1244 -49.0070 -48.8894 -48.7620 -48.6316 -48.4982 -48.3651 -48.2312 -48.0937 -47.9525 -47.8086 -47.6611 -47.5103 -47.3553 -47.1983 -47.0353 -46.8690 -46.6992 -46.5249 -46.3463 -46.1631 -45.9751 -45.7815 -45.5806 -45.3753 -45.1652 -44.9525 -44.7372
-50.2551 -50.1772 -50.0964 -50.0136 -49.9265 -49.8364 -49.7386 -49.6335 -49.5301 -49.4280 -49.3245 -49.2198 -49.1116 -48.9962 -48.8775 -48.7556 -48.6308 -48.4997 -48.3657 -48.2311 -48.0930 -47.9515 -47.8067 -47.6595 -47.5087 -47.3540 -47.1952 -47.0308 -46.8639 -46.6885 -46.5090 -46.3270 -46.1407 -45.9515 -45.7612 -45.5662 -45.3666 -45.1613 -44.9498 -44.7340
-50.2248 -50.1471 -50.0663 -49.9836 -49.9015 -49.8160 -49.7223 -49.6255 -49.5255 -49.4225 -49.3141 -49.2050 -49.0927 -48.9773 -48.8586 -48.7366 -48.6114 -48.4836 -48.3504 -48.2117 -48.0725 -47.9325 -47.7912 -47.6455 -47.4929 -47.3402 -47.1796 -47.0149 -46.8463 -46.6769 -46.5019 -46.3227 -46.1407 -45.9537 -45.7614 -45.5644 -45.3627 -45.1568 -44.9463 -44.7306
-50.2063 -50.1283 -50.0473 -49.9643 -49.8768 -49.7863 -49.6927 -49.5961 -49.4963 -49.3908 -49.2850 -49.1760 -49.0652 -48.9513 -48.8341 -48.7201 -48.5962 -48.4690 -48.3383 -48.2031 -48.0643 -47.9221 -47.7762 -47.6266 -47.4754 -47.3237 -47.1662 -47.0049 -46.8396 -46.6689 -46.4904 -46.3096 -46.1247 -45.9380 -45.7476 -45.5537 -45.3548 -45.1529 -44.9453 -44.7336
-50.1994 -50.1205 -50.0386 -49.9548 -49.8667 -49.7755 -49.6822 -49.5863 -49.4874 -49.3788 -49.2702 -49.1625 -49.0516 -48.9371 -48.8186 -48.6969 -48.5719 -48.4436 -48.3116 -48.1768 -48.0411 -47.9020 -47.7594 -47.6132 -47.4635 -47.3122 -47.1548 -46.9915 -46.8241 -46.6536 -46.4804 -46.3029 -46.1213 -45.9366 -45.7487 -45.5562 -45.3589 -45.1519 -44.9398 -44.7237
-50.1694 -50.0920 -50.0130 -49.9295 -49.8479 -49.7629 -49.6699 -49.5738 -49.4744 -49.3682 -49.2621 -49.1526 -49.0401 -48.9244 -48.8054 -48.6853 -48.5628 -48.4369 -48.3047 -48.1696 -48.0336 -47.8927 -47.7482 -47.6002 -47.4487 -47.2959 -47.1383 -46.9771 -46.8120 -46.6436 -46.4731 -46.2982 -46.1196 -45.9342 -45.7417 -45.5446 -45.3457 -45.1486 -44.9458 -44.7384
-50.1584 -50.0809 -50.0017 -49.9177 -49.8299 -49.7390 -49.6451 -49.5482 -49.4480 -49.3420 -49.2371 -49.1304 -49.0206 -48.9111 -48.7981 -48.6786 -48.5553 -48.4277 -48.2966 -48.1623 -48.0245 -47.8837 -47.7403 -47.5934 -47.4431 -47.2912 -47.1360 -46.9775 -46.8134 -46.6457 -46.4709 -46.2912 -46.1075 -45.9232 -45.7395 -45.5514 -45.3581 -45.1579 -44.9541 -44.7445
-50.1500 -50.0714 -49.9856 -49.8956 -49.8079 -49.7171 -49.6256 -49.5311 -49.4378 -49.3342 -49.2308 -49.1241 -49.0132 -48.8988 -48.7812 -48.6604 -48.5364 -48.4092 -48.2792 -48.1462 -48.0097 -47.8699 -47.7327 -47.5885 -47.4415 -47.2925 -47.1363 -46.9733 -46.8063 -46.6353 -46.4653 -46.2937 -46.1186 -45.9384 -45.7520 -45.5615 -45.3670 -45.1680 -44.9647 -44.7578
-51.0827 -50.9654 -50.8493 -50.7275 -50.6046 -50.4811 -49.6461 -49.5332 -49.4341 -49.3250 -49.2163 -49.1084 -48.9973 -48.8832 -48.7664 -48.6465 -48.5264 -48.3998 -48.2704 -48.1400 -48.0065 -47.8696 -47.7295 -47.5825 -47.4335 -47.2784 -47.1195 -46.9634 -46.8045 -46.6419 -46.4750 -46.3028 -46.1253 -45.9439 -45.7586 -45.5690 -45.3768 -45.1822 -44.9842 -44.7778
-51.0869 -50.9695 -50.8523 -50.7316 -50.6081 -50.4831 -50.3563 -50.2278 -50.0971 -49.9605 -49.8266 -49.6908 -49.5531 -49.4135 -48.7628 -48.6450 -48.5245 -48.3979 -48.2682 -48.1373 -48.0001 -47.8596 -47.7155 -47.5688 -47.4291 -47.2814 -47.1302 -46.9739 -46.8122 -46.6469 -46.4773 -46.3051 -46.1289 -45.9492 -45.7681 -45.5830 -45.3922 -45.1953 -44.9953 -44.7939
-51.0906 -50.9711 -50.8520 -50.7293 -50.6052 -50.4795 -50.3524 -50.2236 -50.0930 -49.9571 -49.8229 -49.6888 -49.5539 -49.4169 -49.2774 -49.1361 -48.9897 -48.8397 -48.6871 -48.5325 -48.3780 -47.8707 -47.7240 -47.5834 -47.4403 -47.2877 -47.1318 -46.9743 -46.8142 -46.6503 -46.4822 -46.3135 -46.1429 -45.9669 -45.7835 -45.5958 -45.4052 -45.2129 -45.0178 -44.8214
-51.1379 -51.0119 -50.8506 -50.7276 -50.6031 -50.4770 -50.3493 -50.2207 -50.0927 -49.9595 -49.8282 -49.6953 -49.5597 -49.4185 -49.2752 -49.1299 -48.9821 -48.8361 -48.6904 -48.5424 -48.3922 -48.2375 -48.0787 -47.9174 -47.7564 -47.5912 -47.4232 -47.2524 -47.0805 -46.6650 -46.5007 -46.3314 -46.1557 -45.9759 -45.7964 -45.6137 -45.4279 -45.2408 -45.0512 -44.8528
-51.1415 -51.0156 -50.8868 -50.7576 -50.6305 -50.4799 -50.3549 -50.2284 -50.1002 -49.9646 -49.8292 -49.6921 -49.5527 -49.4113 -49.2732 -49.1343 -48.9934 -48.8503 -48.7024 -48.5510 -48.3972 -48.2411 -48.0838 -47.9241 -47.7647 -47.6007 -47.4360 -47.2687 -47.0981 -46.9218 -46.7419 -46.5605 -46.3785 -46.1932 -46.0066 -45.8181 -45.4648 -45.2725 -45.0807 -44.8874
-51.0242 -50.9163 -50.8789 -50.7592 -50.6379 -50.5144 -50.3818 -50.2482 -50.1131 -49.9588 -49.8235 -49.6924 -49.5592 -49.4242 -49.2874 -49.1462 -49.0014 -48.8545 -48.7051 -48.5549 -48.4031 -48.2488 -48.0922 -47.9384 -47.7800 -47.6188 -47.4525 -47.2827 -47.1100 -46.9360 -46.7610 -46.5830 -46.4044 -46.2230 -46.0376 -45.8474 -45.6540 -45.4614 -45.2668 -45.0671
-51.0193 -50.9101 -50.7949 -50.6758 -50.5549 -50.4319 -50.3070 -50.1818 -50.0588 -49.9303 -49.8037 -49.6755 -49.5424 -49.4060 -49.2677 -49.1270 -48.9856 -48.8437 -48.7126 -48.5632 -48.4136 -48.2625 -48.1091 -47.9550 -47.7942 -47.6303 -47.4646 -47.2988 -47.1304 -46.9589 -46.7869 -46.6124 -46.4335 -46.2508 -46.0658 -45.8811 -45.6933 -45.5020 -45.3084 -45.1116
-51.0108 -50.8984 -50.7818 -50.6632 -50.5454 -50.4283 -50.3094 -50.1888 -50.0662 -49.9352 -49.8052 -49.6734 -49.5394 -49.4041 -49.2680 -49.1296 -48.9889 -48.8474 -48.7047 -48.5600 -48.4131 -48.2613 -48.1068 -47.9525 -47.7953 -47.6364 -47.4751 -47.3120 -47.1470 -46.9786 -46.8068 -46.6320 -46.4563 -46.2794 -46.1037 -45.9195 -45.7324 -45.5444 -45.3543 -45.1619
-50.9985 -50.8901 -50.7787 -50.6657 -50.5513 -50.4348 -50.3134 -50.1891 -50.0631 -49.9314 -49.8022 -49.6728 -49.5412 -49.4075 -49.2723 -49.1369 -48.9994 -48.8597 -48.7163 -48.5696 -48.4205 -48.2693 -48.1185 -47.9683 -47.8131 -47.6563 -47.4973 -47.3357 -47.1704 -47.0014 -46.8324 -46.6627 -46.4902 -46.3133 -46.1339 -45.9540 -45.7716 -45.5876 -45.4029 -45.2145
-51.0046 -50.8955 -50.7846 -50.6689 -50.5507 -50.4304 -50.3086 -50.1852 -50.0577 -49.9323 -49.8050 -49.6760 -49.5470 -49.4163 -49.2837 -49.1486 -49.0091 -48.8674 -48.7232 -48.5786 -48.4331 -48.2854 -48.1358 -47.9875 -47.8345 -47.6783 -47.5192 -47.3575 -47.1955 -47.0314 -46.8656 -46.6955 -46.5228 -46.3501 -46.1756 -45.9987 -45.8200 -45.6392 -45.4571 -45.2836
-51.0066 -50.8943 -50.7801 -50.6640 -50.5462 -50.4285 -50.3089 -50.1873 -50.0603 -49.9367 -49.8123 -49.6859 -49.5580 -49.4263 -49.2915 -49.1546 -49.0157 -48.8774 -48.7367 -48.5941 -48.4499 -48.3038 -48.1557 -48.0080 -47.8549 -47.6992 -47.5438 -47.3869 -47.2265 -47.0624 -46.8962 -46.7302 -46.5631 -46.3932 -46.2212 -46.0471 -45.8705 -45.6957 -45.5488 -45.3994
-51.0012 -50.8892 -50.7774 -50.6639 -50.5487 -50.4314 -50.3129 -50.1939 -50.0691 -49.9466 -49.8221 -49.6939 -49.5640 -49.4320 -49.2991 -49.1655 -49.0299 -48.8923 -48.7528 -48.6117 -48.4686 -48.3229 -48.1781 -48.0281 -47.8791 -47.7280 -47.5742 -47.4162 -47.2551 -47.0952 -46.9349 -46.7719 -46.6063 -46.4384 -46.2685 -46.0965 -45.9495 -45.8060 -45.6661 -45.5235
-51.0002 -50.8909 -50.7798 -50.6669 -50.5538 -50.4389 -50.3223 -50.2038 -50.0776 -49.9534 -49.8273 -49.6991 -49.5723 -49.4436 -49.3127 -49.1799 -49.0454 -48.9089 -48.7703 -48.6297 -48.4870 -48.3422 -48.2018 -48.0562 -47.9081 -47.7557 -47.6011 -47.4472 -47.2924 -47.1357 -46.9761 -46.8144 -46.6506 -46.4847 -46.3353 -46.1978 -46.0609 -45.9248 -45.7894 -45.6526
-51.0025 -50.8948 -50.7857 -50.6748 -50.5623 -50.4471 -50.3289 -50.2089 -50.0827 -49.9600 -49.8368 -49.7119 -49.5854 -49.4573 -49.3273 -49.1954 -49.0616 -48.9259 -48.7879 -48.6486 -48.5100 -48.3695 -48.2295 -48.0821 -47.9333 -47.7849 -47.6370 -47.4866 -47.3319 -47.1757 -47.0178 -46.8579 -46.7058 -46.5738 -46.4410 -46.3105 -46.1785 -46.0465 -45.9144 -45.7780
-51.0087 -50.9019 -50.7933 -50.6811 -50.5672 -50.4514 -50.3337 -50.2160 -50.0927 -49.9720 -49.8495 -49.7255 -49.5999 -49.4722 -49.3424 -49.2115 -49.0785 -48.9445 -48.8107 -48.6748 -48.5363 -48.3939 -48.2531 -48.1096 -47.9677 -47.8232 -47.6749 -47.5235 -47.3712 -47.2167 -47.0618 -46.9352 -46.8069 -46.6810 -46.5545 -46.4265 -46.2982 -46.1674 -46.0368 -45.9069
-51.0142 -50.9066 -50.7967 -50.6850 -50.5722 -50.4589 -50.3439 -50.2271 -50.1046 -49.9850 -49.8636 -49.7403 -49.6155 -49.4883 -49.3593 -49.2295 -49.1005 -48.9696 -48.8358 -48.6978 -48.5584 -48.4197 -48.2861 -48.1469 -48.0044 -47.8592 -47.7120 -47.5621 -47.4114 -47.2825 -47.1595 -47.0372 -46.9155 -46.7922 -46.6680 -46.5425 -46.4161 -46.2892 -46.1647 -46.0376
-51.0176 -50.9099 -50.8018 -50.6925 -50.5818 -50.4691 -50.3553 -50.2399 -50.1184 -49.9995 -49.8784 -49.7557 -49.6316 -49.5068 -49.3814 -49.2543 -49.1242 -48.9912 -48.8564 -48.7220 -48.5898 -48.4559 -48.3215 -48.1812 -48.0394 -47.8956 -47.7500 -47.6171 -47.4989 -47.3797 -47.2629 -47.1447 -47.0242 -46.9031 -46.7815 -46.6584 -46.5370 -46.4142 -46.2923 -46.1686
-51.0232 -50.9179 -50.8109 -50.7023 -50.5928 -50.4816 -50.3687 -50.2539 -50.1326 -50.0141 -49.8938 -49.7736 -49.6530 -49.5302 -49.4045 -49.2755 -49.1445 -49.0137 -48.8863 -48.7569 -48.6244 -48.4921 -48.3546 -48.2156 -48.0753 -47.9401 -47.8264 -47.7103 -47.5974 -47.4836 -47.3678 -47.2505 -47.1329 -47.0147 -46.8963 -46.7780 -46.6591 -46.5388 -46.4208 -46.3259
