-50.6576 -50.6552 -50.6565 -50.6325 -50.6392 -50.6482 -50.3031 -50.3187 -50.3347 -50.3502 -55.8875 -57.2598 -57.3548 -57.3720 -57.5117 -57.6227 -57.6837 -57.6778 -57.6501 -57.6049 -50.9228 -50.9552 -50.9841 -51.0117 -51.0427 -51.0800 -51.1115 -51.1356 -51.1146 -51.1553 -50.8705 -50.9060 -50.9432 -50.9816 -56.6074 -56.6824 -58.2557 -58.3967 -58.5312 -58.6665
-50.7953 -50.7981 -50.8010 -50.8012 -50.8057 -50.7870 -50.7873 -50.7999 -50.8132 -50.4768 -55.9752 -56.0191 -56.0961 -56.1221 -57.6480 -58.0438 -57.8140 -57.8087 -57.7700 -57.6733 -51.0555 -51.0881 -51.1172 -51.1444 -51.1737 -51.2095 -51.2441 -51.2626 -51.2316 -50.9373 -50.9796 -51.0167 -51.0522 -51.0901 -56.6702 -58.3209 -58.4151 -58.5213 -58.6371 -58.7647
-50.8967 -50.9272 -50.9337 -50.9380 -50.9463 -50.9529 -50.9522 -50.9626 -50.9488 -50.9612 -50.9767 -57.5060 -56.1751 -56.3173 0.0000 0.0000 -58.2458 -58.1773 -58.0414 -57.7201 -51.1872 -51.2199 -51.2512 -51.2770 -51.3047 -51.3402 -51.3682 -51.3871 -51.4092 -51.0443 -51.0867 -51.1254 -51.1596 -51.1973 0.0000 0.0000 -58.7765 -58.7954 -58.7391 -58.8483
-51.0559 -51.0306 -51.0367 -51.0405 -51.0753 -51.0850 -51.0883 -51.1002 -51.1115 -51.1223 -51.1364 -57.6203 -57.8541 -57.9171 -63.7148 -60.3582 0.0000 0.0000 -56.4762 -58.0183 -58.0358 -51.3790 -51.3817 -51.4075 -51.4410 -51.4625 -51.4898 -51.5090 -51.1679 -51.1493 -51.1918 -51.2320 -51.2665 -51.3026 0.0000 0.0000 0.0000 0.0000 0.0000 -59.1714
-51.1945 -51.1942 -51.1962 -51.1971 -51.1784 -51.1873 -51.1910 -51.2281 -51.2423 -51.2555 -51.2711 -57.8604 -58.1415 -58.0806 -62.2320 0.0000 0.0000 -66.8266 -58.1929 -58.1729 -58.1886 -51.5172 -51.5454 -51.5778 -51.5917 -51.5829 -51.6075 -51.2550 -51.2787 -51.3092 -51.2950 -51.3356 -51.3714 -51.4059 -51.4427 0.0000 0.0000 0.0000 0.0000 0.0000
-51.3193 -51.3226 -51.3268 -51.3291 -51.3369 -51.3449 -51.3494 -51.3303 -51.3430 -51.3557 -51.3991 -58.1880 -58.3989 -58.3322 -59.8691 0.0000 0.0000 -63.8302 -58.3099 -58.3091 -58.3370 -51.6507 -51.6940 -51.7074 -51.7192 -51.7341 -51.3603 -51.3894 -51.3879 -51.4166 -51.3974 -51.4381 -51.4744 -51.5079 -51.5443 -58.8483 0.0000 -61.3808 0.0000 -61.1281
-51.4408 -51.4450 -51.4496 -51.4529 -51.4613 -51.4687 -51.4736 -51.4840 -51.4958 -51.5081 -51.5460 -58.3174 -58.3813 -58.4348 -59.8010 -64.5077 -59.5360 -62.7543 -58.2928 -58.3323 -58.3743 -51.7840 -51.8054 -51.8215 -51.8337 -51.8499 -51.4697 -51.5003 -51.5241 -51.5478 -51.5778 -51.5379 -51.5765 -51.6102 -51.6451 -57.8277 -58.9246 -60.9988 -60.9981 -60.7858
-51.5592 -51.5645 -51.5697 -51.5734 -51.5825 -51.5913 -51.5967 -51.6068 -51.6172 -51.6297 0.0000 0.0000 0.0000 -58.7304 -59.9830 -62.4808 -63.4689 -62.6638 -59.6051 -58.5217 -58.6949 -51.9195 -51.9389 -51.9537 -51.9607 -51.5484 -51.5743 -51.6030 -51.6294 -51.6526 -51.6843 -51.6641 -51.7014 -51.7095 -51.7430 -51.7785 -58.3549 -59.0046 -60.4163 -64.3758
-51.6747 -51.6813 -51.6870 -51.6913 -51.7011 -51.7109 -51.7168 -51.7277 -51.7375 -51.8029 -66.7240 -67.8290 -67.9994 -59.9183 -59.8395 -61.9203 -62.9342 -62.4183 -59.4990 -58.7572 -58.7522 -52.0302 -52.0474 -52.0617 -51.6379 -51.6630 -51.6892 -51.7156 -51.7411 -51.7624 -51.7902 -51.8195 -51.8019 -51.8365 -51.8672 -51.9016 -57.9665 -58.6143 -59.0754 -64.0427
-51.7874 -51.7952 -51.8017 -51.8066 -51.8172 -51.8281 -51.8345 -51.8458 -51.9110 -51.9381 -63.5563 -65.2397 -65.3569 -59.8223 -59.6190 -61.4544 -62.2822 -62.1580 -60.2064 -58.8831 -58.8303 -58.6562 -52.1496 -51.7122 -51.7369 -51.7616 -51.7882 -51.8168 -51.8450 -51.8676 -51.8927 -51.9216 -51.8997 -51.9356 -51.9672 -52.0001 -57.8330 -58.4337 -61.5940 -62.0395
-51.4231 -51.4326 -51.9140 -51.9195 -51.9310 -51.9429 -51.9499 -51.9616 -52.0510 -52.0643 -61.8750 -63.7563 -64.5864 -57.3658 -59.6796 -61.3274 -62.0302 0.0000 0.0000 -58.9094 -58.8573 -58.7986 -51.7723 -51.8019 -51.8261 -51.8488 -51.8845 -51.9131 -51.9413 -51.9658 -51.9906 -52.0214 -52.0506 -52.0324 -52.0646 -52.0962 -52.1295 -60.4256 -61.2340 -61.9244
-52.0187 -51.5391 -51.5475 -51.5548 -52.0410 -52.0556 -52.0632 -52.1686 -52.1774 -52.1888 -61.1091 -62.7054 -63.5205 -59.7129 -59.7502 -61.2504 -61.8102 0.0000 0.0000 -62.3843 -59.1234 -58.9382 -51.8894 -51.9160 -51.9387 -51.9584 -51.9719 -51.9988 -52.0264 -52.0508 -52.0734 -52.1034 -52.1334 -52.1264 -52.1600 -52.1907 -52.6899 -60.2184 -60.9540 -61.6067
-52.1374 -52.1419 -52.1449 -52.1475 -51.6739 -51.6877 0.0000 0.0000 -52.3761 -52.3097 -60.7089 -62.0386 -62.2890 -59.8150 -59.8194 -60.0698 -61.7746 0.0000 0.0000 -62.4850 -59.1797 -57.1328 -51.9916 -52.0182 -52.0416 -52.0610 -52.0837 -52.1077 -52.1333 -52.1561 -52.1527 -52.2058 -52.2258 -52.2552 -52.2373 -52.7482 -52.7877 -60.0379 -60.6663 -61.2585
-52.2548 -52.2593 -52.2619 -52.2643 -52.2744 -52.2839 0.0000 0.0000 0.0000 0.0000 -52.6385 -61.3030 -61.8902 -59.9151 -59.8696 -60.0777 -61.6365 0.0000 0.0000 -62.5849 -57.1638 -57.1905 -52.1011 -52.1174 -52.1422 -52.1618 -52.1830 -52.2062 -52.2317 -52.2560 -52.2757 -52.2995 -52.3277 -52.3312 -52.8850 -52.8698 -52.9066 -52.9434 -60.4773 -61.0058
-52.4093 -52.4124 -52.3777 -52.3802 -52.3907 -51.8333 0.0000 0.0000 0.0000 0.0000 -52.7728 -61.2240 -62.0575 -60.2504 -60.0987 -60.0855 -58.3858 -60.2909 -60.3312 -58.6108 -57.1563 -57.1870 -57.2220 -52.2117 -52.2396 -52.2600 -52.2803 -52.3035 -52.3280 -52.3526 -52.3722 -52.3937 -52.4219 -52.9657 -53.0000 -52.9769 -52.9824 -53.0430 -60.3994 -60.8828
-52.5259 -52.5291 -52.5302 -52.5317 -52.5062 -51.9258 0.0000 0.0000 -69.2393 -59.9217 -52.6967 -61.1636 -61.9323 -60.3773 -60.2036 -60.3529 -58.4895 -59.8191 -59.7956 -58.4725 -57.5991 -57.2025 -57.2420 -52.2975 -52.3269 -52.3505 -52.3721 -52.3974 -52.4225 -52.4472 -52.4680 -52.4875 -52.5142 -53.0827 -53.1143 -53.1420 -53.1160 -53.1404 -60.3221 -58.2665
-52.6407 -52.6440 -52.6449 -52.6472 -52.0398 -52.0522 -58.9287 -59.1579 -59.5107 -64.0291 -52.7597 -61.0515 -61.7105 -60.4653 -60.2870 -57.7778 -58.4921 -58.6965 -59.7645 -58.6187 -57.6673 -57.1384 -57.1752 -52.3523 -52.4098 -52.4363 -52.4581 -52.4836 -52.5096 -52.5365 -52.5610 -52.5804 -53.1636 -53.1961 -53.2275 -53.2523 -53.2150 -53.2376 -52.7251 -58.2994
-52.7537 -52.7571 -52.7579 -52.1231 -52.1336 -52.1458 -58.4011 -58.9678 -59.0429 -62.1534 -52.8630 -60.9009 -61.4688 -60.4747 -58.2234 -57.7997 -58.4931 -58.6844 -59.6031 -58.6565 -57.7456 -57.2769 -57.3050 -52.4672 -52.4670 -52.4933 -52.5148 -52.5671 -52.5926 -52.6208 -52.6469 -53.2447 -53.2737 -53.3077 -53.3363 -53.3531 -53.3661 -52.7784 -52.8103 -58.2624
-52.8597 -52.8672 -52.8693 -52.2105 -52.2251 -52.2372 -58.1132 -58.6754 -63.1392 -61.9626 -52.9692 -60.5338 -61.2481 -57.6927 -58.2226 -57.7961 -58.4586 -58.6831 -59.4853 -58.6889 -57.8127 -57.3292 -57.3563 -52.5580 -52.5849 -52.6100 -52.6294 -52.6234 -52.6488 -52.6758 -53.3267 -53.3551 -53.3799 -53.4110 -53.4304 -53.4485 -53.4637 -52.8630 -52.8938 -60.6143
-52.9053 -52.9124 -52.2867 -52.2999 -52.3144 -52.3266 -57.9514 -62.4345 -62.8048 -61.7117 -53.0749 -60.7062 -61.1231 -57.5573 -58.2141 -57.7892 -58.4512 -58.6396 -59.3688 -58.6925 -57.8625 -57.3777 -57.4045 -52.6469 -52.6736 -52.6993 -52.7192 -52.7395 -52.7630 -53.4038 -53.4046 -53.4334 -53.4546 -53.5030 -53.5208 -53.5383 -52.9658 -52.9889 -53.5588 -53.5871
-53.0081 -52.3128 -52.3189 -52.3320 -52.3493 -52.4139 -61.1043 -62.2795 -62.5804 -61.5115 -53.1774 -60.6735 -57.9802 -57.6630 -58.2316 -57.6849 -57.9199 -58.5980 -58.7673 -58.6865 -58.4869 -57.8111 -57.4380 -57.4757 -52.7604 -52.7867 -52.8072 -52.8268 -53.4874 -53.5211 -53.5525 -53.5778 -53.5847 -53.5609 -53.5770 -52.9902 -53.0452 -53.6795 -53.6522 -53.6765
-53.1104 -52.3891 -52.3998 -52.4130 -52.4304 -52.4451 -60.8253 -62.1862 -62.3548 -61.3785 -53.2761 -57.7324 -57.9580 -57.6682 -58.2561 -57.8364 -57.9337 -58.4488 -58.7216 -58.6778 -58.5082 -57.8475 -57.4617 -57.5001 -52.8405 -52.8692 -52.8931 -53.5718 -53.6067 -53.6379 -53.6667 -53.6797 -53.6825 -53.6857 -53.0704 -53.0974 -53.7207 -53.7547 -53.7580 -53.7334
-51.9327 -51.9484 -51.9627 -52.4926 -52.5099 -53.3033 -60.8884 -61.6212 -61.7135 -60.9336 -52.6411 -57.7310 -57.9411 -57.6746 -58.2772 -57.8589 -57.9525 -58.5634 -58.7055 -58.5576 -58.4059 -57.8778 -57.4835 -57.5223 -52.9176 -52.9468 -52.9720 -53.6906 -53.7241 -53.7537 -53.7675 -53.7744 -53.7764 -53.1270 -53.1518 -53.1786 -53.8651 -53.8685 -53.8500 -53.8257
-52.0029 -52.0185 -52.0334 -52.0501 -52.7788 -53.4326 -60.9313 -61.4668 -61.5390 -60.8346 -52.6730 -57.5807 -57.9283 -57.6814 -58.3007 -57.8802 -57.9701 -58.5592 -58.6948 -58.6939 -58.5547 -57.8137 -57.4141 -57.5426 -52.9930 -53.0225 -53.7745 -53.8072 -53.8363 -53.8510 -53.8581 -53.8642 -53.1917 -53.2100 -53.2318 -53.9415 -53.9439 -53.9638 -53.9865 -54.0078
-52.0710 -52.0868 -52.1022 -52.1237 -52.9014 -52.9200 -58.2527 -61.3345 -61.3790 -57.7054 -52.7500 -57.5748 -57.7578 -57.5694 -58.2923 -57.8999 -57.9870 -58.5556 -58.6854 -58.5520 -58.5842 -57.9549 -57.9021 -57.4802 -53.0354 -53.8530 -53.8944 -53.9224 -53.9346 -53.9382 -53.9410 -53.2453 -53.2697 -53.2899 -54.0199 -54.0165 -54.0371 -54.0644 -54.0876 -54.1105
-52.1375 -52.1536 -52.1692 -52.9882 -53.0074 -53.0106 -58.2390 -58.4370 -56.3895 -57.6913 -52.8256 -57.5709 -57.7418 -57.5708 -58.1162 -57.7695 -57.8574 -58.5527 -58.6769 -58.5545 -58.6102 -57.9932 -57.9463 -57.6034 -53.9425 -53.9437 -53.9737 -54.0243 -54.0218 -54.0199 -53.2929 -53.3192 -53.3447 -54.1022 -54.0868 -54.1059 -54.1365 -54.1628 -54.1900 -54.2225
-52.2024 -52.2188 -53.0879 -53.0966 -53.1043 -53.0922 -58.2123 -56.2783 -56.3713 -56.2602 -52.3785 -57.5695 -57.7584 -57.5733 -58.1019 -58.2126 -57.8637 -58.3827 -58.5042 -58.5573 -58.6327 -58.0282 -57.9871 -60.6643 -60.6899 -54.1066 -54.1218 -54.0789 -54.0655 -53.3396 -53.3649 -53.3915 -54.1866 -54.1640 -54.1754 -54.1955 -54.2286 -54.2609 -54.3018 -54.3120
-52.2658 0.0000 0.0000 -53.2041 -53.1911 -53.1676 -58.1540 -56.2636 -56.3564 -56.2584 -56.1513 -56.8165 -56.3467 -57.5775 -58.0907 -58.2190 -57.8699 -57.9528 -58.4888 -58.3965 -58.4050 -57.9260 -58.0238 0.0000 0.0000 0.0000 -62.9516 -54.2069 -53.3914 -53.4136 -53.4046 -54.2736 -54.3130 -54.2505 -54.2660 -54.2944 -54.3292 -54.3714 -54.3846 -54.3694
-52.3281 0.0000 0.0000 0.0000 -54.0741 -53.9546 -56.0971 -56.2519 -56.3402 -56.2568 -56.1631 -56.7730 -56.3453 -56.2383 -56.6101 -56.7090 -57.8766 -57.9570 -58.4748 -58.3903 -58.4022 -57.9472 -57.9206 0.0000 0.0000 0.0000 -63.0411 -54.3308 -53.4955 -53.4874 -54.3930 -54.4129 -54.2820 -54.3396 -54.3658 -54.4032 -54.4409 -54.4526 -54.4353 -54.4577
-52.3891 0.0000 0.0000 0.0000 -54.1738 -53.1083 -57.6149 -57.7373 -57.7864 -56.2560 -56.1949 -56.6031 -56.3443 -56.2451 -56.3002 -56.7033 -56.4932 -56.5607 -58.4627 -58.3849 -58.3997 -58.4392 -57.9437 0.0000 0.0000 0.0000 -63.1292 -53.5476 -53.5667 0.0000 -54.5394 -54.3925 -54.4123 -54.4418 -54.4442 -54.4761 -54.5228 -54.4965 -54.5211 -54.5446
-52.4488 0.0000 0.0000 -69.3799 -53.1803 -53.1841 -57.6592 -57.7875 -57.8369 -57.7295 -57.5844 -56.5025 -56.3440 -56.2514 -56.3053 -56.6977 -56.5011 -56.5671 -56.9247 -56.8862 -58.3973 -58.4522 -57.9652 -59.6721 -59.7373 -60.0665 -58.6650 -53.6062 -54.4544 -66.5733 -54.4871 -54.5065 -53.7540 -54.5715 -54.6080 -54.6245 -54.5222 -54.5422 -54.6058 -54.6296
-52.5072 0.0000 0.0000 -58.7395 -53.2407 -53.2501 -57.6797 -57.8091 -57.8625 -57.7769 -57.6428 -57.9116 -57.7403 -56.2574 -56.3103 -56.6926 -56.5078 -56.5726 -56.9205 -56.8862 -56.9108 -56.9316 -57.9858 -59.4232 -59.6483 -59.6728 -58.4742 -54.5029 -54.5226 -64.1306 -62.5065 -53.7606 -54.6802 -54.7209 -54.7274 -54.6345 -54.6507 -54.6703 -54.6521 -54.6743
-52.5638 -56.6700 -56.6721 -58.2341 -53.2791 -53.2947 -57.6398 -57.7922 -57.9063 -57.8084 -57.6887 -57.8897 -57.7749 -57.6271 -57.6672 -56.6876 -56.5138 -56.5772 -56.9154 -56.8855 -56.9122 -56.9350 -56.6541 -57.4555 -59.4502 -59.5158 -61.9340 -61.1743 -54.5526 -54.6167 -58.8246 -54.7896 -54.8054 -54.7985 -54.7200 -54.7365 -54.7529 -54.7587 -54.7787 -54.8008
-53.2177 -56.6255 -56.5357 -56.3275 -52.6969 -53.3228 -57.5706 -57.7591 -57.8521 -57.8033 -57.7236 -57.8760 -57.8028 -57.6623 -57.6999 -58.1713 -57.9130 -56.5813 -56.9103 -56.8847 -56.9126 -56.9376 -56.6704 -57.3361 -57.5762 -60.3372 -61.9597 -61.3378 -54.6391 -54.6800 -63.1537 -54.8822 -54.8700 -54.7762 -54.7990 -54.8171 -54.8336 -54.8547 -54.8763 -55.0341
-53.2781 -58.1623 -57.9965 -56.2387 -52.7514 -52.7702 -56.1062 -57.6846 -57.7872 -57.7593 -57.6966 -57.8399 -57.8231 -57.6911 -57.7283 -58.1896 -57.9416 -57.9967 -58.0553 -56.8835 -56.9128 -56.9399 -56.6850 -57.2622 -60.1013 -60.2056 -59.2728 -58.9898 -54.0697 0.0000 -63.9284 -54.9233 -54.7856 -54.8069 -54.8754 -54.8959 -54.9135 -54.9336 0.0000 0.0000
-53.3373 -58.0410 -57.8770 -57.6239 -53.4020 -52.8228 -56.1299 -56.2346 -56.3010 -57.7101 -57.6631 -57.7819 -57.7905 -57.6900 -57.7492 -58.2030 -58.2830 -58.0214 -58.0774 -58.3754 -58.3922 -56.9417 -56.6747 -57.2134 -59.9856 -60.1295 -59.3080 -59.0522 0.0000 0.0000 0.0000 -54.9989 -54.9321 -54.8902 -54.9101 -54.9291 -54.9917 -55.0110 -64.0970 0.0000
-53.3951 -57.9401 -57.7855 -57.5635 -53.4594 -53.4876 -57.5037 -56.2321 -56.2968 -56.2905 -56.2596 -57.7275 -57.7552 -57.6647 -57.7255 -58.1871 -58.2879 -58.0422 -58.0974 -58.3927 -58.4094 -58.4237 -58.0367 -59.4055 -59.9267 -60.0704 -59.3283 0.0000 0.0000 0.0000 -65.9221 -62.9339 -55.0313 -55.0413 -55.0522 -55.0636 -55.0281 -55.0435 0.0000 0.0000
-53.4513 -57.8561 -57.7120 -57.5186 -53.5153 -53.5448 -57.5029 -57.6199 -57.6904 -56.2916 -56.2660 -53.1507 -56.4819 -57.6374 -57.6997 -58.1503 -58.2510 -58.0369 -58.1116 -58.4072 -58.4252 -58.4405 -61.4136 -61.4325 -63.3487 -60.0093 -57.0660 0.0000 -67.1711 -65.8580 -64.8356 -62.9150 -55.1125 -55.1302 -55.1469 -55.1594 -55.1689 -55.1773 -55.1897 0.0000
-53.5192 -57.8238 -57.6525 -57.4836 -53.5836 -53.6011 -57.5019 -57.6135 -57.6813 -57.6720 -57.6269 -53.2009 -56.4651 -56.2955 -56.3424 -58.1132 -58.2131 -58.0151 -58.0905 -58.3960 -58.4334 -62.4389 -62.3986 -61.5162 -63.2831 -58.9750 -62.1767 -60.6613 -60.5997 -64.9953 -64.1513 -62.8478 -55.1782 -55.1978 -55.2182 -55.2381 -55.2547 -55.2683 -54.3405 -59.6421
-53.5681 -57.7511 -57.6356 -57.4887 -53.6383 -53.6561 -57.5005 -57.6072 -57.6732 -57.6698 -57.6295 -53.8483 -57.8387 -56.2989 -56.3457 -56.6590 -56.7324 -57.9927 -58.0682 -58.3689 -62.4438 -62.4588 -62.4871 -61.5744 -58.8369 -63.4169 -62.2568 -64.8641 -64.5600 -60.3404 -60.0716 -62.5632 -55.2294 -55.2556 -55.2805 -55.3025 -55.3216 -54.3722 -54.3936 -59.1213
