-57.6500 -57.7499 -57.7715 -57.9441 -58.0450 -58.1454 -58.2088 -58.2665 -58.2027 -58.0678 -56.5755 -56.6144 -56.5894 -56.6267 -56.6631 -56.6999 -56.7376 -56.7745 -56.7995 -56.8358 -56.9103 -56.9489 -58.6836 -58.6875 -58.7416 -65.4345 -65.5176 -65.6047 -65.6899 -65.7715 -65.8576 -65.9433 -66.0311 -66.0985 -66.7964 -67.3897 -67.3574 -66.6208 -66.6388 -66.6479
-57.5659 -57.7168 -57.7682 -57.8997 -57.9729 -58.0622 -58.1541 -58.2076 -58.1640 -58.0340 -58.0873 -56.6066 -56.6460 -56.6602 -56.6620 -56.6993 -56.7365 -56.7745 -56.8114 -56.8751 -56.8727 -56.9473 -64.8407 -64.9183 -64.7985 -64.8911 -65.5828 -65.6763 -65.7688 -65.8562 -65.9145 -65.9608 -66.0117 -66.0659 -66.6255 -66.7944 -66.7905 -67.0379 -66.5252 -66.5549
-57.5395 -57.6323 -57.7354 -57.8820 -57.9345 -57.9867 -58.0735 -58.1238 -58.1224 -57.9986 -58.0533 -56.5987 -56.6390 -56.6744 -56.6964 -56.6990 -56.7372 -56.7749 -56.8121 -60.0676 -60.1476 -60.0912 -64.8968 -64.9810 -65.0726 -65.1634 -65.6693 -65.7200 -65.7753 -65.8308 -65.8817 -65.9327 -65.9794 -66.0244 -66.0654 -66.6355 -66.7101 -66.5923 -66.3888 -66.4482
-57.5109 -57.6017 -57.6500 -57.7835 -57.9136 -57.9691 -57.9980 -58.0792 -58.0568 -58.0998 -58.0203 -56.5911 -56.6328 -56.6741 -56.7062 -60.1048 -60.0520 -60.0793 -60.1059 -60.1305 -60.1554 -60.2381 -60.2022 -64.8247 -65.1000 -65.1541 -65.8674 -65.6854 -65.7413 -65.7855 -65.8248 -65.8696 -65.9111 -65.9572 -65.9988 -66.4943 -66.6272 -59.6002 -59.6190 -59.6334
-57.4802 -57.5680 -57.6171 -57.7453 -57.8157 -57.9246 -57.9817 -57.9661 -58.0243 -58.0481 -57.9651 -56.5839 -60.1116 -60.1430 -60.1754 -60.1864 -60.1966 -60.1488 -60.1764 -60.2022 -60.2186 -60.2274 -60.2990 -65.0295 -64.8377 -65.1062 -65.1708 -65.8434 -65.6645 -65.7070 -65.7512 -65.7980 -65.8527 -59.2787 -59.3314 -59.3829 -59.5323 -59.5804 -59.6047 -59.5520
-57.4472 -57.5359 -57.5864 -57.7101 -57.7783 -57.8318 -57.9416 -57.9582 -57.9689 -64.9760 -64.3937 -60.1346 -60.1730 -60.2092 -60.2438 -60.2727 -60.2860 -60.2856 -60.2211 -60.2322 -60.2431 -60.2531 -60.2589 -64.8159 -65.0032 -64.8064 -65.0680 -65.7436 -65.8103 -65.6502 -59.0930 -59.1467 -59.2000 -59.2535 -59.3073 -59.3596 -66.4648 -66.5596 -66.5285 -66.0931
-57.4340 -57.5046 -57.5576 -57.6802 -57.7450 -57.7988 -64.9799 -65.1460 -65.1454 -64.9967 -64.5180 -64.6004 -60.2083 -60.2403 -60.2946 -60.3098 -60.3186 -60.3180 -60.3146 -60.2450 -60.2519 -60.2588 -60.2668 -64.7549 -64.7799 -64.9830 -58.7013 -58.8903 -59.0007 -59.0588 -59.1156 -59.1222 -59.1761 -65.8586 -65.9300 -66.0001 -66.0748 -66.5862 -66.5959 -66.5590
-57.4110 -57.5293 -64.4405 -64.8420 -64.9681 -65.0478 -65.1277 -65.0386 -65.0347 -65.2923 -64.5301 -64.6536 -60.2385 -60.2521 -60.2627 -60.2724 -60.3209 -60.3248 -60.3235 -60.3227 -60.3229 -60.2687 -56.9592 -56.9966 -58.5892 -58.6409 -58.7325 -58.7889 -58.9199 -65.7917 -65.8766 -65.9625 -65.8199 -65.8931 -65.9696 -66.0433 -66.1166 -66.5975 -66.6729 -66.6432
-64.4229 -64.7457 -64.9035 -65.3307 -65.1642 -65.2378 -65.3142 -65.1662 -65.0900 -65.0032 -65.1670 -64.4712 -60.1917 -60.2403 -60.2500 -60.2607 -60.2740 -60.3258 -60.3367 -56.8832 -56.9176 -56.9515 -56.9582 -56.9955 -58.5674 -64.7971 -64.8558 -65.0827 -65.7464 -65.5734 -65.9038 -65.9941 -66.0838 -65.9459 -66.0228 -66.0901 -66.1426 -66.5701 -66.6530 -66.6434
-64.6937 -65.0230 -65.1747 -65.6026 -65.5776 -65.2578 -65.2413 -65.0626 -64.9716 -64.8717 -64.7725 -64.4358 -60.1804 -60.1888 -60.2430 -56.7047 -56.7461 -56.7870 -56.8285 -56.8831 -56.9184 -60.3941 -60.4068 -60.3615 -64.7834 -64.8421 -64.9046 -64.9741 -65.8158 -65.8881 -65.7067 -66.0323 -66.0985 -66.1642 -66.0094 -66.0620 -66.1155 -66.1679 -66.6130 -66.6329
-64.9202 -64.9217 -65.2074 -65.4847 -65.4158 -65.3437 -64.9463 -64.8763 -64.8049 -64.7327 -64.6579 -57.8116 -57.9144 -56.5987 -56.6396 -56.6982 -56.7400 -60.3223 -60.3482 -60.3768 -60.4336 -60.4500 -60.4657 -60.4813 -60.4759 -64.9059 -64.9682 -65.0339 -65.0987 -65.7175 -65.9558 -65.7490 -65.8031 -66.1185 -66.1844 -66.2527 -66.0900 -66.1426 -66.4918 -66.5217
-64.7354 -64.7117 -64.9816 -65.2428 -65.1806 -65.1272 -65.0157 -57.7274 -57.7724 -57.8152 -57.8558 -57.7870 -57.8405 -60.1732 -60.2499 -60.2748 -60.3400 -60.3685 -60.3970 -60.4258 -60.4538 -60.4819 -60.5291 -60.5445 -60.5539 -64.9291 -64.9674 -65.0141 -65.0633 -65.6890 -65.7429 -65.9868 -66.0314 -65.8318 -66.0707 -66.1179 -66.1804 -66.0250 -66.0751 -66.4833
-64.4623 -64.4491 -64.7178 -65.0110 -57.6092 -57.6615 -57.7011 -57.7470 -57.7439 -57.7887 -64.6276 -64.1280 -64.1813 -60.2246 -60.2519 -60.3321 -60.3586 -60.4236 -60.4524 -60.4811 -60.4998 -60.5172 -60.5354 -60.5734 -60.5828 -65.1007 -64.9486 -64.9948 -65.0452 -65.6596 -65.6447 -65.6787 -65.9151 -65.9576 -65.7620 -66.0607 -66.1255 -66.1900 -66.0432 -66.4573
-57.1875 -57.2940 -57.4076 -57.5180 -57.5765 -57.6318 -64.9295 -64.9387 -64.9441 -64.9455 -64.7118 -64.7109 -64.2634 -60.2878 -60.3138 -60.3414 -60.4110 -60.4261 -60.4793 -60.4981 -60.5173 -60.5354 -60.5531 -60.5698 -60.5884 -65.0974 -65.0507 -64.8902 -64.9371 -65.0084 -65.5852 -65.6385 -65.6923 -65.9308 -65.9812 -65.7877 -59.2215 -59.3978 -66.4602 -66.3586
-57.1586 -57.2182 -64.5508 -64.8814 -64.9514 -65.0208 -65.0256 -65.0458 -65.0588 -65.0645 -65.0643 -64.8232 -64.3308 -60.3658 -60.3460 -60.3622 -60.3774 -60.4461 -60.4618 -60.5149 -60.5347 -60.5537 -60.5427 -60.5536 -60.5700 -60.5892 -65.0129 -65.0427 -65.0807 -64.9669 -65.5525 -58.9446 -58.9987 -65.9549 -66.2821 -66.4097 -66.5264 -66.3628 -66.7431 -66.8562
-64.0163 -64.0935 -64.2296 -64.9684 -65.0454 -65.1195 -65.1300 -65.1745 -65.1538 -65.1191 -65.0807 -65.0404 -64.3023 -64.3309 -60.3637 -60.3805 -60.3977 -60.4136 -60.3969 -60.4588 -60.5106 -60.5301 -60.5490 -60.5674 -60.5855 -60.6054 -58.6315 -58.6175 -65.2851 -65.4550 -66.0106 -66.1547 -66.2807 -66.3944 -66.4976 -66.5934 -66.9046 -66.9874 -66.7684 -67.1425
-64.1403 -64.2192 -64.3595 -64.8462 -65.1197 -65.1018 -65.1082 -65.1085 -65.1089 -65.0807 -65.0493 -65.0150 -64.4861 -64.3037 -60.3431 -60.3533 -60.3711 -60.3886 -60.4063 -60.4225 -60.4917 -60.5445 -56.9626 -57.0533 -60.6799 -60.7159 -65.2312 -65.9872 -66.0493 -66.1197 -66.2388 -66.7233 -66.7865 -66.8493 -66.9116 -66.9735 -67.0374 -67.3372 -67.3930 -67.1322
-64.2464 -64.2739 -64.3644 -64.7576 -64.8018 -65.0155 -65.0267 -65.0340 -65.0360 -65.0357 -64.8872 -64.8410 -64.3319 -64.3554 -60.4276 -60.3659 -60.3853 -56.7316 -56.7564 -60.5210 -60.5635 -60.6583 -60.7314 0.0000 0.0000 -61.7715 -61.6712 -66.8750 -66.7692 -66.7255 -66.7328 -67.5516 -67.2653 -67.2832 -67.3084 -67.3392 -67.3770 -67.4161 -67.7161 -67.7548
-64.1850 -64.2158 -64.2441 -64.6274 -64.7005 -64.6697 -64.5710 -64.7887 -64.7984 -64.8039 -64.8077 -64.8014 -64.7832 -57.7846 -60.5296 -60.5972 -60.5742 -60.6236 -60.6657 -60.7026 -60.7361 -60.7665 0.0000 0.0000 0.0000 -62.0004 -61.8254 -68.3728 -68.3122 -68.0852 -67.1923 -68.0203 -67.9863 -67.6864 -67.6808 -67.6870 -67.7040 -67.7244 -66.4866 -66.7355
-64.0720 -64.0986 -64.0395 -64.2197 -64.4664 -64.4716 -64.4841 -64.4954 -57.6023 -57.7279 -66.0223 -66.0236 -66.0126 -65.4090 -65.4402 -60.8991 -60.9147 -60.8457 -60.8646 -60.8830 -60.9015 -60.9200 -60.9379 0.0000 0.0000 0.0000 -61.9825 -68.7983 -68.0368 -67.6307 -67.3544 -67.2067 -67.8827 -67.7862 -66.2872 -66.3201 -66.3580 -66.3963 -66.4362 -66.1676
-63.8681 -63.9067 -63.9521 -57.2585 -57.3086 0.0000 -69.6298 -69.1637 -68.6171 -68.6705 -68.1016 -67.4944 -67.1407 -66.1940 -66.1014 -61.1194 -61.1118 -61.1088 -61.0213 -61.0275 -60.7433 -60.7569 -60.7706 0.0000 0.0000 0.0000 -62.0462 -68.2611 -67.4260 -65.7210 -65.6031 -65.6405 -65.9155 -65.9781 -66.0403 -66.1069 -65.9810 -67.1192 -67.2021 -67.2830
-57.0011 -57.0248 -57.0866 -57.2041 -65.5439 0.0000 0.0000 0.0000 -71.9199 -69.4390 -68.8854 -68.3258 -67.8803 -66.7254 -66.5590 -61.2712 -60.8260 -60.8304 -60.8358 -60.7604 -60.7710 -60.7829 -60.6871 -65.4709 -66.2954 -66.7149 -65.8488 -60.9543 -65.2524 -65.2905 -65.3327 -65.2940 -66.9955 -67.0961 -67.1943 -67.2906 -67.3908 -67.2411 -67.3091 -67.3499
-64.0076 0.0000 -67.9507 -68.2552 -68.5770 0.0000 0.0000 0.0000 -71.8944 -69.1996 -67.8566 -67.6323 -65.5340 -65.4666 -64.9403 -60.7944 -60.6866 -60.7021 -60.7181 -60.7335 -60.7487 -60.6889 -60.7105 -65.0659 -65.4830 -65.6884 -65.7360 -61.3313 -66.3737 -66.3494 -66.4200 -66.4952 -66.5945 -67.2272 -67.2750 -67.3239 -67.3737 -67.4269 -67.2457 -67.2878
-64.0718 0.0000 -68.9843 -64.4533 -64.4255 0.0000 0.0000 0.0000 -69.6989 -65.1680 -65.0734 -64.7692 -64.9879 -64.9903 -64.5537 -60.7161 -60.7021 -60.7206 -60.7413 -60.7609 -60.7799 -60.7991 -60.7412 -61.1323 -66.4064 -66.7627 -66.4444 -61.3786 -66.4446 -66.5073 -66.4975 -66.5208 -66.5610 -67.2704 -67.1881 -67.2330 -67.2846 -67.3394 -67.3926 -67.2214
-64.1627 -64.7986 -64.7438 -64.6709 -64.6144 -65.0003 -65.5772 -65.6003 -65.1636 -65.1197 -65.0682 -65.0240 -64.7376 -64.7387 -64.5164 -64.5591 -60.7249 -60.7495 -61.1705 -61.2090 -61.2428 -61.2734 -61.3024 -61.2429 -66.3672 -66.6753 -66.4799 -61.2891 -61.4454 -66.3370 -66.4039 -66.4524 -66.4859 -67.1867 -66.3625 -66.3207 -66.3769 -66.6278 -68.4292 -68.1969
-64.2567 -64.7978 -64.5848 -64.7461 -64.7077 -65.0497 -64.9638 -65.3145 -65.0356 -65.0691 -65.0359 -64.9956 -64.9621 -64.7109 -65.4240 -65.7823 -61.2434 -61.2808 -61.3158 -61.3375 -61.3364 -61.3398 -61.3435 -61.4191 -66.2760 -66.5607 -66.5104 -66.1224 -61.3448 -63.3805 -65.2565 -65.3297 0.0000 0.0000 0.0000 -70.9121 -69.1293 -68.2610 -67.7836 -67.4643
-64.2366 -64.6671 -64.5282 -64.5114 -64.6799 -64.9777 -65.1006 -64.8814 -64.8872 -66.9677 -67.0190 -66.9673 -66.9019 -67.4538 -66.6039 -66.2102 -61.4692 -61.4384 -61.4187 -61.4057 -61.3958 -61.3869 -61.3844 -60.9699 -65.0792 -65.3229 -65.2145 -65.0130 -60.9730 -63.3383 -63.3858 -65.2258 0.0000 0.0000 0.0000 -69.5092 -67.7839 -67.1451 -59.1753 -59.1353
-63.9943 -64.3924 -64.6240 -64.4487 -64.4941 -64.7987 0.0000 0.0000 -69.4762 -69.3720 -68.6486 -68.1669 -67.7169 -67.3694 -66.9880 -66.1033 -61.2722 -60.8812 -60.8899 -60.9037 -60.9198 -60.9369 -60.9520 -60.9711 -60.9895 -58.2943 -58.3790 -58.3531 -57.1560 -58.0207 -58.0677 -58.1236 -58.9077 -58.9637 -59.0192 -59.0390 -66.9984 -66.9218 -66.9760 -67.0308
-63.9406 -64.1317 -64.5537 -64.2601 -64.4360 -64.6935 0.0000 -75.3395 -69.9971 -67.5717 -67.3845 -65.2902 -65.2966 -65.1633 -65.0207 -64.5235 -64.5043 -60.7666 -56.7365 -56.7857 -56.8340 -56.8816 -56.9288 -56.9741 -57.0190 -58.2686 -58.3553 -58.3895 -57.1695 -56.9147 -58.0657 -58.1128 -58.3308 0.0000 -75.2316 -70.8896 -68.1330 -67.4450 -66.8769 -66.6785
-63.8916 -64.0694 -64.3004 -64.3410 -64.3835 -64.4890 -65.2804 -65.1854 -64.9161 -64.8515 -64.5448 -57.4995 -57.5615 -57.6211 -57.6730 -57.6420 -57.6962 -56.6913 -56.7114 -56.7597 -56.8354 -56.8838 -56.9323 -56.9795 -57.0249 -58.2443 -58.3300 -58.3810 -58.3997 -57.2110 -58.0554 -58.1076 -58.1583 -58.9266 -58.9704 -59.0036 -58.9612 -59.0168 -59.0722 -59.1045
-63.8238 -63.9952 -64.2244 -64.0957 -57.0281 -57.1010 -57.2343 -57.3194 -57.3420 -57.3947 -57.4401 -57.4428 -57.5402 -57.6016 -57.6608 -57.6321 -57.6862 -56.6962 -56.7414 -56.7621 -56.8091 -56.8838 -56.9316 -56.9796 -57.0271 -57.0920 -58.3023 -58.3687 -58.3922 -57.2461 -58.4283 -58.0964 -58.1490 -58.3614 -58.9126 -58.9674 -59.0008 -58.9895 -59.0466 -59.1033
-56.6913 -56.7807 -56.8821 -56.9153 -56.9776 -57.0486 -57.2007 -57.2647 -57.3145 -57.3803 -57.4307 -57.4782 -57.4841 -57.5804 -57.6392 -57.6190 -57.6736 -56.6991 -56.7441 -56.7893 -56.8102 -56.8569 -56.9298 -56.9778 -57.0249 -57.0720 -58.2765 -58.3519 -58.3819 -57.2491 -58.4551 -58.5088 -58.5224 -58.3068 -58.4005 -58.9270 -58.9739 -58.9621 -59.0222 -59.0810
-56.7078 -56.7418 -56.8316 -56.8995 -56.9607 -57.0295 -57.1370 -57.2382 -57.2683 -57.3297 -57.4148 -57.4658 -57.5149 -57.5597 -57.5787 -57.6762 -57.6594 -56.7130 -56.7457 -56.7906 -56.8357 -56.8813 -56.9035 -56.9753 -57.0231 -57.0704 -58.2486 -58.3292 -58.3732 -58.3941 -57.2979 -58.4978 -58.5525 -58.5676 -58.3686 -58.4433 -58.4901 -58.9355 -58.9982 -59.0589
-56.6900 -56.7548 -56.8115 -56.8802 -56.9410 -57.0091 -57.1012 -57.1778 -57.2472 -57.3083 -57.3684 -57.4498 -57.5015 -57.5517 -57.5973 -57.6157 -57.6370 -57.6996 -56.7478 -56.7934 -56.8390 -56.8845 -56.9303 -56.9533 -57.0246 -57.0726 -58.2255 -58.3052 -58.3627 -58.3972 -57.3034 -58.4869 -58.5422 -58.5978 -58.7349 -58.4186 -58.4856 -58.5238 -58.9739 -59.0366
-56.6708 -56.7358 -56.8241 -56.8603 -56.9431 -56.9889 -57.0563 -57.1536 -57.1932 -57.2881 -57.3490 -57.4091 -57.4877 -57.5403 -57.5919 -57.6393 -57.5843 -57.6824 -56.7521 -56.7980 -56.8438 -56.8894 -56.9348 -56.9804 -57.0038 -57.0742 -57.1278 -58.2831 -58.3505 -58.3874 -57.3084 -58.4774 -58.5320 -58.5884 -58.7505 -58.7905 -58.4657 -58.6958 -64.5835 -66.8068
-56.6522 -56.7182 -56.8069 -56.8763 -56.9278 -56.9723 -57.0406 -57.1354 -57.1775 -57.2380 -57.3321 -57.3927 -57.4525 -57.5278 -57.5815 -57.6336 -57.6081 -57.6305 -56.7519 -56.8018 -56.8487 -56.8946 -56.9403 -56.9858 -57.0313 -57.0547 -57.1014 -58.2617 -58.3352 -58.3762 -57.3097 -57.3696 -58.5202 0.0000 0.0000 -72.3960 -70.6256 -69.4653 -65.4306 -65.2878
-56.6376 -56.7039 -56.7921 -56.8618 -56.9434 -56.9572 -57.0237 -57.1158 -57.1623 -57.2226 -57.2830 -57.3767 -57.4372 -57.4968 -57.5701 -57.6239 -57.6029 -57.6547 -56.7224 -56.8020 -56.8514 -56.8980 -56.9437 -56.9891 -57.0343 -57.0796 -57.1030 -58.2105 -58.3136 -58.3635 -58.4012 -57.3566 -58.5036 0.0000 0.0000 -75.1313 -71.9651 -70.7679 -70.1343 -65.8091
-56.6225 -56.6889 -56.7769 -56.8206 -56.9089 -56.9722 -57.0118 -57.0975 -57.1463 -57.2072 -57.2668 -57.3265 -57.4194 -57.4791 -57.5381 -57.6097 -57.6636 -57.6461 -57.6989 -56.7713 -56.8503 -56.8994 -56.9460 -56.9916 -57.0369 -57.0822 -57.1273 -58.1915 -58.2627 -58.3493 -58.3894 -57.3569 -58.4862 0.0000 0.0000 -75.3333 -71.8669 -71.0076 -70.1820 -68.9989
-56.6057 -56.6718 -56.7593 -56.8219 -56.8919 -56.9545 -57.0214 -57.0886 -57.1282 -57.1893 -57.2498 -57.3091 -57.3684 -57.4607 -57.5201 -57.5787 -57.6489 -57.6333 -57.6890 -56.8000 -56.8194 -56.8979 -56.9466 -56.9932 -57.0388 -57.0842 -57.1294 -57.1742 -58.2440 -58.3069 -58.3767 -57.3568 -58.4707 0.0000 0.0000 -75.3638 -72.5530 -70.1919 -69.3229 -68.2266
-56.5871 -56.6536 -56.7406 -56.8038 -56.8736 -56.9570 -57.0030 -57.0695 -57.1408 -57.1706 -57.2313 -57.2915 -57.3505 -57.4095 -57.5013 -57.5605 -57.6189 -57.6082 -57.6757 -56.8035 -56.8484 -56.8679 -56.9460 -56.9951 -57.0404 -57.0867 -57.1322 -57.1772 -58.2537 -58.3207 -58.3377 -57.3697 -57.4040 -58.5131 0.0000 -75.3552 -71.0765 -68.6047 -67.9182 -67.5425
