-72.0420
-72.9870
-73.5784
-73.3929
-72.2762
-70.7992
-76.8272
-76.7423
-73.7694
-73.2518
-73.0071
-71.1896
-71.1702
-70.4106
-69.5958
-68.9104
-68.9361
-62.9378
-62.9425
-69.6329
-71.2722
-71.8086
-72.2009
-72.0297
-71.8787
-71.8233
-71.3261
-71.0421
-72.0239
-70.7703
-72.0044
-70.9819
-71.3492
-71.2849
-71.2635
-71.2017
-69.9017
-69.9629
-63.1474
-63.1787
-71.9224
-72.7401
-73.3479
-72.9761
-71.0904
-69.9603
-73.2503
-73.6223
-73.6091
-73.4848
-73.1748
-71.2546
-70.5111
-70.3010
-69.6647
-68.9870
-69.0202
-63.0047
-63.2408
-71.8885
-71.8327
-71.4796
-71.2722
-72.3165
-71.1082
-72.4855
-71.5695
-71.5111
-71.4498
-71.3813
-71.3128
-70.0454
-70.1047
-63.3608
-71.0744
-71.7216
-72.2284
-71.9966
-71.1808
-70.0647
-72.7281
-73.3695
-73.4903
-73.3866
-73.0972
-71.5901
-70.7904
-70.5770
-69.6010
-69.4932
-69.7847
-63.2716
-63.3596
-71.9028
-71.8469
-71.4988
-71.3846
-72.3944
-72.3054
-72.5715
-71.7136
-71.6574
-71.6039
-71.5382
-71.4726
-70.1104
-70.7781
-63.3729
-76.8937
-71.1835
-71.9050
-72.3181
-72.0686
-71.2735
-70.2052
-72.4962
-73.1533
-73.3727
-73.3079
-73.0731
-71.7152
-71.7320
-71.5790
-70.6476
-69.8646
-69.8011
-63.2963
-63.3949
-77.0966
-77.0038
-71.9195
-71.8634
-71.5810
-71.4938
-72.4629
-72.5436
-71.9200
-71.8495
-71.7954
-71.7380
-71.6742
-71.6097
-70.7623
-70.7254
-63.3909
-74.1671
-71.2617
-71.9895
-72.4083
-72.1505
-71.3727
-70.3127
-72.4007
-73.0088
-73.2739
-73.2612
-73.0749
-72.9022
-71.9969
-71.8518
-70.8802
-70.0593
-70.1388
-63.4191
-63.3810
-74.0664
-75.9058
-75.6832
-73.6382
-73.3869
-71.9355
-71.8273
-71.6670
-71.5962
-72.5307
-72.6202
-72.0059
-71.9670
-71.9140
-71.8570
-71.7936
-72.4011
-70.7092
-70.6593
-63.3463
-71.7860
-71.4098
-72.0404
-72.4380
-71.6529
-71.4705
-70.4170
-72.3776
-74.0916
-74.5397
-74.6327
-73.3109
-73.1464
-72.2212
-72.0786
-71.0705
-70.1359
-70.1089
-63.4217
-63.4149
-72.9267
-72.7953
-73.6381
-73.3691
-73.1904
-71.9562
-71.8688
-71.7542
-71.5560
-72.5890
-72.6772
-72.0981
-72.0644
-72.0182
-71.9611
-71.9316
-71.7958
-71.6568
-70.3137
-70.3455
-63.5354
-71.4719
-72.0746
-72.4505
-71.6906
-72.2852
-71.1243
-73.4141
-74.1144
-74.5664
-74.6871
-73.5168
-73.3571
-72.4133
-72.1961
-71.0760
-70.1380
-70.1036
-63.4634
-63.3448
-71.5184
-72.4722
-72.9352
-73.2253
-73.0573
-71.9655
-71.9060
-71.8116
-71.7644
-72.6355
-72.7205
-72.1740
-72.1417
-72.1052
-72.1417
-72.0121
-71.8825
-72.3600
-70.8614
-70.9345
-63.5880
-71.5205
-72.8737
-73.3490
-72.4899
-72.3581
-71.2164
-73.4910
-74.1548
-74.5964
-74.7638
-73.6918
-73.4901
-72.4300
-72.1771
-71.0681
-70.1323
-69.6280
-63.4133
-63.4201
-71.3647
-72.1793
-72.8030
-73.2372
-73.5417
-72.5826
-71.9220
-71.8486
-71.8341
-72.6646
-72.7453
-72.2301
-72.1991
-72.3163
-72.8133
-72.7007
-72.5920
-72.4886
-70.9630
-70.9907
-63.6354
-72.2401
-72.8870
-73.3470
-72.5113
-72.3892
-71.2641
-73.4572
-74.1539
-74.6047
-74.6365
-73.7135
-73.4338
-72.3995
-71.8993
-70.4720
-69.7219
-69.7678
-63.4984
-63.5125
-72.5768
-73.1730
-75.0886
-72.4379
-72.5218
-72.5158
-72.6852
-72.7631
-72.2763
-72.2459
-72.9589
-72.8851
-72.7550
-72.6051
-72.4829
-70.9091
-70.9244
-63.6675
-71.9989
-72.5450
-72.9243
-72.1511
-72.0103
-71.2574
-73.1801
-73.9770
-74.5448
-75.8824
-71.2404
-70.4019
-69.6549
-69.8035
-63.6910
-63.7774
-74.5695
-73.9542
-75.4376
-74.6469
-74.7369
-72.7637
-72.3036
-72.9842
-72.8763
-72.7647
-72.6499
-72.5183
-72.3762
-70.8367
-70.8370
-63.6938
-72.0719
-72.5891
-72.9666
-72.2063
-72.0762
-71.0260
-72.6996
-73.2177
-73.7713
-73.1798
-76.8610
-76.8119
-76.7633
-70.9621
-70.1717
-70.1107
-70.2784
-63.7347
-63.7691
-76.1758
-76.1954
-74.9384
-74.9025
-74.7504
-72.7497
-72.9433
-72.8416
-72.7324
-72.1328
-72.0256
-71.9198
-71.8382
-70.4867
-70.5096
-63.6554
-72.5461
-73.0880
-73.4938
-72.2801
-72.1290
-71.0853
-72.7319
-73.3390
-73.4420
-72.8668
-73.9858
-74.0403
-73.7114
-71.0135
-70.7109
-70.0079
-70.1154
-63.7245
-63.7349
-74.4183
-75.4956
-76.3777
-76.5450
-74.6829
-78.2209
-74.8839
-74.7678
-72.8386
-72.3173
-72.2451
-72.1433
-72.0395
-71.9351
-71.8532
-71.7542
-70.4639
-70.4560
-63.7130
-72.7279
-73.2629
-73.6911
-72.8522
-72.7149
-71.5599
-73.4019
-73.7846
-73.8103
-72.3804
-73.4392
-73.7500
-74.1513
-71.6545
-70.8402
-70.1051
-70.1835
-63.7668
-63.7713
-72.6066
-73.6646
-74.6273
-75.1229
-73.4513
-75.0474
-74.5651
-74.7889
-72.3597
-72.1896
-72.1379
-72.0365
-71.9332
-71.8302
-71.7491
-71.6523
-70.3975
-70.3861
-63.7416
-73.2151
-73.8260
-72.9038
-71.6712
-73.4233
-73.7623
-72.9847
-73.9198
-72.3481
-71.4080
-70.5729
-70.5863
-63.8934
-63.7740
-72.0226
-73.2618
-73.9000
-74.2875
-73.0302
-73.0397
-72.1848
-74.2383
-72.1470
-73.9014
-72.2430
-72.0560
-72.0202
-71.9177
-71.8136
-71.7100
-71.6277
-71.5307
-70.3136
-70.2969
-70.2950
-73.6662
-74.7532
-72.7622
-71.5870
-72.6202
-73.0183
-74.4829
-76.1264
-72.5735
-71.6408
-70.8165
-70.9298
-63.9758
-74.5346
-73.1173
-72.4072
-73.4212
-72.0675
-73.0278
-72.0331
-73.4054
-72.1061
-71.9162
-71.8908
-71.7870
-71.6802
-71.5910
-71.4879
-71.3881
-70.2101
-70.1849
-70.1739
-72.8776
-73.3147
-77.5730
-77.5583
-71.7643
-70.8516
-72.9270
-73.4542
-73.9299
-75.6736
-72.5189
-71.5871
-70.7657
-70.6362
-64.0828
-74.3693
-74.1113
-72.9673
-72.3699
-71.9534
-72.7087
-71.8375
-73.0514
-71.9749
-71.7701
-71.7358
-71.6443
-71.5331
-71.4381
-71.3296
-71.2237
-71.1536
-70.0488
-69.4351
-72.4627
-72.7391
-75.3396
-74.0161
-72.0600
-71.1292
-72.6942
-73.1843
-72.8514
-73.7931
-76.0429
-76.8632
-75.1012
-71.8989
-71.0403
-70.0687
-70.1898
-69.8861
-73.1622
-73.7064
-74.2765
-74.0148
-73.6531
-72.6383
-72.2560
-71.8258
-72.4394
-71.8132
-72.7729
-71.8365
-71.6270
-71.5736
-71.4904
-71.3729
-71.2699
-71.1453
-71.0684
-71.0309
-69.9874
-69.9911
-72.2697
-72.0077
-74.0743
-74.4339
-72.1643
-71.2394
-72.7740
-73.1291
-72.6913
-73.5044
-73.7354
-75.2123
-73.8513
-71.5006
-70.6712
-69.4501
-69.3739
-69.2925
-63.8564
-71.8047
-72.0238
-72.0722
-71.0791
-71.8009
-71.0430
-70.6759
-71.3038
-70.6557
-70.9741
-70.5882
-70.4699
-70.3222
-70.2615
-70.1770
-70.0827
-69.9896
-69.9226
-69.8359
-68.9951
-68.9089
-71.1154
-72.3698
-73.4981
-73.0307
-71.4767
-70.6713
-71.2093
-71.6970
-71.4503
-71.9474
-72.0543
-72.7984
-72.2767
-70.7208
-70.0086
-69.3451
-69.3156
-69.2862
-63.7878
-71.3968
-71.6743
-71.8189
-71.0341
-71.7569
-70.9955
-70.6282
-70.6233
-70.6015
-70.9132
-70.5972
-70.5039
-70.3672
-70.3192
-70.2376
-70.1460
-70.0566
-69.9930
-69.9088
-69.0130
-68.9739
-71.5927
-72.4183
-73.2233
-72.7227
-71.7845
-70.5181
-71.2033
-71.6690
-71.4217
-71.9023
-71.9774
-72.5898
-72.1133
-70.7132
-70.0130
-69.3552
-69.3247
-69.2943
-63.8209
-71.0900
-71.3954
-71.5754
-70.9815
-71.6883
-70.9767
-70.5827
-71.1642
-71.1312
-70.4672
-70.6338
-70.5485
-70.4050
-70.3643
-70.2878
-70.1990
-70.1115
-70.0496
-69.9079
-69.0648
-69.0235
-71.5829
-72.4054
-72.5234
-72.6013
-71.7729
-70.8506
-71.1952
-71.6451
-71.7628
-71.8600
-71.9269
-72.4276
-72.0007
-70.7081
-70.0169
-69.3648
-69.3333
-68.9917
-63.8614
-70.8728
-71.1902
-71.4018
-70.9973
-71.5884
-70.9988
-70.6121
-71.5494
-71.1284
-70.4498
-70.6463
-70.5861
-70.4359
-70.4051
-70.3297
-70.2421
-70.1556
-70.0380
-69.9489
-69.1052
-68.7990
-72.9735
-75.5708
-73.7015
-72.6386
-73.4850
-75.1132
-70.0223
-69.4054
-69.3583
-69.3818
-64.1729
-72.4547
-73.4211
-76.2566
-70.9860
-71.6860
-71.6375
-72.4351
-72.0760
-71.9558
-71.9970
-71.9853
-71.9832
-72.0706
-72.1962
-72.4137
-73.4545
-74.7461
-74.0264
-76.0458
-75.0440
-73.7733
-74.8897
-75.9767
-71.1136
-71.1158
-70.4422
-70.7775
-64.3704
-73.5187
-74.7205
-75.9435
-75.0040
-75.1100
-72.4885
-72.4728
-72.4612
-72.5226
-72.5620
-72.7282
-72.8687
-73.6434
-74.3259
-74.8231
-75.1931
-75.2564
-80.1942
-80.1590
-80.1240
-80.0677
-71.6356
-71.6749
-70.9588
-71.0829
-64.4846
-73.7229
-74.6386
-75.6594
-75.6321
-75.3536
-72.8511
-72.9902
-72.9837
-73.5787
-73.6035
-73.7404
-74.6359
-74.9004
-75.0585
-74.3213
-75.8435
-76.7760
-76.6776
-76.0957
-71.8052
-71.7906
-71.0084
-71.0538
-64.4872
-72.9569
-73.4583
-73.9314
-77.5946
-76.7501
-74.2605
-73.7378
-77.4856
-77.3178
-77.2225
-75.3033
-73.1942
-73.1359
-73.3318
-73.3726
-73.4401
-73.4387
-73.4162
-73.3706
-76.9360
-74.9248
-77.6182
-78.1271
-77.7733
-77.1855
-73.8700
-77.0270
-77.0980
-76.9651
-76.8677
-74.0876
-76.0776
-76.3713
-76.1733
-75.3117
-71.8855
-71.8691
-71.0731
-71.1089
-64.5321
-72.8132
-73.2637
-73.6758
-76.0189
-74.2079
-75.3798
-73.5781
-76.4102
-75.5971
-75.3870
-74.8127
-73.5641
-73.4936
-73.4344
-73.4551
-73.4477
-73.4089
-73.3578
-73.2908
-75.6241
-74.4523
-76.4686
-76.4151
-76.1188
-75.0806
-73.2736
-74.7981
-75.7159
-75.7719
-74.9790
-73.4743
-74.8138
-74.9813
-74.7521
-74.0494
-71.4819
-71.4502
-70.7110
-70.6949
-64.4732
-72.0585
-72.3843
-72.6549
-72.7777
-73.1510
-74.0066
-72.5674
-73.8347
-74.0725
-73.9035
-72.7029
-72.6223
-72.5498
-72.5511
-72.4662
-73.5011
-73.7573
-75.0340
-75.4811
-75.9975
-76.8830
-76.6241
-76.1534
-73.8344
-75.4504
-76.5299
-76.6781
-75.9549
-74.1767
-74.3961
-75.7314
-75.4669
-74.7026
-72.0249
-71.9919
-71.1568
-71.1537
-64.6238
-72.6496
-73.0180
-73.3287
-73.5236
-74.1473
-74.8492
-73.2758
-75.1933
-76.3072
-76.0823
-74.2718
-74.3307
-74.5194
-74.5139
-74.5605
-74.7545
-74.9200
-75.1716
-75.5153
-76.9024
-76.7340
-76.4646
-75.0919
-73.9079
-75.4094
-76.4183
-76.5755
-76.0308
-74.2987
-74.5152
-75.6103
-75.3530
-74.6654
-72.1120
-72.0611
-71.2231
-71.2207
-64.6802
-72.6575
-72.9898
-73.2774
-73.1668
-73.5424
-75.1396
-73.4821
-76.0072
-76.6175
-76.4090
-74.5877
-74.7390
-74.8231
-74.8965
-74.7866
-74.9916
-75.1403
-75.3226
-75.5624
-76.7269
-76.5410
-76.2598
-74.9931
-73.9249
-75.3172
-76.1990
-76.3304
-75.9485
-75.4645
-74.4937
-75.3788
-75.1299
-74.4899
-72.1125
-72.0653
-71.2373
-71.2350
-64.7257
-72.5977
-72.6265
-72.8706
-73.1829
-73.5543
-75.7773
-73.9427
-75.9832
-76.3087
-76.6382
-74.9645
-75.0212
-75.0917
-75.1807
-75.1756
-75.1848
-75.2919
-75.4426
-75.6175
-76.5490
-76.3557
-76.0930
-74.9239
-73.9346
-75.2419
-76.0154
-76.1199
-75.8494
-75.4399
-74.4534
-75.1188
-74.8631
-74.3022
-72.0785
-72.0281
-71.2092
-71.2042
-64.7589
-72.2510
-72.5431
-72.7789
-73.1395
-73.7167
-74.0225
-73.8858
-75.6166
-76.0829
-76.3463
-75.1810
-76.4939
-75.1617
-75.2634
-75.5420
-75.6767
-76.3929
-76.1974
-75.9454
-74.1604
-73.9454
-75.1490
-75.8365
-75.9177
-75.7304
-75.3008
-74.2890
-74.8703
-74.6361
-74.1388
-72.0408
-71.9852
-71.1794
-71.0086
-64.7584
-72.1941
-72.4141
-72.9286
-73.2813
-73.5708
-73.8522
-73.6895
-75.4198
-75.9450
-76.0852
-74.6513
-75.0558
-80.0340
-80.5417
-75.0718
-75.1964
-75.1572
-75.1750
-81.5305
-81.4163
-76.2479
-76.0537
-75.8236
-74.1405
-73.9452
-75.0905
-75.6750
-75.7271
-75.5603
-75.1208
-74.1332
-74.0180
-74.4396
-73.9931
-71.9990
-71.7520
-71.0071
-71.0143
-64.7994
-72.1404
-72.5603
-72.8282
-73.1581
-73.4223
-73.5783
-73.5922
-75.3293
-75.6781
-75.8056
-74.7668
-74.8490
-78.3247
-78.8998
-78.2498
-74.9243
-75.1342
-75.3062
-76.1024
-75.9236
-75.6952
-74.1118
-73.9385
-75.0314
-75.4985
-75.5035
-75.3711
-74.9565
-73.9931
-73.8790
-74.2654
-73.5146
-71.7905
-71.7540
-71.0140
-71.0181
-64.8754
-72.2340
-72.4789
-72.7903
-73.0383
-73.1953
-73.4114
-73.5606
-75.1330
-75.4150
-75.8111
-74.5665
-74.6165
-77.1972
-77.7799
-77.1359
-74.7637
-74.9682
-75.2158
-76.2917
-76.0956
-75.8649
-74.2880
-74.1144
-75.1822
-75.4402
-75.5748
-75.4397
-75.0548
-74.0686
-73.9514
-74.0507
-73.6598
-71.9288
-71.7378
-71.0081
-71.1542
-64.9122
-72.1676
-72.4090
-72.6979
-72.8632
-73.0694
-73.3351
-73.4389
-73.7511
-75.1766
-75.5450
-74.3761
-74.4001
-76.4748
-76.8625
-76.3784
-74.5199
-74.7407
-75.0566
-75.7280
-83.0145
-83.2555
-76.0472
-75.8610
-75.7262
-73.5490
-74.0504
-75.0550
-75.2797
-75.3470
-75.2161
-74.8688
-73.6494
-73.5651
-73.9322
-73.5665
-71.9360
-72.0251
-70.8606
-70.8459
-64.8514
-71.5874
-71.7521
-71.8683
-72.0134
-72.2004
-72.3340
-72.4047
-72.5739
-73.6972
-73.7832
-72.9240
-72.8428
-73.9045
-76.2226
-76.0135
-74.4157
-74.6406
-74.9842
-75.5599
-76.0519
-75.8452
-75.6094
-74.0282
-73.9730
-74.9308
-75.2155
-75.2362
-74.7855
-74.5161
-73.6697
-73.5797
-73.9517
-73.8602
-72.2467
-72.1016
-71.3318
-71.3325
-65.0266
-72.3897
-72.5701
-72.7900
-73.0136
-73.3079
-73.5528
-73.7740
-74.2905
-74.6982
-76.7436
-75.9855
-76.6402
-76.1163
-74.6059
-74.8463
-75.1743
-75.6557
-76.0832
-75.8781
-75.1815
-74.1893
-74.1319
-75.1041
-74.8694
-74.8746
-74.8051
-74.6489
-74.3939
-73.7058
-73.8767
-74.0239
-72.4673
-72.2575
-71.4707
-71.4507
-65.1038
-72.5279
-72.7607
-73.0016
-73.3147
-73.5821
-73.8680
-74.3251
-74.7319
-75.1867
-77.4562
-76.4315
-76.7200
-74.7568
-73.4524
-73.3711
-74.8908
-74.9133
-79.6046
-79.5408
-76.1163
-75.9163
-75.2556
-74.2856
-74.2280
-74.8941
-75.0718
-75.0681
-75.0111
-74.7849
-74.7227
-73.9819
-74.0019
-74.1875
-73.2922
-72.4021
-71.6107
-71.5970
-65.1810
-72.6953
-72.9306
-72.9268
-73.1078
-73.2442
-73.3508
-73.5861
-73.7328
-73.8676
-74.2744
-74.1909
-74.1135
-76.7663
-76.6768
-74.9206
-73.6290
-73.5440
-73.4574
-73.4322
-75.5533
-75.7401
-76.1533
-75.9586
-75.3330
-74.1295
-74.0918
-75.0310
-75.1790
-75.1321
-75.1233
-75.2264
-74.9928
-74.2064
-74.1400
-74.2153
-73.3332
-72.5484
-71.7119
-71.7369
-65.2529
-65.3333
-73.1533
-73.4092
-73.6739
-73.8954
-74.2519
-74.4593
-74.6646
-74.8635
-75.0631
-75.4540
-76.8341
-78.5814
-78.9782
-76.8304
-75.2210
-75.3942
-75.6974
-76.1972
