-71.0971
-71.0303
-70.9621
-70.8929
-70.8214
-70.7465
-69.1007
-68.7811
-68.5208
-68.5494
-70.0207
-70.1303
-70.2079
-70.2841
-70.3377
-69.1890
-69.1478
-69.1902
-69.2270
-67.9619
-67.8758
-69.7170
-69.8165
-69.3971
-69.2986
-69.1993
-69.3901
-67.3710
-69.8643
-69.4884
-67.1651
-69.8990
-70.9967
-71.7402
-70.8943
-68.3272
-68.1906
-68.2132
-68.2638
-68.3389
-71.0605
-70.9914
-70.9210
-70.8496
-70.7723
-70.6952
-69.0258
-68.6999
-68.4354
-68.4186
-68.8045
-70.0591
-70.1416
-70.2195
-70.2822
-69.1433
-69.0752
-69.1175
-69.1534
-67.8895
-67.8021
-69.6282
-69.7302
-69.3344
-69.2336
-69.1319
-69.3222
-67.2922
-69.8496
-69.4442
-67.0830
-70.0095
-71.2575
-72.2906
-68.3712
-68.2371
-68.1226
-68.1483
-68.2027
-68.2819
-71.0236
-70.9523
-70.8796
-70.8022
-70.7228
-70.6435
-68.9456
-68.6176
-68.3437
-68.3408
-68.7098
-69.9815
-70.0742
-70.1540
-70.2264
-69.1370
-68.9989
-69.0354
-69.0776
-67.8166
-67.7277
-69.5381
-69.3490
-69.2717
-69.1684
-69.3618
-69.2540
-67.2129
-69.8441
-69.4045
-67.0001
-70.3853
-71.6448
-72.7643
-68.3293
-68.0604
-68.0548
-68.0838
-68.1824
-68.2706
-70.9866
-70.9130
-70.8357
-70.7545
-70.6729
-70.5913
-70.5820
-68.5342
-68.2123
-68.2607
-68.6287
-69.9023
-70.0045
-70.0843
-70.1624
-70.0469
-68.9210
-68.9583
-69.0144
-67.7430
-67.6527
-69.4466
-69.2367
-69.2091
-69.1032
-69.2963
-69.1855
-67.1328
-69.8500
-69.3709
-66.9163
-70.7529
-72.5331
-73.2490
-68.2110
-68.0270
-68.0341
-68.0705
-68.2229
-68.3405
-70.9495
-70.8729
-70.7898
-70.7064
-70.6226
-70.5400
-70.5271
-68.3689
-68.4274
-68.1794
-68.2672
-69.8173
-69.9296
-70.0117
-70.0502
-69.9806
-68.8425
-68.8805
-68.9362
-67.6690
-67.5772
-69.3536
-69.1402
-69.1466
-69.0379
-69.2307
-69.1168
-67.0521
-69.8710
-69.3451
-66.8318
-71.4633
-76.2146
-75.8019
-68.3228
-68.0928
-68.0943
-68.1215
-68.1664
-70.3502
-70.9123
-70.8290
-70.7437
-70.6581
-70.5719
-70.5523
-70.4718
-68.6434
-68.3419
-68.0935
-68.1537
-69.7298
-69.8536
-69.9380
-69.9766
-69.9139
-68.7578
-68.8430
-68.8572
-67.5944
-67.5010
-69.2592
-69.0513
-69.0841
-68.9726
-69.1651
-69.0479
-66.9707
-69.9116
-69.3301
-66.7499
-72.6148
-68.1147
-68.0377
-68.0048
-68.0145
-68.0629
-70.0403
-70.8719
-70.7850
-70.6974
-70.6094
-70.5208
-70.5022
-70.2822
-68.5568
-68.2525
-68.0064
-68.0590
-69.6406
-69.7735
-69.8635
-69.9023
-69.8471
-68.6780
-68.7358
-68.7776
-69.4530
-67.4244
-69.1631
-68.9611
-69.0219
-68.9074
-69.0994
-68.9789
-68.3540
-69.7741
-69.1564
-66.6631
-67.7277
-67.9942
-67.8984
-67.7416
-67.7868
-67.9914
-70.2185
-70.8300
-70.7408
-70.6492
-70.5559
-70.4623
-70.4415
-70.2226
-68.4691
-68.1632
-67.9182
-67.9672
-69.5499
-69.6856
-69.7448
-69.8273
-69.7730
-68.5975
-68.6549
-68.6972
-69.3593
-67.3471
-69.0655
-68.8696
-68.9599
-68.8422
-68.8606
-68.7441
-68.1375
-69.8752
-69.1787
-66.6363
-68.0243
-67.8024
-67.7206
-67.6870
-67.7912
-67.8039
-67.8537
-67.9370
-70.1903
-70.7848
-70.6899
-70.5948
-70.4992
-70.4042
-70.2508
-70.1626
-68.3804
-68.0728
-67.8288
-67.8784
-69.4574
-69.5962
-69.6659
-69.7515
-69.7058
-68.5580
-68.5733
-68.6161
-69.2647
-67.3475
-69.0811
-68.7949
-68.7244
-68.6118
-68.7994
-68.6794
-68.1410
-70.1433
-69.3278
-66.5572
-67.8380
-67.8695
-67.7828
-67.7469
-67.7244
-67.7405
-67.7951
-67.8839
-70.1646
-70.7342
-70.6373
-70.5401
-70.4422
-70.2775
-70.1929
-70.1022
-70.0120
-67.9827
-67.7384
-67.7884
-68.2010
-69.5051
-69.5861
-69.6750
-69.6385
-68.5864
-68.5995
-68.6427
-69.2938
-67.0670
-66.9734
-68.5161
-68.6617
-68.5514
-68.8294
-68.7015
-68.5709
-70.3723
-69.6497
-66.5830
-67.9097
-67.7992
-67.7352
-67.6786
-67.6580
-67.6779
-67.7376
-67.8771
-70.1415
-70.6836
-70.5845
-70.4850
-70.3851
-70.2215
-70.1345
-70.0415
-69.9487
-67.8901
-67.6468
-67.6973
-68.1848
-69.5109
-69.6509
-69.7378
-69.7155
-68.4705
-68.2366
-68.2822
-68.8822
-66.9917
-66.8963
-68.5140
-68.6677
-68.8962
-68.7674
-68.8143
-68.6722
-71.0020
-70.0968
-66.5277
-67.8460
-67.7327
-67.6671
-67.6106
-67.5924
-67.6164
-67.6816
-69.8977
-72.8780
-70.6328
-70.5315
-70.4299
-70.2602
-70.1653
-70.0759
-69.9804
-70.0574
-67.9008
-67.9623
-67.7027
-68.0896
-69.4125
-69.5665
-69.2824
-69.3323
-68.1105
-68.1578
-68.2173
-68.8915
-66.9793
-66.8799
-68.4205
-68.7627
-69.0332
-68.8924
-68.7481
-68.6007
-71.5609
-70.5204
-66.4355
-67.7794
-67.6667
-67.5994
-67.5432
-67.5276
-67.5561
-67.7346
-69.9095
-72.9635
-70.5821
-70.4785
-70.5064
-70.4033
-70.3056
-70.2013
-70.0970
-69.9929
-67.8047
-67.8662
-67.6080
-67.6096
-68.9526
-69.1052
-69.2104
-69.2724
-68.1177
-68.1654
-68.6311
-68.7978
-67.0311
-66.9258
-68.5030
-68.6712
-68.9767
-68.8311
-68.6817
-68.5289
-72.4133
-71.4340
-66.1966
-67.7171
-67.6230
-67.5343
-67.5850
-67.4857
-67.5161
-67.5907
-69.8763
-73.1656
-70.7548
-70.6410
-70.4553
-70.3495
-70.2490
-70.1420
-70.0349
-69.9279
-67.7073
-67.5010
-67.2637
-67.2958
-68.8602
-69.1259
-69.2541
-69.2845
-68.0352
-68.2617
-68.7482
-68.9061
-66.9525
-66.8451
-68.4047
-68.5779
-68.9211
-68.7704
-68.6154
-68.4569
-74.5871
-73.5098
-66.1845
-67.7721
-67.6698
-67.4862
-67.4279
-67.4151
-67.4509
-67.5323
-73.0321
-73.6365
-70.7049
-70.5112
-70.4040
-70.2955
-70.1922
-70.0823
-69.5141
-69.4208
-68.8507
-67.4096
-67.2508
-67.2734
-68.8750
-69.0346
-69.2404
-69.4613
-68.1292
-68.1790
-68.6668
-68.8093
-68.7903
-66.5550
-68.3044
-68.4829
-68.8662
-68.7101
-68.5493
-68.3847
-66.0242
-67.6148
-67.5096
-67.4121
-67.3550
-67.3459
-67.3875
-67.4761
-74.6960
-73.9690
-70.6548
-70.4627
-70.3526
-69.7309
-69.6450
-69.5530
-69.4597
-69.3632
-68.9004
-67.3983
-67.1572
-67.1792
-68.9964
-69.1751
-69.4062
-69.3976
-68.0447
-68.0952
-68.5844
-68.7116
-68.7279
-66.4621
-68.2019
-68.3862
-68.8124
-68.6504
-68.4835
-68.3413
-66.1410
-66.0196
-65.9232
-67.5690
-67.4378
-67.3392
-67.2835
-67.2784
-67.3263
-69.5380
-79.7597
-79.5818
-69.9548
-69.8664
-69.7765
-69.6845
-69.5963
-69.6450
-69.5434
-69.4412
-68.8313
-67.4698
-67.2192
-67.2402
-68.8943
-69.1390
-69.2812
-69.3340
-67.9745
-68.0106
-68.5013
-68.6129
-68.6661
-66.3805
-68.0972
-68.3243
-68.7946
-68.6195
-68.4399
-68.2565
-66.0432
-65.9193
-65.8213
-67.5020
-67.3674
-67.2677
-67.2135
-67.2129
-67.1570
-69.3340
-69.9169
-69.8263
-69.8922
-69.7915
-69.6949
-69.5914
-69.7797
-69.6646
-69.0044
-67.3721
-67.0885
-67.1429
-67.5876
-69.0417
-69.1925
-69.2705
-67.9642
-67.9252
-68.4175
-68.5133
-68.6485
-66.3199
-68.0168
-68.2093
-68.7281
-68.5474
-68.3617
-68.2158
-65.9198
-65.8181
-65.7347
-67.4366
-67.2985
-67.0851
-67.0377
-67.0453
-67.1093
-72.4007
-70.0490
-69.9496
-69.8482
-70.0758
-69.9602
-69.8433
-69.7252
-69.6061
-68.9350
-67.2729
-67.3037
-67.0403
-67.4404
-68.9418
-69.0982
-69.2073
-68.0171
-67.8796
-68.3714
-68.4450
-68.5711
-66.2272
-66.1368
-68.0924
-68.6580
-68.4763
-68.2840
-68.1354
-65.8188
-65.7161
-65.5492
-67.2562
-67.1220
-67.0262
-66.9805
-66.9933
-67.0649
-75.0390
-70.3616
-70.2607
-70.1451
-70.0326
-69.9133
-69.7926
-69.6704
-69.5473
-68.8650
-67.1722
-67.2020
-66.9404
-67.3835
-68.8579
-69.0623
-69.1966
-69.0458
-67.7764
-68.2686
-68.3260
-68.4942
-66.1336
-66.0421
-68.3200
-68.5611
-68.4063
-68.1012
-67.9031
-65.6347
-65.5350
-65.4518
-67.2053
-67.0668
-66.9695
-66.9259
-67.0467
-67.1115
-70.2908
-70.2252
-70.1057
-69.9895
-69.8664
-69.7416
-69.6154
-69.4881
-68.7942
-68.7684
-67.1469
-66.8810
-66.9920
-68.7271
-68.9404
-69.1107
-68.9557
-67.6723
-68.1648
-68.2060
-68.4181
-66.0394
-65.9466
-68.0377
-68.2849
-68.2392
-68.0376
-67.8311
-65.5410
-65.4556
-65.3534
-67.1574
-67.1241
-67.0207
-66.9765
-66.9997
-67.0891
-67.2344
-67.4216
-67.6876
-70.2183
-70.1901
-70.0667
-69.9467
-69.8196
-69.8406
-69.6834
-69.5339
-68.7985
-68.6666
-67.0247
-66.7620
-66.8613
-68.5929
-68.8160
-69.0248
-68.8652
-67.5672
-68.0601
-68.0849
-68.1697
-65.8479
-65.7595
-67.9326
-68.1898
-68.1858
-67.9754
-67.7158
-65.4475
-65.4376
-65.3295
-67.2270
-67.0728
-66.9679
-66.9268
-66.9861
-67.1020
-67.2600
-67.4611
-67.6915
-70.1442
-70.1512
-70.2249
-70.0696
-69.9101
-69.7517
-69.5919
-69.4398
-68.6977
-68.5630
-66.9006
-66.6817
-66.7375
-68.4553
-68.6889
-68.9255
-68.5689
-67.3144
-67.7974
-67.8121
-68.1139
-67.5640
-65.6727
-67.8251
-68.1508
-68.2515
-68.0640
-67.7848
-65.4311
-65.3371
-65.2266
-67.2340
-67.0723
-66.9646
-66.9261
-66.9647
-67.0762
-67.2471
-67.4612
-67.7044
-70.2821
-70.2580
-70.1469
-69.9830
-69.8207
-69.6599
-69.4978
-69.3433
-68.5367
-68.4518
-66.7745
-66.5590
-66.5816
-68.1212
-68.3651
-68.6120
-68.5024
-67.2253
-67.7104
-67.7245
-68.0599
-67.5039
-65.6524
-67.8239
-68.1667
-68.2453
-68.0058
-67.7122
-65.3838
-65.2680
-65.1540
-67.1968
-67.0296
-66.9209
-66.8701
-66.9342
-67.0580
-67.2427
-67.4706
-67.7272
-70.1508
-70.1260
-70.0581
-69.8921
-69.7276
-69.5649
-69.4036
-69.2441
-68.4296
-68.3446
-66.5094
-66.6249
-66.3391
-68.0030
-68.2597
-68.5200
-68.4369
-67.1355
-67.7372
-67.6768
-68.1294
-67.5466
-65.5632
-67.8019
-68.1722
-68.2671
-67.9622
-67.6989
-65.2835
-65.1652
-65.0487
-67.1660
-66.9928
-66.8831
-66.8538
-66.9115
-67.0484
-67.2478
-67.4907
-67.7615
-70.0103
-69.9861
-69.9637
-69.7960
-69.6302
-69.4661
-69.0303
-68.8940
-68.1256
-68.0555
-66.4426
-66.5169
-66.2318
-66.7165
-68.1514
-68.6453
-68.5132
-67.1466
-67.6467
-67.6582
-67.7913
-67.5863
-65.5357
-67.7448
-68.0614
-68.2228
-67.9055
-67.6288
-65.1825
-65.0617
-64.9427
-67.1281
-66.9632
-66.8350
-66.8289
-66.8974
-67.0490
-67.2642
-67.5229
-66.2094
-69.8593
-69.8370
-69.8216
-69.3836
-69.2492
-69.1124
-68.9733
-68.7651
-68.0438
-67.9777
-67.9738
-66.4957
-66.2393
-66.6542
-68.1746
-68.4742
-68.4479
-67.1001
-67.6207
-67.6709
-67.7550
-67.5319
-65.4768
-67.6168
-67.9481
-68.1834
-67.8524
-67.5945
-65.0811
-64.9574
-64.8358
-67.0727
-66.9423
-66.8139
-66.8131
-66.8941
-67.0613
-67.2936
-67.5692
-66.2170
-69.3722
-69.3819
-69.3947
-69.3405
-69.2019
-69.0605
-68.9170
-68.7015
-68.1567
-68.1497
-68.0769
-66.3819
-66.1272
-66.2523
-68.0481
-68.4577
-68.4659
-66.9930
-67.5707
-67.5816
-67.7123
-67.4751
-65.3824
-67.4845
-67.8328
-68.1000
-67.8040
-67.5300
-64.9790
-64.8525
-64.7282
-67.0230
-66.9313
-66.8192
-66.8086
-66.9029
-67.0874
-67.3382
-67.6318
-66.2340
-69.2871
-69.2971
-69.3099
-69.2983
-69.4207
-69.2632
-69.1036
-68.8590
-68.6979
-68.1585
-68.0786
-66.2884
-66.0338
-66.1084
-68.0107
-68.3582
-68.4567
-66.9387
-67.4820
-67.4877
-67.6693
-67.4736
-65.5257
-65.4234
-67.7153
-68.0408
-67.7613
-67.4694
-64.8765
-64.7469
-64.6196
-66.9806
-66.9128
-66.8200
-66.8172
-66.9259
-67.1288
-67.3988
-65.8783
-66.2603
-69.2010
-69.4992
-69.5037
-69.5034
-69.3762
-69.2102
-69.0863
-68.9039
-68.7300
-68.0272
-67.8909
-66.1131
-65.9176
-65.9849
-67.9307
-68.3115
-68.3853
-66.8767
-67.3861
-67.3909
-67.6311
-67.4230
-67.5344
-65.3302
-67.5957
-67.9447
-67.7642
-67.4130
-64.7734
-64.6404
-64.5096
-66.8135
-66.9470
-66.8332
-66.8390
-66.9644
-67.1878
-67.4345
-65.8691
-66.2809
-71.0989
-69.4099
-69.5610
-69.5554
-69.4659
-69.2844
-69.0239
-68.8366
-68.6834
-67.8583
-67.8058
-66.0504
-65.8000
-65.9009
-67.8036
-68.2141
-68.3090
-67.2493
-67.2728
-67.2939
-67.6546
-67.3777
-67.4862
-65.2368
-67.4292
-67.8471
-67.7341
-67.3594
-64.6678
-64.5312
-64.3971
-66.8858
-66.9359
-66.8240
-66.8411
-66.9849
-67.2310
-67.5875
-65.9478
-66.3965
-71.9894
-69.4646
-69.4637
-69.4578
-69.4184
-69.2342
-68.8933
-68.7134
-68.6149
-67.8641
-67.7209
-65.9626
-66.0462
-65.7868
-67.6654
-68.1063
-68.2320
-67.2200
-67.1583
-67.1959
-67.6269
-67.3357
-67.4410
-65.1409
-67.3006
-67.7465
-67.7109
-67.2618
-64.5361
-64.3973
-64.2612
-66.8372
-67.0328
-66.9206
-66.9508
-67.1168
-67.3895
-65.5475
-66.0321
-66.4821
-72.3386
-69.3647
-69.3641
-69.3579
-69.3465
-69.0291
-68.7234
-68.6515
-68.5475
-67.7774
-67.6915
-67.6039
-65.9267
-65.6656
-67.5122
-67.9943
-68.1535
-67.1061
-67.0375
-67.1078
-67.6043
-67.2991
-67.3481
-65.0152
-67.1209
-67.6391
-67.7010
-67.2720
-64.4564
-64.3132
-64.0745
-66.8659
-67.1205
-67.0103
-67.0529
-67.2429
-67.5564
-65.6244
-66.1066
-66.5669
-72.8398
-71.4534
-69.2618
-69.1872
-69.1796
-68.9719
-68.7815
-68.7418
-68.5527
-67.7031
-67.6098
-67.5106
-65.7956
-65.5372
-67.3440
-67.8775
-68.0083
-66.9955
-66.8672
-66.9494
-67.5404
-67.2736
-67.3744
-64.9294
-67.0394
-67.6001
-67.7119
-67.2486
-64.3522
-64.2042
-64.0470
-66.8823
-67.2448
-67.1364
-67.1957
-67.4217
-67.5713
-65.6996
-66.1916
-66.6740
-73.4651
-71.7737
-69.0909
-69.0862
-69.0766
-68.9173
-68.8057
-68.6944
-68.4906
-67.6134
-67.5117
-67.3481
-65.6221
-65.3706
-65.8089
-67.7629
-68.0094
-67.0734
-66.8178
-66.9208
-67.6046
-67.2704
-67.3645
-64.8389
-66.9033
-67.5075
-67.7381
-67.2349
-64.2466
-64.0717
-63.9310
-66.9366
-67.4190
-67.3133
-67.3960
-67.6451
-65.2365
-65.7821
-66.3115
-70.7065
-73.5691
-72.1409
-70.6500
-68.9716
-68.9912
-68.9632
-68.7558
-68.5443
-68.3318
-67.4576
-67.4173
-67.3241
-65.5382
-65.2869
-65.3872
-67.6636
-67.9628
-68.5158
-66.7015
-66.8027
-67.6272
-67.2742
-67.3656
-64.7490
-66.8013
-67.4147
-67.7854
-67.2360
-64.1400
-63.8834
-63.8140
-67.0518
-67.6597
-67.5565
-67.6597
-67.7451
-65.3127
-65.8931
-66.4527
-74.4180
-70.7124
-72.9910
-73.2864
-68.9203
-68.8835
-68.8527
-68.8227
-68.5956
-68.2982
-67.4522
-67.3474
-67.2430
-65.4131
-65.1638
-65.2474
-67.5590
-67.9195
-68.4915
-66.5830
-66.6816
-67.6678
-67.2927
-67.3826
-64.6595
-66.6468
-67.3216
-67.8597
-67.2565
-64.0062
-63.8458
-63.6959
-67.2713
-67.9910
-67.8908
-68.1121
-67.4093
-65.4213
-66.0394
-74.2072
-75.0002
-69.0278
-68.8485
-68.8100
-68.7993
-68.5577
-68.2460
-67.3768
-67.2686
-67.1607
-67.0541
-65.0382
-65.1191
-67.4523
-67.9106
-68.4491
-66.4623
-66.1937
-67.6959
-67.8732
-67.3755
-66.8827
-64.4693
-67.2283
-67.9647
-67.3025
-63.9017
-63.7307
-63.5769
-67.6880
-68.4480
-68.4271
-68.0603
-64.8594
-65.5710
-66.1724
-73.2169
-70.8008
-70.1067
-68.7501
-68.8040
-68.7652
-68.5278
-68.1915
-67.2994
-67.1884
-67.0775
-66.9642
-65.2471
-64.9916
-67.3417
-67.8649
-68.4172
-66.3382
-66.0698
-67.7341
-67.9751
-67.4411
-66.9483
-64.3771
-67.1348
-67.9823
-67.3645
-63.6960
-63.6157
-63.4569
-68.5392
-69.1772
-69.0250
-67.7196
-65.0015
-65.7695
-66.4295
-67.0876
-70.0881
-68.6483
-68.6978
-68.6614
-68.3968
-68.1361
-67.2207
-67.0996
-66.9872
-66.8743
-65.1139
-64.8612
-67.2518
-67.8002
-68.4002
-66.2452
-65.9480
-67.7888
-68.1157
-67.5412
-66.9963
-64.2850
-67.0405
-68.0083
-67.4589
-63.6618
-63.5002
-63.3356
-70.5421
-70.1500
-68.9680
-67.2696
-65.2062
-65.9875
-66.7599
-67.1454
-66.4976
