-62.4462
-62.7179
-63.0080
-63.3084
-63.5799
-63.9194
-64.1419
-65.5439
-65.9255
-59.8785
-54.4920
-54.8630
-54.5537
-54.2502
-53.9766
-53.7151
-53.4781
-53.2696
-55.0301
-66.3953
-66.4923
-59.9733
-52.0735
-51.8883
-51.7435
-53.2860
-52.6340
-52.2595
-51.9193
-51.6402
-51.4666
-44.4280
-51.7967
-51.6871
-62.8268
-62.9259
-63.2957
-63.5520
-63.5489
-63.5703
-64.5241
-70.6908
-54.6764
-55.0148
-54.7138
-54.4199
-54.1571
-53.9056
-53.6785
-53.4779
-55.2693
-60.4089
-60.3851
-57.9301
-52.3411
-52.1590
-52.0168
-53.5252
-52.8949
-52.5398
-52.2152
-51.9415
-51.7536
-51.6917
-51.8182
-51.9468
-63.0703
-63.3179
-63.3807
-63.8633
-64.0958
-64.4075
-64.7290
-69.4746
-54.8486
-55.1518
-54.8568
-54.5911
-54.3314
-54.0907
-53.8702
-53.6799
-55.4987
-59.2811
-52.5968
-52.2822
-52.3384
-53.1446
-52.8047
-52.4966
-52.2299
-52.0334
-51.9452
-52.0112
-52.2020
-63.3752
-63.6119
-63.8684
-64.1104
-64.3194
-64.5818
-64.7150
-66.0944
-66.1096
-55.8598
-55.5738
-55.2879
-55.0155
-54.7538
-54.5008
-54.2704
-54.0619
-53.8815
-55.7226
-52.8441
-53.3901
-53.0651
-52.7671
-52.5078
-52.3085
-52.2021
-52.2182
-52.3954
-66.1763
-65.7846
-63.6621
-63.8672
-64.0855
-64.3044
-64.5084
-64.8868
-65.3463
-55.7115
-55.4250
-55.1646
-54.9111
-54.6717
-54.4499
-54.2529
-54.0795
-55.9308
-53.0853
-53.6279
-53.3134
-53.0291
-52.7774
-52.5771
-52.4570
-45.4504
-52.5631
-58.0995
-60.5530
-61.7444
-62.4539
-62.9820
-63.4178
-63.8700
-64.0497
-64.2595
-64.4843
-64.6569
-65.6875
-55.8309
-55.5695
-55.3128
-55.0687
-54.8393
-54.6285
-54.4389
-54.3138
-56.1423
-63.8573
-66.1553
-66.2275
-53.3009
-65.6699
-65.8269
-65.6168
-53.8218
-53.5308
-53.2639
-53.0237
-52.8266
-52.6961
-52.6508
-52.7330
-54.8623
-58.3578
-59.8990
-60.9364
-61.6852
-62.2689
-63.7379
-63.9421
-64.1489
-64.3831
-64.5571
-66.9659
-64.7680
-65.6261
-65.4758
-61.2865
-55.9043
-55.6661
-55.4269
-55.1972
-54.9793
-54.7816
-54.6026
-55.8259
-56.3201
-63.3429
-63.0649
-61.2494
-53.5134
-61.2523
-63.5685
-61.7631
-54.0525
-53.7686
-53.5102
-53.2799
-53.0849
-52.9427
-52.8790
-52.9222
-53.0847
-57.1383
-58.6603
-59.8045
-60.6855
-61.3805
-63.9643
-64.1573
-64.3169
-64.3187
-64.2598
-65.7955
-64.1349
-62.9890
-61.5605
-56.2833
-56.0495
-55.8112
-55.5802
-55.3587
-55.1509
-54.9595
-54.7785
-56.0939
-56.5271
-61.7426
-61.3840
-59.2089
-53.7378
-59.2145
-61.5462
-59.7325
-54.2730
-54.0007
-53.7521
-53.5252
-53.3334
-53.1900
-53.1127
-46.1734
-53.2477
-55.3681
-57.8215
-58.9644
-59.8847
-60.6450
-64.1672
-64.1727
-64.1360
-64.0784
-63.9752
-63.6532
-62.8507
-61.8110
-60.4077
-56.4221
-56.1864
-55.9562
-55.7329
-55.5180
-55.3197
-55.1249
-54.9605
-56.3442
-56.7477
-59.1826
-60.2724
-58.4197
-53.9563
-58.4221
-60.3585
-58.9405
-54.4835
-54.2220
-53.9836
-53.7685
-53.5799
-53.4332
-53.3468
-53.3306
-53.4230
-55.2012
-57.2758
-58.3390
-59.2459
-60.0217
-64.0837
-64.0409
-63.9597
-63.6622
-63.4100
-62.8910
-62.0660
-61.0264
-57.8695
-56.5517
-56.3237
-56.1010
-55.8847
-55.6797
-55.4746
-55.2980
-55.1404
-56.6046
-56.9463
-59.1106
-59.6300
-58.0829
-54.1709
-58.0722
-59.6591
-58.5896
-54.6954
-54.4439
-54.2140
-54.0055
-53.8246
-53.6760
-53.5807
-53.5451
-53.6020
-53.7512
-56.9112
-57.8894
-58.7569
-59.5212
-63.9921
-63.9013
-63.6214
-63.4078
-63.0018
-62.2855
-61.4871
-60.4729
-56.9058
-56.6809
-56.4598
-56.2452
-56.0343
-55.8241
-55.6390
-55.4695
-55.3312
-56.8294
-57.1407
-59.1108
-59.2672
-57.9382
-54.3755
-57.9412
-59.2711
-58.4559
-54.9028
-54.6659
-54.4434
-54.2392
-54.0603
-53.9110
-53.8076
-53.7577
-53.7883
-53.9074
-55.7735
-57.5719
-58.3885
-59.1258
-64.0351
-63.8889
-63.6784
-63.3651
-62.7338
-61.9933
-61.1963
-58.3944
-57.0772
-56.8557
-56.6383
-56.4239
-56.2069
-56.0146
-55.8344
-55.6842
-55.5812
-57.0797
-57.3618
-59.1414
-59.0417
-57.9128
-54.5817
-57.9150
-59.0673
-58.4399
-55.1121
-54.8780
-54.6645
-54.4658
-54.2904
-54.1412
-54.0327
-53.9725
-47.0744
-54.0702
-55.7424
-57.3517
-58.1139
-58.8176
-63.9565
-63.7691
-63.5549
-63.0063
-62.3767
-61.6556
-60.8637
-58.4523
-56.8262
-56.5913
-56.3888
-56.1986
-56.0378
-55.8633
-57.0581
-57.3146
-57.5806
-59.3323
-59.0329
-58.0142
-54.8157
-58.0138
-59.0190
-58.5284
-55.3388
-54.7300
-54.5397
-54.3894
-54.2765
-54.2071
-54.1938
-54.2584
-54.3956
-57.2418
-57.9585
-58.6296
-63.8612
-61.5413
-66.3445
-56.9687
-56.7427
-56.5468
-56.3648
-56.1931
-56.0367
-57.2896
-57.5243
-57.7753
-59.4397
-55.0441
-58.1205
-59.0080
-58.6229
-55.5456
-54.9549
-54.7777
-54.6244
-54.4131
-54.4517
-54.5618
-56.3262
-57.8427
-69.0424
-61.3017
-66.8866
-57.0628
-56.8693
-56.6867
-56.5105
-56.3466
-56.1970
-57.5000
-57.7206
-57.9599
-59.5543
-55.2464
-58.2369
-59.0330
-58.7116
-55.7456
-55.1714
-54.9930
-54.8450
-54.6116
-47.6993
-54.7199
-56.3385
-57.7353
-68.7328
-70.2960
-70.1879
-70.0699
-61.7171
-64.8049
-66.7631
-66.6208
-66.1692
-57.3882
-57.1956
-57.0131
-56.8088
-56.6397
-56.4825
-56.3390
-57.6773
-57.8893
-58.1101
-59.6347
-55.4402
-58.3338
-59.0759
-58.8568
-55.9332
-63.6973
-67.8076
-55.3632
-55.1943
-55.0497
-61.7227
-65.8641
-58.7513
-47.8718
-54.8665
-54.9986
-56.8074
-58.2464
-67.6937
-68.0990
-67.2754
-65.3584
-61.4946
-65.2297
-65.7658
-64.8829
-63.1387
-57.4860
-57.3066
-57.1270
-56.9541
-56.7905
-56.6382
-56.4997
-57.8810
-58.0786
-58.2874
-59.7592
-68.1755
-67.9697
-55.5844
-58.3996
-59.0527
-58.8944
-56.0970
-61.5386
-63.8321
-55.7414
-55.3816
-55.2409
-59.5546
-61.9013
-58.9006
-54.9665
-55.0205
-55.1289
-56.8206
-58.1598
-67.1663
-66.7563
-65.5444
-61.8954
-64.8194
-65.1773
-64.3914
-63.2207
-61.1473
-57.6207
-57.4405
-57.2653
-57.0976
-56.9390
-56.7920
-56.7019
-58.0823
-58.2597
-58.4580
-59.8921
-65.4830
-63.4226
-55.7692
-58.5400
-59.1412
-58.9876
-56.2787
-60.7220
-62.6393
-58.7306
-55.5826
-55.4444
-55.3233
-60.6697
-59.0767
-55.1532
-48.2747
-55.2758
-56.8674
-58.1241
-66.7191
-65.8404
-64.5426
-61.8538
-64.9578
-64.3190
-63.4183
-62.2218
-58.8876
-57.7627
-57.5863
-57.4145
-57.2510
-57.0965
-56.9436
-58.1117
-58.2676
-58.4398
-58.6276
-60.0461
-63.6925
-61.4053
-55.9563
-58.6729
-59.2094
-59.0910
-56.4631
-60.3560
-61.9299
-58.9065
-55.7795
-55.6440
-55.5269
-59.9489
-59.2496
-56.8039
-48.4406
-55.4264
-55.5460
-57.2785
-65.9738
-65.0616
-62.2206
-64.7427
-64.3912
-63.5841
-62.6775
-61.5609
-58.9498
-57.8898
-57.7303
-57.5621
-57.4026
-57.2504
-57.0993
-58.3115
-58.4637
-58.6418
-58.8219
-60.2025
-56.1869
-58.8628
-59.3707
-59.2724
-56.6683
-60.2526
-61.4196
-59.1081
-55.9889
-55.8525
-55.7324
-59.5471
-59.4554
-58.0720
-55.5329
-55.5889
-55.6921
-57.3416
-65.3874
-62.5472
-62.1519
-64.4734
-63.8155
-63.0233
-62.1441
-57.9354
-57.7559
-57.5905
-57.4208
-57.2843
-58.5576
-58.7000
-58.8534
-59.0246
-60.3862
-56.3519
-58.9996
-59.4567
-59.3639
-56.8287
-60.1686
-61.0159
-59.2767
-56.1808
-56.0405
-55.9239
-59.2990
-59.6222
-58.4662
-55.7042
-55.7444
-55.8317
-55.9585
-64.9345
-62.4765
-64.5729
-64.0065
-63.3587
-62.6227
-67.3395
-58.0614
-57.8883
-57.7260
-57.5764
-57.4401
-58.7359
-58.8720
-59.0184
-59.1809
-60.4963
-68.2401
-67.6396
-56.4920
-59.1021
-59.5654
-59.4811
-56.9972
-60.1656
-60.8408
-59.4494
-56.3660
-56.2272
-56.1119
-59.1485
-59.7848
-58.7936
-55.8750
-48.9822
-55.9757
-56.0871
-62.7599
-62.4235
-64.1834
-63.6265
-63.0026
-62.3240
-67.4241
-68.6777
-69.1778
-69.2381
-58.1419
-57.9873
-57.8367
-57.6978
-57.5669
-58.8906
-59.0204
-59.1583
-59.3155
-60.6210
-66.4468
-64.2672
-56.6564
-59.2426
-59.6729
-59.5984
-57.1617
-57.0455
-60.7822
-59.6059
-56.5426
-56.4100
-56.3021
-59.0692
-59.9088
-59.0772
-57.5131
-49.1369
-56.1204
-56.2176
-62.7733
-64.4240
-63.9177
-63.3618
-62.7543
-67.3861
-67.4077
-67.1126
-66.2878
-63.9540
-58.2254
-58.0779
-57.9378
-57.8059
-57.7295
-59.0332
-59.1554
-59.2946
-59.4450
-60.7262
-64.4070
-62.1911
-56.8272
-59.3652
-59.7708
-59.7165
-57.3244
-57.2193
-60.7737
-59.7549
-56.7186
-56.5950
-56.4817
-56.3840
-59.8077
-60.9230
-62.7957
-64.2271
-63.7212
-63.1764
-64.9644
-67.0845
-66.5453
-65.7805
-64.4473
-59.6878
-58.3601
-58.2146
-58.0766
-57.9472
-59.0955
-59.1964
-59.3195
-59.4489
-59.5157
-60.8595
-63.2156
-61.4123
-56.9901
-59.5030
-59.8872
-59.8294
-57.4386
-60.9057
-59.9833
-56.9325
-56.8044
-56.6856
-56.5867
-59.7910
-61.0844
-64.3700
-63.9357
-63.4675
-62.9638
-66.8173
-66.2744
-65.5604
-64.6267
-63.2745
-58.6352
-58.4842
-58.3480
-58.2149
-58.0840
-59.2756
-59.3780
-59.4873
-59.6128
-59.7535
-61.0049
-62.5805
-57.2119
-59.7358
-60.0905
-60.0265
-57.5552
-60.9491
-60.1433
-57.1087
-56.9822
-56.8646
-56.7651
-59.7641
-60.0257
-61.2437
-64.3636
-63.9058
-63.4350
-64.9502
-66.3452
-62.8692
-58.7720
-58.6304
-58.4819
-58.3509
-58.2194
-59.4373
-59.5357
-59.6433
-59.7667
-59.9066
-61.1925
-67.5365
-67.2892
-57.3133
-59.7936
-60.1426
-60.0940
-66.8254
-57.6451
-60.9136
-60.2344
-57.2683
-57.1466
-57.0322
-56.9349
-59.7547
-60.0265
-71.1291
-70.6925
-70.4941
-61.3308
-64.2313
-63.7948
-63.3764
-66.3925
-71.4607
-73.4546
-62.4231
-58.9757
-58.8126
-58.6759
-58.5438
-58.3700
-59.6280
-59.7126
-59.8158
-59.9353
-57.4873
-59.9424
-60.2743
-60.2317
-60.9273
-57.8042
-61.0175
-60.3855
-57.6082
-57.2918
-57.1797
-57.0819
-59.7325
-60.1779
-66.9130
-68.9849
-64.1331
-63.7063
-65.8440
-69.5993
-69.4940
-70.3859
-70.4561
-70.7929
-60.1878
-59.0638
-58.9268
-58.7947
-58.6738
-58.5532
-59.8376
-59.9270
-60.0225
-60.0913
-57.6927
-60.1697
-60.4751
-58.2998
-61.0355
-57.9742
-61.1403
-60.5578
-59.9798
-57.4662
-57.3550
-57.2567
-59.7780
-60.2764
-65.1581
-67.4672
-63.8256
-63.4534
-68.1043
-69.1646
-69.6246
-68.2498
-65.8254
-60.2648
-59.1885
-59.0541
-58.9218
-58.7952
-58.7146
-59.9858
-60.0761
-60.1757
-60.2868
-70.5099
-70.1034
-70.7237
-70.6041
-57.8135
-60.2711
-60.5798
-58.4306
-61.1762
-60.4832
-61.2932
-60.7132
-60.1805
-57.6340
-57.5269
-57.4264
-57.3380
-60.3001
-60.7684
-65.9951
-70.1396
-69.7510
-63.9135
-65.3420
-68.0216
-69.3841
-67.6345
-66.8965
-65.7306
-63.8431
-59.4190
-59.2897
-59.1684
-59.0398
-58.9004
-60.0566
-60.1272
-60.2182
-60.3135
-60.4222
-67.6287
-65.8648
-57.9966
-60.4605
-60.7517
-58.6078
-61.3465
-60.6748
-61.4441
-60.9389
-60.4361
-57.8247
-57.6923
-57.5920
-57.5045
-60.3364
-60.7944
-65.3174
-66.5436
-68.7955
-65.1766
-67.1934
-67.9365
-67.7638
-67.1107
-66.1482
-64.8293
-59.2891
-59.0923
-58.9613
-60.1292
-60.1997
-60.3518
-60.4457
-60.5186
-65.8391
-58.1489
-60.6025
-60.8559
-58.7535
-61.4599
-60.8252
-61.5657
-61.0887
-60.6153
-57.9943
-57.8833
-57.7749
-57.6880
-60.3818
-60.7991
-64.1619
-66.0624
-67.0450
-65.5070
-67.4614
-67.6025
-67.1214
-66.3682
-65.3918
-70.0844
-59.4685
-59.3054
-59.1816
-60.3776
-60.4232
-60.5026
-60.5565
-60.5881
-64.8913
-71.0859
-70.9885
-70.8853
-58.2577
-60.6695
-60.9282
-58.8781
-61.5023
-60.9138
-61.6249
-61.1840
-60.7503
-58.1310
-58.0222
-57.9241
-57.8380
-60.4536
-60.8557
-61.2737
-65.2938
-66.5645
-67.3001
-67.3266
-67.2375
-66.5911
-65.8059
-64.8600
-69.8329
-59.5584
-59.4309
-59.3094
-60.5553
-60.6108
-60.6368
-60.7199
-60.8170
-58.4427
-60.7715
-61.7015
-60.9751
-58.3068
-58.2009
-58.1018
-57.9925
-60.5065
-60.8884
-61.2798
-67.2026
-67.1678
-66.8353
-66.1370
-65.3819
-69.2565
-69.5435
-70.9965
-71.1014
-65.9235
-59.6320
-59.5155
-59.4049
-60.6710
-60.7012
-60.7785
-60.8677
-60.9670
-58.5697
-60.9826
-61.7935
-61.1372
-58.4647
-58.3566
-58.2620
-58.1718
-58.0990
-60.9946
-61.3572
-67.0334
-66.9187
-66.4137
-65.7650
-65.0376
-69.0081
-69.2800
-69.9291
-66.0488
-63.8656
-59.7343
-59.6193
-59.5681
-60.7698
-60.8405
-60.9161
-61.0049
-61.1469
-71.1845
-71.1419
-71.0743
-70.9996
-58.6761
-61.0592
-61.5622
-71.1368
-61.8542
-71.3993
-72.2949
-72.3858
-61.2304
-58.5855
-58.4859
-58.3947
-58.3066
-58.2399
-61.0191
-61.3690
-71.9260
-72.0558
-66.5931
-66.3378
-65.8121
-65.2402
-68.2765
-68.3157
-68.5819
-65.9931
-64.6982
-60.9053
-59.7998
-59.6928
-60.7917
-60.8459
-60.9151
-61.0318
-61.1198
-61.2185
-68.2669
-68.8579
-68.1579
-66.1635
-58.7813
-61.1365
-61.3804
-67.8786
-64.8873
-68.1968
-70.1183
-68.8135
-61.3431
-58.7122
-58.6170
-58.5428
-58.4553
-58.3877
-61.0780
-61.4153
-67.1489
-69.3398
-66.4633
-66.0343
-65.5445
-64.9998
-68.0728
-68.1154
-66.1061
-65.1928
-63.9956
-60.0169
-59.9041
-59.7712
-60.9267
-60.9801
-61.0935
-61.1690
-61.2547
-61.3509
-66.7364
-67.2982
-66.3101
-64.2035
-58.9202
-61.2618
-61.4949
-66.5703
-64.9921
-62.1774
-68.3335
-66.9157
-61.4802
-58.8971
-58.7504
-58.6599
-58.5825
-58.5090
-61.0931
-61.4132
-64.9647
-67.1340
-66.2623
-65.7973
-65.3263
-67.9722
-67.9104
-66.2308
-65.5219
-64.6271
-63.5584
-60.1183
-59.9794
-59.8816
-61.0591
-61.1601
-61.2306
-61.3039
-61.3875
-61.4813
-65.8613
-66.1723
-65.1499
-63.3722
-59.0546
-61.3842
-61.6091
-65.7105
-65.0232
-62.2729
-67.2426
-66.1317
-61.6319
-59.1885
-58.8919
-58.8115
-58.7306
-58.6569
-61.1599
-61.4660
-61.7712
-65.9565
-65.9172
-65.5049
-65.0546
-67.6470
-66.2588
-65.7717
-65.0591
-64.2274
-63.2768
-60.1869
-60.0874
-59.9919
-61.2406
-61.2967
-61.3652
-61.4368
-61.5182
-61.6080
-65.2838
-65.4095
-64.4618
-62.9988
-59.1857
-61.5071
-61.7247
-65.2173
-64.7347
-62.3676
-66.5692
-65.7682
-61.7737
-61.4682
-59.0313
-58.9542
-58.8759
-58.8006
-61.2314
-61.5353
-61.8292
-65.1942
