-52.2099
-52.2007
-56.1024
-56.1201
-56.1370
-56.1012
-56.1235
-56.1472
-56.1726
-56.2008
-56.2301
-56.2607
-56.3088
-61.2646
-61.3788
-61.4711
-61.5906
-61.7112
-61.8286
-60.8779
-60.8578
-60.8535
-60.8329
-62.4040
-62.4781
-62.4733
-62.4603
-62.4469
-62.4021
-62.3284
-62.3640
-62.6922
-63.2897
-63.1956
-62.8572
-62.8399
-62.8225
-62.8052
-62.7884
-62.7792
-52.1663
-52.1567
-56.1154
-56.1300
-56.0931
-56.1138
-56.1357
-56.1593
-56.1842
-56.2108
-56.2401
-56.2708
-56.3024
-56.9193
-61.3394
-61.4293
-61.5489
-61.6704
-61.7900
-60.8174
-60.7962
-60.7910
-60.7693
-62.3843
-62.4371
-62.4232
-62.4000
-62.3632
-62.3465
-62.2770
-62.5584
-62.6621
-63.1698
-62.8204
-62.8023
-62.7840
-62.7656
-62.7474
-62.7299
-62.7187
-52.1209
-52.1108
-52.0999
-56.0858
-56.1044
-56.1247
-56.1464
-56.1697
-56.1946
-56.2208
-56.2487
-56.2793
-56.3112
-56.9241
-56.9804
-61.3916
-61.5095
-61.6311
-61.7545
-60.7565
-60.7339
-60.7277
-60.7106
-62.3383
-62.3797
-62.3632
-62.3462
-62.3139
-62.2963
-62.2185
-62.5278
-63.0832
-63.0570
-62.7657
-62.7464
-62.7269
-62.7077
-62.6887
-62.6705
-62.6534
-52.0739
-52.0619
-52.0304
-56.0958
-56.1139
-56.1339
-56.1553
-56.1785
-56.2033
-56.2295
-56.2572
-56.2864
-56.3183
-56.9465
-57.0042
-57.0513
-61.4741
-61.5941
-61.7177
-60.6979
-60.6764
-60.6695
-60.6415
-62.2839
-62.3281
-62.3159
-62.2975
-62.2573
-62.2386
-62.3835
-62.4980
-63.0347
-62.7302
-62.7100
-62.6895
-62.6691
-62.6488
-62.6290
-62.6101
-62.5920
-52.0244
-51.9917
-51.9810
-56.1034
-56.1218
-56.1414
-56.1626
-56.1857
-56.2104
-56.2365
-56.2643
-56.2934
-56.3240
-56.9676
-57.0268
-57.0752
-57.1333
-61.5614
-61.6835
-60.6421
-60.6100
-60.6007
-60.5756
-62.2413
-62.2814
-62.2618
-62.2418
-62.1997
-62.1828
-62.3388
-62.4157
-62.9361
-62.6747
-62.6533
-62.6317
-62.6102
-62.5890
-62.5684
-62.5487
-62.7538
-51.9543
-51.9412
-51.9300
-56.1087
-56.1274
-56.1473
-56.1683
-56.1912
-56.2158
-56.2420
-56.2697
-56.2990
-56.3296
-56.9876
-57.0484
-57.0980
-57.1577
-57.2196
-61.6550
-60.5781
-60.5491
-60.5395
-60.5130
-62.1929
-62.2284
-62.2069
-62.1852
-62.1413
-62.3399
-62.2861
-62.3187
-62.6407
-62.6184
-62.5957
-62.5730
-62.5505
-62.5282
-62.5066
-62.4845
-62.6753
-51.9041
-51.8895
-51.8774
-56.1124
-56.1307
-56.1511
-56.1722
-56.1949
-56.2194
-56.2457
-56.2735
-56.3029
-56.3337
-57.0080
-57.0688
-57.1227
-57.1816
-57.2422
-57.3020
-60.5203
-60.4904
-60.4770
-60.4603
-62.1444
-62.1749
-62.1513
-62.1279
-62.2819
-62.2890
-62.2377
-62.0495
-62.5849
-62.5612
-62.5373
-62.5133
-62.4896
-62.4663
-62.4426
-62.6167
-62.6090
-51.8524
-51.8370
-51.8235
-56.1144
-56.1322
-56.1523
-56.1741
-56.1970
-56.2214
-56.2476
-56.2756
-56.3051
-56.3361
-57.0274
-57.0903
-57.1411
-57.2041
-57.2664
-57.3294
-56.8805
-60.4303
-60.4129
-60.3936
-62.0963
-62.1211
-62.0953
-62.0699
-62.2318
-62.2265
-62.1463
-61.9854
-62.5283
-62.5032
-62.4778
-62.4526
-62.4277
-62.4024
-62.3645
-62.5505
-62.4969
-51.7990
-51.7830
-51.7687
-56.1151
-56.1320
-56.1518
-56.1733
-56.1971
-56.2217
-56.2479
-56.2759
-56.3056
-56.3372
-57.0457
-57.1103
-57.1625
-57.2272
-57.2913
-57.3545
-56.8864
-56.8814
-60.3507
-60.3294
-62.0490
-62.0673
-62.0388
-62.1827
-62.1771
-62.0740
-61.9010
-61.9204
-62.4708
-62.4442
-62.4175
-62.3909
-62.3641
-62.3246
-62.4956
-62.4499
-62.4118
-51.7440
-51.7273
-51.7124
-56.1163
-56.1302
-56.1496
-56.1708
-56.1944
-56.2199
-56.2463
-56.2745
-56.3047
-56.3362
-57.0624
-57.1304
-57.1845
-57.2496
-57.3139
-56.8875
-56.8908
-56.8847
-56.8866
-61.9519
-62.0048
-62.0141
-62.1634
-62.1294
-62.1060
-61.9854
-61.8359
-61.8693
-62.4124
-62.3843
-62.3561
-62.3277
-62.2868
-62.2284
-62.3959
-62.3714
-62.1503
-51.6872
-51.6701
-51.6543
-56.1158
-56.1292
-56.1457
-56.1664
-56.1899
-56.2153
-56.2432
-56.2715
-56.3016
-56.3345
-57.0790
-57.1480
-57.2040
-57.2712
-57.3375
-56.8909
-56.8935
-56.8864
-56.8946
-57.6018
-61.9642
-61.9625
-62.1136
-62.0735
-62.0225
-61.7446
-61.7851
-62.3255
-62.3533
-62.3233
-62.2934
-62.2510
-62.1912
-62.3454
-62.3260
-62.2865
-62.2921
-56.1637
-51.6111
-51.5947
-56.1133
-56.1263
-56.1422
-56.1604
-56.1836
-56.2092
-56.2368
-56.2674
-56.2978
-56.3299
-57.0929
-57.1643
-57.2349
-57.2919
-57.3604
-56.8943
-56.8945
-56.8864
-56.8938
-57.6204
-57.6540
-62.0924
-62.0630
-61.9983
-61.7763
-61.6787
-61.7185
-62.3250
-62.2932
-62.2614
-62.1888
-62.1562
-62.2983
-62.2757
-62.2475
-62.0349
-62.2211
-56.1649
-51.5504
-51.5333
-56.1090
-56.1214
-56.1371
-56.1548
-56.1758
-56.2018
-56.2295
-56.2593
-56.2911
-56.3233
-57.1053
-57.1795
-57.2526
-57.3117
-57.3825
-56.8960
-56.8953
-56.8847
-56.8913
-57.6378
-57.6729
-57.7479
-62.0120
-61.9217
-61.7147
-61.6124
-61.6489
-62.2606
-62.2206
-62.1585
-62.1238
-62.0895
-62.2289
-62.2041
-62.1625
-62.1634
-62.1448
-56.1649
-51.4881
-51.4702
-51.4539
-56.1148
-56.1301
-56.1480
-56.1682
-56.1917
-56.2192
-56.2492
-56.2812
-56.3149
-57.1162
-57.1932
-57.2691
-57.3305
-57.4038
-56.8958
-56.8944
-56.8826
-56.8783
-57.6539
-57.7532
-57.7635
-57.7548
-61.6945
-61.6500
-61.5685
-61.5898
-62.1691
-62.1315
-62.0944
-62.0577
-62.1860
-62.1579
-62.1494
-61.9247
-62.0868
-62.0671
-56.1641
-51.4242
-51.4054
-51.3887
-56.1059
-56.1215
-56.1385
-56.1585
-56.1811
-56.2073
-56.2372
-56.2695
-56.3035
-57.1257
-57.2057
-57.2845
-57.3483
-57.4242
-56.8936
-56.8913
-56.8784
-56.8729
-57.7295
-57.7700
-57.7739
-57.7595
-57.6805
-61.5867
-61.4984
-61.4995
-62.1095
-62.0690
-62.0293
-61.9906
-62.1157
-62.1087
-62.0453
-62.0334
-62.0089
-61.9882
-56.1628
-51.3587
-51.3390
-51.3218
-56.0951
-56.1102
-56.1269
-56.1468
-56.1693
-56.1945
-56.2234
-56.2558
-56.2902
-57.1325
-57.2169
-57.2988
-57.3652
-57.4439
-56.8895
-56.8864
-56.8803
-56.8656
-57.7460
-57.7850
-57.7788
-57.7060
-57.6871
-57.6712
-61.4165
-61.4480
-62.0501
-62.0061
-61.9637
-62.1000
-62.0671
-62.0116
-61.8119
-61.9553
-61.9295
-61.9082
-56.1605
-51.2920
-51.2710
-51.2532
-56.0818
-56.0965
-56.1133
-56.1330
-56.1555
-56.1808
-56.2086
-56.2403
-56.2749
-57.1377
-57.2259
-57.3122
-57.3813
-57.4630
-56.8835
-56.8795
-56.8723
-56.9063
-57.7607
-57.7957
-57.7235
-57.7030
-57.6855
-57.6763
-57.6561
-61.3825
-61.9918
-61.9434
-61.9188
-62.0308
-61.9755
-61.9270
-61.9066
-61.8759
-61.8489
-61.8273
-56.1571
-51.2235
-51.2018
-51.1829
-56.0663
-56.0807
-56.0972
-56.1170
-56.1395
-56.1649
-56.1930
-56.2235
-56.2577
-57.1415
-57.2334
-57.3236
-57.3966
-57.4816
-56.8755
-56.8706
-56.9101
-56.8959
-57.7734
-57.8036
-57.7250
-57.7017
-57.6903
-57.6796
-57.6577
-57.6819
-61.9354
-61.9027
-62.0019
-61.9605
-61.8980
-61.7021
-61.8275
-61.7952
-61.7671
-61.7718
-56.1524
-51.1533
-51.1309
-51.1111
-56.0487
-56.0628
-56.0789
-56.0986
-56.1214
-56.1469
-56.1752
-56.2060
-56.2391
-57.1440
-57.2398
-57.3338
-57.4105
-57.4997
-56.8656
-56.8597
-56.8990
-56.8833
-57.7795
-57.7475
-57.7329
-57.7076
-57.6934
-57.6524
-57.6645
-57.6898
-57.9608
-61.8435
-61.9358
-61.8699
-61.8148
-61.7850
-61.7473
-61.7132
-61.7102
-61.6893
-56.1466
-56.1060
-51.0584
-51.0378
-56.0294
-56.0428
-56.0585
-56.0781
-56.1009
-56.1268
-56.1553
-56.1864
-56.2200
-57.1452
-57.2451
-57.3432
-57.4233
-57.5167
-56.8536
-56.9029
-56.8855
-56.8617
-57.7781
-57.7557
-57.7390
-57.7119
-57.6961
-57.6627
-57.6701
-57.9792
-57.9674
-58.0134
-61.8514
-61.7963
-61.5996
-61.7062
-61.6659
-61.6553
-61.6268
-61.6061
-56.1399
-56.0931
-50.9842
-50.9627
-56.0083
-56.0210
-56.0359
-56.0553
-56.0781
-56.1042
-56.1333
-56.1647
-56.1987
-57.1472
-57.2494
-57.3519
-57.4357
-57.5330
-56.8397
-56.8886
-56.8646
-56.8413
-57.7291
-57.7618
-57.7435
-57.7142
-57.6971
-57.6690
-57.6742
-57.9857
-57.9723
-58.0092
-57.9974
-61.7188
-61.6751
-61.6270
-61.5842
-61.5718
-61.5425
-61.5222
-56.1321
-56.0790
-50.9084
-50.8859
-55.9849
-55.9974
-56.0113
-56.0303
-56.0530
-56.0794
-56.1088
-56.1408
-56.1752
-57.1476
-57.2550
-57.3599
-57.4478
-57.5492
-56.8626
-56.8563
-56.8448
-56.7757
-57.7359
-57.7662
-57.7461
-57.7221
-57.7037
-57.6658
-57.6704
-57.9907
-58.0243
-58.0106
-57.9963
-57.9224
-61.6006
-61.5482
-61.5261
-61.4878
-61.4577
-61.4376
-56.1235
-56.0639
-50.8308
-50.8073
-55.9594
-55.9714
-55.9851
-56.0031
-56.0258
-56.0522
-56.0819
-56.1145
-56.1496
-57.1465
-57.2597
-57.3696
-57.4596
-57.6122
-56.8578
-56.8367
-56.8211
-56.7538
-57.7411
-57.7689
-57.7541
-57.7213
-57.7011
-57.6609
-57.6723
-57.9878
-58.0256
-58.0101
-57.9913
-57.9801
-57.9660
-61.4935
-61.4443
-61.4036
-61.3723
-61.3523
-56.1142
-56.0478
-50.7515
-50.7271
-55.9315
-55.9431
-55.9566
-55.9743
-55.9962
-56.0228
-56.0527
-56.0858
-56.1216
-57.1440
-57.2632
-57.3736
-57.4680
-57.6302
-56.8376
-56.8117
-56.7533
-56.7300
-57.7517
-57.7770
-57.7535
-57.7185
-57.6965
-57.6539
-57.6575
-58.0453
-58.0264
-58.0071
-57.9312
-57.9742
-57.9689
-57.9551
-57.9594
-61.3196
-61.2865
-61.2677
-56.1045
-56.0308
-50.6706
-50.6451
-50.6227
-55.9125
-55.9258
-55.9432
-55.9650
-55.9911
-56.0213
-56.0548
-56.0912
-57.1398
-57.2608
-57.3829
-57.5331
-57.6503
-56.8246
-56.7845
-56.7280
-57.7132
-57.7539
-57.7764
-57.7386
-57.7137
-57.6898
-57.6380
-57.6553
-58.0461
-58.0254
-58.0016
-57.9845
-57.9763
-57.9597
-57.9446
-57.9317
-57.9375
-61.2016
-61.1839
-56.0945
-56.0133
-50.5878
-50.5613
-50.5384
-55.8795
-55.8926
-55.9097
-55.9315
-55.9575
-55.9874
-56.0214
-56.0547
-57.1292
-57.2631
-57.4399
-57.5487
-57.6706
-56.7870
-56.7158
-56.7057
-57.7118
-57.7536
-57.7735
-57.7337
-57.7068
-57.6955
-57.6263
-57.6919
-58.0451
-58.0219
-57.9423
-57.9777
-57.9667
-57.9484
-57.9320
-57.9178
-57.9074
-57.9179
-61.0633
-56.0840
-55.9955
-50.5034
-50.4758
-50.4524
-55.8441
-55.8566
-55.8738
-55.8956
-55.9217
-55.9516
-55.9821
-56.0199
-57.1223
-57.2644
-57.4496
-57.5647
-57.6660
-56.7244
-56.6933
-56.6760
-57.7087
-57.7519
-57.7678
-57.7262
-57.6977
-57.6777
-57.6208
-57.6860
-58.0420
-58.0143
-57.9927
-57.9787
-57.9561
-57.9350
-57.9168
-57.9018
-57.8913
-57.8870
-57.8872
-56.0597
-55.9772
-50.4174
-50.3889
-50.3645
-55.8063
-55.8183
-55.8354
-55.8572
-55.8799
-55.9102
-55.9445
-55.9827
-57.1142
-57.3107
-57.4592
-57.5814
-57.6643
-56.6962
-56.6643
-56.6447
-57.7039
-57.7484
-57.7602
-57.7159
-57.6795
-57.6643
-57.6518
-58.0306
-58.0367
-57.9544
-57.9932
-57.9676
-57.9432
-57.9202
-57.8997
-57.8840
-57.8734
-57.8701
-57.8576
-56.0470
-55.9584
-55.8765
-50.3004
-50.2748
-55.7659
-55.7775
-55.7947
-55.8130
-55.8394
-55.8701
-55.9049
-55.9433
-57.1054
-57.3116
-57.4693
-57.6024
-57.6218
-56.6661
-56.6327
-56.5999
-57.6980
-57.7434
-57.7504
-57.6968
-57.6646
-57.6122
-57.6420
-58.0593
-58.0274
-58.0103
-57.9819
-57.9543
-57.9278
-57.9033
-57.8816
-57.8642
-57.8539
-57.8346
-57.8421
-56.0344
-55.9394
-55.8470
-50.2100
-50.1834
-55.7231
-55.7308
-55.7481
-55.7698
-55.7963
-55.8275
-55.8629
-55.9020
-57.1372
-57.3180
-57.4854
-57.6188
-57.6128
-56.6336
-56.5986
-56.5644
-57.6919
-57.7371
-57.7319
-57.6821
-57.6475
-57.6359
-57.6300
-58.0524
-57.9763
-57.9990
-57.9683
-57.9385
-57.9101
-57.8840
-57.8613
-57.8436
-57.8328
-57.8153
-57.8521
-56.0231
-55.9203
-55.8171
-50.1179
-50.0902
-55.6747
-55.6850
-55.7020
-55.7241
-55.7508
-55.7823
-55.8183
-55.8895
-57.1321
-57.3193
-57.4951
-57.5924
-57.6016
-56.5983
-56.5619
-56.5261
-57.6838
-57.7244
-57.7180
-57.6652
-57.6281
-57.6130
-57.6053
-58.0508
-58.0190
-57.9854
-57.9523
-57.9202
-57.8900
-57.8625
-57.8390
-57.8211
-57.7960
-57.7952
-57.8352
-56.0125
-55.9020
-55.7870
-50.0232
-49.9943
-55.6274
-55.6366
-55.6532
-55.6758
-55.7027
-55.7346
-55.7749
-55.8470
-57.1212
-57.3208
-57.5068
-57.5896
-57.5880
-56.5602
-56.5224
-56.4852
-57.6676
-57.7161
-57.6894
-57.6459
-57.6507
-57.5869
-57.5878
-57.9890
-58.0055
-57.9693
-57.9337
-57.8995
-57.8675
-57.8386
-57.8144
-57.7967
-57.7727
-57.7753
-57.8181
-56.0025
-55.8840
-55.7544
-49.9275
-49.8974
-55.5774
-55.5859
-55.6018
-55.6249
-55.6520
-55.6879
-55.7550
-55.7980
-57.1098
-57.3226
-57.4798
-57.5749
-57.5721
-56.5195
-56.4801
-56.4369
-57.6555
-57.7059
-57.6722
-57.6263
-57.6432
-57.5586
-57.5644
-57.9754
-57.9889
-57.9507
-57.9127
-57.8764
-57.8426
-57.8125
-57.7877
-57.7707
-57.7486
-57.7792
-57.7930
-55.9903
-55.8637
-55.7255
-49.8300
-49.7986
-55.5248
-55.5326
-55.5480
-55.5709
-55.6020
-55.6633
-55.7027
-55.7465
-57.0965
-57.2857
-57.5009
-57.5748
-57.5539
-56.4761
-56.4351
-56.3902
-57.6414
-57.6940
-57.6528
-57.6474
-57.6179
-57.5356
-57.4986
-58.0109
-57.9697
-57.9290
-57.8893
-57.8508
-57.8153
-57.7840
-57.7591
-57.7287
-57.7149
-57.7490
-57.7766
-55.9826
-55.8474
-55.6972
-49.7308
-49.6979
-55.4695
-55.4766
-55.4948
-55.5176
-55.5459
-55.6076
-55.6476
-55.6921
-57.0834
-57.2947
-57.5268
-57.5563
-57.5334
-56.4298
-56.3825
-56.3407
-57.6250
-57.6801
-57.6307
-57.6221
-57.5980
-57.5018
-57.4740
-57.9922
-57.9481
-57.9047
-57.8628
-57.8227
-57.7855
-57.7533
-57.7284
-57.6911
-57.7122
-57.7271
-57.7604
-55.9760
-55.8324
-55.6698
-49.6297
-49.5954
-49.5669
-55.4210
-55.4356
-55.4583
-55.5139
-55.5490
-55.5898
-55.6338
-57.0347
-57.3079
-57.5589
-57.5352
-57.5111
-56.3762
-56.3317
-56.2882
-57.6066
-57.6641
-57.6483
-57.6020
-57.5672
-57.4259
-57.9758
-57.9713
-57.9241
-57.8779
-57.8334
-57.7915
-57.7532
-57.7203
-57.6745
-57.6605
-57.6850
-57.7053
-57.7445
-55.9714
-55.8188
-55.6436
-55.4978
-49.4920
-49.4626
-55.3594
-55.3736
-55.3966
-55.4519
-55.4876
-55.5286
-55.5729
-57.0271
-57.3268
-57.5773
-57.5116
-57.4803
-56.3247
-56.2780
-56.2329
-57.5862
-57.6461
-57.6208
-57.5712
-57.5333
-57.3984
-58.0025
-57.9492
-57.8977
-57.8486
-57.8015
-57.7575
-57.7098
-57.6768
-57.6403
-57.6288
-57.6574
-57.6835
-57.7291
-55.9696
-55.8071
-55.6190
-55.4573
-49.3862
-49.3555
-55.2952
-55.3086
-55.3565
-55.3868
-55.4237
-55.4639
-55.4845
-57.0229
-57.3538
-57.5757
-57.4798
-57.4526
-56.2703
-56.2218
-56.1745
-57.5636
-57.6673
-57.5982
-57.5374
-57.4548
-57.3993
-57.9822
-57.9257
-57.8699
-57.8167
-57.7670
-57.7127
-57.6719
-57.6391
-57.6045
-57.6183
-57.6296
-57.6622
-57.7144
-55.9710
-55.7983
-55.5992
-55.4154
-49.2785
-49.2465
-55.2285
-55.2650
-55.2881
-55.3187
-55.3558
-55.3722
-55.4198
-57.0238
-57.3916
-57.5470
-57.4507
-57.4224
-56.2129
-56.1626
-57.4824
-57.5782
-57.6516
-57.5650
-57.5203
-57.4145
-57.3660
-57.9597
-57.8995
-57.8404
-57.7830
-57.7216
-57.6735
-57.6316
-57.5874
-57.5668
-57.5847
-57.6020
-57.6415
-57.7004
-55.9798
-55.7964
-55.5792
-55.3755
-49.1687
-49.1353
-55.1589
-55.1943
-55.2168
-55.2474
-55.2841
-55.3039
-55.3526
-57.0328
-57.4392
-57.5214
-57.4191
-57.3894
-56.1523
-56.1003
-57.4532
-57.5588
-57.5991
-57.5288
-57.4404
-57.3623
-57.3296
-57.9348
-57.8709
-57.8001
-57.7395
-57.6824
-57.6317
-57.5891
-57.5456
-57.5487
-57.5505
-57.5749
-57.6216
-57.6874
