-66.0767
-67.0325
-66.7711
-65.7442
-72.0849
-74.9457
-74.8687
-74.7862
-74.2613
-71.1347
-66.1182
-65.1241
-65.1125
-58.6205
-58.6148
-65.5043
-65.7015
-69.0493
-66.9814
-58.5958
-68.1268
-67.6308
-67.3447
-67.0508
-66.7510
-66.4518
-66.1007
-65.8080
-58.6810
-58.6848
-58.6187
-58.6188
-58.6194
-58.6211
-58.6237
-58.6284
-58.6665
-58.6689
-58.6684
-58.6660
-66.2888
-66.9917
-66.7340
-65.7240
-70.2887
-71.7377
-72.4402
-73.7240
-71.9970
-70.6136
-66.3832
-65.3375
-65.1074
-65.0719
-58.5948
-65.5658
-65.7400
-67.2061
-66.8754
-58.7277
-67.4264
-67.6627
-67.3883
-67.1075
-66.8215
-66.5369
-66.2050
-65.9093
-58.7486
-58.7522
-58.7547
-58.7557
-58.6813
-58.6852
-58.6879
-58.6912
-58.6945
-58.6983
-58.7388
-58.7373
-66.2895
-67.0383
-66.7837
-65.7747
-69.5731
-70.8712
-71.6753
-71.7717
-71.1939
-69.9264
-66.3985
-65.3950
-65.3076
-65.0255
-58.7065
-65.6166
-65.7944
-67.5211
-66.8512
-66.1541
-67.4454
-67.2067
-66.9615
-66.7108
-66.8934
-66.6222
-66.3076
-66.0173
-58.8159
-58.8199
-58.8229
-58.8238
-58.8248
-58.8301
-58.7504
-58.7549
-58.7584
-58.7612
-58.7621
-58.7623
-66.2816
-67.0637
-66.8149
-65.8152
-69.1785
-70.2792
-71.0592
-71.1666
-70.6259
-68.2005
-66.4037
-65.9316
-65.1029
-65.1051
-58.7741
-66.2254
-66.4226
-67.8399
-66.8371
-66.2390
-67.4118
-67.2594
-67.0017
-66.7607
-66.5159
-66.2730
-65.9934
-66.1271
-58.8829
-58.8873
-58.8908
-58.8924
-58.8935
-58.8949
-58.8984
-58.9056
-58.9045
-58.8248
-58.8264
-58.8257
-66.2715
-67.0805
-66.8330
-65.8393
-68.8894
-69.8165
-70.5394
-70.6419
-70.2044
-68.0818
-66.1623
-66.0149
-65.1810
-65.1842
-58.8967
-66.3001
-66.4908
-67.8129
-67.2158
-66.6443
-58.9142
-67.7144
-67.0678
-66.8326
-66.5773
-66.3442
-66.0773
-65.8220
-58.8673
-58.9543
-58.9583
-58.9606
-58.9621
-58.9642
-58.9677
-58.9710
-58.9753
-58.9828
-58.9838
-58.8854
-66.2707
-67.0936
-66.8475
-65.8605
-68.6883
-69.4609
-70.0906
-70.1765
-69.1778
-67.5763
-66.2905
-66.0857
-65.4963
-65.5066
-58.9637
-66.3755
-66.5596
-67.8072
-67.2612
-66.7490
-58.9846
-67.8122
-67.5677
-67.3163
-67.0588
-66.4371
-66.1786
-65.9139
-58.9308
-58.9339
-58.9362
-58.9371
-59.0304
-59.0330
-59.0368
-59.0408
-59.0457
-59.0497
-59.0580
-59.0573
-66.2920
-67.1040
-66.8590
-65.8758
-68.5305
-69.1931
-69.7422
-69.1950
-69.0780
-67.5606
-67.1404
-66.4275
-65.5455
-65.5578
-59.0250
-66.4305
-66.6157
-67.8116
-67.3142
-66.8514
-59.0541
-67.8059
-67.6752
-67.4423
-67.2038
-66.9661
-66.6928
-66.4221
-58.9983
-58.9972
-58.9997
-59.0009
-59.0009
-59.0015
-59.0030
-59.1103
-59.1159
-59.1211
-59.1253
-59.1269
-66.3143
-67.1114
-66.8676
-66.7215
-68.4105
-68.4563
-68.9302
-69.0241
-68.9289
-67.5576
-67.5479
-66.4719
-65.5906
-65.6025
-59.0836
-66.4637
-66.6383
-66.8301
-67.3182
-66.9098
-59.1171
-67.7329
-67.7759
-67.5569
-67.3364
-67.1200
-66.8712
-66.6297
-59.1611
-59.1679
-59.1742
-59.1796
-59.0647
-59.0652
-59.0664
-59.0690
-59.0720
-59.0751
-59.1973
-59.2009
-66.1060
-67.1183
-66.8756
-66.7302
-67.8896
-68.3721
-68.8064
-68.8853
-69.3398
-67.9574
-67.5850
-66.5174
-65.6363
-65.6476
-59.1409
-66.4929
-66.6595
-66.8431
-67.3183
-66.9471
-59.1742
-67.6159
-67.7638
-67.5650
-67.4559
-67.2542
-67.0256
-66.8064
-66.6457
-59.2550
-59.3807
-59.1297
-59.1324
-59.1353
-59.1386
-59.1413
-59.1426
-66.1404
-66.8691
-66.6307
-66.2123
-67.5330
-68.3136
-68.7129
-69.2964
-69.2211
-67.9614
-67.6199
-66.5608
-65.6807
-65.6915
-59.1981
-66.5242
-66.6775
-66.8530
-67.3214
-66.9821
-59.2306
-67.4662
-67.7701
-67.5798
-67.3876
-67.1994
-67.1580
-67.0413
-66.8802
-59.4223
-59.4411
-59.1928
-59.1956
-59.1984
-59.2019
-59.2048
-59.2067
-66.1662
-66.5851
-66.3839
-66.2736
-67.5547
-68.3225
-68.6804
-68.7159
-69.1289
-67.9736
-67.6531
-66.6024
-65.7235
-65.7336
-59.2545
-66.5552
-66.6983
-66.8661
-67.3232
-67.0117
-59.2857
-67.3526
-67.6970
-67.5926
-67.4082
-67.2280
-67.0229
-66.8304
-67.3470
-59.4804
-59.5014
-59.2685
-59.2721
-59.2760
-59.2811
-59.2682
-59.2707
-65.9529
-66.6449
-66.4448
-66.3263
-67.9418
-68.3183
-68.6518
-68.6770
-68.6139
-67.6254
-67.3381
-66.3541
-65.7680
-65.7742
-59.3103
-66.5852
-66.7180
-66.8783
-67.3299
-67.0425
-59.3406
-67.2609
-67.6328
-67.5895
-67.3969
-67.2180
-67.0659
-67.2360
-67.0892
-59.5334
-59.5614
-59.3304
-59.3335
-59.3372
-59.3421
-59.3468
-59.3511
-66.0122
-66.7047
-65.6679
-66.6616
-67.1143
-68.3096
-68.6202
-68.6510
-68.5951
-67.6728
-67.4023
-66.4205
-65.5803
-65.5768
-59.3078
-66.6140
-66.7367
-66.8897
-67.3366
-67.0703
-59.3948
-67.1919
-67.5829
-67.6079
-67.4448
-67.5759
-67.4349
-67.2526
-67.0918
-59.5193
-59.5266
-72.1611
-72.0872
-71.9705
-59.3970
-59.3999
-59.3991
-59.4036
-59.4082
-59.4124
-66.0730
-67.0592
-65.9606
-66.7234
-67.1663
-68.3224
-68.6138
-68.6202
-68.5702
-67.7091
-67.4660
-66.4860
-65.6437
-65.6404
-59.3685
-66.3627
-66.4524
-66.5709
-66.9554
-67.0955
-59.4481
-67.1359
-67.5461
-67.6224
-67.7614
-67.6447
-67.4812
-67.3244
-67.1847
-59.5744
-59.5779
-70.4819
-70.7586
-70.6396
-67.4684
-59.5267
-59.4682
-59.4709
-59.4759
-59.4805
-66.3795
-67.1197
-66.0216
-66.7869
-67.1735
-68.3444
-68.6189
-68.6139
-68.5689
-67.7598
-67.5169
-66.5410
-65.7068
-65.7035
-59.4287
-66.4248
-66.5073
-66.6216
-66.7387
-66.7799
-66.4380
-66.7147
-67.4881
-67.9198
-67.8096
-67.6712
-67.5151
-67.3569
-67.1698
-59.6163
-59.6196
-68.3972
-69.7776
-69.6485
-67.5372
-59.5865
-59.5940
-59.6001
-59.6081
-59.6145
-66.4501
-67.1929
-66.0922
-66.8483
-67.1171
-68.3683
-68.6269
-68.6185
-68.5775
-67.8148
-67.5830
-66.6059
-65.7609
-65.7575
-59.4865
-66.4869
-66.5619
-66.6726
-66.7868
-66.8528
-66.5183
-66.7363
-67.3118
-67.4593
-67.3607
-67.2132
-67.5276
-67.3335
-67.1444
-67.0064
-59.6094
-67.6890
-68.9558
-69.1056
-67.6093
-59.6474
-59.6534
-59.6609
-59.6699
-59.6767
-66.5109
-67.2547
-66.1541
-66.9225
-67.0846
-68.4140
-68.6345
-68.6260
-68.5885
-67.8679
-67.6463
-66.6730
-65.8254
-65.8220
-59.5465
-66.5384
-66.6055
-66.7288
-66.8406
-66.9201
-66.7916
-59.6056
-67.3368
-67.5044
-67.4479
-67.2775
-67.0754
-66.8665
-66.6654
-66.7391
-59.6565
-67.2925
-68.3695
-68.7291
-67.5896
-59.6986
-59.7100
-59.7217
-59.7291
-59.7374
-66.5716
-67.3164
-66.2159
-66.9852
-67.1035
-68.4478
-68.6679
-68.6589
-68.6238
-67.9218
-67.7094
-66.7375
-65.8878
-65.8845
-59.6058
-66.6083
-66.6688
-66.7718
-66.8776
-67.1876
-66.9105
-59.6686
-67.3570
-67.5481
-67.5029
-67.3208
-67.1140
-66.9109
-66.5141
-66.3824
-59.6219
-59.6231
-67.9501
-68.4853
-67.5727
-59.7412
-59.7518
-59.7627
-59.7775
-59.7924
-66.6305
-67.3781
-66.2776
-67.0478
-67.1612
-68.4847
-68.6880
-68.6789
-68.6464
-67.9950
-67.7898
-66.8153
-65.9501
-65.9468
-59.6657
-59.6688
-66.7256
-66.8249
-67.1424
-67.2902
-66.9962
-59.7280
-67.3830
-67.5614
-67.5302
-67.3508
-66.9244
-66.7614
-66.6032
-66.4678
-59.6817
-59.6832
-67.1966
-67.6965
-67.0157
-59.6818
-59.7905
-59.8018
-59.8147
-59.8291
-66.9172
-67.7102
-66.5487
-67.3621
-67.4760
-68.5243
-68.7121
-68.7031
-68.6729
-68.0529
-67.8553
-66.8814
-66.0287
-66.0256
-59.7273
-59.7276
-66.7828
-67.0868
-67.2197
-67.3706
-67.0875
-59.7887
-67.3613
-67.5471
-67.5499
-67.1609
-66.9982
-66.8402
-66.6864
-66.5498
-59.7441
-59.7458
-67.0867
-67.5864
-67.0934
-59.7424
-59.7421
-59.7429
-59.7439
-59.9071
-66.8499
-67.8136
-66.6448
-67.4732
-67.5933
-69.0069
-69.2112
-69.2132
-69.1937
-68.5473
-68.3567
-67.3013
-66.0931
-66.0900
-59.7862
-59.8252
-67.0618
-67.1798
-67.2819
-67.4482
-67.1708
-59.8422
-67.3589
-67.5550
-67.3393
-67.2142
-67.0589
-66.9207
-66.7704
-66.6371
-59.8032
-59.8050
-67.0145
-67.4845
-67.1807
-66.6024
-59.8024
-59.8046
-59.8494
-59.8567
-66.8988
-67.6861
-66.5510
-67.3423
-67.4465
-69.0859
-69.2740
-69.2693
-69.2480
-68.6314
-68.4346
-67.3739
-66.4499
-66.4505
-59.9506
-59.9582
-67.5341
-67.6524
-67.3627
-67.4254
-67.2405
-59.8963
-67.3606
-67.3493
-67.3791
-67.2832
-67.1320
-66.9845
-66.8377
-66.7181
-59.8628
-59.8650
-66.9637
-67.4064
-67.2616
-66.7462
-59.8657
-59.9106
-59.9149
-59.9134
-66.9591
-67.7477
-66.6018
-67.3916
-67.4914
-68.7837
-68.9559
-68.9540
-69.2940
-68.6970
-68.5070
-67.4456
-66.5167
-66.6897
-60.0131
-60.0207
-67.6089
-67.7252
-67.8325
-67.9053
-67.7257
-60.0299
-67.6071
-67.8362
-67.8661
-67.3521
-67.2072
-67.0607
-66.9173
-66.7838
-59.9183
-59.9204
-66.9488
-67.3368
-67.3101
-67.0760
-59.9708
-59.9756
-59.9732
-59.9309
-67.0181
-67.8078
-66.6618
-67.4526
-67.5493
-68.8371
-68.9791
-68.9698
-68.9452
-68.4109
-68.2505
-67.2509
-66.7578
-66.7736
-60.0752
-60.0814
-67.6826
-67.7736
-67.8753
-67.9505
-67.5624
-60.0491
-67.6547
-67.8802
-67.9554
-67.9065
-67.7438
-67.5600
-67.4003
-66.8957
-66.8025
-59.9801
-66.9301
-67.2869
-67.6144
-67.1658
-60.0202
-60.0326
-59.9906
-59.9928
-67.0782
-67.2514
-66.7229
-67.5149
-67.6139
-68.8840
-69.0153
-69.0062
-68.9829
-68.4697
-68.5386
-67.5062
-66.5945
-66.6029
-60.0817
-60.0858
-67.7343
-67.8193
-67.9174
-67.7676
-67.6535
-60.1097
-67.7078
-67.9264
-68.0184
-67.9984
-67.8418
-67.6853
-67.5393
-67.3903
-67.2559
-60.0417
-60.0648
-67.4847
-67.7015
-67.2805
-60.0734
-60.0318
-60.0288
-60.0535
-67.1382
-67.3118
-66.7879
-67.5822
-67.6740
-68.9341
-69.0556
-69.0463
-69.0237
-68.7835
-68.6228
-67.5862
-66.6688
-66.6668
-66.6708
-60.1376
-67.4511
-67.5158
-67.4064
-67.4890
-67.7384
-60.1693
-67.7646
-67.9757
-68.0873
-68.1024
-67.9518
-67.7983
-67.6498
-67.5069
-67.3925
-60.1874
-60.2287
-67.9742
-67.7567
-67.3777
-60.0921
-60.0890
-60.0864
-60.0878
-67.2023
-68.0232
-66.8491
-67.6449
-67.7343
-68.9850
-69.0969
-69.0877
-69.3521
-68.8640
-68.7073
-67.6607
-66.7335
-66.7318
-66.7231
-60.1917
-67.4959
-67.3603
-67.4454
-67.5316
-67.4529
-60.1589
-67.4227
-67.6226
-68.1556
-68.1878
-68.0472
-67.9046
-67.7641
-67.6279
-67.5146
-60.2949
-60.2999
-68.0723
-68.3831
-67.8003
-67.3740
-60.1502
-60.1483
-60.1457
-67.2714
-68.0629
-66.9101
-67.7073
-67.7942
-69.0363
-69.1397
-69.4189
-69.4150
-68.9431
-68.7832
-67.7329
-66.8508
-66.7844
-66.7751
-60.2460
-67.3542
-67.4205
-67.5059
-67.5922
-67.5288
-67.3735
-67.4763
-67.6439
-67.7591
-67.7765
-67.6593
-67.5422
-67.8664
-67.7369
-67.8493
-60.3631
-60.3686
-68.1253
-68.2010
-68.0091
-67.6402
-60.3277
-60.3244
-60.2072
-67.1825
-67.9278
-66.8475
-67.8679
-67.9670
-69.5387
-69.6838
-69.4808
-69.4674
-69.0139
-68.8568
-67.7933
-67.7173
-66.8366
-66.6638
-60.2648
-67.4181
-67.4831
-67.5697
-67.6551
-67.6084
-67.4480
-60.2775
-67.6902
-67.8171
-67.8322
-67.7375
-67.6015
-67.4670
-67.5409
-67.4362
-60.3274
-60.4073
-67.8635
-68.2432
-68.1975
-67.8603
-60.4112
-60.4170
-60.4229
-67.4676
-68.2028
-67.1023
-67.6555
-67.9318
-69.1847
-69.6786
-69.7014
-69.4189
-69.2843
-69.1317
-68.0395
-67.9834
-66.9129
-66.7256
-60.3218
-67.4891
-67.5491
-67.6292
-67.7135
-67.6758
-67.5244
-60.3350
-67.7385
-67.8762
-67.8916
-67.8183
-67.6854
-67.7660
-67.6455
-67.5249
-60.3788
-60.3398
-67.3722
-67.6119
-68.1145
-67.9230
-60.4943
-60.6182
-67.5412
-68.2488
-67.1786
-68.1974
-68.2900
-69.6170
-69.2980
-69.3103
-69.0345
-69.2533
-69.1055
-68.0369
-67.7811
-66.9346
-66.9639
-60.4228
-67.8210
-67.9209
-68.0146
-68.1143
-68.0932
-67.6020
-60.3923
-67.7883
-67.9363
-67.9520
-67.8990
-67.9890
-67.8672
-67.7346
-67.6022
-60.3986
-60.3993
-67.4174
-67.6421
-67.7139
-67.4258
-60.4630
-60.4807
-72.3746
-67.6140
-68.2808
-67.4238
-68.2922
-68.3808
-69.7244
-69.8167
-69.7980
-69.4741
-69.2913
-68.7305
-67.5474
-67.7845
-66.9521
-66.9739
-60.4668
-67.8201
-67.9176
-68.1915
-68.3367
-68.9728
-67.8396
-67.9887
-68.0132
-68.2071
-68.0865
-67.9515
-67.8111
-67.4924
-67.4170
-60.4586
-60.5072
-67.6808
-67.8030
-67.8503
-60.5319
-60.5429
-70.4936
-67.8637
-68.5274
-67.5031
-68.3795
-68.4752
-69.8273
-69.8983
-69.8763
-69.5677
-69.3944
-68.9669
-67.9361
-67.8622
-66.7237
-66.7276
-60.4470
-67.7973
-67.8866
-68.0155
-68.5351
-69.0223
-68.4733
-68.9434
-68.3011
-68.1655
-67.8229
-67.6948
-67.5831
-67.5023
-60.5178
-60.5197
-67.7237
-68.1757
-68.0130
-67.8131
-60.6040
-60.6109
-67.9116
-68.6025
-68.3654
-68.4704
-68.5672
-69.9069
-69.9463
-69.9225
-69.3518
-69.2158
-69.0733
-68.0345
-67.9710
-67.0917
-67.0860
-60.5672
-67.4822
-67.5310
-67.8926
-68.4831
-68.6142
-76.6444
-77.3400
-68.7148
-69.3459
-68.3748
-68.0197
-67.9003
-67.7835
-67.6736
-67.5891
-60.5765
-60.5785
-68.0370
-68.2906
-68.1601
-67.9479
-60.6657
-60.6664
-67.9297
-67.7699
-68.4433
-68.5564
-68.6366
-69.9768
-70.0363
-69.7231
-69.4159
-69.3117
-69.2079
-68.1608
-68.1071
-67.2214
-67.2299
-60.6338
-67.9755
-68.3044
-68.4323
-68.5550
-68.0942
-72.1214
-74.2330
-68.8567
-69.3664
-68.2381
-68.1215
-67.9867
-67.8705
-67.7622
-67.6750
-60.6351
-60.6854
-68.1199
-68.3747
-68.2968
-68.0817
-60.7257
-60.7038
-67.9320
-67.7781
-68.4512
-68.5927
-68.7034
-70.0435
-69.8136
-69.8165
-69.5768
-69.4488
-69.2009
-68.1951
-68.1762
-67.3146
-67.3412
-60.7116
-68.4874
-68.6221
-68.8120
-72.0802
-68.0901
-68.2325
-73.3532
-68.3776
-68.2909
-68.2082
-68.1311
-68.0631
-68.0176
-60.7998
-60.8203
-68.6818
-69.0416
-69.1209
-68.9603
-60.9255
-67.9163
-67.7615
-68.4240
-68.5714
-68.7216
-69.8304
-69.8928
-69.8986
-69.6688
-69.5435
-69.4256
-68.3657
-68.1724
-67.3222
-67.3636
-60.8116
-68.6035
-68.7535
-68.9392
-72.3931
-68.0061
-68.0977
-71.0013
-67.9211
-67.8241
-67.7287
-68.1029
-68.0362
-68.2387
-60.8403
-60.8604
-68.6282
-68.9762
-69.1491
-69.0180
-60.9948
-67.8645
-67.7075
-68.3606
-68.5198
-68.4791
-69.8218
-69.9524
-70.0397
-69.8951
-70.4675
-68.1480
-67.3106
-67.5694
-60.8560
-68.6184
-68.7769
-68.9758
-73.4272
-71.4400
-69.8062
-67.7714
-70.1526
-67.9141
-67.8183
-67.7241
-67.6322
-67.7618
-67.7084
-60.8733
-60.8927
-68.5391
-68.8735
-69.1136
-68.8910
-61.0459
-67.7741
-67.6161
-68.0671
-68.2126
-68.3865
-69.7324
-69.8729
-70.3392
-70.4106
-70.5156
-68.3165
-67.4764
-67.5427
-60.8907
-68.5768
-68.7525
-68.9876
-71.5694
-70.7904
-69.3491
-67.7158
-69.6207
-67.9744
-67.7736
-67.7153
-67.8387
-67.7701
-67.7156
-60.8096
-60.8180
-60.8975
-68.6956
-68.9715
-68.9812
-68.9973
-67.6505
-67.3272
-67.8963
-68.0158
-68.1696
-69.4427
-69.9932
-70.2426
-70.3575
-70.5637
-67.8514
-67.0625
-67.0824
-60.8189
-60.8267
-68.6030
-68.9780
-71.1100
-70.1200
-69.3233
-67.6978
-69.3379
-68.1004
-67.7649
-67.8858
-67.8104
-67.7384
-67.6749
-67.6420
-60.8453
-60.8521
-67.8777
-68.0095
-67.9569
-68.8664
