-58.5324
-58.5632
-64.3877
-64.6296
-58.5933
-58.5700
-58.5458
-58.5134
-58.5049
-58.4679
-58.4194
-58.3255
-58.2826
-58.2361
-58.1727
-58.1183
-58.0590
-57.9939
-57.9363
-57.8505
-61.2705
-61.1943
-60.7988
-58.5484
-58.9692
-58.6982
-58.1377
-56.0588
-57.2162
-57.4483
-57.4544
-57.1779
-55.5956
-55.5045
-55.3877
-55.3668
-55.5557
-55.5415
-55.7271
-55.9579
-58.4805
-58.5201
-58.5455
-64.3225
-63.8994
-58.6330
-58.6079
-58.6026
-58.5619
-58.5176
-58.4740
-58.3871
-58.3440
-58.2969
-58.2465
-58.1779
-58.1178
-58.0522
-57.9798
-57.9109
-57.8172
-61.1464
-60.8699
-60.6795
-59.0003
-56.0458
-55.9497
-57.3544
-57.5832
-57.2976
-56.9432
-55.4659
-55.3415
-55.2838
-55.5331
-55.4567
-55.6408
-55.8850
-57.9151
-58.4640
-58.5497
-63.7864
-63.9608
-58.6296
-58.6906
-58.6604
-58.6233
-58.5745
-58.4896
-58.4501
-58.4070
-58.3597
-58.3081
-58.2396
-58.1789
-58.1125
-58.0397
-57.9741
-57.8785
-61.1173
-60.9937
-60.6352
-64.5797
-58.1528
-55.9330
-57.2416
-57.5393
-57.4452
-57.0683
-55.4273
-55.2945
-55.2148
-55.5247
-49.3164
-55.5446
-55.8065
-57.9569
-57.9191
-58.4871
-58.5768
-63.8415
-63.6467
-58.6750
-58.7183
-58.6812
-58.6024
-58.5543
-58.5146
-58.4717
-58.4244
-58.3726
-58.3167
-58.2425
-58.1755
-58.1021
-58.0210
-57.9431
-57.8385
-60.9867
-60.8167
-60.6794
-61.1199
-60.7628
-58.0969
-55.9161
-55.8138
-57.4424
-57.6255
-57.2339
-55.3894
-55.2468
-55.1632
-55.5256
-55.3140
-55.4411
-55.7219
-57.9992
-57.9602
-57.9195
-58.5071
-63.5363
-63.6409
-58.6646
-58.7137
-58.6988
-58.6677
-58.6360
-58.5810
-58.5380
-58.4910
-58.4393
-58.3825
-58.3218
-58.2413
-58.1673
-58.0860
-58.0140
-57.9074
-60.9917
-60.9559
-60.7466
-60.4366
-60.5861
-58.0423
-57.7577
-55.7930
-57.3161
-57.7133
-57.4532
-56.9032
-55.2031
-55.1083
-55.0783
-55.2685
-55.3302
-55.6303
-58.0421
-58.0019
-57.9602
-57.9293
-58.5362
-63.5280
-63.3484
-58.6361
-58.6942
-59.1165
-59.1111
-58.6692
-58.6061
-58.5596
-58.5082
-58.4516
-58.3901
-58.3100
-58.2381
-58.1563
-58.0657
-57.9774
-57.9160
-60.9748
-60.6291
-60.4378
-60.2262
-60.0907
-57.7345
-57.4658
-57.1464
-57.6255
-57.7396
-57.1592
-55.1963
-55.0531
-54.9825
-55.2463
-55.2132
-55.5310
-58.0856
-58.0443
-58.0014
-57.9668
-57.9136
-63.0193
-63.1666
-58.6254
-58.6594
-58.7239
-59.1984
-59.2179
-58.7017
-58.6301
-58.5794
-58.5233
-58.4615
-58.3966
-58.3096
-58.2276
-58.1369
-58.1032
-57.9940
-57.8609
-60.7567
-60.4226
-60.1421
-59.9583
-57.6976
-57.4488
-55.6353
-57.5074
-58.0589
-57.5385
-55.1531
-54.9977
-54.9024
-55.2477
-55.0944
-55.4226
-58.1296
-58.0873
-58.0531
-58.0021
-57.9503
-57.9064
-61.1788
-62.9708
-58.6435
-58.6810
-58.7542
-59.3030
-59.3691
-58.8034
-58.6529
-58.5994
-58.5381
-58.4710
-58.3975
-58.3028
-58.2598
-58.1638
-58.0686
-57.9279
-60.6999
-60.3363
-60.2511
-60.0011
-59.6596
-57.4209
-57.1802
-57.3252
-58.0413
-58.0919
-57.0651
-54.9419
-54.8386
-55.2734
-48.6950
-55.3037
-58.1737
-58.1406
-58.0905
-58.0404
-57.9513
-57.8995
-61.1418
-61.0009
-58.6204
-58.6593
-58.7014
-58.7868
-59.4500
-59.5986
-59.6114
-58.6760
-58.6157
-58.5489
-58.4759
-58.4280
-58.3417
-58.2489
-58.1455
-57.9605
-57.8160
-60.3826
-60.2692
-59.9815
-59.7184
-57.3671
-57.1479
-55.4576
-58.0211
-58.7909
-58.0572
-54.8858
-54.7745
-54.7322
-54.9158
-55.1716
-58.2283
-58.1796
-58.1307
-58.0426
-57.9929
-57.9403
-61.1121
-61.0552
-60.8291
-58.6296
-58.6731
-58.7207
-59.3908
-59.6726
-58.6962
-58.6306
-58.5542
-58.5265
-58.4316
-58.3281
-58.2057
-58.0512
-57.9049
-60.5957
-60.3406
-60.1206
-59.7942
-59.3899
-57.1067
-56.8724
-57.9978
-59.4074
-59.4224
-54.8312
-54.7103
-54.6239
-54.9008
-55.0244
-58.2222
-58.1715
-58.0856
-58.0353
-57.9819
-57.9255
-61.0445
-60.8897
-57.7349
-58.6373
-58.6864
-58.7428
-59.8354
-67.5388
-58.7120
-58.6912
-58.6194
-58.5321
-58.4121
-58.2562
-58.1319
-58.0025
-57.8443
-60.2681
-60.1313
-59.8414
-59.4780
-57.0568
-56.8322
-60.9145
-56.1335
-54.6461
-54.5324
-54.9446
-54.8586
-58.2651
-58.1802
-58.1293
-58.0777
-58.0244
-57.9672
-61.0301
-60.9429
-60.7329
-57.7057
-58.6437
-58.7005
-58.9051
-63.7323
-58.7869
-58.7133
-58.6206
-58.4640
-58.3559
-58.2337
-58.1132
-57.9500
-60.5321
-60.2267
-60.0109
-59.5987
-59.1081
-56.7890
-56.6024
-56.0431
-54.5820
-54.4584
-55.0510
-54.6921
-64.9039
-58.2264
-58.1758
-58.1216
-58.0668
-58.0099
-57.9511
-60.9565
-60.7909
-57.7451
-57.6688
-58.7136
-58.7943
-58.9591
-63.9231
-58.8857
-58.8052
-58.6723
-58.5800
-58.4669
-58.3476
-58.2113
-58.0670
-57.8862
-60.1795
-60.0113
-59.7191
-59.2490
-56.7735
-56.5532
-56.3789
-56.2955
-55.9550
-55.6282
-54.3848
-54.3281
-48.0129
-65.1271
-64.9076
-59.1697
-59.2312
-58.1684
-58.1123
-58.0548
-57.9944
-60.9541
-60.8437
-60.6356
-57.7551
-57.6834
-58.7251
-58.8068
-63.6102
-64.6442
-64.1252
-63.4471
-58.9018
-58.7777
-58.6938
-58.5932
-58.4656
-58.3334
-58.1959
-58.0152
-57.7202
-60.1563
-59.7643
-59.4368
-56.7852
-56.5015
-56.2599
-56.0943
-55.8691
-55.5489
-55.3120
-54.2213
-54.5122
-64.7917
-65.0461
-64.6689
-59.2650
-59.2804
-58.1604
-58.0989
-58.0366
-57.9721
-60.8661
-60.7730
-57.7998
-57.7241
-57.6428
-58.7244
-58.8197
-63.4009
-63.8676
-63.7534
-58.9629
-58.8929
-58.8091
-58.7138
-58.5919
-58.4651
-58.3179
-58.1592
-57.9616
-60.3428
-59.9483
-59.7223
-59.1083
-56.4441
-56.1850
-55.9491
-55.7841
-55.4659
-55.2473
-54.1176
-54.7558
-64.6073
-65.1833
-65.0070
-59.2567
-59.3846
-59.3304
-58.1471
-58.0810
-58.0145
-60.9521
-60.8357
-60.6399
-57.7656
-57.6814
-57.5850
-58.6793
-62.7149
-63.3533
-63.4942
-63.4127
-59.0082
-58.9297
-58.8409
-58.7381
-58.6063
-58.4668
-58.3210
-58.1240
-57.7924
-60.2285
-59.7674
-59.3685
-56.4198
-56.0990
-55.8448
-55.6435
-55.4482
-55.1571
-54.9379
-55.3509
-64.5978
-65.1845
-65.3637
-59.6092
-59.3841
-59.5318
-59.3879
-59.1568
-58.0595
-58.0323
-60.8755
-60.6977
-57.8052
-57.7014
-57.6051
-57.5045
-58.6630
-62.6161
-63.2163
-63.3599
-59.1273
-59.0555
-58.9736
-58.8793
-58.7689
-58.6293
-58.4756
-58.3064
-58.0944
-60.5082
-60.0346
-59.4463
-58.8668
-56.0442
-55.7868
-55.5629
-55.3469
-55.0649
-54.8375
-56.5580
-59.5202
-65.3202
-65.8200
-65.7377
-59.3345
-59.5533
-59.6383
-59.4728
-59.2161
-58.0810
-60.8893
-60.7501
-60.5225
-57.7429
-57.6450
-57.5457
-57.4384
-62.1187
-62.6068
-63.1065
-63.3193
-59.1850
-59.1111
-59.0265
-58.9300
-58.8003
-58.6600
-58.4906
-58.3415
-57.9695
-60.3629
-59.7773
-59.3484
-55.9864
-55.7316
-55.4647
-55.2588
-54.9564
-54.7335
-54.5512
-59.6822
-65.5686
-66.1909
-66.3342
-59.9808
-59.5289
-59.7761
-59.8572
-59.7239
-58.0796
-58.0548
-60.7686
-60.5763
-57.7867
-57.6906
-57.5867
-57.4512
-57.3412
-62.0916
-62.7461
-63.0674
-59.2324
-59.2553
-59.1813
-59.0951
-58.9923
-58.8558
-58.7459
-58.5797
-58.2034
-58.0824
-60.1365
-59.4339
-58.8456
-55.6747
-55.4213
-55.1492
-54.8581
-54.6289
-54.3970
-59.8432
-65.8797
-66.5095
-66.9743
-66.8767
-59.4564
-59.8653
-60.1236
-60.1275
-60.1363
-58.0641
-61.0284
-60.6250
-60.4268
-57.7357
-57.6023
-57.4963
-57.3850
-59.4390
-62.0541
-62.6997
-63.1371
-59.3790
-59.3364
-59.2642
-59.1776
-59.0703
-58.9772
-58.8235
-58.6338
-58.3314
-60.6604
-59.9920
-59.0472
-55.6375
-55.3635
-55.0791
-54.7635
-54.5214
-54.2807
-60.1751
-64.4262
-59.9541
-60.9964
-58.0512
-60.9798
-60.4851
-57.7540
-57.6517
-57.5443
-57.4319
-57.3133
-59.2979
-62.0361
-62.7443
-59.2877
-59.4927
-59.4340
-59.3627
-59.3278
-59.2193
-59.0927
-58.9406
-58.4807
-58.4223
-60.7135
-59.8412
-58.5486
-55.3049
-55.0124
-54.7236
-54.4035
-54.1678
-66.9964
-60.7822
-59.9807
-60.7367
-57.9452
-60.7381
-60.9024
-57.8201
-57.7039
-57.5954
-57.4818
-57.3621
-59.3112
-59.1444
-61.9954
-62.9451
-59.5244
-59.5995
-59.5962
-59.5426
-59.4754
-59.3640
-59.2007
-59.0562
-58.8205
-61.6205
-60.9762
-59.6524
-55.2485
-54.9531
-54.6493
-54.3052
-54.0541
-61.9388
-62.5382
-62.2407
-61.9332
-61.6178
-60.9762
-57.8117
-58.5580
-58.3923
-60.5853
-60.4574
-60.4024
-57.9489
-60.6281
-60.7871
-58.2231
-57.6499
-57.5366
-57.4160
-57.2889
-59.1644
-58.9770
-62.0734
-59.3972
-59.7640
-59.7823
-59.7504
-59.7031
-59.5714
-59.5185
-59.4601
-58.9985
-59.1786
-62.4800
-61.5919
-57.4176
-54.8938
-54.5672
-54.1972
-53.9436
-62.1066
-62.4779
-62.3137
-62.0489
-61.7512
-61.1176
-60.6394
-58.3592
-58.2758
-58.1048
-60.1628
-60.1815
-57.7664
-60.3596
-60.5661
-58.1241
-58.2534
-57.5936
-57.4721
-57.3440
-59.1942
-59.0055
-58.7722
-62.4952
-59.9678
-59.6192
-59.1944
-59.5826
-64.0839
-64.0182
-63.9586
-54.8410
-54.5063
-54.1167
-53.8410
-62.2521
-61.9787
-62.3611
-62.1428
-61.8488
-61.2717
-60.8209
-57.8467
-58.1260
-58.0107
-57.8069
-59.8674
-59.8917
-60.0759
-60.3076
-60.5249
-58.1346
-58.2943
-57.5324
-57.4031
-57.2667
-59.0414
-58.8354
-58.6013
-64.6117
-64.4343
-58.6746
-59.6276
-57.0038
-54.4491
-54.0459
-53.7444
-62.3695
-62.1610
-62.0687
-62.2456
-61.9836
-61.4405
-61.0008
-60.5126
-60.2339
-57.9164
-57.7615
-57.5407
-59.6586
-57.5876
-60.0136
-60.2544
-58.0234
-58.1699
-58.3511
-58.4975
-57.3280
-59.0899
-58.8857
-58.6802
-58.4247
-58.4296
-58.1206
-57.8127
-57.4224
-57.0986
-56.7798
-56.3602
-58.6659
-57.5462
-54.4048
-54.0503
-53.6600
-62.5064
-62.3564
-62.2040
-62.3995
-62.1325
-61.6217
-61.1677
-60.7586
-57.8763
-60.0785
-57.6766
-57.4815
-57.2894
-57.4240
-59.6927
-59.9581
-60.2212
-58.0559
-57.9431
-58.4272
-58.4761
-57.2525
-58.9811
-58.7847
-58.5083
-58.2116
-58.1370
-57.8352
-57.4770
-57.2326
-56.7890
-56.4016
-56.0349
-59.0913
-59.7107
-59.0834
-58.0910
-56.6797
-54.0075
-53.5831
-62.6903
-62.5115
-62.2630
-62.1616
-62.3157
-61.8285
-61.3900
-61.0045
-60.5067
-60.1749
-59.8598
-57.4446
-57.2338
-59.1650
-57.3641
-59.6220
-59.9092
-57.9032
-58.1068
-57.8618
-58.5347
-58.4924
-59.0745
-58.8536
-58.5990
-58.3015
-58.0854
-57.8649
-57.5412
-57.2732
-56.8013
-56.4394
-56.0700
-55.7693
-59.6179
-59.5136
-58.8661
-57.3797
-53.9703
-53.5125
-63.0662
-62.6763
-62.4790
-62.3346
-62.4385
-62.0243
-61.6340
-61.2655
-60.7407
-57.9407
-60.0548
-59.6760
-57.1976
-56.9871
-57.1433
-59.2517
-59.5613
-59.8881
-57.9511
-58.1895
-57.7762
-58.6498
-58.5032
-60.8741
-58.6931
-58.3996
-58.0878
-57.8661
-57.6139
-57.3292
-56.9820
-56.4886
-56.1125
-55.7239
-58.5165
-60.3730
-59.9827
-58.6994
-56.3054
-53.4528
-63.2829
-62.8670
-62.7011
-62.4310
-62.2907
-62.2751
-61.9010
-61.5479
-61.0445
-60.5881
-60.2835
-59.9200
-59.4488
-56.9513
-56.7409
-57.0749
-59.1702
-59.5224
-57.7669
-58.0323
-58.3378
-57.7251
-58.6820
-61.1581
-60.8076
-58.5071
-58.1952
-57.9507
-57.6393
-57.4100
-57.0538
-56.6673
-56.1670
-55.7711
-55.4094
-60.8603
-61.4676
-60.7234
-58.3252
-53.4229
-63.5549
-63.1352
-62.8973
-62.6428
-62.5248
-62.5542
-62.1837
-61.7976
-61.3755
-60.9290
-60.5543
-60.2072
-59.7824
-59.2066
-56.7033
-55.3869
-58.7325
-59.1116
-59.5280
-57.8682
-58.1860
-58.5292
-57.6257
-58.7068
-61.1414
-60.7500
-58.3162
-57.9896
-57.7232
-57.4187
-57.1428
-56.7503
-56.2352
-55.8251
-55.4246
-55.0591
-60.9260
-63.5316
-63.2164
-53.5618
-63.7985
-63.5360
-63.1067
-62.9493
-62.7636
-62.5762
-62.4391
-62.1171
-61.7268
-61.3054
-58.3228
-60.5441
-60.1376
-59.6141
-58.9646
-56.4515
-55.2155
-58.6416
-59.0953
-57.6331
-58.0138
-58.3934
-59.0739
-57.5159
-61.5184
-61.1534
-60.7030
-60.1489
-57.8594
-57.5324
-57.2533
-56.8559
-56.4426
-55.9121
-55.5044
-55.1305
-60.7212
-64.0466
-63.7479
-63.3594
-63.1958
-62.9713
-62.8125
-62.6289
-62.4891
-62.0936
-61.7051
-61.2885
-60.9288
-60.5580
-60.0910
-59.4655
-58.7271
-55.1862
-56.0376
-58.6027
-59.1877
-57.7914
-58.2471
-59.2817
-59.1502
-57.3944
-61.6054
-61.2191
-60.6856
-60.1150
-57.6650
-57.3134
-56.9920
-56.5681
-56.0187
-55.6038
-55.2132
-54.7781
-64.2411
-64.0319
-63.6681
-63.4460
-63.2876
-63.1007
-62.9393
-62.9063
-62.5578
-62.1545
-61.7408
-58.6355
-61.0411
-60.6305
-60.0693
-59.3542
-58.4787
-55.0141
-55.8056
-58.6044
-57.4769
-58.0162
-59.8608
-59.2513
-58.9864
-61.7402
-61.3639
-60.8218
-60.2625
-57.4706
-57.0815
-56.7256
-56.3130
-55.7418
-55.3041
-54.8829
-54.4208
-53.9987
-53.4933
-64.5553
-64.3055
-64.1019
-63.7504
-63.5167
-63.4166
-63.2680
-63.1110
-62.9941
-62.6533
-62.2971
-61.8618
-61.5759
-61.2411
-60.7810
-60.1341
-59.3150
-56.7603
-55.7313
-57.8993
-58.6887
-57.7073
-58.4051
-58.7142
-62.0766
-61.6395
-61.0837
-60.5168
-59.5385
-56.8812
-56.4920
-55.8896
-55.4449
-55.0059
-54.5253
-54.0736
-53.5464
-67.6387
-66.4847
-66.3256
-65.7783
-65.7071
-65.5971
-65.7099
-63.5263
-63.4480
-63.1496
-62.8361
-62.5091
-59.0817
-61.9030
-61.5853
-61.0776
-60.4275
-59.4651
-54.7933
-55.4706
-57.8673
-57.2684
-58.1472
-58.6653
-58.5393
-62.5275
-62.1514
-58.9205
-61.1364
-60.0985
-56.7127
-56.2801
-55.6232
-55.1508
-54.6688
-54.1503
-53.6416
-68.3610
-67.1185
-66.9358
-66.6923
-66.7712
-67.0990
-67.8572
-68.4482
-63.4030
-63.1278
-62.8521
-62.5932
-62.4174
-62.2078
-61.7571
-61.1147
-57.9814
-55.4148
-55.1968
-57.9936
-57.7569
-61.9630
-58.3621
-58.3279
-58.3065
-63.1921
-63.0000
-63.0012
-62.8558
-62.7770
-56.5498
-55.7506
-55.3495
-54.8542
-54.3175
-53.7440
-68.7862
-69.2713
-66.9352
-67.4779
-68.9158
-63.7497
-63.5504
-63.4230
-63.3835
-63.3068
-63.2248
-63.0526
-62.8750
-59.4473
-55.1423
-54.9140
-57.0378
-58.8763
-58.0442
-58.1718
-58.4017
-58.0399
-64.3398
-60.3607
-55.8375
-55.4194
-55.0858
-54.5347
-53.9461
-69.5085
-69.7594
-67.6258
-67.4547
-68.8339
-66.5910
-68.1649
-66.9021
-67.0702
-55.1868
-54.8528
-54.6249
-58.8035
-57.7197
-57.8510
-57.8492
-58.7200
-57.7993
-64.7895
-55.8792
-55.4405
-55.0932
-54.8134
-54.2112
-64.2151
-63.4415
-63.6800
-63.4569
-62.7711
-66.1218
-68.7564
-62.2646
-61.9237
-65.9168
-68.2210
-59.5178
-67.1614
-57.9084
-54.8050
-54.5628
-53.6865
-57.3783
-57.5143
-57.5372
-58.9849
-58.6785
-57.5991
-57.4108
-56.9857
-56.5560
-55.9476
-55.4883
-55.1160
-54.7931
-54.5511
