-71.7638
-72.7300
-72.9721
-67.8305
-67.8767
-68.3664
-69.0364
-69.8400
-70.7323
-70.8715
-67.8487
-68.5689
-69.4337
-71.2525
-71.9603
-74.0640
-74.0342
-70.2228
-70.1583
-69.6278
-68.7539
-68.2932
-64.8551
-69.0333
-72.0827
-74.8814
-66.8111
-71.4796
-72.3903
-64.6555
-65.0512
-63.8341
-66.4592
-67.2709
-72.8810
-67.6131
-68.5603
-69.8084
-70.4911
-63.5879
-70.4272
-72.7271
-67.0398
-67.8032
-68.4236
-69.3372
-70.4515
-72.2566
-71.6305
-67.7890
-68.7177
-70.8590
-71.9712
-77.0411
-70.1611
-71.1852
-70.6787
-69.8578
-69.6342
-68.9137
-64.7173
-72.1146
-66.5040
-71.9161
-64.0596
-64.5186
-65.2067
-63.6829
-66.8710
-65.6383
-68.3949
-69.8442
-70.6033
-71.3293
-68.4012
-72.6241
-65.8544
-66.5582
-67.6939
-68.6757
-70.0317
-72.4736
-73.8890
-74.0514
-67.7004
-68.9958
-71.7976
-76.5645
-76.7118
-69.2101
-72.1149
-71.8615
-70.7497
-71.7316
-71.7740
-71.8718
-64.6563
-65.9517
-67.2617
-65.3827
-63.8302
-64.4774
-64.2865
-63.5675
-61.3829
-61.5588
-70.0159
-70.4452
-61.9407
-61.8611
-62.0082
-64.3813
-64.2186
-64.8169
-65.6885
-67.6382
-69.6398
-72.7210
-67.6079
-71.7546
-67.1674
-71.3061
-73.1701
-64.5377
-65.1968
-66.2056
-66.2565
-66.0317
-65.6345
-63.7360
-64.6283
-64.7168
-63.5422
-64.4667
-60.9587
-61.1687
-70.2932
-70.0381
-64.0837
-64.0451
-61.4689
-61.4128
-61.3650
-61.3195
-61.2767
-71.1810
-61.2832
-67.3922
-61.2905
-61.4096
-61.5204
-66.7771
-63.4528
-64.1748
-65.5538
-67.3623
-69.0607
-70.5670
-70.4242
-63.5719
-64.8373
-65.3537
-63.3301
-64.5639
-63.9087
-60.6462
-60.9995
-63.3509
-63.7880
-64.1364
-64.4061
-64.3313
-64.2536
-64.1746
-64.0956
-64.1360
-64.1746
-64.0989
-64.0053
-60.8305
-60.7540
-60.7718
-60.7648
-60.7083
-60.7632
-60.7922
-60.7725
-60.9450
-61.0898
-61.2926
-61.6312
-62.0783
-62.7434
-64.1296
-66.2964
-69.1391
-62.1904
-63.3798
-65.4536
-66.5704
-63.1514
-65.3028
-65.9666
-65.7580
-62.8134
-62.9862
-63.1193
-63.3515
-63.8442
-64.6086
-65.8419
-67.8123
-60.4138
-60.3125
-60.2933
-60.2203
-60.1375
-60.1273
-60.0876
-60.0091
-60.0644
-60.0979
-60.1350
-60.2701
-60.4959
-60.8711
-61.8576
-64.0536
-69.0412
-60.2699
-61.1067
-63.2218
-68.4940
-63.0368
-61.9708
-61.8664
-61.9946
-62.0785
-62.0557
-62.3335
-62.7805
-63.6717
-65.7446
-52.4017
-52.3094
-52.2277
-52.1367
-52.0419
-51.9574
-51.8651
-51.7656
-51.6801
-51.5852
-51.4903
-51.3952
-51.2974
-51.1953
-51.1028
-51.0044
-50.8990
-50.8065
-50.7037
-50.5963
-50.4860
-50.3800
-50.2744
-50.1735
-50.0621
-49.9497
-58.2398
-53.4509
-53.3701
-53.2886
-53.2082
-53.1102
-53.0301
-52.9524
-52.8705
-52.7879
-52.7202
-52.6373
-52.5530
-52.4681
-52.3791
-52.2872
-52.2048
-52.1149
-52.0194
-51.9333
-51.8414
-51.7398
-51.6536
-51.5611
-51.4665
-51.3707
-51.2744
-51.1707
-51.0776
-50.9790
-50.8735
-50.7797
-50.6772
-50.5706
-50.4604
-50.3543
-50.2482
-50.1445
-50.0348
-49.9231
-49.8122
-53.4455
-53.3650
-53.2781
-53.2019
-53.1109
-53.0258
-52.9476
-52.8661
-52.7836
-52.7133
-52.6315
-52.5474
-52.4621
-52.3738
-52.2828
-52.2000
-52.1103
-52.0163
-51.9262
-51.8337
-51.7360
-51.6493
-51.5567
-51.4625
-51.3680
-51.2701
-51.1669
-51.0735
-50.9748
-50.8696
-50.7752
-50.6715
-50.5666
-50.4550
-50.3491
-50.2422
-50.1366
-50.0321
-49.9208
-49.8094
-53.4022
-53.3216
-53.2393
-53.1572
-53.0670
-52.9821
-52.9007
-52.8213
-52.7387
-52.6556
-52.5844
-52.5004
-52.4150
-52.3266
-52.2350
-52.1516
-52.0617
-51.9656
-51.8784
-51.7849
-51.6867
-51.5995
-51.5063
-51.4129
-51.3163
-51.2182
-51.1150
-51.0192
-50.9199
-50.8144
-50.7191
-50.6163
-50.5114
-50.4040
-50.2928
-50.1845
-50.0780
-49.9730
-49.8615
-49.7483
-53.3586
-53.2788
-53.1966
-53.1093
-53.0233
-52.9424
-52.8567
-52.7742
-52.6936
-52.6097
-52.5373
-52.4530
-52.3674
-52.2791
-52.1873
-52.1007
-52.0105
-51.9165
-51.8285
-51.7352
-51.6368
-51.5763
-51.4811
-51.3859
-51.2890
-51.1906
-51.0874
-50.9926
-50.8929
-50.7865
-50.6903
-50.5871
-50.4823
-50.3745
-50.2629
-50.1549
-50.0476
-49.9418
-49.8308
-49.7165
-53.3497
-53.2719
-53.1925
-53.1132
-53.0233
-52.9423
-52.8605
-52.7743
-52.6934
-52.6095
-52.5362
-52.4519
-52.3663
-52.2760
-52.1845
-52.1001
-52.0099
-51.9160
-51.8275
-51.7343
-51.6359
-51.5470
-51.4529
-51.3566
-51.2594
-51.1608
-51.0577
-50.9579
-50.8624
-50.7567
-50.6597
-50.5563
-50.4515
-50.3436
-50.2316
-50.1233
-50.0156
-49.9055
-49.7979
-49.6837
-64.1650
-66.2688
-62.2697
-62.7220
-63.6170
-65.6342
-67.9740
-65.6331
-65.1858
-64.8922
-52.1059
-51.3285
-51.2311
-51.1324
-51.0292
-50.9291
-50.8332
-50.7273
-50.6298
-50.5262
-50.4213
-50.3130
-50.2009
-50.0922
-49.9841
-49.8735
-49.7657
-49.6517
-63.7854
-64.5532
-65.7998
-67.7954
-68.6677
-70.2013
-70.0748
-67.3072
-69.0890
-64.3318
-68.4738
-60.5004
-61.4414
-63.5953
-66.4606
-66.0417
-62.7694
-67.9168
-70.6222
-64.6479
-65.0759
-65.8907
-67.1084
-68.7006
-69.1922
-72.2646
-67.2788
-70.6767
-70.3498
-79.2732
-72.0256
-72.2757
-75.2459
-69.5801
-66.6436
-68.9849
-62.4247
-63.7970
-65.8471
-67.1954
-66.6767
-65.0939
-67.9564
-64.7146
-65.1055
-65.5863
-66.0637
-66.8515
-67.9315
-69.2077
-69.7050
-71.0610
-70.6597
-72.0124
-67.6659
-71.5780
-73.5028
-73.1922
-69.9226
-67.7034
-63.8279
-65.2068
-66.7977
-74.7082
-73.7423
-67.5770
-72.2208
-65.5130
-66.8287
-67.2558
-66.0979
-66.7195
-66.8547
-65.0919
-65.4581
-66.8172
-67.5603
-68.4911
-69.5454
-69.9607
-71.1437
-70.8570
-70.7176
-72.4077
-70.1596
-72.0303
-64.8614
-66.1092
-70.5444
-72.4460
-66.7555
-68.2119
-66.2921
-66.6462
-66.8282
-66.6249
-60.8454
-61.1713
-65.7049
-73.9854
-67.4334
-68.1388
-68.8769
-69.7673
-70.1653
-71.1105
-74.6294
-75.1044
-70.6715
-76.5079
-71.0869
-72.3370
-70.0711
-74.4043
-75.0144
-71.7737
-65.6185
-66.7396
-70.7107
-66.1065
-67.2621
-68.5268
-66.7656
-66.5425
-61.2042
-61.2935
-70.1047
-70.5558
-73.0902
-75.0389
-67.6203
-67.8543
-68.5090
-69.1506
-69.8979
-70.3039
-70.8207
-73.4907
-69.8612
-70.3592
-69.9777
-70.7746
-71.2283
-73.3949
-69.3922
-69.7978
-73.0442
-73.3103
-70.9091
-72.5235
-72.4354
-65.4870
-66.0329
-66.9849
-69.5829
-66.3919
-67.3050
-71.3651
-66.0870
-61.4227
-61.3050
-64.4730
-67.3435
-70.1442
-70.8983
-71.7690
-70.1535
-67.8305
-68.0289
-68.5768
-69.1508
-69.4910
-69.8587
-73.6287
-74.4123
-70.8401
-73.0625
-69.9625
-70.3620
-70.2402
-70.8668
-71.1583
-72.9370
-69.4666
-69.8283
-72.0564
-72.1002
-70.8103
-72.0340
-65.3969
-65.9743
-66.4545
-69.7023
-65.8947
-66.7336
-66.7131
-61.6160
-61.4804
-61.6474
-64.6456
-66.1391
-67.3857
-67.3910
-67.4956
-71.9173
-70.3313
-67.7292
-68.2120
-68.3754
-68.8864
-69.4241
-70.0863
-70.6774
-74.8624
-71.6468
-74.7758
-68.5813
-71.5384
-72.4414
-72.9991
-70.6973
-77.0090
-70.0634
-68.5256
-65.8907
-66.4328
-66.8652
-69.4309
-66.3160
-61.8816
-61.8962
-61.8088
-64.1836
-65.3642
-66.2425
-67.0854
-68.4710
-70.3176
-70.9804
-68.0419
-74.0603
-68.9448
-69.2660
-69.8021
-70.3304
-70.7450
-71.6366
-72.1541
-74.5248
-70.9733
-71.8764
-72.6488
-73.0503
-71.2238
-76.3375
-68.4475
-65.8225
-66.2866
-66.7587
-66.8453
-62.0397
-62.0057
-61.9467
-62.1281
-64.5005
-65.5021
-66.3072
-66.9535
-67.8677
-68.8233
-70.4488
-70.1963
-68.3281
-74.0603
-69.2673
-69.6927
-70.1749
-70.6431
-70.8261
-71.7395
-72.2354
-73.6127
-74.7070
-71.3092
-72.2668
-72.7152
-73.2121
-71.1487
-73.7404
-74.3942
-65.7550
-66.2004
-66.5759
-62.2573
-62.2011
-62.2885
-62.1440
-64.3622
-64.7530
-65.6282
-66.2537
-66.9924
-67.5165
-68.3142
-69.0993
-70.5385
-68.2974
-71.5865
-73.8242
-76.3328
-69.3521
-69.8777
-70.3085
-70.8204
-71.1307
-74.8787
-71.6262
-72.5547
-72.0277
-72.3202
-72.5445
-77.2805
-77.5165
-71.6773
-66.1114
-62.4732
-62.4509
-62.4864
-62.3003
-62.4773
-64.5259
-65.2694
-65.7498
-66.2563
-66.8545
-67.2972
-69.1802
-69.6414
-69.8954
-70.3171
-70.7590
-71.2237
-72.9911
-71.3530
-72.1287
-72.6102
-76.8277
-71.3373
-71.8241
-62.6839
-66.5866
-62.6189
-64.5431
-64.8542
-72.3320
-66.2936
-73.1594
-69.7586
-70.1166
-70.4810
-70.8844
-71.2177
-73.0507
-72.5810
-74.1926
-72.0641
-72.1816
-74.8691
-70.9393
-71.9399
-66.6412
-64.8043
-65.0184
-70.2589
-72.9473
-69.9436
-73.2216
-69.0390
-69.0709
-69.1212
-69.1958
-68.5679
-68.7083
-68.8893
-69.1237
-69.4308
-70.5631
-71.2700
-71.6129
-72.9369
-72.0064
-72.2911
-73.5548
-71.9045
-71.9814
-74.0633
-70.6961
-71.0884
-73.6173
-75.1814
-73.2671
-64.9808
-68.3828
-69.7639
-70.9077
-72.6661
-69.7707
-70.6523
-73.8312
-74.5004
-70.3962
-71.2039
-68.5921
-68.6215
-68.6631
-68.7038
-68.2133
-68.3470
-68.5174
-68.7365
-69.0182
-69.7112
-69.6911
-69.6944
-69.6292
-69.5466
-69.2129
-69.2754
-69.0979
-68.8522
-68.8691
-68.6822
-68.3826
-68.5817
-68.5013
-68.2920
-68.3364
-65.5060
-67.6437
-67.5005
-67.6712
-67.6520
-67.8150
-67.5469
-67.4747
-67.5089
-67.4088
-67.3109
-67.2075
-67.1041
-66.9994
-65.6524
-68.5605
-68.6016
-68.6499
-68.6880
-68.2884
-68.4387
-68.6264
-68.8599
-68.8456
-69.1973
-69.1982
-69.1577
-69.1280
-69.0163
-68.7529
-68.8244
-68.7063
-68.5109
-68.5301
-68.3948
-68.1483
-68.3211
-68.2823
-67.6771
-67.5761
-67.6836
-67.5725
-67.4229
-67.5628
-67.5191
-67.4506
-67.4311
-67.3247
-67.3157
-67.2218
-67.1079
-66.9870
-66.8549
-66.6796
-65.8363
-68.6027
-68.6802
-68.7405
-68.6548
-68.4537
-68.6166
-68.8201
-68.8242
-68.7718
-69.0536
-69.0444
-69.0046
-68.9467
-68.8782
-68.6217
-68.6737
-68.5547
-68.3566
-68.3511
-68.2073
-67.9439
-67.7520
-67.0938
-67.5288
-67.6505
-67.6064
-67.5005
-67.3398
-67.4362
-67.3765
-67.3382
-67.3029
-67.1760
-67.1391
-67.0393
-66.9182
-66.7825
-66.6257
-66.4104
-66.0042
-68.7410
-68.8218
-68.8951
-68.8522
-68.6657
-68.8413
-68.7989
-68.7450
-68.6903
-68.9189
-68.9000
-68.8575
-68.7991
-68.7298
-68.4917
-68.5091
-68.4003
-68.1986
-68.1693
-67.7836
-67.5056
-67.4692
-67.5267
-67.5687
-67.5807
-67.5309
-67.4218
-67.2406
-67.3181
-67.2323
-67.2231
-67.1653
-67.0559
-66.9397
-66.8624
-66.7321
-66.5837
-66.4119
-65.9379
-65.9781
-68.9114
-68.9929
-69.0780
-69.0680
-68.8255
-68.7753
-68.7222
-68.6662
-68.6097
-68.7920
-68.7640
-68.7176
-68.6571
-68.5847
-68.3572
-68.3625
-68.2475
-67.8332
-67.7557
-67.6035
-67.3342
-67.4876
-67.5298
-67.5278
-67.5084
-67.3932
-67.3286
-67.1403
-67.2023
-67.1049
-67.0965
-67.0278
-66.9170
-66.7801
-66.6911
-66.5523
-66.3954
-66.2169
-65.9323
-65.8352
-69.0794
-69.1704
-69.2648
-69.1190
-68.7524
-68.7005
-68.6459
-68.5886
-68.5193
-68.6716
-68.6356
-68.5849
-68.5181
-68.4396
-68.2254
-68.0169
-67.8884
-67.6812
-67.5516
-67.4800
-67.3451
-67.4805
-67.4876
-67.4610
-67.4298
-67.3079
-67.2304
-67.0396
-67.0798
-66.9981
-66.9716
-66.8940
-66.7680
-66.6255
-66.5268
-66.3805
-66.2187
-65.8989
-65.7969
-65.6931
-69.8322
-70.0405
-70.1500
-74.9375
-74.3985
-72.4430
-74.8137
-67.9623
-67.8117
-67.5265
-67.9397
-67.9251
-67.7995
-67.9704
-68.0036
-72.0722
-72.8304
-73.9424
-72.8425
-67.3071
-67.1834
-67.0557
-66.9645
-71.6416
-70.9833
-67.1554
-65.6021
-70.2293
-70.5316
-73.6428
-75.1200
-74.2860
-73.8418
-75.8432
-68.2653
-68.1896
-68.1479
-68.2755
-68.3654
-68.3567
-68.6898
-68.8883
-71.3026
-72.6271
-74.3442
-72.5083
-69.9557
-70.5289
-71.8328
-72.0014
-71.4575
-69.6312
-71.7815
-65.9980
-72.0068
-71.7422
-71.0896
-71.2245
-71.1720
-71.6034
-71.5028
-70.6664
-71.4000
-71.3929
-71.4017
-71.2348
-70.9738
-71.3907
-70.6181
-70.9858
-71.8309
-73.1026
-68.0984
-68.1687
-68.1327
-68.4203
-68.6311
-69.4008
-69.8354
-70.4322
-71.0714
-70.7815
-71.1959
-72.4036
-73.5997
-71.3870
-72.1179
-72.3221
-71.5556
-70.5919
-67.3024
-72.0307
-67.6127
-73.3448
-73.6293
-74.3883
-75.1224
-75.9428
-70.7848
-71.2679
-71.3439
-71.4201
-71.4510
-71.4082
-70.0957
-71.2766
-72.1233
-73.0919
-76.0769
-67.9722
-67.8981
-68.1537
-68.3377
-68.5776
-68.8934
-69.3267
-69.9952
-70.3046
-70.8262
-70.8676
-71.4900
-72.2076
-72.1089
-69.8822
-69.8420
-72.1500
-67.8339
-73.6323
-73.9614
-74.6682
-75.9744
-71.1213
-71.6883
-71.7619
-71.6128
-71.0592
-70.8839
-70.9583
-71.1310
-71.1214
-72.0934
-72.0649
-68.4346
-67.7549
-67.7159
-67.9661
-68.1460
-68.3704
-68.7327
-69.0753
-69.7035
-69.6334
-69.9294
-70.4312
-71.4937
-72.3724
-74.7069
-67.4720
-70.4548
-68.5985
-68.3933
-67.8381
-72.3801
-72.0973
-72.3561
-72.2392
-72.1291
-72.4235
-71.4247
-70.6252
-70.9401
-71.1152
-70.7197
-70.6687
-67.6722
-70.9803
-68.0360
-68.0037
-67.8312
-67.6642
-67.5938
-67.5804
-67.8466
-68.0403
-68.3210
-68.6075
-68.8967
-69.3986
-69.4866
-69.9337
-71.7510
-73.0324
-74.4107
-67.6602
-70.8770
