-76.8238
-78.9203
-76.3925
-76.2700
-76.2002
-76.1584
-76.1389
-75.6564
-76.9704
-82.0179
-81.5088
-78.3903
-79.7234
-78.8916
-78.5359
-83.5648
-84.1418
-82.7287
-82.0570
-81.4972
-81.0602
-80.5798
-80.2919
-86.5148
-81.9857
-80.9963
-80.2014
-79.7431
-79.4146
-79.1253
-78.6992
-82.4865
-86.8068
-87.1544
-77.0239
-78.4473
-76.4911
-76.3535
-76.2729
-76.2141
-76.1838
-76.1732
-77.6237
-79.7066
-80.0631
-77.9114
-79.0828
-78.3079
-78.1684
-80.3690
-82.4152
-82.3713
-82.9348
-81.6148
-81.5299
-81.6708
-81.1914
-80.7939
-80.4748
-80.1612
-81.8963
-82.7852
-82.5621
-81.9650
-80.9803
-80.2350
-79.7909
-79.4527
-79.2127
-78.8058
-81.7802
-81.8864
-86.1260
-78.6323
-77.0360
-76.5969
-76.4493
-76.3551
-76.2833
-76.2404
-76.2204
-77.6474
-84.0003
-79.6903
-80.6570
-79.2149
-78.8337
-79.8722
-80.5865
-84.7011
-82.4505
-81.5936
-81.1076
-80.2562
-79.8013
-79.7542
-86.0632
-83.0893
-81.3931
-79.6009
-79.1602
-78.9160
-78.7431
-79.2998
-78.9315
-79.6523
-88.2859
-84.0391
-77.2233
-76.6574
-76.5525
-76.4498
-76.3667
-76.3114
-76.2807
-77.6313
-83.5286
-79.8364
-80.9438
-79.3851
-78.9763
-78.2785
-84.0507
-82.7896
-82.0376
-81.2925
-80.8592
-80.5173
-80.2614
-85.3034
-82.3195
-81.2410
-80.3624
-80.0307
-79.6417
-78.6867
-78.5682
-78.3890
-78.4240
-84.9744
-84.0333
-77.5484
-76.5577
-76.4319
-76.2422
-76.1187
-77.2542
-82.4834
-81.5235
-81.0508
-79.3329
-78.9668
-78.3377
-83.8783
-83.2650
-82.1576
-81.4598
-81.0094
-80.6292
-80.3378
-87.2096
-85.8144
-80.6527
-79.9979
-79.3723
-79.3030
-79.0980
-79.0003
-78.3052
-82.1793
-85.0924
-84.1758
-83.5814
-79.5858
-79.5511
-75.8845
-75.8054
-75.7355
-75.3975
-75.3791
-76.4120
-79.4458
-79.5965
-79.4078
-79.4285
-78.3573
-78.2075
-77.8925
-84.7481
-83.6947
-83.0704
-82.0731
-81.4496
-81.0356
-80.6831
-81.2772
-85.1151
-87.1182
-86.3879
-81.3066
-80.5237
-79.6445
-79.3321
-78.9227
-78.9760
-78.7400
-87.6097
-82.8672
-80.4228
-80.6778
-80.2226
-76.5905
-76.5584
-76.4693
-76.3983
-76.2589
-77.2348
-79.0202
-78.9015
-78.8210
-79.4345
-78.4143
-78.4185
-78.3331
-80.7425
-80.7672
-80.6634
-80.5635
-80.7845
-80.6121
-80.3512
-80.2261
-85.4316
-84.5048
-85.9853
-84.4580
-80.7398
-80.1915
-79.8414
-79.3028
-79.0688
-78.9199
-84.6000
-83.6689
-82.8077
-81.1573
-76.7885
-76.6629
-76.5617
-76.4681
-76.4688
-77.7245
-79.2429
-77.9301
-78.9590
-78.9801
-79.8295
-83.2147
-82.0657
-82.0207
-81.7220
-81.4755
-81.2600
-80.9433
-80.7513
-83.5948
-84.7954
-83.9928
-80.5156
-80.1210
-79.7739
-79.5125
-79.1393
-78.9685
-81.9001
-85.4845
-84.0893
-83.3427
-83.4800
-81.8107
-80.5289
-77.6404
-77.1976
-77.0863
-76.9618
-76.8734
-78.2016
-80.0282
-78.2957
-79.1590
-79.4394
-80.4351
-81.9501
-82.4938
-82.0229
-81.9871
-82.1990
-81.8972
-81.1285
-80.9243
-86.2176
-82.1349
-81.9156
-81.1657
-80.6272
-79.7572
-79.4946
-79.2954
-79.1978
-82.1165
-81.3860
-82.7031
-82.5104
-81.0807
-77.7357
-77.5337
-77.3334
-77.1782
-77.0609
-76.9411
-78.2489
-79.7909
-78.1997
-79.4342
-79.7842
-80.3279
-82.4977
-82.5600
-82.3087
-81.9121
-81.8895
-82.0695
-81.6805
-84.1770
-82.8849
-84.5868
-83.5253
-80.2934
-79.9903
-79.7531
-79.9047
-86.8666
-83.1998
-81.3590
-80.5760
-81.0520
-77.5070
-77.7386
-77.4312
-77.2701
-77.1451
-77.0332
-78.2983
-79.7399
-78.2247
-79.4035
-79.8050
-81.1772
-81.1278
-79.0104
-81.0096
-81.4468
-81.2577
-81.2244
-81.0542
-81.3555
-81.5704
-83.8941
-83.3952
-83.9959
-83.4154
-80.2643
-79.9747
-79.7286
-79.5489
-83.6759
-84.5179
-83.3050
-82.7779
-81.3719
-77.9074
-77.3800
-77.1580
-77.3332
-77.2146
-78.2701
-79.4439
-83.5150
-80.0897
-81.2721
-81.5136
-82.5522
-81.8806
-81.3330
-81.1513
-82.8414
-87.7011
-83.5952
-83.0516
-84.6926
-81.1116
-80.2582
-79.9587
-79.6928
-79.4834
-79.3212
-83.5290
-83.7508
-83.1345
-82.6473
-81.0846
-77.9061
-77.8241
-77.5519
-77.1007
-76.9951
-79.3052
-80.1156
-83.2572
-80.0890
-81.7999
-81.8816
-82.2346
-81.5498
-81.0879
-81.4241
-87.9251
-85.9198
-83.3496
-82.8558
-84.1668
-81.5978
-80.5334
-79.9984
-79.7216
-87.5199
-83.2220
-82.5308
-82.1493
-85.8033
-80.6211
-77.9884
-77.6520
-77.6052
-77.4238
-77.1990
-80.2903
-80.5651
-83.1161
-80.0403
-79.6059
-81.7181
-81.8462
-81.9173
-81.7180
-80.8368
-87.9331
-85.3170
-83.1508
-83.1290
-82.7762
-80.8784
-80.5306
-80.2225
-84.0874
-83.4277
-82.8521
-82.3962
-81.5556
-80.1288
-77.5457
-77.3920
-77.3435
-77.2342
-77.1694
-84.9930
-84.2436
-80.1679
-80.9663
-86.6535
-86.4721
-82.8831
-79.9538
-79.5644
-81.5211
-81.5882
-81.7509
-81.5563
-81.4086
-85.4478
-88.2888
-86.1293
-83.5335
-82.9652
-82.9337
-82.6703
-80.8997
-80.5418
-80.2365
-84.2522
-83.9010
-83.2992
-82.7757
-82.3324
-79.9416
-79.7215
-78.8833
-77.8062
-77.5704
-77.3352
-83.9485
-80.0298
-83.6275
-82.8079
-79.9163
-79.7041
-81.3772
-81.3735
-81.4166
-81.3686
-83.5854
-85.2250
-83.8908
-82.3301
-82.2044
-82.2658
-82.0856
-80.6854
-80.4268
-80.1630
-83.4626
-86.7376
-83.6031
-83.1076
-82.6220
-82.1572
-78.4651
-79.4348
-78.9344
-77.9278
-76.6318
-76.4907
-79.6494
-81.2422
-80.0034
-83.7251
-82.6658
-79.8838
-79.6380
-81.2441
-81.1934
-81.1978
-81.1853
-86.7188
-84.4231
-82.3552
-82.2637
-82.2339
-82.2565
-81.0340
-80.6981
-80.4569
-82.8589
-85.2676
-83.3993
-82.8282
-82.3526
-81.9583
-80.1992
-78.7449
-80.1568
-77.0717
-76.6868
-77.3030
-77.2106
-79.4979
-80.8661
-80.7114
-83.1058
-87.7981
-83.5515
-82.6912
-79.8208
-79.5750
-81.1127
-81.0020
-80.9848
-88.1539
-86.8727
-84.3767
-82.7817
-82.2886
-82.4721
-82.2284
-80.9050
-80.6461
-80.4022
-82.7940
-84.0758
-83.4051
-82.8300
-82.2649
-81.8450
-78.2687
-80.7560
-80.6756
-77.9457
-76.5373
-76.5617
-77.1024
-79.0410
-79.5621
-84.3315
-83.1314
-82.4792
-79.7864
-79.4612
-80.9702
-80.8412
-80.7673
-80.7490
-83.8612
-85.6886
-84.3021
-84.0007
-82.6600
-82.8840
-82.4423
-82.2179
-80.9701
-80.7233
-80.4871
-82.5890
-85.4836
-85.0652
-82.7092
-82.8035
-82.5024
-82.1977
-81.7843
-79.7567
-80.7707
-80.1448
-77.5814
-77.5593
-77.1239
-76.4291
-78.0006
-78.4701
-86.3065
-82.8240
-81.5661
-79.6005
-79.2250
-80.5931
-80.6239
-80.5492
-83.5161
-82.6622
-83.1896
-82.8475
-81.7974
-82.2162
-82.0391
-80.9518
-80.7008
-80.4957
-84.9096
-82.3177
-81.9832
-81.7055
-81.5402
-81.8001
-79.8752
-80.4843
-79.8125
-77.5734
-77.4955
-76.9937
-76.8157
-78.3703
-78.1815
-84.2916
-82.5587
-81.6866
-79.3034
-79.0613
-80.1388
-80.2606
-80.2504
-85.7378
-83.8914
-82.6760
-82.0193
-82.8745
-81.9104
-82.3102
-81.1880
-80.9223
-86.2439
-82.6570
-82.1169
-81.5043
-81.3779
-81.3033
-80.1339
-79.6045
-79.1164
-77.2746
-77.2258
-76.9195
-75.9854
-77.0153
-77.1246
-84.1538
-82.0557
-81.0531
-78.9730
-78.6954
-78.5971
-79.7593
-86.4085
-84.3081
-84.4307
-82.3641
-81.8258
-82.4837
-81.7481
-81.3333
-87.4713
-87.6247
-83.1237
-82.4889
-81.9548
-81.6507
-81.5028
-81.1937
-77.7860
-77.5687
-77.3989
-76.2594
-76.2756
-76.2958
-76.0784
-77.2115
-77.3135
-78.8145
-79.6879
-79.8687
-79.1244
-78.7599
-78.5718
-77.5140
-77.3885
-77.3264
-78.4221
-78.5343
-79.8496
-79.9758
-83.4156
-82.9676
-81.8003
-81.4899
-81.1116
-87.5739
-87.0872
-82.7927
-82.1910
-81.7871
-81.5203
-81.3837
-81.3408
-79.5041
-79.3087
-79.0112
-77.4670
-77.4362
-77.2873
-76.9915
-78.3143
-79.6474
-79.5956
-84.0797
-82.0170
-81.0300
-80.3886
-78.7172
-78.5362
-79.8357
-79.8780
-80.8488
-81.1237
-81.5181
-82.6725
-82.7724
-82.3412
-82.1025
-81.8478
-81.2792
-80.3510
-82.8152
-84.9707
-84.9450
-84.6044
-82.1152
-81.9021
-81.6752
-81.5587
-81.5442
-81.4840
-79.8998
-78.4079
-78.2491
-77.0057
-77.1703
-77.1553
-76.9087
-80.6083
-84.2060
-82.5352
-81.7609
-80.8812
-79.0255
-78.8687
-80.0911
-80.1887
-80.8543
-80.7819
-81.5186
-81.5976
-80.7592
-80.9194
-81.2211
-81.0857
-80.5988
-81.5277
-81.7137
-81.6919
-83.1436
-82.4982
-81.9776
-81.4428
-81.2979
-81.2668
-78.7622
-78.4337
-77.9327
-76.6856
-76.6861
-76.8346
-76.8047
-81.1773
-78.6048
-81.1729
-83.2428
-81.5830
-80.8290
-80.6195
-80.3079
-78.8054
-78.6887
-79.9239
-80.4035
-80.5026
-80.9150
-81.0364
-82.1897
-81.5610
-81.1981
-80.7414
-81.7580
-82.3733
-82.4495
-83.0553
-82.4175
-81.4373
-81.1856
-81.0621
-81.0454
-79.5495
-79.2628
-78.9664
-77.6264
-77.5618
-77.1942
-77.1493
-79.0013
-81.3492
-85.8556
-82.9117
-81.7470
-81.3073
-80.8391
-79.1125
-78.9946
-80.1368
-85.0034
-83.2459
-81.5647
-81.1693
-80.7717
-81.9735
-82.2395
-82.3193
-82.9921
-81.5389
-81.1575
-80.9547
-79.6307
-81.0894
-79.5361
-79.0019
-78.5088
-77.4317
-77.3486
-77.2869
-77.2468
-78.5158
-81.6240
-82.7509
-81.6731
-81.1002
-80.8516
-80.5426
-78.9401
-78.7564
-79.8040
-84.5291
-82.6917
-83.9574
-86.8310
-83.6914
-82.8298
-82.0225
-80.7991
-81.6669
-84.4920
-83.8609
-84.7365
-81.5440
-81.1794
-81.7492
-81.4593
-81.1852
-81.0065
-79.5537
-78.8928
-78.1501
-76.9630
-76.8873
-76.8434
-77.0211
-88.4555
-84.0256
-82.0942
-81.2924
-80.5607
-78.7513
-78.5236
-86.7974
-83.3209
-83.6477
-82.9886
-82.2645
-81.3887
-83.6863
-83.2698
-81.4168
-82.9840
-81.9598
-81.6264
-81.3763
-81.0665
-80.8735
-78.7592
-78.2736
-77.8327
-76.7772
-76.7338
-76.5330
-76.5385
-84.0416
-83.8648
-81.6344
-80.6450
-79.8643
-78.3377
-78.1392
-78.0796
-81.1564
-81.4623
-81.0852
-83.0363
-82.3666
-81.5510
-84.4013
-82.1009
-81.2118
-81.0984
-82.3811
-81.7542
-81.2039
-80.9155
-80.8056
-76.2639
-76.1770
-76.0840
-75.4324
-75.4545
-75.4866
-75.5234
-77.0436
-78.0268
-77.8416
-78.2472
-78.4144
-77.8727
-77.5872
-77.5252
-77.4797
-76.6939
-76.6130
-76.5839
-78.3916
-78.6462
-78.6964
-78.9153
-82.9472
-82.3304
-80.0026
-81.0815
-83.7788
-82.8212
-83.5571
-82.4786
-82.0297
-81.3559
-80.7988
-80.5786
-78.8428
-78.3410
-78.0297
-76.9570
-76.8873
-76.8462
-76.8247
-78.5562
-79.4604
-79.4985
-80.4244
-80.6296
-79.8197
-79.3857
-79.2797
-79.0855
-77.9725
-77.9066
-77.7962
-79.3977
-80.2894
-80.5210
-80.6845
-80.7968
-81.6856
-80.4050
-82.1041
-81.9176
-83.4762
-84.1223
-84.1353
-83.2532
-83.4488
-82.2949
-81.7728
-81.3324
-80.7910
-80.5767
-79.4852
-78.8689
-78.4779
-77.2869
-77.1841
-77.1152
-77.0735
-82.7281
-80.6286
-80.7035
-80.2690
-78.6433
-78.1310
-78.0320
-79.2891
-80.2071
-80.5207
-80.6846
-80.8516
-80.8936
-83.3572
-82.6174
-84.0931
-84.5480
-83.4911
-83.6257
-84.1267
-79.9092
-81.3930
-80.9921
-80.8321
-79.7838
-79.3546
-78.8082
-77.5474
-77.4246
-77.3359
-77.2761
-79.5193
-83.9368
-84.4262
-83.3908
-81.8317
-81.2018
-80.5234
-78.5819
-78.6286
-78.4606
-79.5202
-80.3489
-80.7136
-80.6844
-80.7273
-80.7475
-80.6694
-86.8718
-85.2326
-84.5975
-82.0002
-81.8539
-81.6969
-81.6947
-81.3708
-78.4691
-78.2653
-78.0785
-77.0016
-76.9550
-76.9293
-76.9093
-78.6046
-79.5182
-80.3316
-82.8196
-81.7493
-81.1246
-80.5407
-78.8431
-78.5618
-78.3689
-79.0282
-79.4679
-80.1726
-79.8889
-79.9681
-80.0945
-80.2023
-87.3503
-85.6868
-85.5107
-81.4424
-81.0370
-80.6802
-80.3871
-80.3194
-80.4864
-82.1382
-81.5032
-80.2789
-80.0092
-79.5754
-78.1088
-77.1528
-77.0927
-77.0515
-78.5532
-78.9228
-79.6937
-82.6929
-79.4862
-79.2947
-79.0996
-77.9718
-77.8826
-77.8120
-78.6168
-78.8175
-79.4630
-79.5735
-79.9775
-80.0617
-80.1818
-80.2881
-80.3854
-80.6537
-84.9755
-84.5675
-83.8571
-83.2819
-82.0517
-81.7022
-82.1948
-88.9463
-84.0873
-81.6519
-80.5240
-79.9212
-78.0969
-77.7306
-77.5104
-77.3362
-78.7772
-79.0001
-79.5851
-79.7187
-80.7497
-79.5179
-79.5084
-79.3282
-79.1535
-78.0315
-77.9463
-77.8781
-81.3712
-81.5866
-82.5941
-82.8275
-82.5960
-81.9256
-82.0896
-81.9082
-85.7873
-83.3467
-82.8304
-81.8545
-81.9952
-87.5058
-83.8286
-80.4964
-80.0538
-78.4283
-78.2317
-77.7859
-77.4530
-78.6592
-78.8994
-79.0330
-82.7858
-81.8849
-80.9410
-80.5554
-79.1302
-78.8597
-81.8442
-81.8313
-82.4198
-82.2276
-82.3411
-82.0846
-81.8348
-81.3727
-87.7892
-85.8296
-84.4636
-83.4789
-82.8707
-83.6669
-86.5103
-79.1442
-77.5502
-77.4756
-76.7020
-76.7642
-76.6032
-76.5873
-77.6151
-77.8943
-77.9727
-83.4418
-81.6278
-80.8652
-80.3386
-78.8254
-78.4972
-80.8364
-81.8624
-81.7567
-82.2778
-82.2073
-81.9810
-81.7716
-81.5878
-81.4736
-85.2636
-85.5438
-82.8253
-82.3976
-82.1836
-82.4766
-87.0320
-83.6250
-85.6014
-82.9512
-79.2059
-78.6980
-77.6720
-77.5144
-77.3219
-77.0017
-77.9275
-78.0550
-78.1306
-79.9400
-79.9635
-78.7977
-78.6678
-78.5249
-78.3924
-77.5498
-77.3979
-78.4279
-79.0431
-81.6577
-81.9714
-81.7509
-81.9257
-81.7942
-81.6870
-81.5469
-81.4676
-81.8734
-84.4882
-83.6199
-82.8409
-82.8030
-82.8631
-82.7500
-81.5235
-82.0761
