-84.0825
-83.2678
-82.2556
-81.7215
-81.0697
-79.6549
-78.7639
-82.0017
-83.6292
-86.0902
-85.1590
-82.2247
-81.6243
-81.1619
-79.9785
-80.3693
-82.1680
-81.8591
-81.4463
-81.0203
-80.8140
-80.8924
-80.6886
-80.4832
-81.3464
-79.7832
-79.5724
-79.3713
-77.9614
-77.7993
-77.6644
-77.5406
-77.4298
-77.3279
-77.2382
-77.1608
-77.0950
-77.0361
-83.4973
-82.7479
-81.9840
-81.5736
-81.2055
-79.9176
-79.6811
-81.9472
-81.4431
-81.7337
-81.2768
-80.8795
-80.6197
-85.0993
-84.3808
-83.4606
-82.7828
-81.2395
-81.0134
-80.8004
-80.3339
-80.1457
-79.1648
-79.0136
-78.8621
-79.2962
-77.9027
-77.7657
-77.6387
-77.5223
-77.4187
-77.3235
-77.2403
-77.1688
-77.1084
-83.8128
-82.8180
-81.9499
-81.5273
-81.1498
-79.8805
-83.3645
-83.0528
-87.8329
-87.6452
-82.0929
-81.4249
-81.0247
-80.6055
-84.3293
-85.0173
-84.4143
-83.6049
-83.0204
-82.5203
-82.0939
-80.9547
-80.7193
-80.5107
-79.2671
-79.1170
-78.8209
-78.6826
-77.4871
-77.4791
-77.3727
-77.6260
-77.5167
-77.4200
-77.3314
-77.2520
-77.1859
-83.5723
-82.8518
-82.1838
-81.7519
-81.4144
-79.9281
-87.5686
-83.5895
-83.2244
-83.2624
-81.5763
-81.5402
-81.1770
-84.3011
-84.3087
-84.4327
-84.1867
-83.4895
-83.1900
-82.7307
-82.3237
-81.9678
-81.6382
-80.6736
-79.3781
-79.2269
-79.0821
-78.9412
-77.6973
-77.5822
-77.3829
-77.2841
-77.1926
-77.1925
-77.1146
-77.3443
-77.2735
-83.3764
-82.6394
-82.1376
-81.6975
-81.2962
-80.0681
-83.6325
-84.4271
-85.5023
-84.4574
-84.4919
-80.9212
-80.6506
-79.7490
-85.1793
-82.5991
-83.5572
-83.4509
-82.9957
-82.6041
-82.2585
-82.1576
-81.6961
-81.4568
-79.9842
-79.8123
-79.1979
-79.0563
-77.8093
-77.6928
-77.5810
-77.4766
-77.3793
-77.2875
-77.1337
-77.0632
-77.0002
-80.7277
-80.5117
-81.6691
-81.5109
-81.2645
-80.0887
-83.1880
-83.4322
-88.6916
-83.9656
-81.9105
-81.5982
-81.2621
-80.5718
-85.0486
-84.1632
-82.6304
-83.2196
-82.9992
-82.6405
-82.2888
-81.9982
-81.7117
-81.4636
-80.0209
-79.8589
-79.6959
-79.5418
-77.9580
-77.8063
-77.6952
-77.5843
-77.4836
-77.3905
-77.3058
-77.2304
-77.1633
-82.5967
-82.0853
-81.6997
-80.0958
-79.3227
-88.3797
-85.1476
-84.2280
-82.9190
-81.3697
-81.5548
-81.3393
-81.1389
-85.0382
-84.4366
-84.5799
-84.4368
-83.7394
-82.5789
-82.7308
-82.7324
-82.3802
-82.0845
-81.7864
-81.5333
-80.0929
-79.9110
-79.7541
-79.6087
-79.4646
-78.1443
-77.8145
-77.6999
-77.5960
-77.4990
-77.4101
-77.3300
-77.2586
-82.7507
-82.2383
-81.8263
-81.3365
-80.3904
-87.6460
-86.6392
-84.7758
-84.5552
-81.1727
-80.3697
-80.5900
-84.3852
-83.7956
-82.6064
-82.7286
-83.4018
-83.2808
-82.4222
-82.5281
-81.9038
-81.6396
-80.1963
-79.9956
-79.8333
-79.6825
-79.5405
-78.2219
-78.1053
-77.9986
-77.8959
-77.6156
-77.5190
-77.4345
-77.3582
-82.1793
-81.7253
-81.3797
-81.1103
-87.6525
-86.6499
-85.6818
-85.1029
-84.0601
-81.5313
-80.8639
-81.0996
-84.9874
-83.5254
-83.2776
-82.2461
-82.2493
-82.4542
-82.2274
-83.1641
-81.7844
-80.3101
-80.0977
-79.9294
-79.7726
-79.6248
-78.3058
-78.1932
-78.0865
-77.9799
-77.8804
-77.7910
-77.5502
-77.4622
-80.8221
-81.6877
-81.3344
-81.0527
-80.9257
-83.6412
-83.1759
-84.2932
-84.3016
-84.4247
-83.6367
-81.5949
-81.1293
-80.5955
-84.9963
-84.5065
-83.4209
-83.0427
-82.8257
-82.1210
-81.9592
-89.1685
-83.2388
-82.9773
-80.9490
-80.2169
-80.0395
-79.8771
-79.7246
-78.4013
-78.2854
-78.1760
-78.0731
-77.9753
-77.8789
-77.7898
-77.7081
-81.1357
-80.8470
-80.6085
-81.2567
-86.2752
-83.3573
-83.0384
-82.4618
-82.8089
-81.1849
-81.0468
-80.3761
-83.5617
-86.1111
-84.8995
-84.3937
-83.8882
-83.4211
-82.9517
-86.3895
-84.9230
-87.2992
-83.0499
-82.8206
-82.5677
-80.7729
-80.1607
-79.9898
-79.8341
-78.5335
-78.3804
-78.2715
-78.1661
-78.0669
-77.9736
-77.8855
-77.7995
-82.1992
-81.8206
-80.6512
-80.4423
-85.9136
-85.1763
-83.9532
-82.7219
-82.4357
-81.0034
-80.8299
-82.6144
-82.3952
-82.2647
-83.2966
-83.0100
-83.1124
-86.5230
-86.3074
-82.5564
-82.5549
-82.4124
-80.8318
-80.6502
-80.3916
-79.9478
-79.7981
-78.4787
-78.3647
-78.2569
-78.1582
-78.0629
-77.9738
-77.8906
-82.0992
-81.7126
-81.3952
-80.5126
-83.3931
-84.7646
-84.3355
-84.2200
-83.1799
-81.4856
-80.8948
-85.1502
-84.3414
-82.3640
-82.2764
-82.0564
-83.1036
-84.6818
-87.9587
-82.9576
-81.8420
-82.2763
-80.7551
-80.6495
-80.5380
-80.3845
-80.1687
-78.5710
-78.4555
-78.3464
-78.2437
-78.1467
-78.0584
-77.9731
-81.9348
-81.4045
-81.1195
-84.8342
-82.3814
-85.6906
-87.0234
-85.4848
-82.4358
-81.3107
-85.0817
-84.7193
-84.3770
-83.4281
-83.4706
-83.2550
-83.2718
-87.2123
-87.3382
-83.0919
-82.7980
-82.4540
-80.4223
-80.6707
-80.5843
-80.3972
-80.2958
-78.8656
-78.5510
-78.4408
-78.3364
-78.2382
-78.1454
-78.0580
-81.9284
-81.5679
-81.2559
-88.4957
-84.4786
-85.7376
-83.0593
-84.2135
-85.2784
-83.6970
-82.2147
-82.2000
-85.0413
-85.1572
-84.7422
-84.4527
-84.1776
-83.7488
-83.3892
-84.8762
-84.6042
-83.7481
-83.4523
-82.9513
-82.7623
-82.5739
-80.9840
-80.7793
-80.2526
-80.4795
-80.3906
-79.0571
-78.8383
-78.7165
-78.4339
-78.3335
-78.2389
-78.1491
-81.7890
-81.4438
-86.4301
-85.2963
-85.4846
-84.5576
-83.1319
-81.9677
-82.3333
-81.8885
-84.9342
-84.8529
-84.5419
-83.9053
-83.6220
-83.2896
-84.5339
-85.1504
-87.2471
-85.5812
-81.5985
-81.4636
-81.3361
-81.0419
-80.9039
-80.7445
-80.5718
-80.0985
-80.3157
-78.9718
-78.8758
-78.6230
-78.4344
-78.3355
-78.2439
-81.6608
-81.3247
-84.2484
-85.8201
-85.1343
-85.7694
-84.4555
-84.6736
-84.3252
-81.1530
-80.9965
-89.2666
-85.1711
-84.6616
-83.1261
-83.9496
-83.6361
-83.3835
-84.3134
-86.7357
-86.1355
-83.0985
-82.9192
-82.3864
-80.2117
-80.1047
-79.9846
-80.6870
-80.5434
-80.3981
-78.7924
-78.8767
-78.7672
-78.5788
-78.4803
-78.3433
-81.4779
-81.1627
-89.2371
-84.6844
-84.2415
-85.1033
-84.7397
-84.3030
-84.2907
-82.1541
-85.5165
-84.9428
-84.5164
-84.1449
-83.8226
-83.5133
-83.2673
-85.3639
-88.1656
-88.9212
-85.9637
-85.4625
-83.2386
-82.9633
-82.7737
-81.1050
-80.8907
-80.0458
-79.9404
-79.8396
-79.7451
-79.1048
-78.7823
-78.8180
-78.7194
-78.5420
-78.4469
-81.4280
-88.2165
-85.4631
-84.7790
-84.5486
-83.8864
-83.7074
-83.6545
-82.1903
-84.8769
-87.6225
-85.1260
-84.7635
-84.3042
-83.9220
-83.6187
-83.3753
-82.6966
-88.0643
-85.5038
-84.9484
-83.1490
-82.9103
-82.6421
-81.1971
-80.9640
-80.8115
-80.6661
-80.5269
-79.8108
-78.6367
-78.5543
-78.4883
-78.7570
-78.6644
-78.4987
-81.4505
-85.1941
-84.5530
-84.7904
-84.1624
-83.8891
-83.6861
-81.9839
-85.1750
-84.6168
-84.1343
-83.7550
-83.4527
-83.2127
-84.1808
-90.2070
-87.8971
-85.1934
-84.6825
-83.1564
-82.9163
-82.6820
-81.1198
-80.9727
-80.8256
-80.6802
-80.2687
-80.1753
-78.9726
-78.6305
-78.5492
-78.4715
-78.3971
-78.6131
-81.1887
-84.8362
-84.3483
-84.5284
-83.9923
-82.1818
-82.1647
-86.3937
-85.1290
-84.5796
-84.0990
-83.7053
-83.3603
-83.1633
-85.1474
-85.8925
-89.1368
-85.2141
-83.8045
-83.4534
-82.4213
-82.2669
-82.1206
-80.8079
-80.6639
-80.5664
-80.4684
-80.3700
-80.2749
-80.1882
-79.0248
-78.9258
-78.5580
-78.4772
-78.4037
-81.1244
-83.2493
-83.4356
-82.5205
-82.3485
-82.1327
-82.2879
-82.1633
-82.0751
-82.0773
-86.1657
-85.1083
-84.5838
-84.1125
-83.7091
-83.4124
-83.2119
-86.2358
-87.4835
-84.9112
-84.4092
-83.9927
-82.9204
-82.9149
-82.6906
-81.2134
-81.0194
-80.8513
-80.7196
-80.5855
-80.4567
-80.3352
-79.0624
-78.9641
-78.8700
-78.7799
-78.6933
-81.3557
-81.8121
-83.2116
-82.4825
-81.9763
-81.9489
-82.0748
-82.3328
-82.2386
-82.0908
-82.3574
-84.3241
-83.1092
-82.9755
-82.8465
-82.6971
-82.5922
-82.5070
-82.4433
-88.8958
-85.1704
-84.6298
-83.8370
-82.9073
-82.6903
-82.5009
-81.1106
-80.9381
-80.8080
-80.6752
-80.6062
-80.4788
-80.3588
-79.1000
-79.0022
-78.9091
-78.8167
-78.7312
-83.7520
-84.3957
-83.4228
-83.1458
-82.1595
-81.7272
-81.5751
-88.3682
-85.0544
-84.5154
-84.3477
-83.9527
-83.6297
-83.3124
-82.8014
-89.9250
-87.8618
-85.0257
-84.4814
-83.9938
-83.3841
-82.8371
-82.4698
-81.0963
-80.9299
-80.8005
-80.6759
-80.5546
-80.4464
-80.3397
-79.1246
-79.0183
-78.9351
-78.8546
-78.7697
-83.5373
-83.5586
-82.4775
-81.8751
-81.5894
-81.4224
-86.3459
-85.2690
-84.7762
-84.1109
-83.7527
-83.5816
-82.8410
-83.6590
-89.1487
-88.7619
-87.3148
-84.8621
-84.3211
-83.8423
-83.2770
-82.7614
-82.5483
-81.1711
-80.9970
-80.7942
-80.6629
-80.5473
-80.4316
-80.3279
-79.1549
-79.0342
-78.9512
-78.8711
-78.7941
-84.2293
-81.6774
-82.3216
-83.6924
-83.3540
-82.8280
-85.6709
-87.5122
-85.3296
-84.6642
-84.4793
-84.2927
-83.4595
-82.7124
-82.5680
-88.1413
-86.8121
-84.6706
-84.1476
-83.6914
-83.1482
-82.6555
-82.4652
-82.2863
-80.9583
-80.8288
-80.7004
-80.5853
-80.4769
-80.3220
-80.2242
-79.0503
-78.9695
-78.8920
-78.8173
-81.6397
-84.8473
-83.7866
-82.4717
-82.1768
-82.2239
-82.7412
-82.5663
-82.4273
-83.7324
-84.1413
-83.1515
-83.0810
-83.3991
-83.2858
-82.7224
-82.6068
-82.4870
-87.1146
-86.3243
-84.5018
-83.9787
-83.4786
-83.0416
-82.4699
-82.3823
-82.2070
-80.9095
-80.7835
-80.6663
-80.5560
-80.4527
-80.3534
-80.2609
-79.0985
-78.9947
-78.9156
-78.8437
-81.4107
-83.3744
-83.1412
-83.0176
-83.4526
-83.1079
-82.9030
-82.9338
-84.4211
-84.2095
-83.4853
-82.7647
-82.8926
-82.7202
-82.5883
-86.7954
-84.9356
-84.3080
-83.7221
-83.3242
-82.9267
-82.4792
-82.2921
-82.1259
-80.8705
-80.7492
-80.6372
-80.5320
-80.4335
-80.3405
-80.2530
-79.1111
-79.0371
-78.9662
-78.8979
-81.2058
-81.2529
-87.1194
-82.7592
-83.1916
-82.0227
-83.3392
-83.9198
-84.3707
-84.0672
-83.2281
-83.0452
-82.5386
-82.3718
-88.1996
-87.9076
-85.8571
-84.4116
-84.0459
-83.5931
-83.1970
-82.8121
-82.4054
-82.1408
-82.0700
-80.8464
-80.7303
-80.6226
-80.5230
-80.4298
-80.3420
-80.2594
-79.1688
-79.0659
-78.9983
-78.9325
-81.0993
-80.9768
-82.6397
-86.4541
-83.5644
-81.5582
-83.8634
-84.2582
-83.2545
-83.1521
-82.9594
-82.7778
-83.2107
-88.5739
-85.7339
-84.2799
-83.5955
-83.3066
-82.9756
-82.6640
-82.3618
-82.1854
-82.0397
-80.8450
-80.7356
-80.6346
-80.5406
-80.4523
-80.3687
-80.2907
-80.2162
-79.1123
-79.0475
-78.9851
-80.7633
-80.7942
-82.5167
-82.4399
-89.0479
-83.4236
-82.3450
-86.2914
-84.0852
-82.6880
-83.1190
-83.0238
-83.4768
-83.2872
-83.1451
-90.1978
-86.4386
-85.4672
-84.1127
-83.6299
-83.2424
-82.9259
-82.5370
-82.2985
-82.1621
-81.9629
-80.8806
-80.7772
-80.6814
-80.5919
-80.5079
-80.4281
-80.3533
-80.2814
-79.1802
-79.1177
-79.0568
-80.7931
-80.7987
-80.8105
-82.4639
-82.4219
-81.8648
-81.3003
-86.0634
-82.8448
-82.7235
-82.9762
-83.4767
-83.3777
-83.2168
-85.6791
-86.9151
-88.2098
-86.0891
-85.1148
-83.9653
-83.5133
-83.1467
-82.8501
-82.5856
-82.2902
-82.1891
-82.0337
-80.9433
-80.8569
-80.7670
-80.6796
-80.5973
-80.5188
-80.4450
-80.3739
-79.2619
-79.2027
-79.1450
-80.8565
-80.8592
-80.8935
-82.5844
-82.5418
-81.9013
-81.2848
-82.8482
-83.8733
-83.6412
-81.8381
-81.7637
-82.0254
-81.9880
-81.9161
-90.2897
-87.0178
-85.7232
-85.1091
-83.9974
-83.6007
-83.2210
-82.9230
-82.6682
-82.3855
-82.2511
-82.1323
-80.9794
-80.8930
-80.8072
-80.7804
-80.6984
-80.6204
-80.5460
-80.4391
-79.3260
-79.2403
-79.1775
-81.1858
-80.9757
-80.9937
-81.0420
-82.6307
-81.9676
-81.4098
-82.5742
-82.7196
-81.9394
-82.2133
-81.5560
-81.1624
-81.6815
-81.9795
-89.3044
-87.8448
-86.5376
-85.6028
-84.5142
-84.1205
-83.3902
-83.0433
-82.8173
-82.5509
-82.4044
-82.2754
-81.0990
-81.0035
-80.9198
-80.7049
-80.6163
-80.5427
-80.5089
-80.4000
-79.3525
-79.2596
-79.2000
-81.6501
-81.5184
-81.2579
-81.1535
-82.8959
-82.1169
-81.8771
-82.2555
-82.0887
-81.9262
-81.2148
-81.4430
-81.2470
-81.5402
-81.8985
-82.9643
-83.7253
-83.8246
-83.7209
-85.3755
-84.6274
-84.0709
-83.7027
-83.2255
-82.9405
-82.6880
-82.1974
-82.0491
-80.9415
-80.8356
-80.7525
-80.6746
-80.6030
-80.5356
-80.4724
-80.4465
-80.3831
-79.2896
-79.2326
-81.7280
-81.5986
-81.5243
-81.4902
-81.2953
-82.2624
-82.0115
-82.3779
-81.2729
-82.0249
-81.8928
-81.7951
-81.3745
-81.3650
-81.3689
-85.7284
-86.4611
-85.1538
-86.2908
-84.7387
-84.1340
-82.9723
-82.7016
-82.5199
-82.3473
-82.2031
-82.0757
-80.9573
-80.8410
-80.7581
-80.6843
-80.6147
-80.5500
-80.4899
-80.4329
-80.3785
-79.3343
-79.2828
-81.6361
-81.6030
-81.4879
-82.3207
-80.9502
-82.1630
-82.3352
-82.1572
-82.0116
-81.8994
-81.4557
-81.4757
-81.4632
-88.3817
-86.3188
-86.9396
-86.8872
-83.9436
-83.5617
-83.2570
-82.9997
-82.7092
-82.5183
-82.3403
-82.2359
-82.1120
-81.0326
-80.9166
-80.8337
-80.7331
-80.6633
-80.6005
-80.5401
-80.4696
-80.3993
-79.3524
-79.2908
-81.3600
-80.2921
-82.3234
-82.3937
-82.1765
-82.5015
-82.3076
-82.1476
-82.0200
-81.7934
-81.5500
-87.9651
-87.2791
-85.7158
-86.0441
-84.4100
-84.0100
-83.2361
-82.9767
-82.5173
-82.4057
-82.4730
-82.3051
-82.1913
-81.1221
-80.9867
-80.8817
-80.7839
-80.6927
-80.6078
-80.5103
-80.4378
-80.3683
-79.3734
-79.2830
-85.1166
-82.4173
-85.0094
-81.5832
-81.1900
-85.5551
-83.1891
-82.4688
-82.2932
-82.1501
-82.0443
-81.6230
-83.4799
-84.3382
-86.3789
-86.1597
-86.2717
-85.1308
-84.2544
-83.8464
-83.2185
-82.9463
-82.6761
-82.5391
-82.4194
-82.2739
-82.1061
-81.0406
-80.9296
-80.8336
-80.7381
-80.6490
-80.5658
-80.4879
-80.4156
-80.3477
-79.3629
-79.2741
-82.2366
-82.0836
-82.0568
-81.9113
-82.1268
-84.5898
-84.1075
-83.2381
-82.3960
-82.1315
-81.9120
-82.0124
-89.5749
-85.3170
-83.6368
-84.0491
-83.9361
-83.3842
-83.4627
-83.3633
-82.7744
-82.5140
-82.3824
-82.2708
-82.1556
-82.0282
-80.9957
-80.8554
-80.7623
-80.6761
-80.5917
-80.5201
-80.4451
-80.3749
-80.3093
-80.2477
-79.2705
