-23.9463
-24.4661
-24.6882
-24.5434
-24.1282
-23.6504
-23.2887
-23.1140
-23.1266
-23.2991
-23.6002
-24.0001
-24.4460
-24.9188
-25.4042
-25.8849
-26.3847
-26.8729
-27.3471
-27.8299
-28.3057
-28.7808
-29.2328
-29.6827
-30.1201
-30.5449
-30.9577
-38.7079
-39.1092
-39.5106
-39.9069
-40.2948
-40.6734
-41.0413
-41.3985
-41.7452
-42.0817
-42.4083
-42.7254
-43.0337
-24.3681
-24.7664
-24.9622
-24.8942
-24.6205
-24.2912
-24.0225
-23.8874
-23.8838
-24.0249
-24.2753
-24.6081
-24.9897
-25.4217
-25.8471
-26.3003
-26.7527
-27.1983
-27.6408
-28.0740
-28.5250
-28.9693
-29.4033
-29.8384
-30.2536
-30.6599
-31.0614
-31.4565
-31.8406
-39.5409
-39.8936
-40.2500
-40.6063
-40.9576
-41.3032
-41.6418
-41.9726
-42.2956
-42.6105
-42.9175
-24.8010
-25.0799
-25.2357
-25.2430
-25.1065
-24.8977
-24.7263
-24.6295
-24.6541
-24.7533
-24.9571
-25.2296
-25.5672
-25.9306
-26.3024
-26.7391
-27.1476
-27.5651
-43.0272
-37.7520
-29.5929
-30.0032
-30.3979
-30.7975
-31.1851
-31.5634
-31.9344
-32.2971
-32.6527
-32.9991
-40.6453
-40.9650
-41.2859
-41.6054
-41.9216
-42.2334
-42.5398
-42.8404
-25.2619
-25.4591
-25.5934
-25.6341
-25.5827
-25.4867
-25.3902
-25.3517
-25.3702
-25.4709
-25.6378
-25.8669
-26.1572
-26.4578
-26.8299
-27.1974
-27.5740
-27.9467
-43.5029
-38.8285
-30.5636
-30.9457
-31.3138
-31.6858
-32.0456
-32.3959
-50.4878
-34.0724
-41.6481
-41.9397
-42.2309
-42.5209
-42.8084
-25.7614
-25.9012
-26.0139
-26.0731
-26.0795
-26.0527
-26.0215
-26.0048
-26.0545
-26.1582
-26.2960
-26.5246
-26.7303
-26.9756
-27.3356
-27.6687
-28.0114
-28.3577
-28.7102
-43.9558
-39.4343
-38.5715
-31.4616
-31.8191
-32.1606
-32.5029
-50.0769
-47.1027
-44.3332
-42.3309
-34.9993
-42.5624
-42.8306
-26.2822
-26.3857
-26.4755
-26.5449
-26.5917
-26.6101
-26.6178
-26.6483
-26.7083
-26.8031
-26.9383
-27.1173
-27.2971
-27.5714
-27.8425
-28.1457
-28.4477
-28.7771
-29.0994
-44.3511
-41.1018
-40.0006
-39.4022
-31.9548
-32.2896
-32.6228
-47.8420
-46.8327
-44.7386
-43.5084
-42.9669
-42.8464
-26.8098
-26.8908
-26.9677
-27.0419
-27.1033
-27.1536
-27.2029
-27.2469
-27.3247
-27.4176
-27.5801
-27.6835
-27.9050
-28.1154
-28.3606
-28.6206
-44.9513
-43.2372
-41.2561
-40.5388
-40.1069
-39.9293
-32.7443
-48.6156
-47.1497
-46.3504
-45.1371
-44.3566
-43.8106
-27.3435
-27.4053
-27.4801
-27.5477
-27.6148
-27.6911
-27.7514
-27.8258
-27.9048
-28.0133
-28.1442
-28.2463
-28.4598
-28.6584
-28.8761
-51.5218
-51.0222
-48.3022
-43.9433
-42.8821
-41.5329
-41.0293
-40.7080
-40.5508
-49.2768
-47.9833
-46.9871
-46.3476
-45.5243
-44.9489
-27.8677
-27.9277
-27.9876
-28.0588
-28.1260
-28.2169
-28.2860
-28.3730
-28.4602
-28.5926
-28.6691
-28.8490
-28.9994
-29.1801
-29.3771
-46.5395
-45.7205
-45.6369
-45.8102
-46.0770
-46.3791
-46.6976
-47.0162
-44.6054
-43.6479
-42.4050
-41.8881
-41.5147
-41.2684
-49.8422
-48.6883
-47.7793
-47.0456
-46.5048
-45.8986
-28.3964
-28.4377
-28.4987
-28.5597
-28.6408
-28.7193
-28.8180
-28.9069
-29.0342
-29.1036
-29.1802
-29.3722
-29.5296
-29.6874
-29.8635
-30.0591
-43.3497
-43.2676
-43.7197
-44.2595
-44.7844
-45.2769
-45.7361
-46.1652
-45.1829
-44.3161
-43.6191
-42.6560
-42.2658
-41.9798
-50.4129
-49.3162
-48.4664
-47.7737
-47.2085
-46.7297
-28.9092
-28.9464
-28.9945
-29.0629
-29.1339
-29.2240
-29.3173
-29.4147
-29.5292
-29.5908
-29.7447
-29.8673
-30.0333
-30.1910
-30.3415
-30.5261
-30.7122
-41.6019
-42.1879
-42.9341
-43.6425
-44.2848
-44.8617
-45.3864
-45.6824
-44.9183
-44.2631
-43.7281
-42.9491
-42.6466
-42.4230
-51.0332
-49.8426
-49.0683
-48.4206
-47.8747
-47.4249
-29.4069
-29.4398
-29.4912
-29.5452
-29.6288
-29.7065
-29.8103
-29.9282
-29.9913
-30.0570
-30.2348
-30.3629
-30.5078
-30.6545
-30.7891
-30.9740
-31.1497
-38.9711
-41.3440
-41.9150
-42.6999
-43.4314
-44.0914
-44.6885
-45.2332
-45.4303
-44.8380
-44.3414
-43.5738
-43.2678
-43.0285
-50.3366
-49.6028
-48.9987
-48.4774
-48.0351
-29.8932
-29.9234
-29.9732
-30.0237
-30.1023
-30.1802
-30.3233
-30.3813
-30.4495
-30.5900
-30.7043
-30.8358
-30.9651
-31.1105
-31.2625
-31.4117
-31.5712
-31.7423
-39.5440
-41.0601
-41.9759
-42.7339
-43.4381
-44.0819
-44.6706
-45.2122
-45.3515
-44.8947
-44.4970
-43.8423
-43.5970
-50.7864
-50.1080
-49.5178
-49.0241
-48.5974
-30.3695
-30.3997
-30.4385
-30.4935
-30.5606
-30.6405
-30.7620
-30.8217
-30.8795
-31.0488
-31.1580
-31.2869
-31.4109
-31.5493
-31.6977
-31.8315
-31.9840
-32.1474
-32.3062
-40.0851
-41.2268
-42.1927
-42.9043
-43.5696
-44.1845
-44.7529
-45.2805
-45.3954
-45.0240
-44.7005
-44.1287
-51.1855
-50.4644
-49.9287
-49.4717
-49.0696
-30.8255
-30.8569
-30.8986
-30.9431
-31.0172
-31.1181
-31.1809
-31.2430
-31.3814
-31.4856
-31.6021
-31.7225
-31.8385
-31.9731
-32.1153
-32.2523
-32.3870
-32.5347
-32.6922
-32.8407
-40.6056
-41.5366
-42.3890
-43.1446
-43.7746
-44.3574
-44.9010
-45.4097
-45.5062
-45.2004
-44.6253
-53.1715
-54.1530
-54.3943
-54.6727
-51.4423
-50.8432
-50.3528
-49.9045
-49.5245
-31.2737
-31.3014
-31.3423
-31.3824
-31.4941
-31.5383
-31.5898
-31.6475
-31.8058
-31.9171
-32.0263
-32.1384
-32.2577
-32.3840
-32.5144
-32.6499
-32.7864
-32.9203
-33.0600
-33.2070
-33.3812
-41.1061
-41.8991
-42.6486
-43.3338
-43.9586
-44.5308
-45.0581
-45.5478
-45.6620
-45.4078
-44.8909
-52.3028
-52.3646
-52.6543
-51.7391
-51.1365
-50.7110
-50.2969
-49.9410
-31.7581
-31.7323
-31.7675
-31.8153
-31.9011
-31.9418
-31.9899
-32.1295
-32.2174
-32.6617
-32.7840
-32.9024
-33.0317
-33.1672
-33.2940
-33.4244
-33.5629
-33.7010
-40.9697
-41.5859
-42.2819
-42.9518
-43.5770
-44.1572
-44.6961
-45.1990
-45.6699
-45.8469
-45.3329
-45.1666
-51.1805
-51.5611
-52.3397
-51.2464
-51.0296
-50.6437
-50.3113
-32.1520
-32.1831
-32.2622
-32.2992
-32.3310
-32.3741
-43.8641
-33.6689
-33.7809
-33.9032
-34.0452
-34.1756
-41.4767
-42.0465
-42.6694
-43.2761
-43.8501
-44.3910
-44.8987
-45.3750
-53.4709
-51.9371
-51.4731
-50.8528
-50.5319
-32.5961
-32.5931
-32.6476
-32.6825
-32.7147
-32.8260
-53.5491
-52.7331
-44.2220
-34.0127
-34.1138
-34.2475
-34.3715
-34.5034
-34.6296
-41.9608
-42.4889
-43.0545
-43.6097
-44.1399
-44.6450
-45.1240
-52.3486
-51.8544
-51.4491
-51.0862
-45.1074
-32.9765
-33.0117
-33.0241
-33.0518
-33.0839
-33.2089
-55.0805
-54.4219
-52.4001
-51.8926
-42.4004
-34.4845
-34.5789
-34.6981
-34.8215
-34.9409
-35.0671
-42.4228
-42.9144
-43.4324
-43.9450
-44.4400
-44.9159
-52.7053
-52.2080
-51.8060
-51.4797
-33.3764
-33.4094
-33.3921
-33.4095
-33.5193
-33.5806
-44.8303
-53.0798
-52.6163
-51.2661
-50.8790
-43.2341
-34.7957
-34.8988
-35.0167
-35.1276
-35.2498
-35.3623
-42.4949
-42.8634
-43.3232
-43.8041
-44.2824
-44.7457
-52.9456
-52.5015
-52.1245
-51.8082
-33.7188
-33.7504
-33.7865
-33.7620
-33.8793
-33.9441
-34.0771
-50.9841
-51.3153
-51.3742
-51.1334
-51.0792
-49.9929
-43.8773
-42.7601
-35.2220
-35.3264
-35.4364
-35.5414
-35.6563
-35.7670
-42.9208
-43.2881
-43.7201
-44.1688
-44.6148
-57.9306
-55.6031
-54.5714
-54.2188
-54.1430
-54.1910
-53.0627
-52.7229
-52.4073
-52.1010
-46.2833
-34.0502
-34.0804
-34.1151
-34.1817
-34.2324
-34.2960
-34.3750
-45.5515
-48.1098
-49.4107
-49.9427
-50.0400
-44.4109
-43.4227
-35.5293
-35.6348
-35.7322
-35.8377
-35.9421
-36.0475
-36.1576
-43.3363
-43.6951
-44.1019
-44.5228
-44.9420
-52.4728
-52.6787
-52.9074
-53.1439
-53.3695
-53.2440
-52.9403
-52.6421
-52.3571
-34.4000
-34.4331
-34.5591
-34.5798
-34.6382
-34.7114
-43.5699
-46.0194
-47.6564
-48.8026
-49.2502
-54.8121
-44.8758
-44.0005
-43.3020
-35.9274
-36.0062
-36.1237
-36.2220
-36.3278
-36.4277
-36.5351
-43.7375
-44.0855
-44.4708
-44.8673
-45.2765
-45.8082
-50.7061
-51.4515
-52.0072
-52.4291
-52.7928
-52.8585
-52.5949
-34.7098
-34.8191
-34.8802
-34.9564
-34.9737
-35.0366
-42.9332
-44.8720
-46.4607
-47.7025
-48.6454
-48.9722
-45.2940
-44.5106
-43.8464
-43.4049
-36.3217
-36.4022
-36.5016
-36.5934
-36.6971
-36.7948
-43.8581
-44.1254
-44.4616
-44.8273
-45.2026
-45.5889
-45.9617
-49.9949
-50.7936
-51.4114
-51.8921
-52.3253
-52.7078
-35.0102
-35.1320
-35.1942
-35.2720
-35.2992
-35.3562
-42.8197
-44.2814
-45.7003
-46.8973
-47.8985
-48.5414
-49.4804
-54.3925
-44.9674
-44.3513
-43.8725
-36.5887
-36.6674
-36.7673
-36.8633
-36.9562
-37.0527
-37.1483
-44.2287
-44.4987
-44.8230
-45.1695
-45.5363
-45.8970
-46.2522
-49.7574
-50.4981
-51.0790
-51.5927
-52.0455
-53.8794
-53.5946
-35.3741
-35.4350
-35.4998
-35.5768
-35.6452
-35.6689
-42.9660
-44.0027
-45.2267
-46.3350
-47.3074
-48.1568
-48.6150
-49.5751
-54.0128
-52.1268
-45.3816
-44.8137
-44.3377
-44.0257
-36.9676
-37.0308
-37.1220
-37.2108
-37.3049
-37.3960
-37.4887
-44.5893
-44.8586
-45.1712
-45.5053
-45.8551
-46.1978
-60.7373
-50.4037
-50.9678
-51.4655
-50.6997
-48.1868
-35.7602
-35.7314
-35.7976
-35.8723
-35.9402
-36.0121
-36.0948
-43.9070
-44.9541
-45.9603
-46.8784
-47.7048
-48.3772
-49.1277
-49.7357
-50.8993
-45.7736
-45.2437
-44.7850
-44.4335
-37.2096
-37.2915
-37.3752
-37.4646
-37.5476
-37.6412
-37.7290
-37.8190
-44.9410
-59.7207
-54.3706
-50.9280
-48.5936
-46.1481
-36.0638
-36.0218
-36.0861
-36.1597
-36.2280
-36.3004
-36.3402
-43.9313
-44.8166
-45.7220
-46.5761
-47.3648
-48.0900
-48.6104
-49.3778
-49.7480
-45.9571
-45.6444
-45.2070
-44.8468
-44.6147
-37.5494
-37.6066
-37.7087
-37.7937
-37.8774
-37.9652
-38.0510
-38.1643
-60.8546
-58.7525
-57.7800
-54.5451
-54.6050
-47.4136
-45.4164
-36.3594
-36.3899
-36.3670
-36.4396
-36.5070
-36.5806
-36.6597
-44.0387
-44.7734
-45.5842
-46.3725
-47.1186
-47.8195
-48.4676
-49.0775
-49.5778
-46.2047
-45.8804
-45.5700
-45.2487
-44.9801
-37.7945
-37.8801
-37.9516
-38.0322
-38.1114
-38.1957
-38.2795
-38.3627
-52.1796
-52.3984
-52.6135
-52.8247
-53.0443
-53.2427
-53.4027
-53.5871
-53.7801
-46.7732
-45.1530
-36.6491
-36.6792
-36.6410
-36.7110
-36.7784
-36.8522
-36.9290
-44.2065
-44.7980
-45.5210
-46.2471
-46.9513
-47.6150
-48.2404
-48.8278
-49.3866
-46.4332
-46.1496
-45.8717
-45.6156
-45.3520
-45.1728
-38.1147
-38.1766
-38.2648
-38.3450
-38.4199
-38.5038
-38.5846
-38.6644
-49.1585
-50.3649
-51.1075
-51.6469
-52.0707
-52.4248
-52.7185
-52.9983
-46.4340
-45.0896
-36.9355
-36.9613
-36.9940
-36.9750
-37.0451
-37.1160
-37.1909
-44.4172
-44.8732
-45.5210
-46.1865
-46.8398
-47.4686
-48.0680
-48.6368
-49.1824
-46.6465
-46.3992
-46.1515
-45.9167
-45.7108
-45.5060
-38.3465
-38.4352
-38.4966
-38.5705
-38.6471
-38.7223
-38.8021
-38.8801
-38.9570
-48.5679
-49.6291
-50.4068
-51.0161
-51.5089
-51.9087
-52.2746
-46.2626
-45.1369
-37.2154
-37.2349
-37.2674
-37.2321
-37.3049
-37.3728
-37.4474
-44.6565
-46.1801
-46.7885
-47.3821
-47.9424
-48.4904
-49.0136
-46.9065
-46.6325
-46.4125
-46.1991
-46.0045
-45.8417
-45.7001
-38.6495
-38.7164
-38.7940
-38.8673
-38.9400
-39.0154
-39.0908
-39.1654
-39.2676
-48.4718
-49.3683
-50.0869
-50.6789
-51.1663
-51.6025
-46.1937
-45.2382
-37.4852
-37.5047
-37.5337
-37.5680
-37.5577
-37.6237
-37.6976
-37.7721
-46.1995
-46.7664
-47.3265
-47.8716
-48.3983
-48.9049
-49.2207
-46.8614
-46.6656
-46.4716
-46.2864
-46.1300
-46.0070
-45.9346
-38.9612
-38.9912
-39.0821
-39.1548
-39.2242
-39.2990
-39.3711
-39.4437
-47.5853
-48.5377
-49.3076
-49.9580
-50.5052
-50.9957
-46.2171
-45.3795
-37.7496
-37.7669
-37.7913
-37.8265
-37.8018
-37.8672
-37.9395
-38.0136
-51.4713
-46.7753
-47.3025
-47.0773
-46.8967
-46.7197
-46.5527
-46.4026
-46.2836
-46.2121
-39.1591
-39.2295
-39.2976
-39.3648
-39.4347
-39.5036
-39.5755
-39.6438
-39.7142
-47.8692
-48.6764
-49.3499
-49.9327
-50.4562
-46.2784
-45.5419
-38.0074
-38.0243
-38.0462
-38.0803
-38.1256
-38.1067
-38.1772
-38.2474
-48.1909
-47.1173
-46.9602
-46.8026
-46.6611
-46.5415
-46.4598
-46.4349
-39.4375
-39.4901
-39.5717
-39.6395
-39.7059
-39.7734
-39.8426
-39.9099
-39.9789
-48.1510
-48.8509
-49.4542
-49.9935
-46.3714
-45.7177
-38.2587
-38.2753
-38.2973
-38.3278
-38.3730
-38.3407
-38.4093
-38.4777
-60.1763
-60.2317
-56.6912
-48.4492
-47.9584
-47.1804
-47.0413
-46.9095
-46.7931
-46.7010
-46.6572
-39.6447
-39.7162
-39.7772
-39.8391
-39.9054
-39.9680
-40.0361
-40.1025
-40.1682
-40.2373
-48.4247
-49.0512
-49.5908
-46.4866
-45.9019
-38.5040
-38.5203
-38.5440
-38.5711
-38.6147
-38.6501
-38.6355
-38.7024
-50.1492
-57.9977
-58.2087
-58.4186
-58.6219
-58.8413
-59.0362
-56.6825
-54.7933
-48.7095
-48.3066
-47.3951
-47.2691
-47.1444
-47.0332
-46.9413
-46.8821
-46.8797
-39.9112
-39.9652
-40.0387
-40.0999
-40.1631
-40.2247
-40.2921
-40.3555
-40.4212
-47.9520
-48.6889
-49.2541
-46.6176
-46.0909
-38.7434
-38.7595
-38.7847
-38.8114
-38.8511
-38.8847
-38.8565
-38.9238
-39.0978
-50.4661
-54.9836
-56.1343
-56.8315
-56.9412
-56.4996
-55.5039
-53.9675
-48.9585
-48.6030
-48.2553
-47.4837
-47.3717
-47.2669
-47.1797
-47.1127
-47.0841
-40.1091
-40.1821
-40.2345
-40.2921
-40.3534
-40.4138
-40.4759
-40.5397
-48.2994
-48.9523
-46.7598
-46.2827
-38.9773
-38.9942
-39.0201
-39.0458
-39.0821
-39.1138
-39.1529
-39.1410
-39.2140
-49.2560
-50.7779
-54.4337
-55.4512
-55.9946
-55.5169
-54.6840
-53.4917
-49.1672
-48.8532
-48.5361
-48.2583
-47.5938
-47.4962
-47.4085
-47.3379
-47.2953
-47.2974
-40.3628
-40.4197
-40.4840
-40.5392
-40.6004
-40.6578
-40.7212
-55.6506
-48.6084
