-40.9562
-40.8772
-40.7988
-40.7256
-40.6456
-40.5720
-40.5001
-40.4260
-40.3605
-40.2859
-40.2198
-40.1462
-40.0869
-40.0194
-39.9629
-39.9001
-39.8411
-47.4728
-48.1679
-48.9502
-48.6731
-47.3432
-39.5256
-39.4818
-39.4342
-39.4028
-39.3617
-39.3393
-39.3068
-39.2739
-39.2402
-39.2039
-39.1686
-39.1935
-39.1793
-39.1772
-39.1771
-39.1754
-39.1806
-39.1923
-41.1072
-41.0294
-40.9576
-40.8810
-40.8064
-40.7377
-40.6644
-40.5983
-40.5290
-40.4590
-40.3997
-40.3404
-40.2652
-40.2075
-40.1486
-40.0894
-47.4161
-47.8949
-48.5429
-49.1740
-48.1255
-47.1285
-39.7311
-39.6887
-39.6471
-39.6157
-39.5979
-39.5516
-39.5199
-39.4864
-39.4548
-39.4165
-39.3841
-39.4182
-39.4022
-39.4023
-39.4035
-39.4024
-39.4072
-39.4194
-41.2556
-41.1845
-41.1111
-41.0351
-40.9688
-40.8980
-40.8305
-40.7664
-40.6943
-40.6352
-40.5680
-40.5077
-40.4454
-40.3913
-40.3310
-40.2753
-47.7794
-48.2816
-48.7760
-48.7261
-47.7931
-39.9763
-39.9336
-39.8923
-39.8576
-39.8497
-39.8005
-39.7593
-39.7284
-39.6942
-39.6646
-39.6251
-39.6502
-39.6376
-39.6210
-39.6241
-39.6246
-39.6248
-39.6289
-39.6415
-41.4064
-41.3361
-41.2605
-41.1942
-41.1264
-41.0571
-40.9964
-40.9277
-40.8648
-40.7900
-40.7552
-40.6793
-40.6262
-40.5692
-40.5128
-47.8122
-48.1472
-48.6286
-48.9626
-48.4190
-47.6485
-40.1719
-40.1342
-40.0922
-40.0637
-40.0483
-39.9991
-39.9632
-39.9323
-39.8987
-39.8686
-39.8307
-39.8650
-39.8518
-39.8372
-39.8411
-39.8409
-39.8419
-39.8463
-39.8588
-41.5560
-41.4821
-41.4144
-41.3498
-41.2805
-41.2194
-41.1560
-41.0893
-41.0339
-40.9735
-40.9114
-40.8543
-40.8022
-40.7443
-40.6925
-48.1203
-48.4969
-48.8530
-48.9463
-48.2249
-40.4076
-40.3666
-40.3302
-40.2921
-40.2877
-40.2422
-40.1967
-40.1636
-40.1316
-40.0997
-40.0680
-40.0886
-40.0754
-40.0617
-40.0514
-40.0535
-40.0528
-40.0544
-40.0587
-40.0721
-41.6989
-41.6297
-41.5677
-41.5002
-41.4375
-41.3793
-41.3116
-41.2547
-41.1863
-41.1538
-41.0763
-41.0282
-40.9729
-40.9199
-48.2054
-48.4452
-48.7997
-49.0599
-48.7578
-48.1345
-40.5952
-40.5594
-40.5217
-40.5160
-40.4782
-40.4325
-40.3918
-40.3598
-40.3268
-40.2965
-40.2634
-40.2942
-40.2815
-40.2674
-40.2613
-40.2615
-40.2603
-40.2624
-40.2666
-40.2803
-41.8402
-41.7799
-41.7156
-41.6507
-41.5954
-41.5314
-41.4708
-41.4171
-41.3636
-41.2994
-41.2463
-41.1969
-41.1418
-41.0936
-48.4738
-48.7626
-49.0251
-49.2311
-48.6387
-48.1645
-40.7818
-40.7488
-40.7099
-40.7054
-40.6649
-40.6191
-40.5830
-40.5521
-40.5183
-40.4894
-40.5106
-40.4956
-40.4834
-40.4716
-40.4669
-40.4651
-40.4636
-40.4662
-40.4705
-40.4853
-41.9876
-41.9264
-41.8609
-41.8056
-41.7466
-41.6823
-41.6301
-41.5681
-41.5371
-41.4595
-41.4135
-41.3612
-41.3119
-48.5899
-48.7638
-49.0292
-49.2367
-49.1111
-48.5852
-41.0021
-40.9671
-40.9332
-40.9225
-40.8903
-40.8473
-40.8025
-40.7709
-40.7405
-40.7063
-40.6785
-40.7061
-40.6930
-40.6812
-40.6716
-40.6684
-40.6657
-40.6630
-40.6659
-40.6703
-40.6875
-42.1327
-42.0685
-42.0113
-41.9573
-41.8933
-41.8383
-41.7678
-41.7396
-41.6728
-41.6234
-41.5756
-41.5251
-41.4792
-48.8286
-49.0534
-49.2488
-49.4375
-49.0380
-48.6049
-41.1815
-41.1488
-41.1401
-41.1047
-41.0696
-41.0268
-40.9864
-40.9557
-40.9248
-40.8918
-40.9176
-40.8983
-40.8864
-40.8775
-40.8678
-40.8660
-40.8629
-40.8585
-40.8618
-40.8662
-40.8856
-42.2721
-42.2125
-42.1610
-42.1009
-42.0423
-41.9918
-41.9362
-41.8837
-41.8289
-41.7845
-41.7354
-41.6892
-48.9642
-49.0906
-49.2897
-49.4577
-49.4655
-49.0098
-41.3929
-41.3585
-41.3276
-41.3144
-41.2835
-41.2455
-41.2029
-41.1669
-41.1368
-41.1054
-41.0739
-41.1056
-41.0882
-41.0767
-41.0702
-41.0612
-41.0600
-41.0561
-41.0504
-41.0539
-41.0596
-41.0799
-42.4106
-42.3594
-42.3043
-42.2426
-42.1927
-42.1285
-42.1015
-42.0330
-41.9869
-41.9417
-41.8939
-41.8506
-49.1802
-49.3566
-49.5011
-49.6578
-49.4226
-49.0303
-41.5658
-41.5334
-41.5253
-41.4882
-41.4587
-41.4181
-41.3757
-41.3439
-41.3146
-41.2827
-41.3074
-41.2901
-41.2747
-41.2650
-41.2590
-41.2513
-41.2501
-41.2456
-41.2390
-41.2425
-41.2503
-41.2706
-42.5538
-42.5035
-42.4430
-42.3897
-42.3409
-42.2916
-42.2364
-42.1852
-42.1433
-42.0961
-42.0522
-49.3276
-49.4191
-49.5672
-49.7045
-49.8157
-49.4124
-49.1080
-41.7357
-41.7298
-41.6934
-41.6605
-41.6278
-41.5874
-41.5472
-41.5180
-41.4892
-41.4568
-41.4898
-41.4714
-41.4577
-41.4508
-41.4444
-41.4380
-41.4365
-41.4277
-41.4208
-41.4236
-41.4336
-41.4535
-42.6961
-42.6395
-42.5828
-42.5350
-42.4770
-42.4507
-42.3806
-42.3384
-42.2950
-42.2494
-42.2080
-49.5256
-49.6562
-49.7697
-49.9006
-49.7939
-49.4370
-41.9355
-41.9037
-41.8953
-41.8583
-41.8300
-41.7941
-41.7541
-41.7181
-41.6894
-41.6601
-41.6825
-41.6689
-41.6494
-41.6385
-41.6293
-41.6225
-41.6174
-41.6155
-41.6102
-41.6040
-41.6065
-41.6176
-41.6370
-42.8324
-42.7737
-42.7252
-42.6585
-42.6352
-42.5770
-42.5298
-42.4895
-42.4442
-42.4022
-42.3617
-49.7455
-49.8532
-49.9661
-50.0897
-49.7963
-49.5007
-42.0995
-42.0923
-42.0574
-42.0231
-41.9964
-41.9578
-41.9180
-41.8859
-41.8576
-41.8279
-41.8547
-41.8406
-41.8205
-41.8133
-41.8083
-41.8011
-41.7973
-41.7950
-41.7895
-41.7838
-41.7870
-41.7983
-41.8172
-42.9639
-42.9121
-42.8657
-42.8140
-42.7882
-42.7174
-42.6784
-42.6362
-42.5926
-42.5526
-49.8637
-49.9556
-50.0463
-50.1561
-50.1522
-49.8253
-49.6102
-42.2609
-42.2515
-42.2169
-42.1866
-42.1568
-42.1145
-42.0753
-42.0470
-42.0190
-42.0426
-42.0276
-42.0124
-41.9940
-41.9889
-41.9841
-41.9766
-41.9741
-41.9713
-41.9656
-41.9605
-41.9644
-41.9757
-41.9940
-43.0954
-43.0500
-42.9892
-42.9670
-42.9065
-42.8634
-42.8241
-42.7807
-42.7402
-42.7011
-50.0671
-50.1422
-50.2352
-50.3414
-50.1649
-49.8833
-42.4504
-42.4422
-42.4046
-42.3698
-42.3433
-42.3106
-42.2727
-42.2365
-42.2093
-42.1814
-42.2110
-42.1975
-42.1813
-42.1668
-42.1616
-42.1569
-42.1490
-42.1479
-42.1445
-42.1387
-42.1354
-42.1388
-42.1501
-42.1678
-43.2309
-43.1863
-43.1402
-43.0929
-43.0449
-43.0070
-42.9661
-42.9244
-42.8857
-50.1933
-50.2547
-50.3269
-50.4195
-50.4761
-50.1759
-49.9532
-42.6258
-42.5921
-42.5587
-42.5262
-42.5012
-42.4656
-42.4283
-42.3959
-42.3688
-42.3940
-42.3766
-42.3646
-42.3475
-42.3366
-42.3313
-42.3265
-42.3185
-42.3187
-42.3146
-42.3089
-42.3080
-42.3115
-42.3215
-42.3386
-43.3644
-43.3096
-43.2874
-43.2262
-43.1861
-43.1478
-43.1061
-43.0672
-43.0294
-50.3619
-50.4099
-50.4858
-50.5759
-50.4962
-50.2306
-42.7851
-42.7763
-42.7432
-42.7103
-42.6814
-42.6541
-42.6181
-42.5814
-42.5527
-42.5257
-42.5567
-42.5403
-42.5289
-42.5129
-42.5036
-42.4983
-42.4932
-42.4860
-42.4866
-42.4819
-42.4763
-42.4776
-42.4812
-42.4900
-42.5065
-43.4971
-43.4564
-43.4069
-43.3619
-43.3252
-43.2816
-43.2415
-43.2040
-50.4930
-50.5289
-50.5855
-50.6628
-50.7507
-50.5323
-50.3101
-42.9576
-42.9250
-42.8924
-42.8595
-42.8341
-42.8040
-42.7687
-42.7323
-42.7069
-42.7331
-42.7168
-42.7022
-42.6906
-42.6755
-42.6679
-42.6624
-42.6571
-42.6511
-42.6517
-42.6464
-42.6423
-42.6445
-42.6480
-42.6615
-42.6776
-43.6163
-43.5948
-43.5322
-43.4945
-43.4572
-43.4171
-43.3797
-43.3432
-50.6641
-50.6963
-50.7588
-50.8361
-50.8367
-50.5856
-50.4167
-43.1035
-43.0713
-43.0393
-43.0085
-42.9844
-42.9516
-42.9169
-42.8842
-42.8586
-42.8906
-42.8743
-42.8615
-42.8502
-42.8359
-42.8295
-42.8240
-42.8184
-42.8136
-42.8137
-42.8137
-42.8118
-42.8145
-42.8182
-42.8249
-42.8405
-43.7594
-43.7071
-43.6650
-43.6292
-43.5907
-43.5524
-43.5160
-50.8180
-50.8200
-50.8641
-50.9293
-51.0058
-50.8754
-50.6581
-43.2786
-43.2472
-43.2153
-43.1839
-43.1563
-43.1306
-43.0970
-43.0628
-43.0337
-43.0610
-43.0456
-43.0294
-43.0183
-43.0076
-42.9948
-42.9889
-42.9884
-42.9827
-42.9793
-42.9789
-42.9732
-42.9733
-42.9764
-42.9801
-42.9867
-43.0008
-43.8967
-43.8326
-43.7974
-43.7610
-43.7223
-43.6861
-43.6509
-50.9582
-50.9796
-51.0304
-51.0967
-51.1653
-50.9279
-50.7517
-43.4201
-43.3889
-43.3575
-43.3264
-43.3019
-43.2737
-43.2405
-43.2064
-43.1808
-43.2135
-43.1982
-43.1821
-43.1792
-43.1681
-43.1570
-43.1514
-43.1456
-43.1393
-43.1371
-43.1360
-43.1318
-43.1321
-43.1356
-43.1393
-43.1461
-43.1582
-44.0023
-43.9628
-43.9280
-43.8906
-43.8535
-43.8182
-51.1127
-51.1065
-51.1400
-51.1946
-51.2611
-51.2060
-50.9956
-43.5894
-43.5594
-43.5285
-43.4978
-43.4685
-43.4453
-43.4146
-43.3820
-43.3496
-43.3837
-43.3692
-43.3539
-43.3394
-43.3335
-43.3209
-43.3114
-43.3061
-43.3004
-43.2938
-43.2924
-43.2906
-43.2882
-43.2885
-43.2925
-43.2957
-43.3026
-43.3135
-44.1254
-44.0913
-44.0558
-44.0184
-43.9835
-43.9492
-51.2463
-51.2586
-51.2997
-51.3563
-51.4226
-51.2581
-51.0800
-43.7267
-43.6968
-43.6660
-43.6361
-43.6097
-43.5853
-43.5589
-43.5269
-43.4979
-43.5321
-43.5174
-43.5021
-43.4904
-43.4850
-43.4714
-43.4635
-43.4586
-43.4528
-43.4457
-43.4458
-43.4429
-43.4420
-43.4424
-43.4466
-43.4500
-43.4571
-43.4665
-44.2519
-44.2180
-44.1818
-44.1460
-44.1117
-51.3989
-51.3860
-51.4122
-51.4578
-51.5155
-51.5253
-51.3225
-51.1823
-43.8620
-43.8321
-43.8073
-43.7778
-43.7543
-43.7278
-43.6964
-43.6645
-43.6909
-43.6781
-43.6635
-43.6483
-43.6402
-43.6333
-43.6197
-43.6134
-43.6089
-43.6028
-43.5950
-43.5963
-43.5943
-43.5938
-43.5945
-43.5987
-43.6020
-43.6092
-43.6177
-44.3767
-44.3422
-44.3060
-44.2722
-44.2389
-51.5262
-51.5313
-51.5661
-51.6145
-51.6727
-51.5776
-51.4303
-44.0296
-44.0010
-43.9712
-43.9420
-43.9140
-43.8916
-43.8629
-43.8322
-43.8003
-43.8354
-43.8221
-43.8074
-43.7927
-43.7879
-43.7794
-43.7665
-43.7611
-43.7567
-43.7503
-43.7431
-43.7449
-43.7437
-43.7438
-43.7443
-43.7486
-43.7518
-43.7591
-43.7673
-44.4997
-44.4646
-44.4300
-44.3967
-51.6790
-51.6607
-51.6779
-51.7486
-51.7996
-51.8593
-51.6710
-51.5244
-44.1614
-44.1327
-44.1031
-44.0747
-44.0495
-44.0265
-43.9964
-43.9662
-43.9882
-43.9781
-43.9642
-43.9497
-43.9434
-43.9231
-43.9116
-43.9063
-43.9027
-43.8959
-43.8895
-43.8914
-43.8909
-43.8912
-43.8926
-43.8962
-43.8994
-43.9066
-43.9145
-44.6197
-44.5855
-44.5527
-44.5203
-51.8306
-51.8299
-51.8561
-51.8982
-51.9528
-51.9198
-51.7454
-51.6335
-44.2913
-44.2626
-44.2337
-44.2056
-44.1830
-44.1580
-44.1280
-44.0982
-44.1286
-44.1226
-44.1095
-44.0961
-44.0883
-44.0466
-44.0394
-44.0339
-44.0368
-44.0358
-44.0364
-44.0381
-44.0417
-44.0446
-44.0523
-44.0598
-44.7443
-44.7110
-44.6794
-51.9834
-51.9612
-51.9726
-52.0044
-52.0488
-52.1045
-51.9804
-51.8312
-44.4470
-44.4196
-44.3908
-44.3628
-44.3362
-44.3147
-44.2876
-44.2625
-44.2836
-44.2721
-44.2616
-44.2484
-44.2364
-44.2309
-56.0722
-44.1885
-44.1807
-44.1762
-44.1799
-44.1788
-44.1796
-44.1816
-44.1857
-44.1880
-44.1958
-44.2030
-44.8622
-44.8304
-44.7999
-52.1021
-52.0961
-52.1164
-52.1521
-52.1980
-52.2218
-52.0514
-51.9308
-44.5733
-44.5457
-44.5169
-44.4902
-44.4698
-44.4483
-44.4202
-44.3918
-44.4185
-44.4094
-44.3982
-44.3849
-44.3744
-44.3572
-44.3287
-44.3205
-44.3169
-44.3213
-44.3202
-44.3216
-44.3272
-44.3300
-44.3373
-44.3442
-44.9787
-44.9485
-52.2491
-52.2278
-52.2337
-52.2595
-52.2980
-52.3450
-52.2782
-52.1325
-44.7243
-44.6981
-44.6740
-44.6463
-44.6200
-44.5984
-44.5752
-44.5470
-44.5693
-44.5535
-44.5446
-44.5328
-44.5206
-44.5112
-44.4764
-44.4757
-44.4700
-44.4839
-45.0950
-45.0645
-52.3624
-52.3574
-52.3718
-52.4020
-52.4422
-52.4903
-52.3655
-52.2440
-44.8513
-44.8252
-44.7978
-44.7711
-44.7458
-44.7252
-44.6999
-44.6724
-44.6992
-44.6867
-44.6773
-44.6653
-44.6548
-44.6141
-44.6100
-45.2099
-52.5036
-52.4829
-52.4839
-52.5101
-52.5629
-52.6056
-52.5908
-52.4432
-52.3458
-44.9735
-44.9471
-44.9194
-44.8940
-44.8710
-44.8504
-44.8234
-44.8458
-44.8277
-44.8177
-44.8075
-44.7969
-44.7871
-44.7488
-44.7937
-58.7832
-61.1652
-62.2821
-63.8219
-45.3243
-52.6133
-52.6183
-52.6368
-52.6633
-52.7047
-52.7487
-52.6586
-52.5311
-45.1180
-45.0938
-45.0671
-45.0405
-45.0151
-44.9943
-44.9719
-44.9451
-44.9728
-44.9562
-44.9476
-44.9366
-44.9269
-44.9177
-63.5809
-44.8814
-53.3371
-56.6072
-58.9576
-60.4354
-61.4283
-62.0359
-62.5779
-63.0787
-57.7766
-52.7724
-52.7491
-52.7467
-52.7629
-52.8019
-52.8461
-52.8776
-52.7321
-52.6270
-45.2367
-45.2122
-45.1856
-45.1602
-45.1361
-45.1161
-45.0921
-45.1146
-45.0980
-45.0841
-45.0753
-45.0644
-45.0553
-45.0451
-59.6786
-62.0267
-63.1124
-63.7443
-57.0484
-45.0122
-53.4646
-55.7139
-57.6557
-59.1223
-60.1998
-60.9447
-61.6057
-62.1272
-55.6731
-52.8637
-52.8774
-52.8984
-52.9391
-52.9783
-52.9417
-52.8133
-45.3768
-45.3539
-45.3283
-45.3025
-45.2783
-45.2562
-45.2363
-45.2107
-45.2386
-45.2216
-45.2103
-45.2013
-45.1920
-45.1840
-54.1891
-57.5509
-59.9355
-61.3391
-57.2305
-45.2435
-45.1417
-53.5909
-55.2878
-56.8786
-58.2090
-59.2774
-60.1274
-60.7449
-61.3245
-61.7975
-60.0325
-54.8053
-52.9993
-53.0319
-53.0651
-53.1155
-53.0057
-52.9025
-45.4927
-45.4696
-45.4437
-45.4191
-45.3949
-45.3748
-45.3535
-45.3771
-45.3606
-45.3437
-45.3350
-45.3256
-45.3176
-45.3100
-53.7169
-55.0680
-56.3974
-57.5743
-58.5750
-59.4068
-60.0691
-60.4291
-60.1963
-55.9811
-54.4121
-53.1285
-53.1643
-53.1991
-53.1991
-53.0813
-52.9998
-45.6072
-45.5834
-45.5575
-45.5342
-45.5112
-45.4919
-45.4691
-45.4968
-45.4811
-45.4663
-45.4581
-45.4496
-45.4417
-45.4338
-57.1268
-57.9557
-58.7412
-59.4164
-59.9599
-56.6834
-55.5178
-54.2048
-53.2864
-53.3318
-53.2660
-53.1648
-45.7400
-45.7202
-45.6958
-45.6700
-45.6468
-45.6267
-45.6075
-45.6325
-45.6160
-45.6001
-45.5878
-45.5796
-45.5720
-45.5647
-45.6059
-63.2408
-64.4040
-64.0527
-56.7549
-57.5910
-58.4258
-59.1056
-59.3622
-56.2918
-55.2253
-54.1045
-53.4157
-53.4535
-53.3383
-53.2444
-45.8516
-45.8317
-45.8068
-45.7823
-45.7591
-45.7407
-45.7204
-45.7491
-45.7334
-45.7174
-45.7074
-45.6999
-45.6929
-45.6854
-54.7887
-60.4578
-61.9324
-62.5192
-61.8236
-57.3887
-58.1088
-58.7643
-56.8540
-55.9970
-55.0400
-54.0665
