-52.7583
-52.6845
-45.7869
-45.7956
-45.8022
-53.7372
-54.4815
-55.2158
-55.5700
-54.8040
-53.9534
-45.8978
-45.9127
-45.9277
-45.9461
-45.9638
-45.9844
-53.6621
-55.0231
-65.5841
-65.6938
-65.8153
-57.7143
-63.6957
-62.8533
-57.4836
-55.0148
-54.9257
-54.8470
-54.7709
-54.6960
-54.6294
-54.5524
-54.4853
-52.8710
-52.7943
-45.9071
-45.9157
-45.9221
-53.7790
-54.4449
-55.1134
-55.4565
-54.8220
-54.0671
-46.0161
-46.0311
-46.0455
-46.0636
-46.0803
-46.0985
-70.6931
-70.1979
-70.5896
-57.9268
-57.4344
-62.9498
-60.7416
-58.0348
-65.4402
-63.8117
-55.1382
-55.0555
-54.9785
-54.9039
-54.8344
-54.7491
-54.6794
-54.5928
-52.9608
-52.9025
-46.0257
-46.0342
-46.0405
-53.8332
-54.4331
-55.0445
-55.3783
-54.8569
-54.1791
-46.1329
-46.1482
-46.1618
-46.1797
-46.1960
-46.2133
-46.2350
-68.6008
-67.8609
-66.9651
-58.1361
-57.6755
-63.0820
-61.5091
-57.6766
-62.2359
-61.5058
-55.3027
-55.1905
-55.1152
-55.0441
-54.9460
-54.8715
-54.7519
-54.6958
-59.9837
-53.0545
-53.0122
-46.1429
-46.1512
-46.1574
-53.8966
-54.4400
-55.0021
-55.3275
-54.9023
-54.2893
-46.2483
-46.2638
-46.2769
-46.2944
-46.3110
-46.3270
-46.3474
-62.8524
-58.3502
-57.9024
-57.5664
-58.2501
-60.3986
-58.7965
-55.3422
-55.2650
-55.1545
-55.0464
-54.9492
-54.8902
-54.8337
-54.8496
-53.1639
-53.1069
-46.2586
-46.2668
-46.2729
-53.9666
-54.4610
-54.9802
-55.2983
-54.9560
-54.3960
-46.3624
-46.3781
-46.3907
-46.4078
-46.4246
-46.4394
-46.4586
-58.1048
-60.7715
-61.8504
-66.1941
-58.5589
-58.1083
-63.7980
-65.6496
-55.4823
-55.3536
-55.2050
-55.1399
-55.0788
-55.0193
-54.9631
-54.9612
-53.2714
-53.2159
-46.3702
-46.3809
-46.3868
-54.0415
-54.4930
-54.9745
-55.2862
-55.0160
-54.5012
-54.0147
-46.4908
-46.5036
-46.5199
-46.5370
-46.5511
-46.5686
-56.0557
-68.9974
-66.7450
-58.2331
-57.8195
-62.9830
-66.0696
-55.5591
-55.3938
-55.3285
-55.2643
-55.2039
-55.2023
-55.1458
-55.0922
-60.5137
-53.3775
-53.3231
-46.4835
-46.4911
-46.4966
-54.1202
-54.5334
-54.9818
-55.2877
-55.0807
-54.6047
-54.1384
-46.6021
-46.6151
-46.6308
-46.6481
-46.6624
-46.6774
-55.2027
-57.2784
-69.0326
-68.5677
-58.3824
-57.7714
-62.7025
-63.4054
-65.5126
-65.9293
-63.4454
-55.6578
-55.5163
-55.4521
-55.4521
-55.3897
-55.3316
-55.2759
-55.2226
-58.1017
-53.4819
-53.4289
-46.5954
-46.6029
-46.6082
-54.1859
-54.5805
-54.9994
-55.3001
-55.1492
-54.7069
-54.2646
-46.7118
-46.7252
-46.7403
-46.7578
-46.7721
-46.7850
-65.2223
-65.4317
-58.2421
-57.9329
-61.2256
-63.1591
-63.5506
-62.9543
-61.7743
-59.2337
-55.6375
-55.6410
-55.5794
-55.5183
-55.4608
-55.4053
-55.3519
-55.3008
-53.5848
-53.5329
-46.7060
-46.7133
-46.7185
-46.7249
-54.6171
-55.0059
-55.3215
-55.2204
-54.8079
-54.3903
-46.8203
-46.8341
-46.8485
-46.8655
-46.8800
-46.8919
-65.3293
-65.1564
-64.6886
-64.4098
-64.3667
-58.3753
-58.2137
-59.1849
-62.1111
-62.6667
-62.0191
-60.8737
-59.4205
-55.8326
-55.7684
-55.7074
-55.6465
-55.5889
-55.5334
-55.4808
-55.4306
-53.6860
-53.6354
-46.8152
-46.8224
-46.8275
-46.8337
-54.6766
-55.0420
-55.3308
-55.2939
-54.9078
-54.5141
-46.9277
-46.9419
-46.9552
-46.9715
-46.9862
-46.9984
-47.1388
-63.1254
-63.2677
-63.3207
-63.3667
-63.8564
-58.6525
-58.3785
-58.1116
-61.4488
-61.9056
-61.4371
-60.6919
-59.4136
-55.9603
-55.8959
-55.8350
-55.7762
-55.7178
-55.6628
-55.6106
-55.5725
-53.7857
-53.7362
-46.9231
-46.9303
-46.9353
-46.9413
-54.7398
-55.0841
-55.3692
-55.3507
-54.9881
-54.6356
-47.0339
-47.0478
-47.0602
-47.0762
-47.0912
-47.1034
-47.1175
-58.7690
-60.7617
-61.6140
-62.4823
-62.8410
-60.2084
-58.5371
-58.2819
-61.0286
-61.6702
-61.2499
-60.4709
-59.4685
-56.0909
-56.0250
-55.9640
-55.9118
-55.8637
-55.8196
-55.7784
-55.7397
-53.8839
-53.8354
-47.0298
-47.0368
-47.0417
-47.0476
-54.8060
-55.1312
-55.4131
-55.4081
-55.0891
-54.7383
-47.1384
-47.1521
-47.1639
-47.1796
-47.1948
-47.2070
-47.2195
-57.5152
-58.8747
-60.3587
-61.2071
-61.7964
-61.7506
-58.6903
-58.6057
-61.0540
-61.3289
-60.9601
-60.3173
-59.5424
-58.4079
-56.1817
-56.1294
-56.0797
-56.0312
-55.9867
-55.9447
-55.9057
-53.9915
-53.9332
-47.1352
-47.1422
-47.1470
-47.1528
-54.8747
-55.1827
-55.4618
-55.4606
-55.1896
-54.8520
-47.2384
-47.2550
-47.2663
-47.2816
-47.2970
-47.3095
-47.3212
-56.2550
-58.3038
-59.1810
-60.1627
-60.8903
-61.4816
-59.0279
-58.7990
-59.7303
-61.0992
-60.7781
-60.2490
-59.6234
-56.3938
-56.3347
-56.2790
-56.2266
-56.1763
-56.1310
-56.0892
-54.0868
-47.5815
-47.2394
-47.2463
-47.2512
-47.2570
-54.9460
-55.2382
-55.5148
-55.5171
-55.2830
-54.9601
-47.3403
-47.3540
-47.3649
-47.3825
-47.3980
-47.4106
-47.4220
-55.7571
-57.3883
-58.6784
-59.3295
-60.5358
-61.2468
-59.2372
-56.5778
-56.5052
-56.4430
-56.3909
-56.3387
-56.2625
-56.2231
-54.1810
-47.6844
-47.3445
-47.3494
-47.3543
-47.3602
-55.0194
-55.2975
-55.5718
-55.5685
-55.3719
-55.0643
-47.4409
-47.4547
-47.4655
-47.4792
-47.4975
-47.5241
-47.5366
-55.4743
-56.8140
-56.7901
-56.6757
-56.5704
-56.5224
-56.4756
-56.4249
-56.3850
-54.2740
-47.7862
-47.4466
-47.4535
-47.4564
-47.4624
-55.0952
-55.3601
-55.6226
-55.6189
-55.4582
-55.1652
-54.9757
-47.5541
-47.5649
-47.5778
-47.6079
-47.6224
-47.6431
-47.7888
-56.4695
-69.5734
-68.7332
-65.8382
-56.7872
-56.7370
-56.6850
-56.6395
-56.5949
-56.5635
-54.3659
-47.8870
-47.5477
-47.5547
-47.5596
-47.5637
-55.1729
-55.4189
-55.6810
-55.6845
-55.5542
-55.2756
-55.0829
-47.6710
-47.6867
-47.7202
-47.7420
-47.7626
-47.7807
-47.8041
-56.2706
-70.3399
-69.6732
-69.1553
-68.5110
-67.3785
-66.0496
-65.0477
-56.9473
-56.9268
-56.8840
-56.8292
-56.7827
-56.7373
-54.4961
-48.0218
-47.6829
-47.6903
-47.6961
-47.7033
-55.2824
-55.5147
-55.7635
-55.7764
-55.6772
-55.4110
-55.2162
-47.8077
-47.8417
-47.8598
-47.8813
-47.9021
-47.9202
-47.9392
-56.1363
-65.6790
-70.9451
-70.4211
-69.8622
-69.3107
-68.7037
-67.8980
-57.1537
-57.0954
-57.0424
-56.9935
-56.9360
-56.8554
-54.6263
-48.1604
-47.8223
-47.8301
-47.8359
-47.8410
-55.4022
-55.6091
-55.8464
-55.8673
-55.7966
-55.5424
-55.3473
-47.9627
-47.9806
-47.9982
-48.0192
-48.0401
-48.0584
-48.0765
-56.0859
-59.0101
-70.2902
-69.7348
-57.3082
-57.2479
-57.1494
-57.1041
-57.0604
-57.0118
-54.7559
-48.2979
-47.9602
-47.9680
-47.9718
-47.9769
-55.5083
-55.7152
-55.9287
-55.9571
-55.9128
-55.7862
-55.5995
-48.1001
-48.1182
-48.1353
-48.1559
-48.1768
-48.1953
-48.2131
-56.0852
-56.7443
-69.8445
-66.3617
-57.3502
-57.3011
-57.2560
-57.2133
-57.1715
-54.8850
-48.4342
-48.0966
-48.1020
-48.1056
-48.1105
-55.6117
-55.8078
-56.0235
-56.0448
-56.1622
-55.9348
-55.7503
-48.2362
-48.2546
-48.2712
-48.2914
-48.3123
-48.3322
-48.3485
-56.1185
-56.6913
-70.7298
-69.9863
-69.3694
-68.5232
-66.5614
-65.9622
-57.5022
-57.4533
-57.4082
-57.3657
-57.3255
-55.0142
-48.5688
-48.2290
-48.2342
-48.2374
-48.2422
-55.7106
-55.8966
-56.1033
-56.2963
-56.3003
-56.0817
-55.9003
-48.3712
-48.3897
-48.4058
-48.4279
-48.4476
-48.4653
-48.4815
-48.6251
-56.6712
-72.1774
-71.3701
-70.7678
-70.2000
-69.5970
-68.9506
-67.7755
-66.7750
-65.6831
-57.7050
-57.6483
-57.5945
-57.5415
-57.4896
-55.1393
-48.6990
-48.3595
-48.3644
-48.3675
-48.3721
-55.8068
-55.9819
-56.3454
-56.4105
-56.4305
-56.2273
-56.0494
-48.5051
-48.5274
-48.5419
-48.5595
-48.5792
-48.5975
-48.6139
-48.6327
-56.6777
-57.1984
-71.2102
-70.5958
-70.0724
-69.4622
-68.8351
-57.9336
-57.7964
-57.7389
-57.6811
-57.5812
-55.2489
-48.8271
-48.4878
-48.4926
-48.4956
-48.5001
-55.9012
-56.2396
-56.4531
-56.5239
-56.5450
-56.3832
-56.2309
-48.6416
-48.6583
-48.6730
-48.6901
-48.7099
-48.7288
-48.7454
-48.7632
-56.7065
-57.1871
-57.9444
-57.8774
-57.7628
-57.7192
-55.3547
-48.9534
-48.6146
-48.6192
-48.6221
-48.6567
-56.1754
-56.3568
-56.5630
-56.6382
-56.7136
-56.5600
-56.3759
-48.7713
-48.7883
-48.8032
-48.8200
-48.8399
-48.8593
-48.8761
-48.8932
-56.7554
-57.1955
-58.0895
-57.9441
-57.8984
-57.8550
-55.4548
-49.0775
-48.7392
-48.7437
-48.7804
-48.7882
-56.3002
-56.4738
-56.7479
-56.8094
-56.8146
-56.6873
-56.5095
-49.0255
-48.9173
-48.9328
-48.9494
-48.9691
-48.9887
-49.0059
-49.0227
-56.8236
-57.2205
-69.4961
-58.1286
-58.0777
-57.9774
-57.9384
-55.5505
-49.1996
-48.8619
-48.9042
-48.9109
-48.9187
-56.5215
-56.6678
-56.8421
-56.9085
-56.9159
-56.8142
-56.6433
-56.5451
-49.0472
-49.0618
-49.0781
-49.0976
-49.1173
-49.1348
-49.1513
-56.9126
-57.2594
-70.3931
-69.2836
-68.5338
-66.7740
-58.2600
-58.1548
-58.1140
-58.0765
-55.6410
-49.3194
-49.0250
-49.0336
-49.0619
-49.0707
-56.6299
-56.7689
-56.9373
-57.0100
-57.0205
-56.9435
-56.7795
-56.6782
-49.1747
-49.1914
-49.2062
-49.2253
-49.2451
-49.2628
-49.2789
-57.0237
-57.3102
-71.7875
-71.3413
-70.3600
-69.7706
-68.6886
-67.9897
-66.8720
-64.6731
-61.8207
-58.2911
-58.2515
-58.2005
-55.9254
-49.4890
-49.1780
-49.1883
-49.1957
-49.1919
-56.7390
-56.8719
-57.0362
-57.1154
-57.1296
-57.0760
-56.9186
-56.8151
-49.3015
-49.3186
-49.3345
-49.3522
-49.3720
-49.3899
-49.4057
-49.4240
-57.3720
-71.5846
-71.0372
-70.0565
-69.4145
-68.3562
-67.7508
-66.5508
-65.4839
-63.9376
-61.9352
-58.4271
-58.3889
-58.3368
-56.2000
-49.6017
-49.3138
-49.3220
-49.3140
-49.3165
-56.8503
-56.9789
-57.1403
-57.2262
-57.2438
-57.2121
-57.0601
-56.9548
-49.4277
-49.4450
-49.4605
-49.4791
-49.4979
-49.5160
-49.5317
-49.5487
-57.4440
-57.9293
-70.9592
-70.3847
-69.2333
-68.1459
-67.6141
-66.6001
-65.8889
-64.8854
-63.5857
-62.0553
-58.5642
-58.5270
-58.4704
-56.3972
-49.6638
-49.4472
-49.4369
-49.4380
-49.4407
-56.9665
-57.0919
-57.2511
-57.3432
-57.3633
-57.3514
-57.2037
-57.0967
-49.5532
-49.5707
-49.5859
-49.6039
-49.6235
-49.6421
-49.6568
-49.6728
-57.5261
-57.8302
-70.4008
-69.2598
-68.0161
-67.1090
-66.6572
-66.1113
-65.4256
-64.5198
-63.4161
-62.1805
-58.6949
-58.6299
-58.5873
-56.5672
-49.7216
-49.5585
-49.5606
-49.5621
-49.5652
-57.0900
-57.2128
-57.3695
-57.4664
-57.4878
-57.4937
-57.3492
-57.2406
-49.6780
-49.6955
-49.7106
-49.7278
-49.7471
-49.7658
-49.7816
-49.7964
-57.6191
-57.8926
-74.4722
-67.9707
-67.1377
-66.7337
-66.2700
-65.7120
-65.0575
-64.2693
-63.3081
-62.2563
-59.1444
-58.6055
-58.5780
-56.7396
-49.7733
-49.6817
-49.6843
-49.6864
-49.6900
-57.2210
-57.3404
-57.4935
-57.5937
-57.6151
-57.6251
-57.4948
-57.3847
-49.8021
-49.8194
-49.8343
-49.8508
-49.8697
-49.8883
-49.9218
-49.9350
-57.7945
-58.0140
-67.4672
-67.1102
-66.7609
-66.3784
-65.9400
-65.3838
-64.7392
-64.0163
-63.2159
-61.9574
-61.0132
-58.7353
-58.7066
-49.8097
-49.8074
-49.8085
-49.8111
-49.8153
-57.3590
-57.4738
-57.6222
-57.7244
-57.7448
-57.7541
-57.6408
-57.5291
-49.9252
-49.9626
-49.9766
-49.9917
-50.0095
-50.0273
-50.0430
-50.0545
-57.9029
-58.0767
-63.8278
-68.4521
-67.1974
-66.9612
-66.7151
-66.4021
-65.9922
-65.5331
-65.0196
-64.4463
-63.2890
-62.7222
-62.0715
-61.2676
-58.8636
-58.8336
-62.9418
-49.9346
-49.9364
-49.9355
-49.9383
-49.9406
-57.5001
-57.6105
-57.7540
-57.8572
-57.8760
-50.1501
-50.1627
-50.1733
-50.1867
-58.1528
-58.4008
-63.9628
-66.4485
-66.3347
-66.1296
-65.8558
-65.5242
-65.1366
-64.0283
-63.6619
-63.2234
-62.7249
-62.1763
-61.4855
-58.9902
-58.9600
-60.9764
-50.0600
-50.0622
-50.0653
-50.0638
-50.0675
-57.6807
-57.7475
-57.8850
-57.9902
-58.0076
-50.2763
-50.2880
-50.2934
-50.3048
-58.2314
-58.4565
-62.8145
-63.9909
-65.6066
-65.5212
-65.3388
-64.3372
-64.1490
-63.8920
-63.5633
-63.1740
-62.7340
-62.2519
-61.6759
-59.2168
-59.0874
-60.1652
-50.1842
-50.1870
-50.1903
-50.1928
-50.1920
-57.7990
-57.9232
-58.0560
-58.1217
-58.1381
-50.3951
-50.4077
-50.4175
-50.4234
-58.3201
-58.4891
-62.0688
-63.1488
-63.9543
-64.2010
-64.2111
-64.1357
-63.9844
-63.7648
-63.4831
-63.1428
-62.7535
-62.3187
-61.8179
-61.2922
-59.2242
-59.7661
-50.3072
-50.3101
-50.3133
-50.3156
-50.3185
-50.3213
-58.0325
-58.1872
-58.2933
-58.3072
-50.5131
-50.5265
-50.5368
-50.5347
-58.3774
-58.5445
-61.6144
-62.0569
-62.8284
-63.4551
-63.7794
-63.9525
-63.8368
-63.6537
-63.4110
-63.1164
-62.7777
-62.3843
-61.9413
-61.4874
-59.5063
-59.5630
-50.4264
-50.4314
-50.4345
-50.4367
-50.4394
-50.4452
-58.1671
-58.2878
-58.4234
-58.4357
-50.6300
-50.6441
-50.6357
-50.6418
-58.4231
-58.3585
-58.6133
-61.8106
-62.5505
-63.1208
-63.5211
-63.6136
-63.7098
-63.5598
-63.3506
-63.0946
-62.7821
-62.4497
-62.3133
-61.9373
-59.6402
-50.5831
-58.3943
-58.4689
-58.5219
-58.5630
-50.7448
-50.7355
-50.7380
-50.7069
-58.2966
-58.4438
-58.6621
-61.6018
-62.2988
-62.9098
-63.3813
-63.4079
-63.4420
-63.4787
-63.3096
-63.4879
-63.1217
-62.7916
-62.4159
-62.1039
-59.7888
