-50.8438
-50.9420
-60.5703
-68.2434
-68.1782
-62.1392
-51.5815
-58.8892
-60.0656
-60.3057
-59.2876
-59.2090
-59.1333
-51.9663
-51.9966
-51.8505
-51.8816
-51.8181
-51.7520
-51.8067
-51.4936
-51.3351
-51.3229
-51.3332
-51.3546
-58.8414
-58.9664
-59.1057
-59.2506
-59.3744
-59.5126
-58.2231
-58.3126
-58.2724
-58.2073
-58.1600
-58.1155
-58.0742
-58.0404
-58.0170
-50.7723
-50.8567
-62.8562
-62.0533
-58.6286
-58.7643
-59.9629
-60.2203
-59.1700
-59.0924
-59.0180
-51.9092
-51.8147
-51.7681
-51.8028
-51.6410
-51.6481
-51.6289
-51.2953
-51.2362
-51.1981
-51.2585
-58.7747
-58.8811
-58.9386
-59.0830
-59.2327
-59.3823
-59.5022
-59.6409
-59.7537
-59.7033
-58.1338
-58.0714
-58.0307
-57.9925
-57.9636
-57.9473
-50.6792
-50.7637
-58.4508
-58.5620
-59.7296
-59.9522
-60.0176
-58.9892
-58.9093
-51.8413
-51.8502
-51.6313
-51.6358
-51.6738
-51.5370
-51.6178
-51.3779
-51.1210
-51.1362
-51.1228
-51.1589
-58.7166
-58.8454
-58.9987
-59.1560
-59.3145
-59.3713
-59.4956
-59.6362
-59.6346
-59.5847
-59.5397
-59.4749
-57.9441
-57.9120
-57.8894
-51.7746
-50.6093
-50.6581
-50.7004
-58.3805
-58.4974
-59.7024
-59.9500
-59.9062
-58.8752
-58.7944
-51.6461
-51.6783
-51.5340
-51.5540
-51.5181
-51.4302
-51.5126
-51.1779
-51.0452
-51.0098
-51.0465
-51.0847
-58.6703
-58.8160
-58.9782
-59.1414
-59.3043
-59.4655
-59.5996
-59.5250
-59.4570
-59.4664
-59.4237
-59.3621
-59.3330
-59.3179
-57.8184
-51.6968
-50.5133
-50.5619
-50.6051
-66.4806
-58.3119
-58.4486
-59.6867
-59.9427
-58.8444
-58.7596
-58.6780
-51.5863
-51.5189
-51.4492
-51.4604
-51.3258
-51.3358
-51.3070
-50.9512
-50.9431
-50.9071
-50.9449
-58.7119
-58.6332
-58.7921
-58.9589
-59.1303
-59.2974
-59.4620
-59.6063
-59.5127
-59.4480
-59.4540
-59.3075
-59.2770
-59.2284
-59.2235
-51.9123
-51.9696
-50.4110
-50.4586
-50.5214
-58.1307
-58.2445
-58.4330
-58.6736
-59.8163
-58.7281
-58.6421
-58.5599
-58.4817
-58.4082
-51.3145
-51.3538
-51.2195
-51.2787
-51.0427
-50.8126
-50.8034
-50.8167
-50.8673
-58.4476
-58.6008
-58.7722
-58.9464
-59.1224
-59.2935
-59.4616
-59.4842
-59.3941
-59.3300
-59.3322
-59.2975
-59.2735
-59.2338
-59.1346
-51.8327
-51.9175
-50.3147
-50.3386
-50.4438
-57.9843
-58.0878
-58.2117
-59.4884
-59.7419
-59.6959
-58.6100
-58.5231
-58.4400
-58.3612
-58.2879
-58.2156
-51.1974
-51.1117
-51.1466
-50.8155
-50.7097
-50.6749
-50.7380
-58.3215
-58.3418
-58.5012
-58.7493
-58.9305
-59.1137
-59.2915
-59.4267
-59.3601
-59.3299
-59.2110
-59.1571
-59.1801
-59.1649
-59.1686
-51.7121
-51.8002
-51.8649
-50.2173
-50.2432
-57.8194
-57.8982
-58.0120
-58.1438
-59.4757
-59.7665
-59.6353
-58.5277
-58.4387
-58.3538
-58.2392
-58.1658
-58.0939
-58.0372
-51.0279
-50.9397
-50.6122
-50.6059
-50.5953
-50.6347
-58.3674
-58.3139
-58.4845
-58.6636
-58.8427
-59.0220
-59.2838
-59.2905
-59.2279
-59.2079
-59.0907
-59.0404
-59.0628
-59.0589
-59.0781
-51.6582
-51.7467
-51.8058
-50.1088
-50.1379
-57.6668
-57.8128
-57.9357
-58.0893
-59.4781
-59.6940
-59.5389
-58.4039
-58.3163
-58.2313
-58.1509
-58.0709
-58.0047
-57.9183
-57.8774
-57.8587
-50.5071
-50.4755
-50.5152
-50.5565
-58.1246
-58.2939
-58.4732
-58.6580
-58.8414
-59.0217
-59.1406
-59.0700
-59.0048
-59.0753
-59.0154
-58.9174
-58.8916
-58.9572
-51.5192
-51.6042
-51.6927
-59.4559
-50.0101
-50.0413
-57.5734
-57.6775
-57.8054
-59.2420
-59.4967
-59.5594
-58.3695
-58.2748
-58.1868
-58.1030
-58.0249
-57.9466
-57.8821
-57.8298
-57.7950
-57.7839
-50.4070
-50.3691
-50.4098
-58.0360
-58.0982
-58.2807
-58.4671
-58.6571
-58.8447
-59.0284
-59.0113
-58.9412
-58.8771
-58.8203
-58.8079
-58.7092
-58.7745
-51.3983
-51.4623
-51.5555
-51.6072
-59.7593
-49.9105
-49.9918
-57.4828
-57.6006
-57.7365
-59.1525
-59.4535
-59.3503
-58.2395
-58.1415
-58.0527
-57.9694
-57.8859
-57.8155
-57.7556
-57.7100
-57.6819
-50.2799
-50.3003
-50.2925
-50.3352
-58.0370
-58.0737
-58.2751
-58.4696
-58.6612
-58.8524
-58.9514
-58.8797
-58.8105
-58.7479
-58.6939
-58.6933
-58.6489
-58.5905
-51.2837
-51.3885
-51.4975
-59.4137
-60.1717
-49.7852
-49.8933
-57.3952
-57.5263
-57.6842
-59.1702
-59.4790
-59.2491
-58.0474
-57.9461
-57.8542
-57.8318
-57.7480
-57.6798
-57.6236
-57.5836
-57.5663
-50.1969
-50.1672
-50.2100
-57.8415
-58.0253
-58.1098
-58.3115
-58.4640
-58.7141
-58.9163
-58.8186
-58.7458
-58.6779
-58.6174
-58.5675
-58.5807
-58.5507
-51.1638
-51.2278
-51.3313
-58.9971
-59.7831
-60.5059
-49.6851
-57.1495
-57.3011
-57.4542
-57.6661
-59.2191
-59.3499
-59.1720
-57.9199
-57.8168
-57.7210
-57.6343
-57.5493
-57.5413
-57.4882
-57.4547
-57.4482
-50.0623
-50.0572
-50.1018
-57.8069
-57.9018
-58.1109
-58.3234
-58.5300
-58.7289
-58.7130
-58.6432
-58.6532
-58.5890
-58.5339
-58.4416
-58.4669
-58.4579
-51.0788
-51.1713
-51.2730
-59.5077
-60.4927
-60.5042
-49.5839
-57.0482
-57.2194
-57.3840
-58.9965
-59.3036
-59.2301
-59.1258
-57.7904
-57.6859
-57.5875
-57.4927
-57.4147
-57.3477
-57.2964
-57.2674
-49.9519
-49.9500
-49.9704
-50.0173
-57.7847
-57.8964
-58.1207
-58.3416
-58.5540
-58.7575
-58.6732
-58.5894
-58.5082
-58.3591
-58.3945
-58.3602
-58.4013
-50.9499
-51.0431
-51.1137
-58.9315
-60.3743
-61.2467
-60.0438
-49.4820
-56.9518
-57.1408
-57.3063
-59.0412
-59.4308
-59.1275
-59.1157
-57.6591
-57.5532
-57.4521
-57.3559
-57.2787
-57.2141
-57.1678
-57.1476
-49.8292
-49.8014
-49.8579
-57.5325
-57.7730
-57.8921
-58.1270
-58.3583
-58.5812
-58.6321
-58.5391
-58.4568
-58.3826
-58.3205
-58.2687
-58.1459
-58.2849
-50.8918
-50.9861
-51.0349
-60.2063
-61.7288
-60.9918
-59.4243
-49.3169
-56.9177
-57.0656
-57.2557
-59.1416
-59.3473
-59.0522
-57.6383
-57.5258
-57.4179
-57.3089
-57.2176
-57.1414
-57.0802
-57.0403
-49.7169
-49.7168
-49.7136
-49.7605
-57.4420
-57.7030
-57.8902
-58.1335
-58.3727
-58.5744
-58.4859
-58.3958
-58.3204
-58.2496
-58.1937
-58.1522
-58.1365
-50.7252
-50.8324
-50.9115
-60.1834
-62.1942
-62.2653
-60.3792
-51.2645
-49.2116
-56.2271
-56.3284
-57.9995
-59.2945
-59.2422
-59.0168
-57.5049
-57.3905
-57.2800
-57.1710
-57.0789
-57.0033
-56.9461
-56.9143
-49.6033
-49.5780
-49.6252
-57.1978
-57.4413
-57.5800
-57.8294
-58.0707
-58.3024
-58.4097
-58.3204
-58.2376
-58.1696
-58.1147
-58.0792
-58.0410
-58.0470
-50.6683
-50.7800
-50.8425
-65.4264
-64.3402
-62.1543
-59.3276
-51.1934
-56.6272
-56.8048
-56.9325
-58.0650
-58.3776
-58.0765
-57.9806
-57.3690
-57.2518
-57.1333
-57.0312
-56.9394
-56.8643
-56.8126
-56.7908
-49.4888
-49.4633
-49.5115
-57.1753
-57.4572
-57.5961
-57.8539
-58.1028
-58.2696
-58.1660
-58.0692
-58.0659
-57.9996
-57.9495
-57.9212
-57.9275
-50.5119
-50.6168
-50.7324
-65.7075
-62.2203
-51.0436
-51.1203
-56.5224
-56.7264
-56.8981
-59.3872
-59.9470
-59.1076
-58.0142
-56.4782
-56.3788
-56.2796
-56.8897
-56.7990
-56.1080
-56.6803
-49.3464
-49.3731
-49.3727
-49.4223
-57.1800
-57.4882
-57.6227
-57.8881
-58.1429
-58.1156
-58.0139
-57.9169
-57.8296
-57.7529
-57.6970
-57.7615
-50.3691
-50.4467
-50.5520
-50.6323
-65.9984
-50.8943
-50.9753
-56.4226
-56.6536
-59.1748
-59.8131
-60.5038
-59.1239
-59.2903
-57.0961
-56.9740
-56.1370
-56.0430
-55.9684
-55.9100
-56.5502
-49.2544
-49.2066
-49.2567
-56.8996
-57.2057
-57.3778
-57.6605
-57.9323
-58.0697
-57.9615
-57.8298
-57.7625
-57.6768
-57.6037
-57.5562
-57.5420
-50.2554
-50.3580
-50.4537
-50.5560
-61.7161
-50.7966
-50.8630
-50.9352
-56.3277
-56.5876
-60.0916
-60.5919
-59.5931
-59.2360
-57.0714
-56.9532
-56.8228
-56.7098
-56.6078
-56.5210
-55.7732
-55.7422
-48.9773
-48.9802
-49.1651
-56.9105
-57.2503
-57.4191
-57.7102
-57.9878
-57.9116
-57.8046
-57.6720
-57.6063
-57.5232
-57.4562
-57.4211
-50.1133
-50.1919
-50.2933
-50.3496
-50.4247
-50.4986
-50.6477
-50.7223
-50.7895
-58.1523
-56.2377
-56.5301
-61.3504
-61.7675
-59.7104
-59.4934
-56.9284
-56.8078
-56.6769
-56.5634
-56.4622
-56.3787
-56.3225
-48.9898
-48.9690
-48.8843
-55.8793
-56.1610
-56.4697
-57.4744
-57.7728
-57.8648
-57.7506
-57.6436
-57.5425
-57.4487
-57.3699
-57.3121
-57.2954
-50.0223
-50.1271
-50.1947
-50.2707
-50.3443
-50.4205
-50.4966
-50.5716
-50.6475
-58.0635
-58.0869
-56.2065
-56.5432
-63.4482
-63.7885
-60.0729
-59.9737
-56.7819
-56.6407
-56.5284
-56.4146
-56.3151
-56.2368
-56.1912
-48.8701
-48.8491
-48.9024
-56.6386
-57.0188
-56.5073
-56.6179
-56.8441
-56.7534
-57.5867
-57.4792
-57.3809
-57.2617
-57.2182
-57.1772
-49.8507
-49.9575
-50.0606
-50.1141
-50.1903
-50.2647
-50.3430
-50.4190
-50.4953
-50.5719
-57.9854
-58.0393
-56.1430
-67.8473
-60.7300
-60.0268
-56.6323
-56.4900
-56.3771
-56.2637
-56.1669
-56.0954
-56.0637
-48.7494
-48.7533
-48.8077
-56.6950
-57.1068
-57.3093
-57.6408
-57.6698
-56.5871
-56.4833
-56.3976
-56.3275
-57.1316
-57.0705
-57.0509
-49.7847
-49.8908
-49.9549
-50.0328
-50.1091
-50.1868
-50.2628
-50.3414
-50.4188
-57.8370
-57.9300
-58.0051
-56.0723
-65.5295
-62.0868
-60.0218
-56.4712
-56.3364
-56.2232
-56.1106
-56.0176
-55.9556
-48.6218
-48.6026
-48.6323
-56.3515
-56.7833
-57.2209
-57.4097
-57.6383
-57.5039
-57.3770
-57.2589
-57.0376
-56.1595
-56.0887
-56.0535
-49.4352
-49.7187
-49.7938
-49.8722
-49.9505
-50.0281
-50.1072
-50.1841
-50.2608
-57.6927
-57.7729
-57.8909
-58.0221
-55.9444
-63.8009
-56.5030
-56.3165
-56.1797
-56.0544
-55.9554
-55.8680
-55.8187
-48.4983
-48.4798
-48.5354
-56.4294
-56.9030
-57.3635
-57.5319
-57.4715
-57.3348
-57.2063
-56.8413
-56.9814
-56.8924
-56.8309
-56.7837
-49.3640
-49.4633
-49.5220
-49.5991
-49.8673
-49.9476
-50.0265
-50.1056
-50.1825
-57.6165
-57.7297
-57.8626
-58.0011
-55.8760
-56.1568
-56.3458
-56.1902
-56.0199
-55.8943
-55.7985
-55.7190
-48.3406
-48.3488
-48.3810
-56.0563
-55.9044
-57.0571
-57.2974
-57.4474
-57.3004
-57.1615
-57.0319
-56.8182
-56.8102
-56.7296
-56.6890
-49.3658
-49.4754
-49.5479
-49.6272
-49.5113
-49.5859
-49.6630
-49.7410
-50.0253
-57.4612
-57.5513
-57.7011
-57.8423
-57.9857
-55.8056
-56.1088
-56.2014
-56.0594
-55.8865
-55.7613
-55.6583
-55.5719
-48.2390
-48.1983
-48.2566
-56.1661
-56.7183
-57.2383
-57.4325
-57.2746
-57.1248
-56.9839
-56.6164
-56.7365
-56.6385
-56.5717
-49.2114
-49.2964
-49.4045
-49.4626
-49.5425
-49.6221
-49.7040
-49.7853
-49.6554
-56.2474
-56.3202
-56.4201
-57.6814
-57.8284
-58.2396
-55.7442
-55.9947
-56.1584
-56.3248
-56.1943
-56.0345
-55.8842
-55.7481
-55.5937
-55.4966
-55.4560
-48.0918
-48.1021
-55.7795
-56.3396
-56.9355
-57.4449
-57.2585
-57.0969
-56.9443
-56.8018
-56.5969
-56.5572
-56.4684
-56.4238
-49.1131
-49.2250
-49.2900
-49.3769
-49.4569
-49.5390
-49.6207
-49.7033
-49.7843
-57.2499
-57.3790
-56.3780
-56.4656
-56.8048
-56.9114
-55.7013
-55.9054
-55.5270
-56.1653
-56.0282
-55.8646
-55.7117
-55.5780
-55.4255
-55.3361
-47.9487
-47.9377
-47.9742
-55.9292
-56.6168
-57.2577
-57.7503
-57.1281
-56.9157
-56.7588
-56.3882
-56.4855
-56.3770
-56.3037
-48.9240
-49.0416
-49.1249
-49.2080
-49.2902
-49.3717
-49.4546
-49.5373
-49.6203
-57.0914
-57.2131
-57.3632
-57.5195
-57.6572
-58.1108
-58.2259
-55.6666
-55.8221
-56.0180
-56.0025
-55.8244
-55.6915
-55.5362
-55.4057
-55.2839
-55.1790
-47.8173
-47.8078
-47.8701
-56.1816
-56.9315
-57.5726
-57.1240
-56.9390
-56.7699
-56.2124
-56.4169
-56.3412
-56.1999
-56.1510
-48.8505
-48.9658
-49.0359
-49.1199
-49.2024
-49.2867
-49.3694
-49.4533
-56.9381
-57.0448
-57.1965
-57.3581
-57.5201
-57.9777
-58.0855
-58.2465
-55.5934
-55.7437
-55.9527
-55.2946
-55.6531
-55.5146
-55.3572
-55.2185
-55.1159
-55.0533
-47.6848
-47.6995
-55.6454
-56.5407
-57.3413
-57.9542
-56.9392
-56.7450
-56.5718
-56.1953
-56.2677
-56.1451
-56.0669
-48.6649
-48.7843
-48.8671
-48.9555
-49.0307
-49.1101
-49.2000
-49.2842
-49.3682
-56.8731
-57.0254
-57.1928
-57.3614
-57.8497
-57.9893
-58.0973
-58.2728
-55.4937
-55.6700
-55.8667
-55.6673
-55.4780
-55.3018
-55.1743
-55.0378
-54.9489
-47.5413
-47.5019
-47.5678
-56.0425
-57.0333
-57.8669
-58.4144
-56.7498
-56.5493
-55.9678
-56.1848
-56.0654
-55.9552
-55.9056
-48.5884
-48.7068
-48.7744
-48.8679
-48.9502
-49.0372
-49.1233
-49.2085
-56.7075
-56.8485
-57.0224
-57.1978
-57.2385
-57.8583
-58.0020
-58.1490
-58.2983
-55.4024
-55.6008
-55.6992
-55.4936
-55.2984
-55.1185
-54.9878
-54.8553
-54.7856
-47.4057
-47.3974
-55.3375
-56.6218
-57.6995
-58.4890
-56.7730
-56.5550
-55.7625
-55.9600
-55.9992
-55.8629
-55.7728
-48.3883
-48.5106
-48.5913
-48.6812
-48.7756
-48.8637
-48.9472
-49.0294
-56.6077
-56.7346
-56.9124
-57.1002
-57.2096
-57.7432
-57.8820
-58.0273
-58.2072
-58.4004
-55.3179
-55.5357
-55.5271
-55.3151
-55.1152
-54.9306
-54.7978
-54.6720
-47.2263
-47.2443
-47.2629
-56.0569
-57.4962
-58.5894
-59.2559
-56.5778
-56.3535
-55.7384
-55.9494
-55.7881
-55.6635
-55.6097
-48.3099
-48.4313
-48.4965
-48.5870
-48.6832
-48.7724
-48.8575
-48.9455
-56.5560
-56.7291
-56.9205
-57.1125
-57.7074
-57.8583
-58.0048
-58.1728
-58.4125
-58.5245
-55.2431
-55.4767
-55.3515
-55.1315
-54.9258
-54.7376
-54.5765
-54.4893
-47.1080
-47.0826
-47.1516
-57.3638
-58.7574
-59.6985
-60.1651
-56.3748
-55.5099
-55.7444
-55.7347
-55.5752
-55.4737
-48.1061
-48.2300
-48.3076
-48.4011
-48.4920
-48.5899
-48.6813
-48.7708
-56.3506
-56.5494
-56.7431
-56.9396
-56.8839
-57.7344
-57.8851
-58.0592
-58.2860
-58.8555
-58.4098
-55.1733
-55.4106
-55.1736
-54.9486
-54.7384
-54.1158
-54.3898
-54.3183
-46.9425
-46.9685
-57.2124
-59.5311
-60.4768
-61.5979
-60.3296
-56.1621
-55.5167
-55.7073
-55.5140
-55.3631
-47.8985
-48.0243
-48.1171
-48.2107
-48.3044
-48.3976
-48.4897
-48.5900
-56.1749
-56.3669
-56.5356
-56.7719
-56.7811
-57.6275
-57.7747
-57.9373
-58.1984
-58.7692
-58.3334
-58.1604
-55.1127
-55.2364
-54.9907
-54.7581
-54.5424
-54.3509
-54.2007
-46.7740
-46.7777
-46.8330
-62.8268
-63.6891
-62.4712
-56.1448
-55.2499
-55.5327
-55.4776
-55.2898
-55.1643
-47.8144
-47.9408
-48.0173
-48.1123
-48.2056
-48.3012
-48.3956
-48.4963
-56.1903
-56.4153
-56.6083
-56.6977
-57.5288
-57.6808
-57.8351
-58.4170
-58.6997
-59.1135
-58.0756
-57.8736
-55.0472
-55.0452
-54.7908
-54.5593
-54.3381
-54.1461
-53.6143
-46.6280
-46.6342
-46.6847
-63.9317
-54.9782
-55.2697
-55.4336
-55.2144
-55.0413
-47.5968
-47.7241
-47.8142
-47.9113
-48.0126
-48.1078
-48.2042
-48.3001
-55.9539
-56.2365
-56.4658
-56.6296
-56.4497
-57.6233
-57.7555
-58.4451
-58.6724
-59.0972
-58.0295
-57.8056
-57.6026
