-75.0655
-66.4830
-66.4062
-71.2982
-73.5563
-65.8172
-65.6819
-65.5302
-65.3657
-64.7276
-64.9471
-64.7242
-64.4790
-64.2950
-63.9396
-63.4753
-54.8105
-54.6659
-54.5963
-54.5876
-54.5673
-54.4468
-54.3036
-54.0817
-53.8591
-53.6870
-53.6139
-53.5399
-53.4646
-53.3811
-53.3032
-62.5369
-66.5023
-75.0679
-72.7062
-74.7463
-66.7944
-66.7225
-66.6496
-66.5622
-66.4614
-66.3548
-66.2351
-66.0584
-65.9331
-65.8020
-64.4829
-64.8947
-65.1635
-65.0168
-64.9288
-64.6577
-64.2748
-63.6732
-54.6113
-54.4906
-54.4053
-54.4348
-54.3881
-54.2442
-54.0719
-53.8236
-53.6250
-53.5014
-53.4269
-53.3512
-53.2678
-53.1892
-62.4140
-66.0916
-71.6861
-72.3435
-73.3996
-74.6476
-67.1898
-67.1418
-67.0886
-67.0373
-66.9878
-66.9175
-66.8434
-66.7666
-66.6761
-66.6147
-66.5360
-66.4570
-66.3814
-64.7230
-65.3064
-65.9250
-65.9741
-65.9335
-65.8834
-65.8036
-65.7237
-54.4299
-54.2911
-54.2204
-54.2731
-54.2029
-54.0105
-53.8614
-53.5868
-53.3873
-53.3120
-53.2362
-53.1522
-53.0736
-52.9937
-67.8634
-67.8239
-67.7801
-67.6591
-67.5995
-67.2908
-67.4804
-67.4589
-67.4288
-67.4035
-67.3760
-67.3332
-67.2941
-67.2321
-67.2304
-67.2109
-67.2016
-67.2091
-67.2448
-64.4188
-65.2242
-66.6808
-68.5464
-70.8448
-54.2322
-54.0854
-54.0409
-54.0671
-53.9926
-53.8182
-60.7379
-60.6467
-53.1907
-53.1138
-53.0346
-52.9558
-68.1193
-68.0952
-68.0711
-68.0449
-68.0061
-67.8964
-67.2416
-67.7758
-67.8250
-67.8238
-67.8339
-67.8249
-67.8211
-67.8275
-67.8064
-67.8795
-67.9408
-73.0585
-63.8591
-65.1369
-67.4943
-70.7984
-54.3732
-54.1510
-54.0527
-53.9322
-60.9806
-60.8530
-60.7455
-60.6413
-60.5424
-60.4515
-52.9960
-52.9110
-68.3692
-68.3606
-68.3541
-68.3479
-68.3467
-68.3210
-68.2363
-67.1508
-68.0434
-68.2465
-68.2788
-68.3113
-68.4651
-67.1630
-69.2084
-70.3214
-74.4330
-55.2590
-55.1806
-65.0378
-70.7273
-54.6632
-54.3882
-54.1891
-53.9656
-53.8688
-60.9016
-60.7877
-60.6753
-60.5654
-60.4598
-60.3603
-60.2696
-68.3365
-68.6171
-68.6286
-68.6427
-68.6600
-68.6782
-68.6763
-68.6833
-67.0594
-68.4706
-70.3953
-75.2504
-67.9261
-69.9501
-55.1488
-55.0939
-54.9983
-64.8550
-54.9536
-61.5142
-61.4002
-61.2853
-54.1535
-61.0527
-60.9492
-60.8315
-60.7140
-60.5973
-60.4762
-60.3642
-60.2572
-67.9086
-68.4144
-68.8900
-70.7002
-72.0666
-72.5800
-74.3632
-66.9682
-69.3980
-65.6940
-69.6405
-54.9420
-54.9697
-54.9635
-54.9164
-54.8193
-54.8208
-61.6800
-61.5668
-61.4525
-61.3369
-61.2202
-61.1023
-60.9834
-60.8775
-60.7571
-60.6364
-60.5159
-60.3963
-60.2788
-67.2484
-67.9446
-68.7996
-69.8957
-71.5987
-74.2280
-75.5309
-62.0693
-66.8682
-55.4846
-55.3163
-54.7765
-54.8296
-54.6827
-54.7389
-54.7650
-54.7827
-54.8089
-54.7108
-61.7290
-61.6227
-61.5081
-61.3923
-61.2752
-61.1568
-61.0371
-60.9161
-60.8079
-60.6849
-60.5614
-60.4375
-60.3138
-64.2226
-65.1248
-67.5229
-68.7571
-70.7497
-73.0840
-62.0464
-61.9624
-61.8788
-66.7166
-55.8446
-55.8003
-55.5810
-55.5103
-55.3651
-55.1454
-54.9681
-54.6980
-54.6014
-54.6283
-54.4851
-54.5601
-54.5270
-54.5765
-61.7030
-61.6297
-61.5556
-61.4512
-61.3340
-61.2153
-61.0952
-60.9737
-60.8646
-60.7406
-60.6152
-60.4889
-60.3619
-64.2063
-64.1458
-64.0474
-64.0247
-68.6574
-72.9960
-62.0557
-61.9711
-61.8860
-61.8006
-61.7150
-61.6305
-55.6764
-55.6311
-55.4608
-55.3396
-55.2181
-55.0394
-54.8177
-54.5211
-54.4204
-61.9438
-54.3043
-54.3700
-61.6767
-61.6035
-61.5296
-61.4551
-61.3798
-61.2774
-61.1572
-61.0356
-60.9124
-60.8015
-60.6753
-60.5478
-60.4189
-62.7216
-64.0792
-64.0166
-63.9159
-63.8908
-63.8287
-63.8065
-63.6993
-63.6339
-63.5679
-61.9488
-61.8963
-61.8100
-61.7233
-61.6365
-61.5507
-61.4629
-55.5552
-55.4593
-55.3381
-55.1413
-55.0852
-62.1761
-62.0666
-61.9400
-61.8727
-61.7759
-54.1373
-61.5775
-61.5033
-61.4289
-61.3537
-61.2780
-61.2015
-61.1012
-60.9781
-60.8533
-60.7406
-60.6124
-60.4828
-64.1878
-64.0765
-62.5789
-63.9358
-63.8250
-63.7995
-63.7365
-63.6728
-63.6070
-63.5412
-63.4748
-63.4080
-61.8464
-61.7344
-61.6466
-61.5584
-61.4714
-61.3822
-61.2932
-61.2052
-55.2848
-61.0322
-60.9397
-62.1285
-62.0174
-61.8892
-61.8181
-61.7074
-61.5630
-61.4800
-61.4032
-61.3276
-61.2517
-61.1754
-61.0984
-61.0206
-60.9228
-60.7964
-60.6821
-60.5522
-64.2911
-64.1816
-64.1226
-63.9587
-63.8365
-62.3301
-63.7073
-63.6440
-63.5799
-63.5143
-63.4482
-63.3809
-63.3136
-63.2932
-63.2236
-61.5702
-61.4808
-61.3928
-61.3020
-61.2116
-61.1221
-61.0337
-60.9462
-60.8276
-60.7381
-61.9699
-61.8405
-61.7677
-61.6534
-61.4969
-61.3929
-61.3057
-61.2267
-61.1493
-61.0722
-60.9945
-60.9162
-60.8371
-60.7419
-60.6262
-64.3966
-64.2897
-64.1802
-64.1220
-63.9569
-63.8342
-63.6703
-62.1973
-63.5505
-63.4862
-63.4202
-63.3537
-63.2867
-63.2183
-63.1964
-63.1280
-63.0571
-61.4282
-61.3145
-61.2225
-61.1306
-61.0396
-60.9498
-60.8610
-60.7404
-60.6493
-60.5566
-61.7937
-61.7198
-61.6036
-61.4436
-61.3288
-61.2211
-61.1294
-61.0478
-60.9687
-60.8902
-60.8111
-60.7315
-60.6510
-64.5047
-64.3999
-64.2932
-64.1838
-64.1267
-64.0031
-63.8376
-63.6725
-63.5823
-62.0355
-61.9699
-63.3251
-63.2582
-63.1908
-63.1228
-63.0994
-63.0317
-62.9603
-62.8883
-62.8187
-61.1435
-61.0502
-60.9578
-60.8666
-60.7764
-60.6537
-60.5610
-60.4662
-60.3611
-60.3221
-61.5566
-61.3945
-61.2762
-61.1588
-61.0475
-60.9513
-60.8667
-60.7858
-60.7057
-60.6253
-64.6142
-64.5127
-64.4083
-64.3019
-64.1930
-64.1375
-64.0144
-63.8473
-63.6812
-63.5916
-63.4594
-63.3227
-61.8039
-63.1617
-63.0939
-63.0256
-62.9566
-62.9347
-62.8627
-62.7902
-62.7205
-62.6458
-64.2100
-60.8767
-60.7840
-60.6925
-60.5677
-60.4734
-60.3763
-60.2697
-60.2043
-60.1089
-61.3483
-61.2281
-61.1072
-60.9870
-60.8722
-60.7714
-60.6835
-60.6005
-64.7515
-64.7004
-64.6487
-64.4223
-64.3166
-64.2082
-64.1548
-64.0319
-63.8641
-63.6971
-63.6088
-63.4766
-63.3399
-63.1970
-61.6354
-62.9961
-62.9273
-62.8580
-62.8347
-62.7648
-62.6913
-62.6215
-62.5463
-62.4713
-64.0438
-60.7023
-60.6094
-60.4823
-60.3861
-60.2870
-60.1790
-60.1115
-60.0143
-59.8854
-61.1832
-61.0603
-60.9366
-60.8135
-60.6952
-60.5898
-64.7444
-64.6967
-64.6482
-64.5995
-64.5498
-64.4999
-64.4492
-64.1795
-64.0570
-63.8886
-63.7212
-63.6346
-63.5029
-63.3666
-63.2242
-63.0756
-62.9207
-61.3945
-62.7584
-62.7337
-62.6654
-62.5921
-62.5224
-62.4460
-62.3706
-62.2963
-62.2828
-62.2234
-60.3978
-60.2994
-60.1881
-60.0889
-60.0194
-59.9203
-59.7898
-59.6908
-59.6159
-60.8911
-60.7645
-60.6385
-64.7274
-64.6770
-64.6390
-64.5940
-64.5485
-64.5023
-64.4565
-64.4102
-64.4278
-64.3709
-63.9651
-63.7542
-63.6700
-63.5396
-63.4043
-63.2628
-63.1150
-62.9606
-62.7985
-61.2199
-62.6314
-62.5645
-62.4914
-62.4217
-62.3456
-62.2690
-62.1945
-62.1220
-62.1112
-61.9986
-60.2377
-60.1006
-59.9997
-59.9281
-59.8272
-59.6949
-59.5940
-59.4926
-59.3912
-60.7208
-64.7091
-64.6628
-64.6143
-64.5784
-64.5363
-64.4948
-64.4526
-64.4111
-64.3699
-64.3941
-64.3431
-64.2905
-64.1455
-64.1442
-63.5878
-63.4544
-63.3147
-63.1685
-63.0156
-62.8548
-62.6850
-62.5477
-61.0039
-62.3898
-62.3196
-62.2438
-62.1675
-62.0926
-62.0194
-61.9488
-61.9400
-61.8158
-61.7318
-59.9112
-59.8376
-59.7349
-59.6008
-59.4979
-59.3945
-59.2908
-55.6175
-55.6509
-64.5957
-64.5483
-64.5138
-64.4747
-64.4369
-64.3992
-64.3625
-64.3273
-64.3586
-64.3144
-64.2691
-64.1313
-64.1406
-64.1015
-64.0606
-64.0159
-63.2385
-63.0884
-62.9303
-62.7629
-62.5845
-62.4402
-60.8247
-62.2167
-62.1412
-62.0645
-61.9895
-61.9170
-61.8460
-61.7764
-61.6970
-61.6134
-61.5474
-59.7431
-59.6121
-59.5077
-59.4027
-59.2973
-55.4951
-55.4535
-55.3871
-55.3699
-55.4260
-64.4455
-64.4084
-64.3738
-64.3409
-64.3092
-64.3548
-64.3192
-64.2826
-64.2460
-64.1165
-64.1385
-64.1127
-64.0868
-64.0591
-63.9880
-63.8591
-63.0286
-62.8660
-62.6923
-62.5535
-62.3532
-62.1286
-62.0373
-61.9610
-61.8857
-61.8135
-61.7437
-61.6744
-61.5276
-61.4925
-61.4267
-61.3605
-61.2919
-59.4154
-59.3085
-55.1092
-55.2820
-55.2895
-55.2717
-55.2289
-55.1602
-55.1173
-55.1973
-64.3047
-64.2753
-64.2490
-64.3012
-64.2736
-64.2453
-64.2182
-64.0988
-64.1353
-64.1255
-64.1182
-64.1117
-64.0601
-64.0012
-63.8688
-63.7374
-63.6058
-62.7056
-62.5150
-62.3019
-62.0508
-61.8570
-61.7818
-61.7100
-61.6409
-61.5715
-61.4194
-61.3212
-61.3032
-61.2374
-61.1692
-61.1048
-55.3506
-55.0449
-55.1422
-55.0499
-55.0564
-55.0379
-54.9933
-54.9978
-54.9291
-54.8840
-54.9127
-62.6944
-62.7366
-64.0648
-64.1017
-64.1543
-64.0738
-64.0780
-64.1362
-64.1514
-64.1717
-64.1408
-64.1032
-64.0657
-63.9499
-63.8212
-63.7572
-63.6370
-62.5444
-62.3141
-62.0350
-60.1950
-61.6068
-61.5387
-61.4701
-61.3092
-61.2117
-61.1296
-61.0470
-61.0437
-55.3281
-55.3104
-55.0034
-55.1007
-55.0326
-54.9394
-54.8210
-54.7760
-54.8047
-54.7601
-54.7387
-54.6919
-54.6202
-54.6808
-62.5175
-62.5061
-63.8624
-63.8289
-63.9213
-64.0858
-64.1803
-64.2339
-64.2985
-64.2284
-64.2214
-64.2205
-64.1469
-64.1046
-64.0122
-63.9363
-63.7815
-63.4681
-62.1850
-61.7780
-61.4399
-61.3629
-61.1829
-61.1023
-61.0206
-60.9379
-55.5022
-55.4356
-55.2692
-54.9852
-54.8718
-55.0145
-54.8709
-54.8265
-54.7066
-54.6106
-54.5405
-54.5185
-54.5207
-54.4976
-54.4575
-62.3033
-62.2838
-62.2752
-62.2079
-63.5971
-63.7568
-63.9042
-64.0887
-64.3160
-64.3849
-64.4138
-64.4612
-64.5287
-64.5455
-64.5858
-64.5895
-64.6308
-64.7081
-64.6724
-64.6016
-64.5285
-59.7483
-61.0690
-60.9883
-60.9066
-63.4871
-63.3551
-63.2239
-55.2763
-55.0132
-54.9227
-54.9474
-54.8280
-54.7828
-54.6621
-54.5655
-54.4947
-54.3977
-54.2750
-54.2762
-54.2602
-54.2350
-54.2081
-62.0446
-61.9701
-61.9855
-62.0477
-63.5439
-63.7375
-63.9881
-64.1794
-64.3724
-64.6285
-64.9327
-65.1407
-65.4724
-65.6453
-65.9487
-66.4612
-67.4419
-69.2608
-70.4384
-59.4674
-59.3831
-63.7490
-63.6224
-63.4907
-63.3532
-63.2096
-61.9765
-61.8534
-54.9749
-54.9053
-54.7363
-54.6404
-54.5182
-54.4714
-54.3239
-54.2753
-54.1515
-54.0353
-53.9847
-54.0070
-53.9537
-53.9490
-61.7104
-61.7912
-61.8112
-61.8875
-63.5621
-63.9281
-64.0992
-64.3668
-64.7385
-65.2476
-66.0810
-67.0834
-67.9533
-69.1796
-70.6539
-73.8384
-59.4524
-59.3325
-64.0288
-63.9151
-63.7971
-63.6741
-63.5453
-63.4099
-62.1234
-61.9993
-62.9556
-62.7834
-62.6049
-54.6654
-54.5683
-54.3975
-54.2743
-54.2248
-54.1002
-54.0085
-53.9076
-53.8047
-53.7009
-53.6953
-53.6811
-53.6605
-53.6005
-61.5436
-61.6762
-61.8808
-63.8016
-64.1204
-64.5364
-65.1564
-66.2078
-68.5488
-60.4851
-60.4245
-64.3150
-64.2155
-64.1131
-64.0075
-63.8985
-63.7851
-63.6669
-63.5431
-62.2147
-63.2768
-63.1287
-62.9658
-62.7783
-62.5514
-54.4177
-54.3461
-54.1975
-54.0730
-53.9557
-53.9041
-53.7505
-53.6709
-53.5646
-53.4255
-53.4288
-53.3930
-53.3607
-53.3275
-61.4607
-61.8559
-60.9543
-63.9799
-65.1245
-66.5952
-70.3150
-60.3142
-64.5447
-64.5147
-64.4362
-64.3453
-64.2564
-64.1662
-64.0745
-63.9814
-63.8870
-62.4852
-63.6988
-63.6044
-63.5101
-63.4126
-63.3081
-63.1988
-63.1099
-63.0114
-54.0999
-54.0250
-53.8493
-53.6952
-53.6395
-53.5069
-53.3919
-53.2948
-53.1837
-53.1009
-53.1167
-53.0571
-53.0464
-61.5436
-61.4613
-60.6634
-66.5746
-60.2704
-60.2057
-63.0638
-63.0015
-64.3959
-64.3702
-64.3473
-64.3275
-64.3112
-64.2988
-64.2869
-64.2834
-62.8078
-64.2234
-64.2090
-64.2223
-64.1119
-63.9474
-63.7652
-63.5889
-63.3763
-63.2059
-61.7416
-61.6717
-53.7613
-53.6310
-53.4729
-53.3320
-53.2837
-53.1232
-53.0351
-52.9256
-52.7905
-52.7789
-52.7665
-61.3066
-61.2211
-61.1341
-60.3315
-60.2452
-60.1658
-60.0989
-63.0487
-62.9875
-62.9258
-62.8638
-62.8011
-64.2194
-64.2028
-64.1588
-64.1514
-64.1494
-64.1536
-62.7280
-64.1894
-64.2224
-64.2635
-64.3086
-64.1614
-63.9965
-63.8393
-63.6461
-63.5025
-63.2486
-61.6068
-61.5102
-61.4094
-53.4843
-53.3906
-53.2185
-53.0611
-52.9969
-52.8616
-52.7754
-52.6386
-52.5010
-61.1873
-61.1020
-61.0154
-60.9270
-60.8367
-60.7297
-64.4956
-62.9480
-62.8878
-62.8295
-62.7685
-62.7071
-62.6453
-62.5830
-64.0245
-64.0219
-64.0260
-64.0381
-62.6365
-62.6595
-64.1457
-64.2117
-64.2923
-64.3849
-64.3427
-64.2136
-64.0579
-63.9731
-63.7769
-63.5118
-63.1056
-61.4174
-61.3081
-61.1149
-61.0595
-53.1196
-53.0058
-52.8211
-52.6843
-52.6211
-52.4328
-61.0672
-60.9823
-60.8962
-60.8084
-60.7188
-64.9176
-64.8353
-64.7522
-64.6683
-63.0012
-62.9582
-62.9161
-62.8775
-62.8378
-62.7996
-62.7628
-64.4560
-64.5317
-63.0211
-63.0955
-64.8683
-64.1304
-64.2429
-64.3774
-64.5320
-64.6743
-64.6135
-64.6409
-64.5766
-64.4900
-64.3664
-64.2424
-61.3814
-61.1755
-61.1375
-61.0309
-60.9024
-60.7075
-52.7388
-52.5516
-52.4378
-60.9464
-60.8620
-60.7765
-60.6895
-64.9221
-64.8401
-64.7573
-64.6739
-64.5896
-64.5047
-64.4191
-62.7404
-62.6976
-62.6561
-62.6185
-62.5803
-62.5439
-62.5100
-62.7327
-62.8087
-64.5243
-64.7310
-64.9992
-65.3362
-65.7037
-66.1308
-66.7299
-67.2978
-67.6459
-68.1269
-69.0750
-71.3067
-60.4209
-60.4020
-61.2413
-61.1883
-61.0944
-61.0354
-60.9767
-52.4406
-52.3751
-52.1345
-60.6743
-64.9211
-64.8390
-64.7563
-64.6729
-64.5887
-64.5038
-64.4183
-64.3320
-64.2451
-64.1577
-64.1030
-62.4489
-62.4087
-62.3708
-62.3378
-62.3057
-61.2420
-64.0911
-64.3041
-64.5940
-64.9809
-65.8198
-66.4888
-67.4700
-69.1948
-60.3716
-60.3035
-60.2835
-60.2176
-60.1515
-60.0520
-59.9804
-59.9086
-60.7512
-60.6922
-60.6335
-64.9539
-64.8685
-64.7852
-64.7012
-64.6164
-64.5310
-64.4448
-64.3580
-64.2706
-64.1825
-64.0939
-64.0049
-63.9156
-63.8260
-62.1644
-62.1261
-62.0913
-61.0587
-62.0424
-62.0275
-63.9800
-64.4026
-65.0281
-66.9512
-68.8890
-60.3212
-60.2525
-60.1839
-60.1628
-60.0966
-60.0303
-59.9589
-59.8585
-59.7863
-59.7139
-59.6414
-64.1059
-64.0249
-63.9335
-63.8409
-63.7471
-63.6447
-63.5482
-63.4552
-63.3557
-63.2546
-64.0714
-63.9804
-63.8889
-63.7971
-63.7050
-63.6128
-63.5212
-61.8565
-60.8560
-61.7950
-61.7760
-61.7702
-61.7755
-64.1757
-65.6935
-72.3668
-60.1994
-60.1302
-60.0610
-60.0387
-59.9724
-59.9068
-59.8349
-59.7341
-59.6614
-59.5886
