-43.3214
-43.4669
-43.6090
-44.0842
-44.2903
-44.4409
-44.5914
-44.7415
-44.8803
-45.0293
-45.1762
-45.3061
-45.4483
-45.6131
-45.7559
-45.9032
-46.0442
-46.1806
-46.3036
-46.4413
-53.6526
-53.9559
-54.2050
-54.4679
-54.7550
-54.9647
-55.0948
-55.2970
-55.4740
-55.5206
-55.4568
-55.5337
-55.6111
-55.6897
-55.7309
-55.9562
-56.0523
-55.3619
-43.1614
-43.3086
-43.4633
-43.6046
-43.8009
-43.9328
-44.1502
-44.3052
-44.4575
-44.6123
-44.7597
-44.9101
-45.0593
-45.1891
-45.3517
-45.4981
-45.6466
-45.7989
-45.9420
-46.0711
-46.2124
-53.4619
-53.7886
-54.0988
-54.3821
-54.6534
-54.9298
-55.0847
-55.2825
-55.3393
-55.3568
-54.7730
-55.3614
-55.4403
-55.5194
-55.6043
-55.6723
-55.8067
-55.8596
-55.9016
-42.9985
-43.1543
-43.3011
-43.4408
-43.5748
-43.8521
-44.0127
-44.1673
-44.3267
-44.4786
-44.6371
-44.7909
-44.9251
-45.0735
-45.2410
-45.3906
-45.5438
-45.6960
-45.8297
-53.0934
-53.3422
-53.6145
-53.9919
-54.2829
-54.5964
-54.8740
-55.1276
-55.1697
-55.2222
-55.2535
-55.2703
-55.1958
-54.6496
-55.3359
-55.3698
-55.4085
-55.5795
-55.6486
-55.6912
-48.7383
-42.8345
-42.9882
-43.1340
-43.2729
-43.4892
-43.6509
-43.8685
-44.0330
-44.1923
-44.3566
-44.5141
-44.6682
-44.8094
-44.9786
-45.1311
-45.2882
-45.4446
-52.7600
-52.9529
-53.2532
-53.5551
-53.9420
-54.2479
-54.5370
-54.8138
-55.0223
-55.0180
-55.0728
-55.1168
-55.1391
-55.1710
-55.0886
-55.0847
-54.5115
-55.1356
-55.2001
-55.3931
-48.4402
-48.5593
-48.7435
-42.6652
-42.8178
-42.9667
-43.1099
-43.3435
-43.5100
-43.6768
-43.9054
-44.0691
-44.2299
-44.3898
-44.5374
-44.7079
-44.8652
-45.0276
-45.1876
-52.6230
-52.8801
-53.2060
-53.5284
-53.9176
-54.2302
-54.5289
-54.7898
-54.8512
-54.8515
-54.9027
-54.9474
-54.9943
-54.9670
-54.8409
-54.8302
-54.8484
-54.8861
-54.3990
-48.0996
-48.2951
-48.4463
-48.5691
-48.7384
-42.4890
-42.6454
-42.7968
-43.0296
-43.2023
-43.3742
-43.5525
-43.7160
-43.9359
-44.1042
-44.2684
-44.4187
-44.5944
-44.7609
-52.1939
-52.5682
-52.9408
-53.2292
-53.5559
-53.8573
-54.2487
-54.5489
-54.6386
-54.6869
-54.7370
-54.7294
-54.7601
-54.7167
-54.6647
-54.6532
-54.5676
-54.6063
-54.6582
-47.7807
-47.9793
-48.1270
-48.2808
-48.4329
-48.5802
-48.6938
-42.3163
-42.4783
-42.7058
-42.8859
-43.0642
-43.2444
-43.4133
-43.5845
-43.7550
-43.9778
-44.1351
-44.3139
-51.7356
-52.1573
-52.6065
-53.0141
-53.3139
-53.6471
-53.9528
-54.3262
-53.8382
-54.4896
-54.5179
-54.5515
-54.5060
-54.4360
-54.3895
-54.3634
-54.3469
-54.3753
-47.3242
-47.4550
-47.6575
-47.7873
-47.9667
-48.1154
-48.2672
-48.2930
-48.5619
-48.7268
-42.1438
-42.3035
-42.5577
-42.7439
-42.9253
-43.1038
-43.2794
-43.4564
-43.6286
-43.7914
-44.0160
-51.7229
-51.9059
-52.7487
-53.1772
-53.4859
-53.8101
-54.1104
-54.3178
-54.3739
-54.3558
-53.7435
-54.2716
-54.1539
-54.0837
-54.0429
-54.0328
-54.0403
-46.9949
-47.1625
-47.3232
-47.4830
-47.3204
-47.7975
-47.9519
-48.1243
-48.2512
-48.4479
-48.4203
-48.6392
-41.9693
-42.2197
-42.4108
-42.5937
-42.7811
-42.9654
-43.1468
-43.3256
-43.5052
-50.9369
-51.6538
-52.5575
-53.0487
-53.0065
-53.8312
-54.0714
-54.3512
-54.2909
-54.2863
-54.2254
-54.0449
-53.9001
-53.2730
-53.7072
-53.6808
-53.7018
-46.6390
-46.8503
-46.9916
-47.1644
-47.3020
-47.4628
-47.6219
-47.7797
-48.0022
-48.1075
-48.2352
-48.3588
-55.6040
-55.1420
-41.8698
-42.0639
-42.2518
-42.4480
-42.6392
-42.8267
-43.0152
-50.5528
-51.5368
-52.1939
-52.7488
-53.1296
-53.9353
-54.2551
-54.4404
-54.4786
-54.2879
-54.1015
-53.8828
-53.6592
-53.4980
-53.3928
-53.3221
-46.0243
-46.2648
-46.4869
-46.6309
-46.8248
-46.9757
-47.1400
-47.3037
-47.4898
-47.6502
-47.7599
-47.9108
-55.3451
-55.5129
-55.7059
-55.7706
-55.9728
-41.7058
-41.9015
-42.1034
-42.3038
-42.4995
-42.6964
-53.2063
-53.3962
-53.4899
-53.7673
-53.9511
-54.1300
-54.3033
-55.0723
-54.6152
-54.2393
-53.7737
-53.4853
-53.2251
-53.0524
-52.9603
-45.7246
-45.9529
-46.1072
-46.1896
-46.4584
-46.6270
-46.7962
-46.9490
-47.1648
-47.2802
-47.4184
-47.6050
-54.9734
-55.3060
-55.5581
-55.7859
-55.8619
-56.0647
-56.2623
-41.5472
-41.7538
-41.9605
-42.1654
-42.3674
-57.3936
-55.9596
-55.3654
-55.2397
-55.1350
-55.1225
-54.8990
-54.2521
-53.9899
-53.3868
-52.9485
-52.7272
-52.5655
-45.3154
-45.5531
-45.7131
-45.9213
-46.1012
-46.2779
-46.4489
-46.6706
-46.7782
-46.9229
-47.0660
-54.5059
-54.7796
-55.0626
-55.4290
-55.6908
-55.9344
-56.1519
-56.2063
-56.3979
-56.4405
-41.3911
-41.6088
-41.8202
-42.0279
-56.5104
-56.2111
-55.6269
-54.3616
-53.2873
-52.5456
-52.0605
-44.7129
-44.8850
-45.1326
-45.3276
-45.5170
-45.7032
-45.9113
-46.0671
-46.2950
-46.4180
-46.5667
-54.0252
-54.3748
-54.7169
-55.0250
-55.3065
-55.5650
-55.9112
-56.1436
-56.3541
-56.3728
-56.2314
-56.2493
-56.2504
-41.2415
-41.4625
-41.6811
-41.8993
-57.2195
-54.9396
-53.0464
-51.9619
-44.1978
-44.4569
-44.6356
-44.9202
-45.1181
-45.3124
-45.5030
-45.7407
-45.8765
-46.0341
-53.6193
-54.1749
-54.6248
-54.8919
-55.1878
-55.4507
-55.6877
-55.9091
-56.1162
-56.2275
-56.1848
-56.1409
-55.9267
-55.8848
-55.8736
-55.8865
-41.0923
-41.3193
-41.5354
-41.7523
-42.0145
-42.2607
-42.4968
-58.4802
-52.8049
-43.7290
-43.9906
-44.2026
-44.4184
-44.6221
-44.8470
-45.1557
-45.3008
-45.4692
-45.7089
-55.3347
-55.4910
-55.6188
-55.7659
-55.8029
-55.9488
-56.0906
-56.1990
-56.1757
-56.0072
-55.9164
-55.7587
-55.6583
-55.5941
-55.4586
-55.4880
-48.4250
-48.5533
-40.9551
-41.1635
-41.4446
-41.6643
-41.9054
-42.1274
-42.4060
-42.6445
-42.8511
-43.1032
-43.2937
-43.5585
-43.7602
-43.9759
-44.1935
-44.4025
-44.6577
-52.1913
-52.3456
-60.1226
-59.2645
-58.9746
-57.6748
-56.9796
-56.7069
-56.6239
-56.3375
-56.1494
-56.1795
-55.8378
-55.4793
-55.2424
-55.1876
-55.1231
-55.1320
-47.9396
-48.0550
-48.1886
-48.3454
-48.4781
-40.8556
-41.0943
-41.3280
-41.5589
-41.8142
-42.0621
-42.2777
-42.5736
-42.8579
-43.0605
-43.3107
-43.5373
-43.7834
-44.0052
-51.6461
-51.8136
-51.9840
-52.1475
-60.3235
-59.1260
-58.5530
-57.5232
-56.8959
-56.3629
-56.1264
-55.8261
-55.1494
-54.7616
-54.5624
-47.3218
-47.4673
-47.6106
-47.7752
-47.8971
-48.0844
-55.5364
-55.7742
-56.0051
-40.6778
-40.9513
-41.1918
-41.4377
-41.6947
-41.9426
-42.2389
-42.5088
-42.7818
-43.0079
-43.2930
-43.4996
-51.4748
-51.6916
-51.6062
-51.7799
-51.9500
-52.1719
-60.5232
-58.0902
-57.0320
-56.4161
-56.0425
-54.8152
-46.6306
-46.8086
-46.9597
-47.1085
-47.2961
-47.3836
-55.1585
-55.4878
-55.6609
-55.9102
-56.1348
-56.2018
-56.2247
-40.5923
-40.8647
-41.1349
-41.4475
-41.6903
-41.9740
-42.2466
-42.4900
-42.7772
-50.8410
-51.0402
-51.2373
-51.4321
-51.6587
-51.8480
-51.7655
-51.9472
-52.1708
-59.2033
-57.2377
-56.3952
-46.1212
-46.2830
-46.4419
-46.6256
-46.8324
-55.7063
-55.8578
-56.1068
-56.2571
-55.5682
-56.1776
-55.9356
-55.8416
-55.7898
-55.7849
-55.8181
-40.5444
-40.8729
-41.1519
-41.4469
-41.7093
-42.0215
-50.0379
-50.2312
-50.3968
-50.5851
-51.0013
-51.2054
-51.4460
-51.6543
-51.8573
-52.0602
-52.0153
-52.2160
-52.4081
-52.9700
-53.1688
-53.2858
-53.4497
-53.6217
-53.7416
-57.2749
-57.4282
-55.5165
-56.8256
-56.5173
-56.6451
-56.1559
-55.7496
-55.4957
-54.6684
-55.2395
-48.0508
-48.2116
-48.3459
-48.5294
-40.5559
-40.8634
-41.1406
-41.4396
-49.6757
-49.9064
-49.9915
-50.2018
-50.3783
-50.5831
-50.7811
-51.2136
-51.4684
-51.6914
-51.9113
-52.1260
-52.3726
-52.2929
-52.4902
-52.6630
-53.1665
-53.3586
-53.5410
-53.7264
-53.8376
-59.3146
-58.5976
-57.6562
-55.7307
-55.0275
-54.7401
-47.4775
-47.6210
-47.7720
-47.8228
-48.1029
-48.2413
-48.3778
-48.5123
-40.5873
-48.7962
-49.1126
-49.4070
-49.6479
-49.8872
-50.1155
-50.1797
-50.4054
-50.6218
-50.8362
-51.0804
-51.5340
-51.7690
-51.9983
-52.2213
-52.4719
-52.6824
-52.5732
-52.7550
-52.8875
-53.4426
-53.6426
-53.7678
-54.1498
-64.4806
-59.4924
-46.6504
-46.8068
-46.9874
-47.1783
-47.3552
-47.5040
-47.6499
-47.7777
-47.9196
-48.0598
-48.1986
-48.3604
-48.5205
-48.6420
-48.9017
-49.1542
-49.4084
-49.6622
-49.9103
-50.1317
-50.3777
-50.4734
-50.7085
-50.9615
-51.1847
-51.4059
-51.8704
-52.1044
-52.3577
-52.5825
-52.7914
-52.9925
-52.8172
-52.9987
-53.1714
-53.7356
-53.8732
-54.2257
-54.2499
-54.4317
-54.6156
-46.8327
-47.0009
-47.1555
-47.3082
-47.4821
-47.6381
-47.7829
-47.9259
-48.0666
-48.1809
-48.3183
-48.4542
-48.6677
-48.9379
-49.1977
-49.4658
-49.7324
-49.9919
-50.2269
-50.4815
-50.7318
-50.8197
-51.0860
-51.3128
-51.5312
-51.9862
-52.2231
-52.4789
-52.7013
-52.9089
-53.1074
-53.2611
-53.1121
-53.2877
-53.4020
-54.1004
-54.2974
-54.3504
-54.5328
-54.7127
-54.8564
-55.0568
-47.1313
-47.2852
-47.4109
-47.5683
-47.7141
-47.8576
-47.9990
-48.1382
-48.2755
-48.4122
-48.7417
-49.0271
-49.3113
-49.5812
-49.8517
-50.0961
-50.3585
-50.6156
-50.8673
-51.1439
-51.2191
-51.4529
-51.6718
-51.8848
-52.3709
-52.6059
-52.8240
-53.0325
-53.1902
-53.3863
-53.5780
-53.4046
-53.5225
-53.7894
-54.2999
-53.3557
-54.5330
-54.6828
-54.8302
-55.0229
-55.1547
-47.2077
-47.3594
-47.5199
-47.7171
-47.8873
-48.0799
-48.2212
-48.3848
-48.5464
-48.8770
-49.1709
-49.4607
-49.7441
-50.0057
-50.2509
-50.5130
-50.7692
-51.0195
-51.2963
-51.5401
-51.5958
-51.8207
-52.0332
-52.2600
-52.7336
-52.9509
-53.1573
-53.3102
-53.4676
-53.6218
-53.7202
-53.5858
-53.7365
-53.7721
-54.3245
-54.4784
-54.6296
-54.8430
-54.9920
-55.1099
-55.2428
-47.4979
-47.6481
-47.7959
-47.9414
-48.0847
-48.2261
-48.3655
-48.5027
-49.0232
-49.3335
-49.6369
-49.9202
-50.1721
-50.4257
-50.6834
-50.9366
-51.2138
-51.4598
-51.7006
-51.9363
-51.9703
-52.1717
-52.3579
-52.5100
-52.9442
-53.0802
-53.2479
-53.4097
-53.5653
-53.6664
-53.9079
-53.6780
-53.7382
-53.8675
-54.4216
-54.5742
-54.7870
-54.9372
-55.0698
-55.1946
-55.2440
-47.5990
-47.7474
-47.8941
-48.0391
-48.2067
-48.3722
-48.5231
-49.1559
-49.4694
-49.7742
-50.0483
-50.3358
-50.6028
-50.8676
-51.1149
-51.3705
-51.5642
-51.7551
-51.9432
-52.1286
-52.1317
-52.2975
-52.4574
-52.6053
-53.0082
-53.1792
-53.3457
-53.5051
-53.6808
-53.8514
-53.9149
-53.6969
-53.8330
-53.9620
-54.5168
-54.7290
-54.8803
-55.0251
-55.1532
-55.1993
-55.3326
-47.7587
-47.9060
-48.0511
-48.1940
-48.3340
-48.4827
-49.3145
-49.6266
-49.9293
-50.1752
-50.4047
-50.6295
-50.8360
-51.0788
-51.2912
-51.4871
-51.6792
-51.8685
-52.0551
-52.0652
-52.2310
-52.3938
-52.5242
-52.6696
-53.1056
-53.2743
-53.3929
-53.6243
-53.7813
-53.8589
-54.0098
-53.7909
-53.9263
-54.1063
-54.6695
-54.8217
-54.9658
-55.0318
-55.1609
-55.2873
-55.4199
-47.8643
-48.0092
-48.1518
-48.2924
-48.4406
-49.3233
-49.5748
-49.7996
-50.0378
-50.2711
-50.4995
-50.7232
-50.9568
-51.1741
-51.3855
-51.5948
-51.7878
-51.9935
-52.1754
-52.1599
-52.3042
-52.4598
-52.6194
-52.7636
-53.1998
-53.3379
-53.5612
-53.6980
-53.8004
-53.9534
-54.1047
-53.8833
-54.0686
-54.1979
-54.7598
-54.9051
-54.9752
-55.1128
-55.2477
-55.3739
-55.5059
-47.9698
-48.1134
-48.2549
-48.4029
-49.1707
-49.4249
-49.6559
-49.8983
-50.1355
-50.3676
-50.6195
-50.8456
-51.0534
-51.2697
-51.4801
-51.6885
-51.9063
-52.0902
-52.2702
-52.2268
-52.3902
-52.5536
-52.7122
-52.8153
-53.3112
-53.4844
-53.5823
-53.7393
-53.8943
-54.0471
-54.1978
-54.0236
-54.1594
-54.2845
-54.8433
-54.9185
-55.0623
-55.1994
-55.3264
-47.7854
-47.9317
-48.0758
-48.2272
-49.0152
-49.2578
-49.5100
-49.7568
-49.9980
-50.2556
-50.4897
-50.7191
-50.9441
-51.1508
-51.3661
-51.5754
-51.7939
-51.9937
-52.1659
-52.3379
-52.3202
-52.4844
-52.6453
-52.7777
-52.9659
-53.3925
-53.5098
-53.6758
-53.8329
-53.9874
-54.1898
-54.3421
-54.1138
-54.2443
-54.3070
-54.8606
-55.0056
-55.1484
-47.5993
-47.7474
-47.8945
-48.0395
-48.8423
-49.1054
-49.3624
-49.6137
-49.8592
-50.1208
-50.3585
-50.5916
-50.8199
-51.0438
-51.2493
-51.4751
-51.6803
-51.8828
-52.0575
-52.2518
-52.4318
-52.4124
-52.5402
-52.7512
-52.9136
-53.0385
-53.4376
-53.6035
-53.7692
-53.9255
-54.1282
-54.2820
-54.4321
-54.1973
-54.2688
-54.3925
-54.9479
-47.4127
-47.5655
-47.6906
-47.8122
-48.6835
-48.9517
-49.2136
-49.4694
-49.7379
-49.9849
-50.2266
-50.4633
-50.6951
-50.9224
-51.1450
-51.3586
-51.5686
-51.7567
-51.9511
-52.1484
-52.3415
-52.5248
-52.4800
-52.6839
-52.8365
-52.9486
-53.0912
-53.5316
-53.6968
-53.8589
-54.0648
-54.2203
-54.3705
-54.5170
-54.2248
-54.3553
-54.4784
-47.3233
-47.4762
-47.6272
-47.7752
-60.9720
-48.3893
-48.7975
-49.0644
-49.3249
-49.5978
-49.8488
-50.0945
-50.3348
-50.5702
-50.8008
-51.0266
-51.2553
-51.4551
-51.6430
-51.8450
-52.0449
-52.2407
-52.4326
-52.5940
-52.6124
-52.7664
-52.8857
-53.0417
-53.1822
-53.6255
-53.8339
-53.9970
-54.1567
-54.3075
-54.3978
-54.5440
-54.3116
-47.0200
-47.1715
-47.3974
-47.5486
-47.7171
-47.8737
-60.8024
-58.7014
-48.2382
-48.5076
-48.9155
-49.1967
-49.4579
-49.7132
-49.9627
-50.2068
-50.4458
-50.6796
-50.9164
-51.1384
-51.3422
-51.5345
-51.7413
-51.9418
-52.1402
-52.3022
-52.5383
-52.7286
-52.6555
-52.8228
-52.9799
-53.1338
-53.2735
-53.7622
-53.9276
-54.0883
-54.2436
-54.3378
-54.4865
-54.6331
-46.9904
-47.1433
-47.2928
-47.5177
-47.6859
-47.8322
-47.9762
-48.1258
-48.0885
-48.3621
-48.6302
-49.0538
-49.3193
-49.5786
-49.8321
-50.0799
-50.3224
-50.5593
-50.7979
-51.0229
-51.2251
-51.4271
-51.6367
-51.8419
-52.0408
-52.2164
-52.4450
-52.6262
-52.1641
-52.7497
-52.9184
-53.0749
-53.2263
-53.4037
-53.8571
-54.0190
-54.1762
-54.2777
-54.4281
-54.5763
-47.0817
-47.1692
-47.3198
-47.4670
-47.7094
-47.8555
-47.9995
-48.1410
-47.9396
-48.2218
-48.5059
-48.7735
-49.1834
-49.4466
-49.7038
-49.9552
-50.2010
-50.4479
-50.6813
-50.8976
-51.1153
-51.3333
-51.5334
-51.7412
-51.9157
-52.1522
-52.3525
-52.5331
-52.6892
-52.8747
-52.8468
-53.0147
-53.2033
-53.3552
-53.4977
-53.9486
-54.0572
-54.2143
-54.3691
-54.5188
-54.6663
-47.2071
-47.2912
-47.4399
-47.6014
-47.8245
-47.9688
-48.1107
-47.7960
-48.0936
-48.3741
-48.6437
-48.9085
-49.3177
-49.5784
-49.8330
-50.0816
-50.3306
-50.5669
-50.7820
-51.0076
-51.2281
-51.4441
-51.6419
-51.8286
-52.0610
-52.2510
-52.4122
-52.6031
-52.7907
-52.9751
-52.9448
-53.1470
-53.2983
-53.4478
-53.5902
-53.9911
-54.1508
-54.3067
-54.4608
-54.6098
-47.1910
-47.3445
-47.4413
-47.5867
-47.7286
-47.9499
-48.0915
-51.0557
-47.9754
-48.2577
-48.5333
-48.7997
-49.0589
-49.4695
-49.7270
-49.9782
-50.2289
-50.4577
-50.6865
-50.9145
-51.1375
-51.3557
-51.5326
-51.7609
-51.9691
-52.1510
-52.3253
-52.5183
-52.7079
-52.8940
-53.0767
-53.0777
-53.2453
-53.3934
-53.5401
-53.6382
-54.0861
-54.2448
-54.3997
-47.0072
-47.1642
-47.3187
-47.4858
-47.5636
-47.7075
-47.8479
-48.0687
