-74.1842 -74.0732 -74.0471 -74.0208 -73.9941 -73.9673 -74.0629 -74.0389 -74.0133 -73.9874 -73.9613 -73.9350 -73.8406 -73.8123 -73.7839 -73.7551 -73.7259 -73.6822 -73.6353 -73.6653 -73.6232 -73.2541 -73.2086 -73.1627 -73.1248 -73.4134 -73.3664 -73.3197 -72.6814 -72.6133 -72.5650 -72.5215 -72.4868 -72.4561 -72.4369 -72.4216 -72.4100 -72.4013 -72.3927 -72.3855
-74.1529 -74.1275 -74.1018 -74.0758 -74.0496 -74.1460 -74.1225 -74.0976 -74.0724 -74.0470 -74.0213 -73.9278 -73.9003 -73.8725 -73.8445 -73.8161 -73.7875 -73.7386 -73.7695 -73.7279 -73.3575 -73.3085 -73.2633 -73.2178 -73.5224 -73.4763 -73.4304 -72.7883 -72.7253 -72.6701 -72.6266 -72.5861 -72.5527 -72.5256 -72.5065 -72.4927 -72.4826 -74.1765 -74.2197 -74.2658
-74.2046 -74.1796 -74.1542 -74.1311 -74.2282 -74.2053 -74.1810 -74.1565 -74.1317 -74.1067 -74.0141 -73.9873 -73.9603 -73.9330 -73.9054 -73.8774 -73.8492 -73.8725 -73.8315 -73.4598 -73.4075 -73.3628 -73.3180 -73.6301 -73.5849 -73.5397 -72.9055 -72.8427 -72.7836 -72.7304 -72.6855 -72.6482 -72.6160 -74.2379 -74.2607 -74.2886 -74.3241 -74.3660 -74.4135 -74.4660
-74.2590 -74.2342 -74.2093 -74.1852 -74.2846 -74.2610 -74.2370 -74.2130 -74.1884 -74.1021 -74.0733 -74.0470 -74.0204 -73.9935 -73.9663 -73.9389 -73.9023 -73.9341 -73.5571 -73.5053 -73.4614 -73.4173 -73.7365 -73.6922 -73.6478 -73.0162 -72.9489 -72.8872 -72.8330 -74.4171 -74.3982 -74.3864 -74.3843 -74.3980 -74.4256 -74.4597 -74.5013 -74.5489 -74.6025 -74.6611
-74.3135 -74.2892 -74.2657 -74.3657 -74.3426 -74.3194 -74.2959 -74.2720 -74.2479 -74.1557 -74.1300 -74.1041 -74.0779 -74.0514 -74.0248 -74.0006 -74.0355 -73.6615 -73.6021 -73.5590 -73.5154 -73.4761 -73.7981 -73.7546 -74.7832 -74.7211 -74.6666 -74.6144 -74.5749 -74.5503 -74.5332 -74.5278 -74.5329 -74.5562 -74.5874 -74.6273 -74.6745 -74.7274 -74.7857 -74.8493
-74.3683 -74.3443 -74.4460 -74.4235 -74.4009 -74.3779 -74.3547 -74.3311 -74.2398 -74.2147 -74.1895 -74.1640 -74.1383 -74.1122 -74.0860 -74.1344 -74.0945 -73.6996 -73.6527 -73.6099 -75.3247 -75.8778 -74.9850 -74.9450 -74.8816 -74.8275 -74.7667 -74.7263 -74.6984 -74.6772 -74.6661 -74.6675 -74.6792 -74.7090 -74.7462 -74.7913 -74.8430 -74.9005 -74.9634 -75.0315
-74.4232 -74.5254 -74.5036 -74.4816 -74.4591 -74.4364 -74.4136 -74.3230 -74.2986 -74.2739 -74.2492 -74.2240 -74.1987 -73.8169 -74.1472 -74.1960 -75.5618 -75.5249 -75.4948 -75.2179 -75.1742 -75.1266 -75.0876 -75.0416 -74.9798 -74.9279 -74.8779 -74.8428 -74.8184 -74.8023 -74.7972 -74.8051 -74.8232 -74.8592 -74.9013 -74.9510 -75.0070 -75.0685 -75.1354 -75.2076
-74.6043 -74.5829 -74.5613 -74.5395 -74.5173 -74.4950 -74.4052 -74.3815 -74.3575 -74.3332 -74.3088 -76.1699 -76.1638 -75.5640 -75.5268 -75.4820 -75.4449 -75.3928 -75.3598 -75.3296 -75.2752 -75.2292 -75.1923 -75.1398 -75.0796 -75.0375 -74.9792 -74.9525 -74.9323 -74.9213 -74.9221 -74.9367 -74.9650 -75.0061 -75.0528 -75.1064 -75.1661 -75.2314 -75.3019 -75.3776
-74.6614 -74.6403 -74.6190 -74.5974 -74.5758 -74.4884 -74.4635 -76.3038 -76.2980 -76.2926 -76.2874 -76.2827 -75.7066 -75.6564 -75.6204 -75.5801 -75.5447 -75.4939 -75.4650 -75.4114 -75.3663 -75.3303 -75.2869 -75.2266 -75.1750 -75.1225 -75.0616 -75.0139 -74.9727 -74.9405 -74.9193 -74.9097 -74.9070 -74.9179 -74.9310 -74.9481 -74.9680 -74.9900 -75.4628 -75.5348
-74.7185 -74.6977 -74.6768 -76.5313 -76.4285 -76.4190 -76.4141 -76.4095 -76.4051 -76.4012 -76.3977 -75.8530 -75.7823 -75.7509 -75.7084 -75.6740 -75.6241 -75.5882 -75.5429 -75.4698 -75.4050 -75.3489 -75.2748 -75.2008 -75.1274 -75.0554 -74.9951 -74.9486 -74.9091 -74.8791 -74.8600 -74.8515 -74.8488 -74.8583 -74.8694 -74.8837 -74.9003 -74.9186 -74.9326 -74.9536
-76.6415 -76.6383 -76.6355 -76.6330 -76.5249 -76.5211 -76.5174 -76.5141 -76.5113 -76.5087 -76.4867 -75.8797 -75.8200 -75.7672 -75.7062 -75.6371 -75.5816 -75.5326 -75.4597 -75.3947 -75.3375 -75.2715 -75.1885 -75.1143 -75.0409 -74.9782 -74.9278 -74.8824 -74.8446 -74.8165 -74.7991 -74.7912 -74.7879 -74.7957 -74.8044 -74.8155 -74.8229 -74.8373 -74.8531 -74.8698
-76.7387 -76.7281 -76.7091 -76.5845 -76.5631 -76.5413 -76.5191 -76.4967 -76.4738 -76.4546 -75.8775 -75.8105 -75.7576 -75.6968 -75.6428 -75.5719 -75.5148 -75.4496 -75.3842 -75.3260 -75.2680 -75.1934 -75.1188 -75.0447 -74.9715 -74.9093 -74.8595 -74.8153 -74.7792 -74.7529 -74.7366 -74.7287 -74.7244 -74.7300 -74.7358 -74.7382 -74.7476 -74.7581 -74.7695 -74.7820
-76.6991 -76.6792 -76.5562 -76.5337 -76.5109 -76.4878 -76.4642 -76.4443 -76.4203 -75.8892 -75.8014 -75.7482 -75.6873 -75.6330 -75.5624 -75.5051 -75.4552 -75.3814 -75.3149 -75.2563 -75.1896 -75.1064 -75.0315 -74.9572 -74.8927 -74.8396 -74.7905 -74.7476 -74.7131 -74.6882 -74.6725 -74.6641 -74.6583 -74.6613 -74.6588 -74.6631 -74.6688 -74.6752 -74.6825 -74.6899
-76.6505 -76.5318 -76.5057 -76.4819 -76.4579 -76.4372 -76.4125 -76.3873 -76.3618 -75.7996 -75.7391 -75.6853 -75.6238 -75.5680 -75.4954 -75.4371 -75.3709 -75.3042 -75.2452 -75.1860 -75.1108 -75.0357 -74.9607 -74.8864 -74.8221 -74.7693 -74.7210 -74.6793 -74.6463 -74.6224 -74.6067 -74.5973 -74.5844 -74.5847 -74.5843 -74.5852 -74.5868 -74.5892 -74.5917 -74.5971
-76.5074 -76.4791 -76.4544 -76.4331 -76.4078 -76.3821 -76.3559 -76.3294 -75.7980 -75.7306 -75.6764 -75.6149 -75.5589 -75.4860 -75.4274 -75.3759 -75.3017 -75.2346 -75.1748 -75.1074 -75.0238 -74.9482 -74.8728 -74.8066 -74.7508 -74.6984 -74.6510 -74.6105 -74.5786 -74.5555 -74.5393 -74.5234 -74.5135 -74.5108 -74.5070 -74.5042 -74.5020 -74.4998 -74.5003 -74.4994
-74.8069 -74.7781 -74.7465 -74.7145 -74.6821 -74.6494 -74.6163 -74.2651 -74.1903 -74.1386 -74.0865 -74.0282 -73.9683 -73.9081 -73.8526 -73.7916 -73.7303 -73.6739 -73.6174 -73.5499 -73.4820 -73.4141 -73.3465 -73.2854 -73.2317 -73.1805 -73.1331 -73.0911 -73.0548 -73.0242 -72.9945 -72.9711 -72.9477 -72.9288 -72.9088 -72.8888 -72.8692 -72.8508 -72.8312 -72.8117
-74.7665 -74.7345 -74.7021 -74.6693 -74.6361 -74.6026 -74.5687 -74.2006 -74.1394 -74.0873 -74.0288 -73.9742 -73.9090 -73.8536 -73.8029 -73.7366 -73.6749 -73.6183 -73.5563 -73.4830 -73.4206 -73.3583 -73.2907 -73.2297 -73.1764 -73.1260 -73.0797 -73.0387 -73.0003 -72.9700 -72.9434 -72.9191 -72.8946 -72.8742 -72.8522 -72.8309 -72.8107 -72.7894 -72.7680 -72.7465
-74.7235 -74.6907 -74.6575 -74.6239 -74.5899 -74.5556 -74.2018 -74.1408 -74.0887 -74.0300 -73.9753 -73.9106 -73.8550 -73.7992 -73.7381 -73.6766 -73.6198 -73.5630 -73.4953 -73.4273 -73.3593 -73.2913 -73.2294 -73.1744 -73.1215 -73.0719 -73.0266 -72.9837 -72.9492 -72.9190 -72.8919 -72.8666 -72.8408 -72.8187 -72.7955 -72.7735 -72.7505 -72.7275 -72.7043 -72.6808
-74.6802 -74.6466 -74.6126 -74.5783 -74.5435 -74.2168 -74.1426 -74.0904 -74.0362 -73.9770 -73.9220 -73.8569 -73.8011 -73.7499 -73.6836 -73.6218 -73.5648 -73.5024 -73.4292 -73.3664 -73.3037 -73.2357 -73.1740 -73.1193 -73.0669 -73.0181 -72.9708 -72.9320 -72.8980 -72.8677 -72.8399 -72.8133 -72.7863 -72.7630 -72.7393 -72.7146 -72.6900 -72.6652 -72.6401 -72.6146
-74.6368 -74.6024 -74.5676 -74.5324 -74.4969 -74.1538 -74.0924 -74.0383 -73.9792 -73.9242 -73.8594 -73.8035 -73.7523 -73.6861 -73.6243 -73.5672 -73.5099 -73.4473 -73.3741 -73.3058 -73.2375 -73.1750 -73.1189 -73.0645 -73.0127 -72.9618 -72.9186 -72.8806 -72.8468 -72.8162 -72.7873 -72.7583 -72.7316 -72.7079 -72.6817 -72.6554 -72.6291 -72.6025 -72.5755 -72.5485
-74.5931 -74.5580 -74.5225 -74.4865 -74.1564 -74.0950 -74.0408 -73.9819 -73.9268 -73.8670 -73.8065 -73.7503 -73.6987 -73.6323 -73.5702 -73.5128 -73.4502 -73.3822 -73.3191 -73.2507 -73.1824 -73.1200 -73.0641 -73.0071 -72.9560 -72.9090 -72.8669 -72.8294 -72.7957 -72.7643 -72.7348 -72.7046 -72.6777 -72.6515 -72.6238 -72.5960 -72.5679 -72.5394 -72.5109 -72.4812
-74.5492 -74.5133 -74.4771 -74.1725 -74.0981 -74.0435 -73.9894 -73.9301 -73.8748 -73.8100 -73.7537 -73.7020 -73.6357 -73.5737 -73.5163 -73.4586 -73.3958 -73.3226 -73.2541 -73.1855 -73.1224 -73.0654 -73.0068 -72.9532 -72.9029 -72.8568 -72.8154 -72.7783 -72.7441 -72.7125 -72.6820 -72.6518 -72.6224 -72.5949 -72.5656 -72.5362 -72.5064 -72.4765 -72.4455 -72.4142
-74.5053 -74.4687 -74.4317 -74.1100 -74.0466 -73.9926 -73.9338 -73.8786 -73.8138 -73.7578 -73.7013 -73.6445 -73.5827 -73.5204 -73.4628 -73.3998 -73.3318 -73.2683 -73.1998 -73.1311 -73.0681 -73.0083 -72.9529 -72.8998 -72.8503 -72.8050 -72.7640 -72.7271 -72.6930 -72.6605 -72.6301 -72.5977 -72.5672 -72.5382 -72.5074 -72.4763 -72.4452 -72.4128 -72.3802 -72.3463
-74.4612 -74.4239 -74.1146 -74.0515 -73.9964 -73.9420 -73.8830 -73.8274 -73.7624 -73.7060 -73.6537 -73.5873 -73.5253 -73.4674 -73.4093 -73.3462 -73.2731 -73.2044 -73.1457 -73.0744 -73.0114 -72.9545 -72.8994 -72.8469 -72.7982 -72.7535 -72.7133 -72.6764 -72.6428 -72.6095 -72.5771 -72.5436 -72.5133 -72.4813 -72.4489 -72.4165 -72.3831 -72.3489 -72.3143 -72.2784
-74.4172 -74.1473 -74.0559 -74.0008 -73.9463 -73.8879 -73.8323 -73.7675 -73.7111 -73.6544 -73.5927 -73.5353 -73.4728 -73.4147 -73.3516 -73.2834 -73.2197 -73.1509 -73.0793 -73.0157 -72.9579 -72.9011 -72.8464 -72.7946 -72.7464 -72.7027 -72.6628 -72.6267 -72.5916 -72.5576 -72.5242 -72.4896 -72.4577 -72.4242 -72.3907 -72.3562 -72.3209 -72.2852 -72.2483 -72.2310
-74.3715 -74.0682 -74.0058 -73.9514 -73.8933 -73.8378 -73.7820 -73.7170 -73.6603 -73.6076 -73.5412 -73.4788 -73.4208 -73.3623 -73.2990 -73.2258 -73.1569 -73.0951 -73.0263 -72.9627 -72.9048 -72.8484 -72.7941 -72.7427 -72.6956 -72.6524 -72.6137 -72.5763 -72.5406 -72.5057 -72.4712 -72.4354 -72.4617 -72.5071 -74.3142 -74.3187 -74.3244 -74.3302 -74.3365 -74.3436
-74.0736 -74.0115 -73.9570 -73.9022 -73.8438 -73.7881 -73.7233 -73.6666 -73.6097 -73.5478 -73.4900 -73.4274 -73.3690 -73.3056 -73.2420 -73.1707 -73.1019 -73.0328 -72.9688 -72.9100 -72.8522 -72.7957 -72.7420 -72.6917 -72.6835 -72.6994 -74.4262 -74.4208 -74.4186 -74.4187 -74.4207 -74.4219 -74.4293 -74.4349 -74.4412 -74.4488 -74.4567 -74.4653 -74.4746 -74.4848
-74.0176 -73.9633 -73.9085 -73.8503 -73.7948 -73.7303 -73.6738 -73.6167 -73.5637 -73.4972 -73.4348 -73.3763 -73.3176 -73.2540 -73.1783 -73.1141 -73.0690 -73.0572 -73.0499 -74.6994 -74.6591 -74.6228 -74.5913 -74.5663 -74.5497 -74.5379 -74.5317 -74.5293 -74.5298 -74.5327 -74.5371 -74.5414 -74.5506 -74.5586 -74.5675 -74.5777 -74.5881 -74.5994 -74.6117 -74.6444
-73.9702 -73.9154 -73.8572 -73.8018 -73.7463 -73.6814 -73.6245 -73.5716 -73.5059 -73.5065 -73.4825 -75.1998 -75.1480 -75.0912 -75.0324 -74.9736 -74.9149 -74.8641 -74.8220 -74.7813 -74.7437 -74.7102 -74.6822 -74.6625 -74.6483 -74.6403 -74.6372 -74.6377 -74.6410 -74.6463 -74.6538 -74.6535 -74.6407 -74.6251 -74.6095 -74.5926 -74.5750 -74.5565 -74.5680 -74.1578
-73.9230 -73.9082 -73.8891 -73.8930 -75.5931 -75.5494 -75.5055 -75.4682 -75.4108 -75.3599 -75.3155 -75.2709 -75.2164 -75.1512 -75.1003 -75.0498 -74.9921 -74.9426 -74.9017 -74.8634 -74.8283 -74.7979 -74.7750 -74.7554 -74.7253 -74.7000 -74.6781 -74.6585 -74.6402 -74.6230 -74.6054 -74.5853 -74.5694 -74.5512 -72.9485 -72.8973 -72.8251 -72.7715 -72.7538 -72.4561
-75.8449 -75.7981 -75.7560 -75.7150 -75.6592 -75.6162 -75.5798 -75.5231 -75.4728 -75.4293 -75.3824 -75.3323 -75.2822 -75.2249 -75.1677 -75.1102 -75.0509 -74.9850 -74.9281 -74.8731 -74.8213 -73.3289 -73.2655 -73.1879 -73.1324 -73.0795 -73.0471 -73.0157 -72.9852 -72.9543 -72.9232 -72.8902 -72.8599 -72.8272 -72.7938 -72.7595 -72.7244 -72.7046 -72.6632 -72.3673
-75.9081 -75.8619 -75.8223 -75.7672 -75.7249 -75.6827 -75.6471 -75.5909 -75.5263 -73.9796 -73.8856 -73.8052 -73.7146 -73.6337 -73.5714 -73.5036 -73.4415 -73.3850 -73.3295 -73.2754 -73.2248 -73.1763 -73.1320 -73.0917 -73.0546 -73.0198 -72.9864 -72.9541 -72.9216 -72.8888 -72.8557 -72.8210 -72.7883 -72.7534 -72.7177 -72.6812 -72.6592 -72.6168 -72.3378 -72.2792
-74.3604 -74.2894 -74.2309 -74.1719 -74.1172 -74.0668 -74.0021 -73.9416 -73.8834 -73.8271 -73.7656 -73.7037 -73.6367 -73.5692 -73.5114 -73.4437 -73.3813 -73.3246 -73.2690 -73.2162 -73.1649 -73.1171 -73.0733 -73.0331 -72.9957 -72.9601 -72.9260 -72.8918 -72.8576 -72.8231 -72.7881 -72.7514 -72.7166 -72.6796 -72.6417 -72.6178 -72.5743 -72.5294 -72.2513 -72.4371
-74.2880 -74.2349 -74.1716 -74.1168 -74.0616 -74.0061 -73.9436 -73.8828 -73.8263 -73.7694 -73.7076 -73.6357 -73.5776 -73.5098 -73.4419 -73.3790 -73.3215 -73.2648 -73.2101 -73.1565 -73.1057 -73.0585 -73.0151 -72.9749 -72.9370 -72.9009 -72.8650 -72.8293 -72.7934 -72.7571 -72.7206 -72.6817 -72.6448 -72.6056 -72.5654 -72.5356 -72.4896 -72.4427 -72.1657 -72.3461
-74.2353 -74.1721 -74.1171 -74.0619 -74.0108 -73.9439 -73.8830 -73.8264 -73.7694 -73.7074 -73.6452 -73.5774 -73.5095 -73.4512 -73.3831 -73.3199 -73.2622 -73.2063 -73.1508 -73.0975 -73.0472 -73.0005 -72.9574 -72.9169 -72.8788 -72.8412 -72.8040 -72.7667 -72.7292 -72.6915 -72.6527 -72.6118 -72.5729 -72.5317 -72.5005 -72.4534 -72.4056 -72.1483 -72.0812 -72.2558
-74.1820 -74.1183 -74.0630 -74.0073 -73.9450 -73.8887 -73.8274 -73.7703 -73.7129 -73.6506 -73.5782 -73.5198 -73.4517 -73.3833 -73.3198 -73.2624 -73.2045 -73.1475 -73.0921 -73.0392 -72.9895 -72.9432 -72.9001 -72.8598 -72.8203 -72.7815 -72.7430 -72.7041 -72.6653 -72.6254 -72.5848 -72.5421 -72.5011 -72.4689 -72.4209 -72.3720 -72.3224 -72.0609 -71.9674 -72.1383
-74.1203 -74.0649 -74.0092 -73.9558 -73.8906 -73.8293 -73.7722 -73.7146 -73.6523 -73.5893 -73.5215 -73.4533 -73.3943 -73.3257 -73.2629 -73.2042 -73.1462 -73.0893 -73.0342 -72.9817 -72.9325 -72.8865 -72.8437 -72.8024 -72.7619 -72.7220 -72.6819 -72.6416 -72.6010 -72.5595 -72.5157 -72.4725 -72.4405 -72.3917 -72.3421 -72.2915 -72.2399 -71.9499 -72.1060 -72.0536
-74.0677 -74.0103 -73.9585 -73.8934 -73.8366 -73.7750 -73.7173 -73.6591 -73.5964 -73.5286 -73.4651 -73.3967 -73.3279 -73.2695 -73.2054 -73.1466 -73.0885 -73.0318 -72.9771 -72.9250 -72.8762 -72.8308 -72.7872 -72.7451 -72.7037 -72.6625 -72.6211 -72.5795 -72.5370 -72.4936 -72.4482 -72.4031 -72.3658 -72.3154 -72.2641 -72.2118 -72.1289 -71.8735 -72.0242 -71.9689
-74.0139 -73.9578 -73.9055 -73.8401 -73.7786 -73.7209 -73.6627 -73.5999 -73.5367 -73.4686 -73.4047 -73.3406 -73.2725 -73.2082 -73.1487 -73.0897 -73.0317 -72.9751 -72.9208 -72.8691 -72.8210 -72.7750 -72.7311 -72.6882 -72.6456 -72.6031 -72.5605 -72.5172 -72.4730 -72.4281 -72.3809 -72.3416 -72.2919 -72.2399 -72.1870 -72.1046 -71.8617 -71.7974 -71.9426 -71.8861
-73.9623 -73.9099 -73.8447 -73.7873 -73.7254 -73.6672 -73.6087 -73.5455 -73.4775 -73.4137 -73.3449 -73.2813 -73.2167 -73.1522 -73.0925 -73.0335 -72.9756 -72.9192 -72.8653 -72.8144 -72.7660 -72.7199 -72.6754 -72.6315 -72.5879 -72.5443 -72.5002 -72.4552 -72.4095 -72.3630 -72.3217 -72.2702 -72.2190 -72.1656 -72.0835 -72.0309 -71.7874 -71.9200 -71.8627 -71.8033
