-51.7572 -51.7912 -51.8328 -51.8736 -51.9154 -51.9722 -52.1700 -52.7731 -52.8555 -52.8885 -52.9488 -60.6161 -60.9277 -61.2459 -61.5366 -61.7964 -61.5297 -61.2774 -61.3208 -61.6183 -61.8908 -62.1800 -62.4639 -62.7408 -63.0367 -63.4059 -63.6502 -63.8998 -64.1403 -64.2912 -64.5075 -64.7088 -64.6847 -64.8566 -65.0187 -65.1289 -65.2709 -65.2635 -63.4668 -63.3975
-51.6055 -51.6397 -51.6865 -51.7277 -51.7710 -51.8246 -52.1971 -52.6269 -52.7098 -52.7481 -52.8104 -60.5312 -60.8561 -61.1871 -61.5077 -61.6142 -61.3379 -61.0905 -61.2603 -61.5701 -61.8533 -62.1537 -62.4470 -62.7326 -63.0125 -63.4144 -63.6826 -63.9406 -64.1666 -64.3985 -64.6211 -64.6067 -64.7037 -64.8804 -65.0417 -65.1499 -65.2901 -65.3395 -63.3076 -63.1422
-51.4565 -51.4910 -51.5332 -51.5748 -51.6194 -51.6783 -59.1408 -59.3646 -59.6771 -59.9978 -60.0882 -60.4249 -60.7692 -61.1348 -61.4707 -61.4257 -61.1396 -53.6752 -61.2032 -61.5270 -61.8225 -62.1344 -62.4380 -62.7323 -63.0199 -63.4313 -63.7052 -63.9681 -64.2188 -64.4573 -64.6841 -64.6379 -64.8221 -65.0028 -65.1690 -65.2811 -65.3073 -63.1994 -63.1450 -63.0678
-51.3052 -51.3401 -51.3826 -51.4247 -51.4709 -51.5248 -58.9730 -59.2552 -59.5905 -59.8300 -59.9972 -60.3511 -60.7111 -61.0602 -61.4099 -61.2135 -60.9052 -60.8372 -61.1525 -61.4901 -61.7978 -62.1205 -62.4343 -62.7369 -63.1410 -63.4306 -63.7371 -64.0042 -64.2584 -64.4990 -64.7269 -64.6980 -64.8838 -65.0334 -65.1973 -65.3560 -65.2452 -63.1014 -63.0182 -62.9669
-51.1561 -51.1867 -51.2297 -51.2724 -51.3199 -51.3742 -58.8365 -59.1219 -59.4779 -59.6399 -59.9107 -60.2831 -60.6605 -61.0337 -61.3426 -61.0137 -60.7029 -60.7384 -61.0778 -61.4266 -61.7433 -62.1163 -62.4390 -62.7513 -63.1666 -63.4623 -63.7739 -64.0456 -64.3040 -64.5475 -64.7770 -64.7360 -64.9198 -65.1046 -65.2686 -65.2510 -65.0648 -62.9293 -62.8466 -62.7956
-51.0028 -51.0382 -51.0816 -51.1250 -51.1668 -51.2213 -58.7030 -59.0229 -59.4050 -59.5015 -59.7950 -60.1838 -60.5757 -61.0093 -61.1600 -60.8082 -60.5235 -60.6843 -61.0451 -61.4095 -61.7394 -62.0814 -62.4111 -62.7289 -63.1481 -63.5053 -63.7916 -64.0952 -64.3547 -64.5988 -64.8271 -64.7742 -64.9620 -65.1361 -65.2463 -65.0969 -62.8885 -62.7747 -62.6703 -62.5929
-50.8442 -50.8800 -50.9238 -50.9679 -51.0184 -51.0735 -58.6159 -58.9480 -59.3604 -59.3804 -59.7218 -60.1327 -60.5451 -60.9499 -60.9157 -60.5537 -60.3668 -60.6416 -61.0234 -61.4045 -61.7487 -62.1030 -62.4431 -62.7694 -63.2007 -63.5018 -63.7862 -64.0851 -64.3383 -64.6584 -64.6241 -64.8205 -65.0027 -65.1677 -65.0471 -64.8965 -62.7034 -62.5914 -62.5105 -62.4341
-50.6830 -50.7192 -50.7634 -50.8083 -50.8601 -50.9157 -58.4923 -58.8927 -59.3387 -59.2941 -59.6782 -60.1160 -60.5536 -60.9530 -60.7154 -60.3502 -60.2214 -60.5779 -61.0140 -61.4129 -61.7717 -62.1389 -62.4893 -62.8225 -63.2679 -63.5737 -63.8603 -64.1280 -64.4130 -64.6524 -64.5951 -64.7806 -64.9512 -64.9057 -64.8420 -62.6051 -62.5116 -62.4006 -62.3189 -62.2442
-50.5192 -50.5556 -50.6003 -50.6460 -50.6993 -50.7554 -58.3756 -58.8190 -59.2611 -59.2326 -59.6595 -60.1285 -60.5524 -60.9589 -60.5358 -60.1672 -60.1826 -60.5892 -60.9700 -61.3818 -61.7492 -62.1910 -62.5501 -62.8940 -63.3509 -63.6603 -63.9483 -64.2200 -64.5028 -64.7335 -64.6576 -64.8374 -64.8871 -64.7100 -64.5483 -62.3589 -62.2642 -62.1757 -62.1237 -62.0470
-50.3539 -50.3907 -50.4345 -50.4811 -50.5357 -50.5924 -58.2676 -58.7579 -59.0877 -59.1525 -59.6197 -60.1191 -60.6130 -60.8174 -60.3657 -59.9749 -60.1511 -60.5887 -61.0383 -61.4593 -61.8452 -62.2353 -62.5567 -62.8994 -63.4514 -63.7629 -64.0552 -64.3203 -64.5994 -64.8244 -64.7257 -64.8760 -64.6897 -64.5079 -64.3414 -62.1663 -62.0708 -61.9820 -61.8763 -61.8019
-50.1842 -50.2213 -50.2668 -50.3147 -50.3707 -50.4281 -58.1791 -58.7132 -58.9235 -59.0865 -59.5968 -60.1303 -60.6536 -60.6224 -60.1479 -59.8601 -60.1796 -60.6575 -61.0849 -61.5249 -61.9263 -62.3288 -62.7034 -63.2004 -63.5355 -63.8476 -64.1299 -64.4351 -64.6704 -64.9242 -64.7999 -64.6786 -64.4860 -64.3020 -62.0697 -61.9692 -61.8732 -61.7822 -61.7006 -61.6062
-50.0115 -50.0490 -50.0949 -50.1439 -50.2012 -50.2593 -58.0958 -58.6968 -58.7840 -59.0483 -59.6064 -60.1807 -60.7233 -60.4214 -59.9291 -59.7621 -60.1915 -60.7120 -61.2106 -61.6956 -62.1000 -62.4452 -62.8272 -63.3434 -63.6805 -63.9876 -64.2656 -64.5152 -64.7387 -64.6554 -64.7650 -64.4771 -64.2752 -64.0855 -61.8692 -61.7652 -61.6689 -61.5804 -61.4997 -61.4073
-49.8358 -49.8736 -49.9200 -49.9702 -50.0287 -50.2124 -58.0305 -58.6079 -58.6543 -59.0201 -59.6308 -60.2483 -60.8263 -60.2300 -59.7307 -59.7309 -60.2462 -60.7890 -61.3148 -61.8222 -62.2397 -62.6693 -63.0663 -63.6100 -63.8446 -64.1473 -64.4181 -64.6584 -64.8700 -64.6132 -64.4281 -64.2146 -64.1319 -63.9336 -61.7058 -61.6027 -61.4632 -61.3742 -61.2945 -61.2237
-49.6570 -49.6951 -49.7419 -49.7935 -49.8532 -57.3558 -57.9905 -58.5257 -58.5516 -59.0190 -59.6881 -60.3541 -60.6619 -60.0196 -59.5426 -59.7329 -60.3205 -60.9170 -61.4872 -62.0089 -62.4619 -62.8822 -63.2846 -63.8165 -64.1558 -64.4575 -64.7232 -64.8152 -65.0111 -64.4178 -64.2215 -63.9999 -63.7883 -61.5412 -61.4259 -61.3899 -61.2930 -61.2049 -61.1263 -61.0576
-49.4750 -49.5134 -49.5605 -49.6137 -49.6745 -57.2268 -57.9852 -58.4731 -58.4835 -59.0557 -59.7917 -60.5104 -60.4977 -59.8059 -59.4020 -59.7807 -60.4351 -61.0753 -61.6765 -62.2180 -62.6782 -63.1011 -63.5025 -64.0951 -64.4306 -64.7249 -64.9797 -65.1971 -65.1471 -64.3426 -63.9737 -63.7762 -63.5528 -61.3302 -61.2136 -61.1080 -61.0130 -60.9258 -60.9119 -60.8466
-49.2895 -49.3282 -49.3758 -49.4306 -49.4924 -57.1267 -58.0287 -58.4599 -58.4595 -59.1443 -59.9575 -60.7331 -60.3385 -59.6006 -59.3364 -59.8833 -60.6026 -61.2880 -61.9185 -62.4895 -62.9401 -63.3855 -63.7591 -64.3742 -64.6953 -64.9738 -65.2093 -65.2298 -65.1666 -64.1799 -63.9118 -63.6934 -61.3263 -61.1136 -60.9982 -60.8906 -60.7961 -60.7104 -60.6363 -60.5746
-49.1024 -49.1413 -49.1875 -49.2443 -49.3068 -57.0697 -58.1435 -58.4860 -58.4951 -59.3068 -60.2079 -61.0424 -60.1920 -59.4141 -59.3604 -60.0591 -60.8613 -61.5714 -62.2255 -62.8053 -63.2463 -63.6835 -64.3289 -64.6880 -64.9916 -65.2481 -65.2562 -65.1505 -64.2504 -63.9570 -63.6829 -63.4231 -61.1075 -60.9788 -60.8599 -60.7491 -60.5951 -60.5115 -60.4211 -60.3643
-48.9099 -48.9491 -48.9977 -49.0564 -49.1196 -57.0791 -58.3677 -58.4398 -58.6174 -59.5769 -60.5754 -61.1315 -60.0649 -59.2800 -59.4906 -60.3314 -61.2083 -61.9433 -62.6121 -63.1895 -63.6259 -63.8788 -64.7298 -65.0306 -65.3311 -65.3180 -65.2090 -65.1326 -64.0292 -63.7279 -63.4415 -63.1712 -60.8821 -60.7524 -60.6337 -60.5242 -60.4298 -60.3465 -60.2783 -60.1736
-48.7136 -48.7531 -48.8025 -48.8630 -48.9270 -57.2137 -58.4164 -58.4865 -58.8767 -60.0105 -61.1074 -61.2060 -59.9786 -59.2496 -59.7580 -60.7397 -61.6879 -62.4266 -63.0910 -63.6492 -64.0486 -63.7360 -65.1676 -65.4760 -65.4395 -65.2594 -65.1369 -65.0998 -63.7964 -63.4831 -63.1864 -60.7757 -60.6338 -60.5193 -60.4009 -60.2931 -60.2013 -60.1231 -60.0625 -53.2311
-48.5133 -48.5532 -48.6034 -48.6657 -48.7307 -57.5493 -58.6546 -58.7263 -59.3916 -60.7282 -62.8922 -61.4147 -59.9786 -59.4022 -60.2254 -61.3415 -62.3375 -63.0447 -63.6732 -64.1886 -63.9772 -63.5799 -65.6223 -65.6255 -65.3430 -65.1894 -65.1077 -65.1181 -63.5479 -63.2182 -62.9075 -60.5347 -60.3928 -60.2783 -60.1613 -60.0573 -59.9669 -59.8969 -53.0480 -52.9406
-48.3097 -48.3504 -48.4019 -48.4655 -48.5321 -58.3573 -59.2549 -59.3146 -60.3255 -63.1063 -63.6981 -61.9092 -60.1974 -59.8706 -61.0078 -62.2170 -63.2040 -63.9869 -64.6100 -65.0478 -63.8453 -63.4288 -65.8268 -65.5359 -65.3130 -65.1278 -65.1038 -65.1593 -63.2865 -62.9394 -60.4410 -60.2849 -60.1416 -60.0115 -59.9105 -59.8112 -59.7285 -52.8837 -52.7793 -52.6747
-48.1020 -48.1433 -48.1967 -48.2613 -48.3295 -60.4875 -60.7914 -60.8527 0.0000 0.0000 0.0000 -62.9099 -60.8706 -60.9722 -62.3504 -63.5288 -64.3495 -64.9806 -65.4644 -65.8453 -63.7217 -63.3098 -65.7087 -65.4451 -65.2705 -65.1445 -65.1793 -63.3997 -63.0106 -62.6439 -60.1859 -60.0274 -59.8829 -59.7535 -59.6535 -59.5590 -59.4846 -52.5860 -52.5087 -52.4305
-47.8894 -47.9316 -47.9865 -48.0521 -48.1219 -64.7171 -64.8281 -64.8846 0.0000 0.0000 0.0000 -65.1667 -62.9137 -63.0716 -64.3042 -65.2286 -65.8637 -66.3108 -66.6617 -66.7775 -63.6084 -63.2275 -65.6291 -65.4428 -65.3083 -65.2650 -65.2607 -63.1321 -62.7179 -62.3295 -59.9225 -59.7618 -59.6168 -59.4888 -59.3916 -59.3041 -52.3860 -52.2863 -52.2119 -52.3048
-47.6722 -47.7153 -47.7710 -47.8384 -47.9101 0.0000 0.0000 0.0000 0.0000 0.0000 0.0000 0.0000 0.0000 0.0000 0.0000 0.0000 0.0000 0.0000 0.0000 0.0000 -63.5162 -65.7805 -65.6291 -65.5026 -65.4027 -65.4857 -65.4084 -62.8474 -62.4049 -59.8291 -59.6503 -59.4880 -59.3434 -59.2179 -59.1141 -52.2048 -52.1075 -52.0113 -52.0588 -52.1790
-47.4502 -47.4942 -47.5513 -47.6194 -47.6933 0.0000 0.0000 0.0000 0.0000 0.0000 0.0000 0.0000 0.0000 0.0000 0.0000 0.0000 0.0000 0.0000 0.0000 0.0000 -63.4492 -65.8250 -65.6672 -65.6464 -65.7234 -65.7519 -65.6517 -62.5426 -62.0684 -59.5507 -59.3690 -59.2057 -59.0626 -58.9417 -58.8469 -51.8979 -51.8044 -51.8067 -51.9269 -52.0551
-47.2230 -47.2681 -47.3265 -47.3959 -47.4709 0.0000 0.0000 0.0000 0.0000 0.0000 0.0000 0.0000 0.0000 0.0000 0.0000 0.0000 0.0000 0.0000 0.0000 0.0000 -67.8805 -68.7444 -69.4567 -68.8164 -67.0099 -66.8718 -66.0319 -62.2146 -61.7040 -59.2621 -59.0782 -58.9150 -58.7748 -58.6613 -51.7045 -51.5883 -51.5483 -51.6710 -51.7997 -51.9297
-46.9902 -47.0363 -47.0960 -47.1669 -47.2436 -47.3287 -47.4161 -47.5173 -47.6180 -47.7258 -47.8359 -64.6282 -64.8039 -65.1643 -65.4913 -65.7768 -66.0345 -66.2672 -66.4908 -66.6963 -66.8811 -67.0834 -67.2956 -67.4910 -67.6661 -67.8334 -62.4771 -61.8827 -59.1742 -58.9667 -58.7811 -58.6193 -58.4849 -51.4819 -51.3680 -51.2808 -51.4104 -51.5384 -51.6714 -51.8043
-46.7526 -46.7998 -46.8609 -46.9335 -47.0127 -47.0990 -47.1906 -47.2947 -47.3982 -47.5096 -47.6204 0.0000 0.0000 0.0000 0.0000 0.0000 0.0000 0.0000 0.0000 0.0000 0.0000 0.0000 0.0000 0.0000 0.0000 0.0000 -62.1304 -61.4690 -58.8599 -58.6490 -58.4630 -58.3052 -51.2745 -51.1647 -51.0562 -51.1394 -51.2694 -51.4044 -51.5409 -51.6725
-46.5089 -46.5571 -46.6194 -46.6938 -46.7758 -46.8631 -46.9588 -47.0651 -47.1716 -47.2871 -47.3983 0.0000 0.0000 0.0000 0.0000 0.0000 0.0000 0.0000 0.0000 0.0000 0.0000 0.0000 0.0000 0.0000 0.0000 0.0000 -61.7509 -58.7907 -58.5502 -58.3271 -58.1427 -57.9922 -50.9283 -50.8227 -50.8620 -50.9942 -51.1288 -51.2699 -51.4049 -51.5707
-46.2589 -46.3082 -46.3720 -46.4486 -46.5325 -46.6210 -46.7208 -46.8289 -46.9381 -47.0579 -47.1752 -55.7665 -58.1736 -63.9661 -64.1402 -64.3992 -64.6910 -64.8934 -65.1864 -64.3193 -66.1768 -67.0469 -65.0859 -64.1396 -63.1683 -62.2134 -61.3152 -58.4625 -58.2168 -57.9932 -57.8134 -50.7102 -50.5820 -50.5779 -50.7125 -50.8512 -50.9911 -51.1303 -51.2683 -51.4383
-46.0029 -46.0534 -46.1184 -46.1973 -46.2836 -46.3740 -46.4787 -46.5885 -46.7006 -46.8232 -46.9494 -57.8277 -65.5072 -65.3924 -65.4344 -65.5604 -65.7347 -65.9342 -66.1448 -65.1673 -68.9498 -70.1919 -69.6560 -64.0914 -62.9591 -61.8448 -60.8110 -58.1187 -57.8688 -57.6554 -50.4833 -50.3573 -50.2844 -50.4235 -50.5655 -50.7075 -50.8501 -50.9885 -51.1683 -51.2981
-45.7405 -45.7922 -45.8584 -45.9398 -46.0284 -46.1208 -46.2304 -46.3427 -46.4590 -46.5838 -46.7199 0.0000 0.0000 0.0000 0.0000 0.0000 0.0000 0.0000 0.0000 -66.4069 0.0000 0.0000 0.0000 -63.9677 -62.6452 -61.4101 -58.0487 -57.7581 -57.5060 -50.2509 -50.1246 -50.0058 -50.1263 -50.2712 -50.4171 -50.5619 -50.7034 -50.8537 -51.0232 -51.1521
-45.4709 -45.5240 -45.5912 -45.6754 -45.7660 -45.8625 -45.9754 -46.0911 -46.2137 -46.3385 -46.4818 0.0000 0.0000 0.0000 0.0000 0.0000 0.0000 0.0000 0.0000 -67.9265 0.0000 0.0000 0.0000 -64.0898 -62.4428 -60.8044 -57.6480 -57.3520 -57.1027 -49.8850 -49.7444 -49.8208 -49.9685 -50.1187 -50.2676 -50.4113 -50.5650 -50.7441 -50.8749 -51.0010
-45.1971 -45.2510 -45.3197 -45.4066 -45.4998 -45.6002 -45.7160 -45.8342 -45.9624 -46.0905 -46.2363 0.0000 0.0000 0.0000 0.0000 0.0000 0.0000 0.0000 0.0000 0.0000 0.0000 0.0000 0.0000 -64.3817 -62.2226 -57.6065 -57.2571 -56.9569 -56.7166 -49.4905 -49.5008 -49.6498 -49.8045 -49.9640 -50.1093 -50.2665 -50.4190 -50.5908 -50.7188 -50.8556
-44.9182 -44.9722 -45.0423 -45.1309 -45.2266 -45.3302 -45.4491 -45.5700 -45.7027 -45.8378 -45.9820 -54.2912 -56.6429 -58.2392 -59.3553 -60.1875 -62.0216 -62.5626 -62.9794 -63.3681 -67.4007 -67.5350 -67.3892 -65.0858 -61.9969 -57.2031 -56.8421 -56.5437 -56.3290 -49.1746 -49.3287 -49.4885 -49.6451 -49.7952 -49.9528 -50.1104 -50.2916 -50.4231 -50.5711 -50.7076
-44.6318 -44.6859 -44.7577 -44.8478 -44.9459 -45.0530 -45.1752 -45.3000 -45.4344 -45.5807 -45.7265 -56.2878 -58.2999 -62.1731 -62.6966 -63.2192 -63.6533 -64.0331 -64.3372 -64.5617 0.0000 0.0000 0.0000 -66.8612 -61.7646 -56.7704 -56.4020 -56.1183 -48.8357 -48.9969 -49.1606 -49.3234 -49.4785 -49.6360 -49.7994 -49.9531 -50.1266 -50.2711 -50.4130 -50.5498
-44.3370 -44.3911 -44.4652 -44.5563 -44.6568 -44.7676 -44.8932 -45.0235 -45.1584 -45.3136 -45.4647 -61.3013 0.0000 0.0000 0.0000 0.0000 0.0000 0.0000 0.0000 -73.5543 0.0000 0.0000 0.0000 0.0000 -56.7560 -56.3016 -55.9356 -55.7014 -48.6532 -48.8207 -48.9891 -49.1518 -49.3125 -49.4775 -49.6367 -49.8206 -49.9710 -50.1172 -50.2584 -50.3974
-44.0328 -44.0868 -44.1632 -44.2551 -44.3586 -44.4743 -44.6022 -44.7393 -44.8750 -45.0361 -45.1957 0.0000 0.0000 0.0000 0.0000 0.0000 0.0000 0.0000 0.0000 -75.8296 0.0000 0.0000 0.0000 0.0000 -56.2701 -55.8016 -55.4647 -48.3001 -48.4694 -48.6442 -48.8136 -48.9779 -49.1473 -49.3122 -49.4689 -49.6626 -49.8134 -49.9591 -50.1027 -50.2432
-43.7194 -43.7732 -43.8519 -43.9448 -44.0505 -44.1719 -44.3022 -44.4452 -44.5904 -44.7491 -52.3833 0.0000 0.0000 0.0000 0.0000 0.0000 0.0000 0.0000 -62.1350 -62.4949 -62.8563 -60.8369 -57.0407 -56.3362 -55.7359 -55.2720 -47.9357 -48.1051 -48.2869 -48.4634 -48.6328 -48.8101 -48.9785 -49.1410 -49.3443 -49.4999 -49.6505 -49.7990 -49.9433 -50.0806
-43.3956 -43.4491 -43.5300 -43.6251 -43.7323 -43.8606 -43.9946 -44.1407 -44.2984 -44.4575 -52.5776 -53.9804 -55.1637 -59.7544 -61.1292 -61.8888 -62.3465 -62.7640 -63.1066 -63.4212 -63.7166 -60.6429 -56.5825 -55.7768 -55.1483 -47.5561 -47.7315 -47.9167 -48.1021 -48.2771 -48.4610 -48.6326 -48.8006 -48.9783 -49.1762 -49.3318 -49.4856 -49.6340 -49.7757 -49.9188
