-70.9241 -70.0493 -69.3146 -66.9671 -67.0767 -67.4368 -67.5848 0.0000 0.0000 -77.6359 -75.1147 -74.6931 -74.5299 -74.2786 -73.8313 -73.5988 -73.3943 -73.2059 -72.6536 -72.8871 -72.7028 -72.2535 -71.6089 -71.0883 -69.2910 -68.8825 -67.3547 -67.3361 -67.3135 -67.2869 -67.2565 -67.2224 0.0000 0.0000 0.0000 0.0000 0.0000 0.0000 0.0000 0.0000
-70.4482 -69.4259 -66.8571 -66.9533 -67.0897 -67.3971 -67.5104 -75.0373 -75.1105 -73.9839 -73.1062 0.0000 0.0000 0.0000 -74.6605 -74.1566 -73.6777 -74.2168 -73.7572 -73.4110 -72.8480 -71.8018 -71.1015 -70.6211 -68.9354 -67.3801 -67.3723 -67.3594 -67.3393 -67.3153 -67.2875 -67.2548 0.0000 0.0000 0.0000 0.0000 0.0000 0.0000 0.0000 0.0000
-69.6584 -66.7647 -66.8613 -66.9550 -67.0858 -67.3645 0.0000 -77.3698 -75.5663 0.0000 0.0000 0.0000 0.0000 0.0000 -74.8862 -74.4072 0.0000 0.0000 0.0000 0.0000 -72.8457 -71.8731 -70.9053 -68.0854 -67.3642 -67.2745 -67.2705 -67.3689 -67.3571 -67.3412 -67.3188 -67.2887 -69.7727 -70.1175 -70.2001 -70.3186 -70.3942 -70.4685 -70.5416 -70.6116
-66.6006 -66.7219 -66.8395 -66.9549 -67.0917 -67.3347 0.0000 0.0000 0.0000 0.0000 0.0000 0.0000 0.0000 0.0000 0.0000 0.0000 0.0000 0.0000 0.0000 0.0000 -72.9991 -71.4208 -68.0914 -67.3887 -67.3859 -67.3818 -67.3721 -67.3937 -67.2683 -67.2555 -67.2402 -67.3225 -69.4830 -69.9336 -70.1342 -70.2116 -70.2760 -70.3347 -70.3844 -72.2696
-66.5352 -66.6708 -66.7979 -66.9201 -67.0722 -67.1858 0.0000 0.0000 0.0000 0.0000 0.0000 0.0000 0.0000 0.0000 0.0000 0.0000 0.0000 0.0000 0.0000 0.0000 -72.9688 -68.1500 -68.0991 -67.4092 -67.4081 -67.4059 -67.3981 -67.3870 -67.4135 -67.3964 -67.3773 -67.2464 -69.1866 -69.5848 -69.8425 -70.1088 -70.1536 -70.1895 -72.1127 -72.2607
-66.6448 -66.6483 -66.7523 -66.8819 -67.0389 -67.1575 -67.5021 -67.6167 -67.8260 -67.9341 -68.0414 -68.1476 -68.2537 -68.3587 -68.4629 -68.5664 -68.6691 -68.7710 -68.8720 -68.9722 -68.0915 -68.1162 -68.1111 -67.4307 -67.4359 -67.4306 -67.4246 -67.4154 -67.4028 -67.4347 -67.4166 -68.7045 -69.2678 -69.6510 -69.9269 -69.8149 -71.5521 -71.7451 -72.1585 -72.2033
-66.6637 -66.7532 -66.7701 -66.7230 -67.0051 -67.1273 -67.4534 -67.5802 -67.6950 -67.8076 -67.9182 -68.0956 -68.2090 -68.3159 -68.4194 -68.5190 -68.6133 -68.6978 -68.7576 -68.0610 -68.0842 -68.1116 -67.4615 -67.4519 -67.4548 -67.4607 -67.4517 -67.4443 -67.4358 -67.4473 -67.4789 -68.7449 -69.2232 -69.5722 -69.8483 -71.8974 -72.0959 -72.1928 -71.8855 -71.5488
-66.5734 -66.6916 -66.8089 -66.9781 -67.0143 -66.9670 -67.3895 -67.5394 -67.6592 -67.7730 -67.8841 -67.9921 -68.0978 -68.2004 -68.2981 -68.4607 -68.5449 -68.6059 -68.6181 -68.0459 -68.0776 -68.1077 -67.4717 -67.4776 -67.4785 -67.4820 -67.4864 -67.4764 -67.4934 -67.4808 -67.4643 -68.7835 -69.2030 -71.2940 -72.0049 -72.2573 -72.3402 -72.0928 -71.6451 -71.2418
-66.5608 -66.6768 -66.7923 -66.9073 -67.0515 -67.1312 -67.3705 -67.3506 -67.6253 -67.7375 -67.8488 -67.9562 -68.0602 -68.1593 -68.2518 -68.3345 -68.4016 -68.4412 -68.3304 -67.9741 -68.0097 -68.0434 -67.4300 -67.5002 -67.5063 -67.5099 -67.5375 -67.5377 -67.5300 -67.5146 -67.5000 -68.7502 -71.1503 -71.9122 -72.5393 -72.5016 -71.9676 -71.4878 -69.5702 -69.4852
-66.5528 -66.6698 -66.7862 -66.9021 -67.0436 -67.1536 -67.3971 -67.5010 -67.6144 -67.5560 -67.8152 -67.9217 -68.0216 -68.1173 -68.2046 -68.2793 -68.3360 -68.3260 -67.9225 -67.9670 -68.0041 -67.4136 -67.4349 -67.4528 -67.4698 -67.5070 -67.5136 -67.5210 -67.5212 -67.5177 -68.8079 -71.0165 -71.7853 -72.3692 -72.2492 -71.6724 -71.1768 -69.4507 -69.3746 -69.2935
-66.5048 -66.6638 -66.7812 -66.8978 -67.0360 -67.1468 -67.3805 -67.5173 -67.6213 -67.7120 -67.7987 -67.7350 -67.9849 -68.0773 -68.1577 -68.2270 -68.2579 -68.2366 -67.9157 -67.9621 -68.0014 -67.4248 -67.4522 -67.5016 -67.5175 -67.5316 -67.5364 -67.5414 -67.5609 -69.8354 -69.7528 -71.9490 -72.1951 -71.9044 -71.4827 -69.4626 -69.4165 -69.3505 -70.6574 -70.6439
-66.5145 -66.6253 -66.7353 -66.8948 -67.0293 -67.1405 -67.3668 -67.5013 -67.6276 -67.7323 -67.8030 -67.8846 -67.9612 -68.0366 -68.1160 -68.1697 -68.1914 -67.8565 -67.9100 -67.9584 -67.9998 -67.4371 -67.4938 -67.5172 -67.5363 -67.5530 -67.5633 -70.0069 0.0000 -70.9494 -70.5501 -72.2913 -71.7213 -71.1999 -69.4183 -69.3868 -70.7750 -70.8365 -70.8225 -70.7684
-66.5190 -66.6363 -66.7476 -66.8587 -66.9815 -67.1350 -67.3555 -67.4876 -67.6134 -67.7156 -67.8118 -67.8865 -67.9601 -68.0281 -68.0784 -68.1174 -68.1386 -67.8517 -67.9070 -67.9586 -67.4152 -67.4781 -67.5069 -67.5315 -67.5524 -67.5718 -69.4492 0.0000 0.0000 0.0000 -72.6289 -71.3838 -69.2604 -69.4781 -69.4851 -71.1758 -71.2486 -71.2289 -72.5684 -72.2816
-66.5267 -66.6420 -66.7596 -66.8721 -66.9917 -67.0960 -67.3463 -67.4764 -67.6009 -67.7000 -67.7947 -67.8841 -67.9682 -68.0200 -68.0671 -68.0961 -67.9494 -67.8466 -67.9065 -67.9927 -67.4578 -67.4901 -67.5200 -67.5462 -67.5690 -67.5902 -69.2628 0.0000 0.0000 0.0000 -68.6991 -68.9918 -69.2525 -71.2957 -71.5274 0.0000 0.0000 0.0000 0.0000 0.0000
-66.5247 -66.6456 -66.7656 -66.8951 -67.0018 -67.1071 -67.3113 -67.4319 -67.5881 -67.6859 -67.7792 -67.8680 -67.9462 -68.0140 -68.0596 -68.0871 -67.8119 -67.8635 -67.8010 -67.9930 -67.4680 -67.5033 -67.5349 -67.5617 -67.5862 -67.6090 -69.1564 -69.7086 -69.8828 -69.8335 -68.7186 -70.6975 -71.5792 -72.0307 -72.5016 0.0000 0.0000 0.0000 0.0000 0.0000
-66.5239 -66.6455 -66.7662 -66.8926 -67.0117 -67.1181 -67.3198 -67.4395 -67.5485 -67.6381 -67.7664 -67.8507 -67.9270 -67.9932 -68.0466 -68.0876 -67.8740 -67.9235 -67.9698 -67.4511 -67.3544 -67.5157 -67.5491 -67.5788 -67.6050 -67.6296 -69.0958 -69.3814 -69.6244 -69.5144 -71.6770 -72.0741 -72.3813 -71.8125 -71.6977 0.0000 0.0000 0.0000 0.0000 -73.7700
-66.5242 -66.6466 -66.7681 -66.8911 -67.0052 -67.1232 -67.3292 -67.4479 -67.5523 -67.6426 -67.7253 -67.8357 -67.9109 -67.9761 -68.0327 -67.8284 -67.8904 -67.9478 -67.9937 -67.4814 -67.5120 -67.5395 -67.4392 -67.5952 -67.6231 -68.6961 -69.0623 -69.3293 -73.8449 0.0000 -73.6820 -73.4718 -71.9988 -71.4158 -71.3837 -71.7777 -73.3627 -73.5980 -73.7598 -73.8690
-66.5256 -66.6488 -66.7710 -66.8909 -67.0054 -67.1183 -67.3268 -67.4513 -67.5578 -67.6454 -67.7276 -67.8032 -67.8744 -68.0090 -68.0620 -67.8351 -67.8990 -67.9584 -68.0137 -67.5117 -67.5434 -67.5722 -67.5980 -67.6207 -67.5188 -68.7133 -69.0426 -69.2917 0.0000 0.0000 0.0000 -71.7827 -71.0453 -71.8481 -72.3624 -72.7514 -73.9732 -74.0196 -73.9989 -73.9531
-66.5283 -66.6522 -66.7751 -66.8920 -67.0069 -67.1201 -67.3209 -67.4500 -67.5502 -67.6437 -67.7313 -67.8099 -67.9212 -67.9793 -67.7556 -67.8442 -67.9082 -67.9686 -68.0250 -67.5329 -67.5717 -67.6049 -67.6319 -67.6558 -67.6769 -68.7392 -69.0324 -69.2662 0.0000 -70.2344 -70.1843 -72.4332 -72.7327 -72.9961 -73.2344 -73.4649 -74.4714 -74.3345 -74.1738 -73.9958
-66.5321 -66.6568 -66.7773 -66.8943 -67.0097 -67.1232 -67.3225 -67.4411 -67.5440 -67.6371 -67.7282 -67.8538 -67.9268 -67.9865 -67.7735 -67.8360 -67.9187 -67.9801 -67.5114 -67.5523 -67.5922 -67.6290 -67.6627 -67.6911 -67.7133 -68.7780 -69.0475 -69.2524 -69.5944 0.0000 0.0000 0.0000 -74.8216 -74.8361 -74.0739 -74.1743 -74.4251 -74.5873 -74.2761 0.0000
-66.5412 -66.6612 -66.7805 -66.8980 -67.0137 -67.1280 -67.3249 -67.4376 -67.5380 -67.6810 -67.7681 -67.8491 -67.9239 -67.9897 -67.7952 -67.8587 -67.9189 -67.9757 -67.5306 -67.5725 -67.6135 -67.6514 -67.6861 -67.7179 -67.7553 -68.8168 -69.0718 -69.2526 -69.4029 0.0000 0.0000 0.0000 -75.0704 0.0000 0.0000 -75.8242 -75.5745 0.0000 0.0000 0.0000
-66.5479 -66.6692 -66.7849 -66.9030 -67.0194 -67.1334 -67.3288 -67.4393 -67.5815 -67.6735 -67.7657 -67.8480 -67.9224 -67.7334 -67.8066 -67.8766 -67.9433 -68.0012 -67.5411 -67.5804 -67.6356 -67.6744 -67.7103 -67.7431 -68.5187 -68.8465 -69.0897 -69.3060 -70.8403 0.0000 -73.2026 0.0000 -74.8794 -80.0664 0.0000 -75.8470 -75.6430 0.0000 0.0000 0.0000
-66.5529 -66.6748 -66.7950 -66.9096 -67.0259 -67.1436 -67.3839 -67.4854 -67.5819 -67.6738 -67.7618 -67.8485 -67.9235 -67.7451 -67.8192 -67.8899 -67.9574 -67.5228 -67.5715 -67.6113 -67.6496 -67.6983 -67.7352 -67.7706 -68.5835 -68.8916 -70.4873 -70.6850 -70.8630 -72.0741 0.0000 0.0000 0.0000 0.0000 0.0000 -76.0475 -73.8915 -72.5849 -75.8265 -76.1861
-66.5593 -66.6818 -66.8026 -66.9212 -67.0372 -67.1975 -67.3868 -67.4876 -67.5841 -67.6774 -67.7646 -67.8462 -67.6803 -67.7581 -67.8329 -67.9045 -67.9728 -67.5436 -67.5934 -67.6382 -67.6821 -67.7210 -67.7543 -67.7972 -69.9736 -70.2752 -70.5255 -70.7106 -70.8785 -71.0388 0.0000 0.0000 0.0000 -73.5708 -73.1718 -74.8554 -73.8934 -74.2577 -76.1943 -76.3644
-66.5673 -66.6904 -66.8113 -66.9800 -67.0968 -67.2074 -67.3909 -67.4917 -67.5896 -67.6821 -67.7696 -67.8516 -67.6891 -67.7725 -67.8480 -67.9203 -67.9894 -67.5655 -67.6160 -67.6635 -67.7082 -67.7500 -68.9534 -68.9539 -70.0487 -70.3294 -70.5661 -70.7395 -70.8978 -71.0421 -73.0247 -72.8608 -72.9764 -76.1882 -76.1794 -76.0638 -74.4816 -74.6390 -76.5671 -75.5938
-66.5768 -66.7034 -66.8714 -66.9907 -67.1080 -67.2232 -67.3979 -67.4989 -67.5961 -67.6888 -67.7767 -67.8593 -67.7046 -67.7833 -67.8643 -67.9373 -67.5338 -67.5900 -67.6413 -67.6880 -68.9870 -69.0004 -69.0081 -69.8807 -70.1388 -70.3803 -70.6066 -70.7710 -70.9199 -71.0565 0.0000 0.0000 0.0000 0.0000 -78.7288 -77.4140 -74.9904 -74.0446 -72.8254 -75.4249
-66.5909 -66.7618 -66.8834 -67.0031 -67.1208 -67.2375 -67.4102 -67.5071 -67.6044 -67.6974 -67.7859 -67.6389 -67.7214 -67.8008 -67.8771 -67.9557 -67.5585 -67.6138 -69.0089 -69.0296 -69.0467 -69.0580 -69.0638 -69.9803 -70.2150 -70.4390 -70.6433 -70.8044 -70.9445 -71.0734 0.0000 0.0000 0.0000 0.0000 -78.4089 -73.2132 -73.8947 -74.1884 -74.4468 -75.5867
-66.6507 -66.7747 -66.8969 -67.0170 -67.1363 -67.2524 -67.4201 -67.5216 -67.6147 -67.7082 -67.7971 -67.6565 -67.7394 -67.8195 -67.8984 -67.9724 -69.0141 -69.0479 -69.0724 -69.0930 -69.1077 -69.1167 -69.1203 -70.0737 -70.2885 -70.4941 -70.6823 -70.8393 -70.9707 -71.0919 0.0000 -73.6973 -73.8014 -75.7657 -75.6559 -75.5754 -74.5627 -74.4450 -74.6820 -74.4245
-66.6650 -66.7895 -66.9120 -67.0338 -67.1524 -67.2689 -67.4318 -67.5337 -67.6315 -67.7208 -67.5889 -67.6753 -67.7609 -67.8415 -69.6023 -69.0434 -69.0810 -69.1182 -69.1397 -69.1578 -69.1698 -69.1764 -69.1776 -70.1623 -70.3598 -70.5492 -70.7230 -70.8752 -70.9981 -71.1117 -71.2159 0.0000 0.0000 0.0000 -77.7476 -76.1443 -75.5816 -75.0714 -74.9740 -72.5582
-66.6809 -66.8059 -66.9301 -67.0512 -67.1701 -67.2869 -67.4455 -67.5475 -67.6458 -67.7399 -67.6108 -67.6977 -67.8416 -69.6084 -69.7081 -69.1224 -69.1567 -69.1839 -69.2087 -69.2237 -69.2329 -69.2367 -69.2353 -70.2472 -70.4293 -70.6041 -70.7646 -70.9115 -71.0262 -71.1322 -71.2295 0.0000 0.0000 0.0000 -75.7810 -72.9245 -72.8863 -72.8076 -72.6666 -72.4612
-66.6986 -66.8253 -66.9489 -67.0702 -67.1895 -67.3066 -67.4610 -67.5634 -67.6620 -67.5489 -67.6567 -69.5044 -69.6174 -69.7218 -69.8094 -69.2036 -69.2341 -69.2579 -69.2727 -69.2841 -69.2969 -69.2977 -70.1531 -70.3291 -70.4970 -70.6587 -70.8069 -70.9456 -71.0546 -71.1529 -71.2433 -72.3867 -73.6957 -72.9407 -72.9597 -72.9234 -74.7394 -74.5052 -74.1562 -74.8484
-66.7194 -66.8453 -66.9692 -67.0909 -67.2105 -67.3279 -67.4784 -67.5832 -67.6821 -69.3922 -69.5195 -69.6371 -69.7390 -69.8394 -69.2529 -69.2866 -69.3133 -69.3333 -69.3444 -69.3524 -69.3549 -69.3591 -70.2457 -70.4083 -70.5633 -70.7126 -70.8493 -70.9773 -71.0827 -71.1735 -71.2567 -71.8190 -74.5465 0.0000 0.0000 -76.9722 -76.3374 -75.5873 -74.7375 -75.1659
-66.7409 -66.8672 -66.9913 -67.1134 -67.2332 -67.3531 -67.4999 -69.5722 -69.7218 -69.5335 -69.6555 -69.7681 -69.8721 -69.9460 -69.3421 -69.3715 -69.3940 -69.4098 -69.4171 -69.4214 -69.4202 -69.4141 -70.3349 -70.4851 -70.6280 -70.7656 -70.8913 -71.0090 -71.1103 -71.1934 -71.2694 0.0000 0.0000 0.0000 0.0000 0.0000 0.0000 0.0000 -74.7653 -72.6263
-66.7641 -66.8907 -67.0151 -67.1397 -67.2598 -69.3540 -69.5809 -69.7364 -69.5544 -69.6803 -69.7965 -69.9037 -70.0024 -70.0562 -69.4332 -69.4578 -69.4759 -69.4874 -69.4906 -69.4909 -69.4860 -69.4762 -70.4129 -70.5597 -70.6910 -70.8175 -70.9325 -71.0387 -71.1368 -71.2122 -71.2808 0.0000 0.0000 0.0000 -74.9584 -74.5806 -74.5906 -74.3491 -72.4588 -74.1033
-66.7892 -66.9160 -67.0430 -69.1592 -69.3587 -69.5455 -69.7605 -69.9081 -69.7132 -69.8322 -69.9421 -70.0433 -70.1139 -69.5059 -69.5321 -69.5454 -69.5587 -69.5657 -69.5646 -69.5607 -69.5518 -70.3641 -70.4969 -70.6234 -70.7523 -70.8680 -70.9727 -71.0690 -71.1586 -71.2294 -71.2906 -71.3457 -73.9082 -74.6073 0.0000 0.0000 0.0000 -75.2726 -73.7279 -73.9601
-66.8185 -68.9555 -69.1745 -69.3781 -69.5681 -69.7458 -69.9479 -69.7561 -69.8771 -69.9888 -70.0918 -70.1784 -70.2278 -69.6053 -69.6261 -69.6405 -69.6423 -69.6445 -69.6388 -69.6305 -69.6174 -70.4563 -70.5782 -70.6939 -70.8027 -70.9167 -71.0113 -71.0980 -71.1783 -71.2753 -71.8138 -71.8020 0.0000 0.0000 0.0000 0.0000 0.0000 -72.9216 -73.7822 -73.9956
-68.9857 -69.2088 -69.4155 -69.6075 -69.7866 -69.9539 -70.1421 -69.9331 -70.0457 -70.1495 -70.2449 -70.3013 -70.3435 -69.7059 -69.7210 -69.7298 -69.7264 -69.7235 -69.7131 -69.7003 -69.6827 -70.5455 -70.6568 -70.7826 -71.6184 -71.6429 -71.6695 -71.6802 -71.6877 -71.6876 -71.6825 -72.3417 0.0000 -75.0836 -73.5071 -73.2740 -74.6269 -72.9542 -74.9752 -74.0189
-69.2671 -69.4750 -69.6674 -69.8462 -70.0131 -70.1691 -70.0073 -70.1146 -70.2181 -70.3134 -70.4011 -70.4259 -69.7919 -69.8074 -69.8165 -69.8197 -69.8172 -69.8027 -69.8147 -70.4491 -70.4087 -71.4389 -71.4797 -71.4996 -71.5152 -71.5297 -71.5366 -71.5497 -71.5503 -71.5537 -72.2791 -72.2682 -72.2557 -72.7709 -73.0300 -74.2500 -72.9044 -74.6817 -74.8551 -74.0209
-69.5619 -69.7523 -69.9287 -70.0928 -70.2463 -70.3900 -70.1980 -70.2995 -70.3933 -70.4798 -70.5593 -70.5517 -69.9110 -70.7291 -70.7182 -70.6986 -70.6713 -70.6369 -70.5864 -70.5322 -70.4164 -71.3746 -71.3872 -71.3967 -71.4028 -71.4087 -71.4078 -71.4121 -72.1581 -72.2052 -72.1719 -72.1309 -72.0892 -72.5117 -72.3394 -74.0026 -72.6244 -74.6474 -75.6332 -74.8786
-69.8648 -70.0385 -70.1973 -70.3456 -70.4846 -70.6152 -70.3961 -70.5350 -71.9419 -72.0294 -72.0978 -72.1521 -70.9233 -70.9003 -70.8704 -70.8345 -70.7931 -70.7064 -70.5792 -70.4515 -71.2753 -71.2801 -71.2829 -71.2833 -71.2811 -71.2880 -72.0194 -72.0913 -72.0950 -72.0720 -72.0355 -71.9900 -71.9441 -72.2728 -73.8818 -74.0182 -73.3682 -76.0311 -76.3141 -76.0247
