-67.6744
-67.6815
-67.6233
-67.5277
-67.4681
-67.4114
-67.3559
-67.3001
-67.2585
-67.2109
-67.1817
-67.3192
-67.2870
-67.2690
-67.2593
-67.2568
-67.1192
-67.0675
-67.1274
-66.2287
-66.2331
-66.2441
-66.2622
-66.2831
-66.2868
-66.3138
-66.4048
-66.4326
-66.3972
-66.5445
-66.4853
-66.4275
-66.3711
-66.2721
-66.2122
-66.1589
-66.1746
-66.1313
-65.9579
-65.9608
-67.7367
-67.6793
-67.5803
-67.5227
-67.4649
-67.4070
-67.1759
-67.2933
-67.2459
-67.2042
-67.1615
-67.2876
-67.2497
-67.2199
-67.1993
-67.0722
-67.0732
-67.1612
-67.1078
-66.1752
-66.1545
-66.1625
-66.1776
-66.1968
-66.2805
-66.3049
-66.3112
-66.3378
-66.3700
-66.5176
-66.4575
-66.3985
-66.3405
-66.2387
-66.1761
-66.1191
-66.1103
-66.0920
-65.9267
-65.8920
-67.6946
-67.6361
-67.5793
-67.5218
-67.2837
-67.4038
-67.3530
-67.3018
-67.2510
-67.2047
-67.3372
-67.2724
-67.2179
-67.1820
-67.0321
-67.0097
-67.1174
-67.1196
-67.0895
-67.0336
-66.1007
-66.0825
-66.1573
-66.1715
-66.1900
-66.2124
-66.2381
-66.2427
-66.2735
-66.4914
-66.4304
-66.3704
-66.3108
-66.2100
-66.1217
-66.0919
-66.0974
-66.0428
-65.8708
-65.8287
-67.6909
-67.6357
-67.5771
-67.5225
-67.4701
-67.4194
-67.3674
-67.3143
-67.2609
-67.2110
-67.3383
-67.2665
-67.0814
-67.0297
-67.1104
-67.0749
-67.0547
-67.0487
-67.0526
-67.0146
-67.0422
-66.0691
-66.0748
-66.0850
-66.1005
-66.1204
-66.1440
-66.1678
-66.2456
-66.4050
-66.4038
-66.3429
-66.2607
-66.1897
-66.1180
-66.0539
-66.0583
-65.9973
-65.8196
-65.7707
-67.6905
-67.6359
-67.5854
-67.5381
-67.4889
-67.4376
-67.3847
-67.3303
-67.2749
-67.2222
-67.3459
-67.1418
-67.0727
-67.1320
-67.0753
-67.0313
-67.0042
-66.9845
-67.0597
-67.0605
-67.0246
-66.9724
-65.9958
-66.0010
-66.0124
-66.0291
-66.0502
-66.0720
-66.1460
-66.3246
-66.3332
-66.3267
-66.2635
-66.1572
-66.0840
-66.0179
-66.0196
-65.9551
-65.7725
-65.7156
-67.6938
-67.6512
-67.6063
-67.5591
-67.5098
-67.4582
-67.4046
-67.3493
-67.2924
-67.1089
-67.2262
-67.2766
-67.1995
-67.1287
-67.0621
-67.0044
-67.0420
-67.0130
-66.9940
-66.9843
-66.9929
-66.9544
-66.9055
-65.9204
-65.9268
-65.9393
-65.9571
-65.9764
-66.0462
-66.2312
-66.2596
-66.2694
-66.2336
-66.1258
-66.0512
-65.9834
-65.9831
-65.9157
-65.7288
-65.6666
-67.7155
-67.6735
-67.6291
-67.5821
-67.5327
-67.4810
-67.4270
-67.3710
-67.1784
-67.1239
-67.3761
-67.2926
-67.2107
-67.1316
-67.1438
-67.0748
-67.0143
-66.9666
-66.9391
-66.9169
-66.9145
-66.9297
-66.8877
-66.8364
-65.8446
-65.8519
-65.8655
-65.8901
-65.9543
-66.1244
-66.1510
-66.1821
-66.2168
-66.0952
-66.0195
-65.9522
-65.9483
-65.8784
-65.6846
-65.6451
-67.7390
-67.6975
-67.6535
-67.6068
-67.5576
-67.5058
-67.4517
-67.2542
-67.3366
-67.4856
-67.3997
-67.3137
-67.3182
-67.2332
-67.1491
-67.0708
-67.0001
-66.9393
-66.8916
-66.8549
-66.8456
-66.8498
-66.8645
-66.8187
-66.7668
-65.7764
-65.7830
-65.7931
-65.8523
-66.0180
-66.0425
-66.0718
-66.1051
-66.0881
-65.9887
-65.9203
-65.9138
-65.8693
-65.6702
-65.5257
-67.7693
-67.7234
-67.6796
-67.6333
-67.5844
-67.3834
-67.3308
-67.4243
-67.3650
-67.5084
-67.5242
-67.4348
-67.3406
-67.2494
-67.1610
-67.0765
-66.9967
-66.9249
-66.8641
-66.8130
-66.7826
-66.7795
-66.7827
-66.8108
-66.7572
-66.7025
-65.6939
-65.7478
-65.7519
-65.9125
-65.9345
-65.9617
-65.9931
-65.9827
-65.9823
-65.9394
-65.9082
-65.7495
-65.5540
-65.4846
-67.7959
-67.7556
-67.7127
-67.6617
-67.4565
-67.4087
-67.5100
-67.4529
-67.4955
-67.6420
-67.5554
-67.4623
-67.3650
-67.2685
-67.1796
-67.0893
-67.0026
-66.9219
-66.8501
-66.7855
-66.7401
-66.7255
-66.7186
-66.7221
-66.7369
-66.6807
-66.6255
-65.6553
-65.6541
-65.8087
-65.8273
-65.8519
-65.8805
-65.8981
-65.9220
-65.9056
-65.8125
-65.7151
-65.5193
-65.4476
-67.8238
-67.7843
-67.5767
-67.5328
-67.6504
-67.5947
-67.6494
-67.5901
-67.5298
-67.6773
-67.5876
-67.4923
-67.3945
-67.2954
-67.1998
-67.1086
-67.0166
-66.9289
-66.8480
-66.8189
-66.7198
-66.6778
-66.6458
-66.6379
-66.6500
-66.6608
-66.6040
-65.5900
-65.5600
-65.7075
-65.7215
-65.7726
-65.7966
-65.7818
-65.7178
-65.7501
-65.7807
-65.7060
-65.4883
-65.4134
-67.8531
-67.6414
-67.6031
-67.7301
-67.7992
-67.7460
-67.6862
-67.6268
-67.5646
-67.7126
-67.6220
-67.5269
-67.4268
-67.3258
-67.2276
-67.1332
-67.0373
-66.9893
-66.8632
-66.7799
-66.7016
-66.6453
-66.5977
-66.5738
-66.5645
-66.5779
-66.5843
-66.5798
-65.4929
-65.6407
-65.6465
-65.6605
-65.5978
-65.5815
-65.6033
-65.6337
-65.7329
-65.6760
-65.4753
-65.3930
-67.7050
-67.8480
-67.9299
-67.8846
-67.8370
-67.7842
-67.7283
-67.6694
-67.8446
-67.7510
-67.6604
-67.5635
-67.4653
-67.3597
-67.2597
-67.2108
-67.0701
-66.9706
-66.8749
-66.7841
-66.6968
-66.6283
-66.5658
-66.5253
-66.4996
-66.4910
-66.5060
-66.5993
-66.5226
-65.5440
-65.4606
-65.4685
-65.4884
-65.5152
-65.4901
-65.5172
-65.6113
-65.6464
-65.4578
-65.3821
-68.0480
-68.0085
-67.9671
-67.9234
-67.8744
-67.8222
-67.7667
-67.7073
-67.8923
-67.7990
-67.7007
-67.6030
-67.5038
-67.4488
-67.3014
-67.1996
-67.0957
-66.9934
-66.8933
-66.7977
-66.7031
-66.6249
-66.5497
-66.4938
-66.4508
-66.4662
-66.4546
-66.5111
-66.3911
-66.5008
-65.3656
-65.3685
-65.3857
-65.4050
-65.3752
-65.3987
-65.5045
-65.5404
-65.4274
-65.2258
-68.0837
-68.0488
-68.0068
-67.9618
-67.9134
-67.8618
-67.8062
-67.7491
-67.9367
-67.8422
-67.7496
-67.7012
-67.5470
-67.4393
-67.3340
-67.2312
-67.1258
-67.0209
-66.9182
-66.8189
-66.7188
-66.6299
-66.5479
-66.5231
-66.4590
-66.4107
-66.5082
-66.3135
-66.3127
-66.4815
-66.4171
-65.2750
-65.2825
-65.2972
-65.2754
-65.2978
-65.3852
-65.2883
-65.1994
-65.1735
-68.1278
-68.0901
-68.0458
-68.0015
-67.9540
-67.9023
-67.8492
-67.7917
-67.9825
-67.9479
-67.8521
-67.6970
-67.5900
-67.4757
-67.3698
-67.2658
-67.1592
-67.0535
-66.9487
-66.8466
-66.7424
-66.6967
-66.6015
-66.5165
-66.4387
-66.2657
-66.4540
-66.2436
-66.2259
-66.4118
-66.3969
-66.3366
-65.1977
-65.2083
-65.1640
-65.1818
-65.1383
-65.1646
-65.0757
-65.0896
-68.1663
-68.1295
-68.0895
-68.0450
-67.9952
-67.9462
-67.8931
-68.1881
-68.0920
-67.9349
-67.8344
-67.7365
-67.6294
-67.5212
-67.4081
-67.3008
-67.1969
-67.0900
-66.9840
-66.9349
-66.8213
-66.7161
-66.6156
-66.4074
-66.3254
-66.2536
-66.4224
-66.1916
-66.1546
-66.3217
-66.3519
-66.3316
-66.2713
-65.1085
-64.9334
-64.9430
-65.0187
-64.9264
-64.9518
-64.9641
-68.2059
-68.1702
-68.1301
-68.0879
-68.0434
-68.0583
-67.9999
-68.1710
-68.0744
-67.9760
-67.8758
-67.7783
-67.6713
-67.5625
-67.4559
-67.3485
-67.2378
-67.1914
-67.0781
-66.9660
-66.8505
-66.6175
-66.5239
-66.4293
-66.3390
-66.2560
-66.4102
-66.1593
-66.1172
-66.2688
-66.2643
-66.2836
-66.2464
-66.0203
-64.8303
-64.8326
-64.9016
-64.8064
-64.8284
-64.8383
-69.7544
-68.2110
-68.1733
-68.2002
-68.1530
-68.0365
-67.9816
-68.2169
-68.1171
-68.0193
-67.9195
-67.8223
-67.7149
-67.6101
-67.5003
-67.4611
-67.3504
-67.2344
-67.1135
-66.8655
-66.7548
-66.6555
-66.5592
-66.4617
-66.3621
-66.2705
-66.4309
-66.1669
-66.0872
-66.2142
-66.1880
-66.0194
-66.0387
-65.9905
-65.8600
-64.7275
-64.7881
-64.6887
-64.7062
-64.7128
-69.7895
-69.8852
-69.8789
-68.1720
-68.1247
-68.0745
-68.0211
-68.2610
-68.1656
-68.0682
-67.9645
-67.8638
-67.7612
-67.7333
-67.6176
-67.5011
-67.3885
-67.1258
-67.0180
-66.9088
-66.8009
-66.7037
-66.6005
-66.4985
-66.4107
-66.5429
-66.4553
-66.1702
-66.0739
-66.0121
-65.9639
-65.9397
-65.9368
-65.9590
-65.8296
-64.6467
-64.6802
-64.5745
-64.5863
-64.5886
-69.9440
-69.8239
-69.8083
-69.7888
-69.7729
-68.1139
-68.0622
-68.3070
-68.2121
-68.1146
-68.0158
-68.0014
-67.8899
-67.7754
-67.6564
-67.3790
-67.2760
-67.1698
-67.0664
-66.9690
-66.8556
-66.7467
-66.6603
-66.5674
-66.4598
-66.6113
-66.4873
-66.1874
-65.9081
-65.9968
-65.9282
-65.8813
-65.8558
-65.8580
-65.8085
-65.7331
-64.5970
-64.4657
-64.4699
-64.4666
-69.8857
-69.8730
-69.8569
-69.8375
-69.8153
-69.7916
-70.2760
-68.3545
-68.2596
-68.2595
-68.1560
-68.0452
-67.9325
-67.8150
-67.5267
-67.4241
-67.3239
-67.2246
-67.1177
-67.0157
-66.9203
-66.8318
-66.7281
-66.6137
-66.5074
-66.6782
-66.3367
-66.0370
-65.9227
-66.0010
-65.9150
-65.8438
-65.7973
-65.7757
-65.7048
-65.7129
-65.7093
-64.3596
-64.3535
-64.3481
-68.4220
-69.9325
-69.9191
-69.9015
-69.8795
-69.8533
-70.3421
-70.4154
-70.3135
-68.3045
-68.1943
-68.0838
-67.7846
-67.6855
-67.5788
-67.4802
-67.3728
-67.2741
-67.1857
-67.1001
-66.9885
-66.8872
-66.7838
-66.6736
-66.5642
-66.5375
-66.3803
-66.0716
-65.9523
-66.0222
-65.9222
-65.8326
-65.7633
-65.7169
-65.6206
-65.6192
-65.6900
-65.4695
-64.2506
-64.3358
-68.4269
-68.3961
-68.3623
-69.8941
-69.9195
-70.0975
-70.6124
-70.5001
-70.3781
-70.2566
-69.8130
-67.9318
-67.8353
-67.7395
-67.6377
-67.5331
-67.4440
-67.3617
-67.2563
-67.1573
-67.0469
-66.9466
-66.8469
-66.5201
-66.4183
-66.6145
-66.4315
-66.1150
-65.9909
-66.0576
-65.9443
-65.8428
-65.7542
-65.6841
-65.5604
-65.5335
-65.6079
-65.5277
-65.4584
-64.1985
-68.4592
-68.4305
-68.3989
-68.4873
-68.4431
-70.0488
-70.6002
-70.5576
-70.1203
-70.0184
-69.9101
-69.8060
-69.7060
-67.7904
-67.7037
-67.6230
-67.5173
-67.4221
-67.3184
-67.2175
-67.1120
-66.7754
-66.6801
-66.5743
-66.5344
-66.6998
-66.4960
-66.1684
-66.0507
-66.1052
-65.9843
-65.8719
-65.7680
-65.6774
-65.5270
-65.4087
-65.6146
-65.4852
-65.4517
-65.3389
-68.4947
-68.5999
-68.5644
-68.5252
-68.4738
-68.4199
-68.4897
-68.3979
-70.0710
-70.0497
-70.0391
-69.9356
-69.8488
-69.7773
-69.6493
-69.5360
-67.5746
-67.4811
-67.3834
-67.2861
-66.9296
-66.8302
-66.7369
-66.6323
-66.5929
-66.7907
-66.5602
-66.2327
-66.1298
-66.1599
-66.0371
-65.9171
-65.7291
-65.6265
-65.6184
-65.5505
-65.5732
-65.3923
-65.3649
-65.2410
-68.6682
-68.6375
-68.5947
-68.5476
-68.2593
-68.6112
-68.5286
-68.4443
-68.3606
-68.2725
-69.9445
-69.9709
-69.9767
-69.9426
-69.8172
-69.6839
-69.5533
-69.4372
-67.1741
-67.0827
-66.9849
-66.8913
-66.8002
-66.6938
-66.6552
-66.8793
-66.6324
-66.2972
-66.2100
-66.1514
-66.0286
-65.9019
-65.9618
-65.8583
-65.6700
-65.5495
-65.5962
-65.2477
-65.2053
-65.2193
-67.5366
-67.4811
-68.3577
-68.3202
-68.2930
-68.6618
-68.5770
-68.4937
-68.4147
-68.3638
-68.2664
-68.1802
-68.1182
-69.8306
-69.8428
-69.9056
-69.7834
-69.1925
-69.0662
-68.9277
-67.0423
-66.9514
-66.8629
-66.7659
-66.7248
-66.9781
-66.7087
-66.2786
-66.2101
-66.2276
-66.3036
-66.1969
-66.0754
-66.0076
-65.7711
-65.4817
-65.4536
-65.2245
-65.1440
-65.1221
-67.5405
-67.2865
-67.2451
-67.2013
-68.3364
-68.7060
-68.6323
-68.5893
-68.5010
-68.4115
-68.3151
-68.2302
-68.1415
-68.0516
-67.9610
-69.2162
-69.2332
-69.3257
-69.3434
-69.2236
-69.0659
-68.8826
-66.9281
-66.8340
-66.7047
-66.9871
-66.6936
-66.3571
-66.3066
-66.5617
-66.4535
-66.4055
-66.2401
-65.9025
-65.6708
-65.5305
-65.4766
-65.1609
-65.0581
-65.0074
-67.3452
-67.3074
-67.2698
-67.2246
-67.1843
-67.4739
-68.7194
-68.6399
-68.5473
-68.4620
-68.3698
-68.2864
-68.2021
-67.7667
-67.6788
-67.5911
-67.5026
-69.0751
-69.1253
-69.2903
-69.4859
-69.3788
-69.0488
-68.8082
-67.0108
-67.1176
-66.7863
-66.7262
-66.9672
-66.8397
-66.6580
-66.4796
-66.1290
-65.9801
-65.6721
-65.5227
-65.4679
-65.1958
-65.0668
-64.9868
-67.3732
-67.3285
-67.2897
-67.2843
-67.2371
-67.5024
-67.4081
-67.3217
-68.5993
-68.5155
-68.4303
-68.2894
-67.8923
-67.8078
-67.7224
-67.6373
-67.5488
-67.4664
-67.3905
-67.1934
-68.8628
-69.1554
-69.6946
-69.8532
-70.3326
-72.7967
-67.4984
-67.0917
-67.1274
-66.8966
-66.4949
-66.3521
-66.1369
-65.9976
-65.7660
-65.6165
-65.5547
-65.2584
-65.1071
-65.2967
-68.9625
-69.0544
-69.0899
-67.3082
-67.6099
-67.5268
-67.4374
-67.3537
-67.2597
-67.1244
-66.8038
-68.0077
-67.9309
-67.8486
-67.7658
-67.6835
-67.5984
-67.3882
-67.3232
-67.2553
-67.1868
-67.1083
-68.8096
-69.8036
-71.9143
-67.7934
-67.1409
-66.8496
-66.6172
-66.5017
-66.3810
-66.2504
-66.1078
-65.8725
-65.7195
-65.6544
-65.4974
-65.3266
-65.3580
-68.9775
-69.0118
-69.0356
-69.0731
-69.6542
-67.5584
-67.4672
-67.3354
-67.2457
-66.8913
-66.8035
-66.7148
-66.6427
-67.8891
-67.6612
-67.5905
-67.5168
-67.4492
-67.3876
-67.3235
-67.2587
-67.1838
-67.1188
-67.1184
-67.3218
-67.0744
-66.7167
-66.8393
-66.7294
-66.6181
-66.5009
-66.3770
-66.2320
-65.9906
-65.8364
-65.9419
-65.6141
-65.4313
-65.4598
-68.9290
-68.9700
-69.0004
-69.0334
-69.6079
-69.4900
-69.4365
-67.0823
-66.9931
-66.9073
-66.8204
-66.7329
-66.5295
-66.4514
-66.3696
-67.6455
-67.5788
-67.5109
-67.4489
-67.3929
-67.3318
-67.2610
-67.2001
-67.2031
-67.3812
-67.2970
-67.1793
-66.8163
-66.9519
-66.8471
-66.7406
-66.6281
-66.5081
-66.3616
-66.3141
-66.1577
-66.0893
-65.7498
-65.5590
-65.5850
-68.8978
-68.9320
-68.9450
-68.9238
-69.4933
-69.4691
-68.9517
-68.8944
-68.8323
-68.5807
-66.7156
-66.6369
-66.5572
-66.4800
-66.3988
-66.3183
-66.2383
-68.8358
-67.5149
-67.4632
-67.4063
-67.3394
-67.2831
-67.2893
-67.4827
-67.4024
-67.2875
-66.9189
-67.0688
-66.9698
-66.8692
-66.7622
-66.8695
-66.7174
-66.4721
-66.3154
-66.2563
-65.9065
-65.7071
-65.7368
-68.8368
-68.8244
-68.8600
-69.6750
-68.9855
-68.9577
-68.7040
-68.6507
-68.5974
-68.5507
-68.5048
-68.4609
-66.5852
-66.5093
-66.4292
-66.3499
-66.2716
-66.1919
-66.1168
-68.0966
-68.0924
-67.4189
-67.8130
-67.3769
-67.5865
-67.5055
-67.3985
-67.0243
-67.1894
-67.0970
-67.2522
-67.1493
-67.0374
-66.8836
-66.6386
-66.4848
-66.2373
-66.0749
-65.8776
-65.9135
-68.7587
-68.7952
-68.4067
-69.1269
-68.7154
-68.7000
-68.6834
-68.6392
-68.5828
-68.5326
-68.4825
-68.4339
-68.3864
-68.3480
-68.3073
-66.3824
-66.3059
-66.2277
-66.1544
-66.0847
-66.0117
-68.0197
-68.5487
-68.1071
-68.4602
-67.6156
-67.5120
-67.1321
-67.5897
-67.5032
-67.4152
-67.3192
-67.2096
-67.0606
-66.8147
-66.6630
-66.4165
-66.2204
-66.0524
-66.1022
-68.7282
-68.1305
-68.1637
-68.8538
-68.6904
-68.6757
-68.6595
-68.6363
-68.5778
-68.5249
-68.4721
-68.4201
-68.3682
-68.3245
-68.2787
-68.2380
-68.2050
-66.2648
-66.1933
-66.1255
-66.0542
-65.9747
-66.2191
-68.0339
-68.3772
-68.3646
-68.7052
-68.3315
-67.7428
-67.6588
-67.5847
-67.4965
-67.3882
-67.2434
-66.9998
-66.8493
-66.5971
-66.4030
-66.3094
-66.3795
-68.0567
-68.0977
-68.1382
-68.8244
-68.6676
-68.6542
-68.6391
-68.6157
-68.5808
-68.5265
-68.4720
-68.4175
-68.3628
-68.3157
-68.2660
-68.2210
-68.1824
-68.1505
-68.1210
-66.1673
-66.0980
-66.0203
-66.2717
-65.9172
-66.2647
-68.6645
-68.6202
-68.2273
-68.6050
-68.6451
-68.7215
-68.8055
-67.5764
-67.4285
-67.2723
-67.1224
-66.8654
-66.6717
-66.5123
-66.6080
-68.0269
-68.0703
-68.1131
-68.7954
-68.6461
-68.6343
-68.6209
-68.5991
-68.5824
-68.5354
-68.4802
-68.4242
-68.3685
-68.3195
-68.2674
-68.2199
-68.1778
-68.1417
-68.1060
-68.0808
-68.0668
-68.0402
-66.5653
-66.1898
-66.3408
-66.2393
-66.1215
-65.8167
-68.5098
-68.5237
-68.5741
-68.7639
-68.7962
-68.8159
-68.7283
-67.3192
-67.0638
-66.8762
-66.9935
-66.8524
