-55.8971
-55.8168
-55.7367
-55.6529
-55.5715
-55.4866
-55.4037
-55.3202
-55.2361
-55.1511
-55.0657
-54.9796
-54.8927
-54.8051
-54.7168
-54.6276
-54.5377
-54.4469
-54.3552
-54.2623
-54.1684
-54.0737
-53.9780
-53.8814
-53.7845
-53.6857
-53.5859
-53.4852
-53.3834
-53.2806
-53.1767
-53.0718
-52.9657
-52.8585
-52.7455
-52.6364
-52.5261
-52.4145
-52.2981
-52.1845
-55.8798
-55.8006
-55.7207
-55.6401
-55.5558
-55.4737
-55.3910
-55.3043
-55.2199
-55.1348
-55.0491
-54.9625
-54.8754
-54.7876
-54.6990
-54.6096
-54.5191
-54.4278
-54.3357
-54.2427
-54.1484
-54.0532
-53.9570
-53.8600
-53.7620
-53.6637
-53.5637
-53.4628
-53.3607
-53.2576
-53.1535
-53.0484
-52.9427
-52.8359
-52.7279
-52.6142
-52.5044
-52.3933
-52.2809
-52.1638
-55.8647
-55.7852
-55.7051
-55.6244
-55.5430
-55.4577
-55.3748
-55.2909
-55.2031
-55.1174
-55.0310
-54.9440
-54.8563
-54.7677
-54.6786
-54.5887
-54.4980
-54.4066
-54.3142
-54.2210
-54.1269
-54.0314
-53.9350
-53.8377
-53.7400
-53.6414
-53.5418
-53.4420
-53.3404
-53.2377
-53.1340
-53.0292
-52.9233
-52.8163
-52.7081
-52.5988
-52.4837
-52.3728
-52.2607
-52.1473
-55.8482
-55.7682
-55.6876
-55.6063
-55.5243
-55.4419
-55.3552
-55.2712
-55.1863
-55.1008
-55.0111
-54.9238
-54.8358
-54.7470
-54.6575
-54.5673
-54.4767
-54.3856
-54.2936
-54.2008
-54.1071
-54.0123
-53.9164
-53.8195
-53.7216
-53.6228
-53.5230
-53.4222
-53.3212
-53.2184
-53.1147
-53.0101
-52.9044
-52.7976
-52.6899
-52.5809
-52.4708
-52.3549
-52.2427
-52.1291
-55.8297
-55.7496
-55.6686
-55.5870
-55.5047
-55.4219
-55.3384
-55.2544
-55.1661
-55.0809
-54.9950
-54.9050
-54.8172
-54.7288
-54.6396
-54.5497
-54.4589
-54.3675
-54.2753
-54.1823
-54.0885
-53.9937
-53.8978
-53.8009
-53.7034
-53.6049
-53.5055
-53.4051
-53.3037
-53.2012
-53.0983
-52.9938
-52.8882
-52.7814
-52.6734
-52.5640
-52.4531
-52.3410
-52.2232
-52.1090
-55.8110
-55.7313
-55.6508
-55.5696
-55.4876
-55.4050
-55.3218
-55.2378
-55.1533
-55.0640
-54.9778
-54.8909
-54.8033
-54.7114
-54.6220
-54.5318
-54.4410
-54.3500
-54.2580
-54.1655
-54.0721
-53.9778
-53.8826
-53.7861
-53.6885
-53.5899
-53.4903
-53.3897
-53.2883
-53.1853
-53.0812
-52.9766
-52.8702
-52.7626
-52.6539
-52.5440
-52.4329
-52.3206
-52.2069
-52.0886
-55.7881
-55.7159
-55.6355
-55.5541
-55.4721
-55.3893
-55.3059
-55.2218
-55.1368
-55.0515
-54.9619
-54.8754
-54.7881
-54.7002
-54.6080
-54.5180
-54.4275
-54.3363
-54.2443
-54.1516
-54.0577
-53.9632
-53.8679
-53.7710
-53.6726
-53.5733
-53.4730
-53.3718
-53.2695
-53.1661
-53.0617
-52.9562
-52.8503
-52.7426
-52.6354
-52.5271
-52.4177
-52.3070
-52.1951
-52.0819
-55.7728
-55.6925
-55.6116
-55.5390
-55.4575
-55.3753
-55.2922
-55.2086
-55.1244
-55.0396
-54.9534
-54.8630
-54.7757
-54.6876
-54.5987
-54.5066
-54.4149
-54.3226
-54.2295
-54.1356
-54.0409
-53.9451
-53.8490
-53.7520
-53.6539
-53.5544
-53.4539
-53.3524
-53.2508
-53.1491
-53.0463
-52.9424
-52.8375
-52.7315
-52.6251
-52.5167
-52.4071
-52.2962
-52.1831
-52.0686
-55.7600
-55.6802
-55.5997
-55.5186
-55.4457
-55.3634
-55.2805
-55.1966
-55.1121
-55.0271
-54.9415
-54.8535
-54.7615
-54.6728
-54.5831
-54.4926
-54.4013
-54.3056
-54.2123
-54.1182
-54.0234
-53.9277
-53.8312
-53.7350
-53.6384
-53.5405
-53.4417
-53.3419
-53.2411
-53.1393
-53.0364
-52.9324
-52.8272
-52.7200
-52.6116
-52.5029
-52.3921
-52.2801
-52.1668
-52.0522
-55.7480
-55.6681
-55.5876
-55.5063
-55.4244
-55.3506
-55.2671
-55.1829
-55.0976
-55.0117
-54.9253
-54.8383
-54.7488
-54.6558
-54.5662
-54.4757
-54.3844
-54.2930
-54.1982
-54.1054
-54.0119
-53.9177
-53.8227
-53.7269
-53.6303
-53.5320
-53.4329
-53.3326
-53.2305
-53.1273
-53.0232
-52.9181
-52.8119
-52.7045
-52.5959
-52.4863
-52.3771
-52.2673
-52.1563
-52.0441
-55.7349
-55.6544
-55.5733
-55.4915
-55.4090
-55.3258
-55.2513
-55.1674
-55.0825
-54.9969
-54.9094
-54.8223
-54.7355
-54.6483
-54.5539
-54.4650
-54.3754
-54.2849
-54.1937
-54.1016
-54.0037
-53.9093
-53.8139
-53.7170
-53.6193
-53.5208
-53.4204
-53.3189
-53.2167
-53.1134
-53.0090
-52.9035
-52.7992
-52.6938
-52.5873
-52.4798
-52.3713
-52.2615
-52.1514
-52.0389
-55.7201
-55.6396
-55.5583
-55.4764
-55.3938
-55.3105
-55.2271
-55.1529
-55.0702
-54.9861
-54.9013
-54.8160
-54.7291
-54.6413
-54.5519
-54.4561
-54.3663
-54.2756
-54.1835
-54.0905
-53.9967
-53.8986
-53.8010
-53.7038
-53.6059
-53.5071
-53.4074
-53.3082
-53.2064
-53.1052
-53.0030
-52.8997
-52.7954
-52.6900
-52.5834
-52.4752
-52.3648
-52.2536
-52.1412
-52.0285
-55.7141
-55.6260
-55.5458
-55.4649
-55.3834
-55.3013
-55.2186
-55.1351
-55.0510
-54.9773
-54.8934
-54.8080
-54.7217
-54.6336
-54.5443
-54.4539
-54.3539
-54.2625
-54.1702
-54.0772
-53.9833
-53.8885
-53.7910
-53.6947
-53.5973
-53.5004
-53.4028
-53.3043
-53.2049
-53.1046
-52.9993
-52.8952
-52.7896
-52.6829
-52.5751
-52.4661
-52.3560
-52.2444
-52.1321
-52.0183
-55.7058
-55.6262
-55.5476
-55.4579
-55.3765
-55.2944
-55.2116
-55.1281
-55.0433
-54.9577
-54.8831
-54.7983
-64.3764
-66.6086
-54.2494
-54.1586
-54.0674
-53.9755
-53.8828
-53.7892
-53.6946
-53.5953
-53.4983
-53.3992
-53.2994
-53.1988
-53.0973
-52.9948
-52.8905
-52.7810
-52.6742
-52.5664
-52.4574
-52.3473
-52.2359
-52.1231
-52.0094
-55.6979
-55.6192
-55.5392
-55.4577
-55.3663
-55.2836
-55.2001
-63.3841
-63.5994
-63.9274
-64.4227
-65.3613
-73.8247
-54.2450
-54.1545
-54.0633
-53.9714
-53.8786
-53.7848
-53.6892
-53.5926
-53.4931
-53.3923
-53.2923
-53.1905
-53.0888
-52.9862
-52.8826
-52.7767
-52.6656
-52.5578
-52.4488
-52.3386
-52.2279
-52.1181
-52.0072
-55.6891
-55.6074
-63.6337
-63.6996
-63.7936
-63.8543
-64.0309
-64.2710
-64.5990
-65.0587
-65.6928
-69.6633
-72.8079
-54.2388
-54.1501
-54.0577
-53.9645
-53.8707
-53.7760
-53.6805
-53.5840
-53.4865
-53.3879
-53.2842
-53.1833
-53.0813
-52.9778
-52.8741
-52.7690
-52.6619
-52.5559
-52.4454
-52.3380
-52.2299
-52.1203
-52.0095
-64.0102
-64.0827
-64.1554
-64.2742
-64.4268
-64.5708
-64.4649
-64.3552
-64.2812
-64.1999
-64.1171
-64.0334
-63.9491
-63.8640
-54.4998
-54.4095
-54.3193
-54.2253
-54.1333
-54.0483
-53.9569
-53.8630
-53.7683
-53.6729
-53.5767
-53.4795
-53.3835
-53.1760
-53.0717
-52.9703
-52.8690
-52.7664
-52.6624
-52.5572
-52.4509
-52.3427
-52.2274
-52.1151
-52.0015
-64.4391
-64.3477
-64.2486
-64.1414
-63.9958
-63.8502
-63.6774
-63.4768
-63.1633
-62.8782
-54.8419
-54.7555
-54.6683
-54.5798
-54.4912
-54.4018
-54.3115
-54.2205
-54.1258
-54.0328
-53.9470
-53.8549
-53.7601
-62.8334
-65.0461
-70.4772
-53.0742
-52.9718
-52.8705
-52.7682
-52.6637
-52.5563
-52.4477
-52.3379
-52.2269
-52.1079
-51.9961
-63.9381
-63.8513
-63.7072
-63.5474
-63.3737
-63.1741
-55.1845
-55.1015
-55.0174
-54.9199
-54.8337
-54.7473
-54.6602
-54.5723
-54.4836
-54.3941
-54.3039
-54.2128
-54.1208
-62.1991
-62.4553
-62.9403
-63.8264
-65.1484
-67.3485
-68.2499
-69.2596
-70.2162
-72.2586
-52.8707
-64.0181
-69.6013
-63.3617
-52.0041
-63.4909
-55.5644
-55.4910
-55.4204
-55.3416
-55.2620
-55.1763
-55.0945
-55.0109
-54.9256
-54.8263
-54.7399
-54.6527
-54.5647
-54.4760
-54.5357
-62.4428
-62.6078
-62.8408
-63.1636
-63.6739
-64.2202
-65.1086
-66.2878
-66.7857
-67.5128
-68.5786
-69.9773
-71.8221
-64.1709
-55.6370
-55.5573
-55.4770
-55.4025
-55.3316
-55.2530
-55.1729
-55.0860
-55.0037
-54.9212
-54.8352
-54.7983
-62.6471
-62.7137
-62.8123
-62.9464
-63.1240
-63.3563
-63.6639
-64.0612
-64.5825
-65.3368
-65.4195
-65.7327
-66.3039
-67.1542
-68.2177
-69.7222
-71.5775
-52.0034
-55.6301
-55.5503
-55.4700
-55.3884
-55.3068
-55.2415
-55.1641
-55.0845
-63.3122
-64.2800
-66.4755
-63.1211
-63.2298
-63.3687
-63.5444
-63.7696
-64.0473
-64.3959
-64.7803
-64.8926
-65.0670
-65.3246
-65.7410
-66.1494
-66.8505
-68.2110
-52.1092
-52.0053
-55.6234
-55.5431
-55.4627
-55.3817
-63.2155
-63.4067
-63.7835
-64.4462
-65.2978
-74.0854
-63.7292
-63.9019
-64.1084
-64.3605
-64.5584
-64.6271
-64.7321
-64.8919
-65.1180
-65.4286
-65.8466
-66.4637
-67.0602
-68.3868
-75.0683
-74.7180
-67.4611
-52.0022
-63.5196
-63.5642
-63.6306
-63.8007
-64.0364
-64.3592
-64.8374
-71.6390
-72.0340
-63.9074
-64.0320
-64.1908
-64.3811
-64.4593
-64.5067
-64.5789
-64.6866
-64.8409
-65.0490
-65.3226
-65.6763
-66.1276
-66.6933
-66.8738
-67.1606
-67.4415
-68.2490
-70.0532
-70.3110
-62.7276
-62.6570
-62.6096
-62.4956
-62.2892
-52.2532
-59.8284
-59.8049
-64.0317
-64.1719
-64.3544
-64.5288
-64.8349
-65.2470
-69.0973
-69.0009
-68.9266
-64.0340
-64.1128
-64.2345
-64.4407
-64.4443
-64.4988
-64.5532
-64.6364
-63.7738
-63.6761
-63.5759
-63.4730
-63.3662
-63.2488
-63.1266
-62.9985
-62.8633
-62.7496
-62.5901
-62.3710
-62.1793
-61.9612
-61.7033
-61.3834
-60.9603
-60.4086
-60.2309
-60.1924
-60.1005
-60.0884
-60.0556
-64.5750
-64.7595
-64.9121
-64.8335
-64.6891
-64.6324
-64.5333
-64.2089
-64.2680
-64.1926
-64.0998
-64.0055
-63.9092
-63.8659
-63.7602
-63.6718
-63.5618
-63.4501
-63.3344
-63.2145
-63.0845
-62.9469
-62.8021
-62.6486
-62.4846
-62.3077
-62.1150
-61.9582
-61.6866
-61.4107
-61.0549
-60.6955
-60.4805
-60.4351
-60.4006
-60.3777
-60.4226
-60.4253
-60.4168
-60.3523
-64.9095
-64.8278
-64.7448
-64.6603
-64.5809
-64.4246
-64.2680
-64.1726
-64.0753
-63.9760
-63.8745
-63.7705
-63.6612
-63.5501
-63.4358
-63.3668
-63.2434
-63.1322
-62.9964
-62.8520
-62.7003
-62.5400
-62.3697
-62.1877
-61.9915
-61.7784
-61.5454
-61.2898
-61.0663
-53.0758
-60.7602
-60.6860
-60.6544
-60.6298
-60.6138
-60.6047
-60.6024
-60.6609
-60.7124
-60.7346
-64.7656
-64.6788
-64.5905
-64.4504
-64.3526
-64.2526
-64.1503
-63.9880
-63.8870
-63.7795
-63.6693
-63.5530
-63.4351
-63.3134
-63.1863
-63.0556
-62.9646
-62.8170
-62.6775
-62.5159
-62.3456
-62.1651
-61.9730
-61.7682
-61.5506
-61.3274
-53.4195
-61.0361
-60.9909
-60.9546
-60.9784
-60.9213
-60.9048
-60.8573
-60.8515
-60.8519
-60.8587
-60.8725
-60.8945
-61.0696
-64.6028
-64.4758
-64.3776
-64.2780
-64.1754
-64.0705
-63.9630
-63.8518
-63.6834
-63.5676
-63.4467
-63.3237
-63.1969
-63.0646
-62.9269
-62.7809
-62.6290
-62.5132
-62.3458
-62.1704
-62.0001
-61.8089
-61.6158
-61.4461
-61.3622
-61.2654
-61.2238
-61.1893
-61.1610
-61.1370
-61.1196
-61.1693
-61.1223
-61.1186
-61.0825
-61.0902
-61.1042
-61.1239
-64.9394
-69.7314
-64.4103
-64.3099
-64.2075
-64.1030
-63.9960
-63.8859
-63.7725
-63.6562
-63.5360
-63.4095
-63.2306
-63.0999
-62.9630
-62.8192
-62.6701
-62.5153
-62.3544
-62.1877
-62.0163
-61.8825
-61.7255
-61.6417
-61.5220
-61.4764
-61.4370
-61.4151
-61.3868
-61.3620
-61.3432
-61.3289
-61.3192
-61.3140
-61.3888
-61.3874
-61.3433
-61.3159
-63.7953
-65.0143
-65.2691
-65.1716
-64.2362
-64.1318
-64.0409
-63.9315
-63.8196
-63.7047
-63.5868
-63.4646
-63.3370
-63.2072
-63.0710
-62.8807
-62.7356
-62.5859
-62.4319
-62.2748
-62.1180
-61.9723
-54.1108
-61.7500
-61.7380
-61.6940
-61.6555
-61.6351
-61.6062
-61.5814
-61.5590
-61.5420
-61.5290
-61.5199
-61.5148
-61.5143
-61.5183
-61.6242
-63.8867
-64.3788
-65.3056
-61.1217
-60.8643
-60.7392
-64.0988
-63.9903
-63.8793
-63.7657
-63.6491
-63.5297
-63.4072
-63.2797
-63.1482
-63.0106
-62.8693
-62.7244
-62.5768
-62.3870
-62.2501
-54.4274
-62.0770
-61.9629
-61.9167
-61.8754
-61.8383
-61.8443
-61.8153
-61.7887
-61.7778
-61.7592
-61.7441
-61.7330
-61.7299
-61.7266
-61.7275
-61.7326
-61.7470
-70.4422
-61.2354
-61.1403
-60.9846
-60.8214
-60.6947
-63.8786
-63.8359
-63.7212
-63.6036
-63.4833
-63.3600
-63.2321
-63.0997
-62.9649
-62.8283
-62.6918
-62.5616
-62.4475
-62.3719
-62.2158
-62.1670
-62.1224
-62.0819
-62.0449
-62.0114
-61.9832
-61.9565
-61.9313
-61.9518
-61.9208
-61.9052
-61.9091
-61.9027
-61.8998
-61.9009
-61.9104
-65.6713
-65.9122
-61.4444
-61.3074
-61.1586
-61.0389
-60.9184
-60.8148
-60.6888
-63.7357
-63.6205
-63.5697
-63.4497
-63.3266
-63.1993
-63.0711
-62.9435
-62.8207
-62.7116
-54.8157
-62.5585
-62.4606
-62.4006
-62.3569
-62.2732
-62.2374
-62.2047
-62.1746
-62.1473
-62.1227
-62.0993
-62.0801
-62.0638
-62.0934
-62.0832
-62.0763
-62.0880
-62.0793
-65.7796
-61.7294
-61.6207
-61.5098
-61.3786
-61.2351
-61.1162
-60.9959
-60.8740
-60.7502
-63.8476
-63.6001
-63.4695
-63.3510
-63.2286
-63.1711
-63.0546
-62.9481
-55.0861
-62.8014
-62.6883
-62.6414
-62.5980
-62.5576
-62.5199
-62.4850
-62.4526
-62.4221
-62.3483
-62.3230
-62.2986
-62.2781
-62.2602
-62.2378
-62.2242
-62.2135
-62.2514
-62.2470
-61.9755
-61.8912
-61.7991
-61.6897
-61.5785
-61.4261
-61.3110
-61.1934
-61.0748
-64.0482
-63.9089
-63.7656
-63.6159
-63.4634
-63.3492
-63.2377
-63.1338
-55.3921
-63.0375
-62.9248
-62.8765
-62.8318
-62.7901
-62.7514
-62.7153
-62.6819
-62.6506
-62.6207
-62.5928
-62.5622
-62.5364
-62.4658
-62.4459
-62.4282
-62.4130
-62.4002
-62.3900
-62.2184
-62.1112
-62.0704
-61.9645
-61.8566
-61.7464
-61.6483
-61.5024
-61.3875
-61.2714
-64.1575
-64.0211
-63.8809
-63.7367
-63.5884
-63.4351
-63.3767
-63.2848
-63.2134
-63.1631
-63.0484
-63.0015
-62.9574
-62.9784
-62.9406
-62.9053
-62.8687
-62.8368
-62.8073
-62.7797
-62.7539
-62.7279
-62.7053
-62.6847
-62.6661
-62.5995
-62.5842
-62.5205
-62.3934
-62.2881
-62.2037
-62.0998
-61.9936
-61.8864
-61.8205
-61.6773
-61.5651
-64.3773
-64.2744
-64.1408
-64.0038
-63.8632
-63.7186
-63.5698
-63.4171
-63.2614
-63.3911
-63.2787
-63.2306
-63.1856
-63.1430
-63.0994
-63.0611
-63.0247
-62.9902
-63.0225
-62.9931
-62.9653
-62.9392
-62.9147
-62.8906
-62.8702
-62.8512
-62.8334
-62.8177
-62.7197
-62.6169
-62.4626
-62.3795
-62.2755
-62.1723
-62.0668
-61.9600
-61.8505
-61.7131
-64.5040
-64.3746
-64.2423
-64.1068
-63.9953
-63.8580
-63.7134
-63.5647
-63.4114
-63.2540
-63.0911
-63.4074
-63.3635
-63.3217
-63.2821
-63.2444
-63.2085
-63.1742
-63.1417
-63.1108
-63.0815
-63.1203
-63.0956
-63.0708
-63.0494
-63.0297
-63.0119
-62.9871
-62.8884
-62.7875
-62.6858
-62.5830
-62.5009
-62.3490
-62.2452
-62.1402
-62.0341
-64.6732
-64.5526
-64.4274
-64.3031
-64.2500
-64.1146
-63.9758
-63.8337
-63.6881
-63.5646
-63.4121
-63.2555
-63.0952
-62.9336
-63.5000
-63.4613
-63.4242
-63.3887
-63.3549
-63.3225
-63.2914
-63.2620
-63.2338
-63.2071
-63.1801
-63.1565
-63.2045
-63.1857
-63.1477
-63.0508
-62.9529
-62.8541
-62.7544
-62.6741
-62.5738
-62.4711
-62.3674
-62.2626
-64.8549
-64.6893
-64.5665
-64.4413
-64.3133
-64.1826
-64.0490
-63.9122
-63.8451
-63.6999
-63.5516
-63.4053
-63.2719
-63.1107
-62.9446
-62.7719
