-71.4134
-71.3502
-71.2820
-71.2162
-71.1491
-71.0815
-71.0754
-71.0117
-70.9547
-70.8547
-70.7419
-70.6276
-70.5120
-70.3953
-70.2776
-70.1594
-70.0394
-69.9188
-69.8008
-69.6889
-69.5914
-61.7381
-61.6843
-61.6309
-61.5778
-61.5233
-61.4683
-61.4127
-61.3575
-61.3025
-61.2002
-61.1498
-61.1006
-61.0513
-61.0016
-60.9498
-60.8971
-60.8438
-60.7926
-60.7429
-71.4091
-71.3466
-71.2792
-71.2141
-71.1476
-71.0798
-71.0740
-71.0050
-70.9506
-70.8829
-70.7776
-70.6627
-70.5465
-70.4290
-70.3103
-70.1904
-70.0699
-69.9471
-69.8244
-69.7044
-69.5911
-69.4938
-61.6447
-61.5906
-61.5369
-61.4831
-61.4281
-61.3726
-61.3164
-61.2609
-61.2053
-61.1042
-61.0537
-61.0040
-60.9542
-60.9039
-60.8511
-60.7978
-60.7439
-60.6934
-71.4046
-71.3427
-71.2798
-71.2118
-71.1461
-71.0791
-71.0107
-71.0043
-70.9407
-70.8797
-70.8112
-70.7002
-70.5833
-70.4651
-70.3455
-70.2247
-70.1025
-69.9797
-69.8540
-69.7290
-69.6068
-69.4922
-69.3956
-61.5506
-61.4961
-61.4420
-61.3875
-61.3320
-61.2759
-61.2192
-61.1634
-61.0589
-61.0072
-60.9563
-60.9064
-60.8560
-60.8048
-60.7514
-60.6975
-60.6433
-71.3997
-71.3387
-71.2765
-71.2130
-71.1445
-71.0782
-71.0106
-70.9415
-70.9346
-70.8702
-70.8088
-70.7394
-70.6225
-70.5037
-70.3834
-70.2616
-70.1384
-70.0141
-69.8882
-69.7600
-69.6326
-69.5084
-69.3924
-69.2965
-61.4558
-61.4007
-61.3462
-61.2910
-61.2349
-61.1783
-61.1211
-61.0648
-60.9614
-60.9092
-60.8583
-60.8078
-60.7569
-60.7046
-60.6507
-60.5962
-71.3944
-71.3342
-71.2729
-71.2103
-71.1463
-71.0773
-71.0105
-70.9422
-70.8732
-70.8651
-70.7998
-70.7421
-70.6639
-70.5447
-70.4238
-70.3013
-70.1772
-70.0517
-69.9250
-69.7959
-69.6652
-69.5353
-69.4089
-69.2915
-69.1968
-61.3599
-61.3043
-61.2495
-61.1936
-61.1369
-61.0797
-61.0222
-60.9653
-60.8629
-60.8103
-60.7593
-60.7083
-60.6568
-60.6035
-60.5489
-71.3887
-71.3294
-71.2690
-71.2072
-71.1442
-71.0762
-71.0103
-70.9429
-70.8740
-70.8662
-70.7957
-70.7410
-70.6715
-70.5880
-70.4666
-70.3436
-70.2188
-70.0923
-69.9645
-69.8352
-69.7028
-69.5695
-69.4370
-69.3083
-69.1897
-69.0965
-61.2632
-61.2070
-61.1518
-61.0952
-61.0379
-60.9801
-60.9223
-60.8167
-60.7634
-60.7104
-60.6593
-60.6077
-60.5557
-60.5012
-71.3145
-71.3241
-71.2646
-71.2039
-71.1418
-71.0784
-71.0098
-70.9434
-70.8755
-70.8059
-70.7977
-70.7329
-70.6715
-70.6010
-70.5120
-70.3884
-70.2631
-70.1360
-70.0072
-69.8767
-69.7449
-69.6090
-69.4729
-69.3377
-69.2066
-69.0868
-68.9956
-61.1655
-61.1089
-61.0531
-60.9958
-60.9380
-60.8795
-60.8213
-60.7168
-60.6630
-60.6099
-60.5582
-60.5061
-60.4531
-71.2064
-71.2317
-71.2586
-71.2000
-71.1389
-71.0765
-71.0127
-70.9437
-70.8768
-70.8083
-70.7380
-70.7295
-70.6638
-70.6063
-70.5309
-70.4359
-70.3103
-70.1826
-70.0530
-69.9216
-69.7885
-69.6531
-69.5143
-69.3753
-69.2373
-69.1037
-68.9828
-68.8943
-61.0668
-61.0098
-60.9533
-60.8954
-60.8370
-60.7778
-60.7193
-60.6158
-60.5616
-60.5084
-60.4561
-60.4034
-71.0969
-71.1217
-71.1483
-71.1768
-71.1357
-71.0745
-71.0117
-70.9439
-70.8781
-70.8105
-70.7414
-70.6705
-70.6617
-70.5951
-70.5373
-70.4609
-70.3601
-70.2319
-70.1019
-69.9697
-69.8357
-69.6997
-69.5607
-69.4189
-69.2769
-69.1359
-68.9998
-68.8777
-68.7928
-60.9671
-60.9097
-60.8525
-60.7940
-60.7350
-60.6752
-60.5756
-60.5138
-60.4588
-60.4058
-60.3529
-70.9914
-71.0104
-71.0363
-71.0642
-71.0940
-71.0716
-71.0101
-70.9470
-70.8788
-70.8126
-70.7448
-70.6751
-70.6660
-70.5943
-70.5402
-70.4690
-70.3914
-70.2842
-70.1537
-70.0210
-69.8863
-69.7494
-69.6105
-69.4676
-69.3228
-69.1775
-69.0333
-68.8945
-68.7717
-60.9245
-60.8665
-60.8086
-60.7506
-60.6915
-60.6319
-60.5716
-60.4659
-60.4107
-60.3552
-60.3022
-70.8788
-70.9030
-70.9231
-70.9503
-70.9795
-71.0108
-71.0078
-70.9460
-70.8827
-70.8142
-70.7475
-70.6792
-70.6089
-70.5996
-70.5339
-70.4730
-70.4011
-70.3225
-70.2088
-70.0757
-69.9403
-69.8028
-69.6630
-69.5208
-69.3741
-69.2259
-69.0771
-68.9296
-68.7880
-68.6646
-60.8234
-60.7647
-60.7065
-60.6477
-60.5880
-60.5277
-60.4670
-60.3623
-60.3065
-60.2510
-70.7654
-70.7884
-70.8138
-70.8352
-70.8637
-70.8944
-70.9272
-70.9443
-70.8824
-70.8188
-70.7500
-70.6829
-70.6142
-70.5433
-70.5339
-70.4674
-70.4105
-70.3335
-70.2539
-70.1333
-69.9977
-69.8596
-69.7190
-69.5761
-69.4301
-69.2800
-69.1283
-68.9760
-68.8249
-68.6804
-68.5567
-60.7213
-60.6620
-60.6033
-60.5438
-60.4834
-60.4224
-60.3207
-60.2577
-60.2010
-70.6511
-70.6729
-70.6972
-70.7237
-70.7464
-70.7764
-70.8086
-70.8430
-70.8796
-70.8192
-70.7518
-70.6863
-70.6189
-70.5497
-70.4782
-70.4687
-70.4159
-70.3445
-70.2667
-70.1859
-70.0582
-69.9197
-69.7788
-69.6351
-69.4890
-69.3389
-69.1851
-69.0297
-68.8736
-68.7187
-68.5713
-68.4480
-60.6181
-60.5581
-60.4990
-60.4387
-60.3777
-60.3159
-60.2085
-60.1519
-70.5366
-70.5566
-70.5796
-70.6050
-70.6329
-70.6571
-70.6884
-70.7222
-70.7583
-70.7968
-70.7565
-70.6890
-70.6232
-70.5556
-70.4858
-70.4763
-70.4041
-70.3515
-70.2795
-70.2006
-70.1187
-69.9835
-69.8422
-69.6980
-69.5513
-69.4018
-69.2472
-69.0896
-68.9303
-68.7701
-68.6114
-68.4608
-68.3384
-60.5138
-60.4532
-60.3936
-60.3325
-60.2709
-60.2084
-60.1023
-70.4224
-70.4401
-70.4612
-70.4853
-70.5119
-70.5413
-70.5668
-70.5999
-70.6354
-70.6733
-70.7136
-70.6946
-70.6269
-70.5609
-70.4930
-70.4227
-70.4133
-70.3474
-70.2923
-70.2154
-70.1354
-70.0507
-69.9093
-69.7650
-69.6177
-69.4674
-69.3143
-69.1552
-68.9936
-68.8302
-68.6656
-68.5027
-68.3491
-68.2283
-60.4084
-60.3472
-60.2869
-60.2252
-60.1628
-60.0591
-70.3097
-70.3240
-70.3425
-70.3646
-70.3899
-70.4181
-70.4488
-70.4759
-70.5106
-70.5479
-70.5878
-70.6301
-70.6333
-70.5655
-70.4993
-70.4311
-70.3606
-70.3512
-70.2848
-70.2299
-70.1522
-70.0713
-69.9800
-69.8356
-69.6882
-69.5376
-69.3838
-69.2260
-69.0630
-68.8972
-68.7291
-68.5599
-68.3926
-68.2360
-68.1176
-60.3019
-60.2402
-60.1791
-60.1167
-60.0536
-70.2008
-70.2095
-70.2245
-70.2440
-70.2671
-70.2935
-70.3231
-70.3555
-70.3843
-70.4207
-70.4599
-70.5018
-70.5458
-70.5692
-70.5049
-70.4388
-70.3703
-70.2994
-70.2901
-70.2402
-70.1689
-70.0904
-70.0084
-69.9103
-69.7628
-69.6121
-69.4579
-69.3005
-69.1378
-68.9704
-68.8001
-68.6271
-68.4532
-68.2813
-68.1214
-68.0066
-60.1942
-60.1321
-60.0701
-60.0070
-70.1014
-70.0998
-70.1083
-70.1237
-70.1441
-70.1684
-70.1963
-70.2273
-70.2613
-70.2918
-70.3301
-70.3714
-70.4154
-70.4609
-70.5034
-70.4455
-70.3792
-70.3105
-70.3019
-70.2376
-70.1851
-70.1093
-70.0299
-69.9467
-69.8417
-69.6909
-69.5366
-69.3788
-69.2174
-69.0497
-68.8777
-68.7025
-68.5246
-68.3454
-68.1685
-68.0054
-60.1730
-60.0853
-60.0227
-59.9599
-70.0195
-70.0011
-69.9977
-70.0059
-70.0218
-70.0430
-70.0686
-70.0979
-70.1305
-70.1663
-70.1986
-70.2389
-70.2823
-70.3286
-70.3758
-70.4207
-70.3872
-70.3209
-70.2521
-70.2439
-70.1793
-70.1277
-70.0512
-69.9710
-69.8868
-69.7742
-69.6201
-69.4622
-69.3004
-69.1346
-68.9616
-68.7848
-68.6045
-68.4212
-68.2364
-68.0542
-67.8880
-60.0388
-59.9752
-59.9121
-62.2617
-69.9240
-69.9005
-69.8948
-69.9025
-69.9185
-69.9408
-69.9676
-69.9983
-70.0326
-70.0704
-70.1046
-70.1471
-70.1927
-70.2414
-70.2868
-70.3378
-70.3301
-70.2639
-70.1950
-70.1874
-70.1415
-70.0720
-69.9949
-69.9139
-69.8286
-69.7082
-69.5505
-69.3888
-69.2229
-69.0518
-68.8740
-68.6919
-68.5061
-68.3171
-68.1263
-67.9383
-67.7692
-59.9282
-59.8639
-62.2307
-62.1727
-69.8321
-69.7996
-69.7909
-69.7976
-69.8141
-69.8372
-69.8653
-69.8977
-69.9338
-69.9735
-70.0099
-70.0546
-70.1027
-70.1540
-70.2011
-70.2548
-70.2745
-70.2084
-70.1396
-70.1327
-70.0881
-70.0185
-69.9408
-69.8589
-69.7725
-69.6438
-69.4824
-69.3167
-69.1465
-68.9697
-68.7866
-68.5992
-68.4075
-68.2122
-68.0150
-67.8208
-67.6491
-59.8163
-62.1973
-62.1401
-62.0829
-62.0234
-69.6985
-69.6861
-69.6916
-69.7083
-69.7323
-69.7618
-69.7958
-69.8339
-69.8757
-69.9143
-69.9614
-70.0121
-70.0654
-70.1152
-70.1718
-70.2205
-70.1546
-70.0868
-70.0875
-70.0410
-69.9671
-69.8890
-69.8063
-69.7188
-69.5814
-69.4162
-69.2462
-69.0714
-68.8885
-68.6999
-68.5066
-68.3086
-68.1068
-67.9025
-67.7017
-67.5276
-62.1634
-62.1069
-62.0493
-61.9918
-61.9322
-69.5978
-69.5805
-69.5844
-69.6011
-69.6260
-69.6570
-69.6928
-69.7329
-69.7770
-69.8180
-69.8676
-69.9210
-69.9764
-70.0292
-70.0888
-70.1522
-70.1028
-70.0983
-70.0372
-69.9924
-69.9185
-69.8399
-69.7565
-69.6738
-69.5214
-69.3520
-69.1776
-68.9973
-68.8085
-68.6141
-68.4145
-68.2098
-68.0006
-67.7887
-67.5808
-62.1293
-62.0727
-62.0157
-61.9576
-61.8996
-61.8402
-69.4975
-69.4744
-69.4760
-69.4926
-69.5183
-69.5508
-69.5885
-69.6307
-69.6774
-69.7208
-69.7733
-69.8296
-69.8839
-69.9430
-70.0061
-70.0730
-70.0532
-70.0502
-70.0123
-69.9468
-69.8728
-69.7939
-69.7098
-69.6323
-69.4639
-69.2903
-69.1110
-68.9246
-68.7299
-68.5294
-68.3231
-68.1110
-67.8939
-67.6737
-62.0984
-62.0390
-61.9811
-61.9235
-61.8651
-61.8071
-61.7473
-69.3982
-69.3679
-69.3665
-69.3826
-69.4092
-69.4431
-69.4828
-69.5275
-69.5766
-69.6229
-69.6783
-69.7378
-69.7944
-69.8570
-69.9236
-69.9943
-70.0061
-70.0047
-69.9737
-69.9045
-69.8305
-69.7514
-69.6730
-69.5821
-69.4096
-69.2313
-69.0470
-68.8539
-68.6532
-68.4462
-68.2325
-68.0125
-67.7868
-62.0677
-62.0078
-61.9478
-61.8886
-61.8306
-61.7716
-61.7131
-61.6536
-61.5908
-69.2613
-69.2558
-69.2711
-69.2986
-69.3341
-69.3759
-69.4230
-69.4749
-69.5241
-69.5827
-69.6457
-69.7047
-69.7710
-69.8414
-69.9162
-69.9626
-69.9704
-69.9345
-69.8659
-69.7922
-69.7129
-69.7066
-69.5358
-69.3587
-69.1756
-68.9860
-68.7861
-68.5789
-68.3646
-68.1432
-67.9145
-62.0374
-61.9769
-61.9163
-61.8558
-61.7952
-61.7361
-61.6772
-61.6183
-61.5582
-61.4956
-69.1550
-69.1442
-69.1582
-69.1863
-69.2236
-69.2675
-69.3172
-69.3721
-69.4245
-69.4865
-69.5527
-69.6151
-69.6850
-69.7597
-69.8389
-69.9858
-69.9581
-69.8993
-69.8316
-69.7583
-69.6857
-69.6686
-69.4935
-69.3119
-69.1239
-68.9280
-68.7214
-68.5072
-68.2853
-68.0552
-62.0147
-61.9463
-61.8852
-61.8240
-61.7630
-61.7015
-61.6413
-61.5819
-61.5225
-61.4619
-61.3994
-69.0495
-69.0318
-69.0438
-69.0725
-69.1113
-69.1577
-69.2103
-69.2683
-69.3241
-69.3898
-69.4557
-69.5250
-69.5995
-69.6786
-69.7626
-69.9177
-69.9258
-69.8688
-69.8021
-69.7296
-69.8081
-69.6353
-69.4561
-69.2701
-69.0768
-68.8740
-68.6607
-68.4391
-68.2088
-61.9827
-61.9226
-61.8542
-61.7927
-61.7310
-61.6690
-61.6072
-61.5456
-61.4856
-61.4257
-61.3646
-61.3023
-68.9453
-68.9188
-68.9280
-68.9569
-68.9975
-69.0463
-69.1019
-69.1635
-69.2228
-69.2926
-69.3616
-69.4353
-69.5142
-69.5982
-69.6875
-69.8492
-69.9032
-69.8435
-69.7784
-69.7069
-69.7847
-69.6082
-69.4248
-69.2341
-69.0354
-68.8250
-68.6046
-68.3751
-61.9504
-61.8903
-61.8218
-61.7609
-61.6992
-61.6370
-61.5742
-61.5119
-61.4489
-61.3889
-61.3279
-61.2664
-61.2042
-61.1386
-68.8058
-68.8106
-68.8395
-68.8819
-68.9335
-68.9922
-69.0575
-69.1208
-69.1949
-69.2673
-69.3457
-69.4295
-69.5188
-69.6137
-69.8063
-69.8818
-69.8244
-69.7610
-69.7044
-69.7681
-69.5742
-69.3957
-69.2048
-68.9828
-68.7794
-68.5543
-61.9178
-61.8576
-61.7970
-61.7282
-61.6667
-61.6049
-61.5421
-61.4788
-61.4150
-61.3517
-61.2907
-61.2292
-61.1671
-61.1043
-61.0389
-68.6929
-68.6921
-68.7203
-68.7644
-68.8188
-68.8811
-68.9504
-69.0179
-69.0938
-69.1728
-69.2562
-69.3454
-69.4405
-69.6042
-69.8121
-69.8669
-69.8123
-69.7510
-69.9359
-69.7515
-69.5576
-69.3570
-69.1674
-68.9689
-68.7234
-61.8853
-61.8248
-61.7640
-61.7029
-61.6335
-61.5716
-61.5094
-61.4463
-61.3824
-61.3178
-61.2538
-61.1915
-61.1294
-61.0668
-61.0035
-60.9382
-68.5813
-68.5724
-68.5994
-68.6451
-68.7024
-68.7685
-68.8422
-68.9144
-68.9953
-69.0784
-69.1672
-69.2622
-69.3636
-69.5352
-69.7650
-69.8595
-69.8080
-69.7564
-69.9356
-69.7448
-69.5473
-69.3426
-69.1301
-68.9247
-61.8518
-61.7920
-61.7309
-61.6694
-61.6078
-61.5380
-61.4755
-61.4126
-61.3495
-61.2850
-61.2195
-61.1550
-61.0911
-61.0286
-60.9654
-60.9016
-60.8365
-68.4717
-68.4518
-68.4765
-68.5238
-68.5843
-68.6544
-68.7328
-68.8100
-68.8959
-68.9840
-69.0788
-69.1801
-69.2886
-69.4925
-69.7183
-69.8606
-69.8125
-70.1286
-69.9549
-69.7278
-69.5445
-69.3175
-69.1002
-61.8242
-61.7639
-61.7035
-61.6361
-61.5741
-61.5117
-61.4415
-61.3784
-61.3149
-61.2517
-61.1867
-61.1206
-61.0556
-60.9899
-60.9266
-60.8630
-60.7986
-60.7334
-60.6648
-68.3309
-68.3516
-68.4002
-68.4640
-68.5386
-68.6222
-68.7050
-68.7957
-68.8897
-68.9910
-69.0995
-69.2154
-69.4291
-69.6776
-69.8497
-69.8353
-70.1579
-69.9827
-69.7732
-69.5326
-69.3193
-61.7930
-61.7305
-61.6692
-61.6081
-61.5464
-61.4837
-61.4206
-61.3498
-61.2803
-61.2162
-61.1526
-61.0873
-61.0207
-60.9547
-60.8884
-60.8236
-60.7594
-60.6945
-60.6287
-60.5602
-68.2104
-68.2250
-68.2744
-68.3418
-68.4211
-68.5105
-68.5965
-68.6953
-68.7959
-68.9042
-69.0206
-69.2049
-69.4667
-69.6425
-69.8283
-70.3691
-70.2015
-70.0252
-69.8396
-69.5848
-61.7622
-61.6994
-61.6364
-61.5735
-61.5119
-61.4496
-61.3866
-61.3228
-61.2514
-61.1871
-61.1223
-61.0580
-60.9920
-60.9197
-60.8528
-60.7858
-60.7194
-60.6545
-60.5892
-60.5229
-60.4546
-68.0914
-68.0967
-68.1463
-68.2172
-68.3019
-68.3975
-68.4902
-68.5948
-68.7026
-68.8188
-68.9438
-69.1390
-69.4261
-69.6152
-69.8164
-70.4291
-70.2617
-70.0854
-69.8987
-61.7315
-61.6685
-61.6049
-61.5413
-61.4773
-61.4147
-61.3518
-61.2884
-61.2166
-61.1520
-61.0871
-61.0217
-60.9567
-60.8907
-60.8232
-60.7556
-60.6876
-60.6141
-60.5486
-60.4826
-60.4159
-60.3477
-67.9753
-67.9670
-68.0156
-68.0905
-68.1806
-68.2832
-68.3833
-68.4942
-68.6100
-68.7351
-68.8697
-69.1005
-69.3918
-69.5971
-70.6408
-70.5077
-70.3416
-70.1661
-61.6990
-61.6373
-61.5738
-61.5097
-61.4452
-61.3806
-61.3165
-61.2530
-61.1892
-61.1170
-61.0516
-60.9861
-60.9200
-60.8543
-60.7879
-60.7207
-60.6519
-60.5829
-60.5140
-60.4469
-60.3801
-60.3128
-60.2393
-60.1674
-67.8364
-67.8823
-67.9610
-68.0575
-68.1676
-68.2761
-68.3938
-68.5185
-68.6564
-68.8020
-69.1574
-69.3666
-69.5905
-70.7251
-70.6078
-70.4445
-61.6577
-61.6038
-61.5416
-61.4781
-61.4135
-61.3483
-61.2833
-61.2176
-61.1533
-61.0888
-61.0163
-60.9503
-60.8839
-60.8173
-60.7509
-60.6838
-60.6165
-60.5471
-60.4771
-60.4075
-60.3387
-60.2712
-60.2032
-60.1344
-60.0626
-67.7365
-67.7465
-67.8287
-67.9320
-68.0481
-68.1684
-68.2938
-68.4314
-68.5774
-68.7924
-69.1237
-69.3525
-69.6450
-70.8335
-70.7333
-61.6239
-61.5621
-61.5076
-61.4449
-61.3815
-61.3163
-61.2506
-61.1847
-61.1184
-61.0525
-60.9874
-60.9146
-60.8479
-60.7808
-60.7135
-60.6459
-60.5786
-60.5112
-60.4412
-60.3705
-60.2998
-60.2294
-60.1611
-60.0924
-60.0229
-59.9515
-67.6088
-67.6391
-67.7253
-67.8369
-67.9634
-68.0605
-68.1973
-68.3432
-68.5016
-68.7321
-69.1006
-69.3520
-70.9691
-70.9704
