-66.0715
-69.0587
-69.8903
-68.5604
-76.8029
-71.1691
-69.4687
-71.8736
-72.2755
-72.6464
-72.9878
-73.2932
-73.5686
-73.8529
-73.8283
-73.3673
-72.9759
-72.6476
-72.3732
-70.2989
-72.9736
-74.4771
-75.1026
-75.5129
-75.8168
-76.0578
-76.2641
-83.5781
-80.8192
-79.6924
-79.0764
-78.7436
-78.5650
-83.1602
-66.6495
-74.9106
-72.6359
-65.3905
-67.6161
-68.3609
-69.4372
-71.9678
-72.4447
-72.8328
-73.1808
-73.4870
-73.7600
-74.0385
-73.7912
-73.2389
-72.7785
-72.3991
-70.0466
-70.2517
-76.5016
-76.5879
-76.7511
-76.8439
-76.9285
-77.0103
-77.0883
-77.1836
-83.7116
-81.4813
-80.5427
-79.9148
-79.3459
-78.6582
-81.9537
-83.9535
-82.0138
-65.2337
-67.4507
-67.8405
-68.9576
-71.5937
-72.2215
-72.7240
-73.1382
-73.4620
-73.7597
-74.0217
-74.2557
-73.7900
-73.1112
-72.5542
-72.1071
-69.9857
-70.1838
-84.7385
-83.7106
-81.8766
-78.1133
-78.1649
-78.1069
-78.0790
-78.0588
-79.7209
-79.4151
-79.2028
-78.7853
-78.1798
-85.1118
-78.2923
-64.5097
-65.0540
-67.2984
-67.7187
-69.0051
-71.9948
-72.6701
-73.1749
-73.5730
-73.8997
-76.2714
-75.3747
-74.6878
-73.9215
-73.0223
-72.3208
-69.7214
-69.9293
-70.1296
-70.7834
-73.7604
-81.2952
-81.4962
-81.8929
-80.2831
-82.7777
-81.3692
-80.4152
-78.1450
-77.5309
-77.3135
-76.8344
-76.7113
-77.2638
-77.0027
-64.8860
-67.1404
-67.6008
-71.7644
-72.8538
-73.4863
-77.4013
-76.0963
-75.0759
-74.1903
-72.8904
-71.9635
-69.6493
-69.8641
-70.5632
-73.5353
-73.6842
-73.0781
-82.8065
-81.8226
-80.0388
-84.2905
-82.8633
-82.0017
-81.1283
-79.2303
-78.2508
-77.8912
-77.4678
-76.5741
-76.4468
-75.0386
-66.9840
-67.4839
-74.9074
-75.0549
-75.1586
-75.2619
-77.1976
-75.7165
-74.9248
-72.7242
-69.3492
-69.5801
-69.8028
-73.7479
-74.3961
-73.5668
-72.8085
-83.9957
-81.8008
-79.6699
-85.4893
-84.1128
-83.0659
-82.2135
-78.5561
-77.8313
-77.3062
-76.8611
-76.5281
-74.9570
-76.6125
-67.3851
-67.9031
-83.2700
-76.2223
-77.0552
-75.4523
-72.5817
-69.2680
-69.5157
-75.8512
-75.9370
-76.0239
-73.4397
-72.4983
-69.8928
-82.6465
-81.9645
-79.1207
-83.8710
-79.6385
-77.8403
-77.0454
-76.5426
-76.1725
-74.6550
-76.3451
-75.7174
-67.8737
-68.3580
-76.1236
-77.3338
-68.9592
-69.2032
-69.1902
-69.4159
-80.2818
-73.3023
-69.6548
-69.8040
-69.9650
-82.4472
-82.5400
-75.4347
-74.6021
-83.8146
-77.8027
-76.6024
-76.0042
-74.4736
-73.5083
-76.0715
-76.3358
-78.5401
-68.4074
-68.3725
-75.0325
-67.2150
-67.4902
-68.8765
-69.1334
-69.1042
-69.3728
-69.6057
-73.1605
-69.5629
-69.7290
-69.8781
-70.0387
-72.6444
-73.3067
-72.6631
-72.8555
-73.9706
-74.2085
-74.3758
-74.5687
-74.5535
-74.5320
-74.5020
-74.4663
-74.4231
-73.4362
-73.4875
-82.2430
-68.3055
-67.8528
-67.4206
-65.0412
-67.0561
-67.8806
-68.2020
-68.5046
-68.8027
-69.0741
-69.0403
-69.2883
-69.5438
-69.7629
-69.2632
-69.4415
-69.6158
-69.7685
-71.6046
-71.9972
-72.3696
-73.1736
-73.2489
-72.4525
-72.8513
-74.0542
-74.2921
-74.5120
-74.7173
-74.7211
-74.6658
-74.6008
-74.5305
-74.4075
-73.4256
-73.4721
-73.5266
-73.9726
-67.7586
-67.2613
-64.8918
-66.9457
-67.8064
-68.1508
-68.4696
-68.7687
-69.0680
-69.0233
-69.2801
-69.5404
-69.7649
-69.1942
-69.3770
-69.5553
-69.7291
-71.8138
-72.2179
-73.1954
-73.3193
-73.1324
-72.3322
-72.9708
-73.9413
-74.5470
-74.7638
-74.9649
-75.0079
-74.9059
-74.7901
-74.6719
-74.4989
-73.4525
-73.4986
-73.5069
-73.4030
-73.0507
-71.9251
-72.0124
-67.1067
-64.7470
-66.8604
-67.7586
-68.1239
-68.4528
-68.7661
-68.7205
-69.0008
-69.2655
-69.5163
-68.9160
-69.1082
-69.2949
-69.4784
-71.6188
-72.1164
-73.2032
-73.5236
-73.1728
-72.2518
-72.1708
-74.2263
-74.1697
-74.8084
-75.0145
-75.2041
-75.3152
-75.1527
-74.9745
-74.7840
-74.5497
-73.4517
-73.4406
-73.2921
-72.9118
-71.7517
-71.8397
-71.9278
-72.0205
-64.5989
-66.7636
-67.7046
-68.0924
-68.4487
-68.7675
-68.7049
-68.9951
-69.2677
-69.5193
-68.8215
-69.0248
-69.2158
-71.3852
-72.2009
-73.4910
-73.8753
-74.0236
-73.0234
-72.0890
-73.1746
-74.6123
-74.4766
-75.1478
-75.3355
-75.5064
-75.6653
-75.4931
-75.2216
-74.9337
-74.6124
-73.4382
-73.2172
-73.0426
-71.5786
-71.6666
-71.7549
-71.8439
-72.9066
-73.1015
-67.2075
-67.6725
-68.0845
-68.4616
-68.8042
-68.7104
-69.0100
-69.2896
-68.5340
-68.7384
-68.9432
-69.1416
-73.3105
-74.6562
-74.8935
-74.9914
-74.7714
-72.8275
-71.9215
-73.4097
-75.1396
-74.8906
-75.5793
-75.7438
-75.8861
-76.0180
-75.9778
-75.5719
-75.1410
-73.4598
-73.2195
-72.9427
-71.5996
-71.4944
-71.5823
-71.6697
-71.7611
-72.8762
-73.0880
-72.6738
-67.6819
-68.1233
-68.5209
-68.8782
-68.7594
-69.0619
-68.2429
-68.4604
-68.6703
-68.8732
-70.8726
-76.6331
-76.7352
-76.8290
-76.8102
-75.9228
-72.6986
-71.7679
-75.6384
-75.8532
-75.5016
-76.1824
-76.3028
-76.9259
-76.7578
-76.6343
-76.1805
-75.4927
-73.4701
-72.9474
-71.4355
-71.5388
-71.4262
-71.5140
-71.6018
-71.6948
-72.2710
-72.4636
-72.6774
-73.6465
-68.1991
-68.6156
-68.9885
-68.8250
-69.1351
-68.1592
-68.3827
-68.5977
-70.5394
-70.8997
-79.7835
-77.5651
-72.5625
-71.5909
-76.7364
-76.8363
-76.3638
-75.7322
-80.3423
-77.4568
-73.3572
-71.2699
-71.3728
-71.4758
-71.3546
-71.4418
-71.0675
-72.0404
-72.2806
-72.4745
-77.1904
-77.2763
-77.3613
-68.7799
-68.5785
-68.9361
-67.8396
-68.0720
-68.3014
-70.2275
-70.6584
-71.5840
-71.2536
-79.5904
-71.5161
-71.3756
-78.3725
-78.1185
-77.6486
-76.6437
-73.7176
-80.1358
-71.0986
-71.2021
-71.3046
-71.4073
-70.8409
-70.8956
-70.9679
-72.0332
-72.2952
-72.5093
-72.5272
-68.7307
-69.0874
-67.7532
-68.0012
-68.2394
-70.4336
-71.4641
-71.8907
-71.4164
-71.5660
-71.3359
-71.0066
-70.9946
-79.2656
-73.5912
-69.7235
-70.6845
-70.8396
-71.0701
-71.2871
-71.0306
-71.1347
-70.8149
-70.6753
-70.7405
-70.8076
-70.8817
-72.0877
-72.3556
-72.5076
-72.4442
-72.3925
-67.4117
-67.6905
-67.9470
-70.1852
-71.3923
-71.9156
-72.3289
-71.6345
-71.7476
-71.7454
-71.5155
-71.3117
-71.1319
-70.8674
-70.8369
-70.7174
-73.4461
-70.4705
-70.5915
-70.8329
-71.0614
-71.2819
-70.5706
-70.6418
-70.7195
-70.5874
-70.6522
-70.7196
-71.8026
-72.1896
-72.4523
-72.4533
-72.3486
-72.8009
-72.9799
-67.6286
-69.9165
-71.5504
-72.2061
-72.6424
-72.8562
-71.9306
-71.9115
-71.6210
-71.3614
-71.1353
-70.7768
-70.7319
-70.6118
-70.4815
-70.3704
-70.2790
-69.3576
-70.3236
-70.5846
-70.8319
-70.7046
-70.8734
-70.4915
-70.5611
-70.6346
-70.4931
-70.5563
-70.6228
-71.9996
-72.3822
-72.6308
-74.1302
-73.9088
-73.0034
-73.1570
-72.7836
-73.8752
-73.8547
-73.7510
-73.5845
-73.7070
-73.8151
-73.9276
-73.7471
-72.2202
-71.8437
-71.5091
-71.2117
-70.7154
-70.6489
-70.5386
-70.3702
-70.2284
-70.1086
-69.0854
-70.0622
-70.3293
-70.3343
-70.5173
-70.6934
-70.8628
-70.4097
-70.4772
-70.5490
-70.3977
-70.4590
-70.5316
-75.7655
-75.8610
-75.6919
-74.7937
-73.1645
-73.2717
-72.5563
-72.6424
-73.7233
-73.7599
-73.6781
-75.2677
-75.6602
-74.5327
-72.2526
-71.8106
-71.4111
-70.7274
-70.6315
-70.5295
-70.3131
-70.1261
-69.9705
-69.8118
-69.8456
-69.9514
-70.1552
-70.3483
-70.5323
-70.7091
-70.8715
-70.3364
-70.4014
-70.4718
-70.3087
-70.3672
-70.4344
-69.6059
-81.4820
-76.1359
-72.2497
-72.3323
-72.2960
-73.4047
-73.5458
-73.6543
-73.5929
-79.3968
-79.2478
-75.3381
-73.9253
-71.7991
-70.8233
-70.6828
-70.5470
-70.3036
-70.0587
-69.8506
-69.6797
-69.4773
-69.7514
-69.9714
-70.1767
-70.3701
-70.5542
-70.7300
-70.8990
-70.2692
-70.3313
-70.1708
-70.7611
-70.8309
-70.9114
-71.0199
-71.1630
-71.4873
-71.9578
-72.1077
-73.2483
-73.3357
-73.4140
-73.6710
-73.5511
-73.4420
-74.9504
-70.7475
-70.7929
-70.6665
-70.3912
-70.0582
-69.7782
-69.1718
-68.3465
-69.5509
-69.7940
-70.0147
-70.2193
-70.4111
-70.5932
-70.7669
-70.9338
-70.7434
-70.8261
-70.6393
-70.7015
-70.7663
-70.8482
-70.9703
-71.1264
-71.2934
-71.4614
-71.9250
-73.0191
-73.0979
-73.1762
-73.8541
-73.6901
-75.1348
-75.0727
-77.7562
-68.8703
-70.4307
-70.5327
-70.5689
-70.6536
-70.1776
-68.9165
-68.9857
-69.0275
-69.2352
-69.6204
-69.8623
-70.0797
-70.2802
-70.4678
-71.2506
-71.4878
-71.7099
-70.7275
-70.8021
-70.5924
-70.6452
-70.7050
-69.2783
-70.9317
-71.1001
-71.2378
-71.6724
-71.7692
-72.8502
-72.9342
-74.1109
-76.0549
-75.9311
-75.7502
-75.5887
-75.4241
-70.2434
-70.3117
-70.3276
-68.7004
-68.7679
-68.8267
-68.8868
-69.0076
-69.4838
-69.7638
-69.9957
-70.6594
-70.9554
-71.2226
-71.4676
-71.6942
-71.9058
-70.7257
-70.7892
-70.5513
-70.5931
-70.6469
-70.7457
-70.8435
-70.9601
-71.0787
-71.5090
-72.5943
-72.6814
-77.7431
-77.8402
-77.6215
-77.1589
-76.7291
-76.3827
-76.0726
-75.9788
-75.7666
-75.8100
-75.8295
-68.4305
-68.5803
-68.6231
-68.6815
-68.7227
-67.7458
-69.3482
-69.9086
-70.3474
-70.7086
-71.0171
-71.2887
-71.5335
-71.7572
-71.9521
-72.0789
-70.7347
-70.7841
-70.5144
-70.5077
-70.4898
-70.5528
-70.6700
-70.7939
-71.2406
-72.3267
-72.4166
-72.5277
-77.4565
-80.9213
-79.8502
-78.7496
-77.8733
-77.3219
-76.8984
-76.4314
-76.3848
-76.4674
-68.5217
-68.5407
-68.5816
-67.6248
-69.6300
-70.2127
-70.6484
-70.9899
-71.2777
-71.5257
-71.6853
-71.8208
-71.9431
-72.0565
-72.1631
-70.7481
-70.6911
-70.3177
-70.2688
-68.7771
-70.3648
-70.4944
-70.9611
-71.0660
-72.1584
-73.7557
-74.0386
-81.0077
-80.0897
-78.7910
-77.5194
-77.1901
-76.9332
-76.7689
-76.6758
-76.5551
-68.5688
-68.2562
-69.7495
-70.7375
-71.3165
-71.7127
-71.9684
-72.1019
-71.8333
-71.9337
-72.0243
-72.1088
-72.0587
-72.0004
-70.5131
-70.1377
-70.0689
-70.0177
-70.0453
-70.1789
-70.3159
-70.7751
-73.4658
-73.8008
-74.0807
-74.3319
-76.5870
-81.0783
-79.5682
-77.1139
-76.8034
-76.5159
-76.3991
-76.2335
-76.7126
-76.7517
-67.1831
-72.4187
-72.5477
-72.6475
-72.7644
-72.8674
-72.9767
-72.1857
-72.0306
-71.9050
-71.8197
-71.7410
-71.6812
-70.2646
-69.8822
-69.8084
-68.3301
-69.8445
-69.9911
-72.1989
-73.9462
-74.1557
-74.3070
-72.7264
-72.9068
-80.5106
-78.5934
-77.5375
-76.6907
-76.1924
-75.9351
-75.8031
-74.6564
-74.7777
-74.8954
-73.9649
-82.7715
-79.8260
-75.4524
-71.8947
-71.7247
-71.5879
-71.4804
-71.3984
-71.3375
-70.0009
-69.6128
-69.5255
-69.4780
-70.0684
-70.2907
-70.8792
-72.2158
-72.4227
-72.6151
-72.8012
-72.9830
-73.1505
-73.3110
-73.4652
-73.6140
-73.7562
-73.9108
-73.9848
-74.0648
-74.0416
-74.0908
-74.5945
-74.7172
-74.8363
-74.9152
-73.9151
-73.8699
-82.8126
-71.7875
-71.5515
-71.3666
-71.2205
-71.1069
-71.0243
-70.9646
-69.7199
-69.3289
-69.7637
-69.8595
-70.0954
-70.7232
-72.1272
-72.3561
-72.5698
-72.7611
-72.8377
-73.1275
-73.2912
-73.4473
-73.5970
-73.7407
-73.8753
-73.9830
-73.9920
-73.9788
-73.9746
-74.5299
-74.6525
-74.7704
-74.8775
-74.9518
-73.8234
-73.7990
-73.7756
-70.2670
-70.5189
-70.7767
-70.9843
-71.1142
-70.9451
-70.7945
-70.6828
-70.6022
-70.5471
-70.1300
-69.7392
-68.1262
-69.8905
-70.1295
-72.0411
-72.3055
-72.5424
-72.7544
-72.8825
-73.1214
-73.2929
-73.4490
-73.5968
-73.7386
-73.8747
-74.0022
-74.0757
-73.9530
-73.8670
-74.5568
-74.6694
-74.7826
-74.8887
-74.9852
-75.0543
-73.8063
-73.7485
-73.7208
-73.6915
-71.2255
-71.3057
-70.9306
-70.6559
-70.4488
-70.2972
-70.1897
-72.1657
-72.2878
-69.7681
-69.6948
-69.7192
-69.9316
-71.9594
-72.2930
-72.5642
-72.7908
-72.9873
-72.8614
-73.3317
-73.4841
-73.6280
-73.7726
-73.8988
-74.0195
-74.1340
-73.9515
-73.8103
-74.5525
-75.4047
-75.5035
-75.5913
-75.6332
-75.3334
-74.5354
-73.7432
-73.6897
-73.6427
-73.6102
-75.3013
-70.7513
-70.3641
-70.0702
-69.8643
-72.4988
-72.5568
-72.5986
-72.6816
-69.7638
-69.6820
-69.7711
-70.0027
-72.4243
-72.7455
-72.9793
-73.1627
-73.0827
-72.8331
-73.6450
-73.7747
-73.8989
-74.0383
-74.1208
-74.2682
-74.2765
-73.8629
-73.5828
-72.2225
-80.4731
-77.4553
-76.1812
-74.2226
-73.8984
-73.6569
-73.4801
-76.0402
-78.7771
-69.5994
-73.2280
-73.1762
-73.1465
-73.1407
-73.1538
-73.1813
-69.5864
-67.8386
-69.8612
-73.3474
-73.4621
-73.5520
-73.6373
-73.6454
-73.1796
-72.7684
-79.4635
-76.0729
-75.3149
-73.8880
-72.1871
-72.1703
-72.1835
-82.1874
-75.5035
-74.7215
-71.6254
-71.6193
-71.6166
-71.6176
-77.9168
-73.7849
-73.7465
-69.5598
-69.6529
-69.7481
-69.8107
-78.2720
-74.3926
-73.5417
-71.0140
-70.8199
-70.7625
-75.9263
-71.9955
-71.8156
-71.7271
-70.3871
-70.4824
-71.3869
-71.5244
-71.6599
-71.7918
-71.9204
-71.5740
-71.5552
-71.5410
-71.5320
-70.4776
-78.5521
-76.0190
-69.6921
-69.4864
-69.3689
-69.4101
-69.4978
-74.1949
-68.8559
-68.9447
-69.1068
-69.2698
-69.4309
-69.5890
-69.7443
-69.8967
-70.0467
-70.1941
-71.1245
-71.2678
-71.4071
-71.5451
-71.6784
-71.8101
-71.9378
-71.5237
-71.4892
-71.4612
-71.4400
-70.3697
-70.3935
-71.8092
-71.9217
-72.1213
-67.2191
-78.3599
-67.2222
-67.5988
-67.8356
-68.0839
-68.3127
-68.5354
-68.7460
-68.9487
-68.5621
-68.7285
-68.8989
-69.0700
-69.2394
-69.4048
-69.5656
-69.7037
-69.8765
-70.8315
-70.9849
-71.1330
-71.2749
-71.4144
-71.5482
-71.6796
-71.8082
-71.9357
-71.4502
-71.3963
-71.3516
-70.2214
-70.2396
-71.6001
-71.7895
-71.9430
-72.1438
-72.2107
-67.1436
-67.0682
-67.0842
-67.4961
-67.6832
-67.9278
-68.1748
-68.4016
-68.6168
-68.8214
-68.3673
-68.5399
-68.7194
-68.8992
-69.0769
-69.2508
-69.4212
-69.5812
-70.5454
-70.7327
-70.8890
-71.0398
-71.1850
-71.3289
-71.4630
-71.5944
-71.7230
-71.8493
-71.9752
-71.4066
-71.3276
-71.2605
-70.1111
-70.1252
-71.6174
-71.8128
-72.0355
-72.2225
-72.1600
-72.0996
