-53.0448
-53.0110
-52.9785
-52.9531
-52.9256
-52.8972
-52.8761
-52.9016
-52.9400
-52.9790
-53.0126
-53.0567
-53.1040
-53.1474
-53.1982
-53.2505
-53.3039
-53.3579
-53.4182
-53.4777
-53.5334
-53.5965
-53.6635
-53.7314
-53.7886
-53.8604
-53.9346
-53.9988
-54.0725
-54.1481
-54.2245
-54.2953
-54.3694
-54.4513
-54.5277
-54.6051
-54.6884
-54.7704
-54.8520
-54.9325
-52.9146
-52.8801
-52.8469
-52.8210
-52.7934
-52.7644
-52.7428
-52.7689
-52.8078
-52.8472
-52.8810
-52.9265
-52.9741
-53.0186
-53.0710
-53.1243
-53.1783
-53.2332
-53.2954
-53.3546
-53.4123
-53.4764
-53.5454
-53.6114
-53.6694
-53.7469
-53.8187
-53.8846
-53.9613
-54.0382
-54.1147
-54.1853
-54.2643
-54.3463
-54.4224
-54.5040
-54.5878
-54.6707
-54.7532
-54.8341
-52.7835
-52.7485
-52.7146
-52.6876
-52.6598
-52.6301
-52.6081
-52.6346
-52.6742
-52.7139
-52.7485
-52.7957
-52.8436
-52.8894
-52.9426
-52.9965
-53.0512
-53.1075
-53.1710
-53.2301
-53.2899
-53.3549
-53.4258
-53.4899
-53.5522
-53.6321
-53.7015
-53.7715
-53.8487
-53.9271
-54.0026
-54.0741
-54.1582
-54.2390
-54.3159
-54.4016
-54.4862
-54.5704
-54.6532
-54.7366
-52.6508
-52.6152
-52.5810
-52.5531
-52.5251
-52.4951
-52.4729
-52.4997
-52.5396
-52.5795
-52.6148
-52.6633
-52.7113
-52.7585
-52.8124
-52.8669
-52.9225
-52.9806
-53.0451
-53.1039
-53.1660
-53.2327
-53.3047
-53.3670
-53.4350
-53.5159
-53.5829
-53.6568
-53.7351
-53.8147
-53.8892
-53.9655
-54.0509
-54.1304
-54.2117
-54.2979
-54.3836
-54.4687
-54.5519
-54.6381
-52.5162
-52.4800
-52.4455
-52.4167
-52.3885
-52.3582
-52.3359
-52.3629
-52.4032
-52.4433
-52.4793
-52.5291
-52.5773
-52.6258
-52.6806
-52.7356
-52.7920
-52.8521
-52.9175
-52.9762
-53.0404
-53.1093
-53.1820
-53.2425
-53.3164
-53.3950
-53.4629
-53.5407
-53.6204
-53.7008
-53.7745
-53.8561
-53.9414
-54.0207
-54.1061
-54.1932
-54.2801
-54.3657
-54.4504
-54.5386
-52.3798
-52.3431
-52.3081
-52.2785
-52.2500
-52.2193
-52.1969
-52.2242
-52.2648
-52.3052
-52.3420
-52.3930
-52.4414
-52.4913
-52.5469
-52.6025
-52.6599
-52.7220
-52.7872
-52.8468
-52.9133
-52.9842
-53.0554
-53.1165
-53.1964
-53.2725
-53.3429
-53.4230
-53.5043
-53.5839
-53.6584
-53.7453
-53.8295
-53.9105
-53.9992
-54.0875
-54.1757
-54.2612
-54.3490
-54.4382
-52.2415
-52.2042
-52.1688
-52.1383
-52.1095
-52.0785
-52.0561
-52.0835
-52.1245
-52.1652
-52.2027
-52.2550
-52.3036
-52.3550
-52.4113
-52.4676
-52.5260
-52.5901
-52.6551
-52.7159
-52.7845
-52.8574
-52.9268
-52.9905
-53.0749
-53.1486
-53.2230
-53.3039
-53.3871
-53.4655
-53.5445
-53.6335
-53.7163
-53.8016
-53.8910
-53.9809
-54.0695
-54.1557
-54.2461
-54.3379
-52.1013
-52.0633
-52.0275
-51.9962
-51.9671
-51.9356
-51.9131
-51.9408
-51.9822
-52.0231
-52.0622
-52.1151
-52.1639
-52.2167
-52.2738
-52.3308
-52.3902
-52.4564
-52.5213
-52.5844
-52.6541
-52.7289
-52.7966
-52.8663
-52.9519
-53.0231
-53.1015
-53.1841
-53.2684
-53.3456
-53.4302
-53.5190
-53.6019
-53.6913
-53.7820
-53.8735
-53.9618
-54.0510
-54.1420
-54.2366
-51.9591
-51.9205
-51.8841
-51.8520
-51.8225
-51.7907
-51.7681
-51.7961
-51.8377
-51.8791
-51.9196
-51.9731
-52.0222
-52.0766
-52.1343
-52.1922
-52.2526
-52.3209
-52.3856
-52.4512
-52.5225
-52.5987
-52.6646
-52.7407
-52.8241
-52.8961
-52.9784
-53.0628
-53.1465
-53.2244
-53.3144
-53.4022
-53.4874
-53.5795
-53.6721
-53.7641
-53.8526
-53.9449
-54.0386
-54.1346
-51.8148
-51.7756
-51.7387
-51.7058
-51.6758
-51.6436
-51.6210
-51.6492
-51.6912
-51.7329
-51.7750
-51.8290
-51.8784
-51.9344
-51.9928
-52.0517
-52.1134
-52.1835
-52.2481
-52.3161
-52.3895
-52.4663
-52.5310
-52.6134
-52.6943
-52.7694
-52.8535
-52.9400
-53.0227
-53.1048
-53.1975
-53.2839
-53.3735
-53.4665
-53.5612
-53.6529
-53.7438
-53.8374
-53.9343
-54.0296
-51.6685
-51.6285
-51.5910
-51.5573
-51.5268
-51.4944
-51.4716
-51.5001
-51.5424
-51.5846
-51.6282
-51.6828
-51.7326
-51.7902
-51.8493
-51.9092
-51.9730
-52.0443
-52.1087
-52.1792
-52.2546
-52.3298
-52.3955
-52.4844
-52.5628
-52.6421
-52.7275
-52.8157
-52.8974
-52.9852
-53.0777
-53.1643
-53.2580
-53.3531
-53.4489
-53.5402
-53.6342
-53.7301
-53.8291
-53.9228
-51.5199
-51.4792
-51.4411
-51.4067
-51.3756
-51.3430
-51.3200
-51.3487
-51.3914
-51.4341
-51.4791
-51.5339
-51.5846
-51.6439
-51.7035
-51.7647
-51.8307
-51.9023
-51.9674
-52.0404
-52.1178
-52.1913
-52.2632
-52.3538
-52.4297
-52.5129
-52.6004
-52.6888
-52.7705
-52.8641
-52.9554
-53.0453
-53.1409
-53.2385
-53.3341
-53.4267
-53.5231
-53.6223
-53.7212
-53.8141
-51.3691
-51.3277
-51.2888
-51.2538
-51.2221
-51.1892
-51.1660
-51.1949
-51.2381
-51.2812
-51.3278
-51.3828
-51.4344
-51.4954
-51.5556
-51.6180
-51.6863
-51.7578
-51.8246
-51.8997
-51.9790
-52.0510
-52.1295
-52.2182
-52.2947
-52.3818
-52.4717
-52.5591
-52.6446
-52.7416
-52.8316
-52.9258
-53.0232
-53.1230
-53.2176
-53.3134
-53.4116
-53.5136
-53.6101
-53.7081
-51.2161
-51.1738
-51.1342
-51.0985
-51.0661
-51.0330
-51.0096
-51.0388
-51.0823
-51.1260
-51.1741
-51.2294
-51.2824
-51.3447
-51.4053
-51.4691
-51.5397
-51.6112
-51.6806
-51.7572
-51.8381
-51.9086
-51.9940
-52.0802
-52.1605
-52.2488
-52.3413
-52.4277
-52.5192
-52.6159
-52.7064
-52.8046
-52.9048
-53.0047
-53.0993
-53.1985
-53.3003
-53.4018
-53.4977
-53.6022
-51.0606
-51.0176
-50.9771
-50.9408
-50.9077
-50.8743
-50.8507
-50.8801
-50.9240
-50.9684
-51.0179
-51.0736
-51.1283
-51.1917
-51.2527
-51.3180
-51.3910
-51.4624
-51.5346
-51.6132
-51.6942
-51.7643
-51.8566
-51.9402
-52.0248
-52.1154
-52.2089
-52.2946
-52.3923
-52.4878
-52.5822
-52.6816
-52.7853
-52.8841
-52.9819
-53.0823
-53.1873
-53.2870
-53.3876
-53.4946
-50.9027
-50.8588
-50.8174
-50.7806
-50.7467
-50.7131
-50.6892
-50.7189
-50.7632
-50.8083
-50.8592
-50.9153
-50.9718
-51.0359
-51.0977
-51.1646
-51.2401
-51.3114
-51.3864
-51.4670
-51.5465
-51.6208
-51.7173
-51.7983
-51.8869
-51.9803
-52.0729
-52.1618
-52.2637
-52.3579
-52.4566
-52.5591
-52.6640
-52.7617
-52.8627
-52.9671
-53.0719
-53.1708
-53.2780
-53.3833
-50.7423
-50.6975
-50.6551
-50.6178
-50.5830
-50.5491
-50.5250
-50.5551
-50.5997
-50.6456
-50.6979
-50.7545
-50.8128
-50.8776
-50.9407
-51.0088
-51.0868
-51.1581
-51.2359
-51.3185
-51.3967
-51.4781
-51.5729
-51.6547
-51.7468
-51.8432
-51.9348
-52.0309
-52.1324
-52.2265
-52.3291
-52.4353
-52.5389
-52.6385
-52.7421
-52.8500
-52.9529
-53.0564
-53.1666
-53.2699
-50.5792
-50.5336
-50.4901
-50.4523
-50.4165
-50.3825
-50.3581
-50.3884
-50.4335
-50.4802
-50.5339
-50.5911
-50.6512
-50.7166
-50.7812
-50.8519
-50.9309
-51.0025
-51.0832
-51.1676
-51.2446
-51.3333
-51.4255
-51.5115
-51.6054
-51.7042
-51.7948
-51.8974
-51.9977
-52.0969
-52.2015
-52.3100
-52.4114
-52.5150
-52.6222
-52.7310
-52.8327
-52.9428
-53.0514
-53.1557
-50.4135
-50.3669
-50.3223
-50.2841
-50.2473
-50.2129
-50.1884
-50.2190
-50.2644
-50.3121
-50.3672
-50.4249
-50.4870
-50.5529
-50.6191
-50.6924
-50.7715
-50.8454
-50.9282
-51.0143
-51.0902
-51.1864
-51.2759
-51.3660
-51.4629
-51.5612
-51.6544
-51.7623
-51.8613
-51.9646
-52.0729
-52.1812
-52.2834
-52.3901
-52.5008
-52.6078
-52.7136
-52.8273
-52.9342
-53.0434
-50.2450
-50.1975
-50.1517
-50.1131
-50.0752
-50.0405
-50.0157
-50.0466
-50.0924
-50.1412
-50.1975
-50.2559
-50.3200
-50.3865
-50.4543
-50.5304
-50.6095
-50.6864
-50.7712
-50.8571
-50.9341
-51.0373
-51.1241
-51.2181
-51.3184
-51.4157
-51.5158
-51.6231
-51.7235
-51.8301
-51.9423
-52.0491
-52.1554
-52.2658
-52.3785
-52.4830
-52.5958
-52.7080
-52.8164
-52.9294
-50.0737
-50.0251
-49.9783
-49.9390
-49.9001
-49.8649
-49.8400
-49.8711
-49.9173
-49.9673
-50.0250
-50.0841
-50.1502
-50.2171
-50.2868
-50.3656
-50.4448
-50.5249
-50.6116
-50.6964
-50.7811
-50.8829
-50.9708
-51.0678
-51.1718
-51.2681
-51.3752
-51.4810
-51.5856
-51.6957
-51.8092
-51.9149
-52.0257
-52.1397
-52.2510
-52.3596
-52.4767
-52.5866
-52.7001
-52.7890
-49.8996
-49.8497
-49.8020
-49.7617
-49.7219
-49.6863
-49.6611
-49.6925
-49.7391
-49.7904
-49.8493
-49.9092
-49.9774
-50.0447
-50.1165
-50.1982
-50.2774
-50.3607
-50.4493
-50.5331
-50.6257
-50.7248
-50.8170
-50.9172
-51.0217
-51.1194
-51.2327
-51.3367
-51.4458
-51.5598
-51.6720
-51.7813
-51.8951
-52.0118
-52.1217
-52.2370
-52.3531
-52.4659
-52.5830
-52.6887
-49.7223
-49.6712
-49.6224
-49.5813
-49.5405
-49.5043
-49.4790
-49.5107
-49.5577
-49.6103
-49.6704
-49.7312
-49.8017
-49.8692
-49.9432
-50.0279
-50.1073
-50.1938
-50.2841
-50.3671
-50.4678
-50.5643
-50.6604
-50.7645
-50.8680
-50.9728
-51.0851
-51.1916
-51.3041
-51.4219
-51.5327
-51.6466
-51.7641
-51.8800
-51.9922
-52.1123
-52.2272
-52.3453
-52.4421
-52.5880
-49.5418
-49.4894
-49.4396
-49.3974
-49.3558
-49.3190
-49.2935
-49.3254
-49.3728
-49.4270
-49.4882
-49.5500
-49.6228
-49.6905
-49.7669
-49.8547
-49.9342
-50.0241
-50.1160
-50.1984
-50.3075
-50.4012
-50.5013
-50.6095
-50.7121
-50.8237
-50.9349
-51.0461
-51.1625
-51.2800
-51.3926
-51.5103
-51.6310
-51.7457
-51.8645
-51.9839
-52.1014
-52.2229
-52.3375
-52.4538
-49.3579
-49.3043
-49.2534
-49.2101
-49.1677
-49.1301
-49.1044
-49.1366
-49.1845
-49.2403
-49.3026
-49.3656
-49.4402
-49.5091
-49.5886
-49.6771
-49.7596
-49.8517
-49.9432
-50.0317
-50.1416
-50.2367
-50.3408
-50.4513
-50.5540
-50.6721
-50.7824
-50.8984
-51.0186
-51.1352
-51.2524
-51.3739
-51.4944
-51.6107
-51.7343
-51.8533
-51.9763
-52.0813
-52.2319
-52.3305
-49.1713
-49.1166
-49.0647
-49.0200
-48.9769
-48.9385
-48.9118
-48.9442
-48.9925
-49.0501
-49.1133
-49.1785
-49.2537
-49.3247
-49.4074
-49.4961
-49.5822
-49.6760
-49.7672
-49.8643
-49.9712
-50.0708
-50.1790
-50.2886
-50.3983
-50.5158
-50.6296
-50.7494
-50.8718
-50.9880
-51.1105
-51.2351
-51.3549
-51.4777
-51.6005
-51.7231
-51.8491
-51.9720
-52.0874
-52.2059
-48.9801
-48.9244
-48.8712
-48.8252
-48.7815
-48.7421
-48.7161
-48.7489
-48.7976
-48.8573
-48.9213
-48.9879
-49.0636
-49.1369
-49.2228
-49.3119
-49.4017
-49.4974
-49.5884
-49.6939
-49.7980
-49.9021
-50.0142
-50.1232
-50.2399
-50.3567
-50.4756
-50.5991
-50.7209
-50.8419
-50.9677
-51.0932
-51.2141
-51.3420
-51.4648
-51.5930
-51.7065
-51.8626
-51.9597
-52.0791
-48.7854
-48.7285
-48.6741
-48.6265
-48.5822
-48.5418
-48.5157
-48.5487
-48.5978
-48.6597
-48.7245
-48.7945
-48.8707
-48.9470
-49.0364
-49.1259
-49.2179
-49.3155
-49.4064
-49.5202
-49.6217
-49.7305
-49.8464
-49.9551
-50.0786
-50.1950
-50.3192
-50.4463
-50.5675
-50.6939
-50.8228
-50.9480
-51.0753
-51.2026
-51.3296
-51.4602
-51.5920
-51.7069
-51.8302
-51.9493
-48.5875
-48.5293
-48.4739
-48.4243
-48.3796
-48.3380
-48.3114
-48.3449
-48.3951
-48.4584
-48.5247
-48.5971
-48.6736
-48.7530
-48.8455
-48.9352
-49.0315
-49.1315
-49.2245
-49.3420
-49.4456
-49.5589
-49.6736
-49.7889
-49.9125
-50.0337
-50.1617
-50.2894
-50.4137
-50.5444
-50.6751
-50.8009
-50.9336
-51.0610
-51.1942
-51.3165
-51.4478
-51.5742
-51.6970
-51.8168
-48.3858
-48.3260
-48.2698
-48.2183
-48.1733
-48.1307
-48.1034
-48.1375
-48.1891
-48.2533
-48.3210
-48.3957
-48.4726
-48.5553
-48.6507
-48.7410
-48.8406
-48.9407
-49.0424
-49.1572
-49.2658
-49.3831
-49.4988
-49.6212
-49.7448
-49.8716
-50.0031
-50.1292
-50.2592
-50.3929
-50.5238
-50.6559
-50.7883
-50.9201
-51.0340
-51.1967
-51.3112
-51.4380
-51.5614
-51.6851
-48.1799
-48.1185
-48.0615
-48.0079
-47.9626
-47.9190
-47.8909
-47.9258
-47.9787
-48.0439
-48.1131
-48.1901
-48.2676
-48.3535
-48.4512
-48.5444
-48.6461
-48.7462
-48.8565
-48.9690
-49.0827
-49.2037
-49.3197
-49.4489
-49.5731
-49.7059
-49.8397
-49.9684
-50.1041
-50.2403
-50.3717
-50.5094
-50.6427
-50.7789
-50.9099
-51.0412
-51.1719
-51.2990
-51.4242
-51.5521
-47.9697
-47.9067
-47.8488
-47.7931
-47.7474
-47.7028
-47.6738
-47.7094
-47.7638
-47.8299
-47.9009
-47.9800
-48.0583
-48.1484
-48.2469
-48.3435
-48.4479
-48.5481
-48.6669
-48.7774
-48.8968
-49.0198
-49.1413
-49.2717
-49.4017
-49.5380
-49.6723
-49.8064
-49.9453
-50.0822
-50.2197
-50.3578
-50.4956
-50.6170
-50.7875
-50.9004
-51.0314
-51.1599
-51.2871
-51.4205
-47.7550
-47.6904
-47.6312
-47.5735
-47.5273
-47.4818
-47.4519
-47.4883
-47.5441
-47.6114
-47.6840
-47.7653
-47.8451
-47.9393
-48.0384
-48.1383
-48.2457
-48.3460
-48.4712
-48.5848
-48.7083
-48.8318
-48.9602
-49.0913
-49.2275
-49.3669
-49.5017
-49.6422
-49.7837
-49.9215
-50.0643
-50.2029
-50.3453
-50.4871
-50.6188
-50.7543
-50.8865
-51.0183
-51.1510
-51.2906
-47.5358
-47.4693
-47.4087
-47.3490
-47.3022
-47.2558
-47.2250
-47.2622
-47.3193
-47.3879
-47.4624
-47.5458
-47.6282
-47.7256
-47.8255
-47.9286
-48.0388
-48.1459
-48.2695
-48.3887
-48.5158
-48.6402
-48.7753
-48.9088
-49.0505
-49.1917
-49.3313
-49.4752
-49.6184
-49.7611
-49.9046
-50.0480
-50.1790
-50.3294
-50.4692
-50.6051
-50.7395
-50.8743
-51.0148
-51.1499
-47.3117
-47.2433
-47.1809
-47.1202
-47.0719
-47.0246
-46.9929
-47.0308
-47.0894
-47.1594
-47.2357
-47.3206
-47.4066
-47.5069
-47.6081
-47.7146
-47.8258
-47.9418
-48.0637
-48.1888
-48.3189
-48.4481
-48.5857
-48.7256
-48.8704
-49.0129
-49.1590
-49.3050
-49.4487
-49.5973
-49.7418
-49.8902
-50.0438
-50.1756
-50.3159
-50.4539
-50.5921
-50.7323
-50.8738
-51.0068
-47.0827
-47.0121
-46.9477
-46.8861
-46.8361
-46.7880
-46.7552
-46.7940
-46.8540
-46.9255
-47.0039
-47.0901
-47.1800
-47.2832
-47.3862
-47.4967
-47.6083
-47.7330
-47.8542
-47.9855
-48.1171
-48.2532
-48.3924
-48.5391
-48.6865
-48.8322
-48.9823
-49.1305
-49.2793
-49.4295
-49.5793
-49.7225
-49.8731
-50.0183
-50.1600
-50.3015
-50.4428
-50.5898
-50.7256
-50.8636
-46.8482
-46.7758
-46.7090
-46.6468
-46.5948
-46.5459
-46.5120
-46.5518
-46.6131
-46.6864
-46.7668
-46.8542
-46.9481
-47.0540
-47.1597
-47.2740
-47.3860
-47.5179
-47.6430
-47.7778
-47.9113
-48.0539
-48.1974
-48.3489
-48.4982
-48.6495
-48.8023
-48.9517
-49.1075
-49.2582
-49.3913
-49.5814
-49.7114
-49.8569
-50.0022
-50.1461
-50.2959
-50.4377
-50.5779
-50.7213
-46.6085
-46.5336
-46.4641
-46.4012
-46.3471
-46.2975
-46.2625
-46.3032
-46.3660
-46.4411
-46.5243
-46.6130
-46.7112
-46.8191
-46.9280
-47.0467
-47.1626
-47.2962
-47.4279
-47.5657
-47.7039
-47.8507
-48.0007
-48.1547
-48.3054
-48.4628
-48.6184
-48.7731
-48.9307
-49.0875
-49.2445
-49.3950
-49.5456
-49.6942
-49.8427
-49.9932
-50.1419
-50.2839
-50.4296
-50.5768
-46.3628
-46.2846
-46.2128
-46.1496
-46.0929
-46.0428
-46.0067
-46.0483
-46.1124
-46.1897
-46.2753
-46.3655
-46.4683
-46.5783
-46.6900
-46.8127
-46.9362
-47.0693
-47.2077
-47.3483
-47.4935
-47.6426
-47.7989
-47.9564
-48.1128
-48.2738
-48.4301
-48.5931
-48.7510
-48.8967
-49.0712
-49.2249
-49.3772
-49.5302
-49.6818
-49.8394
-49.9819
-50.1294
-50.2814
-50.4221
-46.1105
-46.0302
-45.9549
-45.8915
-45.8321
-45.7815
-45.7441
-45.7868
-45.8522
-45.9319
-46.0198
-46.1119
-46.2195
-46.3316
-46.4463
-46.5717
-46.7047
-46.8390
-46.9828
-47.1260
-47.2787
-47.4325
-47.5935
-47.7525
-47.9154
-48.0800
-48.2410
-48.4064
-48.5707
-48.7435
-48.8947
-49.0496
-49.2068
-49.3616
-49.5238
-49.6733
-49.8220
-49.9776
-50.1249
-50.2697
