-50.2658
-50.4099
-50.5633
-57.7917
-58.0891
-58.4138
-58.7383
-59.0436
-59.3460
-59.6439
-59.9339
-60.2170
-60.4932
-60.7622
-61.0239
-61.2674
-61.5175
-61.7607
-61.9986
-62.2321
-64.2368
-64.5753
-64.8557
-65.1042
-66.1800
-66.4552
-66.7113
-66.9511
-67.1770
-67.3908
-67.5939
-67.7876
-68.0427
-68.2189
-68.3845
-68.5442
-68.6529
-68.7387
-68.8685
-68.9814
-50.1072
-50.2640
-57.5035
-57.8183
-58.1594
-58.4951
-58.8145
-59.1297
-59.4390
-59.7405
-60.0343
-60.3204
-60.5986
-60.8692
-61.1319
-61.3783
-61.6242
-61.8695
-63.9663
-64.3520
-64.6910
-65.8478
-66.1308
-66.4243
-66.6944
-66.9455
-67.1808
-67.4027
-67.6132
-67.8138
-68.0060
-68.1904
-68.4544
-68.7704
-71.8814
-71.9986
-72.1110
-71.9666
-72.0649
-71.8272
-49.9551
-57.2085
-57.5422
-57.9041
-58.2473
-58.5837
-58.9129
-59.2347
-59.5484
-59.8533
-60.1510
-60.4391
-60.7193
-60.9909
-61.2542
-61.5111
-63.7317
-64.1789
-65.4521
-65.8418
-66.1797
-66.4794
-66.7083
-66.9621
-67.1988
-67.4216
-67.6329
-67.8346
-68.0600
-68.2456
-68.4259
-68.6013
-56.9041
-57.2632
-57.6400
-57.9950
-58.3502
-58.6947
-59.0327
-59.3589
-59.6755
-59.9829
-60.2807
-60.5697
-60.8499
-61.1243
-64.4989
-65.2108
-65.6751
-66.0509
-66.3784
-66.6597
-66.9104
-67.1389
-67.3020
-67.5075
-67.7032
-67.8906
-68.0710
-68.2457
-68.4510
-68.6156
-68.7770
-68.9342
-56.9783
-57.3701
-57.7445
-58.1148
-58.4794
-58.8300
-59.1721
-59.5007
-59.8186
-60.1271
-60.4250
-60.7171
-66.4260
-66.6068
-66.7834
-66.9543
-67.1113
-67.1944
-67.3602
-67.5182
-67.6726
-67.8234
-67.9146
-68.0689
-68.2212
-68.3715
-68.5199
-68.6667
-68.8113
-68.9932
-69.1348
-69.2742
-57.0964
-57.4955
-57.8853
-58.2647
-58.6347
-58.9884
-59.3294
-59.6612
-59.9791
-60.2872
-68.4747
-68.3573
-68.3904
-68.4467
-68.5182
-68.5349
-68.6375
-68.7461
-68.8591
-68.9750
-69.0929
-69.2124
-69.3765
-69.4978
-69.6193
-57.2473
-57.6618
-58.0598
-58.4437
-58.8148
-59.1696
-59.5101
-59.8405
-60.1570
-60.4641
-75.6273
-74.6294
-73.6534
-72.7903
-72.0622
-71.3407
-69.3225
-69.2712
-69.3473
-69.4312
-69.5212
-69.6156
-69.7626
-69.7135
-69.6269
-57.4445
-57.8660
-58.2670
-58.6515
-59.0218
-59.3732
-59.7118
-60.0361
-60.3519
-60.6538
-75.4685
-74.2567
-73.1122
-72.1489
-71.3801
-70.6756
-70.2579
-69.9453
-69.7153
-69.6968
-69.4573
-69.2854
-69.2090
-69.1268
-69.0766
-57.6847
-58.1072
-58.5067
-58.8879
-59.2545
-59.6015
-59.9335
-60.2539
-60.5609
-60.8615
-61.1480
-75.3042
-73.7837
-72.4296
-71.3757
-70.5990
-69.9462
-69.5787
-69.4968
-69.1185
-68.8609
-68.6882
-68.5768
-68.5488
-68.5147
-68.5071
-57.9674
-58.3852
-58.7786
-59.1533
-59.5133
-59.8529
-60.1778
-60.4893
-60.7910
-61.0858
-61.3661
-75.1462
-73.1654
-71.5806
-70.4909
-69.7724
-69.4612
-68.7689
-68.3507
-68.0970
-67.9468
-67.8650
-67.8301
-67.8620
-67.8799
-67.9205
-58.2923
-58.7000
-59.0831
-59.4476
-59.7978
-60.1276
-60.4430
-60.7454
-61.0363
-61.3200
-61.5993
-75.3636
-72.4282
-70.6875
-69.6856
-68.4949
-67.5956
-67.2241
-67.0475
-64.7714
-64.9516
-65.1284
-65.3021
-65.4928
-65.6605
-65.8260
-58.6592
-59.0512
-59.4193
-59.7745
-60.1075
-60.4250
-60.7287
-61.0203
-61.3009
-61.5717
-61.8461
-75.6096
-70.5414
-63.8360
-64.0312
-64.2203
-64.3771
-64.5641
-64.7474
-64.9274
-65.1041
-65.2776
-65.4482
-65.6369
-65.8018
-65.9646
-59.0665
-59.4377
-59.7866
-60.1247
-60.4416
-60.7441
-61.0343
-61.3131
-61.5819
-61.8418
-62.0935
-62.3377
-62.5751
-62.8054
-63.0274
-63.2432
-63.4533
-63.6594
-63.8573
-64.0280
-64.2177
-64.4011
-64.5503
-64.7329
-64.9122
-65.0883
-65.2613
-65.4313
-65.5984
-65.7629
-65.9469
-66.1071
-59.5138
-59.8577
-60.1830
-60.5008
-60.7986
-61.0840
-61.3583
-61.6229
-61.8785
-62.1262
-62.3667
-62.6006
-62.8284
-63.0505
-63.2647
-63.4731
-63.6762
-63.8745
-64.0699
-64.2273
-64.4110
-64.5881
-64.7290
-64.9069
-65.0818
-65.2537
-65.4227
-65.5891
-65.7527
-65.9138
-66.0958
-66.2531
-59.9964
-60.3120
-60.6063
-60.9006
-61.1769
-61.4429
-61.6998
-61.9485
-62.1897
-62.4241
-62.6523
-62.8750
-63.0925
-63.3051
-63.5115
-63.7119
-63.9076
-64.0989
-64.2861
-64.4686
-64.6106
-64.7814
-64.9126
-65.0857
-65.2560
-65.4234
-65.5885
-65.7509
-65.9109
-66.0684
-66.2485
-66.4027
-60.5103
-60.7908
-61.0532
-61.3217
-61.5741
-61.8191
-62.0569
-62.2885
-62.5141
-62.7343
-62.9495
-63.1602
-63.3666
-63.5692
-63.7669
-63.9589
-64.1469
-64.3312
-64.5117
-64.6856
-64.8171
-64.9812
-65.1007
-65.2688
-65.4342
-65.5974
-65.7580
-65.9165
-66.0725
-66.2265
-66.4047
-66.5555
-61.0501
-61.2912
-61.5203
-61.7610
-61.9879
-62.2101
-62.4278
-62.6411
-62.8503
-63.0556
-63.2571
-63.4552
-63.6501
-63.8420
-64.0301
-64.2135
-64.3935
-64.5704
-64.7443
-64.9132
-65.0733
-65.1880
-65.2931
-65.4559
-65.6165
-65.7749
-65.9313
-66.0855
-66.2377
-66.3880
-66.5642
-66.7115
-69.1522
-62.2189
-62.4191
-62.6172
-62.8134
-63.0075
-63.1993
-63.3888
-63.5761
-63.7607
-63.9436
-64.1244
-64.3016
-64.4764
-64.6482
-64.8175
-64.9844
-65.1483
-65.3065
-65.4517
-65.4910
-65.6483
-65.8040
-65.9576
-66.1095
-66.2594
-66.4077
-66.5542
-66.7285
-66.8723
-70.5667
-70.6405
-68.8610
-67.8214
-67.3059
-67.0473
-66.9272
-66.8892
-66.9035
-66.9532
-67.0275
-67.1180
-67.2202
-67.3315
-67.4494
-67.5722
-67.6982
-65.3825
-65.5378
-65.6921
-65.6906
-65.8425
-65.9929
-66.1417
-66.2890
-66.4348
-66.5789
-66.7215
-66.8943
-67.0343
-73.5656
-71.0380
-75.4560
-71.9326
-70.6537
-70.0534
-69.7486
-69.5847
-69.4960
-69.4513
-69.4931
-69.4925
-73.3707
-71.2052
-73.9018
-72.8906
-71.9009
-71.1839
-70.7078
-70.3925
-70.1809
-70.0372
-69.9393
-69.9393
-73.1907
-71.1436
-71.3256
-70.8289
-70.3431
-69.8807
-69.4856
-69.1413
-68.8483
-73.7926
-73.1493
-72.4553
-71.8421
-71.3570
-70.9900
-70.7158
-70.5110
-70.3575
-70.3157
-73.0595
-71.0737
-70.9964
-70.4475
-69.9583
-69.4626
-69.0518
-68.7005
-68.4072
-74.8529
-74.5945
-74.3085
-74.0287
-73.7768
-73.5586
-73.2042
-72.6876
-72.1911
-71.7556
-71.3937
-71.1010
-70.8672
-70.6813
-70.6142
-72.7639
-70.9640
-70.6312
-70.0564
-69.5172
-69.0206
-68.5969
-68.2426
-67.9542
-74.7065
-74.4687
-74.2150
-73.9492
-73.7037
-73.4857
-73.1723
-72.7619
-72.3541
-71.9756
-71.6410
-71.3543
-71.1133
-70.9126
-70.8336
-72.4110
-70.7890
-70.2574
-69.6309
-69.0769
-68.5574
-68.1258
-67.7755
-67.4992
-74.5436
-74.3378
-74.1232
-73.8755
-73.6396
-73.4174
-73.0917
-72.7476
-72.4021
-72.0720
-71.7688
-71.4985
-71.2624
-71.0590
-70.9775
-72.0714
-70.5679
-69.8347
-69.2981
-68.6184
-68.0816
-67.6509
-67.3142
-67.0606
-74.3825
-74.1900
-73.9875
-73.7802
-73.5576
-73.2675
-72.9775
-72.6762
-72.3738
-72.0811
-71.8062
-71.5548
-71.3293
-71.1299
-71.0514
-71.7061
-70.2600
-69.3824
-68.8743
-68.1570
-67.6135
-67.1967
-66.8876
-66.6696
-74.2203
-74.0088
-73.7856
-73.5575
-73.3328
-73.1036
-72.8363
-72.5629
-72.2902
-72.0251
-71.7737
-71.5401
-71.3270
-71.1351
-71.0637
-71.3530
-69.8403
-68.8774
-68.4645
-67.7260
-67.1932
-66.8080
-66.5431
-66.3759
-74.0542
-73.8205
-73.5736
-73.3232
-73.0799
-72.8494
-72.6369
-72.4154
-72.1628
-71.9178
-71.6848
-71.4669
-71.2660
-71.0832
-70.9189
-70.9869
-69.3967
-69.0830
-68.1293
-67.3897
-66.8888
-66.5541
-66.3480
-66.2409
-73.8853
-73.6268
-73.3534
-73.0794
-72.8178
-72.5760
-72.3567
-72.1603
-71.9856
-71.7673
-71.5484
-71.3437
-71.1544
-70.9813
-70.8246
-70.6494
-68.9011
-68.9524
-67.9648
-67.2454
-66.7921
-66.5153
-66.3676
-66.3138
-73.7153
-73.4308
-73.1303
-72.8341
-72.5571
-72.3062
-72.0833
-71.8862
-71.7125
-71.5601
-71.3701
-71.1764
-70.9979
-70.8346
-70.6867
-70.2435
-68.3416
-69.1395
-68.0876
-67.4128
-66.9781
-66.7410
-66.6276
-66.6017
-73.5466
-73.2385
-72.9148
-72.6006
-72.3120
-72.0542
-71.8269
-71.6279
-71.4531
-71.3004
-71.1524
-70.9687
-70.8003
-70.6472
-70.5047
-69.7935
-71.1073
-69.6511
-68.6196
-67.8901
-67.4513
-67.2148
-67.0971
-67.0632
-73.3770
-73.0551
-72.7159
-72.3889
-72.0897
-71.8225
-71.5867
-71.3795
-71.1987
-71.0409
-70.8956
-70.7222
-70.5641
-70.4176
-70.2740
-69.4244
-70.7424
-69.3907
-68.2710
-67.4433
-73.1889
-72.8539
-72.5027
-72.1592
-71.8398
-71.5507
-71.2938
-71.0682
-70.8724
-70.7039
-70.5605
-70.4379
-70.2863
-70.1369
-70.0053
-69.3761
-70.5654
-69.0397
-67.8866
-67.0630
-72.9992
-72.6370
-72.2578
-71.8896
-71.5491
-71.2426
-70.9719
-70.7359
-70.5331
-70.3618
-70.2189
-70.0969
-69.9531
-69.8173
-69.7001
-69.5986
-59.6818
-59.4975
-70.5266
-68.9462
-72.8042
-72.4122
-72.0223
-71.6288
-71.2635
-70.9342
-70.6440
-70.3929
-70.1798
-70.0020
-69.8512
-69.7070
-69.5787
-69.4594
-69.3597
-69.2755
-59.6791
-59.5367
-70.6657
-69.1500
-72.6162
-72.1900
-71.7466
-71.3142
-70.9139
-70.5551
-70.2419
-69.9745
-69.7515
-69.5658
-69.3892
-69.2536
-69.1529
-69.0639
-67.1243
-67.1382
-60.2058
-60.0446
-70.9696
-69.6213
-72.4355
-71.9612
-71.4675
-70.9883
-70.5471
-70.1555
-69.8186
-69.5360
-69.3007
-69.0755
-68.9034
-68.7782
-66.8065
-66.8370
-66.8623
-66.8887
-72.2747
-71.7350
-71.1881
-70.6507
-70.1599
-69.7308
-69.3685
-69.0669
-68.7748
-68.5516
-68.3886
-66.4816
-66.5138
-66.5537
-66.5920
-66.6309
-72.1457
-71.5130
-70.8697
-70.2507
-69.6999
-69.2329
-68.8464
-68.4676
-68.1815
-66.1436
-66.1518
-66.1765
-66.2165
-66.2676
-66.3168
-66.3664
-72.0524
-71.2803
-70.4881
-69.7595
-69.1398
-68.6343
-68.1333
-67.7672
-65.8167
-65.8159
-65.8322
-65.8644
-65.9113
-65.9702
-66.0370
-66.0968
