-58.0204
-57.2599
-56.3999
-55.3565
-54.1887
-45.9993
-45.9017
-45.8092
-45.7281
-45.6547
-52.9529
-53.0951
-56.6632
-58.0585
-59.3219
-54.8785
-54.3060
-57.4814
-58.8772
-60.1789
-57.1140
-56.1270
-53.4782
-53.4335
-56.5806
-57.8107
-58.8289
-58.0657
-57.1931
-54.0948
-54.3192
-57.4032
-58.4174
-59.3368
-60.3253
-59.6893
-59.2065
-56.3424
-58.9911
-59.5424
-58.0392
-57.8110
-56.9132
-55.8341
-54.5016
-45.7673
-45.6412
-45.5450
-45.4617
-45.3852
-52.6710
-52.8184
-56.7334
-58.3997
-59.7556
-54.5645
-54.0175
-57.5373
-59.2135
-60.6758
-56.8369
-55.7438
-53.1692
-53.1545
-56.8907
-58.3182
-58.7469
-57.6458
-56.5281
-53.9093
-54.2473
-57.8945
-59.0035
-60.5926
-59.8696
-59.0967
-58.6911
-58.6968
-59.1661
-59.6939
-58.0585
-57.9384
-57.6737
-56.5598
-55.1248
-53.2021
-45.3736
-45.2739
-45.1883
-45.1112
-52.3814
-52.5342
-57.0041
-59.0158
-60.5421
-54.2564
-53.7207
-57.7892
-59.8486
-61.4645
-56.5537
-52.9271
-52.8681
-52.8779
-57.5238
-59.1197
-58.4885
-57.1565
-53.4775
-53.7197
-57.1437
-58.6933
-61.0744
-60.1379
-59.3469
-58.5659
-55.8592
-58.7440
-59.4390
-59.8224
-58.1484
-57.9650
-57.9934
-57.7001
-56.3198
-53.8733
-45.0981
-44.9950
-44.9069
-44.8270
-52.0945
-52.2423
-57.7763
-60.1853
-61.7082
-53.9336
-53.4089
-58.5859
-61.0165
-62.6030
-56.2641
-52.6107
-52.5605
-56.2670
-58.6975
-60.3922
-58.2192
-56.5674
-53.2820
-53.5464
-58.3233
-61.7931
-60.6726
-59.6015
-58.3501
-55.4627
-58.3738
-59.0586
-59.5681
-59.9801
-58.3021
-58.0783
-58.0500
-58.2756
-58.3718
-55.8792
-44.8170
-44.7093
-44.6169
-44.5351
-51.7869
-51.9426
-59.7901
-66.9492
-66.6477
-53.5962
-53.0960
-60.6075
-63.0865
-64.3014
-55.9664
-52.2718
-52.2483
-58.3277
-64.6743
-64.2674
-57.9401
-55.6562
-53.0837
-57.9361
-63.5839
-61.5291
-60.2005
-59.0050
-57.9080
-57.8742
-58.7140
-59.3496
-59.7423
-60.1203
-58.5480
-58.2865
-58.2151
-58.4010
-61.4668
-61.1931
-44.5271
-44.4138
-44.3176
-44.2350
-51.4717
-51.6434
-53.3027
-52.7193
-55.6623
-51.9416
-51.9296
-57.6533
-52.6002
-52.9047
-61.2785
-59.6139
-58.0461
-54.9674
-58.3400
-59.0255
-59.5570
-59.9040
-60.7066
-58.9315
-58.6243
-58.5058
-58.6574
-64.0640
-64.4108
-44.2772
-44.1105
-44.0092
-43.9253
-51.1482
-51.3256
-52.9527
-52.3857
-55.2458
-51.6023
-51.6068
-57.3537
-52.4049
-52.7328
-61.0116
-58.8248
-54.5500
-57.9666
-58.7840
-59.3026
-59.7273
-59.4629
-59.1318
-58.9843
-59.1145
-43.7980
-43.6911
-43.6050
-50.8153
-50.9977
-55.5427
-57.5640
-57.0901
-52.6180
-52.0576
-51.8212
-51.6072
-51.4508
-51.3110
-51.2563
-51.2790
-51.8928
-52.2178
-52.5683
-60.7515
-54.1197
-57.6076
-58.6096
-59.1372
-59.6595
-59.9907
-60.1669
-59.8364
-59.6989
-59.4910
-62.9546
-58.5240
-43.6003
-43.4777
-43.3647
-43.2737
-50.4722
-50.6591
-56.2254
-58.7185
-57.8992
-52.2464
-51.7008
-51.4249
-51.2345
-51.0769
-50.9431
-50.9015
-44.2598
-44.4177
-51.1475
-51.3726
-51.6897
-52.0386
-52.4097
-60.4673
-57.2263
-58.5056
-59.0778
-59.5926
-59.7838
-59.1723
-60.9035
-60.7844
-60.6953
-60.8466
-43.1499
-43.0303
-42.9330
-50.1186
-50.3096
-58.2345
-60.7785
-59.9199
-51.8621
-51.3313
-51.0481
-50.8440
-50.6898
-50.5633
-50.5429
-43.9313
-44.1252
-50.8437
-51.1358
-51.4927
-51.8678
-52.2547
-52.6553
-53.0427
-53.5739
-58.5875
-59.1418
-59.6941
-59.6424
-58.8947
-58.9638
-56.1618
-59.0713
-56.7280
-60.5364
-61.9506
-62.2038
-42.8078
-42.6835
-42.5815
-42.5012
-49.9485
-51.4888
-50.9477
-50.6560
-50.4470
-50.2647
-50.1727
-50.1730
-43.6163
-43.8191
-50.5650
-50.9139
-51.3061
-51.7059
-52.1127
-52.5226
-52.9314
-59.1180
-59.5117
-59.9995
-59.6133
-58.6636
-58.6350
-55.7586
-58.6315
-59.1026
-57.6234
-56.8951
-56.0314
-62.3693
-42.4518
-42.3244
-42.2175
-42.1341
-49.5760
-51.0828
-50.5492
-50.2474
-50.0334
-49.8481
-49.7692
-49.7983
-43.2952
-50.0028
-50.3100
-50.7079
-51.1299
-51.5539
-51.9801
-52.4073
-60.8757
-60.6282
-60.8131
-59.6008
-58.8315
-58.3501
-55.3728
-58.2687
-58.7855
-59.3714
-58.6481
-58.0770
-57.4348
-56.6007
-55.3195
-52.7616
-42.2151
-42.0830
-41.9500
-41.8399
-41.7535
-49.1788
-53.1719
-54.8482
-54.3699
-50.6839
-50.1129
-49.8224
-49.6019
-49.4189
-49.3540
-42.7543
-42.9664
-49.6878
-50.0729
-50.5142
-50.9648
-51.4123
-51.8585
-61.4082
-61.7552
-62.0426
-60.4018
-58.7467
-58.0686
-54.9754
-57.9395
-58.5296
-59.1418
-59.7081
-59.7871
-59.3490
-58.8891
-58.4131
-57.8955
-57.4734
-41.8404
-41.6978
-41.5615
-41.4479
-41.3571
-48.7740
-53.3360
-55.3908
-54.2839
-50.2203
-49.6861
-49.3807
-49.1516
-48.9726
-48.9314
-42.4033
-42.6242
-49.4101
-49.8587
-50.3345
-50.8115
-51.2829
-51.7497
-62.0424
-58.9114
-57.4966
-54.5630
-57.6076
-58.3536
-59.0462
-59.6328
-60.1827
-60.9722
-60.8843
-60.8615
-62.5245
-41.3033
-41.1662
-41.0454
-40.9487
-48.3584
-53.9681
-56.4729
-54.3898
-49.7664
-49.2385
-48.9211
-48.6828
-48.5094
-48.5013
-42.0448
-48.7292
-49.1641
-49.6611
-50.1667
-50.6731
-51.1678
-51.6561
-62.5268
-57.3565
-54.1356
-57.3379
-58.2467
-59.0231
-59.6857
-60.2166
-60.6579
-61.4351
-63.1552
-63.8589
-65.7150
-40.8948
-40.7544
-40.6259
-40.5253
-47.9249
-55.9181
-57.6266
-55.0980
-49.3195
-48.7709
-48.4378
-48.1937
-48.0301
-41.4454
-41.6751
-48.4249
-48.9434
-49.4813
-50.0180
-50.5504
-51.0691
-51.5790
-57.6158
-53.7053
-57.2436
-58.3296
-59.1829
-59.8729
-60.4225
-60.7022
-59.8371
-60.3310
-60.0715
-59.6739
-59.3108
-59.0275
-50.8151
-40.6448
-40.4688
-40.3234
-40.1871
-40.0839
-47.4711
-61.2199
-61.7065
-57.0071
-48.8279
-48.2815
-47.9308
-47.6554
-47.5367
-41.0457
-47.6813
-48.1682
-48.7443
-49.3201
-49.8879
-50.4448
-50.9901
-51.5213
-52.0401
-52.5550
-53.2628
-57.6272
-58.8672
-59.7044
-60.3419
-60.8022
-60.2882
-59.3732
-59.1789
-58.9081
-59.7916
-66.9330
-56.1731
-40.2175
-40.0269
-39.8717
-39.7303
-39.6221
-46.9973
-48.3401
-47.7675
-47.3976
-47.1160
-47.0295
-40.6331
-47.3243
-47.9462
-48.5678
-49.1808
-49.7800
-50.3643
-50.9342
-51.4872
-52.0237
-52.8219
-60.3376
-60.6961
-61.0278
-61.3142
-60.9159
-59.8461
-58.7952
-56.2190
-56.6061
-54.4992
-53.6962
-58.7073
-64.7009
-39.7724
-39.5725
-39.4052
-39.2585
-39.1416
-46.4926
-47.8069
-47.2275
-46.8349
-46.5495
-39.9858
-40.2152
-47.0727
-47.7526
-48.4175
-49.0671
-49.6947
-50.3106
-50.9050
-51.4800
-52.0359
-64.8029
-62.5635
-60.8406
-59.3876
-58.1026
-55.8883
-56.3027
-56.7026
-50.3057
-54.8723
-54.1150
-53.1477
-51.7327
-49.1310
-39.3056
-39.0929
-38.9130
-38.7620
-38.6374
-45.9766
-47.9648
-49.9846
-51.5510
-47.2474
-46.6345
-46.2392
-45.9546
-39.5040
-46.1103
-46.8634
-47.5887
-48.2978
-48.9848
-49.6485
-50.2887
-50.9064
-51.5025
-52.0779
-64.4478
-61.2763
-58.4010
-55.1213
-55.5661
-55.9975
-56.4127
-57.0523
-50.2993
-49.6271
-55.8081
-55.3594
-54.8904
-54.4227
-38.8303
-38.6019
-38.3979
-38.2402
-38.1098
-45.4333
-48.4499
-50.9293
-51.6366
-46.6851
-46.0319
-45.6071
-45.3332
-39.0283
-45.8860
-46.6862
-47.4634
-48.2156
-48.9406
-49.6371
-50.3048
-50.9442
-51.5617
-52.1535
-64.0946
-54.3057
-54.7860
-55.2448
-55.6934
-56.1250
-56.7807
-57.1839
-50.3502
-49.6362
-48.8985
-57.0634
-46.4139
-38.0957
-37.8784
-37.7078
-37.5643
-37.4768
-50.2352
-52.7991
-51.0874
-46.0682
-45.3921
-44.9070
-44.6965
-38.5529
-45.6966
-46.5523
-47.3833
-48.1823
-48.9437
-49.6713
-50.3640
-51.0264
-51.6593
-52.2665
-52.8573
-53.4130
-53.9412
-54.4486
-54.9316
-55.4007
-56.0835
-56.5178
-56.9365
-57.3401
-50.4674
-49.7181
-48.9298
-56.5458
-45.9283
-37.5585
-37.3321
-37.1427
-36.9879
-36.8934
-55.5275
-55.7061
-46.7007
-45.4435
-44.7104
-44.1819
-37.7387
-44.7066
-45.5578
-46.4743
-47.3623
-48.2067
-49.0041
-49.7604
-50.4758
-51.1567
-51.8035
-52.4203
-53.0093
-53.5760
-54.1100
-54.6203
-55.3481
-55.8239
-56.2692
-59.3645
-59.8408
-60.3149
-50.6605
-49.8849
-49.0558
-48.1733
-47.2523
-46.3270
-45.5206
-36.9813
-36.7327
-36.5263
-36.3700
-36.2712
-46.2762
-44.7590
-43.9820
-43.3990
-37.1715
-44.3729
-45.4859
-46.4735
-47.4179
-48.3048
-49.1360
-49.9122
-50.6470
-51.3409
-51.9969
-52.6178
-53.2087
-53.7691
-54.3037
-55.0854
-58.2785
-58.9808
-59.5977
-60.1043
-60.5697
-60.9950
-50.9335
-50.1498
-49.2946
-48.3654
-47.3601
-46.2977
-45.2542
-44.5214
-36.1863
-35.9445
-35.7704
-35.6558
-45.8884
-44.0617
-43.2024
-42.5473
-36.6607
-44.4346
-45.5132
-46.5756
-47.5715
-48.4934
-49.3467
-50.1428
-50.8850
-51.5848
-52.2434
-52.8635
-53.4529
-54.3285
-59.3640
-59.7617
-60.1644
-60.5115
-60.8506
-61.1096
-61.4853
-61.7972
-51.3042
-50.5245
-49.6643
-48.7131
-47.6553
-46.4805
-45.2161
-44.0633
-35.5811
-35.3168
-35.1277
-34.9997
-45.5750
-43.3022
-42.3718
-35.7408
-42.8129
-44.4992
-45.6861
-46.8149
-47.8484
-48.7897
-49.6550
-50.4554
-51.2001
-51.8931
-52.5464
-53.1603
-63.1790
-62.2907
-62.0510
-62.2425
-62.3499
-62.4663
-62.6496
-51.5900
-50.8205
-49.9966
-49.1009
-48.1328
-46.9514
-45.5229
-43.9441
-34.9732
-34.6742
-34.4553
-34.3169
-42.3727
-43.8903
-45.4043
-42.5057
-41.4900
-35.1338
-44.2141
-44.7909
-46.0649
-47.2317
-48.2754
-49.2141
-50.0712
-50.8600
-51.5914
-52.2732
-52.9075
-53.5098
-62.6361
-60.7251
-59.6649
-71.1805
-68.0443
-52.3385
-51.6258
-50.3276
-49.4187
-48.4185
-47.3137
-46.0980
-44.4728
-42.3795
-34.0204
-33.7660
-33.6000
-41.5396
-43.5290
-45.5096
-41.7113
-40.6799
-34.5299
-44.7707
-45.4141
-46.7195
-47.8674
-48.8752
-49.7800
-50.6033
-51.3613
-52.0641
-52.7190
-53.3411
-53.9201
-54.4838
-55.0039
-55.4965
-55.9617
-56.4077
-56.8249
-71.0931
-65.7499
-52.9964
-52.3529
-51.6575
-50.8977
-48.8843
-47.7589
-46.4711
-45.0008
-43.3101
-33.3677
-33.0709
-32.8789
-40.6347
-43.5641
-46.1580
-40.9158
-40.0963
-43.6307
-45.1753
-46.5131
-47.7140
-48.7490
-49.6646
-50.4996
-51.2604
-51.9651
-52.6212
-53.2456
-53.8260
-54.3717
-54.8928
-55.4039
-55.8717
-56.3177
-56.7499
-57.1571
-57.5609
-57.9607
-58.3277
-58.6855
-53.7429
-53.1791
-52.5963
-51.9883
-51.3358
-50.6413
-47.2154
-45.6803
-43.7706
-32.7538
-32.3965
-32.1617
-32.0663
-44.8773
-47.8104
-40.2745
-32.8787
-46.5244
-47.2188
-48.1775
-49.0685
-49.8842
-50.6420
-51.3524
-51.5811
-52.3824
-53.1528
-53.8763
-54.4502
-54.9609
-55.4434
-55.9081
-56.3653
-56.7945
-57.2065
-57.5935
-57.9745
-66.8030
-64.7909
-57.6447
-58.1049
-60.0278
-47.0365
-45.2328
-42.3829
-31.7916
-31.5111
-31.3689
-49.8064
-50.7697
-39.9733
-32.3432
-54.8316
-53.8316
-53.4267
-52.6077
-49.9471
-50.8934
-51.7813
-52.6116
-53.4017
-54.1310
-57.2200
-58.0192
-58.7193
-59.2987
-59.8619
-60.4239
-60.9135
-61.3738
-61.8164
-67.1815
-59.6228
-60.4812
-65.6074
-48.0009
-46.3844
-44.4241
-31.3338
-30.9753
-30.7824
-40.5623
-31.9748
-56.0863
-55.0753
-51.6281
-49.1028
-50.2290
-51.2188
-52.1235
-56.9297
-57.5539
-58.8385
-59.4075
-59.9138
-60.4705
-60.9045
-61.3678
-61.8166
-62.2895
-62.7203
-63.1100
-72.0054
-55.4519
-54.6492
-53.7941
-49.0496
-47.5649
-45.6329
-42.7247
-30.7056
-30.4324
-31.2201
-31.8785
-56.7866
-46.7417
-48.2563
-49.5722
-50.7229
-51.7274
-52.6110
-63.4284
-61.5622
-61.0852
-61.0872
-58.1382
-58.6351
-59.1079
-59.5970
-60.0468
-60.4985
-60.8945
-61.2573
-56.6170
-55.9224
-55.1789
-54.3677
-53.4904
-52.5323
-51.4136
-50.1215
-48.5770
-46.5899
-43.7383
-30.8131
-30.5696
-30.5730
-30.8612
-31.3842
-32.1091
-43.3383
-45.8231
-47.7009
-49.1667
-50.3923
-51.4570
-52.4055
-53.2348
-54.0004
-54.7177
-55.6406
-56.2612
-56.8594
-57.4241
-57.9794
-58.4749
-58.9276
-59.4017
-59.8798
-60.3079
-60.7123
-61.1217
-61.4685
-57.2288
-56.4600
-55.7841
-55.0504
-54.2748
-53.4475
-52.5117
-51.4642
-50.3073
-49.0194
-47.5732
-31.6728
-31.7954
-31.9428
-31.8967
-32.1233
-32.6507
-46.9757
-48.3082
-49.4949
-50.5617
-51.5254
-52.4125
-53.2307
-53.9442
-54.6752
-55.3336
-55.9393
-56.4966
-57.0374
-57.5528
-58.0623
-58.5214
-58.9762
-59.6802
-60.1058
-60.5418
-60.9353
-61.3129
-61.6683
-57.8234
-57.2082
-56.4504
-55.8110
-55.1602
-54.4931
-53.7996
-53.0588
-52.3900
-51.9845
-52.4397
-51.7744
-35.6971
-36.1057
-35.3697
-34.6252
-49.2078
-50.8029
-51.4622
-51.7216
-52.2527
-52.8669
-53.4729
-54.0713
-54.8401
-55.4326
-55.9988
-56.5603
-57.0646
-57.5612
-58.0341
-58.5088
-58.9581
-59.3903
-59.7942
-60.1599
-60.5434
-60.9218
-61.2794
-61.6238
-58.4803
-57.9320
-57.3608
-56.6256
-56.0894
-55.5807
-55.1212
-54.6874
-54.3501
-54.2358
-53.9534
-51.1155
-47.4729
-49.8263
-43.9684
-51.7381
-53.1269
-53.3546
-53.8940
-53.7463
-53.8792
-54.1394
-54.5018
-55.1932
-55.7532
-56.2497
-56.7311
-57.2045
-57.6831
-58.1222
-58.5475
-58.9845
-59.4073
-59.8161
-60.1946
-60.5294
-60.8935
-61.2412
-61.5948
-61.9281
-59.1368
-58.7045
-58.2247
-57.7341
-57.0005
-56.6435
-56.3730
-56.2056
-56.0251
-55.8431
-53.7460
-49.9645
-40.9010
-41.2046
-41.6861
-50.7043
-54.1762
-55.3709
-55.6594
-55.4552
-55.2447
-55.2747
-55.4478
-56.3181
-56.7060
-57.1015
-57.5027
-57.9020
-58.3064
-58.7033
-59.0837
-59.5124
-59.9003
-60.2629
-60.6155
-60.9590
-61.2609
-61.5886
-61.8978
-62.2312
-59.8513
-59.5013
-59.1143
-58.7487
-58.4141
-57.5824
-57.4449
-57.4293
-57.5023
-57.2905
-54.9935
-51.7266
-49.2864
-36.5844
-50.4468
-52.6026
-55.4657
-57.0683
-57.0733
-56.5801
-56.2684
-56.1660
-57.2068
-57.3997
-57.6715
-57.9697
-58.2862
-59.3021
-59.6769
-60.0364
-60.3948
-60.7272
-61.0530
-61.3720
-61.6573
-61.9489
-62.2397
-62.5320
-70.4499
-58.2344
-58.3443
-58.6273
-59.1497
-60.5527
-32.3956
-59.4115
-58.4903
-57.7524
-57.2195
-56.8904
-58.3969
-58.3754
-58.4478
-63.0472
-67.6843
-69.5251
-66.6207
-70.6996
