-60.1119
-60.4225
-60.7599
-61.2123
-60.3920
-61.9601
-62.3090
-65.2603
-65.5067
-65.3864
-62.8511
-62.7067
-61.2025
-61.4006
-61.5853
-61.8696
-63.3815
-63.6280
-63.8183
-63.9895
-64.1358
-68.2528
-68.5637
-68.7163
-68.8604
-67.1267
-66.6722
-63.7294
-63.6340
-63.5660
-63.3745
-62.3032
-62.4299
-62.5486
-62.6641
-62.7766
-62.8845
-62.9893
-63.0912
-63.1903
-60.1753
-60.5251
-61.0437
-61.3890
-61.7020
-62.0495
-65.0832
-65.5503
-65.3739
-64.9072
-64.5474
-61.0479
-61.2588
-61.4545
-63.1481
-63.4612
-63.7088
-63.8944
-64.0498
-64.3468
-64.4992
-64.6195
-68.6706
-68.8736
-67.0681
-66.6121
-66.2172
-63.4800
-63.2473
-62.0992
-62.2089
-62.3347
-62.4688
-62.5878
-62.7034
-62.8158
-62.9241
-63.0289
-63.1307
-63.2298
-60.1655
-60.8383
-61.2347
-61.5865
-64.6144
-62.8217
-65.4431
-65.2194
-64.7459
-64.3040
-62.1831
-62.4290
-61.3233
-63.3087
-63.6297
-63.8681
-64.0305
-64.1472
-64.4540
-64.6083
-64.7246
-64.7765
-64.8310
-66.6637
-66.3058
-65.9955
-65.4136
-63.2656
-62.0002
-62.1338
-62.2508
-62.3764
-62.5104
-62.6293
-62.7448
-62.8567
-62.9649
-63.0700
-63.1717
-63.2706
-60.3206
-60.9607
-61.4552
-64.7927
-65.3214
-65.5806
-62.8663
-64.4002
-61.6541
-61.9870
-62.2722
-65.4841
-63.6795
-63.9561
-64.1154
-64.2391
-64.0529
-64.6364
-64.7664
-64.8646
-64.9106
-64.9551
-63.7292
-63.3987
-65.4809
-65.0410
-63.3218
-63.4855
-63.6393
-62.1678
-62.2963
-62.4209
-62.5541
-62.6727
-62.7878
-62.8990
-63.0055
-63.1095
-63.2106
-64.4438
-60.8878
-64.2596
-65.3926
-65.9722
-65.8014
-65.0318
-64.1407
-60.3084
-61.7113
-62.0501
-68.1221
-68.1709
-68.1530
-64.5326
-64.3003
-63.9538
-64.9129
-64.9772
-65.0481
-65.0990
-65.1068
-63.6314
-63.1748
-62.7305
-62.8834
-63.1259
-63.3548
-63.5599
-63.7193
-63.8527
-62.3440
-62.4663
-62.5965
-62.7130
-62.8266
-62.9363
-63.0431
-64.4280
-64.6040
-64.7471
-66.7472
-66.7662
-66.9013
-66.1524
-65.1083
-63.9188
-61.1665
-61.4759
-70.6013
-69.8679
-69.1610
-67.6933
-63.8458
-63.1939
-65.7863
-63.5244
-62.8659
-61.1109
-61.4031
-61.5719
-63.1551
-63.3854
-63.5997
-63.7872
-63.9216
-64.0665
-62.5057
-62.6362
-62.7520
-62.8950
-64.5130
-64.6982
-64.8367
-64.9486
-65.0430
-70.3908
-68.4434
-66.5563
-65.0348
-63.6819
-60.9491
-61.2884
-61.6305
-73.4088
-70.6257
-68.2942
-66.4370
-63.2856
-61.8705
-66.0664
-60.8333
-61.1493
-61.3081
-61.4622
-61.6218
-61.7677
-63.3945
-63.6127
-63.8228
-63.9838
-64.1337
-64.2780
-64.9356
-64.9951
-65.0522
-65.1088
-65.1640
-65.2157
-65.2674
-65.3182
-68.9786
-65.6925
-60.2740
-60.6544
-61.0951
-61.4501
-61.7945
-70.7404
-66.2401
-63.0280
-63.1148
-63.2355
-61.2727
-61.5054
-61.7298
-62.1360
-62.2741
-61.1997
-61.3478
-61.5121
-61.6629
-61.8094
-61.9517
-63.6290
-63.8424
-64.0307
-64.2228
-75.4902
-65.8841
-65.5666
-65.4738
-65.4087
-64.5901
-65.4286
-68.7846
-60.1295
-60.4387
-60.8267
-61.2831
-61.6408
-61.9530
-62.7760
-62.7508
-62.8546
-60.6966
-60.9359
-60.2155
-61.4628
-61.9682
-62.1773
-62.3489
-62.4938
-61.3910
-61.5558
-61.7071
-61.8540
-61.9967
-62.1351
-68.2317
-68.3826
-68.6541
-72.0384
-65.4106
-64.3953
-65.2921
-65.4295
-65.5399
-65.6324
-59.4353
-59.8702
-60.3197
-60.7498
-61.0443
-61.4111
-61.8218
-61.7869
-62.1122
-62.4062
-62.4746
-62.5534
-60.2496
-60.5021
-60.7439
-60.9756
-61.4270
-61.6566
-61.9432
-62.2079
-62.4113
-62.5791
-62.7203
-61.6029
-61.7544
-61.9016
-62.0444
-62.2023
-71.3093
-67.5080
-69.3990
-69.8928
-65.5043
-65.6083
-65.6921
-65.7643
-65.8281
-59.6339
-60.1119
-60.5769
-61.0113
-61.3747
-61.6180
-61.5827
-61.8540
-61.9035
-62.0932
-62.2542
-60.0873
-60.2982
-60.5416
-61.0108
-61.2511
-61.4818
-61.6918
-61.9372
-62.2118
-62.4585
-62.6539
-62.8102
-61.6609
-61.8050
-61.9521
-62.0950
-62.2532
-64.2468
-66.9937
-67.1454
-70.8186
-70.6202
-71.4714
-71.3309
-71.1185
-65.8949
-65.9313
-65.9699
-66.0097
-59.9130
-60.4241
-60.8801
-61.2662
-61.2115
-61.3866
-61.4110
-61.5518
-61.6643
-59.5130
-59.8477
-60.1255
-60.3862
-60.8227
-61.0666
-61.3103
-61.5319
-61.7562
-61.9740
-62.2192
-62.4793
-62.7073
-62.8929
-63.0749
-61.8587
-62.0058
-63.6895
-63.8047
-63.9226
-74.2516
-73.8418
-72.2144
-71.7795
-66.1219
-66.0800
-66.0971
-60.2885
-60.7623
-61.1724
-61.1152
-61.0937
-61.1180
-61.1169
-58.9602
-59.2856
-59.5591
-59.8784
-60.4015
-60.6749
-60.8829
-61.1345
-61.3676
-61.5998
-61.8258
-62.0452
-62.2583
-62.5029
-62.7398
-62.9721
-63.1632
-65.7096
-63.5925
-63.7184
-63.8236
-63.9600
-77.4133
-75.3164
-73.5576
-73.1078
-72.6181
-66.2344
-65.9084
-60.6858
-61.1063
-60.7047
-60.6727
-60.7148
-58.4472
-58.7571
-59.0076
-59.3017
-59.8521
-60.1213
-60.4535
-60.7370
-60.9943
-61.2044
-61.4389
-61.6733
-61.9009
-62.1217
-62.3358
-61.3435
-65.1914
-65.4125
-65.6434
-65.7690
-65.8817
-63.7659
-63.8858
-65.6026
-71.0622
-71.2130
-71.3293
-71.4297
-71.1127
-71.0827
-71.0469
-70.7857
-67.9502
-67.9967
-64.8904
-60.7504
-60.2341
-60.2192
-60.3080
-58.1867
-58.4989
-58.8168
-59.0733
-59.5982
-59.8860
-60.1948
-60.5148
-60.8001
-61.0709
-61.2746
-61.5174
-61.7530
-61.9816
-64.6740
-64.8330
-64.9945
-63.1898
-65.4014
-65.6559
-65.8303
-65.9972
-76.3305
-66.4595
-66.1801
-72.8354
-72.5596
-72.0458
-67.7063
-67.8287
-67.9296
-68.0140
-68.0696
-68.1354
-69.7672
-59.7025
-59.7372
-57.5712
-57.9073
-58.2461
-58.5712
-59.1221
-59.4276
-59.6751
-59.9648
-60.2768
-60.5469
-60.8723
-61.1424
-61.3591
-61.6026
-64.3178
-64.4997
-64.7019
-64.8834
-65.0704
-65.2263
-65.4355
-65.6649
-65.9048
-66.1108
-76.2990
-72.6314
-64.2152
-64.3160
-67.4463
-67.5417
-67.7273
-67.9106
-71.0044
-70.9682
-70.9362
-70.8837
-70.8460
-56.8961
-57.2522
-57.6346
-57.9838
-58.5594
-58.8842
-59.2060
-59.5143
-59.8126
-60.0533
-60.3297
-60.6387
-60.9016
-63.7778
-64.0219
-64.1631
-64.3702
-64.5744
-64.7747
-64.9699
-65.1674
-65.3309
-65.5169
-65.7172
-65.9853
-66.2566
-66.5121
-66.8995
-67.0493
-64.2845
-74.2397
-72.9800
-72.5524
-71.8502
-71.4089
-71.0993
-70.8776
-56.9708
-57.3400
-57.6938
-58.3064
-58.6495
-58.9759
-59.3021
-59.6119
-59.9119
-60.1473
-62.9524
-63.1736
-63.4755
-63.8170
-64.0907
-64.2486
-64.4705
-64.6858
-64.8940
-65.1029
-65.2960
-65.4621
-65.6483
-65.8293
-66.0836
-66.3340
-66.5875
-66.7905
-67.1591
-67.2846
-76.3935
-72.1140
-71.0504
-70.7890
-70.5855
-68.5292
-68.6157
-57.0706
-57.6766
-58.0304
-58.4080
-58.7512
-59.0837
-59.4086
-59.7211
-62.5778
-62.8452
-63.0128
-63.2720
-63.5835
-63.8388
-64.2124
-64.4755
-64.6176
-64.8354
-65.0535
-65.2544
-65.4255
-65.5946
-65.7965
-66.0216
-66.1926
-66.4243
-66.6736
-66.8784
-67.1025
-67.4211
-67.8679
-68.1038
-68.2641
-70.7300
-71.0209
-71.0443
-70.8822
-71.0346
-71.0575
-71.0184
-57.4401
-57.7942
-58.1502
-58.4968
-58.8697
-61.7983
-62.1046
-62.3998
-62.6995
-62.9825
-63.2612
-63.4293
-63.6918
-64.0216
-64.3802
-64.6464
-64.7958
-65.0114
-65.2271
-65.4253
-65.5741
-65.7579
-65.9879
-66.1865
-66.3699
-64.1207
-66.7687
-66.9846
-73.5957
-72.7668
-72.2797
-71.7646
-71.7243
-71.6030
-57.5740
-57.9314
-60.8764
-61.2037
-61.5934
-61.9518
-62.2890
-62.6094
-62.9174
-63.2091
-63.4798
-63.6517
-63.9103
-64.1659
-64.4721
-64.8398
-64.9962
-65.2161
-65.4177
-65.5911
-65.7534
-65.9579
-66.1648
-66.3615
-66.5383
-66.7090
-66.8841
-67.0829
-75.3007
-72.4031
-71.9437
-71.6872
-71.5048
-71.3794
-60.3547
-60.7393
-61.0910
-61.4658
-61.8242
-62.2500
-62.5916
-62.9065
-63.2054
-63.4858
-63.7513
-64.0105
-64.1565
-64.4024
-64.6305
-65.0524
-65.3074
-65.4268
-65.6005
-65.7871
-65.9665
-66.1463
-66.3624
-66.5295
-66.6931
-66.8599
-67.0353
-67.1803
-80.2550
-75.3375
-73.2678
-72.3474
-70.7862
-70.6624
-70.6191
-70.5869
-70.5729
-70.7500
-60.7622
-61.1691
-61.5228
-61.8830
-62.2229
-62.6287
-62.9540
-63.2525
-63.5275
-63.7893
-64.0468
-64.2968
-64.5300
-64.6577
-64.8747
-65.2829
-65.5155
-65.6110
-65.7928
-65.9976
-66.1469
-66.3229
-66.5373
-66.7002
-66.8544
-67.0335
-67.1946
-67.3171
-67.7013
-67.8811
-68.0432
-68.2130
-68.3553
-68.3993
-68.3944
-68.5119
-68.6391
-68.7455
-68.8450
-69.0590
-61.3872
-61.7426
-62.0547
-62.3741
-62.6790
-62.9831
-63.3540
-63.6308
-63.8800
-64.1295
-64.3695
-64.5858
-64.8020
-64.9020
-65.1002
-65.3028
-65.6883
-65.9292
-66.0195
-66.1931
-66.3435
-66.5569
-66.7207
-66.5117
-66.6766
-66.8589
-67.0132
-67.1429
-67.3013
-68.0111
-68.1641
-68.3114
-68.4581
-68.5173
-68.5292
-68.6612
-68.7736
-69.1946
-69.2869
-69.5056
-62.0974
-62.3831
-62.6724
-62.9090
-63.1718
-63.4415
-63.7751
-64.0199
-64.2330
-64.4488
-64.6539
-64.8570
-65.0637
-65.2613
-65.3429
-65.5002
-65.7078
-65.7271
-65.8356
-66.0114
-66.1659
-66.3796
-66.5452
-66.7076
-66.8722
-67.0296
-67.1590
-67.2672
-67.4057
-64.7564
-68.5132
-68.6374
-68.7009
-68.8024
-68.8663
-68.9718
-69.0717
-69.1661
-69.3109
-67.2037
-62.8552
-63.0610
-63.2864
-63.4709
-63.6720
-63.8593
-64.0542
-64.3621
-64.5644
-64.7633
-64.9499
-65.1400
-64.8903
-65.0298
-65.1600
-65.2265
-65.3784
-65.6997
-65.8374
-65.9922
-66.1386
-66.3123
-66.4524
-66.6063
-67.0860
-67.2405
-67.3763
-67.4907
-65.3657
-65.4538
-65.6043
-65.9614
-66.1186
-66.3007
-66.4755
-66.6190
-66.7574
-66.8898
-67.0741
-67.2164
-66.1237
-65.0698
-64.4996
-64.2091
-64.0470
-64.0117
-64.0394
-63.7766
-63.9216
-64.0650
-64.2247
-64.3909
-64.5681
-64.7236
-64.9250
-65.0088
-65.1865
-63.2970
-63.5926
-63.7645
-63.9741
-64.1816
-64.3691
-64.5608
-64.7401
-64.9259
-65.1196
-65.2763
-65.4404
-65.5923
-65.7542
-65.9002
-66.1715
-66.4129
-66.6004
-66.7754
-66.9486
-67.0800
-67.2698
-67.4082
-63.8386
-63.1942
-62.5093
-62.5515
-62.6549
-62.8103
-60.5795
-60.8572
-61.1769
-61.4331
-61.8880
-62.1327
-62.3640
-62.6369
-62.8650
-63.1084
-63.2633
-63.4938
-63.6999
-63.9808
-64.2106
-64.4143
-64.5976
-64.7890
-64.9655
-65.1488
-65.3117
-65.4699
-65.6266
-65.7776
-65.9154
-66.0220
-66.1598
-66.4626
-66.6662
-66.8514
-67.0238
-67.2168
-67.3767
-67.5137
-59.0210
-59.3550
-59.6956
-60.2567
-60.5519
-60.8150
-61.1056
-61.3727
-61.6832
-61.9328
-62.1784
-62.4047
-62.6641
-62.8935
-63.1150
-63.3297
-63.5376
-63.6799
-63.8818
-64.0738
-64.3641
-66.7644
-66.9584
-67.1189
-67.2744
-67.4361
-67.5806
-67.7143
-67.8478
-67.9642
-68.0775
-68.1217
-68.2513
-68.4877
-68.7342
-68.9447
-69.1327
-69.3606
-69.5796
-69.7093
-64.0305
-63.7560
-63.7198
-63.7775
-63.8883
-64.0279
-64.1941
-64.3633
-64.5224
-64.8134
-64.9711
-65.2121
-65.4038
-65.5725
-65.7595
-65.9319
-66.0958
-70.6075
-69.4738
-68.5946
-68.3782
-68.2594
-68.2065
-68.2467
-68.2858
-68.3366
-68.4016
-68.4524
-68.5199
-68.5467
-68.6342
-65.4649
-68.9425
-69.1497
-69.3351
-69.5986
-69.7791
-69.9495
-65.9855
-69.7171
-69.9349
-65.1107
-65.3285
-65.9741
-74.2119
-75.4141
-70.6922
-70.3402
-73.0721
-73.0859
-69.2872
-68.9764
-73.1845
-69.4028
-65.7809
-69.5387
-69.7634
-69.9686
-70.1361
-70.1608
-67.5208
-71.7555
-72.0724
-70.1882
-68.5069
-73.7013
-75.2904
-76.1403
-72.9228
-70.9808
-77.6672
-73.9629
-72.8273
-72.8468
-74.0973
-78.1864
-73.7976
-73.0854
-72.7311
-72.5727
-61.6116
-62.0243
-62.3655
-62.6619
-62.9305
-64.0203
-63.9879
-64.2680
-72.1202
-73.2365
-73.2532
-71.4602
-70.2619
-67.9551
-67.8722
-68.5066
-68.7383
-68.2448
-74.0097
-78.0760
-74.7283
-73.9725
-73.6043
-73.3459
-61.8336
-62.2060
-62.5174
-62.8409
-63.1064
-63.4796
-63.7489
-64.0234
-64.1473
-64.4452
-64.7101
-65.1998
-65.4250
-65.5331
-65.9519
-66.1854
-66.3491
-66.4285
-66.8928
-66.9713
-67.1204
-67.2761
-67.4516
-67.6858
-67.8221
-67.8613
-68.0876
-68.5794
-68.6585
-68.4356
-69.0660
-69.1313
-69.1385
-69.8224
-70.1246
-70.0585
-70.1272
-69.5370
-69.7660
-69.9370
-62.0461
-62.3830
-62.7108
-63.0300
-63.2852
-63.6574
-63.9354
-64.1893
-64.4627
-64.6046
-64.8492
-65.2738
-65.5541
-65.7915
-66.0732
-66.2617
-66.5106
-66.6904
-66.9422
-67.1157
-67.2385
-67.3812
-67.5150
-67.6378
-67.8021
-67.9038
-68.5236
-68.6274
-68.7299
-68.7886
-68.5094
-68.9998
-69.5883
-69.7854
-70.1714
-70.1585
-70.2527
-70.2788
-69.7160
-69.9236
-62.2564
-62.6014
-62.9253
-63.2256
-63.5603
-63.7822
-64.1050
-64.3698
-64.6493
-64.7713
-65.0113
-65.2453
-65.6405
-65.9421
-66.1610
-66.4213
-66.6475
-66.8214
-66.9756
-67.2401
-67.3561
-67.4767
-67.6377
-67.6059
-67.7467
-68.4028
-68.4747
-68.6681
-68.7394
-68.8608
-68.6093
-68.9109
-69.6701
-69.9200
-70.0777
-70.2297
-70.3647
-70.4040
-70.3482
-69.9026
-62.2358
-62.5495
-62.8671
-63.2089
-63.4742
-63.6910
-64.2708
-64.5901
-64.8291
-65.0407
-65.1684
-65.3779
-65.7648
-66.0387
-66.2035
-66.5571
-66.7825
-66.9537
-67.1226
-67.3294
-67.4703
-67.5628
-67.7089
-67.6844
-68.2472
-68.4300
-68.5799
-68.7012
-68.8355
-69.2442
-69.2714
-69.1398
-69.8014
-70.0626
-70.1599
-70.2907
-70.4215
-70.4921
-70.4925
-70.3579
-62.5380
-62.8172
-63.1615
-63.4720
-63.7282
-63.9263
-64.2215
-64.5194
-64.7426
-64.9779
-65.1051
-65.3023
-65.5030
-66.1560
-66.4842
-66.6878
-66.9240
-67.0896
-67.2842
-67.4428
-67.5781
-67.6228
-67.6372
-68.3854
-68.3929
-68.4770
-68.6188
-68.7303
-69.0958
-69.3539
-69.3922
-69.2387
-69.5146
-70.0931
-70.1609
-70.3958
-70.4732
-70.5199
-70.5326
-70.4435
-62.8328
-63.1658
-63.4451
-63.6949
-63.9475
-64.2716
-64.4742
-64.7672
-64.9638
-65.2268
-65.4131
-65.5098
-65.6843
-66.0884
-66.3254
-66.5580
-66.7660
-66.9852
-67.1481
-67.4460
-67.7233
-67.6354
-68.3202
-68.5510
-68.5526
-68.5643
-68.6551
-69.0766
-69.2804
-69.4855
-69.5534
-70.5755
-70.5185
-70.5244
-70.4515
-70.0150
-66.7099
-72.2517
-69.0069
-71.1112
-69.6101
-68.1948
-65.6383
-65.7051
-65.6116
-76.0164
-71.8649
-74.7877
-72.5365
-70.6101
-77.5622
-73.5400
-71.3525
-74.6723
-73.2915
-76.7596
-75.5937
-73.7911
-72.1278
-71.7769
