-60.6714
-60.7101
-61.9015
-61.9653
-62.0491
-62.1578
-62.2973
-62.4743
-62.6958
-62.9670
-63.3143
-64.1902
-69.3977
-58.2411
-57.3408
-57.2342
-57.1258
-57.0154
-56.9031
-56.7885
-56.6718
-56.5527
-61.9408
-57.6790
-57.6064
-57.6861
-58.0401
-58.3595
-59.1032
-55.6213
-55.0353
-54.8827
-54.7272
-54.5689
-54.4035
-60.6257
-60.5849
-60.5450
-60.5065
-60.4693
-60.4309
-60.3787
-60.4555
-61.6263
-61.5656
-61.5174
-61.4605
-63.6534
-61.0861
-61.0223
-60.5212
-60.4630
-59.2219
-59.2404
-59.2984
-59.4224
-59.6671
-60.1561
-61.2231
-62.0619
-63.2240
-56.6675
-56.0337
-55.9063
-55.5970
-55.4635
-55.3230
-48.5300
-58.4073
-60.2300
-62.4868
-47.7733
-47.5991
-60.5730
-60.5294
-60.4777
-60.4205
-60.3623
-60.3032
-60.2429
-60.1810
-60.1172
-60.0510
-59.9907
-59.7030
-60.9628
-61.1712
-61.1798
-61.1690
-61.1865
-59.8589
-59.9604
-60.1206
-60.6594
-61.1220
-61.3859
-61.9362
-62.6827
-63.5332
-57.7731
-57.1230
-57.1536
-57.2342
-57.5921
-57.9189
-59.3720
-60.4362
-60.7100
-60.4892
-60.4284
-60.3663
-60.3029
-60.2379
-60.1710
-60.1018
-59.8338
-59.7739
-59.7220
-59.6636
-59.6043
-60.7479
-60.7209
-60.6540
-60.5677
-60.4639
-59.4212
-59.4916
-61.1222
-61.4812
-61.5817
-61.9842
-62.5002
-63.1109
-63.7607
-58.2574
-57.6230
-57.7637
-57.9568
-58.2363
-58.6455
-60.0365
-60.1800
-62.0930
-60.4584
-60.3470
-60.2792
-60.2095
-59.9370
-59.8745
-59.8116
-59.7484
-59.6913
-59.6291
-59.5658
-59.4999
-60.5673
-60.5304
-60.4627
-60.6203
-60.5243
-59.3044
-59.2558
-59.2106
-59.1691
-59.1312
-59.0968
-59.0631
-62.8823
-58.8507
-58.1821
-58.3593
-58.4207
-58.4043
-58.4066
-59.2579
-59.6529
-58.8312
-59.9458
-64.5371
-62.0714
-62.0485
-62.0305
-62.0197
-62.0189
-62.0332
-62.0715
-62.1474
-62.3055
-62.5802
-63.0824
-59.3925
-59.4886
-60.5644
-60.5121
-60.4402
-60.3381
-59.1717
-59.1142
-59.0582
-59.0040
-58.9514
-58.8991
-58.8439
-58.7786
-58.7023
-59.6038
-59.2789
-59.1121
-58.2161
-58.1589
-58.0993
-58.0422
-58.0236
-58.7131
-58.7393
-57.9516
-58.7097
-58.7910
-59.5817
-62.3039
-62.3495
-62.3593
-62.3800
-62.4163
-62.4752
-62.5648
-62.7127
-63.3517
-63.8634
-64.7602
-60.3260
-60.2526
-60.1439
-60.0297
-58.9596
-58.8925
-58.8257
-58.7584
-58.6902
-58.6121
-58.3739
-58.2982
-59.0725
-58.9895
-58.8216
-58.6922
-57.8899
-57.8044
-57.7270
-57.6525
-57.5723
-58.1586
-58.0644
-58.0138
-58.0051
-57.9891
-62.1014
-62.1398
-62.1953
-62.2731
-62.3801
-62.8371
-63.0980
-63.4613
-63.9401
-64.4294
-65.1737
-60.1756
-60.0578
-59.9442
-59.8252
-58.7964
-58.7183
-58.6388
-58.5577
-58.3349
-58.2460
-58.1561
-58.0646
-58.7215
-58.6248
-58.4970
-58.3754
-57.6098
-57.5035
-57.3963
-57.2878
-57.1846
-57.6554
-57.5359
-56.8807
-57.1938
-57.1063
-61.8565
-61.8720
-62.1402
-62.2206
-62.3372
-62.5061
-62.7655
-63.1245
-63.6296
-64.6462
-60.1076
-59.9872
-59.8582
-59.7417
-59.6165
-58.6278
-58.4282
-58.3307
-58.2316
-58.1366
-58.0354
-57.9319
-57.8247
-58.3922
-58.2918
-58.1471
-58.0045
-57.2673
-57.1446
-57.0212
-56.8967
-56.7748
-57.1522
-56.9115
-56.2952
-56.6165
-56.4717
-61.7508
-61.7489
-61.7595
-61.7858
-61.8780
-61.9787
-62.1315
-62.3865
-62.8425
-63.7060
-60.3818
-60.2541
-59.9240
-59.7980
-59.6582
-59.5390
-59.2982
-58.3612
-58.2566
-58.1498
-58.0454
-57.9349
-57.8216
-57.7037
-57.5784
-58.0729
-57.9552
-57.8034
-57.6343
-56.9184
-56.7705
-56.6170
-56.4603
-56.2279
-56.4789
-56.2798
-55.6577
-55.8058
-55.5285
-59.9186
-59.8501
-59.7806
-59.7107
-59.6402
-59.5768
-59.5057
-59.4328
-59.3567
-59.2768
-60.2652
-60.0510
-59.9159
-59.7422
-59.5239
-59.3845
-59.2426
-59.0998
-58.1974
-58.0844
-57.9684
-57.8544
-57.7327
-57.6069
-57.4759
-57.3373
-57.1988
-57.6250
-57.4622
-57.2646
-57.0665
-56.4082
-56.1756
-55.9869
-55.7835
-55.5661
-55.6869
-55.4008
-55.1249
-47.5083
-59.8772
-59.8046
-59.7309
-59.6563
-59.5871
-59.5110
-59.4326
-59.3518
-59.2638
-59.1548
-59.9576
-59.8722
-59.6547
-59.5157
-59.3740
-59.2002
-59.0529
-58.9046
-58.7352
-57.9133
-57.7929
-57.6652
-57.5333
-57.3957
-57.2494
-57.1024
-56.9501
-57.3166
-57.1318
-56.9259
-56.7124
-56.0342
-55.8389
-55.6357
-55.4340
-48.1154
-48.0171
-47.8507
-47.6202
-47.5020
-59.8111
-59.7349
-59.6571
-59.5841
-59.5042
-59.4222
-59.3378
-59.2453
-59.0779
-58.9339
-59.7247
-59.6265
-59.5040
-59.3649
-59.2206
-59.0705
-58.9174
-58.7632
-58.5911
-57.7868
-57.6585
-57.5219
-57.3801
-57.2326
-57.0773
-56.9204
-56.7580
-57.0774
-56.8910
-56.6470
-56.4448
-55.8634
-48.5854
-48.4323
-48.2755
-48.1129
-48.0091
-47.8385
-47.6095
-47.4985
-59.7419
-59.6622
-59.5804
-59.5031
-59.4185
-59.3313
-59.1339
-59.0357
-58.9349
-58.8311
-59.5672
-59.4652
-59.3494
-59.2030
-59.0520
-58.8977
-58.7405
-58.5819
-58.4084
-57.6325
-57.4945
-57.3520
-57.2045
-57.0504
-56.8968
-56.7417
-56.5907
-56.8964
-49.2610
-49.1139
-48.9639
-48.7361
-48.5812
-48.4239
-48.2640
-48.1049
-48.0075
-47.8454
-47.6227
-47.5088
-59.6719
-59.5882
-59.5085
-59.4215
-59.2409
-59.1436
-59.0442
-58.9422
-58.8377
-58.7298
-59.4149
-59.3104
-59.1906
-59.0480
-58.8943
-58.7374
-58.5779
-58.4176
-58.2453
-57.4952
-57.3570
-57.2170
-57.0774
-56.9388
-56.8117
-49.5979
-49.4612
-49.4043
-49.2577
-49.1073
-48.9530
-48.7251
-48.5754
-48.4252
-48.2727
-48.1176
-47.9572
-56.1564
-56.8751
-58.1324
-63.4845
-60.3128
-59.1598
-59.0597
-58.9571
-58.8524
-61.7123
-62.7834
-64.8244
-59.0455
-58.9091
-58.7556
-58.6005
-58.4441
-58.2894
-58.1325
-57.4101
-57.2906
-50.1313
-50.0010
-49.8696
-49.7340
-49.5955
-49.4535
-49.3101
-49.2455
-49.1023
-48.9559
-48.8069
-48.5877
-48.4347
-55.8780
-56.1059
-56.4612
-57.4877
-58.3583
-58.8435
-64.4720
-63.0596
-61.4220
-61.6066
-61.8824
-62.2924
-63.0984
-64.0035
-73.0444
-58.9477
-58.8001
-58.6567
-58.5137
-58.3752
-50.7519
-50.6237
-50.3882
-50.2619
-50.1305
-49.9965
-49.8613
-49.7241
-49.5868
-49.4512
-49.3144
-49.2556
-49.1135
-48.9642
-56.5807
-56.2625
-56.4146
-56.6371
-56.9482
-57.3706
-58.5690
-59.4557
-63.2024
-63.7997
-61.9941
-62.2543
-62.7348
-63.2108
-63.7649
-59.0671
-58.8879
-58.7558
-51.1250
-51.0024
-50.8783
-50.7520
-50.6204
-50.4872
-50.2526
-50.1204
-49.9897
-49.8606
-49.7304
-49.5971
-49.4626
-49.3226
-56.9539
-56.9952
-57.0647
-57.1740
-56.8610
-57.0635
-57.3315
-57.6803
-58.1242
-59.4306
-65.1840
-63.2179
-72.5203
-70.0650
-71.7478
-61.5100
-61.8052
-62.3439
-63.4378
-51.4877
-51.3672
-51.2476
-51.1234
-50.9974
-50.8705
-50.7417
-50.6103
-50.4810
-50.2534
-50.1274
-50.0004
-49.8716
-49.7379
-56.8633
-56.8566
-56.8767
-57.4042
-57.4972
-57.6130
-57.7619
-57.4216
-57.6522
-57.8979
-58.2483
-58.6816
-59.2001
-62.9702
-62.8250
-65.9966
-66.3145
-71.1343
-60.3568
-60.2767
-60.1888
-60.1184
-51.7239
-51.6088
-51.4853
-51.3617
-51.2384
-51.1134
-50.9873
-50.8657
-50.7428
-50.6175
-50.4906
-50.2634
-57.2374
-57.1878
-57.1648
-57.1548
-57.1661
-57.1957
-57.2451
-57.8429
-57.9603
-58.1055
-58.2788
-57.8986
-58.1412
-58.4355
-58.7834
-59.1981
-60.4413
-60.9673
-57.6705
-65.1383
-65.5460
-66.0025
-66.8273
-67.5926
-67.8656
-64.4126
-51.7116
-51.5969
-51.4749
-51.3538
-51.2360
-51.1168
-50.9970
-50.8752
-50.7521
-58.1642
-58.0853
-57.4901
-57.4672
-57.4585
-57.4670
-57.4823
-57.5160
-57.5659
-57.6345
-57.7281
-58.4360
-58.6050
-58.7973
-59.0305
-58.6140
-58.9025
-59.2432
-59.9089
-59.3721
-57.9792
-57.9568
-70.4766
-64.9897
-65.3410
-65.9489
-66.6263
-67.2578
-64.3986
-70.6835
-51.5935
-51.4789
-51.3627
-51.2452
-51.1259
-58.5612
-58.4856
-58.4275
-58.3794
-58.3402
-57.7455
-57.7446
-57.7586
-57.7771
-57.8116
-57.8604
-57.9251
-58.0117
-58.1152
-58.9483
-59.1461
-59.3695
-59.6394
-59.3175
-59.6419
-57.7399
-57.7190
-58.2533
-58.2392
-64.3562
-64.9460
-65.4338
-66.0591
-66.7321
-64.2562
-69.8729
-51.6039
-51.4872
-58.9384
-58.8598
-58.7995
-58.7472
-58.7052
-58.6737
-58.6439
-58.6274
-58.0490
-58.0682
-58.0935
-58.1266
-58.1764
-58.2410
-58.3217
-58.4256
-58.5463
-59.4013
-59.6136
-59.8502
-66.9492
-57.9932
-57.9739
-57.9581
-58.5223
-58.5221
-63.9306
-68.0675
-68.5633
-70.9651
-62.1075
-64.1040
-63.8893
-59.2588
-59.1896
-59.1346
-59.0868
-59.0523
-59.0213
-58.9974
-58.9827
-58.9685
-58.9674
-58.9764
-58.3583
-58.3906
-58.4381
-58.4987
-58.5738
-58.6689
-58.7784
-58.9075
-59.8262
-60.0457
-64.2303
-67.1188
-65.1252
-58.7988
-63.3835
-66.4395
-67.0402
-68.0072
-62.5846
-58.8150
-59.5688
-59.4954
-59.4346
-59.3890
-59.3505
-59.3235
-59.2984
-59.2795
-59.2672
-59.2593
-59.2603
-59.2702
-59.2952
-58.6422
-58.6831
-58.7395
-58.8089
-58.8921
-58.9953
-59.1098
-59.2424
-60.2184
-63.5577
-65.2555
-67.2263
-69.0307
-58.8763
-62.6387
-64.6941
-64.7147
-64.6675
-64.5726
-59.9228
-59.8403
-58.9537
-59.7137
-59.6889
-59.6423
-59.6097
-59.5876
-59.5663
-59.5511
-59.5416
-59.5388
-59.5397
-59.5497
-59.5679
-59.6011
-58.9105
-58.9617
-59.0242
-59.0986
-59.1909
-59.2935
-59.4114
-59.5465
-61.7943
-64.4488
-65.8462
-67.3095
-68.6945
-70.3543
-58.7813
-61.8091
-63.0557
-60.2032
-60.1621
-60.1479
-59.8852
-59.8897
-59.8608
-59.8364
-59.8225
-59.8091
-59.8008
-59.7984
-59.7971
-59.8096
-59.8272
-59.8589
-59.8935
-59.1687
-59.2253
-59.2927
-59.3717
-59.4682
-59.5737
-59.6932
-61.7667
-62.3189
-65.0494
-66.1888
-66.6227
-66.8097
-69.6915
-74.9399
-74.5562
-59.0258
-58.7921
-59.5494
-60.3767
-64.0530
-65.3356
-67.5449
-60.1361
-60.0876
-60.0796
-60.0678
-60.0558
-60.0487
-60.0471
-60.0511
-60.0562
-60.0752
-60.0991
-60.1374
-60.1728
-59.4172
-59.4783
-59.5494
-59.6364
-59.7307
-59.8370
-59.9563
-62.2167
-62.6934
-65.4525
-65.4385
-65.3237
-65.1773
-64.6950
-64.6601
-64.7338
-59.1812
-56.5092
-56.4216
-62.1295
-64.4499
-65.3574
-66.7156
-68.4731
-71.0998
-71.7881
-65.8196
-60.3425
-60.2887
-60.2960
-60.2927
-60.2867
-60.2857
-60.2892
-60.2932
-60.3093
-60.3341
-60.3701
-60.4072
-60.4476
-59.6549
-59.7190
-59.7924
-59.8811
-59.9757
-60.0810
-62.1772
-62.5525
-62.8323
-64.3761
-64.1445
-63.8326
-63.4007
-61.4601
-59.4478
-59.2989
-56.7555
-56.6775
-56.5959
-62.7196
-65.3025
-65.9925
-65.9725
-65.9294
-65.8690
-60.6294
-60.5684
-60.5494
-60.4909
-60.5132
-60.5162
-60.5155
-60.5187
-60.5273
-60.5362
-60.5574
-60.5868
-60.6275
-60.6631
-60.7129
-60.7728
-59.9483
-60.0282
-60.1123
-60.2053
-62.0799
-62.3810
-62.4324
-62.2589
-63.5946
-63.2232
-62.7440
-59.7509
-59.5812
-57.0265
-56.9627
-56.9186
-56.8465
-56.7694
-63.1761
-65.8631
-65.8584
-60.8186
-60.8107
-60.8026
-60.7917
-60.7697
-60.7553
-60.7402
-60.7204
-60.7361
-60.7402
-60.7479
-60.7547
-60.7737
-60.7994
-60.8399
-60.8774
-60.9164
-60.9692
-60.9639
-60.1100
-60.3246
-60.2738
-62.1281
-62.3815
-62.2519
-62.0556
-61.8183
-61.5270
-60.0628
-59.9078
-57.3204
-57.2471
-57.1794
-57.1223
-57.0631
-57.0154
-56.9428
-62.2471
-60.9960
-60.9958
-60.9944
-60.9910
-60.9855
-60.9720
-60.9668
-60.9549
-60.9553
-60.9266
-60.9499
-60.9610
-60.9727
-60.9833
-61.0061
-61.0354
-61.0176
-61.0511
-61.1793
-61.2579
-61.3584
-64.8309
-73.8061
-62.1293
-61.9188
-61.6793
-59.5697
-59.4385
-57.6332
-57.5448
-57.4757
-57.4045
-57.3366
-57.2820
-57.2255
-57.1685
-57.1142
-60.2275
-60.2092
-61.1685
-61.1701
-61.1694
-61.1678
-61.1612
-61.1626
-61.1567
-61.1620
-61.1293
-61.1579
-61.1778
-61.1287
-61.2119
-61.2431
-61.2918
-61.3420
-61.3932
-61.4619
-61.5432
-59.8577
-59.6927
-59.5722
-57.3698
-57.7581
-57.6959
-57.6301
-57.5595
-57.0747
-57.4413
-57.3879
-57.3325
-57.2030
-60.3955
-60.3839
-61.3825
-65.3755
-61.3558
-61.3103
-61.3113
-61.3341
-61.3697
-61.3943
-61.4211
-61.4520
-61.4903
-61.5439
-61.5918
-61.6531
-61.7247
-65.1540
-70.7956
-59.8201
-57.6224
-57.5643
-57.5069
-57.9066
-57.8462
-57.7820
-57.7166
-57.2236
-57.6005
-57.5138
-57.3457
-57.1739
-60.5502
-63.2976
-67.5366
-61.5629
-61.5598
-61.5670
-61.5798
-61.5926
-61.5853
-61.6187
-61.6522
-61.6876
-61.7380
-61.8209
-69.3020
-64.9453
-68.6556
-69.6743
-64.8511
-64.7236
-64.5948
-58.4620
-57.8107
-57.7544
-57.6987
-57.6433
-58.0547
-57.9934
-57.9358
-57.8736
-57.8121
-57.6574
-57.4934
-57.3271
-57.2477
-63.3853
-64.4434
-68.1314
-68.2231
-68.1337
-61.8252
-61.7628
-61.7704
-61.7732
-61.7914
-61.8077
-61.7903
-61.8381
-61.8781
-61.9170
-65.6590
-63.8322
-63.4993
-63.0634
-62.4510
-61.2131
-58.6409
-58.5636
-57.9404
-57.8864
-57.8328
-57.7791
-57.7231
-58.1438
-58.0891
-57.9732
-57.8051
-57.7105
-61.4362
-66.7837
-63.9949
-63.7189
-65.7781
-62.0194
-61.9933
-61.9688
-61.9718
-61.9837
-61.9974
-62.0188
-61.9989
-62.0497
-62.1303
-69.4820
-63.0464
-62.6541
-62.1601
-61.6215
-58.9034
-58.8403
-58.7707
-58.6945
-58.6076
-58.0179
-57.9655
-57.9114
-57.8608
-58.2785
-58.1220
-58.0320
-57.8802
-61.6486
-63.8059
-66.8969
-64.5762
-65.1554
-72.4397
-62.1492
-62.1642
-62.1708
-62.1853
-62.1999
-62.2179
-62.2706
-62.2884
-67.8051
-69.2041
-62.2715
-61.7847
-59.1126
-59.0760
-59.0289
-58.9700
-58.9007
-58.8279
-58.7477
-58.1483
-58.0985
-58.0462
-57.9874
-58.3377
-58.1928
-58.4450
-61.8363
-61.7650
-63.7227
-63.6283
-63.6910
-64.8875
-65.7640
-71.8308
-62.3706
-62.3472
-62.3568
-62.3665
-62.3834
-62.4044
-62.4475
-65.0509
-67.0490
-67.9933
-69.2515
-69.1774
-61.6815
-59.2804
-59.2169
-59.2009
-59.1555
-59.0992
-59.0325
-58.9625
-58.8869
-58.2786
-58.2555
-58.1273
-57.9976
-58.6902
-58.6532
-62.0021
-62.8389
-62.8678
-62.6014
-62.2624
-61.8212
-65.1062
-65.7157
-75.0001
-62.5188
-62.5345
-62.5430
-62.5589
-62.5934
-62.6081
-65.1813
-66.7624
-67.2644
-68.2423
-69.4324
-65.8443
-65.4047
-59.6072
-59.5068
-59.4068
-59.3450
-59.3271
-59.2829
-59.2299
-59.1645
-59.1606
-59.0963
-58.3894
-58.2633
-58.1358
-58.3590
-61.8888
-62.1537
-62.6147
-62.3207
-61.9650
-61.5410
-60.8661
-60.2102
