-51.9996
-52.0905
-52.1804
-52.2702
-52.3592
-52.4467
-52.5343
-52.6218
-52.7081
-52.7921
-52.8750
-52.9584
-53.0417
-53.1255
-53.2083
-53.2907
-53.3717
-53.4396
-53.5177
-53.5947
-53.6723
-53.7491
-53.8243
-54.1980
-54.2778
-54.3566
-54.4335
-54.5073
-54.5818
-54.3215
-54.3916
-54.8123
-54.8909
-54.9874
-55.0594
-55.1307
-55.2026
-55.2737
-55.3414
-55.4075
-51.9371
-52.0295
-52.1223
-52.2133
-52.3032
-52.3794
-52.4685
-52.5559
-52.6416
-52.7262
-52.8117
-52.8976
-52.9830
-53.0677
-53.1517
-53.2336
-53.3144
-53.3937
-53.4736
-53.5528
-53.6182
-53.6940
-53.7676
-54.1395
-54.2201
-54.3010
-54.3819
-54.4578
-54.5331
-54.2734
-54.3426
-54.7615
-54.8405
-54.9383
-55.0128
-55.0865
-55.1603
-55.2330
-55.3005
-55.3663
-51.8632
-51.9577
-52.0506
-52.1432
-52.2357
-52.3270
-52.4159
-52.5038
-52.5903
-52.6626
-52.7508
-52.8378
-52.9249
-53.0094
-53.0929
-53.1749
-53.2570
-53.3388
-53.4194
-53.4978
-53.5739
-53.6487
-53.7230
-54.0822
-54.1664
-54.2496
-54.3316
-54.4086
-54.4831
-54.2223
-54.2915
-54.7108
-54.7925
-54.8932
-54.9704
-55.0440
-55.1174
-55.1914
-55.2599
-55.3263
-51.7890
-51.8840
-51.9795
-52.0741
-52.1668
-52.2579
-52.3475
-52.4366
-52.5278
-52.6180
-52.7078
-52.7959
-52.8824
-52.9676
-53.0335
-53.1181
-53.2014
-53.2827
-53.3616
-53.4391
-53.5157
-53.5921
-53.6698
-54.0452
-54.1297
-54.1983
-54.2808
-54.3566
-54.4311
-54.1720
-54.2436
-54.6645
-54.7477
-54.8488
-54.9266
-55.0008
-55.0751
-55.1497
-55.2194
-55.2859
-51.7146
-51.8123
-51.9086
-52.0027
-52.0957
-52.1875
-52.2799
-52.3734
-52.4658
-52.5574
-52.6468
-52.7350
-52.8219
-52.9098
-52.9965
-53.0812
-53.1633
-53.2437
-53.3017
-53.3808
-53.4609
-53.5403
-53.6185
-53.9937
-54.0781
-54.1620
-54.2451
-54.3229
-54.3832
-54.1255
-54.1977
-54.6180
-54.7014
-54.8039
-54.8838
-54.9582
-55.0326
-55.1070
-55.1769
-55.2427
-51.6415
-51.7391
-51.8354
-51.9302
-52.0244
-52.1195
-52.2148
-52.3099
-52.4025
-52.4940
-52.5839
-52.6746
-52.7642
-52.8522
-52.9376
-53.0209
-53.1031
-53.1852
-53.2682
-53.3507
-53.4320
-53.5121
-53.5906
-53.9410
-54.0267
-54.1123
-54.1979
-54.2784
-54.3558
-54.0956
-54.1507
-54.5713
-54.6562
-54.7594
-54.8405
-54.9144
-54.9877
-55.0613
-55.1325
-55.1998
-51.5665
-51.6646
-51.7616
-51.8588
-51.9558
-52.0536
-52.1497
-52.2440
-52.3370
-52.4302
-52.5232
-52.6147
-52.7036
-52.7902
-52.8753
-52.9600
-53.0457
-53.1310
-53.2153
-53.2991
-53.3806
-53.4612
-53.5412
-53.9192
-54.0079
-54.0960
-54.1829
-54.2643
-54.3112
-54.0517
-54.1247
-54.1962
-54.6303
-54.7135
-54.7943
-54.8679
-54.9416
-55.0163
-55.0910
-55.1611
-51.4905
-51.5903
-51.6898
-51.7889
-51.8886
-51.9860
-52.0822
-52.1778
-52.2739
-52.3686
-52.4607
-52.5500
-52.6383
-52.7260
-52.8147
-52.9035
-52.9914
-53.0780
-53.1624
-53.2456
-53.3283
-53.4107
-53.4934
-53.5751
-53.9633
-54.0521
-54.1404
-54.2249
-54.3043
-54.0423
-54.1159
-54.1866
-54.5863
-54.6907
-54.7718
-54.8231
-54.8994
-54.9764
-55.0529
-55.1240
-51.4161
-51.5173
-51.6192
-51.7198
-51.8191
-51.9172
-52.0165
-52.1145
-52.2100
-52.3024
-52.3935
-52.4838
-52.5753
-52.6672
-52.7580
-52.8478
-52.9354
-53.0217
-53.1072
-53.1927
-53.2783
-53.3628
-53.4462
-53.5281
-53.9171
-54.0079
-54.0978
-54.1842
-54.2642
-54.0013
-54.0756
-54.1490
-54.5907
-54.7022
-54.7905
-54.8719
-54.9520
-54.9722
-55.0129
-55.0843
-51.3419
-51.4450
-51.5475
-51.6485
-51.7509
-51.8521
-51.9512
-52.0469
-52.1410
-52.2346
-52.3291
-52.4237
-52.5171
-52.6096
-52.6999
-52.7890
-52.8769
-52.9649
-53.0536
-53.1413
-53.2279
-53.3130
-53.3976
-53.4811
-53.8706
-53.9619
-54.0516
-54.1382
-54.2181
-53.9556
-54.0320
-54.1092
-54.5554
-54.6731
-54.7633
-54.8475
-54.9324
-55.0195
-55.1111
-51.2605
-51.3648
-51.4763
-51.5811
-51.6840
-51.7833
-51.8813
-51.9780
-52.0752
-52.1727
-52.2690
-52.3643
-52.4573
-52.5491
-52.6398
-52.7301
-52.8212
-52.9114
-53.0003
-53.0882
-53.1759
-53.2626
-53.3482
-53.4324
-53.8208
-53.9114
-54.0012
-54.0902
-54.1722
-54.2544
-53.9915
-54.0702
-54.5179
-54.6403
-54.7289
-54.8127
-62.8142
-63.4514
-51.1862
-51.2942
-51.4008
-51.5043
-51.6054
-51.7122
-51.8124
-51.9132
-52.0126
-52.1110
-52.2072
-52.3020
-52.3954
-52.4886
-52.5817
-52.6746
-52.7660
-52.8566
-52.9468
-53.0360
-53.1240
-53.2104
-53.2947
-53.3781
-53.7661
-53.8593
-53.9529
-54.0457
-54.1305
-54.2131
-53.9495
-54.0273
-54.4739
-54.6012
-64.7866
-64.9074
-65.0388
-65.2300
-51.1168
-51.2245
-51.3289
-51.4317
-51.5344
-51.6380
-51.7402
-51.8412
-51.9401
-52.0457
-52.1421
-52.2383
-52.3341
-52.4293
-52.5236
-52.6173
-52.7105
-52.8026
-52.8932
-52.9816
-53.0683
-53.1539
-53.2388
-53.3237
-53.7146
-53.8107
-53.9061
-54.0004
-54.0867
-54.1673
-53.9014
-53.9788
-54.4367
-71.9025
-70.2113
-51.0400
-51.1466
-51.2556
-51.3626
-51.4680
-51.5723
-51.6744
-51.7748
-51.8740
-51.9728
-52.0711
-52.1679
-52.2732
-52.3697
-52.4654
-52.5599
-52.6529
-52.7436
-52.8328
-52.9211
-53.0091
-53.0975
-53.1862
-53.2741
-53.6651
-53.7614
-53.8559
-53.9488
-54.0352
-54.1167
-53.8533
-53.9374
-54.3868
-50.9640
-51.0745
-51.1834
-51.2910
-51.3971
-51.5043
-51.6067
-51.7090
-51.8104
-51.9103
-52.0085
-52.1077
-52.2057
-52.3023
-52.3971
-52.4893
-52.5907
-52.6811
-52.7716
-52.8629
-52.9536
-53.0434
-53.1323
-53.2196
-53.6081
-53.7037
-53.7987
-53.8929
-53.9839
-54.0678
-53.8069
-53.8883
-54.3379
-54.4425
-54.5421
-50.8921
-51.0029
-51.1115
-51.2210
-51.3270
-51.4327
-51.5374
-51.6411
-51.7462
-51.8480
-51.9491
-52.0486
-52.1457
-52.2405
-52.3341
-52.4267
-52.5196
-52.6128
-52.7050
-52.8077
-52.8980
-52.9863
-53.0732
-53.1592
-53.2444
-53.6419
-53.7390
-53.8359
-53.9297
-54.0203
-53.7586
-53.8430
-54.2959
-54.4066
-54.5070
-50.8220
-50.9328
-51.0420
-51.1510
-51.2587
-51.3647
-51.4604
-51.5645
-51.6680
-51.7698
-51.8871
-51.9848
-52.0812
-52.1769
-52.2734
-52.3694
-52.4642
-52.5576
-52.6491
-52.7383
-52.8262
-52.9130
-52.9987
-53.0983
-53.1857
-53.5848
-53.6834
-53.7826
-53.8804
-53.9694
-53.7144
-53.8003
-54.2545
-54.3712
-50.7496
-50.8631
-50.9751
-51.0849
-51.1933
-51.3010
-51.4073
-51.5126
-51.6145
-51.7052
-51.8041
-51.9027
-52.0026
-52.1052
-52.2020
-52.2971
-52.3895
-52.4806
-52.5884
-52.6781
-52.7669
-52.8560
-52.9442
-53.0314
-53.1182
-53.5153
-53.6307
-53.7313
-53.8315
-53.9207
-53.6586
-53.7532
-53.8353
-54.3322
-61.4661
-61.3181
-61.2348
-50.6797
-50.7937
-50.9067
-51.0186
-51.1291
-51.2375
-51.3430
-51.4468
-51.5493
-51.6524
-51.7550
-51.8562
-51.9455
-52.0435
-52.1392
-52.2341
-52.3319
-52.4232
-52.5148
-52.6053
-52.6947
-52.7832
-52.8713
-52.9595
-53.0467
-53.4670
-53.5661
-53.6632
-53.7581
-53.8422
-53.5951
-53.6845
-53.7848
-61.1469
-60.6136
-60.2427
-54.1248
-54.1946
-50.6094
-50.7253
-50.8395
-50.9505
-51.0599
-51.1679
-51.2751
-51.3833
-51.4907
-51.5963
-51.6998
-51.8005
-51.8993
-51.9965
-52.0920
-52.1757
-52.2705
-52.3640
-52.4569
-52.5544
-52.6463
-52.7373
-52.8270
-52.9155
-53.0017
-53.3930
-53.4871
-53.5800
-53.6715
-53.7544
-53.4836
-53.5621
-53.6820
-53.8007
-61.0889
-53.8665
-53.9396
-54.0117
-54.0828
-54.1525
-50.5327
-50.6468
-50.7668
-50.8790
-50.9918
-51.1047
-51.2160
-51.3256
-51.4327
-51.5374
-51.6405
-51.7417
-51.8410
-51.9401
-52.0379
-52.1343
-52.2300
-52.3254
-52.4078
-52.5017
-52.5942
-52.6857
-52.7792
-52.8645
-52.9487
-53.3385
-53.4338
-53.5285
-53.6233
-53.7120
-53.7875
-53.5185
-53.5964
-53.6731
-53.7487
-53.8231
-53.8964
-53.9687
-54.0400
-54.1105
-50.4598
-50.5755
-50.6929
-50.8091
-50.9236
-51.0450
-51.1551
-51.2634
-51.3699
-51.4747
-51.5792
-51.6825
-51.7844
-51.8855
-51.9861
-52.0856
-52.1838
-52.2804
-52.3751
-52.4667
-52.5419
-52.6297
-52.7167
-52.8027
-52.8954
-53.2876
-53.3865
-53.4840
-53.5795
-53.6719
-53.7466
-53.4738
-53.5517
-53.6286
-53.7045
-53.7791
-53.8531
-53.9260
-53.9976
-54.0683
-50.4005
-50.5212
-50.6400
-50.7561
-50.8699
-50.9817
-51.0916
-51.2004
-51.3083
-51.4146
-51.5199
-51.6252
-51.7302
-51.8338
-51.9361
-52.0367
-52.1345
-52.2290
-52.3216
-52.4125
-52.5023
-52.5917
-52.6812
-52.7535
-52.8411
-53.2325
-53.3320
-53.4385
-53.5345
-53.6318
-53.7063
-53.4283
-53.5067
-53.5843
-53.6605
-53.7355
-53.8094
-59.5796
-59.6950
-59.8009
-50.3370
-50.4571
-50.5750
-50.6909
-50.8050
-50.9184
-51.0301
-51.1403
-51.2498
-51.3595
-51.4676
-51.5740
-51.6905
-51.7930
-51.8928
-51.9913
-52.0884
-52.1844
-52.2805
-52.3617
-52.4553
-52.5471
-52.6375
-52.7263
-52.8135
-52.8988
-53.2840
-53.3831
-53.4947
-53.5845
-53.6692
-53.3830
-53.4615
-59.3835
-59.5835
-59.7389
-59.8580
-59.9535
-60.0326
-60.0998
-50.2696
-50.3898
-50.5088
-50.6263
-50.7420
-50.8567
-50.9716
-51.0851
-51.1970
-51.3071
-51.4140
-51.5180
-51.6203
-51.7210
-51.8205
-51.9332
-52.0338
-52.1331
-52.2311
-52.3280
-52.4237
-52.5184
-52.6120
-52.7026
-52.7919
-52.8802
-53.2910
-53.3928
-53.5093
-53.5431
-62.2698
-60.0924
-60.1341
-60.2077
-60.2413
-60.2731
-60.3032
-60.2938
-60.2205
-60.1490
-50.2013
-50.3231
-50.4433
-50.5639
-50.6831
-50.8007
-50.9165
-51.0290
-51.1386
-51.2463
-51.3522
-51.4568
-51.5617
-51.6660
-51.7687
-51.8699
-51.9697
-52.0680
-52.1650
-52.2766
-52.3729
-52.4683
-52.5633
-52.6576
-52.7511
-52.8433
-53.2585
-53.3676
-53.5025
-61.3076
-60.9100
-60.6588
-60.4343
-60.2587
-60.1491
-60.0292
-59.9336
-59.8577
-50.1273
-50.2600
-50.3834
-50.5050
-50.6233
-50.7385
-50.8518
-50.9633
-51.0733
-51.1838
-51.2932
-51.4010
-51.5072
-51.6118
-51.7148
-51.8164
-51.9167
-52.0156
-52.1133
-52.2101
-52.3050
-52.3989
-52.5102
-52.6052
-52.7000
-52.7955
-53.2172
-53.3333
-62.2951
-60.8600
-60.4979
-60.2165
-60.0019
-59.8379
-59.7149
-59.6220
-53.7883
-53.8713
-50.0666
-50.1910
-50.3120
-50.4309
-50.5477
-50.6630
-50.7789
-50.8931
-51.0056
-51.1166
-51.2258
-51.3331
-51.4388
-51.5428
-51.6586
-51.7608
-51.8614
-51.9605
-52.0582
-52.1548
-52.2502
-52.3448
-52.4392
-52.5334
-52.6267
-52.7424
-53.1682
-53.2805
-60.7932
-60.2614
-59.8919
-59.6402
-53.4424
-53.5205
-53.5978
-53.6738
-53.7478
-53.8212
-49.9988
-50.1221
-50.2439
-50.3658
-50.4859
-50.6043
-50.7212
-50.8364
-50.9499
-51.0615
-51.1711
-51.2791
-51.3856
-51.4898
-51.5926
-51.6939
-51.7940
-51.8927
-51.9909
-52.0888
-52.1852
-52.2803
-52.3740
-52.4663
-52.5570
-52.6468
-53.0561
-53.1844
-52.9484
-60.7251
-53.0789
-53.1618
-53.2436
-53.3236
-53.4023
-53.4799
-53.5562
-53.6316
-53.7055
-53.7785
-49.9336
-50.0604
-50.1853
-50.3083
-50.4293
-50.5486
-50.6661
-50.7817
-50.8954
-51.0067
-51.1162
-51.2241
-51.3305
-51.4353
-51.5393
-51.6434
-51.7460
-51.8470
-51.9466
-52.0447
-52.1410
-52.2364
-52.3308
-52.4238
-52.5155
-52.6058
-53.0159
-53.1125
-52.8692
-52.9537
-53.0370
-53.1193
-53.2005
-53.2806
-53.3596
-53.4375
-53.5137
-53.5891
-53.6639
-53.7376
-49.8739
-50.0014
-50.1269
-50.2505
-50.3722
-50.4921
-50.6089
-50.7240
-50.8375
-50.9493
-51.0597
-51.1707
-51.2799
-51.3874
-51.4933
-51.5976
-51.7000
-51.8016
-51.9018
-52.0006
-52.0980
-52.1939
-52.2884
-52.3817
-52.4730
-52.5626
-52.9724
-53.0706
-52.8242
-52.9090
-52.9532
-53.0365
-53.1188
-53.2005
-53.2805
-53.3593
-53.4370
-53.5135
-53.5890
-53.6635
-49.8212
-49.9497
-50.0756
-50.1994
-50.3121
-50.4314
-50.5491
-50.6674
-50.7840
-50.8988
-51.0118
-51.1230
-51.2321
-51.2975
-51.4047
-51.5103
-51.6144
-51.7169
-51.8180
-51.9177
-52.0148
-52.1107
-52.2053
-52.2985
-52.3904
-52.4811
-52.8895
-52.9917
-52.7467
-52.8332
-52.9186
-53.0025
-53.0849
-53.1661
-53.2463
-53.3257
-53.4042
-53.4815
-53.5576
-53.6326
-49.7158
-49.8452
-49.9724
-50.0996
-50.2254
-50.3491
-50.4708
-50.5906
-50.7080
-50.8139
-50.9282
-51.0406
-51.1513
-51.2603
-51.3677
-51.4729
-51.5761
-51.6779
-51.7782
-51.8771
-51.9746
-52.0707
-52.1656
-52.2601
-52.3532
-52.4449
-52.5354
-52.9621
-52.7124
-52.7986
-52.8839
-52.9683
-53.0515
-53.1335
-53.2143
-53.2940
-53.3725
-53.4497
-53.5258
-53.6009
-49.6596
-49.7918
-49.9218
-50.0495
-50.1750
-50.3096
-50.4318
-50.5520
-50.6703
-50.7868
-50.9014
-51.0130
-51.1228
-51.2310
-51.3253
-51.4303
-51.5338
-51.6359
-51.7376
-51.8378
-51.9366
-52.0340
-52.1299
-52.2245
-52.3176
-52.4100
-52.5012
-52.9340
-52.6787
-52.7655
-52.8511
-52.9355
-53.0187
-53.1007
-53.1815
-53.2611
-53.3394
-53.4166
-53.4928
-53.5679
-49.6168
-49.7494
-49.8798
-50.0079
-50.1340
-50.2580
-50.3793
-50.4981
-50.6152
-50.7304
-50.8575
-50.9697
-51.0802
-51.1900
-51.2983
-51.4050
-51.5100
-51.6134
-51.7004
-51.8008
-51.9002
-51.9984
-52.0951
-52.1905
-52.2844
-52.3764
-52.4671
-52.9070
-52.6446
-52.7314
-52.8168
-52.9011
-52.9844
-53.0664
-53.1474
-53.2272
-53.3058
-53.3832
-53.4595
-53.5348
-49.5737
-49.7064
-49.8353
-49.9622
-50.0871
-50.2100
-50.3311
-50.4504
-50.5690
-50.6861
-50.8014
-50.9149
-51.0266
-51.1366
-51.2448
-51.3694
-51.4754
-51.5800
-51.6831
-51.7845
-51.8844
-51.9828
-52.0792
-52.1556
-52.2488
-52.3407
-52.4313
-52.8791
-52.6089
-52.6958
-52.7815
-52.8661
-52.9495
-53.0317
-53.1130
-58.9373
-59.0214
-59.0973
-59.1655
-59.2272
-49.5285
-49.6603
-49.7901
-49.9188
-50.0463
-50.1716
-50.2949
-50.4163
-50.5358
-50.6535
-50.7699
-50.8845
-50.9974
-51.1086
-51.2181
-51.3261
-51.4324
-51.5374
-51.6406
-51.7423
-51.8651
-51.9639
-52.0613
-52.1574
-52.2522
-52.3304
-52.4221
-52.8803
-60.9712
-59.0803
-59.1259
-59.1701
-59.2131
-59.2546
-59.2947
-59.3335
-59.3705
-59.4058
-59.4397
-53.4744
-49.4795
-49.6137
-49.7456
-49.8754
-50.0030
-50.1291
-50.2532
-50.3754
-50.4958
-50.6144
-50.7312
-50.8463
-50.9595
-51.0710
-51.1809
-51.2891
-51.3957
-51.5008
-51.6040
-51.7055
-51.8058
-51.9048
-52.0029
-52.1006
-52.1976
-52.3230
-52.4289
-61.5508
-60.5483
-59.6841
-59.2428
-52.8858
-52.9691
-53.0512
-53.1321
-53.2116
-53.2899
-53.3671
-53.4431
-49.4283
-49.5629
-49.6954
-49.8256
-49.9538
-50.0800
-50.2042
-50.3265
-50.4468
-50.5653
-50.6819
-50.7966
-50.9096
-51.0208
-51.1302
-51.2380
-51.3443
-51.4492
-51.5526
-51.6545
-51.7549
-51.8538
-51.9514
-52.0476
-52.1424
-52.2358
-52.3280
-52.4188
-52.5081
-52.5962
-52.6830
-52.7686
-52.8530
-52.9362
-53.0182
-53.0991
-53.1787
-53.2570
-53.3343
-53.4103
-49.3829
-49.5182
-49.6512
-49.7820
-49.9106
-50.0371
-50.1615
-50.2840
-50.4045
-50.5236
-50.6413
-50.7573
-50.8714
-50.9836
-51.0935
-51.2018
-51.3085
-51.4137
-51.5174
-51.6195
-51.7201
-51.8192
-51.9168
-52.0131
-52.1079
-52.2013
-52.2934
-52.3842
-52.4736
-52.5618
-52.6487
-52.7344
-52.8189
-52.9022
-52.9849
-53.0666
-53.1470
-53.2261
-53.3040
-53.3809
