-65.5122
-65.5615
-65.6296
-65.7241
-66.8785
-66.7958
-66.4329
-67.9702
-67.3087
-67.1817
-65.8663
-65.9937
-67.2692
-68.1615
-67.7581
-65.2579
-64.9932
-65.0153
-65.1963
-65.3628
-65.4313
-62.2662
-61.9633
-61.9667
-62.0745
-64.4796
-64.4881
-62.5711
-61.3626
-65.1880
-66.9838
-67.0373
-67.1564
-66.9689
-66.8714
-68.7296
-67.7729
-67.7302
-67.6695
-66.3420
-66.3688
-68.1360
-67.7874
-65.2749
-65.2952
-65.1590
-65.3292
-65.4772
-65.5093
-71.3099
-73.5705
-62.1046
-62.1524
-62.4176
-62.5448
-64.8780
-63.9947
-61.5783
-62.5349
-70.5657
-61.3496
-65.4092
-65.3429
-65.3127
-67.6563
-70.8740
-70.9563
-66.8610
-66.8775
-68.2033
-66.5701
-67.9062
-66.6841
-66.6303
-69.8114
-70.3226
-70.1124
-68.2797
-68.0260
-67.8053
-65.4018
-65.4412
-65.4587
-65.3227
-65.6128
-69.3214
-68.4578
-65.8265
-61.9659
-62.3114
-62.5846
-64.8869
-64.8470
-63.9412
-61.8346
-62.9352
-67.9802
-66.9754
-65.0029
-61.1516
-66.6158
-65.5541
-65.5309
-66.1007
-66.2105
-66.2986
-67.5635
-67.4772
-67.6402
-66.5971
-66.9027
-71.8105
-67.3712
-67.0931
-67.5856
-65.4034
-65.5125
-65.6003
-65.6092
-65.7318
-66.9967
-64.7235
-62.1176
-62.4783
-62.4254
-64.3942
-64.7880
-62.1208
-62.8055
-63.3200
-68.1916
-61.2915
-61.0234
-65.8532
-65.9019
-66.0068
-67.3676
-67.0851
-67.8093
-65.9711
-67.3442
-67.6638
-66.5455
-68.6272
-70.6789
-68.4012
-67.3089
-65.3571
-65.0955
-65.5337
-65.6383
-65.7320
-65.9352
-66.1335
-62.4956
-62.8490
-62.6511
-62.5503
-64.7556
-63.9515
-61.9134
-63.2816
-66.1693
-61.4679
-60.9523
-65.6971
-65.7705
-65.8900
-67.4405
-67.2654
-68.3521
-66.7147
-68.2115
-66.3486
-66.4928
-68.4767
-68.6669
-68.0583
-65.5638
-65.3007
-65.3305
-65.3571
-65.2643
-62.9505
-62.9992
-62.9990
-62.7099
-64.8806
-62.3879
-63.9312
-63.2279
-65.8114
-61.3796
-60.7406
-65.5300
-65.6331
-65.7708
-67.5033
-68.7425
-68.0821
-67.9647
-68.1364
-66.8775
-66.9657
-68.3306
-69.1192
-69.5374
-68.6940
-68.1442
-65.6810
-65.6639
-65.6488
-65.3565
-65.5037
-70.5292
-72.1782
-71.0865
-62.8901
-62.9706
-62.9844
-64.7274
-62.5027
-62.7189
-63.4638
-65.9996
-61.0660
-60.7084
-65.3604
-65.4912
-66.3410
-67.8861
-68.3017
-66.6602
-67.4679
-66.3162
-67.6739
-67.8216
-66.7178
-66.8358
-68.7517
-69.0468
-69.4555
-70.1951
-67.4540
-67.4110
-65.4983
-65.5286
-65.3930
-65.6869
-65.8077
-69.0424
-68.6303
-69.3016
-62.9310
-63.0155
-63.1009
-63.0842
-68.4289
-66.6296
-63.7513
-64.0189
-66.8248
-68.7967
-61.3510
-60.9965
-60.6647
-65.4877
-65.6433
-67.1136
-67.6335
-65.4862
-65.3014
-65.9722
-66.0212
-66.2097
-66.3612
-66.4919
-67.8428
-68.0460
-68.2641
-68.8824
-68.4757
-65.4753
-65.2827
-66.0310
-66.0723
-66.1335
-68.7533
-67.8308
-63.5618
-63.4339
-69.1764
-69.6071
-65.7728
-63.9566
-64.1282
-66.7397
-65.4697
-61.1969
-60.7986
-60.4861
-65.8892
-65.9520
-68.0297
-67.9141
-65.0200
-65.9477
-66.0410
-65.4185
-65.5449
-66.2604
-66.4436
-66.6484
-68.9445
-66.3890
-65.8425
-66.0804
-65.6732
-65.7097
-65.8633
-67.9457
-67.2658
-63.6543
-68.4499
-65.2695
-66.1411
-61.5308
-61.2596
-60.9626
-60.6620
-66.0600
-66.4826
-68.0418
-68.4239
-66.8554
-67.8764
-67.2258
-65.3701
-65.4779
-65.9453
-66.0999
-67.2370
-66.6739
-66.2157
-66.1827
-66.2365
-66.2620
-66.2280
-66.2077
-67.0328
-69.4795
-69.2239
-68.8616
-63.7852
-67.7573
-65.7990
-68.3538
-64.1720
-61.5434
-61.2697
-60.9779
-60.6735
-66.3409
-67.6671
-68.4244
-68.2839
-68.0252
-67.6992
-67.6137
-66.9772
-66.8562
-66.8999
-66.9081
-66.1479
-66.4013
-72.0328
-66.2359
-66.4059
-66.3626
-66.3167
-66.3150
-66.3782
-69.6985
-69.4193
-68.6289
-68.7343
-69.3514
-67.5713
-66.0563
-62.9826
-65.0197
-66.9782
-66.0840
-66.2968
-61.6360
-61.4092
-61.1573
-60.8814
-58.4381
-66.7834
-68.5659
-68.3139
-65.7543
-66.0329
-66.6370
-67.1879
-67.1608
-67.0023
-67.1122
-67.1323
-67.1041
-67.1361
-67.2584
-68.2437
-68.2841
-67.0597
-66.5001
-66.4380
-66.3783
-66.1716
-66.3402
-68.3103
-69.1671
-68.8440
-67.2245
-68.1448
-67.5988
-66.3369
-66.0199
-65.1652
-65.0955
-66.2013
-66.1631
-61.8336
-61.6384
-61.4144
-61.1673
-60.8945
-58.5325
-68.6179
-65.4990
-65.8611
-67.2505
-67.2187
-65.7855
-65.8051
-65.8432
-65.8953
-66.8531
-67.0078
-67.9018
-68.1246
-68.3551
-66.7422
-66.6994
-66.2877
-66.3912
-68.3320
-68.7537
-68.2599
-66.7128
-67.4633
-66.9580
-63.5616
-63.1655
-64.7422
-65.3116
-65.1703
-65.0507
-61.8441
-61.6334
-61.4210
-61.1726
-60.9140
-58.6732
-68.4358
-67.2390
-65.9613
-65.7956
-65.6435
-67.2360
-67.0574
-66.9095
-66.8580
-65.2755
-66.3799
-66.6145
-67.0530
-67.4532
-66.8091
-66.6824
-66.7433
-68.7180
-68.2795
-67.7962
-67.2354
-67.1353
-66.5183
-63.6149
-65.1621
-64.8511
-65.2426
-65.0076
-62.0386
-61.8707
-61.5991
-61.4422
-61.1955
-58.7884
-58.8100
-67.1401
-67.3314
-67.0176
-65.8629
-65.7152
-65.6376
-65.5722
-67.0507
-66.8974
-66.2982
-67.5959
-68.0086
-68.3343
-68.6870
-68.1288
-66.8237
-66.9220
-66.8688
-68.8735
-68.2210
-66.2727
-67.4588
-66.8398
-66.2333
-63.4178
-65.2359
-64.9189
-64.4953
-64.2927
-62.0924
-61.8673
-61.5679
-61.4648
-61.2201
-58.8993
-58.9464
-67.6085
-67.1478
-66.8728
-66.6576
-66.4949
-66.4020
-65.7281
-65.6071
-65.4701
-66.0898
-67.2711
-67.5992
-67.8912
-68.2189
-68.5568
-69.7537
-69.4519
-68.3617
-66.2777
-68.6561
-67.8573
-66.0718
-67.2859
-66.9434
-66.2446
-65.5726
-64.7110
-64.5253
-64.6328
-62.2879
-62.0996
-61.8441
-61.7205
-61.4847
-61.2469
-59.0323
-59.0806
-58.8410
-58.8335
-65.2373
-66.3975
-66.2019
-66.0817
-66.0542
-65.9199
-65.6030
-65.0313
-65.7009
-66.0599
-67.3401
-67.6331
-67.9441
-68.2272
-68.6363
-68.6026
-67.5489
-66.8693
-66.8323
-67.4254
-66.8375
-66.2222
-65.8110
-64.6720
-63.8372
-64.4534
-62.3455
-62.1433
-61.8296
-61.7466
-61.5109
-59.1586
-59.1696
-67.3791
-65.5924
-65.2552
-58.9084
-58.9430
-58.9971
-65.7663
-65.6289
-65.6043
-65.0620
-65.2932
-65.8831
-66.2156
-66.3746
-66.5658
-67.6344
-67.8957
-68.1207
-67.6746
-67.1119
-68.7034
-68.8155
-66.4487
-64.2875
-64.7711
-64.3483
-65.0903
-62.6717
-62.4464
-62.2868
-61.8255
-59.4453
-59.4435
-65.9523
-65.9732
-65.6690
-65.4048
-65.1685
-58.9622
-58.9921
-59.0198
-64.9737
-64.6902
-65.4054
-65.9893
-66.3861
-66.5468
-66.7009
-66.8465
-67.0195
-67.5422
-67.2120
-66.9241
-68.0524
-68.1362
-68.2650
-66.1085
-65.5778
-65.0675
-63.7547
-62.1991
-66.7220
-66.1827
-66.2067
-65.9701
-65.6390
-65.4040
-65.2172
-64.9915
-64.9040
-58.9524
-59.1409
-65.2457
-65.6330
-65.9043
-66.1891
-66.6992
-66.9872
-66.9056
-66.9380
-66.8860
-65.4904
-67.5305
-67.6064
-66.3947
-66.0524
-65.4189
-67.0446
-67.0737
-67.1048
-64.7802
-66.7279
-66.7743
-68.4169
-66.0569
-65.9970
-65.8770
-65.6618
-65.4307
-65.2837
-64.6137
-65.0820
-65.1178
-59.2483
-59.3505
-65.7514
-66.0182
-66.2834
-66.3776
-66.5799
-66.8574
-66.5857
-66.7215
-66.9735
-66.2850
-66.1227
-65.2199
-66.4583
-66.6610
-66.6631
-66.6623
-64.1452
-64.9343
-65.7168
-66.1795
-65.1611
-68.1399
-67.3412
-67.3716
-68.1785
-68.2164
-65.8209
-65.8541
-65.8637
-65.8835
-65.6828
-65.5224
-64.8726
-65.3818
-65.4284
-65.4899
-65.6393
-59.4510
-59.5266
-59.6200
-66.2257
-66.3868
-66.3583
-66.2470
-66.3735
-66.0567
-66.0038
-65.6957
-65.0712
-66.2558
-66.1766
-65.9848
-64.1806
-63.9233
-65.1427
-65.6355
-66.3888
-66.4379
-66.5086
-66.5208
-66.2004
-65.9283
-66.7606
-67.5618
-67.6855
-65.6784
-65.7187
-65.8256
-65.8038
-65.7248
-65.1226
-65.6218
-65.6793
-65.7304
-65.8651
-65.9178
-65.9818
-66.0367
-59.5878
-59.6529
-59.7141
-66.2263
-66.0392
-66.0608
-65.7966
-66.7393
-65.4827
-64.8475
-65.8288
-65.6509
-64.1798
-63.9678
-64.7935
-65.1866
-65.5397
-66.0557
-66.0917
-66.1675
-66.2705
-66.3882
-65.0878
-66.0483
-66.9118
-67.0882
-67.2405
-65.5348
-65.6694
-65.6968
-65.6462
-64.9780
-65.6756
-65.8382
-65.9671
-66.0184
-66.1391
-66.1853
-66.2334
-66.1577
-66.2244
-66.2429
-59.7471
-59.7374
-59.7439
-65.6839
-65.7374
-65.3368
-64.6945
-64.7302
-65.3606
-64.1081
-63.9417
-64.9893
-64.8553
-65.1584
-65.7256
-65.7238
-65.7585
-65.8367
-65.1983
-65.1152
-64.9829
-65.1305
-65.7993
-66.0026
-66.1929
-65.4754
-65.5503
-65.5231
-65.4909
-64.9482
-65.6742
-65.8461
-66.0677
-66.2578
-66.3967
-66.4393
-66.3512
-66.4084
-66.4582
-66.4737
-66.4190
-66.1291
-65.7959
-59.7485
-59.8936
-65.2341
-64.5681
-65.1959
-64.0848
-63.9409
-63.7738
-64.5732
-64.8215
-64.9542
-65.3836
-65.4215
-65.4594
-64.8913
-64.8199
-64.7569
-64.6543
-65.2116
-65.4399
-65.6624
-66.1906
-65.3553
-65.3881
-65.3549
-64.7521
-65.4709
-65.6759
-65.8459
-66.0617
-66.3109
-66.4942
-66.6775
-66.5989
-66.6519
-66.7077
-66.7483
-66.5425
-66.1346
-64.8650
-65.9143
-66.0437
-59.7027
-59.5415
-59.7561
-63.9270
-63.7874
-64.8343
-64.5952
-64.7516
-65.1381
-65.1193
-64.7193
-64.6307
-64.5486
-64.5050
-64.4499
-64.3849
-64.9179
-65.1398
-65.3773
-66.1205
-65.1938
-65.2075
-64.5862
-65.2361
-65.4644
-65.6445
-65.8356
-66.0506
-66.2894
-66.4701
-66.5234
-66.7084
-66.8952
-66.9074
-66.9242
-66.5239
-66.3285
-65.9495
-66.0075
-65.3548
-64.5293
-64.4647
-59.4177
-59.4038
-59.7377
-64.4152
-64.5751
-64.5459
-64.9243
-64.5553
-64.4579
-64.3617
-64.2755
-64.2058
-64.1721
-64.5166
-64.6854
-64.9105
-65.5997
-65.8918
-65.0241
-65.0388
-65.0825
-65.2116
-65.4587
-65.6345
-65.8230
-66.0365
-66.2630
-66.3198
-66.5024
-66.6835
-66.8377
-67.0099
-66.8648
-66.6204
-66.2104
-66.0363
-66.0994
-65.3957
-64.5773
-64.0955
-63.9264
-63.7505
-59.7819
-59.7141
-59.7372
-64.7659
-64.4169
-64.3228
-64.2261
-64.1316
-64.0486
-63.9885
-64.3452
-64.3870
-64.4770
-64.7019
-65.3831
-65.8109
-58.9585
-64.3184
-65.0406
-65.1994
-65.4537
-65.6232
-65.7748
-65.9816
-66.1206
-66.2983
-66.4759
-66.6286
-66.7251
-66.7595
-66.6932
-66.7383
-66.2773
-66.1287
-65.7071
-65.4254
-64.2497
-64.0883
-63.9164
-64.8151
-64.9065
-64.3634
-59.7624
-59.7614
-59.7631
-64.1175
-64.0221
-63.9308
-63.8554
-63.8088
-64.1779
-64.2371
-64.3448
-64.9660
-65.2324
-66.0861
-58.7865
-59.0105
-59.0715
-65.2071
-65.4171
-65.5363
-65.7105
-65.8581
-66.0972
-66.2720
-66.3926
-66.5168
-66.5517
-66.6214
-66.5179
-66.3425
-66.1484
-66.5150
-65.7138
-64.4064
-64.2441
-64.0802
-64.8877
-64.9596
-64.4092
-64.0834
-64.3529
-64.2142
-64.0846
-59.7188
-59.7118
-63.7608
-63.6930
-64.0285
-64.0442
-64.1217
-64.2373
-64.8586
-65.1156
-65.9282
-58.9999
-59.0563
-59.1184
-59.1870
-59.2416
-65.4909
-65.6521
-65.8993
-66.0709
-66.1938
-66.3156
-66.3964
-66.4138
-66.3996
-66.4312
-66.1734
-66.0186
-66.4274
-65.2127
-64.3555
-64.2364
-64.9703
-65.0258
-64.7242
-64.1321
-64.4218
-64.2859
-64.1397
-64.0072
-63.8717
-63.7442
-59.6739
-59.6825
-59.8468
-63.9417
-64.0269
-64.5364
-64.7745
-65.5552
-65.7947
-59.0496
-59.1088
-59.1560
-59.2208
-59.2369
-59.3082
-59.3731
-65.8889
-66.0088
-66.1235
-66.1981
-66.2118
-66.2733
-66.3022
-66.0603
-66.0182
-65.5682
-65.3231
-65.0468
-64.2449
-64.1407
-65.0514
-64.8052
-64.1856
-64.0743
-64.3619
-64.2198
-64.0794
-63.9410
-63.8060
-63.6829
-63.5764
-63.8702
-59.8342
-59.8793
-60.0839
-64.4850
-65.0967
-65.4559
-65.6810
-59.1069
-59.1608
-59.2003
-59.2614
-59.2649
-59.3603
-59.4143
-59.4756
-59.5148
-66.0263
-66.0270
-66.0715
-66.1928
-66.2683
-66.0141
-65.8680
-65.4967
-65.1765
-64.2321
-64.1385
-64.9570
-64.7384
-64.6636
-64.0934
-64.4429
-64.3011
-64.1603
-64.0198
-63.8825
-63.7510
-63.6337
-63.5449
-63.8507
-63.8316
-63.8525
-60.0909
-60.1873
-60.4727
-65.3744
-65.5843
-59.1590
-59.2070
-59.2324
-59.2274
-59.2805
-59.3944
-59.4459
-59.4945
-59.5347
-59.5559
-59.5827
-65.9213
-66.0575
-65.7620
-65.8298
-66.3916
-65.3333
-65.0238
-64.1259
-64.7015
-64.6619
-64.5888
-64.0225
-63.9644
-64.3045
-64.2089
-64.0998
-63.9658
-63.8311
-63.7047
-63.5950
-63.8980
-63.8429
-63.8353
-64.2285
-64.3375
-64.5576
-60.4778
-60.5766
-60.6733
-66.6627
-59.2572
-59.3769
-59.4241
-59.4683
-59.5180
-59.5358
-59.5560
-59.4420
-59.6735
-59.7319
-65.6296
-65.6337
-65.4672
-65.2260
-64.8523
-64.0252
-64.5804
-64.5180
-64.4516
-63.8981
-64.2592
-64.1727
-64.0796
-63.9776
-63.8839
-63.7863
-63.6679
-63.5778
-63.8873
-63.8461
-63.8470
-64.2722
-64.4686
-64.5923
-65.1798
-65.3342
-65.4868
-69.0372
-67.9558
-66.9883
-66.3534
-59.4645
-59.4900
-59.5236
-59.5345
-59.4028
-59.6443
-59.7258
-59.6330
-59.6774
-59.6909
-65.4114
-65.1286
-64.0053
-64.4990
-64.4456
-64.3869
-63.8289
-63.7775
-64.1319
-64.0479
-63.9589
-63.8622
-63.7740
-63.6847
-63.6094
-64.1115
-63.8859
-63.8582
-64.2449
-64.3226
-64.5067
-65.0793
-65.2172
-65.3607
-65.5005
-68.2135
-67.9551
-66.8191
-59.5114
-59.5237
-59.3742
-59.6299
-59.7131
-59.7240
-59.6262
-59.6718
-59.7462
-59.7287
-59.6698
-64.4245
-64.3716
-64.3210
-64.2842
-63.7130
-64.0880
-64.0120
-63.9309
-63.8459
-63.7588
-63.6730
-63.5954
-63.5355
-63.8872
-63.8605
-63.8749
-64.2940
-64.4650
-64.5598
-65.1281
-65.2583
-65.3924
-65.5225
-68.1717
-69.1861
-65.4801
-59.6555
-59.7169
-59.7506
-59.7286
-59.4768
-59.7630
-59.7772
-59.7622
-59.6773
-59.5031
-59.5187
-64.2057
-63.6483
-63.6070
-63.9731
-63.8993
-63.8214
-63.7363
-63.6590
-63.5831
-63.5118
-63.9196
-63.8271
-63.8157
-64.2296
-64.3131
-64.5037
-64.6086
-65.1786
-65.3013
-65.4269
-64.9664
-66.7917
-67.1837
-67.2966
-70.2582
-67.5552
-59.4352
-59.7879
-59.8072
-59.8115
-59.4788
-59.4953
-59.4995
-59.5212
-59.3526
-63.9381
-63.8668
-63.7942
-63.7192
-63.6424
-63.5700
-63.4974
-63.4437
-63.8558
-63.7765
-63.7786
-64.2186
-64.3989
-64.4930
-65.0812
-65.2221
-65.3454
-65.4611
-64.9813
