-52.3524
-52.3282
-52.3046
-52.2827
-52.2617
-52.2423
-52.2230
-52.2045
-52.1870
-52.1709
-52.1544
-52.1363
-52.1200
-52.1075
-52.0949
-52.0822
-52.0694
-57.0256
-57.0584
-57.1042
-58.0072
-58.1459
-58.2764
-58.2994
-58.2445
-57.4382
-57.4010
-57.3706
-57.3488
-57.3460
-52.3317
-52.3659
-52.3991
-52.4317
-52.4683
-57.5574
-57.7046
-57.8323
-58.0164
-58.1630
-52.2957
-52.2710
-52.2464
-52.2240
-52.2020
-52.1821
-52.1623
-52.1432
-52.1248
-52.1083
-52.0915
-52.0730
-52.0560
-52.0430
-52.0301
-52.0171
-52.0038
-57.0118
-57.0451
-57.0920
-58.0213
-58.1698
-58.3092
-58.3175
-58.2574
-57.4291
-57.3892
-57.3559
-57.3333
-57.3312
-52.2673
-52.3020
-52.3352
-52.3682
-52.4056
-57.5678
-57.6965
-57.8646
-58.0567
-58.2107
-52.2375
-52.2124
-52.1872
-52.1640
-52.1412
-52.1206
-52.1002
-52.0806
-52.0613
-52.0442
-52.0272
-52.0083
-51.9905
-51.9771
-51.9638
-51.9505
-51.9370
-56.9965
-57.0301
-57.0778
-58.0349
-58.1945
-58.3444
-58.3351
-58.2703
-57.4185
-57.3759
-57.3393
-57.3156
-52.3115
-52.2014
-52.2366
-52.2701
-52.3035
-52.3417
-57.5524
-57.7217
-57.9329
-58.1049
-58.2620
-52.1777
-52.1523
-52.1266
-52.1025
-52.0791
-52.0576
-52.0368
-52.0165
-51.9966
-51.9788
-51.9615
-51.9422
-51.9236
-51.9096
-51.8962
-51.8825
-51.8686
-56.9799
-57.0133
-57.0611
-58.0493
-58.2221
-58.3821
-58.3522
-58.2810
-57.4073
-57.3616
-57.3222
-57.2964
-52.1408
-52.1342
-52.1696
-52.2035
-52.2380
-52.2677
-57.5690
-57.7843
-57.9787
-58.1605
-58.2558
-52.1166
-52.0905
-52.0646
-52.0396
-52.0157
-51.9933
-51.9718
-51.9510
-51.9305
-51.9121
-51.8942
-51.8746
-51.8553
-51.8409
-51.8270
-51.8130
-51.7989
-56.9613
-56.9948
-57.0435
-58.0645
-58.2517
-58.4234
-58.3685
-58.2909
-57.3938
-57.3454
-57.3036
-57.2762
-52.0302
-52.0657
-52.1015
-52.1355
-52.1628
-52.2005
-57.6211
-57.8268
-58.0320
-58.2151
-58.2437
-52.0541
-52.0273
-52.0009
-51.9753
-51.9508
-51.9277
-51.9056
-51.8840
-51.8630
-51.8439
-51.8255
-51.8056
-51.7855
-51.7707
-51.7564
-51.7420
-51.7276
-56.9405
-56.9748
-57.0248
-58.0811
-58.2847
-58.4598
-58.3836
-58.3009
-57.3785
-57.3276
-57.2834
-57.2553
-51.9602
-51.9959
-52.0315
-52.0587
-52.0939
-52.1403
-57.6551
-57.8733
-58.0853
-58.2665
-58.2300
-51.9903
-51.9627
-51.9357
-51.9094
-51.8845
-51.8605
-51.8381
-51.8158
-51.7940
-51.7742
-51.7554
-51.7352
-51.7146
-51.6991
-51.6843
-51.6697
-51.6549
-56.9178
-56.9532
-57.0044
-58.1003
-58.3219
-58.4951
-58.3981
-58.3090
-57.3612
-57.3075
-57.2611
-57.2325
-51.8890
-51.9245
-51.9540
-51.9876
-52.0319
-57.4329
-57.6932
-57.9244
-58.1475
-58.2535
-58.2002
-51.9250
-51.8966
-51.8691
-51.8420
-51.8167
-51.7919
-51.7690
-51.7462
-51.7237
-51.7031
-51.6839
-51.6633
-51.6424
-51.6259
-51.6107
-51.5957
-51.5806
-56.8936
-56.9299
-56.9823
-58.1226
-58.3651
-58.5799
-58.4121
-58.3161
-57.3422
-57.2852
-57.2363
-57.2071
-51.8166
-51.8469
-51.8815
-51.9229
-51.9612
-57.4501
-57.7371
-57.9861
-58.2207
-58.2260
-58.1982
-51.8586
-51.8293
-51.8011
-51.7732
-51.7473
-51.7218
-51.6985
-51.6752
-51.6521
-51.6305
-51.6108
-51.5900
-51.5688
-51.5513
-51.5356
-51.5202
-51.5050
-56.8676
-56.9048
-56.9584
-58.1488
-58.4163
-58.6485
-58.4289
-58.3224
-57.3207
-57.2602
-57.2096
-57.1805
-51.7374
-51.7734
-51.8149
-51.8499
-51.8883
-57.4770
-57.7932
-58.0601
-58.2547
-58.2233
-58.1803
-51.7909
-51.7606
-51.7316
-51.7031
-51.6765
-51.6502
-51.6265
-51.6028
-51.5791
-51.5566
-51.5362
-51.5153
-51.4936
-51.4754
-51.4589
-51.4433
-51.4279
-56.8396
-56.8776
-56.9326
-58.1807
-58.4786
-58.7303
-58.4440
-58.3272
-57.2969
-57.2338
-57.1807
-57.1355
-51.6620
-51.7049
-51.7406
-51.7752
-51.8138
-57.5178
-57.8650
-58.1400
-58.2507
-58.2062
-58.1575
-51.7217
-51.6908
-51.6606
-51.6316
-51.6041
-51.5773
-51.5529
-51.5289
-51.5046
-51.4813
-51.4604
-51.4391
-51.4169
-51.3978
-51.3810
-51.3649
-51.3493
-56.8097
-56.8483
-56.9046
-58.2219
-58.5552
-58.8303
-58.4595
-58.3323
-57.2717
-57.2052
-57.1343
-57.1034
-51.5917
-51.6287
-51.6639
-51.6990
-51.7385
-57.5766
-57.9478
-58.2608
-58.2299
-58.1835
-58.1374
-51.6512
-51.6195
-51.5885
-51.5587
-51.5303
-51.5030
-51.4777
-51.4535
-51.4286
-51.4045
-51.3831
-51.3613
-51.3386
-51.3188
-51.3015
-51.2851
-51.2693
-56.7779
-56.8167
-56.8748
-58.2769
-58.6521
-58.9492
-58.4829
-58.3376
-57.2453
-57.1599
-57.0996
-57.0919
-51.5135
-51.5504
-51.5859
-51.6219
-51.6618
-57.6531
-58.0753
-58.2621
-58.2117
-58.1630
-58.1150
-51.5793
-51.5469
-51.5149
-51.4844
-51.4551
-51.4272
-51.4010
-51.3763
-51.3512
-51.3261
-51.3043
-51.2822
-51.2589
-51.2383
-51.2206
-51.2039
-51.1877
-56.7437
-56.7829
-56.8426
-58.3539
-58.7787
-59.0943
-58.5034
-58.3437
-57.2023
-57.1254
-57.0845
-57.0569
-51.4333
-51.4707
-51.5065
-51.5435
-51.5820
-57.7689
-58.2261
-58.2452
-58.1922
-58.1413
-58.0911
-51.5063
-51.4728
-51.4399
-51.4088
-51.3784
-51.3499
-51.3228
-51.2976
-51.2721
-51.2465
-51.2239
-51.2015
-51.1778
-51.1563
-51.1381
-51.1211
-51.1047
-56.7071
-56.7467
-56.8089
-58.4676
-58.9514
-59.2731
-58.5412
-58.3318
-57.1701
-57.1108
-57.0454
-57.0190
-51.3518
-51.3894
-51.4257
-51.4621
-51.5022
-57.9411
-58.4261
-58.2280
-58.1715
-58.1181
-58.0657
-51.4318
-51.3973
-51.3637
-51.3317
-51.3005
-51.2711
-51.2430
-51.2175
-51.1914
-51.1654
-51.1419
-51.1192
-51.0952
-51.0729
-51.0542
-51.0367
-51.0199
-56.6690
-56.7087
-56.7731
-58.6459
-59.1813
-59.4871
-59.2914
-58.3357
-57.1572
-57.0719
-57.0036
-51.3408
-51.2688
-51.3067
-51.3421
-51.3805
-57.4389
-58.1754
-58.6820
-58.2088
-58.1502
-58.0935
-58.0385
-51.3559
-51.3204
-51.2860
-51.2531
-51.2213
-51.1911
-51.1618
-51.1358
-51.1093
-51.0825
-51.0584
-51.0355
-51.0111
-50.9881
-50.9687
-50.9507
-50.9336
-56.6287
-56.6693
-56.7356
-58.9503
-59.4857
-59.7113
-59.4177
-58.3678
-57.1203
-57.0306
-56.9599
-51.1460
-51.1844
-51.2207
-51.2581
-51.2994
-57.6765
-58.5117
-59.0045
-58.1898
-58.1285
-58.0679
-58.0095
-51.2786
-51.2421
-51.2068
-51.1729
-51.1406
-51.1096
-51.0791
-51.0525
-51.0257
-50.9982
-50.9732
-50.9500
-50.9253
-50.9017
-50.8818
-50.8631
-50.8457
-56.5867
-56.6275
-56.6961
-59.4831
-59.8290
-59.9087
-59.6526
-58.3743
-57.0812
-56.9870
-56.9140
-51.0598
-51.0967
-51.1354
-51.1746
-51.2156
-58.1164
-58.9852
-59.2045
-58.1694
-58.1053
-58.0418
-57.9789
-51.1997
-51.1623
-51.1263
-51.0912
-51.0584
-51.0265
-50.9955
-50.9676
-50.9404
-50.9123
-50.8864
-50.8628
-50.8380
-50.8136
-50.7932
-50.7742
-50.7563
-56.5419
-56.5833
-56.6569
-60.0292
-60.0828
-60.1692
-59.9854
-58.3838
-57.0401
-56.9410
-56.8666
-50.9704
-51.0097
-51.0497
-51.0883
-51.1303
-58.9696
-59.4541
-59.2343
-58.1476
-58.0804
-58.0137
-57.9469
-51.1194
-51.0813
-51.0443
-51.0080
-50.9746
-50.9419
-50.9102
-50.8813
-50.8537
-50.8249
-50.7982
-50.7740
-50.7491
-50.7242
-50.7032
-50.6836
-50.6654
-50.7122
-56.5369
-56.6276
-58.3978
-56.9970
-56.8905
-56.8099
-50.8814
-50.9223
-50.9615
-51.0007
-51.0435
-59.9914
-59.5202
-59.2716
-58.1244
-58.0538
-57.9832
-57.9123
-51.0376
-50.9988
-50.9608
-50.9235
-50.8892
-50.8556
-50.8232
-50.7933
-50.7654
-50.7361
-50.7083
-50.6837
-50.6585
-50.6329
-50.6115
-50.5914
-50.5729
-50.5527
-56.4898
-56.5948
-62.0653
-56.9496
-56.8360
-56.7579
-50.7919
-50.8322
-50.8719
-50.9119
-50.9627
-59.3207
-58.0995
-58.0252
-57.9500
-57.8477
-50.9544
-50.9148
-50.8758
-50.8377
-50.8022
-50.7677
-50.7348
-50.7039
-50.6755
-50.6456
-50.6169
-50.5918
-50.5662
-50.5402
-50.5181
-50.4977
-50.4790
-50.4583
-56.4604
-56.5457
-63.7597
-65.8958
-59.6653
-62.0603
-62.0994
-58.9137
-56.7841
-56.7071
-50.6997
-50.7406
-50.7808
-50.8229
-50.8761
-64.2580
-58.0729
-57.9937
-57.8888
-57.8088
-50.8691
-50.8293
-50.7893
-50.7502
-50.7135
-50.6784
-50.6448
-50.6128
-50.5840
-50.5539
-50.5238
-50.4982
-50.4722
-50.4461
-50.4233
-50.4022
-50.3832
-50.3622
-56.4067
-56.4938
-59.6166
-65.8045
-59.4396
-61.7728
-62.1338
-58.8698
-58.5551
-56.6506
-50.6061
-50.6476
-50.6892
-50.7373
-50.7850
-64.4515
-60.7279
-57.9358
-57.8524
-57.8239
-50.7819
-50.7423
-50.7011
-50.6612
-50.6233
-50.5877
-50.5533
-50.5202
-50.4909
-50.4604
-50.4293
-50.4029
-50.3768
-50.3501
-50.3265
-50.3049
-50.2855
-50.2680
-56.3523
-56.4425
-59.4382
-61.5384
-62.1705
-58.7933
-58.5032
-58.2840
-50.5116
-50.5537
-50.6007
-50.6461
-50.7822
-68.2034
-67.7551
-64.8309
-60.6755
-60.3293
-57.8650
-57.7840
-50.6930
-50.6537
-50.6117
-50.5708
-50.5314
-50.4954
-50.4602
-50.4258
-50.3961
-50.3654
-50.3337
-50.3062
-50.2795
-50.2524
-50.2282
-50.2059
-50.1865
-50.1687
-56.2941
-56.3872
-59.3541
-61.6118
-62.2587
-58.6919
-58.4203
-58.2276
-50.4149
-50.4627
-50.5061
-50.5507
-56.9615
-65.4662
-60.6212
-60.3889
-57.8275
-57.7424
-50.6026
-50.5635
-50.5208
-50.4790
-50.4380
-50.4014
-50.3654
-50.3303
-50.2998
-50.2689
-50.2363
-50.2078
-50.1805
-50.1531
-50.1280
-50.1051
-50.0854
-50.0677
-56.2334
-56.3298
-64.1998
-59.2360
-61.4907
-62.8479
-58.5931
-58.3249
-58.1475
-50.6563
-50.3651
-50.4087
-50.4543
-57.0157
-67.1072
-60.6113
-60.3296
-60.0606
-57.6971
-50.5104
-50.4718
-50.4285
-50.3855
-50.3436
-50.3058
-50.2692
-50.2334
-50.2016
-50.1706
-50.1372
-50.1075
-50.0799
-50.0519
-50.0261
-50.0024
-49.9855
-49.9645
-56.1697
-56.2698
-65.3685
-65.7544
-59.1108
-58.9043
-63.6461
-58.4876
-58.2166
-50.7353
-50.5553
-50.5936
-50.3097
-50.3562
-57.0882
-60.5199
-60.2512
-59.9942
-59.7442
-50.4166
-50.3777
-50.3345
-50.2906
-50.2479
-50.2087
-50.1712
-50.1348
-50.1017
-50.0705
-50.0364
-50.0055
-49.9774
-49.9490
-49.9224
-49.8980
-49.8808
-49.8595
-56.1034
-56.2074
-60.4635
-69.0552
-58.9728
-58.7840
-65.4994
-58.3752
-58.1015
-50.4799
-50.4456
-50.4859
-50.5262
-50.2566
-57.2195
-59.3143
-60.4178
-60.1607
-59.9085
-59.6623
-50.3213
-50.2817
-50.2389
-50.1943
-50.1506
-50.1097
-50.0715
-50.0344
-50.0000
-49.9686
-49.9338
-49.9018
-49.8732
-49.8444
-49.8171
-49.7946
-49.7744
-49.7526
-56.0323
-56.1451
-58.9143
-58.6171
-65.9666
-58.2589
-58.0050
-50.2915
-50.3335
-50.3755
-50.4177
-50.4626
-57.4186
-57.1294
-50.6522
-66.9791
-60.3153
-60.0609
-59.8094
-59.5642
-50.2256
-50.1845
-50.1418
-50.0963
-50.0516
-50.0090
-49.9702
-49.9323
-49.8965
-49.8646
-49.8295
-49.7963
-49.7671
-49.7380
-49.7100
-49.6867
-49.6660
-49.6440
-55.9639
-56.0789
-58.8106
-58.5685
-58.1422
-57.8778
-50.1758
-50.2193
-50.2629
-50.3070
-50.3531
-57.7133
-57.0732
-58.5504
-60.3025
-59.9541
-59.7009
-59.4398
-50.1293
-50.0861
-50.0434
-49.9966
-49.9509
-49.9065
-49.8671
-49.8283
-49.7911
-49.7588
-49.7235
-49.6889
-49.6592
-49.6297
-49.6034
-49.5771
-49.5558
-49.5337
-55.8900
-56.0105
-58.7067
-58.5015
-58.1013
-57.7498
-50.0582
-50.1033
-50.1482
-50.1939
-50.2907
-60.5098
-57.0141
-57.0258
-60.1878
-59.8418
-59.5765
-59.3200
-50.0312
-49.9858
-49.9435
-49.8959
-49.8487
-49.8023
-49.7622
-49.7226
-49.6839
-49.6512
-49.6157
-49.5797
-49.5494
-49.5195
-49.4926
-49.4659
-49.4438
-49.4214
-55.8135
-55.9401
-59.6636
-65.2130
-58.6250
-58.3905
-57.9747
-57.6188
-49.9392
-49.9852
-50.0314
-50.0787
-59.6405
-61.6788
-50.2338
-57.2345
-60.0707
-59.7142
-59.4437
-59.1916
-49.9315
-49.8839
-49.8409
-49.7937
-49.7456
-49.6978
-49.6555
-49.6152
-49.5754
-49.5416
-49.5061
-49.4687
-49.4378
-49.4074
-49.3801
-49.3527
-49.3299
-49.3071
-55.7344
-55.8674
-58.4831
-58.2443
-57.9962
-57.8096
-57.4835
-49.8183
-49.8654
-49.9129
-49.9615
-61.6247
-63.4419
-50.1196
-59.4030
-60.2643
-59.9383
-59.5935
-59.3148
-59.0566
-49.8302
-49.7803
-49.7366
-49.6898
-49.6409
-49.5921
-49.5477
-49.5061
-49.4654
-49.4302
-49.3948
-49.3562
-49.3244
-49.2957
-49.2657
-49.2375
-49.2140
-49.1910
-55.6525
-55.7927
-58.3478
-58.0805
-57.8430
-57.6548
-57.3435
-49.6956
-49.7439
-49.7926
-49.8424
-65.9162
-65.7988
-50.0044
-60.1401
-59.7573
-59.8104
-59.4655
-59.1808
-58.9142
-49.7271
-49.6762
-49.6305
-49.5841
-49.5345
-49.4848
-49.4384
-49.3960
-49.3541
-49.3169
-49.2815
-49.2421
-49.2090
-49.1798
-49.1494
-49.1203
-49.0960
-49.0730
-55.5680
-55.7159
-58.3226
-57.9424
-57.6930
-57.4990
-57.1892
-49.5711
-49.6206
-49.6707
-49.7217
-49.8875
-61.3157
-59.6677
-59.5760
-58.7948
-59.0369
-58.7626
-49.6224
-49.5706
-49.5226
-49.4766
-49.4262
-49.3757
-49.3273
-49.2840
-49.2413
-49.2022
-49.1669
-49.1264
-49.0937
-49.0619
-49.0310
-49.0011
-48.9761
-48.9529
-55.4810
-55.6370
-58.2201
-57.9645
-57.5501
-57.3451
-57.0256
-49.4431
-49.4957
-49.5475
-49.6000
-49.6771
-49.7434
-61.5485
-63.2294
-59.5862
-59.2829
-58.8597
-58.8899
-57.7276
-49.5159
-49.4632
-49.4129
-49.3668
-49.3161
-49.2648
-49.2143
-49.1702
-49.1267
-49.0862
-49.0506
-49.0095
-48.9752
-48.9424
-48.9107
-48.8799
-48.8541
-48.8307
-55.4501
-55.5566
-67.3682
-68.8878
-64.6906
-57.8510
-57.5684
-57.1956
-56.8641
-49.3132
-49.3686
-49.4228
-49.4763
-49.5368
-49.6123
-59.7516
-58.2715
-58.8338
-58.7211
-57.6751
-49.4078
-49.3540
-49.3013
-49.2544
-49.2041
-49.1521
-49.0998
-49.0545
-49.0102
-48.9679
-48.9317
-48.8907
-48.8550
-48.8217
-48.7892
-48.7577
-48.7307
-48.7070
-55.3579
-55.4762
-57.7385
-57.4425
-57.1927
-56.7069
-49.1824
-49.2385
-49.2952
-49.3525
-49.4128
-49.4873
-59.6335
-58.4105
-58.7335
-58.4247
-57.6280
-49.2961
-49.2430
-49.1886
-49.1402
-49.0902
-49.0373
-48.9844
-48.9369
-48.8917
-48.8477
-48.8107
-48.7715
-48.7328
-48.6988
-48.6656
-48.6337
-48.6057
-48.5817
-55.2659
-55.3959
-57.6271
-57.3165
-57.0531
-49.1694
-49.0504
-49.1071
-49.1642
-49.2244
-49.2871
-49.3457
-59.5156
-58.7518
-58.6060
-58.2815
-57.4848
-49.1848
-49.1303
-49.0748
-49.0241
-48.9743
-48.9211
-48.8670
-48.8174
-48.7712
-48.7258
-48.6877
-48.6485
-48.6085
-48.5737
-48.5399
-48.5075
-48.4790
-48.4550
-55.1714
-55.3136
-61.2454
-57.5211
-57.1906
-56.9121
-48.8754
-48.9173
-48.9739
-49.0320
-49.0932
-49.1600
-49.2185
-58.2230
-58.9861
-58.5958
-57.1410
-57.4720
-49.0716
-49.0142
-48.9591
-48.9059
-48.8564
-48.8025
-48.7478
-48.6959
-48.6488
-48.6025
-48.5642
-48.5234
-48.4821
-48.4466
-48.4122
-48.3797
-48.3505
-48.3260
-55.0737
-55.2296
-59.5795
-64.4812
-58.8240
-57.4009
-57.0486
-56.7561
-48.7465
-48.7955
-48.8397
-48.8985
-48.9615
-49.0279
-49.0912
-49.1579
-57.5286
-58.4977
-58.8595
-58.4588
-57.1099
-57.4627
