-48.1196
-56.1328
-59.3475
-57.9932
-57.2289
-52.6009
-52.3910
-52.1824
-52.0201
-51.8837
-51.7693
-51.6761
-51.6025
-51.5511
-51.5152
-55.8796
-56.3622
-56.9491
-57.5293
-58.0683
-58.5654
-59.0239
-59.4493
-59.8434
-48.5300
-48.9744
-55.4304
-53.0266
-52.8223
-52.6395
-52.4548
-52.3156
-52.1983
-52.1005
-52.0213
-51.9631
-51.9193
-51.8916
-55.9802
-56.4666
-57.0244
-57.5725
-58.0888
-58.5703
-59.0194
-59.4388
-48.9263
-49.2947
-61.5559
-53.4586
-53.2345
-53.0562
-52.8726
-52.7332
-52.6124
-52.5110
-52.4273
-52.3631
-52.2779
-55.2361
-56.1681
-56.6443
-57.1697
-57.6856
-58.1767
-58.6391
-59.0735
-59.4825
-59.9046
-71.2257
-49.3093
-49.6543
-60.2437
-68.0754
-63.8472
-58.2018
-53.6278
-53.4525
-53.2960
-53.1331
-53.0131
-52.9085
-52.6664
-52.6357
-55.6171
-56.4026
-56.8630
-57.3564
-57.8430
-58.3090
-58.7510
-59.1695
-59.5657
-59.9724
-65.4057
-49.6795
-50.0037
-60.5037
-61.2867
-69.5328
-70.7800
-65.8043
-64.1954
-61.8053
-58.4855
-54.0049
-53.8332
-53.6789
-53.5167
-53.3961
-53.2912
-59.8019
-52.9977
-52.9751
-55.9851
-56.6624
-57.1035
-57.5691
-58.0288
-58.4711
-58.8933
-59.2952
-59.6779
-60.0730
-50.3433
-57.9911
-61.8961
-66.0695
-65.5105
-65.4423
-64.8636
-65.4861
-64.4184
-62.9617
-61.0367
-58.7693
-54.3917
-54.1994
-54.0477
-53.9116
-53.7663
-53.6603
-60.0626
-56.8324
-53.3213
-53.3040
-56.3521
-56.9350
-57.3570
-57.7979
-58.2329
-58.6535
-59.0563
-59.4422
-59.8112
-62.0497
-65.1934
-64.1057
-63.6909
-63.6737
-63.4087
-62.7733
-61.7689
-60.7367
-59.0278
-57.4797
-54.5501
-54.4011
-54.2244
-54.0842
-53.9814
-58.0638
-56.3694
-53.6348
-53.6229
-56.6912
-57.2191
-57.6178
-58.0358
-58.4487
-58.8491
-59.2346
-59.6052
-70.3448
-60.9050
-61.7251
-63.5357
-62.9732
-62.8555
-62.6439
-62.1340
-61.3235
-60.2539
-59.0328
-57.8401
-54.8198
-54.6831
-54.5583
-54.4215
-54.3201
-54.2301
-67.6060
-58.8244
-57.3745
-53.9565
-53.9398
-53.9327
-57.0167
-57.4917
-57.8804
-58.2790
-58.6722
-59.0542
-67.1904
-61.2505
-62.0213
-61.8887
-61.4949
-62.3393
-62.1154
-61.6905
-61.0384
-60.1911
-59.2191
-58.2414
-55.1548
-55.0002
-54.8797
-54.7695
-54.6450
-54.5555
-64.2794
-64.9547
-65.1911
-59.3653
-58.1535
-57.1700
-54.2487
-54.2370
-56.8263
-57.3308
-66.5370
-61.5843
-61.2292
-60.7275
-61.7371
-61.5659
-61.7711
-61.4011
-60.8676
-60.1787
-59.3905
-58.5831
-55.5250
-55.3051
-55.1887
-55.0815
-54.9596
-54.8717
-59.2508
-61.6040
-62.7558
-59.6922
-58.6900
-57.8165
-71.1060
-70.9487
-70.9034
-67.0771
-66.0429
-61.8994
-61.5966
-61.1392
-62.0331
-61.7340
-61.5940
-61.2274
-60.7735
-60.2068
-59.5562
-58.8836
-58.2861
-55.5981
-55.4868
-55.3832
-55.2882
-55.1770
-55.1049
-69.2597
-69.3738
-69.5421
-69.7158
-67.1915
-66.9468
-66.6539
-65.6850
-62.1989
-61.9401
-61.5072
-62.3298
-62.0015
-61.5473
-61.1490
-60.7418
-60.2628
-59.7170
-59.1466
-58.6082
-55.9028
-55.7731
-55.6745
-55.5823
-55.4731
-55.3958
-67.6692
-68.0390
-68.3800
-66.8580
-66.7171
-66.5271
-66.2843
-65.4351
-62.5028
-62.2641
-61.8607
-61.5020
-62.1409
-61.5961
-61.1539
-60.7615
-60.3424
-59.8759
-59.3866
-58.9071
-56.1983
-56.0503
-55.9549
-55.8669
-55.7839
-55.6837
-73.1633
-66.2697
-66.2456
-66.3236
-66.3253
-66.2579
-66.1246
-65.9173
-65.2700
-62.7782
-62.5714
-62.1941
-61.7869
-62.2522
-61.7027
-61.2283
-60.8279
-60.4436
-60.0355
-59.6104
-59.1836
-58.8605
-56.3184
-56.2270
-56.1414
-56.0606
-65.5154
-73.4694
-72.9324
-72.6695
-71.9178
-71.5330
-65.0988
-65.5521
-65.7314
-65.8192
-65.8240
-65.7507
-65.5953
-65.3919
-63.0464
-62.8669
-62.4713
-61.9644
-61.4741
-61.8397
-61.3540
-60.9369
-60.5663
-60.1982
-59.8230
-59.4520
-59.1256
-56.6014
-56.4907
-56.4082
-56.3300
-56.2574
-63.7858
-75.8562
-74.9960
-73.9137
-74.3284
-70.5757
-70.1467
-64.1771
-64.8718
-65.2003
-65.3570
-65.4218
-65.4062
-65.3009
-65.1409
-63.2651
-63.1010
-62.6157
-62.1350
-61.6571
-61.9916
-63.8728
-60.7505
-59.6953
-59.3866
-56.8533
-56.7465
-56.6672
-56.5914
-56.5207
-61.0859
-73.6175
-72.5155
-73.5290
-71.6503
-69.0638
-63.4802
-64.1814
-64.7443
-64.9500
-65.0639
-65.0948
-65.0354
-64.9160
-64.3935
-63.2191
-62.7576
-62.3010
-61.8457
-62.1509
-64.1489
-60.4172
-59.6382
-59.4542
-56.9950
-56.9188
-56.8455
-56.7767
-56.7209
-72.5466
-74.3882
-73.7938
-73.7860
-72.9227
-71.9439
-70.7984
-69.8505
-62.9669
-63.6499
-64.3153
-64.6017
-64.7520
-64.8198
-64.7998
-64.7169
-64.4213
-63.3380
-62.8979
-62.4636
-62.0298
-65.0424
-60.7541
-60.2694
-59.6828
-57.2602
-57.1628
-57.0928
-57.0258
-56.9633
-71.7769
-73.1416
-72.2959
-72.3230
-71.7371
-70.6975
-69.4999
-62.5965
-63.2489
-63.8954
-64.3131
-64.4867
-64.5824
-64.5938
-64.5434
-64.4156
-63.4576
-63.0382
-62.6231
-62.2104
-65.3483
-61.0495
-60.6099
-60.2533
-57.4959
-57.4012
-57.3335
-57.2684
-57.2072
-57.1381
-72.9518
-72.0198
-62.3355
-67.0166
-64.3761
-66.8105
-65.8218
-63.5802
-63.1792
-62.7812
-62.3878
-65.6385
-61.3233
-60.9254
-60.5688
-58.1204
-57.6339
-57.5683
-57.5051
-57.4452
-57.3986
-66.7894
-66.0401
-66.6123
-63.7030
-63.3188
-62.9382
-64.7507
-65.9150
-61.5828
-61.2108
-60.8674
-60.6256
-58.0540
-57.7975
-57.7359
-57.6775
-57.6303
-76.4551
-71.2616
-68.9745
-63.8408
-63.4583
-63.0942
-65.0157
-65.8101
-65.9987
-70.4018
-61.9889
-61.4808
-61.1505
-60.9004
-58.3100
-58.0216
-57.9615
-57.9044
-57.8505
-73.5019
-69.2796
-63.9660
-63.5984
-63.2492
-65.2687
-65.8428
-66.0728
-68.3165
-65.0431
-61.7387
-61.4207
-61.1695
-58.6810
-58.4307
-58.1820
-58.1262
-58.0734
-58.0365
-77.2184
-76.4950
-76.0577
-72.6904
-72.8562
-63.7385
-63.4191
-65.5126
-65.9515
-66.1745
-65.2400
-61.9865
-61.6958
-61.4312
-59.3088
-58.6995
-58.5776
-58.3432
-58.2914
-58.2552
-77.5604
-75.9296
-71.8448
-71.7378
-71.7228
-71.7175
-71.7546
-73.1917
-73.0373
-70.4660
-63.8804
-65.2684
-65.7484
-66.0994
-66.3021
-65.4334
-62.2254
-61.9461
-61.6854
-61.5000
-58.9383
-58.8162
-58.7271
-58.5049
-58.4695
-71.0464
-70.7137
-70.5882
-70.5840
-70.6313
-70.7064
-70.7986
-70.9013
-70.9977
-71.6502
-75.1195
-73.2155
-73.6632
-77.1219
-64.0208
-65.5976
-65.9779
-66.2668
-66.4480
-66.5828
-65.6233
-62.4565
-62.1880
-61.9311
-61.7395
-59.2421
-59.0499
-58.9596
-58.8782
-58.6666
-63.2085
-68.2703
-68.4367
-68.7371
-69.0277
-69.2915
-69.5306
-69.7485
-69.9505
-70.1410
-70.3126
-77.4762
-74.0221
-72.9820
-75.1566
-76.0254
-64.2066
-65.8924
-66.2006
-66.4445
-66.6057
-66.6952
-65.8099
-62.6806
-62.4221
-62.1704
-61.9759
-59.7817
-59.3022
-59.1881
-59.1051
-59.0306
-58.8439
-63.4555
-65.4389
-66.9783
-67.5818
-68.0734
-68.4834
-68.8312
-69.1357
-69.4085
-69.6501
-75.0758
-72.4701
-72.9514
-70.9838
-67.0519
-66.1628
-66.4178
-66.6272
-66.7710
-66.8574
-62.9005
-62.6491
-62.4205
-62.2079
-60.4354
-59.5253
-59.4118
-59.3286
-59.2520
-59.1963
-62.3760
-63.6986
-65.2293
-66.1239
-66.9948
-67.5310
-67.9835
-68.3740
-68.7184
-69.0214
-73.6419
-73.3734
-72.0802
-71.2355
-65.9435
-67.3617
-66.4130
-66.6298
-66.8110
-66.9413
-67.0232
-63.2078
-62.8697
-62.6474
-62.4353
-61.1066
-59.7677
-59.6309
-59.5477
-59.4705
-59.3999
-59.3520
-62.9532
-63.9372
-65.2210
-65.9879
-66.6257
-67.2244
-67.6799
-68.0752
-68.4349
-75.9434
-73.4949
-73.1400
-72.4980
-71.7753
-71.2659
-69.9589
-65.9311
-67.6392
-66.6503
-66.8388
-66.9956
-67.1142
-67.1913
-63.4122
-63.0843
-62.8681
-62.6574
-61.4864
-60.2459
-59.8693
-59.7626
-59.6852
-59.6135
-59.5618
-62.7429
-63.3774
-64.1708
-65.2989
-65.9689
-66.5475
-67.0506
-67.4988
-67.8967
-73.4653
-72.3581
-72.3342
-72.2551
-72.0446
-71.6629
-70.8653
-70.0659
-68.5476
-65.9873
-67.9056
-66.8740
-67.0411
-67.1796
-67.2882
-67.3604
-67.4030
-63.2934
-63.0831
-62.0320
-61.7426
-60.8394
-60.0793
-59.9731
-59.8960
-59.8239
-59.7698
-59.7123
-62.9630
-63.7288
-64.3994
-65.4199
-66.0155
-66.5415
-67.0067
-67.4360
-69.3777
-70.5851
-70.9257
-71.0991
-71.0516
-70.8130
-70.2157
-69.4462
-66.3208
-68.1480
-68.1488
-67.0910
-67.2385
-63.4972
-63.2927
-62.2837
-61.9709
-61.4513
-60.3092
-60.1796
-60.1027
-60.0307
-59.9751
-59.9161
-62.9745
-63.3857
-64.0383
-64.6231
-65.5647
-66.1000
-66.5793
-67.0237
-64.0559
-69.5579
-69.7722
-70.1089
-70.2041
-70.0771
-69.7299
-69.0315
-63.6962
-63.4973
-62.7372
-62.1950
-61.9627
-60.7036
-60.4060
-60.3054
-60.2336
-60.1662
-60.1174
-62.7678
-63.4503
-63.7493
-64.3209
-64.8422
-65.7194
-66.2063
-66.6580
-63.9335
-68.6222
-69.4107
-69.3055
-63.8908
-63.6971
-63.5180
-62.4627
-62.2297
-61.2381
-60.6046
-60.5046
-60.4328
-60.3654
-60.3157
-60.2595
-63.2562
-63.8584
-64.0738
-64.5848
-65.8846
-66.3368
-63.7170
-62.7742
-62.4472
-61.7919
-60.7996
-60.7000
-60.6285
-60.5612
-74.1170
-66.0579
-82.0482
-82.0051
-63.9112
-62.9633
-62.6612
-62.3886
-61.1356
-60.9160
-60.8207
-60.7553
-74.1946
-71.1566
-81.4018
-80.9469
-80.6191
-80.5051
-80.5954
-73.2733
-64.1018
-63.4064
-62.8955
-62.6952
-61.6362
-61.1056
-61.0113
-60.9444
-79.6033
-80.1901
-79.6711
-79.3214
-79.2305
-79.3728
-71.0969
-67.7180
-64.1359
-63.1264
-62.9272
-62.1580
-61.2915
-61.1972
-61.1306
-61.0675
-79.8492
-79.1887
-78.7665
-78.5161
-78.3929
-78.3606
-78.4178
-78.0027
-77.9234
-77.8531
-77.7425
-77.7094
-77.7501
-77.9065
-78.2041
-78.6412
-70.2202
-67.8716
-64.3213
-63.4260
-63.1338
-62.6988
-61.5703
-61.4040
-61.3135
-61.2505
-78.5736
-77.9061
-77.4420
-77.1800
-77.1021
-77.1471
-77.2279
-77.2174
-77.2013
-77.1676
-77.1251
-77.0507
-77.0372
-77.1071
-77.2937
-77.6125
-78.0349
-69.8136
-68.0293
-64.5038
-63.6271
-63.3354
-63.1159
-61.9902
-61.5837
-61.4935
-61.4307
