-69.6552
-71.5456
-71.8562
-69.8942
-70.0089
-70.0811
-70.0699
-69.9660
-69.8119
-69.6929
-69.5301
-69.3646
-71.5170
-71.6493
-71.3967
-71.1242
-70.8238
-70.4940
-70.1305
-69.8047
-69.3187
-68.7646
-68.1326
-67.4158
-66.6197
-58.4736
-58.4628
-58.4531
-58.4451
-58.4395
-71.4220
-71.7013
-69.9714
-70.0822
-70.1555
-70.0443
-69.9059
-69.8334
-69.6748
-69.5138
-69.3732
-71.6157
-71.3739
-71.1112
-70.8264
-70.5168
-70.1793
-69.8598
-69.4250
-68.9384
-68.3934
-67.7849
-67.1114
-66.4169
-58.5496
-58.5394
-58.5297
-58.5233
-58.5185
-71.5818
-71.8408
-70.0460
-70.1529
-70.1559
-70.0208
-69.9160
-69.8158
-69.6591
-69.5002
-71.6009
-71.3664
-71.1150
-70.8446
-70.5530
-70.2378
-69.9238
-69.5298
-69.0950
-68.6148
-68.0856
-67.5052
-66.8779
-58.6361
-58.6250
-58.6155
-58.6067
-58.6010
-58.5970
-71.7300
-71.9734
-70.0139
-70.1184
-70.2213
-70.1332
-70.0276
-69.8898
-69.7501
-69.6461
-71.5986
-71.3727
-71.1318
-70.8745
-70.5988
-70.3032
-69.9942
-69.6332
-69.2393
-68.8093
-68.3403
-67.8305
-67.2803
-66.7048
-58.7110
-58.7005
-58.6910
-58.6835
-58.6786
-58.6747
-71.6419
-70.0847
-70.1863
-70.2425
-70.1362
-70.0023
-69.8659
-69.7284
-69.6352
-71.3899
-71.1587
-70.9124
-70.6499
-70.3693
-70.0688
-69.7352
-69.3746
-68.9846
-68.5629
-68.1080
-67.6194
-67.0998
-58.7955
-58.7852
-58.7753
-58.7659
-58.7597
-58.7556
-58.7506
-71.4680
-77.4609
-77.8679
-77.7671
-77.6531
-77.5381
-77.4057
-77.2669
-77.1013
-76.9165
-76.6958
-76.5262
-70.1476
-70.2448
-70.2317
-70.1039
-69.9721
-69.8383
-69.7029
-71.3207
-71.1821
-70.9470
-70.6976
-70.4294
-70.1395
-69.8295
-69.4968
-69.1398
-68.7566
-68.3460
-67.9064
-67.4406
-66.9560
-58.8690
-58.8583
-58.8490
-58.8403
-58.8351
-58.8315
-58.8253
-71.6515
-76.7294
-77.7537
-77.8622
-77.7068
-77.1639
-76.9553
-76.7148
-76.4055
-76.0019
-75.4365
-70.5746
-70.2178
-70.3190
-70.2028
-70.0785
-69.9498
-69.8182
-69.7066
-71.1225
-70.9895
-70.7484
-70.4923
-70.2197
-69.9294
-69.6200
-69.2899
-68.9379
-68.5629
-68.1633
-67.7411
-67.2982
-66.8572
-58.9422
-58.9319
-58.9226
-58.9152
-58.9110
-58.9072
-58.8999
-72.8187
-76.1308
-77.0541
-77.4510
-77.3135
-77.0677
-76.7837
-76.4307
-75.9753
-75.3701
-70.7967
-70.6554
-70.3779
-70.3856
-70.1791
-70.0527
-69.9289
-69.7995
-71.1260
-70.9280
-70.7201
-70.5585
-70.3005
-70.0274
-69.7376
-69.4304
-69.1047
-68.7585
-68.3931
-68.0073
-67.6021
-67.1830
-59.0247
-59.0144
-59.0048
-58.9955
-58.9895
-58.9860
-58.9813
-58.9738
-72.9341
-75.7778
-76.5484
-76.8838
-76.7578
-76.5909
-76.2856
-75.8525
-75.1370
-73.5566
-70.7952
-70.3912
-70.4623
-70.3693
-70.2352
-70.1084
-69.9843
-71.2413
-71.0483
-70.8453
-70.6306
-70.4761
-70.1306
-69.8526
-69.5639
-69.2602
-68.9392
-68.6015
-68.2461
-67.8735
-67.4858
-67.0944
-59.0968
-59.0863
-59.0771
-59.0685
-59.0640
-59.0604
-59.0545
-59.0470
-72.9477
-75.5449
-76.1798
-76.3046
-76.0873
-75.7995
-75.3883
-74.7411
-73.6863
-70.9329
-70.7931
-70.4784
-70.5065
-70.3641
-70.2233
-70.0891
-69.9624
-71.0637
-70.8731
-70.6691
-70.4527
-70.2254
-70.0462
-69.7715
-69.4823
-69.1791
-68.8609
-68.5274
-68.1786
-67.8156
-67.4421
-67.0422
-59.1680
-59.1579
-59.1487
-59.1414
-59.1378
-59.1341
-59.1270
-59.1196
-73.1099
-75.6286
-75.9013
-75.7626
-75.4561
-75.0624
-74.5396
-73.7858
-71.0637
-70.9277
-70.7937
-70.5603
-70.5069
-70.3649
-70.2222
-70.0814
-71.0849
-70.8986
-70.7091
-70.5049
-70.2891
-70.0621
-69.8935
-69.6216
-69.3370
-69.0392
-68.7280
-68.4032
-68.0655
-67.7164
-67.3630
-59.2565
-59.2464
-59.2370
-59.2279
-59.2227
-59.2194
-59.2150
-59.2076
-59.2003
-73.1406
-75.5331
-75.8332
-75.2530
-74.8838
-74.4195
-73.8182
-71.1519
-71.0411
-70.9287
-70.7926
-70.6419
-70.5101
-70.3694
-70.2273
-70.0844
-70.9493
-70.7502
-70.5539
-70.3539
-70.1376
-69.9116
-69.6756
-69.4868
-69.2068
-68.9148
-68.6109
-68.2953
-67.9687
-67.6339
-67.3061
-59.3269
-59.3165
-59.3075
-59.2992
-59.2953
-59.2918
-59.2862
-59.2789
-59.2583
-73.1847
-75.4928
-75.4542
-75.0720
-74.6167
-73.8791
-73.2154
-71.1201
-71.0142
-70.9018
-70.6598
-70.6519
-70.5153
-70.3766
-70.2360
-71.0398
-70.8332
-70.6232
-70.4154
-70.2104
-69.9989
-69.7743
-69.5399
-69.2988
-69.0899
-68.8042
-68.5079
-68.2015
-67.8864
-67.5669
-67.2817
-59.3964
-59.3865
-59.3775
-59.3709
-59.3547
-59.3507
-59.3440
-59.3367
-59.3298
-73.2650
-75.4996
-75.1443
-74.7399
-74.2529
-73.6436
-71.2138
-71.0977
-70.9874
-70.8742
-70.7134
-70.6460
-70.5221
-70.3857
-71.1385
-70.9381
-70.7301
-70.5159
-70.2986
-70.0834
-69.8714
-69.6478
-69.4173
-69.1781
-68.9853
-68.7061
-68.4175
-68.1205
-67.8168
-67.5153
-59.4752
-59.4529
-59.4432
-59.4342
-59.4295
-59.4262
-59.4220
-59.4147
-59.4074
-59.4014
-73.1609
-74.9594
-74.6016
-74.1916
-73.6929
-71.3956
-71.2693
-71.1412
-70.8855
-70.7700
-70.6519
-70.5429
-70.4340
-70.3969
-71.0429
-70.8433
-70.6378
-70.4256
-70.2077
-69.9880
-69.7717
-69.5610
-69.3470
-69.1277
-69.0158
-73.1839
-74.6620
-74.2948
-73.8734
-71.5278
-71.4052
-71.2847
-71.1570
-71.0267
-70.7636
-70.6435
-70.5292
-70.4209
-71.0326
-70.9461
-70.6781
-70.4744
-70.2644
-70.0471
-69.8252
-69.6530
-69.4289
-69.2092
-68.9671
-73.9859
-75.2749
-75.2665
-75.2800
-75.2874
-75.3115
-75.3180
-75.3582
-75.3838
-75.4558
-75.5272
-75.5540
-75.6309
-75.7789
-75.9854
-76.2392
-73.6839
-73.5912
-71.5271
-71.4116
-71.2901
-71.1665
-71.0402
-70.9038
-70.7675
-70.5185
-70.4047
-70.9140
-70.8366
-70.7162
-70.5308
-70.2459
-70.0299
-69.8076
-69.5794
-69.3488
-69.1220
-68.9005
-73.9983
-74.5842
-74.4810
-74.4156
-74.4319
-74.4009
-74.4495
-74.4802
-74.5088
-74.5086
-74.5417
-74.6049
-74.6440
-74.7103
-74.9106
-75.1872
-74.4021
-71.1757
-71.0551
-70.9282
-70.8068
-70.7347
-71.0264
-70.8631
-70.7893
-70.6125
-70.4290
-70.2391
-70.0332
-69.8161
-69.5188
-69.2882
-69.0562
-72.3321
-73.9198
-73.8564
-73.7154
-73.5715
-73.5238
-73.5184
-73.5002
-73.5612
-73.6120
-73.6286
-73.5776
-73.6582
-73.6258
-73.6575
-73.8325
-74.1631
-74.4822
-71.3023
-71.1290
-70.9507
-70.5983
-70.4249
-70.3333
-70.1459
-69.9521
-69.7498
-69.5317
-69.3101
-71.5073
-72.8449
-73.4908
-73.1685
-73.0200
-72.8360
-72.7682
-72.7666
-72.7324
-72.8034
-72.8401
-72.8686
-72.7734
-72.8392
-72.7659
-72.7823
-72.9531
-73.3197
-70.3374
-70.2428
-70.0583
-69.8680
-69.6717
-69.4648
-69.2511
-72.5794
-73.3189
-72.9643
-72.7365
-72.3531
-72.3490
-72.2943
-72.2804
-72.1335
-72.1956
-72.2611
-72.2738
-72.1731
-72.2094
-72.1268
-72.1305
-72.3115
-72.6931
-78.8631
-78.9574
-78.9655
-79.0068
-80.3121
-80.8373
-70.3457
-70.1639
-70.0593
-69.8773
-69.7745
-69.6019
-72.2421
-73.4136
-72.4306
-72.2027
-72.0481
-72.2597
-72.3382
-72.4942
-71.9870
-71.9611
-71.8861
-71.9054
-71.8511
-71.6145
-72.4941
-73.1592
-78.2711
-78.2177
-78.1696
-78.1267
-78.1078
-78.7392
-78.9225
-79.2601
-70.3933
-70.2148
-70.0358
-69.9279
-69.7533
-75.7667
-71.8174
-71.6218
-71.8665
-78.1255
-78.0645
-78.0051
-77.9439
-77.8774
-77.8268
-77.8014
-77.8296
-77.9336
-77.9663
-78.1836
-78.5017
-80.1133
-70.3270
-70.1484
-69.9647
-69.8752
-69.6899
-75.7661
-79.7363
-72.1573
-80.4838
-71.4855
-71.4377
-71.6769
-81.4208
-77.9393
-77.8661
-77.7866
-77.7076
-77.6180
-77.5305
-77.4355
-77.3525
-77.2924
-77.2797
-77.1642
-77.2048
-77.2510
-77.3064
-70.4401
-70.2630
-70.0978
-69.9216
-69.7363
-75.1087
-75.2224
-78.4126
-78.5509
-78.8645
-79.2479
-79.3505
-71.1670
-71.7504
-76.7584
-76.5754
-76.2454
-76.4659
-77.9155
-78.2586
-71.0798
-71.1223
-72.0380
-74.0441
-78.7869
-77.9261
-77.5477
-77.3456
-77.2123
-77.0712
-76.9078
-76.7249
-76.5057
-76.2465
-75.8840
-75.0153
-73.2187
-70.3623
-70.2062
-70.0328
-69.8666
-72.3604
-75.2318
-75.3436
-77.4032
-77.3316
-77.6583
-77.9682
-75.1013
-71.8481
-76.8308
-77.0441
-75.4614
-75.3339
-76.0761
-71.1150
-71.0201
-70.9631
-71.7952
-72.9456
-75.4316
-77.7886
-76.1539
-75.7615
-75.2625
-74.5340
-73.3687
-70.4359
-70.2904
-70.1388
-69.9847
-69.8173
-73.3013
-75.2950
-75.7000
-82.2827
-76.9797
-82.8472
-74.0337
-74.3175
-71.0545
-70.9053
-70.8917
-71.6887
-72.7912
-74.2968
-76.1230
-70.6635
-70.5081
-70.3734
-70.0819
-69.9364
-72.5214
-73.9182
-75.4815
-75.6857
-81.0548
-76.6198
-81.1179
-74.1078
-70.6253
-70.5518
-70.8047
-70.8257
-72.1358
-72.6904
-74.1573
-75.2860
-82.2502
-69.8941
-73.0464
-74.2611
-75.5043
-75.6965
-78.2251
-76.4483
-78.7901
-80.0104
-80.0463
-79.4032
-79.7060
-80.0693
-74.2575
-72.8857
-70.9474
-70.3484
-70.3603
-70.6919
-71.9063
-72.3815
-73.5364
-74.1619
-79.9758
-80.4918
-80.4817
-80.4796
-79.2148
-80.6366
-80.6359
-69.9024
-72.4191
-73.2822
-74.4171
-75.5215
-75.6534
-77.4557
-78.4295
-78.4523
-77.9343
-78.9420
-79.5683
-75.7971
-74.3025
-70.8749
-70.7417
-70.2699
-70.7413
-71.9865
-72.6889
-74.0392
-74.3979
-78.8320
-80.0421
-80.2955
-80.2616
-80.2240
-80.1820
-80.1337
-78.8854
-78.9233
-79.0608
-71.9884
-72.7791
-73.5487
-74.5641
-75.9167
-76.2659
-77.5587
-70.4445
-71.3760
-77.9685
-79.0160
-79.6465
-79.6057
-79.5661
-79.5293
-79.4969
-79.4713
-79.4561
-77.9196
-77.9109
-77.9553
-78.1112
-78.4357
-78.9028
-72.4575
-72.6437
-72.6386
-72.7875
-72.9588
-76.3507
-76.5399
-70.8209
-70.9773
-77.3968
-78.2397
-78.8223
-78.9087
-78.8323
-78.7513
-78.6656
-78.5744
-78.4772
-78.3688
-78.2618
-78.1634
-76.9075
-77.0770
-72.1715
-72.6557
-72.5675
-72.6310
-72.7029
-75.1487
-75.3417
-80.5715
-81.3910
-78.2521
-76.0235
-76.9873
-78.6591
-78.8558
-82.5480
-70.2627
-70.2418
-70.9172
-73.9088
-76.6328
-72.4310
-72.4160
-72.4430
-72.5187
-74.2869
-74.7362
-74.7891
-78.0049
-77.1827
-77.1789
-77.2077
-77.2268
-75.0546
-75.1496
-75.7726
-76.7994
-76.6007
-76.5710
-76.7118
-75.4767
-70.5234
-70.7522
-71.1340
-73.1305
-75.9998
-77.0040
-72.5065
-72.4912
-72.5256
-72.4418
-74.3907
-74.8378
-74.8944
-76.8207
-76.7052
-76.6022
-76.4987
-76.5107
-74.9617
-75.6283
-75.6801
-76.1560
-75.8793
-76.2125
-76.8184
-75.1078
-70.9686
-72.7275
-75.4764
-76.1585
-72.6860
-72.7388
-72.7051
-74.2481
-74.7450
-75.1306
-75.1514
-76.8004
-76.6440
-76.4000
-76.1637
-75.9680
-75.0285
-75.8078
-76.5560
-75.4377
-75.1821
-75.2956
-75.9730
-74.9306
-79.5862
-79.6460
-79.7492
-79.8771
-80.0490
-86.6985
-72.8249
-72.8254
-74.1970
-74.5817
-75.0482
-75.4252
-75.4573
-76.4763
-76.1844
-75.7982
-75.7212
-75.4522
-74.9624
-75.6600
-76.2096
-75.7861
-74.4962
-74.6406
-75.6111
-72.4023
-76.4214
-76.2942
-76.2504
-76.3118
-78.1092
-78.1360
-78.1919
-78.1527
-77.8411
-77.7613
-77.6935
-77.6539
-77.8706
-72.7981
-72.8565
-72.8071
-74.3955
-74.7512
-75.1072
-75.4568
-75.6805
-76.3481
-76.2089
-75.8476
-75.4874
-75.2878
-75.1040
-75.6034
-75.6972
-75.3035
-75.0258
-74.3704
-75.2105
-78.0286
-78.0527
-74.6374
-78.1274
-78.0101
-77.7090
-77.5777
-77.4515
-75.6703
-75.5886
-75.5838
-77.1312
-77.0407
-76.7781
-76.5637
-73.2647
-72.7713
-72.7607
-74.0438
-74.5778
-75.0269
-75.5143
-76.0348
-76.2589
-76.9475
-76.2539
-74.0612
-74.7432
-77.7677
-78.1004
-78.5526
-79.1350
-79.7988
-80.6729
-77.9674
-77.8280
-77.6904
-77.5307
-77.3384
-77.1180
-76.8758
-76.6009
-76.2939
-74.6592
-74.4322
-72.4387
-72.7439
-72.8288
-73.8803
-74.2243
-74.5984
-75.0091
-75.5434
-76.0831
-76.3381
-77.3402
-73.7433
-74.4060
-75.9037
-76.6908
-77.1329
-78.2616
-76.5114
-76.1927
-75.8465
-73.4850
-73.4259
-72.8542
-71.9162
-73.6500
-73.9384
-74.7465
-75.1211
-75.5463
-76.0098
-76.3539
-77.3122
-73.6167
-74.1008
-75.1080
-76.0101
-76.5535
-77.8244
