-68.5220
-68.6721
-71.0027
-71.0713
-71.1374
-70.6823
-70.7108
-70.7363
-70.7587
-70.7710
-70.7685
-70.7747
-69.4494
-69.4059
-69.3586
-69.2265
-69.0915
-68.9586
-68.8330
-68.7122
-69.5219
-69.5174
-69.5117
-69.5043
-70.2404
-70.3294
-70.3900
-70.3544
-70.3187
-70.2793
-70.2492
-70.2041
-70.1563
-70.1291
-77.0880
-75.8174
-73.6946
-73.0955
-72.4937
-72.1629
-71.9697
-71.2582
-71.1754
-71.1249
-71.0891
-71.0483
-71.0196
-69.9708
-69.5745
-69.4195
-69.2704
-69.1274
-68.9905
-68.8564
-68.7308
-68.6102
-69.4166
-69.3958
-70.1223
-70.2224
-70.3046
-70.3141
-70.2718
-70.2281
-70.1852
-70.1400
-70.0945
-70.0581
-70.0077
-69.9707
-72.5568
-72.3386
-75.6382
-72.7559
-71.8643
-71.6762
-71.5508
-71.4480
-71.3626
-71.2990
-71.1085
-69.9236
-69.4783
-69.3111
-69.1580
-69.0126
-68.8746
-68.7404
-68.6154
-68.4960
-69.2961
-70.1361
-70.2239
-70.2970
-70.2456
-70.1987
-70.1481
-70.0975
-70.0488
-69.9989
-69.9496
-69.9011
-69.8595
-69.8094
-70.6498
-73.9167
-73.9381
-74.3640
-74.1549
-73.9214
-75.9285
-75.1447
-73.1170
-71.9908
-71.8283
-71.6638
-71.4362
-71.1611
-70.9258
-69.7588
-69.5679
-69.1820
-69.0259
-68.8793
-68.7300
-68.6086
-68.4935
-69.1253
-70.1646
-70.2580
-70.2652
-70.1932
-70.1334
-70.0784
-70.0212
-69.9652
-69.9120
-69.8587
-69.8067
-69.7563
-69.7065
-69.6644
-73.0144
-76.0403
-75.3807
-76.1346
-75.4837
-73.8256
-73.1419
-72.0395
-71.5691
-71.2400
-70.9709
-69.7772
-69.5527
-69.3969
-69.0275
-68.7385
-68.6705
-68.5886
-69.2247
-69.2374
-70.2222
-70.3085
-70.2393
-70.1653
-70.0940
-70.0181
-69.9570
-69.8950
-69.8353
-69.7792
-69.7236
-69.6701
-69.6187
-69.5704
-69.5203
-73.6745
-74.5346
-74.0779
-73.6798
-72.5961
-72.0263
-71.0199
-70.6915
-69.5321
-69.3512
-69.0744
-68.6686
-68.5912
-69.3536
-69.4162
-69.4188
-69.3911
-70.3243
-70.2329
-70.1457
-70.0629
-69.9863
-69.9144
-69.8407
-69.7760
-69.7153
-69.6573
-69.6005
-69.5458
-69.4936
-69.4436
-69.3951
-72.4569
-72.1790
-71.1990
-74.7030
-74.2992
-73.9220
-72.5759
-71.8411
-71.2667
-70.7152
-69.2892
-68.6797
-68.5748
-69.3075
-69.6356
-69.6701
-69.6499
-69.5981
-69.4163
-70.2527
-70.1501
-70.0551
-69.9677
-69.8895
-69.8151
-69.7477
-69.6730
-69.6097
-69.5504
-69.4921
-69.4362
-69.3824
-69.3310
-69.2819
-69.2329
-69.9099
-71.4931
-72.3872
-71.4416
-71.4457
-74.8400
-74.4738
-74.0618
-72.2309
-71.5653
-70.8370
-69.0722
-68.8551
-68.4549
-70.4000
-70.4415
-70.0186
-69.9365
-69.7971
-69.5724
-69.3645
-70.1906
-70.0814
-69.9825
-69.8939
-69.8129
-69.7371
-69.6682
-69.5997
-69.5262
-69.4641
-69.4027
-69.3433
-69.2860
-69.2309
-69.1781
-69.1272
-69.3677
-72.4772
-72.4634
-74.9588
-74.6393
-72.9870
-71.8735
-70.8716
-69.7457
-68.7857
-71.2063
-71.1242
-71.0461
-70.6173
-70.0644
-69.9789
-69.7771
-69.5430
-70.2794
-70.1533
-70.0414
-69.9417
-69.8523
-69.7692
-69.6906
-69.6177
-69.5444
-69.4729
-69.3972
-69.3293
-69.2634
-69.1995
-69.1381
-69.0794
-69.0238
-74.7600
-72.4771
-70.1581
-69.5784
-72.8361
-72.0865
-70.2816
-70.0326
-69.7821
-69.5445
-70.2906
-70.1615
-70.0470
-69.9452
-69.8510
-69.7615
-69.6750
-69.5931
-69.5101
-69.4285
-69.3497
-69.2645
-69.1888
-69.1157
-69.0458
-68.9794
-68.9168
-68.3078
-70.1847
-69.1135
-67.3241
-72.3985
-71.7514
-70.5648
-69.8259
-69.5890
-70.3548
-70.2206
-70.0999
-69.9890
-69.8834
-69.7674
-69.6528
-69.5445
-69.4370
-69.3328
-69.2333
-68.4361
-68.3791
-68.3354
-68.2993
-68.2636
-68.2290
-68.1959
-71.5591
-66.9091
-66.6011
-66.7015
-66.7921
-67.4344
-67.8929
-70.9972
-70.2861
-69.8057
-70.1987
-70.0230
-69.8768
-69.7472
-69.6273
-69.5130
-68.5855
-68.5419
-68.5078
-68.4673
-68.4234
-68.3746
-68.3255
-68.2709
-68.2227
-68.1762
-68.1323
-68.0914
-66.4756
-66.6601
-66.8185
-66.9199
-66.7074
-66.8294
-66.8999
-67.5258
-67.7366
-67.9191
-70.6310
-69.9568
-69.5315
-70.1257
-68.6826
-68.6993
-68.6994
-68.6832
-68.6547
-68.6148
-68.5677
-68.5115
-68.4504
-68.3864
-68.3223
-68.2575
-68.1946
-68.1297
-68.0730
-68.0203
-67.9719
-68.1787
-78.2033
-72.8413
-72.7290
-66.6057
-66.7656
-66.8893
-66.9360
-66.7868
-66.9023
-67.3802
-67.6058
-67.7267
-67.8991
-68.0405
-70.5895
-70.3743
-68.8826
-68.6027
-69.2406
-69.2040
-69.1516
-69.0860
-68.8140
-68.7718
-68.7174
-68.6512
-68.5788
-68.4988
-68.4158
-68.3320
-68.2500
-68.1697
-68.0931
-68.0213
-67.9500
-67.8651
-67.7506
-66.7012
-66.8346
-66.9292
-66.7735
-66.8892
-67.0004
-67.4893
-67.8340
-69.8927
-70.3907
-70.6640
-70.7357
-70.7803
-70.6044
-70.2819
-69.1585
-68.8615
-69.5274
-69.4677
-69.3890
-69.2944
-69.1865
-68.8481
-68.7629
-68.6680
-68.5683
-68.4631
-68.3572
-68.2529
-68.1531
-68.0576
-67.9683
-67.8669
-67.7255
-67.5938
-67.4800
-66.8246
-66.9346
-67.0715
-68.6759
-69.9648
-70.0215
-70.8672
-71.0438
-71.1327
-71.2331
-71.2637
-71.2157
-71.0382
-70.8334
-69.4429
-69.4525
-69.0919
-69.8048
-69.7133
-69.6050
-69.4782
-69.3361
-69.1822
-69.0206
-68.6623
-68.5331
-68.4011
-68.2713
-68.1463
-68.0291
-67.9129
-67.7370
-67.5785
-67.4366
-67.3103
-67.1947
-70.0268
-75.3585
-73.9455
-76.1936
-74.5814
-74.2063
-73.6822
-73.5790
-73.1145
-72.5971
-69.8615
-69.8223
-69.3456
-70.0683
-69.9451
-69.8032
-69.6399
-69.4592
-69.2658
-69.0652
-68.8627
-68.4709
-68.3078
-68.1537
-68.0083
-67.8065
-67.6067
-67.4279
-67.2690
-67.1286
-67.0052
-66.8976
-66.8008
-67.1611
-67.0692
-72.7866
-81.9307
-74.5354
-77.0639
-78.0751
-75.5804
-75.0761
-74.2745
-74.0123
-71.9921
-71.6451
-71.2543
-70.8415
-70.4130
-69.9818
-69.5600
-69.1572
-68.7824
-68.4356
-67.9589
-67.7039
-67.4762
-67.2731
-67.0940
-66.9371
-66.8006
-66.6824
-66.5809
-66.4943
-75.6632
-74.7911
-77.8829
-78.0451
-76.7931
-72.0766
-71.6902
-71.2496
-70.7807
-70.2936
-69.8061
-69.3343
-68.8901
-68.4829
-68.1129
-67.7828
-67.4913
-67.1126
-66.9094
-66.7333
-66.5816
-66.4517
-66.3414
-66.2483
-66.1706
-77.7456
-78.0200
-77.6605
-72.1750
-71.7403
-71.2427
-70.6967
-70.1364
-69.5809
-69.0515
-68.5624
-68.1231
-67.7326
-67.3915
-67.0962
-66.8432
-66.5133
-66.3443
-66.2014
-66.0817
-65.9821
-65.9002
-65.8338
-78.0623
-78.2292
-77.8386
-79.4254
-76.3577
-76.7654
-72.3005
-71.8014
-71.2238
-70.5895
-69.9312
-69.2926
-68.6971
-68.1612
-67.6923
-67.2868
-66.9412
-66.6491
-66.4043
-66.1990
-66.0280
-65.7967
-65.6908
-65.6056
-65.5379
-65.4857
-65.4470
-65.7368
-65.7099
-78.3792
-78.5218
-78.2477
-71.8824
-71.1829
-70.4408
-69.6601
-68.9192
-68.2500
-67.6686
-67.1773
-66.7662
-66.4263
-66.1469
-65.9188
-65.7324
-65.5814
-65.4600
-65.2822
-65.2143
-65.1651
-65.1315
-65.1126
-65.2380
-71.9574
-71.1016
-70.2370
-69.2948
-68.4256
-67.6796
-67.0619
-66.5627
-66.1618
-65.8422
-65.5881
-65.3873
-65.2290
-65.1056
-65.0113
-64.9420
-64.8949
-64.8000
-64.8066
-57.2965
-72.0735
-70.9971
-69.9417
-68.7703
-67.7577
-66.9435
-66.3143
-65.8340
-65.4669
-65.1873
-64.9747
-64.8151
-64.6971
-64.6151
-64.5680
-56.9433
-57.0252
-57.1065
-57.1874
-57.2560
-57.3587
-66.4169
-65.7330
-65.1719
-72.3915
-70.8643
-69.4722
-67.9781
-66.8229
-65.9893
-65.3998
-64.9814
-64.6824
-64.4702
-64.3256
-56.7390
-56.6509
-56.7353
-56.8192
-56.9024
-56.9858
-57.0686
-57.1508
-57.2322
-67.6356
-66.5652
-65.6869
-64.9863
-64.4355
-70.7168
-68.6038
-66.6968
-65.5019
-64.7697
-64.3105
-64.0262
-56.2616
-56.3493
-56.4365
-56.5230
-56.6096
-56.6957
-56.7810
-56.8655
-56.9493
-57.0323
-57.1144
-57.1956
-57.2978
-57.3992
-66.9027
-65.7118
-64.7948
-64.1070
-63.5955
-70.7069
-66.5672
-64.5513
-55.8561
-55.9475
-56.0382
-56.1282
-56.2182
-56.3078
-56.3966
-56.4846
-56.5717
-56.6579
-56.7432
-56.8276
-56.9117
-56.9954
-57.0784
-57.1607
-57.2582
-57.3433
-65.8880
-64.5950
-63.6953
-63.0757
-62.6491
-62.3579
-55.6177
-55.5284
-55.6229
-55.7168
-55.8105
-55.9039
-55.9965
-56.0881
-56.1788
-56.2686
-56.3574
-56.4453
-56.5330
-56.6203
-56.7068
-56.7924
-56.8773
-56.9614
-57.0448
-57.1269
-57.2083
-57.3061
-64.4393
-63.1419
-62.3760
-61.9200
-61.6770
-54.0676
-55.0488
-55.1233
-55.2216
-55.3188
-55.4136
-55.4842
-55.5795
-55.6754
-55.7703
-55.8643
-55.9571
-56.0489
-56.1403
-56.2312
-56.3211
-56.4102
-56.4985
-56.5859
-56.6725
-56.7583
-56.8431
-56.9261
-57.0084
-57.0899
-57.1707
-57.2661
-62.0843
-61.2853
-53.6724
-53.7874
-53.9013
-54.0139
-54.5609
-54.6651
-54.7683
-54.8707
-54.9724
-55.0726
-55.1731
-55.2715
-55.3661
-55.4425
-55.5397
-55.6357
-55.7313
-55.8260
-55.9197
-56.0126
-56.1044
-56.1953
-56.2854
-56.3747
-56.4627
-56.5495
-56.6352
-56.7199
-56.8038
-56.8870
-56.9695
-57.0513
-57.1325
-57.2265
-53.3804
-53.4989
-53.6158
-53.7315
-53.8465
-53.9593
-54.0734
-54.1833
-54.2919
-54.3994
-54.5061
-54.6132
-54.7192
-54.8239
-54.9272
-55.0291
-55.1292
-55.2268
-55.3218
-55.4023
-55.5004
-55.5975
-55.6936
-55.7886
-55.8826
-55.9755
-56.0667
-56.1570
-56.2465
-56.3353
-56.4227
-56.5092
-56.5949
-56.6800
-56.7643
-56.8486
-56.9322
-57.0152
-57.0975
-53.3250
-53.4436
-53.5603
-53.6759
-53.7904
-53.9038
-54.0167
-54.1294
-54.2409
-54.3526
-54.4613
-54.5687
-54.6746
-54.7791
-54.8830
-54.9854
-55.0861
-55.1846
-55.2799
-55.3629
-55.4612
-55.5580
-55.6534
-55.7479
-55.8415
-55.9340
-56.0256
-56.1163
-56.2055
-56.2940
-56.3823
-56.4700
-56.5569
-56.6431
-56.7285
-56.8132
-56.8972
-56.9804
-57.0633
-57.2696
-53.2655
-53.3852
-53.5030
-53.6210
-53.7385
-53.8546
-53.9699
-54.0831
-54.1946
-54.3048
-54.4143
-54.5225
-54.6307
-54.7361
-54.8401
-54.9426
-55.0433
-55.1408
-55.2213
-55.3198
-55.4175
-55.5142
-55.6100
-55.7050
-55.7992
-55.8928
-55.9850
-56.0326
-56.1235
-56.2134
-56.3027
-56.3911
-56.4788
-56.5662
-64.2934
-64.3910
-64.4927
-64.5970
-64.7027
-64.8089
-53.2086
-53.3320
-53.4534
-53.5732
-53.6908
-53.8071
-53.9226
-54.0369
-54.1492
-54.2142
-54.3244
-54.4334
-54.5405
-54.6457
-54.7496
-54.8531
-54.9538
-55.0525
-55.1359
-55.2354
-55.3345
-55.4331
-55.5306
-55.6268
-55.7218
-55.8159
-55.9091
-56.0013
-56.0931
-63.8162
-63.9229
-64.0344
-64.1485
-64.2635
-64.3787
-64.4934
-64.6069
-64.7194
-64.8303
-64.9398
-53.1047
-53.2402
-53.3633
-53.4846
-53.6043
-53.7222
-53.8384
-53.9533
-54.0652
-54.1759
-54.2853
-54.3934
-54.5002
-54.6057
-54.7098
-54.8128
-54.9148
-55.0150
-55.1019
-55.2026
-55.3022
-55.4004
-55.4974
-55.6190
-63.3098
-63.4310
-63.5575
-63.6860
-63.8148
-63.9408
-64.0646
-64.1870
-64.3075
-64.4259
-64.5423
-64.6568
-64.7695
-64.8801
-64.9890
-65.0963
-53.0660
-53.1899
-53.3237
-53.4449
-53.5638
-53.6811
-53.7970
-53.9109
-54.0231
-54.1340
-54.2440
-54.3536
-54.4617
-54.5685
-54.6738
-54.7776
-54.8797
-54.9802
-55.1920
-62.7752
-62.9147
-63.0641
-63.2083
-63.3509
-63.4907
-63.6283
-63.7623
-63.8936
-64.0221
-64.1479
-64.2697
-64.3883
-64.5047
-64.6188
-64.7309
-64.8410
-64.9493
-65.0559
-65.1608
-65.2640
-53.0238
-53.1468
-53.2681
-53.3990
-53.5186
-53.6367
-53.7544
-53.8701
-53.9841
-54.0964
-54.2074
-54.3170
-54.4252
-62.2027
-62.3551
-62.5179
-62.6772
-62.8281
-62.9028
-63.0559
-63.2042
-63.3478
-63.4872
-63.6226
-63.7598
-63.8888
-64.0146
-64.1376
-64.2581
-64.3764
-64.4929
-64.6063
-64.7161
-64.8241
-64.9304
-65.0350
-65.1380
-65.2396
-65.3397
-65.4383
-52.9773
-53.1021
-53.2255
-53.3471
-53.4779
-53.5975
-53.7154
-53.8314
-61.6560
-61.8945
-62.1169
-62.3185
-62.5027
-62.6721
-62.8293
-62.9759
-63.1128
-63.2405
-63.2907
-63.4238
-63.5540
-63.6807
-63.8046
-63.9260
-64.0448
-64.1621
-64.2822
-64.3949
-64.5060
-64.6153
-64.7235
-64.8300
-64.9342
-65.0367
-65.1365
-65.2349
-65.3322
-65.4282
-65.5233
-65.6172
-52.9367
-53.0622
-53.2106
-61.9909
-62.1201
-62.3252
-62.4561
-62.5823
-62.7058
-62.8267
-62.9449
-63.0606
-63.1710
-63.2797
-63.3857
-63.4887
-63.5881
-63.6835
-63.7015
-63.8112
-63.9199
-64.0276
-64.1344
-64.2401
-64.3449
-64.4492
-64.5521
-64.6541
-64.7552
-64.8603
-64.9598
-65.0582
-65.1547
-65.2513
-65.3470
-65.4391
-65.5304
-65.6209
-65.7106
-65.7995
-66.9386
-65.0083
-64.1904
-63.8015
-63.6050
-63.6059
-63.5703
-63.5714
-63.5964
-63.6376
-63.6899
-63.7499
-63.8133
-63.8798
-63.9486
-64.0181
-64.0873
-64.0789
-64.1689
-64.2600
-64.3517
-64.4438
-64.5362
-64.6289
-64.7220
-64.8145
-64.9070
-64.9991
-65.0907
-65.1816
-65.2720
-65.3665
-65.4551
-65.5442
-65.6329
-65.7197
-65.8046
-65.8890
-65.9728
