-34.1649 -34.4045 -34.6393 -34.8688 -35.1051 -35.3344 -35.5591 -35.7802 -36.0027 -36.2204 -36.4325 -36.6454 -36.8882 0.0000 0.0000 -50.2784 -46.0074 -46.5427 -47.0276 -47.4704 -47.8778 -48.1602 -48.2918 -48.4234 -47.7975 -47.9746 -49.6401 -49.1730 -48.8291 -48.6457 -41.0172 -41.1685 -41.3386 -41.4560 -41.6193 -51.3509 -52.2329 -52.4087 -52.5818 -52.7523
-33.8892 -34.1406 -34.3823 -34.6247 -34.8650 -35.1031 -35.3271 -35.5600 -35.7876 -36.0077 -36.2239 -36.4423 -43.9089 -44.6795 -45.4236 -46.0644 -46.6268 -47.1227 -47.5695 -47.9351 -48.0598 -48.1801 -48.3292 -47.6454 -47.5389 -49.9010 -49.0161 -48.4507 -40.5245 -40.7085 -40.8868 -41.0154 -41.1897 0.0000 0.0000 -55.3423 -55.4252 -54.6343 -54.2798 -51.7190
-33.6182 -33.8715 -34.1247 -34.3728 -34.6238 -34.8583 -35.0973 -35.3354 -35.5656 -35.7853 -36.0142 -43.7683 -44.8035 -45.6281 -46.2931 -46.8514 -47.3358 -47.7725 -47.9280 -48.0155 -48.1111 -48.2244 -47.5033 0.0000 -54.2949 -48.9115 -40.0317 -40.2266 -40.4140 -40.5480 -40.7294 -40.9610 -41.1671 0.0000 0.0000 -56.2576 -54.9539 -55.3571 -51.3982 -51.2431
-33.3357 -33.5935 -33.8576 -34.1216 -34.3664 -34.6131 -34.8638 -35.1037 -35.3324 -35.5681 -44.1487 -45.4032 -46.2206 -46.8304 -47.3274 -47.7551 -47.9577 -47.9706 -48.0075 -48.0647 -47.1309 -47.2080 -47.3225 0.0000 -39.5163 -39.6739 -39.9149 -40.0575 -40.2509 -40.4911 -40.7022 -40.8318 0.0000 0.0000 0.0000 -56.2072 -54.6922 -51.0766 -50.9003 -50.7630
-33.0516 -33.3212 -33.5931 -33.8516 -34.1129 -34.3730 -34.6278 -34.8705 -35.1095 -47.0212 -47.3270 -47.6257 -47.9152 -48.1984 -48.3850 -48.2337 -48.1242 -48.0705 -47.9300 -46.8025 -46.9029 -46.9471 -47.1238 -47.3325 -39.3946 -39.5450 -39.7449 -39.9942 -40.1920 -40.3799 -40.5910 -48.1516 -48.5725 0.0000 0.0000 -58.9361 -50.1608 -50.5135 -50.3602 -50.2466
-32.7652 -33.0519 -33.3127 -33.5965 -33.8667 -34.1307 -34.3862 -34.6872 0.0000 -52.6593 -50.6581 -49.9494 -49.6840 -49.1356 -48.7074 -48.2986 -47.9158 -47.7427 -46.4880 -46.5107 -46.6857 -46.8994 -47.1297 -46.5841 -46.7537 -39.4800 -39.6830 -39.8799 -40.1008 -47.8880 -48.4050 -48.8069 -49.6073 -49.9591 -50.2004 -50.0992 -49.5412 -49.4552 -49.8101 -49.7299
-32.4823 -32.7652 -33.0518 -33.3368 -33.6082 -33.8750 -42.5282 0.0000 0.0000 -54.2213 -52.0340 -50.6718 -50.1006 -49.0490 -48.2237 -47.7543 -46.0295 -46.1416 -46.2503 -46.4672 -46.7040 -46.0745 -46.2672 -46.4574 -46.6443 -46.8263 -39.5930 -48.6451 -48.8764 -50.1317 -50.3404 -50.5446 -50.4855 -50.2158 -49.9168 -49.6482 -49.0253 -48.9054 -49.2507 -49.2192
-32.1824 -32.4769 -32.7781 -33.0566 -33.3366 -42.0386 -42.2706 0.0000 0.0000 0.0000 -53.7535 -51.3008 -50.1921 -48.8839 -48.0619 -45.8879 -45.8665 -46.0560 -45.3380 -45.4436 -45.6467 -45.8452 -46.0394 -46.3441 -48.3683 -48.8481 -50.5468 -50.9903 -51.3859 -51.6617 -51.0854 -50.5309 -49.9058 -49.4587 -49.1202 -48.9142 -48.7893 -48.3589 -48.3675 -48.8333
-31.8886 -32.1984 -32.5018 -32.7894 -41.5383 -41.7867 -42.0450 0.0000 0.0000 0.0000 0.0000 -52.4895 -50.4016 -45.7495 -45.5341 -45.5241 -44.7819 -44.9958 -45.2073 -45.4168 -45.6235 -45.8315 -48.7764 -51.4230 -51.6546 -51.8810 -52.1023 -51.4590 -52.3450 -51.3248 -50.2389 -49.4051 -48.8592 -48.5106 -48.3078 -48.2066 -48.2564 -41.0746 -41.1973 -41.3908
-31.5458 -31.8595 -32.2231 -41.0222 -41.2339 -41.5690 -41.8619 -42.1770 0.0000 0.0000 0.0000 -53.5549 -45.1986 -43.8997 -44.1924 -44.4173 -44.6392 -44.8583 -45.0753 -45.2902 -45.5033 -45.7279 -55.6374 0.0000 0.0000 0.0000 0.0000 0.0000 -52.0138 -49.9115 -48.7278 -48.0585 -47.7240 -47.6703 -40.5371 -40.6430 -40.7756 -40.9540 -41.0599 -41.3019
-31.2868 -40.2149 -40.4912 -40.7822 -41.0871 -41.4111 -41.7637 -42.1490 -42.4275 0.0000 -44.5665 -43.2576 -43.5668 -43.8064 -44.0389 -44.2691 -44.4971 -44.7221 -44.9450 -45.1657 -45.3814 -45.5514 -45.7342 0.0000 0.0000 0.0000 0.0000 -53.5596 -49.1684 -47.5646 -39.6862 -39.8879 -39.9854 -40.1530 -40.3419 -40.5280 -40.7067 -40.8622 -40.8968 -41.0184
-39.6460 -39.9488 -40.2675 -40.6040 -40.9662 -41.3028 -41.7039 -41.9874 -42.2795 -42.5876 -42.9164 -43.1604 -43.4023 -43.6419 -43.8849 -44.1214 -44.3559 -44.5877 -44.7707 -44.9522 -45.1382 -45.3305 -45.5312 0.0000 0.0000 -54.4304 -49.0765 -38.9342 -39.1231 -39.3014 -39.4821 -39.6861 -39.8829 -40.0785 -40.1960 -40.3343 -40.4914 -40.6267 -40.7422 -40.9172
-39.4021 -39.7544 -40.1294 -40.5370 -40.9494 -41.2482 -41.5566 -41.8824 -42.2295 -42.4853 -42.7386 -42.9897 -43.2362 -43.4823 -43.7319 -43.9331 -44.1236 -44.3200 -44.5225 -44.7328 -44.9519 -45.1753 -45.4047 -37.9743 -38.2117 -38.3946 -38.5467 -38.7287 -38.9419 -39.1934 -39.3508 -39.4822 -39.6601 -39.8120 -40.0096 -40.2027 -40.3633 -40.5237 -40.7056 -40.8157
-39.2560 -39.6751 -40.1323 -40.4792 -40.8035 -41.1466 -41.4472 -41.7735 -42.0362 -42.2974 -42.5574 -42.8160 -43.0385 -43.2323 -43.4364 -43.6545 -43.8774 -44.1098 -44.3499 -44.5938 -44.8396 -45.0846 -37.5284 -37.7250 -37.9630 -38.1966 -38.4246 -38.5482 -38.6780 -38.8439 -39.0998 -39.3117 -39.4974 -39.6754 -39.9021 -40.0956 -40.2840 -40.4638 -40.6444 -40.7531
-39.2603 -39.6908 -40.0275 -40.3856 -40.7596 -41.0302 -41.2995 -41.5686 -41.8383 -42.0855 -42.2857 -42.4976 -42.7208 -42.9523 -43.1962 -43.4494 -43.7151 -43.9790 -44.2433 -44.5056 -44.7648 -45.0208 -37.3719 -37.5452 -37.7123 -37.9252 -38.1358 -38.3662 -38.5285 -38.7224 -38.9791 -39.1913 -39.3999 -39.6016 -39.7991 -39.9920 -40.1825 -40.3668 -40.5519 -40.6656
-39.2569 -39.6218 -39.9885 -40.2582 -40.5292 -40.8028 -41.0780 -41.2114 -41.4838 -41.7130 -41.9573 -42.2152 -42.4847 -42.7625 -43.0414 -43.3242 -43.6118 -43.8933 -44.1715 -44.4462 -44.7153 -36.8417 -37.0773 -37.3322 -37.5316 -37.7720 -38.0075 -38.2362 -38.4233 -38.6412 -38.8540 -39.1080 -39.3209 -39.5277 -39.7300 -39.9280 -40.1202 -40.3083 -40.4888 -40.6701
-39.2211 -39.4735 -39.7334 -39.9999 -40.2053 -40.4044 -40.6299 -40.8779 -41.0852 -41.4293 -41.7250 -42.0281 -42.3346 -42.6415 -42.9468 -43.2444 -43.5413 -43.8402 -44.1293 -44.4135 -36.4104 -36.6814 -36.9442 -37.1977 -37.4446 -37.6851 -37.9194 -38.1550 -38.3856 -38.5712 -38.7890 -39.0447 -39.2542 -39.4627 -39.6641 -39.8614 -40.0550 -40.2447 -40.4264 -40.6090
-38.9283 -39.1357 -39.2839 -39.4798 -39.7176 -39.9865 -40.2804 -40.5921 -40.9158 -41.2464 -41.5801 -41.9131 -42.2436 -42.5701 -42.8917 -43.2034 -43.5120 -35.4548 -35.7514 -36.0369 -36.3146 -36.5850 -36.8507 -37.1098 -37.3628 -37.6095 -37.8489 -38.0847 -38.3149 -38.5001 -38.7182 -38.9316 -39.1873 -39.3976 -39.6011 -39.8009 -39.9975 -40.1893 -40.3769 -40.5567
-38.3196 -38.5014 -38.7445 -39.0331 -39.3522 -39.6949 -40.0515 -40.4142 -40.7788 -41.0798 -41.5016 -41.8564 -42.2050 -34.0997 -34.4263 -34.7425 -35.0493 -35.3560 -35.6552 -35.9455 -36.2269 -36.5000 -36.7669 -37.0271 -37.2818 -37.5314 -37.7748 -38.0106 -38.2428 -38.4715 -38.6535 -38.8699 -39.1283 -39.3379 -39.5469 -39.7477 -39.9437 -40.1349 -40.3222 -40.5012
-37.7056 -38.0064 -38.3543 -38.7320 -39.1262 -39.5261 -39.9290 -40.3295 -32.1689 -32.5516 -32.9149 -33.2782 -33.6353 -33.9804 -34.3140 -34.6364 -34.9555 -35.2649 -35.5656 -35.8582 -36.1415 -36.4166 -36.6854 -36.9514 -37.2111 -37.4640 -37.7103 -37.9485 -38.1824 -38.4107 -38.5920 -38.8077 -39.0652 -39.2740 -39.4826 -39.6857 -39.8846 -40.0793 -40.2695 -40.4508
-37.2715 -37.6894 -38.1312 -38.5821 -30.2850 -30.7849 -31.2062 -31.6238 -32.0262 -32.4139 -32.7883 -33.1693 -33.5277 -33.8737 -34.2084 -34.5390 -34.8635 -35.1770 -35.4819 -35.7789 -36.0660 -36.3445 -36.6178 -36.8836 -37.1422 -37.3941 -37.6442 -37.8856 -38.1193 -38.3501 -38.5757 -38.7523 -38.9660 -39.2243 -39.4341 -39.6371 -39.8360 -40.0311 -40.2211 -40.4070
-28.2685 -28.8045 -29.2465 -29.6731 -30.1792 -30.6235 -31.0645 -31.4877 -31.8929 -32.2934 -32.6865 -33.0645 -33.4283 -33.7791 -34.1250 -34.4603 -34.7844 -35.0988 -35.4030 -35.6997 -35.9898 -36.2746 -36.5516 -36.8209 -37.0827 -37.3377 -37.5862 -37.8286 -38.0629 -38.2937 -38.5192 -38.6951 -38.9077 -39.1650 -39.3714 -39.5777 -39.7769 -39.9721 -40.1634 -40.3501
-28.0503 -28.5826 -29.0378 -29.4766 -30.0238 -30.4886 -30.9364 -31.3654 -31.7833 -32.1958 -32.5915 -32.9616 -33.3383 -33.6992 -34.0485 -34.3863 -34.7132 -35.0299 -35.3369 -35.6351 -35.9274 -36.2131 -36.4899 -36.7603 -37.0232 -37.2795 -37.5291 -37.7724 -38.0096 -38.2388 -38.4653 -38.6870 -38.8572 -39.0668 -39.3240 -39.5315 -39.7322 -39.9289 -40.1214 -40.3090
-27.8921 -28.3850 -28.8569 -29.4096 -29.8940 -30.3674 -30.8187 -31.2530 -31.6849 -32.1013 -32.5007 -32.8844 -33.2596 -33.6233 -33.9741 -34.3139 -34.6430 -34.9617 -35.2716 -35.5735 -35.8675 -36.1540 -36.4332 -36.7040 -36.9678 -37.2246 -37.4758 -37.7212 -37.9599 -38.1924 -38.4175 -38.6399 -38.8107 -39.0211 -39.2794 -39.4840 -39.6894 -39.8873 -40.0812 -40.2706
-27.7003 -28.2031 -28.7663 -29.2765 -29.7814 -30.2624 -30.7224 -31.1744 -31.6074 -32.0231 -32.4225 -32.8140 -33.1829 -33.5602 -41.1673 -41.5010 -41.8248 -42.1396 -42.3108 -42.6049 -42.8857 -43.1641 -43.4403 -43.7128 -43.9738 -44.2283 -44.4758 -44.7178 -44.9533 -45.1819 -45.3902 -45.6090 -45.5920 -45.7903 -45.9839 -46.4441 -46.6674 -46.8716 -40.3384 -40.5289
-27.5352 -28.0513 -28.6610 -29.1883 0.0000 0.0000 0.0000 -43.7658 -41.8328 -41.2146 -41.0679 -41.1198 -41.2695 -41.4716 -41.7047 -41.9538 -42.2112 -42.4728 -42.7353 -42.9940 -43.2486 -43.4938 -43.7397 -43.9922 -44.2324 -44.4694 -44.7020 -44.9306 -45.1544 -45.3737 -45.5857 -45.7772 -45.9829 -45.9305 -46.1171 -46.5826 -46.7984 -47.0010 -47.1967 -47.3865
-27.4106 -28.0234 -28.5735 -29.1050 0.0000 0.0000 0.0000 0.0000 0.0000 -43.2457 -42.7058 -42.4663 -42.3995 -42.3428 -42.5412 -42.6894 -42.8647 -43.0591 -43.2655 -43.4769 -43.6959 -43.9008 -44.1185 -44.3427 -44.5688 -44.7888 -45.0062 -45.2198 -45.4267 -45.6323 -45.8356 -46.0059 -46.1999 -46.1207 -46.2976 -46.7697 -46.9559 -47.1752 -47.3670 -47.5641
-27.3908 -27.9664 -28.5277 -29.0590 -29.5692 0.0000 0.0000 0.0000 0.0000 0.0000 -45.5022 -43.7430 -43.5156 -43.3751 -43.2886 -43.3098 -43.3917 -43.5167 0.0000 0.0000 0.0000 0.0000 -51.0747 -49.0180 -44.9317 -45.1360 -45.3347 -45.5309 -45.7252 -45.9185 -46.1104 -46.3006 -46.4504 -46.6294 -46.5055 -46.6690 -47.1693 -47.3843 -47.5760 0.0000
-27.3782 -27.9545 -28.5072 -29.0370 -29.5549 -30.0513 0.0000 0.0000 0.0000 -44.9352 -43.1790 -42.5287 -42.2010 -42.2005 -42.2060 -42.4569 -42.6486 -42.8606 0.0000 0.0000 0.0000 0.0000 -54.7770 -51.4306 -49.0305 -48.7188 -48.5499 0.0000 0.0000 0.0000 0.0000 0.0000 -58.1981 -53.5213 -50.6352 -49.5314 -47.3960 -47.5630 -47.7861 0.0000
-27.4044 -27.9810 -28.5288 -29.0549 -29.5643 -30.0538 -30.5227 -30.9748 -31.4091 -31.8186 -32.2826 -40.3329 -40.6966 -41.0479 -41.3857 -41.6960 -42.0057 -42.3066 0.0000 0.0000 0.0000 0.0000 -49.0391 -48.4205 -48.0846 -47.9150 -47.8125 0.0000 0.0000 0.0000 0.0000 0.0000 -54.2629 -48.5877 -48.3605 -48.0223 -48.1010 -48.6694 0.0000 0.0000
-27.4843 -28.0370 -28.5759 -29.1033 -29.5992 -30.0768 -30.5423 -30.9911 -31.4205 -31.8322 -32.2241 -32.6247 -33.0035 -33.3668 -33.7177 -34.0573 -34.3889 0.0000 0.0000 -51.4213 -49.4364 -48.2856 -47.5946 -47.2150 -47.0199 -46.9386 -46.9431 -46.9833 -47.0566 -47.1531 -47.2648 -47.3897 -47.5229 -47.6616 -47.8046 -47.5446 -47.6823 -48.2655 -48.4793 0.0000
-27.5980 -28.1288 -28.6515 -29.1622 -29.6513 -30.1231 -30.5833 -31.0250 -31.4472 -31.8541 -32.2524 -32.6293 -33.0131 -33.3721 -33.7195 -34.0571 -34.3701 0.0000 0.0000 -49.0560 -47.0250 -46.2796 -45.9911 -45.9109 -45.9112 -45.9747 -46.0888 -46.2170 -46.3613 -46.5160 -46.6763 -46.8421 -47.0083 -47.1767 -47.3445 -47.1384 -47.2891 -47.4404 -48.0172 -48.1847
-27.7289 -28.2576 -28.7676 -29.2596 -29.7312 -30.1900 -30.6343 -31.0670 -31.4844 -31.8889 -32.2823 -32.6536 -33.0315 -33.3853 -33.7286 -34.0658 -34.3929 -34.6926 -34.9974 -35.3149 -35.6050 -35.8894 -44.2545 -44.5105 -44.7645 -45.0121 -45.2536 -45.5101 -45.7388 -45.9541 -46.1640 -46.3716 -46.5753 -46.7750 -46.9701 -47.1608 -46.9808 -47.1505 -47.7219 -47.9011
-27.9014 -28.4072 -28.8928 -29.3681 -29.8325 -30.2818 -30.7160 -31.1304 -31.5340 -31.9321 -32.3202 -32.6950 -33.0449 -33.4059 -33.7500 -34.0860 -34.4103 -34.7031 -35.0039 -35.3202 -35.6108 -35.8937 -36.1700 -36.4374 -36.6968 -36.9507 -37.1993 -37.4435 -44.9704 -45.2558 -45.5346 -45.8039 -46.0618 -46.3043 -46.5333 -46.5525 -46.4242 -46.6036 -47.1369 -47.3221
-28.1056 -28.5895 -29.0483 -29.5039 -29.9451 -30.3760 -30.7950 -31.2047 -31.6089 -31.9983 -32.3708 -32.7338 -33.0778 -33.4353 -33.7705 -34.0970 -34.4144 -34.7228 -35.0084 -35.3037 -35.6125 -35.8886 -36.1581 -36.4226 -36.6810 -36.9335 -37.1797 -37.4203 -37.6568 -37.8860 -38.1101 -38.3290 -38.5447 -38.7558 -46.0649 -46.2722 -46.4782 -46.3530 -46.5329 -47.0706
-28.3264 -28.7811 -29.2201 -29.6610 -30.0818 -30.4944 -30.9000 -31.2986 -31.6874 -32.0660 -32.4394 -32.7989 -33.1454 -33.4677 -33.8098 -34.1329 -34.4459 -34.7516 -35.0292 -35.3175 -35.6213 -35.8963 -36.1682 -36.4350 -36.6937 -36.9420 -37.1851 -37.4223 -37.6549 -37.8863 -38.1104 -38.3294 -38.5440 -38.7532 -38.9578 -39.1578 -39.3534 -39.4790 -39.6657 -46.9518
-28.5918 -28.9881 -29.4146 -29.8300 -30.2309 -30.6347 -31.0248 -31.4075 -31.7832 -32.1503 -32.5097 -32.8594 -33.2023 -33.5269 -33.8656 -34.1810 -34.4879 -34.7866 -35.0792 -35.3423 -35.6195 -35.9165 -36.1832 -36.4434 -36.6994 -36.9479 -37.1921 -37.4319 -37.6662 -37.8928 -38.1156 -38.3309 -38.5417 -38.7506 -38.9929 -39.1962 -39.3953 -39.5901 -39.7090 -39.8927
-28.8962 -29.2708 -29.6364 -30.0107 -30.3999 -30.7837 -31.1566 -31.5328 -31.8967 -32.2508 -32.5966 -32.9337 -33.2761 -33.6043 -33.9096 -34.2395 -34.5464 -34.8429 -35.1316 -35.3909 -35.6645 -35.9321 -36.2204 -36.4782 -36.7347 -36.9834 -37.2263 -37.4616 -37.6928 -37.9192 -38.1467 -38.3672 -38.5832 -38.7931 -38.9963 -39.1955 -39.3908 -39.5825 -39.7010 -39.8858
-29.2300 -29.5772 -29.9200 -30.2622 -30.5862 -30.9448 -31.3118 -31.6733 -32.0192 -32.3653 -32.7034 -33.0346 -33.3595 -33.6768 -33.9881 -34.2935 -34.5934 -34.8869 -35.1741 -35.4537 -35.7013 -35.9661 -36.2541 -36.5092 -36.7586 -37.0050 -37.2443 -37.4795 -37.7088 -37.9342 -38.1547 -38.3732 -38.5844 -38.7919 -38.9988 -39.2015 -39.4002 -39.5940 -39.7806 -39.8874
-29.5723 -29.9010 -30.2205 -30.5410 -30.8542 -31.1643 -31.4736 -31.8122 -32.1508 -32.4877 -32.8104 -33.1343 -33.4522 -33.7613 -34.0654 -34.3453 -34.6536 -34.9395 -35.2188 -35.4950 -35.7401 -36.0037 -36.2617 -36.5439 -36.7913 -37.0352 -37.2719 -37.5034 -37.7290 -37.9517 -38.1703 -38.3878 -38.5991 -38.8055 -39.0077 -39.2057 -39.3995 -39.5902 -39.7804 -39.8889
