-51.0164 -51.0044 -50.9880 -50.9676 -50.9436 -59.2713 0.0000 0.0000 0.0000 -58.8098 -59.2476 -59.6435 -60.0455 -60.3820 -60.6056 -59.0719 -58.8266 -58.7063 -58.4827 -57.2166 -57.3054 -60.0217 -60.3411 -61.9906 0.0000 0.0000 0.0000 0.0000 0.0000 0.0000 0.0000 0.0000 0.0000 0.0000 0.0000 0.0000 0.0000 -67.1468 -65.4697 -63.5913
-51.0962 -51.0843 -51.0677 -51.0471 -58.2141 -61.1147 -62.8081 0.0000 0.0000 -59.2485 -59.5338 -59.8249 -60.0689 -59.4241 -59.1060 -58.8889 -58.7518 -58.5168 -57.1610 -57.3033 -59.7946 -60.1179 -60.4386 -61.9717 -62.2762 0.0000 0.0000 0.0000 0.0000 0.0000 0.0000 0.0000 0.0000 0.0000 0.0000 0.0000 0.0000 0.0000 -65.4132 -63.1505
-51.1779 -51.1658 -51.1491 -57.8780 -60.2680 -61.5281 -62.9711 -63.2145 -59.2338 -59.4420 -59.6530 -59.8350 -59.4145 -59.1188 -58.8675 -58.7244 -58.4811 -57.1243 -58.5299 -59.6441 -59.9655 -60.2242 -60.5415 -62.0049 -62.3112 -62.6037 0.0000 0.0000 0.0000 0.0000 0.0000 -64.3386 -64.3517 -64.3783 -64.4065 0.0000 0.0000 0.0000 -63.1530 -61.0544
-51.2617 -51.2490 -58.9071 -59.9204 -60.9723 -61.9813 -63.3993 -59.2645 -59.3994 -59.5360 -59.6469 -59.4985 -59.2151 -58.8678 -58.7208 -58.4559 -57.0493 -58.5076 -59.4541 -59.7647 -60.0813 -60.4004 -60.7133 -62.0356 -62.3470 -62.6399 -62.9253 0.0000 0.0000 0.0000 -63.9187 -63.9898 -64.0214 -64.0676 -64.1274 -62.0936 0.0000 -63.3318 -61.0087 -61.0498
-51.3441 -58.9689 -59.8651 -60.7484 -61.6268 -62.4597 -59.4289 -59.5094 -59.5781 -59.6247 -59.5320 -59.2159 -58.8620 -58.7048 -58.4386 -57.0045 -58.4877 -59.2903 -59.5933 -59.9017 -60.2127 -60.5230 -60.8234 -62.1566 -62.4790 -62.6942 -62.9776 -63.2457 0.0000 -63.5681 -63.5719 -63.6614 -63.7245 -61.6791 -61.8230 -61.9649 -60.9688 -60.9022 -60.9481 -60.9928
-59.2204 -60.0356 -60.7799 -61.5191 -62.2516 -59.6595 -59.6806 -59.6963 -59.6838 -59.6421 -59.3142 -58.8934 -58.6811 -56.8685 -56.9382 -58.4785 -59.1667 -59.4510 -59.7465 -60.0531 -60.3534 -60.6514 -60.9489 -62.2099 -62.5189 -62.8185 -63.0997 -63.2575 -62.9661 -62.9662 -63.1568 -63.2409 -61.3510 -61.4484 -61.4771 -60.8619 -60.9231 -60.8920 -60.9398 -60.9843
-60.5263 -61.0378 -61.6000 -62.1995 -62.0144 -59.9079 -59.8869 -59.8209 -59.7104 -59.4543 -58.9676 -58.6824 -56.7777 -56.8841 -58.4247 -59.0172 -59.2912 -59.5671 -59.9108 -60.2067 -60.5056 -60.7914 -61.0754 -62.2839 -62.5905 -62.8798 -62.7836 -62.7364 -62.7213 -62.7519 -60.9132 -61.0859 -61.2241 -61.2612 -60.7891 -60.8616 -60.9179 -60.8558 -60.9105 -60.9598
-61.5887 -61.8343 -62.2811 -62.4112 -60.1607 -60.1282 -60.0313 -59.8656 -59.6499 -59.1844 -58.6887 -56.7484 -56.8246 -58.4168 -60.3349 -59.2241 -59.4975 -59.7674 -60.0343 -60.3030 -60.6577 -60.9367 -61.2076 -62.3687 -62.5483 -62.5146 -62.4430 -62.4132 -62.4478 -60.7010 -60.9366 -61.0463 -60.5804 -60.6697 -60.7544 -60.8590 -60.7967 -60.8553 -60.9109 -61.0705
-62.1617 -62.5230 -62.8481 -60.5125 -60.4276 -60.3236 -60.1066 -59.8048 -59.3451 -58.6897 -56.6908 -56.7960 -58.4152 -60.2942 -60.1465 -59.4510 -59.7182 -59.9800 -60.2374 -60.4917 -60.7513 -61.0129 -61.3524 -62.1970 -62.2051 -62.1607 -62.1337 -60.3226 -60.4984 -60.7376 -60.8925 -60.5330 -60.6312 -60.7230 -60.7995 -60.8193 -60.7583 -60.8578 -60.9140 -61.0864
0.0000 -62.9405 -60.8209 -60.8522 -60.7842 -60.5591 -60.1585 -59.6291 -58.6708 -56.6201 -56.7515 -58.4635 -60.2701 -60.3235 -59.4251 -59.6903 -59.9511 -60.2029 -60.4500 -60.6932 -60.9310 -61.0845 -61.0690 -61.7777 -61.8817 -61.8476 -60.1409 -60.3055 -60.4857 -60.7358 -60.4420 -60.5476 -60.6431 -60.7379 -60.8011 -60.7353 -60.8035 -60.8285 -61.0028 -61.9598
0.0000 0.0000 -61.1904 -61.2145 -61.1044 -60.7214 -60.0452 -58.7007 -56.5673 -58.3225 -58.4912 -58.7876 -60.4020 -60.4283 -59.6916 -59.9458 -60.1917 -60.4350 -60.6705 -60.9018 -60.9106 -60.8524 -60.8255 -61.4851 -59.7641 -59.9168 -60.0770 -60.3075 -60.4901 -60.3487 -60.4564 -60.5604 -60.6647 -60.7442 -60.8045 -60.7423 -60.8071 -60.8706 -61.8743 -63.7474
0.0000 0.0000 0.0000 -61.6126 -61.4896 -60.8651 -58.7478 -56.4887 -58.3024 -58.5326 -58.7750 -60.4933 -60.6025 -60.6251 -59.9718 -60.2100 -60.4448 -60.6713 -60.8567 -60.7525 -60.6662 -60.6062 -58.9819 -59.5812 -59.7707 -59.9248 -60.0890 -60.0105 -60.2056 -60.3699 -60.4785 -60.5826 -60.6825 -60.7502 -60.6778 -60.7482 -60.8173 -63.5209 -63.9052 -64.2651
0.0000 0.0000 0.0000 0.0000 -62.0181 -60.9921 -56.4032 -58.2912 -58.5978 -58.8667 -60.6934 -60.7631 -60.8358 -60.0213 -60.2634 -60.4880 -60.7053 -60.7386 -60.5869 -60.4722 -60.4059 -58.8744 -59.0372 -59.6036 -59.7850 -59.9458 -59.9090 -60.0317 -60.2352 -60.3458 -60.4513 -60.6099 -60.7027 -60.7538 -60.6847 -62.2117 -63.3791 -64.0940 -64.4166 -66.7120
0.0000 0.0000 0.0000 0.0000 0.0000 -56.3126 -58.3068 -58.6898 -59.0048 -60.8879 -61.0546 -61.0681 -61.1156 -60.3406 -60.5638 -60.7703 -60.6337 -60.4177 -60.2597 -58.6094 -58.7737 -58.9348 -59.0952 -59.6371 -59.8084 -59.8144 -59.9319 -60.1557 -60.2737 -60.3813 -60.4900 -60.6096 -60.6669 -62.3430 -62.4342 -63.6143 0.0000 0.0000 0.0000 0.0000
0.0000 0.0000 0.0000 0.0000 -56.2502 -58.4300 -58.8483 -59.2012 -61.1665 -61.3575 -61.3400 -61.4047 -60.4525 -60.6673 -60.8495 -60.5360 -60.2309 -60.0367 -58.5129 -58.6772 -58.8366 -58.9974 -59.1555 -59.6873 -59.7139 -59.8423 -59.9577 -60.2108 -60.3178 -60.4263 -60.5519 -62.6316 -62.8671 -62.7186 -63.8590 -65.1714 0.0000 0.0000 0.0000 0.0000
0.0000 0.0000 0.0000 -56.1456 -58.6112 -59.1865 -59.5489 -61.5669 -61.7754 -61.8546 -61.7440 -61.7606 -60.8098 -60.8290 -60.4439 -60.0042 -58.2515 -58.4193 -58.5864 -58.7468 -58.9038 -59.0601 -59.1842 -59.6537 -59.7533 -59.8731 -59.9982 -60.2596 -60.3703 -63.7880 -63.7794 -63.7622 -63.6379 -64.3815 -64.9174 -64.9227 0.0000 0.0000 0.0000 0.0000
-56.1292 0.0000 -56.0351 -59.1117 -59.7317 -60.0430 -62.2616 -62.3454 -62.4111 -62.3593 -62.1537 -62.1327 -60.8479 -60.3499 -59.6812 -58.1649 -58.3311 -58.4973 -58.6606 -58.8180 -58.9730 -59.0950 -59.2477 -59.7006 -59.8026 -59.9033 -60.1841 -60.3414 0.0000 0.0000 0.0000 0.0000 -66.9531 -64.5381 -64.3838 -64.2765 0.0000 0.0000 0.0000 0.0000
-56.0863 -55.8375 -60.6306 -60.8410 -60.8545 -63.2464 -63.2332 -63.1990 -63.0483 -62.8494 -62.5574 -60.9503 -60.2509 -57.9132 -58.0848 -58.2486 -58.4132 -58.5758 -58.7371 -58.8917 -59.0136 -59.1641 -59.3153 -59.7528 -59.8526 -59.9443 0.0000 0.0000 0.0000 0.0000 0.0000 -65.9101 -63.9197 -61.8485 -62.0163 -62.1096 -62.2651 -62.4235 -62.7708 -62.9265
-55.5787 0.0000 0.0000 0.0000 0.0000 0.0000 0.0000 0.0000 0.0000 -64.0625 -62.4585 -57.6505 -57.8261 -58.0022 -58.1727 -58.3365 -58.4974 -58.6570 -58.8169 -58.9392 -59.0882 -59.2370 -59.3866 -59.8084 -59.9076 -60.6420 0.0000 0.0000 0.0000 0.0000 -65.7209 -61.2623 -61.7282 -61.9142 -62.1031 -62.2692 -62.4132 -62.4395 -62.5895 -62.7315
-56.0778 0.0000 0.0000 0.0000 0.0000 0.0000 0.0000 0.0000 0.0000 -64.1902 -58.0023 -57.7432 -57.9184 -58.0937 -58.2626 -58.4247 -58.5843 -58.7141 -58.8699 -59.0182 -59.1654 -59.3124 -59.4607 -59.8682 -60.4634 -60.7071 -60.8470 -61.1256 -61.2746 -61.4241 -61.1465 -61.5816 -61.7896 -61.9933 -62.1791 -62.3150 -62.4521 -62.5913 -62.7262 -62.7363
-56.1970 0.0000 0.0000 0.0000 0.0000 0.0000 -61.1451 -57.9686 -58.2436 -57.9604 -57.6848 -57.8386 -58.0129 -58.1875 -58.3549 -58.5150 -58.6464 -58.8016 -58.9534 -59.0994 -59.2446 -59.3901 -59.5372 -60.3553 -60.5840 -60.7724 -60.9030 -61.0229 -61.2538 -61.0100 -61.4111 -61.6076 -61.8068 -62.0048 -62.1757 -62.3285 -62.4735 -62.6174 -62.7489 -62.8672
-56.3999 -56.6689 -56.8936 -57.2022 -57.4077 -57.6095 -57.7944 -57.9724 -57.8871 -58.0269 -57.7762 -57.9463 -58.1103 -58.2840 -58.4497 -58.5825 -58.7362 -58.8896 -59.0407 -59.1826 -59.3258 -59.4701 -59.6652 -60.4191 -60.6638 -60.8236 -60.9577 -61.0650 -60.8487 -61.2198 -61.4827 -61.6740 -61.8631 -62.0440 -62.1984 -62.3483 -62.4930 -62.6265 -62.7554 -62.8774
-56.4795 -56.7391 -56.9512 -57.1602 -57.4386 -57.6391 -57.8253 -57.9640 -57.9544 -57.6919 -57.8717 -58.0504 -58.2082 -58.3808 -58.5223 -58.6765 -58.8283 -58.9801 -59.1284 -59.2702 -59.4097 -59.5975 -59.7543 -60.4378 -60.6782 -60.8480 -60.9893 -60.7909 -61.1273 -61.2987 -61.4790 -61.7299 -61.9178 -62.0715 -62.2222 -62.3690 -62.5088 -62.6402 -62.7575 -62.8660
-56.5688 -56.8227 -57.0250 -57.2243 -57.4207 -57.6793 -57.8528 -57.7650 -58.0269 -57.7946 -57.9729 -58.1498 -58.3049 -58.4519 -58.6104 -58.7626 -58.9146 -59.0680 -59.2167 -59.3580 -59.5399 -59.6889 -59.8442 -60.4833 -60.7034 -60.8774 -60.7677 -61.0699 -61.2092 -61.3787 -61.5513 -61.7302 -61.8795 -62.1034 -62.2504 -62.3914 -62.5266 -62.6521 -62.7672 -62.7808
-56.6673 -56.8930 -57.1010 -57.3010 -57.4914 -57.6665 -57.7944 -57.8398 -58.1058 -57.8939 -58.0809 -58.2389 -58.3852 -58.5488 -58.7031 -58.8517 -59.0011 -59.1524 -59.2985 -59.4783 -59.6283 -59.7821 -59.9360 -60.5378 -60.7416 -60.7512 -60.8527 -61.1640 -61.2913 -61.4559 -61.6287 -61.7796 -61.9294 -62.0724 -62.2778 -62.4193 -62.5481 -62.6696 -62.7121 -62.4407
-56.7701 -56.9860 -57.1904 -57.3849 -57.5670 -57.7160 -57.6887 -57.9538 -57.8077 -57.9982 -58.1725 -58.3485 -58.4899 -58.6513 -58.8020 -58.9456 -59.0916 -59.2420 -59.4198 -59.5649 -59.7131 -59.8656 -60.0229 -60.5941 -60.7387 -60.8382 -61.1086 -61.2544 -61.3807 -61.5355 -61.6899 -61.8354 -61.9798 -62.1234 -62.2583 -62.3858 -62.5780 -62.6301 -62.4082 -62.5395
-56.8873 -57.0859 -57.2863 -57.4750 -57.6483 -57.7903 -57.7810 -58.0539 -57.8491 -58.0209 -58.2809 -58.4614 -58.5995 -58.7583 -58.9055 -59.0456 -59.2171 -59.3686 -59.5122 -59.6546 -59.8005 -59.9520 -60.1074 -60.6252 -60.8077 -61.0024 -61.1591 -61.3084 -61.4518 -61.6030 -61.7503 -61.8949 -62.0381 -62.1759 -62.3110 -62.4378 -62.4947 -62.3531 -62.5086 -62.5746
-57.0065 -57.1940 -57.3874 -57.5701 -57.7265 -57.7240 -57.8813 -58.1634 -57.9567 -58.1380 -58.3163 -58.5758 -58.7141 -58.8705 -59.0153 -59.1808 -59.3234 -59.4705 -59.6091 -59.7478 -59.8915 -60.0417 -60.1702 -60.6910 -60.8891 -61.0493 -61.2043 -61.3590 -61.5115 -61.6654 -61.8153 -61.9592 -62.1007 -62.2371 -62.3688 -62.4344 -62.2600 -62.4299 -62.4932 -62.5348
-57.1311 -57.3072 -57.4973 -57.6629 -57.8260 -57.8315 -57.9785 -57.8988 -58.0814 -58.2606 -58.4368 -58.6098 -58.7418 -58.9886 -59.1569 -59.2945 -59.4343 -59.5788 -59.7109 -59.8461 -59.9872 -60.1125 -60.2552 -60.7839 -60.9475 -61.1051 -61.2566 -61.4134 -61.5692 -61.7256 -61.8796 -62.0291 -62.1698 -62.2495 -62.1113 -62.2190 -62.3919 -62.4847 -62.4771 -62.5200
-57.2642 -57.4278 -57.6137 -57.7760 -57.7879 -57.9374 -58.0995 -58.0315 -58.2124 -58.3895 -58.5628 -58.7333 -58.8568 -59.0437 -59.2798 -59.4138 -59.5505 -59.6920 -59.8194 -59.9499 -60.0682 -60.2110 -60.3618 -60.8576 -61.0123 -61.1654 -61.3188 -61.4732 -61.6341 -61.7926 -61.9429 -62.0917 -62.1844 -62.0660 -62.1823 -62.3576 -62.4720 -62.4761 -62.5418 -62.5591
-57.4103 -57.5583 -57.7294 -57.8984 -57.9058 -58.0613 -58.3592 -58.1725 -58.3516 -58.5262 -58.6970 -58.8642 -59.0049 -59.1664 -59.3121 -59.5388 -59.6725 -59.8111 -59.9339 -60.0613 -60.1755 -60.3349 -60.4527 -60.9379 -61.0845 -61.2335 -61.3869 -61.5450 -61.7052 -61.8655 -62.0127 -62.1101 -62.0083 -62.1515 -62.3348 -62.4549 -62.4996 -62.5476 -62.5680 -62.6094
-57.6127 -57.6819 -57.8599 -57.8751 -58.0335 -58.1889 -58.1350 -58.3171 -58.4943 -58.6665 -58.8344 -59.0235 -59.1335 -59.2917 -59.4335 -59.5688 -59.7078 -59.9328 -60.0523 -60.1580 -60.2903 -60.4452 -60.5480 -61.0241 -61.1636 -61.3096 -61.4632 -61.6226 -61.8067 -61.9658 -62.0588 -61.9706 -62.1531 -62.2844 -62.4083 -62.4736 -62.5561 -62.5822 -62.6245 -62.6579
-57.7721 -57.8680 -57.9894 -58.0108 -58.1679 -58.3220 -58.2877 -58.4686 -58.6438 -58.8128 -59.0020 -59.1652 -59.2670 -59.4223 -59.5601 -59.6911 -59.8271 -59.9676 -60.1578 -60.2797 -60.4250 -60.5551 -60.6494 -61.1372 -61.2708 -61.4149 -61.5687 -61.7292 -61.8948 -62.0082 -61.9185 -62.1015 -62.2362 -62.3633 -62.4344 -62.5489 -62.5844 -62.6336 -62.6747 -62.7089
-57.9287 -58.0102 -58.0427 -58.1521 -58.3073 -58.1079 -58.4459 -58.6264 -58.7988 -58.9893 -59.1537 -59.3110 -59.4060 -59.5581 -59.6919 -59.8188 -59.9517 -60.0727 -60.2104 -60.3532 -60.5682 -60.6862 -60.7746 -61.2397 -61.3692 -61.5123 -61.6664 -61.7841 -61.9453 -61.9136 -62.0634 -62.1915 -62.3213 -62.3973 -62.5151 -62.5892 -62.6429 -62.6873 -62.7235 -62.7530
-58.1155 -58.1592 -58.1878 -58.3507 -58.4521 -58.4225 -58.6114 -58.7901 -58.9838 -59.1500 -59.3114 -59.4622 -59.5504 -59.7176 -59.8475 -59.9701 -60.0845 -60.2178 -60.3472 -60.4737 -60.6108 -60.8044 -60.8895 -61.3516 -61.4790 -61.6222 -61.7346 -61.8912 -61.9140 -62.0634 -62.1667 -62.2872 -62.3641 -62.4843 -62.5741 -62.6555 -62.7044 -62.7437 -62.7747 -62.7996
-58.3196 -58.3145 -58.3387 -58.4977 -58.6560 -58.5940 -58.7844 -59.0019 -59.1721 -59.3356 -59.4921 -59.6388 -59.7187 -59.8646 -59.9913 -60.0959 -60.2208 -60.3639 -60.4778 -60.6030 -60.7391 -60.8368 -60.9287 -61.4748 -61.6014 -61.7048 -61.8555 -61.9257 -62.0723 -62.1768 -62.2733 -62.3402 -62.4616 -62.5509 -62.6618 -64.2610 -64.2587 -64.2458 -64.2246 -64.2739
-58.5357 -58.3374 -58.5143 -58.6693 -58.4664 -58.8112 -59.0035 -59.1819 -59.3492 -59.5075 -59.6612 -59.7999 -59.8764 -60.0192 -60.1287 -60.2424 -60.3753 -60.5056 -60.6173 -60.7411 -60.8752 -60.9584 -61.0470 -61.5146 -61.6981 -61.8390 -63.6615 -63.8274 -63.9283 -64.0238 -64.0456 -64.1394 -64.2075 -64.3029 -64.3833 -64.3902 -64.3823 -64.3612 -64.4053 -64.3712
-58.7426 -58.5227 -58.6752 -58.8266 -58.6416 -59.0531 -59.1948 -59.3695 -59.5320 -59.6865 -59.8338 -59.9683 -60.0381 -60.1665 -60.2872 -60.4067 -62.3851 -62.5303 -62.6223 -62.7300 -62.8532 -62.8857 -62.9468 -63.5373 -63.6707 -63.8316 -64.1350 -64.2125 -64.2835 -64.2867 -64.3480 -64.3834 -64.4641 -64.5403 -64.5944 -64.4868 -64.5526 -64.5075 -64.5399 -64.4812
-58.7854 -58.6923 -58.8403 -59.0078 -58.8033 -59.2535 -59.4501 -61.2296 -61.1399 -61.0639 -62.7267 -63.2875 -63.4739 -63.7283 -63.9093 -64.0588 -64.0806 -64.1188 -63.8162 -63.6814 -63.6446 -63.4910 -63.4690 -64.1117 -64.2643 -64.3828 -64.4504 -64.6434 -64.6076 -64.6438 -64.6398 -64.6834 -64.7395 -64.7935 -64.6185 -64.7880 -64.7313 -64.7519 -64.6757 -64.6077
-60.7523 -60.8691 -61.0168 -60.5838 -61.1360 -61.2140 -61.1049 -60.9967 -60.8743 -64.1065 -64.1890 -64.2383 -64.1996 -64.3215 -64.4427 -64.5113 -64.3997 -64.7133 -64.6693 -64.4542 -64.2685 -64.0921 -64.0165 -64.7574 -64.7975 -64.8747 -64.8842 -64.8282 -64.9996 -64.9648 -64.9704 -65.0735 -65.0457 -64.7756 -65.0514 -65.0042 -65.0115 -64.9164 -64.8157 -64.7376
