-64.8698 -64.9586 -64.9163 -64.8344 -64.7914 -64.5480 -64.5371 -64.5679 -64.6325 -65.3502 -65.3767 -65.2429 -65.0126 -64.9754 -64.7406 -64.5339 -64.3321 -64.1548 -64.0106 -63.8860 -63.7984 -63.7372 -63.7011 -63.6935 -63.6981 -63.7167 -63.7497 -64.7640 -65.0871 -65.3511 -65.5694 -65.7656 -65.9332 -66.1454 -66.2638 -65.7956 -65.7757 -66.0825 -65.8740 -65.6687
-65.2113 -65.1460 -65.0532 -64.9850 -64.6925 -64.6607 -64.6761 -64.7252 -65.4617 -65.4826 -65.3585 -65.1159 -65.0902 -64.8379 -64.6155 -64.4066 -64.2213 -64.0484 -63.9049 -63.8032 -63.7267 -63.6777 -63.6539 -63.6488 -63.6510 -63.6685 -64.7108 -65.1087 -65.3774 -65.6016 -65.7908 -65.9648 -66.2145 -66.8116 -66.8908 -66.2196 -66.1479 -66.0460 -65.8212 -65.6092
-65.4137 -65.3122 -65.2172 -64.8618 -64.8059 -64.8038 -64.8363 -64.8904 -65.6054 -65.5027 -65.2253 -65.2250 -64.9564 -64.7077 -64.4928 -64.2950 -64.1156 -63.9617 -63.8348 -63.7424 -63.6815 -63.6400 -63.6151 -63.6130 -63.6081 -64.6335 -65.2231 -65.4835 -65.6760 -65.8546 -66.5840 -66.8328 -66.9076 -66.9561 -67.0320 -66.2457 -66.1551 -66.0068 -65.7688 -65.5452
-66.4194 -66.2068 -65.4074 -64.9872 -64.9631 -64.9762 -65.0111 -65.7465 -65.6750 -65.3658 -65.3995 -65.1006 -64.8316 -64.6047 -64.3942 -64.2060 -64.0408 -63.9032 -63.7940 -63.7090 -63.6505 -63.6128 -63.5848 -63.5728 -63.5608 -65.5641 -65.7171 -66.4824 -66.5866 -66.6847 -66.9013 -67.0127 -67.0536 -67.0955 -67.1655 -66.2737 -66.1585 -65.9635 -65.7098 -65.4727
-66.7427 -66.5382 -65.8574 -65.6074 -65.8968 -65.6749 -65.2936 -65.8742 -65.5677 -65.2660 -65.2964 -65.0036 -64.7464 -64.5302 -64.3359 -64.1578 -64.0039 -63.8766 -63.7743 -63.6947 -63.6307 -63.5838 -63.5572 -63.5287 0.0000 0.0000 0.0000 0.0000 0.0000 0.0000 0.0000 0.0000 0.0000 0.0000 -67.3465 -66.2996 -66.1616 -65.9166 -65.6446 -65.3922
-67.4316 -66.1592 -65.6377 -66.3199 -66.2819 -65.7598 -66.1527 -65.7882 -65.5170 -65.5566 -65.2333 -64.9540 -64.7225 -64.5144 -64.3247 -64.1605 -64.0121 -63.8831 -63.7733 -63.6819 -63.6114 -63.5500 -63.5079 -63.6299 0.0000 0.0000 0.0000 0.0000 0.0000 0.0000 0.0000 0.0000 0.0000 0.0000 0.0000 -67.4921 -66.9954 -66.4082 -65.9933 -65.5816
-67.1147 -65.6919 -67.1971 -66.8350 -66.4850 -65.7688 -66.1082 -65.7705 -66.0480 -65.5413 -65.2201 -64.9145 -64.6698 -64.4620 -64.3640 -64.1942 -64.0395 -63.9046 -63.7830 -63.6768 -63.5828 -63.5029 -63.4430 -63.5474 0.0000 0.0000 0.0000 0.0000 0.0000 0.0000 0.0000 0.0000 0.0000 0.0000 0.0000 -67.4904 -67.1417 -66.6342 -66.0925 -65.6556
-66.2594 0.0000 -67.6835 -67.1002 -66.7513 -65.8257 -66.1378 -66.5711 -66.0394 -65.5680 -65.1701 -64.8609 -63.6132 -64.5850 -64.4360 -64.2507 -64.0783 -63.9213 -63.7838 -63.6570 -63.5442 -63.4417 -63.5056 -62.6445 0.0000 0.0000 0.0000 0.0000 0.0000 0.0000 0.0000 0.0000 0.0000 0.0000 0.0000 -67.5002 -67.0749 -66.5637 -66.0938 -65.6130
0.0000 0.0000 0.0000 -67.6195 -66.3679 -66.7035 -67.1855 -66.6801 -66.0973 -65.5703 -65.1389 -63.7186 -64.7741 -64.7446 -64.5222 -64.3097 -64.1105 -63.9275 -63.7591 -63.6144 -63.4786 -63.4625 -62.1050 -62.3798 0.0000 0.0000 0.0000 0.0000 0.0000 0.0000 0.0000 0.0000 0.0000 0.0000 0.0000 -67.5286 -67.0239 -66.4695 -66.3585 -65.5513
0.0000 0.0000 0.0000 0.0000 -66.7997 -67.9955 -67.4693 -66.8652 -66.1747 -65.5307 -63.8677 -65.0304 -65.1311 -64.8644 -64.6053 -64.3565 -64.1229 -63.9034 -63.7118 -63.5343 -63.3767 -62.0385 -61.8757 -62.1399 0.0000 0.0000 0.0000 0.0000 0.0000 0.0000 0.0000 0.0000 0.0000 0.0000 0.0000 -67.5873 -67.0009 -66.8175 -65.8717 -65.4628
-62.3885 -62.5224 0.0000 -66.0676 0.0000 0.0000 -67.8106 -67.0841 -65.9603 -63.9331 -65.3849 -65.6026 -65.2867 -64.9755 -64.6708 -64.3779 -64.0964 -63.8499 -63.6193 -63.4123 -61.9827 -61.7893 -61.6427 -61.8663 0.0000 0.0000 0.0000 0.0000 0.0000 0.0000 0.0000 0.0000 0.0000 0.0000 0.0000 -67.6948 -67.4932 -66.8136 -65.4297 -64.9688
-64.3796 -64.2226 -63.8426 0.0000 0.0000 0.0000 0.0000 -67.5087 -63.9802 -66.7033 -66.5327 -65.7917 -65.4293 -65.0656 -64.6318 -64.3517 -64.0359 -63.7393 -63.4729 -61.9482 -61.7029 -61.5255 -61.3704 -59.7572 0.0000 0.0000 0.0000 0.0000 0.0000 0.0000 0.0000 0.0000 0.0000 0.0000 0.0000 -68.4181 -67.6230 -65.6344 -64.7483 -64.2992
-64.6155 -64.2531 -64.4054 -66.0571 0.0000 0.0000 0.0000 -64.3136 0.0000 -67.2922 -66.9265 -65.9667 -65.5520 -64.7434 -64.6993 -64.2882 -63.9067 -63.5628 -63.2597 -61.6263 -61.4057 -59.3808 -59.5548 -59.5710 0.0000 0.0000 0.0000 0.0000 0.0000 0.0000 0.0000 0.0000 0.0000 0.0000 0.0000 -68.6989 -65.6103 -64.3929 -62.0813 -62.7021
-64.3199 -64.0252 -64.5905 0.0000 0.0000 0.0000 -64.4534 0.0000 0.0000 -68.5415 -67.9591 -66.1337 -64.8624 -65.1469 -64.6345 -64.1435 -63.6954 -63.3014 -61.5518 -61.2741 -59.2142 -59.2031 -59.3676 -62.1579 0.0000 0.0000 0.0000 0.0000 0.0000 0.0000 0.0000 0.0000 0.0000 0.0000 0.0000 -65.5500 -61.9780 -62.5313 -62.6535 -62.7919
-64.9582 -64.0715 -64.7896 -64.2848 0.0000 -65.1858 0.0000 0.0000 0.0000 0.0000 0.0000 -65.0414 -65.5757 -65.1212 -64.4893 -63.8964 -63.3727 -61.4776 -61.1133 -59.0434 -59.0304 -59.0429 -62.2314 -62.7246 -62.7753 -62.6411 -62.4149 -62.2190 -62.0714 -61.9628 -61.8761 -61.8073 -61.7588 -61.8973 -62.1081 -62.4859 -62.5902 -62.6183 -62.7640 -62.9202
-65.3104 -65.1602 -64.1073 -63.6719 -63.5038 -63.8719 0.0000 -64.5854 0.0000 0.0000 -66.2153 -67.0712 -66.0112 -65.0192 -64.2208 -63.4982 -61.3119 -60.9009 -58.8721 -58.8530 -61.5515 -62.1064 -62.9203 -62.3760 -62.3348 -62.0896 -61.8839 -61.7703 -61.6182 -61.5209 -61.4457 -61.5242 -61.8384 -62.7031 -62.4488 -62.5775 -62.7069 -62.7573 -62.9132 -63.0734
-65.4856 -64.1968 -63.6121 -63.5444 -63.8449 -63.8916 -63.6484 -63.2768 -62.7965 -64.8131 0.0000 -67.2984 -66.2151 -64.8869 -63.7260 -61.1938 -58.7520 -58.6980 -58.6743 -61.8731 -62.4620 -62.9017 -62.2020 -61.9340 -61.8617 -61.6252 -61.4251 -61.2603 -61.1195 -58.9747 -61.4862 -62.4690 -62.6310 -62.7436 -62.5850 -62.7287 -62.7728 -62.9297 -63.0886 -63.2492
-64.3396 -63.5464 -63.4849 -63.5656 -63.6923 -63.6980 -63.3542 -62.7830 -62.1616 0.0000 0.0000 -67.6877 -66.2885 -64.4515 -61.1252 -58.5836 -58.5202 -61.6493 -62.5682 -63.1050 -63.4719 -62.0464 -61.7129 -61.4430 -61.2189 -61.1251 -60.9411 -58.6791 -61.1391 -62.1681 -62.3903 -62.5787 -62.7581 -62.8980 -62.7729 -62.9209 -62.9705 -63.1256 -63.2832 -63.4346
-63.4222 -63.3440 -63.4067 -63.4304 -64.3568 -63.6984 -63.0129 -62.4544 -62.0397 0.0000 0.0000 -68.2666 -66.3548 -61.0424 -58.4025 -58.3645 -64.1601 -64.1711 -64.2784 -64.3941 -61.6242 -61.4915 -61.1626 -60.9019 -60.6916 -58.4575 -60.9066 -62.0631 -62.1959 -62.3471 -62.5220 -62.7157 -62.9713 -63.1109 -62.9971 -63.1424 -63.1895 -63.3335 -63.4860 -63.5640
-63.1894 -63.2865 -63.3116 -64.8970 -64.5828 -63.7187 -62.7833 -62.0974 -61.4713 -58.7828 0.0000 0.0000 -60.9207 -58.2241 -58.1940 0.0000 -66.5623 -66.3651 -65.7730 -61.4904 -61.0215 -60.8550 -60.5465 -58.1697 -60.5892 -62.0453 -62.1556 -62.3075 -62.4698 -62.6292 -62.7890 -62.9775 -63.1629 -63.0387 -63.2470 -63.2807 -63.4152 -63.5515 -63.6408 -63.7656
-63.3119 -63.2402 -67.4410 -65.5559 -64.6441 -63.4626 -62.4281 -61.5330 -58.5776 -58.4864 -58.4099 -58.3419 -58.0359 -57.9996 0.0000 0.0000 -68.5043 -66.7845 -61.4003 -60.8012 -60.3026 -60.1309 -60.3263 -62.0016 -62.1237 -62.3634 -62.5213 -62.6779 -62.8366 -62.9767 -63.1085 -63.2775 -63.4492 -63.3243 -63.4255 -63.5094 -63.6736 -63.7439 -63.8580 -63.9761
-63.2917 0.0000 0.0000 -67.1641 -65.4222 -63.5590 -61.9293 -58.3740 -58.2706 -58.1838 -58.0519 -57.9149 -57.7724 -57.9809 0.0000 0.0000 -68.9538 -61.3092 -60.4654 -59.8918 -59.9393 -62.3029 -62.3415 -62.4632 -62.6139 -62.8626 -62.9959 -63.1277 -63.2545 -63.3638 -63.4688 -63.6057 -63.7598 -63.5730 -63.7375 -63.7433 -63.8037 -63.9782 -64.0836 -64.1923
0.0000 0.0000 0.0000 -67.3563 -65.3439 -62.5893 -58.1523 -58.0540 -57.9554 -57.8397 -57.7179 -57.5166 -57.4906 -57.6811 0.0000 0.0000 -61.5776 -59.9963 -59.7289 -63.1107 -62.8103 -63.0706 -63.0342 -63.1185 -63.2613 -63.4511 -63.5354 -63.6223 -63.7029 -63.7751 -63.8487 -63.8722 -63.7569 -63.9381 -63.9188 -64.0245 -64.0565 -64.1446 -64.2356 -64.4137
0.0000 0.0000 -69.9242 -68.2857 -65.2505 -57.9517 -57.8361 -57.7248 -57.6198 -57.5161 -57.4050 -57.2552 -57.3531 0.0000 0.0000 -61.4178 -57.1689 -66.5894 -65.0451 -64.2625 -64.3167 -63.9528 -64.0122 -64.0155 -63.9709 -64.0847 -64.1051 -64.1395 -64.1665 -64.1985 -63.7403 -64.3216 -64.1893 -64.2620 -64.2153 -64.2426 -64.3113 -64.3697 -64.3705 -64.5315
-71.4581 0.0000 0.0000 -69.4882 -57.7810 -57.6059 -57.4907 -57.3795 -57.2844 -57.1769 -57.0036 -56.9705 -57.0611 -57.0712 -57.0710 -57.0452 0.0000 0.0000 -66.4813 -65.5899 -65.2738 -65.2238 -64.9526 -64.8447 -64.7896 -64.7259 -64.6811 -64.6535 -63.5132 -63.5495 -64.6390 -64.6952 -64.5393 -64.5662 -64.2994 -64.2538 -64.2355 -64.2342 -64.6613 -64.7226
0.0000 -62.1689 0.0000 -57.5772 -57.4093 -57.2706 -57.1283 -57.0310 -56.9299 -56.8463 -56.7142 -56.6759 -56.7621 -56.7637 -59.7415 -60.4270 0.0000 0.0000 0.0000 -66.0944 -66.7441 -66.2545 -65.9336 -65.6412 -65.5037 -65.4552 -65.1988 -63.3708 -65.0960 -65.0545 -65.0355 -65.0709 -64.8258 -64.1515 -64.1216 -64.1016 -64.0967 -64.8151 -64.8580 -65.2570
-66.7825 -61.2926 -57.3509 -57.1789 -57.0219 -56.8885 -56.7788 -56.6617 -56.5808 -56.5217 -56.4017 -56.4516 -59.8611 -60.5310 -61.0248 -61.3895 -61.6735 0.0000 -68.5469 -69.7143 -67.6724 -67.1388 -66.7511 -66.4653 -66.1057 -63.2906 -63.2974 -65.7509 -65.5445 -65.4705 -65.4247 -65.1085 -64.0131 -63.9823 -63.9920 -64.9866 -64.9978 -65.0203 -65.0583 -65.4649
-61.8613 -57.1503 -56.9188 -56.7484 -56.6138 -56.4929 -56.3950 -56.3104 -56.2229 -56.1113 -61.4329 -61.8278 -62.0178 -62.1923 -62.3421 -62.4853 -62.6005 -62.6017 0.0000 0.0000 0.0000 -67.8663 -67.4549 -66.2172 -63.1483 -66.5503 -66.3965 -66.2273 -66.0901 -65.8692 -64.1974 -63.8673 -63.8354 -63.8544 -65.2270 -65.2141 -65.2155 -65.2304 -65.5515 -65.6822
-56.9138 -56.6769 -56.4798 -56.3102 -56.1809 -56.0823 -55.9908 -55.9272 -55.8808 0.0000 -64.9624 -64.7913 -64.1283 -63.3686 -63.3044 -63.2290 -63.0995 -63.1351 0.0000 0.0000 0.0000 0.0000 -62.9449 -63.0025 -67.4478 -67.2176 -66.8632 -66.6626 -66.4958 -64.0673 -63.8423 -63.6820 -65.5513 -65.4997 -65.4643 -65.4423 -65.4364 -65.6963 -65.7990 -66.1218
-56.3988 -56.1790 -56.0021 -55.8601 -55.7384 -55.6492 -55.5840 -55.5427 0.0000 0.0000 0.0000 -65.8724 -63.1760 -63.1053 -63.0192 -62.9277 -62.8745 -62.8913 -62.8797 -63.0659 0.0000 -63.0207 0.0000 0.0000 -67.9546 -67.6717 -67.3977 -66.5154 -63.9269 -63.8601 -63.6834 -66.0000 -65.8086 -65.7471 -65.7040 -65.6755 -65.8896 -65.8304 -65.9215 -63.9454
-55.8471 -55.6555 -55.5008 -55.3785 -55.2791 -55.2052 -55.1649 -55.1518 -52.9611 0.0000 0.0000 -63.1322 -62.9093 -62.8022 -62.7393 -62.6902 -62.6652 -62.6585 -62.6673 -62.6898 -62.7866 -65.4456 0.0000 0.0000 0.0000 -68.0721 -64.0113 -63.8390 -63.7127 -66.7386 -66.3868 -66.2707 -66.1803 -65.8740 -65.6871 -65.4547 -66.0747 -63.5146 -65.7334 -65.8481
-55.2710 -55.1004 -54.9735 -54.8774 -54.8031 -54.7541 -52.5985 -63.5095 0.0000 0.0000 -66.0575 -62.8374 -62.6182 -62.5311 -62.4675 -62.4360 -62.4300 -62.4444 -62.4762 -62.4695 -65.8543 -66.0519 0.0000 0.0000 0.0000 -63.8549 -63.6986 -63.6129 -67.3320 -67.0271 -66.6561 -66.2206 -65.8997 -65.6750 -65.3061 -63.2861 -65.9074 -65.7052 -65.5646 -65.6463
-54.6527 -54.5190 -54.4217 -52.1679 -52.2529 -52.3435 0.0000 0.0000 -63.1702 -67.3405 -62.7158 -62.5224 -62.4203 -62.2502 -62.2084 -62.1997 -62.2182 -62.2592 -65.9385 -66.5166 -67.0523 -64.0318 0.0000 0.0000 -63.8323 -63.5778 -68.9000 -68.4960 -67.6344 -67.1191 -66.2419 -65.8098 -65.3072 -66.6425 -66.4484 -66.1121 -65.7410 -65.5322 -65.3595 -65.4277
-51.7563 -51.8178 -51.9020 -51.9892 -52.0786 -56.8715 0.0000 0.0000 -68.6602 -62.5393 -62.3561 -62.2202 -62.1160 -62.0496 -61.9708 -61.9923 -67.5941 -67.6177 -67.7515 -67.9700 -64.0908 -63.6839 -63.7601 -63.7396 -63.4063 0.0000 -69.7396 -68.9764 -67.4088 -66.3292 -65.7249 -67.0863 -66.9983 -66.5326 -66.3216 -65.9723 -65.6740 -65.3679 -65.2165 -65.2960
-51.5408 -51.6316 -51.7202 -62.1398 -61.2525 0.0000 0.0000 -69.2067 -62.3673 -62.1649 -62.0119 -61.9012 -61.8330 -61.8124 -61.8243 0.0000 -70.3192 -69.4834 -67.9518 -63.8961 -63.6932 -63.4602 -63.3778 -63.1076 0.0000 0.0000 0.0000 -69.5050 -66.4253 -65.1876 -67.6402 -67.4942 -67.0455 -66.7113 -66.2290 -65.8548 -65.5854 -65.4051 -65.1850 -65.2962
-51.3514 -51.4439 0.0000 0.0000 -62.5957 0.0000 -69.0898 -62.2664 -61.9686 -61.7983 -61.6756 -61.6053 -61.5885 -61.6210 0.0000 0.0000 0.0000 -67.7718 -63.7220 -63.4753 -63.2915 -63.1566 -63.0890 -63.0177 -62.9997 0.0000 0.0000 -65.9664 0.0000 -69.6062 -68.6768 -67.7608 -67.4683 -66.6087 -66.2443 -65.8941 -65.6598 -65.4945 -65.3906 -65.4532
-53.5824 -53.8307 0.0000 0.0000 0.0000 -62.7888 -61.7483 -61.7664 -61.5736 -61.4436 -61.3749 -61.3655 -61.4133 0.0000 0.0000 0.0000 -68.0121 -63.6810 -63.2745 -63.1019 -62.9869 -62.8669 -62.7178 -62.7166 -62.6723 -62.6759 -62.5613 0.0000 0.0000 0.0000 -69.0985 -68.5409 -66.6606 -67.0308 -66.4632 -66.1320 -65.9046 -65.7484 -65.6544 -65.8081
-57.8334 0.0000 0.0000 0.0000 -69.1550 -61.8612 -61.5466 -61.3339 -61.2003 -61.1419 -61.1526 -57.7779 -68.9704 0.0000 0.0000 -67.9572 -63.6205 -63.1880 -62.9928 -62.7869 -62.6781 -62.5500 -62.4868 -62.4260 -62.3723 -62.2340 -62.1270 -62.4773 0.0000 0.0000 -69.5321 -66.5647 -68.0941 -67.4411 -66.9619 -66.5419 -66.2912 -66.1262 -66.2340 -66.1710
0.0000 -65.8451 0.0000 0.0000 -61.7024 -61.3104 -61.0589 -60.9447 -60.9100 -57.5434 -57.5260 0.0000 0.0000 -69.4110 -67.7800 -63.4557 -63.1786 -62.9378 -62.6679 -62.5130 -62.3373 -62.2555 -62.1961 -62.1426 -62.0914 -62.0001 -62.3410 -65.9196 0.0000 0.0000 -67.2176 0.0000 -68.6037 -67.9797 -67.5001 -67.1216 -66.7645 -66.5721 -66.6716 -66.5815
0.0000 -63.0214 -62.1752 -61.4991 -61.0521 -60.7919 -60.6775 -57.3064 -57.2595 -57.2663 0.0000 0.0000 0.0000 -67.5156 -63.2933 -62.9986 -62.7803 -62.5848 -62.3196 -62.1780 -62.0869 -61.9709 -61.9204 -61.8786 -65.2530 -65.7756 -66.1658 -66.4891 -66.7442 -67.0750 0.0000 0.0000 0.0000 -68.5503 -67.2896 -66.7397 -66.4966 -67.0409 -67.1283 -66.9721
