-68.2030 -68.1747 -67.6030 -67.6649 -67.7329 -67.7930 -67.8049 -67.6002 -67.5365 -67.4835 -67.4426 -67.3825 -69.1643 -69.9307 -71.2101 -72.1125 -71.9299 -71.3272 -70.6076 -69.8739 -67.7638 -67.6973 -68.4049 -68.3248 -68.0683 -68.0036 -67.9352 -67.8738 -67.8203 -67.7774 -67.7496 -67.7331 -67.6487 -67.5744 -67.5065 -67.4487 -67.4078 -67.3991 -67.3981 -67.4255
-68.2042 -68.1855 -67.6283 -67.7117 -67.7771 -67.8299 -67.8559 -67.6596 -67.5955 -67.5409 -66.9666 -67.4352 -69.4373 -70.1867 -70.8979 -71.0636 -71.5052 -71.2055 -70.6782 -70.0446 -67.8687 -67.7973 -67.7434 -68.4002 -68.3056 -68.0447 -67.9790 -67.9213 -67.8714 -67.8306 -67.8027 -67.7931 -67.7521 -67.6872 -67.6206 -67.5629 -67.5169 -67.4868 -67.3530 -67.3704
-68.3451 -68.3259 -67.7637 -67.8636 -67.9339 -67.9851 -68.0236 -67.8286 -67.7613 -67.7026 0.0000 0.0000 0.0000 0.0000 0.0000 -72.8758 -71.7717 -71.9198 -71.3625 -70.6474 -70.0252 -68.0489 -67.9457 -68.5601 -68.4499 -68.1854 -68.1177 -68.0600 -68.0109 -67.9706 -67.8794 -67.8590 -67.8329 -67.7795 -67.7340 -67.5240 -67.4831 -67.4541 -67.4415 -67.4506
-68.3491 -68.3323 -68.3130 -67.8808 -67.9742 -68.0246 -68.0763 -67.8900 -67.8235 -67.7643 0.0000 0.0000 0.0000 0.0000 0.0000 -73.8654 -72.0680 -71.3132 -71.4611 -70.8771 -70.2580 -68.1788 -68.0357 -68.6288 -68.5131 -68.2515 -68.1846 -68.1297 -68.0837 -68.0464 -68.0188 -67.8036 -67.8134 -67.7749 -67.7414 -67.7083 -67.6681 -67.6327 -67.6114 -67.6090
-68.3507 -68.3366 -68.3201 -67.8915 -67.9986 -68.0626 -68.1155 -67.9492 -67.8841 -67.8252 0.0000 0.0000 0.0000 0.0000 0.0000 -73.4876 -72.7968 -71.1703 -70.9916 -70.6486 -70.4250 -68.2855 -68.1683 -68.1117 -68.6293 -68.3655 -68.2963 -67.9592 -67.9208 -67.8986 -67.8834 -67.8772 -67.8844 -67.8650 -67.8303 -67.8011 -67.7726 -67.7461 -67.7187 -67.7075
-68.3506 -68.3391 -68.3255 -67.9012 -68.0070 -68.0996 -68.1522 -68.0076 -67.9445 -67.8868 0.0000 0.0000 0.0000 0.0000 0.0000 -73.1746 -72.5312 -72.0438 -70.8559 -70.7278 -70.3437 -68.3998 -68.2473 -68.1812 -68.3617 -68.1417 -68.0937 -68.0574 -68.0289 -67.9874 -67.9714 -67.9627 -67.9582 -67.9561 -67.9221 -67.8913 -67.8657 -67.8420 -67.8263 -67.8101
-68.3494 -68.3409 -68.3305 -67.9107 -68.0157 -68.1242 -68.1893 -68.0661 -68.0058 -67.9502 0.0000 0.0000 0.0000 0.0000 0.0000 -72.9680 -72.3356 -71.8556 -71.5382 -70.4153 -69.7010 -69.5310 -67.9891 -67.9099 -68.4261 -68.3545 -68.1571 -68.1193 -68.0906 -68.0683 -68.0515 -68.0412 -68.0403 -68.0525 -68.0206 -67.9901 -67.9651 -67.9352 -67.9170 -67.9084
-68.3485 -68.3434 -68.3364 -67.9221 -68.0267 -68.1350 -68.2290 -68.1268 -68.0701 -68.0175 0.0000 0.0000 0.0000 0.0000 0.0000 -72.8293 -71.4311 -70.3882 -70.2075 -70.1948 -69.7411 -69.5851 -68.0107 -68.0138 -68.0164 -68.4464 -68.2472 -68.2055 -68.1744 -68.1508 -68.1332 -68.1214 -68.1175 -68.1254 -68.1110 -68.0816 -68.0542 -68.0322 -68.0119 -67.9992
-68.3495 -68.3485 -68.3458 -67.9375 -68.0425 -68.1516 -68.2635 -68.1930 -68.1405 -68.0915 -70.6629 -72.9543 -73.0493 -73.3630 -73.4012 -70.6839 -70.4068 -70.2026 -70.1219 -70.0882 -70.1599 -69.6672 -68.0883 -68.0914 -68.0703 -68.5425 -68.3415 -68.2949 -68.2604 -68.2349 -68.2159 -68.2027 -68.1965 -68.2001 -68.2008 -68.1726 -68.1457 -68.1243 -68.1027 -68.0874
-68.3556 -68.3593 -68.3616 -67.9598 -68.0664 -68.1772 -68.2908 -68.2808 -68.2192 -68.1724 -68.1649 -71.1085 -72.5136 -72.7632 -72.9293 -70.5412 -70.2760 -70.0722 -70.0103 -69.9651 -70.0123 -70.0775 -68.1276 -68.1336 -68.1382 -68.6052 -65.8817 -65.8393 -68.3202 -68.2936 -68.2767 -68.2851 -68.2768 -68.2769 -68.2892 -68.2626 -68.2365 -68.4748 -68.4498 -68.4276
-68.4017 -68.3785 -68.3855 -67.9917 -68.1008 -68.2134 -68.3291 -68.3939 -68.3065 -68.2641 -68.2535 -71.0185 -71.2391 -72.3783 -71.6451 -70.5496 -70.2889 -70.0797 -69.9330 -69.8654 -69.8847 -69.9924 -69.9793 -68.2046 -68.2112 -68.6934 -65.9797 -65.9367 -68.4082 -68.3792 -68.3566 -68.3479 -68.6233 -68.6190 -68.6259 -68.6125 -68.5836 -68.5557 -68.5332 -68.5105
-68.4219 -68.4387 -68.4514 -68.0537 -68.1729 -68.2897 -68.3802 -68.4697 -68.4006 -68.3602 -68.3218 -70.5206 -71.1518 -71.3815 -71.4616 -70.5737 -70.3174 -70.1131 -69.9544 -69.8684 -69.8672 -69.9471 -70.0344 -68.4617 -68.2469 -68.2579 -66.2803 -66.2489 -68.8761 -68.8334 -68.8014 -68.7775 -68.7580 -68.7453 -68.7424 -68.7378 -68.7055 -68.6747 -68.6461 -68.6234
-68.4336 -68.4787 -68.5009 -68.1124 -68.2262 -68.3434 -68.4631 -68.5658 -68.5188 -68.4889 -68.4504 -70.1236 -70.9190 -71.4007 -70.9034 -70.6149 -70.3634 -70.1581 -69.9934 -69.8917 -69.8675 -69.9266 0.0000 0.0000 0.0000 0.0000 0.0000 0.0000 0.0000 0.0000 0.0000 0.0000 0.0000 0.0000 0.0000 0.0000 0.0000 0.0000 -68.9972 -68.9394
-68.5108 -68.5362 -68.5593 -68.1718 -68.2858 -68.4028 -68.5217 -68.6368 -68.5974 -68.5935 -68.5537 -70.0267 -70.8027 -71.2071 -70.4423 -70.3142 -70.4552 -70.2513 -70.0491 -69.9327 -69.8865 -69.9211 0.0000 0.0000 0.0000 0.0000 0.0000 0.0000 0.0000 0.0000 0.0000 0.0000 0.0000 0.0000 0.0000 0.0000 0.0000 0.0000 0.0000 0.0000
-68.5745 -68.6016 -68.6261 -68.2379 -68.3510 -68.4671 -68.5850 -68.7044 -68.6754 -68.6875 -68.6601 -70.0069 -70.6725 -71.0728 -70.3931 -70.3560 -70.5328 -70.5525 -70.3392 -70.1714 -70.0755 -70.0598 0.0000 0.0000 0.0000 0.0000 0.0000 0.0000 0.0000 0.0000 0.0000 0.0000 0.0000 0.0000 0.0000 0.0000 0.0000 0.0000 0.0000 0.0000
-68.6472 -68.6746 -68.6993 -68.7215 -68.4207 -68.5353 -68.6516 -68.7693 -68.7548 -69.1607 -69.1087 -70.4369 -70.8275 -71.3939 -70.7488 -70.6315 -70.4918 -70.3599 -70.3292 -70.1599 -70.0527 -70.0182 0.0000 0.0000 0.0000 0.0000 0.0000 0.0000 0.0000 0.0000 0.0000 0.0000 0.0000 0.0000 0.0000 0.0000 0.0000 0.0000 0.0000 0.0000
-68.7270 -68.7605 -69.4094 -69.4201 -69.0564 -69.1413 -69.2018 -69.2658 -69.2047 -69.1648 -69.1276 -70.3947 -70.7034 -71.1909 -70.7057 -70.5583 -70.4584 -70.3374 -70.2265 -70.1321 -70.0469 -69.9971 0.0000 0.0000 0.0000 0.0000 0.0000 0.0000 0.0000 0.0000 0.0000 0.0000 0.0000 0.0000 0.0000 0.0000 0.0000 0.0000 0.0000 0.0000
-69.4649 -69.4979 -69.5079 -69.5153 -69.0850 -69.1355 -69.1908 -69.2506 -69.2042 -69.1661 -69.1312 -70.3830 -70.6107 -71.0273 -70.6542 -70.5446 -70.4020 -70.3237 -70.2223 -70.1361 -70.0634 -70.0018 0.0000 0.0000 0.0000 0.0000 0.0000 0.0000 0.0000 0.0000 0.0000 0.0000 0.0000 0.0000 0.0000 0.0000 0.0000 0.0000 -80.0610 -79.3219
-69.5337 -69.6010 -69.5928 -69.5203 -69.0827 -69.1274 -69.1786 -69.2356 -69.2048 -69.1699 -69.1388 -69.1377 -70.5494 -70.7944 -70.6202 -70.5235 -70.4257 -70.3281 -69.7636 -69.7059 -69.5837 -69.5354 0.0000 0.0000 0.0000 0.0000 0.0000 0.0000 0.0000 0.0000 0.0000 0.0000 0.0000 0.0000 0.0000 0.0000 0.0000 0.0000 -78.7264 -78.0646
-69.6696 -69.6805 -69.5965 -69.5186 -69.0809 -69.1224 -69.1720 -69.2288 -69.2147 -69.1845 -69.1571 -69.1591 -70.5195 -70.7440 -69.9963 -69.9434 -69.7881 -69.7307 -69.6739 -69.6230 -69.5850 -69.9959 0.0000 0.0000 0.0000 0.0000 0.0000 0.0000 0.0000 0.0000 0.0000 0.0000 0.0000 0.0000 0.0000 0.0000 0.0000 0.0000 -77.5078 -76.8969
-69.6562 -69.6896 -69.6028 -69.5232 -69.0887 -69.1271 -69.1741 -69.2301 -69.2311 -69.2050 -69.1842 -68.6633 -69.7235 -69.9381 -69.8664 -69.8236 -69.7763 -70.6529 -70.5328 -70.3213 -70.1413 -69.9874 0.0000 0.0000 0.0000 0.0000 0.0000 0.0000 0.0000 0.0000 0.0000 0.0000 0.0000 0.0000 0.0000 0.0000 0.0000 0.0000 -76.5443 -75.9554
-69.7278 -69.6470 -69.5785 -69.4874 -69.0546 -69.0933 -69.1453 -68.5719 -68.5515 -68.5515 -68.5657 -68.5994 -69.6905 -71.2203 -71.0577 -71.0606 -70.9553 -70.6646 -70.4026 -70.1772 -69.9905 -69.0194 0.0000 0.0000 0.0000 0.0000 0.0000 0.0000 0.0000 0.0000 0.0000 0.0000 0.0000 0.0000 0.0000 0.0000 0.0000 0.0000 -75.8413 -75.2422
-69.5538 -69.5189 -69.4753 -68.4881 -68.2143 -68.3049 -68.3969 -68.4899 -68.5655 -68.5696 -68.5846 0.0000 -71.9354 -71.9744 -71.5235 -71.1689 -70.7884 -70.4578 -70.1794 -69.0762 -69.0382 -69.0123 0.0000 0.0000 0.0000 0.0000 0.0000 0.0000 0.0000 0.0000 0.0000 0.0000 0.0000 0.0000 0.0000 0.0000 0.0000 0.0000 -75.3425 -74.7277
-68.3262 -68.4374 -68.5376 -68.5579 -68.2346 -68.3145 -68.4052 -68.4972 -68.5794 -68.5875 0.0000 0.0000 0.0000 -72.2352 -71.6090 -70.9986 -70.4210 -69.1465 -69.1017 -69.0596 -69.0236 -68.9979 0.0000 0.0000 0.0000 0.0000 0.0000 0.0000 0.0000 0.0000 0.0000 0.0000 0.0000 0.0000 0.0000 0.0000 0.0000 0.0000 -74.9932 -74.3561
-68.2908 -68.4063 -68.5209 -68.5599 -68.2906 -68.3753 -68.4126 -68.5038 -68.5924 -68.0719 0.0000 0.0000 0.0000 0.0000 -71.1015 -69.2743 -69.2401 -69.1898 -69.0776 -68.9452 -68.9193 -68.9007 0.0000 0.0000 0.0000 0.0000 0.0000 0.0000 0.0000 0.0000 0.0000 0.0000 0.0000 0.0000 0.0000 0.0000 0.0000 0.0000 -74.7526 -74.0972
-68.2690 -68.3833 -68.4967 -68.5603 -68.2958 -68.3874 -68.4750 -67.9941 -68.0435 -68.0590 -69.6864 -70.7093 0.0000 -71.5301 -69.2004 -69.1256 -69.1051 -69.0749 -69.0421 -69.9347 -69.8599 -69.8463 0.0000 0.0000 0.0000 0.0000 0.0000 0.0000 0.0000 0.0000 0.0000 0.0000 0.0000 0.0000 0.0000 0.0000 0.0000 0.0000 -74.5928 -73.9232
-68.9646 -68.3618 -68.4743 -68.5611 -68.3004 -67.8670 -67.9259 -68.0036 -68.0806 -68.0641 -69.3533 -69.7191 -70.5660 -70.1147 -69.1686 -69.1066 -69.0853 -70.0499 -70.0496 -70.0390 -70.0285 -70.0225 0.0000 0.0000 0.0000 0.0000 0.0000 0.0000 0.0000 0.0000 0.0000 0.0000 0.0000 0.0000 0.0000 0.0000 0.0000 0.0000 -72.9075 -72.3631
-68.4755 -67.9016 -67.9972 -68.0127 -68.0133 -67.8403 -67.9187 -67.9977 -68.0772 -68.1048 -69.2118 -69.5161 -70.2549 -69.5434 -69.5240 -70.1646 -70.1379 -70.1462 -70.1486 -70.1458 -70.1343 -70.1252 -72.1646 -73.7256 -73.7934 -73.8733 -73.9761 -74.0867 -74.1965 -74.3046 -74.4100 -74.5129 -74.6132 -74.7113 -74.8073 -74.9013 -74.9909 -72.9549 -72.5585 -72.3232
-68.5063 -68.3581 -67.8707 -67.9640 -68.0045 -67.8330 -67.9106 -67.9890 -68.0677 -68.1046 -69.0815 -69.4222 -69.6085 -70.6374 -70.7203 -70.1973 -70.1681 -70.2450 -70.2468 -70.2439 -70.2377 -70.2300 -70.2251 -72.3703 -73.4822 -73.5758 -73.7586 -73.9083 -74.0524 -74.1883 -74.3159 -74.4365 -74.5514 -74.6614 -74.7658 -74.8674 -74.9658 -72.8680 -72.5847 -72.3540
-68.4153 -68.3538 -68.2897 -67.9364 -67.9955 -67.8261 -67.9031 -67.9806 -68.0587 -68.1015 -68.9895 -70.5267 -70.8925 -70.2850 -70.7849 -70.3267 -70.2951 -70.9390 -70.2557 -70.3436 -70.3365 -70.3298 -70.3274 -72.3089 -72.3837 -73.3391 -73.4923 -73.6689 -73.8838 -74.0494 -74.2022 -74.3433 -74.4741 -74.5973 -74.7139 -74.8250 -74.9313 -72.8572 -72.6240 -72.3993
-68.4185 -68.3668 -68.3125 -67.9097 -67.9865 -67.8193 -67.8956 -67.9725 -68.0499 -69.0506 -70.1475 -70.5585 -70.9128 -70.4007 -70.8575 -70.8985 -70.4265 -70.3880 -70.4368 -70.3552 -70.3456 -70.4277 -70.4228 -72.0540 -72.2581 -72.3839 -73.2960 -73.4822 -73.6774 -73.8633 -74.0351 -74.2363 -74.3849 -74.5229 -74.6518 -74.7731 -75.9781 -73.5443 -73.2770 -73.0188
-68.4177 -68.3743 -68.3282 -68.2805 -67.9739 -67.8125 -67.8881 -68.9429 -69.0791 -69.1812 -70.2406 -70.6129 -70.9499 -70.5126 -70.5349 -71.0096 -70.6366 -70.5314 -71.1619 -70.4614 -70.4512 -70.4397 -70.4309 -71.8983 -72.1432 -72.2725 -72.4397 -73.3216 -73.5215 -73.7242 -74.8550 -75.0618 -75.2503 -75.4750 -75.6383 -75.7895 -75.9304 -73.6082 -73.3490 -73.0967
-68.3188 -68.2820 -68.3385 -68.2979 -68.9363 -68.8093 -68.9474 -69.0811 -69.2109 -69.3134 -70.3491 -70.6835 -71.0021 -70.6264 -70.6468 -70.6577 -70.7657 -70.7245 -71.1938 -71.2709 -70.5572 -70.5444 -70.5334 -71.7647 -72.5704 -72.8483 -73.0392 -73.2528 -74.2732 -74.5085 -74.7410 -74.9593 -75.1598 -75.3436 -75.5131 -75.7219 -76.1772 -73.8569 -73.5928 -73.3350
-68.3177 -68.2861 -69.3990 -69.4222 -69.5527 -68.9642 -69.0942 -69.2204 -69.3436 -69.4464 -69.5338 -70.7661 -71.0662 -70.7411 -70.7583 -70.7674 -70.7734 -70.8517 -70.8061 -71.9928 -71.9863 -71.1731 -71.1517 -71.1455 -72.5662 -72.6697 -73.0121 -73.3805 -73.6037 -74.6511 -74.8917 -75.1257 -75.3456 -75.5486 -75.7358 -75.9087 -76.0692 -73.9414 -73.6844 -73.4325
-69.5765 -69.6238 -69.6493 -69.6581 -69.6542 -69.0119 -69.2411 -69.3599 -69.4764 -69.5795 -69.6636 -70.8573 -71.1394 -71.6636 -71.6480 -71.6271 -71.5901 -71.8759 -71.7885 -72.3435 -72.4102 -72.4206 -71.4801 -71.4421 -72.7736 -72.8521 -73.0037 -73.1972 -73.4055 -73.7872 -74.8147 -75.0487 -75.2735 -75.4825 -75.6770 -75.8573 -76.0162 -73.9804 -73.7593 -73.5366
-69.8713 -69.8944 -69.9007 -69.8941 -69.8776 -69.5721 -69.2765 -69.3837 0.0000 0.0000 0.0000 -72.8695 -72.8504 -72.3117 -72.2018 -72.1173 0.0000 0.0000 0.0000 -73.3596 0.0000 0.0000 0.0000 -72.4559 -72.8577 -72.8821 -73.0105 -73.1889 -73.3893 -73.5933 -74.6227 -74.9748 0.0000 0.0000 -77.1282 -77.0798 -75.9673 -74.0476 -73.8603 -73.6236
-70.1653 -70.1634 -70.1499 -70.1274 -70.0983 -69.7709 -69.4228 -69.5224 0.0000 0.0000 0.0000 -74.8594 0.0000 0.0000 0.0000 0.0000 0.0000 0.0000 0.0000 -74.1610 0.0000 0.0000 0.0000 -76.6909 0.0000 0.0000 0.0000 0.0000 0.0000 0.0000 -84.0636 -75.9183 0.0000 0.0000 -83.3608 0.0000 0.0000 0.0000 -74.5739 0.0000
-70.4130 -70.4260 -70.3933 -70.3557 -70.3142 -69.9652 -69.9930 -69.6594 -73.9775 -74.4419 -74.5118 -72.2836 -74.6637 -75.1189 -75.1691 -75.2262 -75.0450 -75.3601 -75.4602 -72.2992 -75.1687 -75.7366 -75.7190 -73.8962 -75.8862 -76.0489 0.0000 -83.9491 -82.2944 -80.5854 -79.4334 -78.9519 -78.6992 -79.3138 -79.1593 -79.0784 -78.9310 -77.6327 -73.6774 0.0000
-70.8266 -70.8455 -70.8015 -70.7443 -70.6860 -70.2996 -70.3190 -69.9224 -72.0700 -74.0727 -74.2517 -73.7712 -74.8195 -74.9348 -75.0085 -75.1123 -74.8580 -75.2711 -75.3209 -72.4291 -73.9979 -75.3044 -75.4337 -74.0278 -75.4870 -75.5484 -75.6363 -75.7387 -76.2249 -76.4189 -76.1471 -76.0929 -76.1020 -76.1720 -75.1321 -75.1640 -75.2017 -74.8989 -72.7753 -75.4845
-71.0765 -71.0793 -71.0598 -70.9863 -70.9146 -70.8445 -70.5157 -70.5282 -71.8073 -73.5483 -74.1049 -73.7311 -74.3756 -74.6393 -74.7643 -74.8997 -74.6515 -75.1094 -75.1016 -72.5512 -74.4261 0.0000 -79.9982 -76.2375 -77.4171 -76.5634 -76.0799 -75.9348 -75.8785 -74.4691 -74.5401 -74.5504 -74.6037 -74.7028 -74.8483 -75.2109 -75.0279 -74.7500 -72.8474 -75.1023
