-56.2313 -56.5018 -56.7923 -57.0650 -57.3912 -57.7467 -59.5999 -59.6756 -59.7656 -59.8641 -59.9670 -60.0717 -60.1773 -60.2829 -60.3938 -60.5008 -60.6078 -60.7150 -60.8226 -60.9230 -61.0314 -59.4120 -59.4870 -59.5646 -59.6648 -59.7671 -59.8713 -59.9772 -60.0845 -60.1932 -60.3031 -60.4139 -60.5279 -60.6405 -60.7540 -60.8679 -60.9823 -61.0971 -61.2122 -61.3275
-56.2423 -56.5392 -56.9060 -57.2985 -59.2315 -59.3045 -59.3901 -59.4867 -59.5875 -59.6903 -59.7978 -59.9019 -60.0060 -60.1113 -60.2172 -60.3234 -60.4302 -60.5377 -60.6298 -60.6946 -59.0613 -59.1406 -59.2430 -59.3479 -59.4547 -59.5636 -59.6743 -59.7883 -59.9019 -60.0166 -60.1324 -60.2491 -60.3664 -60.4845 -60.6032 -60.7222 -60.8417 -60.9613 -61.0811 -61.2012
-56.3252 -56.8175 -58.8683 -58.9373 -59.0229 -59.1173 -59.2150 -59.3143 -59.4143 -59.5148 -59.6159 -59.7172 -59.8204 -59.9243 -60.0292 -60.1354 -60.2122 -60.2676 -58.6195 -58.7004 -58.8049 -58.9121 -59.0237 -59.1357 -59.2497 -59.3656 -59.4830 -59.6017 -59.7216 -59.8426 -59.9644 -60.0869 -60.2100 -60.3337 -60.4578 -60.5822 -60.7068 -60.8314 -60.9562 -61.0808
-58.6245 -58.6983 -58.6683 -58.7583 -58.8485 -58.9423 -59.0362 -59.1307 -59.2260 -59.3224 -59.4199 -59.5197 -59.6212 -59.7244 -59.7750 -59.8330 -58.2011 -58.2631 -58.3507 -58.4604 -58.5731 -58.6884 -58.8060 -58.9256 -59.0471 -59.1701 -59.2944 -59.4200 -59.5466 -59.6739 -59.8021 -59.9306 -60.0598 -60.1893 -60.3189 -60.4487 -60.5785 -60.7084 -60.8380 -60.9678
-58.4150 -58.5015 -58.5035 -58.5864 -58.6713 -58.7565 -58.8426 -58.9303 -59.0198 -59.1125 -59.2081 -59.2828 -59.3258 -59.3802 -59.4406 -57.7884 -57.8760 -57.9881 -58.1035 -58.2221 -58.3433 -58.4670 -58.5928 -58.7204 -58.8496 -58.9801 -59.1117 -59.2444 -59.3778 -59.5119 -59.6466 -59.7816 -59.9168 -60.0520 -60.1874 -60.3228 -60.4581 -60.5930 -60.7280 -60.8624
-58.2529 -58.2627 -58.3317 -58.4025 -58.4748 -58.5492 -58.6269 -58.7078 -58.7954 -58.8349 -58.8677 -58.9120 -58.9664 -57.3126 -57.3812 -57.4952 -57.6134 -57.7353 -57.8604 -57.9882 -58.1186 -58.2510 -58.3854 -58.5213 -58.6585 -58.7970 -58.9362 -59.0762 -59.2168 -59.3579 -59.4992 -59.6406 -59.7820 -59.9234 -60.0647 -60.2058 -60.3466 -60.4868 -60.6265 -60.7657
-58.0389 -58.0882 -58.1367 -58.1908 -58.2512 -58.3158 -58.3788 -58.3807 -58.3990 -58.4317 -58.4773 -58.5341 -56.8850 -56.9804 -57.1010 -57.2261 -57.3550 -57.4873 -57.6226 -57.7603 -57.9002 -58.0420 -58.1853 -58.3299 -58.4755 -58.6221 -58.7693 -58.9168 -59.0649 -59.2131 -59.3611 -59.5092 -59.6570 -59.8046 -59.9517 -60.0986 -60.2447 -60.3902 -60.5349 -60.6790
-57.8557 -57.8764 -57.9061 -57.9444 -57.9532 -57.9285 -57.9260 -57.9422 -57.9748 -58.0218 -56.3484 -56.4416 -56.5644 -56.6926 -56.8255 -56.9623 -57.1027 -57.2460 -57.3919 -57.5401 -57.6900 -57.8415 -57.9943 -58.1480 -58.3024 -58.4574 -58.6127 -58.7683 -58.9237 -59.0790 -59.2342 -59.3889 -59.5432 -59.6970 -59.8502 -60.0025 -60.1539 -60.3046 -60.4543 -60.6086
-57.6194 -57.6168 -57.5510 -57.4894 -57.4559 -57.4481 -57.4619 -57.4943 -57.5430 -55.8800 -56.0016 -56.1325 -56.2691 -56.4106 -56.5565 -56.7059 -56.8584 -57.0135 -57.1708 -57.3299 -57.4904 -57.6521 -57.8145 -57.9776 -58.1411 -58.3048 -58.4685 -58.6320 -58.7951 -58.9578 -59.1200 -59.2815 -59.4421 -59.6021 -59.7609 -59.9189 -60.0756 -60.2312 -60.3910 -60.5446
-57.1974 -57.0806 -57.0027 -56.9584 -56.9440 -56.9548 -56.9872 -55.3085 -55.4128 -55.5435 -55.6836 -55.8299 -55.9813 -56.1372 -56.2968 -56.4596 -56.6250 -56.7925 -56.9617 -57.1323 -57.3038 -57.4760 -57.6486 -57.8214 -57.9942 -58.1668 -58.3389 -58.5105 -58.6813 -58.8513 -59.0204 -59.1884 -59.3556 -59.5212 -59.6856 -59.8488 -60.0156 -52.2677 -52.4025 -52.5597
-56.5888 -56.4902 -56.4322 -56.4099 -56.4172 -54.7078 -54.7904 -54.9247 -55.0657 -55.2164 -55.3738 -55.5366 -55.7040 -55.8753 -56.0497 -56.2267 -56.4057 -56.5862 -56.7679 -56.9504 -57.1334 -57.3165 -57.4995 -57.6823 -57.8644 -58.0458 -58.2263 -58.4058 -58.5842 -58.7613 -58.9370 -59.1115 -59.2843 -51.5506 -51.6973 -51.8665 -52.0321 -52.1950 -52.3554 -52.5121
-55.9476 -55.8730 -55.8407 -55.8440 -54.1556 -54.2687 -54.4140 -54.5670 -54.7303 -54.9004 -55.0764 -55.2570 -55.4416 -55.6293 -55.8194 -56.0114 -56.2047 -56.3989 -56.5935 -56.7883 -56.9829 -57.1771 -57.3704 -57.5629 -57.7542 -57.9442 -58.1329 -58.3200 -58.5055 -50.7792 -50.9396 -51.1210 -51.2991 -51.4741 -51.6469 -51.8137 -51.9778 -52.1390 -52.2973 -52.4528
-55.2743 -55.2299 -53.4652 -53.5750 -53.7206 -53.8789 -54.0463 -54.2242 -54.4095 -54.6007 -54.7968 -54.9967 -55.1996 -55.4047 -55.6113 -55.8190 -56.0270 -56.2351 -56.4429 -56.6500 -56.8562 -57.0610 -57.2645 -57.4663 -57.6663 -49.9435 -50.1199 -50.3164 -50.5091 -50.6981 -50.8826 -51.0625 -51.2399 -51.4133 -51.5837 -51.7525 -51.9196 -52.0835 -52.2447 -52.4031
-54.5682 -52.8404 -52.9834 -53.1436 -53.3180 -53.5024 -53.6979 -53.9011 -54.1104 -54.3245 -54.5422 -54.7626 -54.9847 -55.2080 -55.4317 -55.6551 -55.8780 -56.1000 -56.3205 -56.5395 -56.7566 -48.9951 -49.1904 -49.4058 -49.6165 -49.8229 -50.0230 -50.2190 -50.4109 -50.5990 -50.7847 -50.9697 -51.1508 -51.3286 -51.5032 -51.6742 -51.8412 -52.0059 -52.1680 -52.3524
-52.1984 -52.3573 -52.5356 -52.7283 -52.9351 -53.1519 -53.3767 -53.6075 -53.8428 -54.0813 -54.3218 -54.5635 -54.8053 -55.0468 -55.2873 -55.5263 -55.7633 -47.9880 -48.2045 -48.4389 -48.6672 -48.8918 -49.1110 -49.3254 -49.5350 -49.7410 -49.9452 -50.1460 -50.3426 -50.5359 -50.7242 -50.9082 -51.0892 -51.2666 -51.4409 -51.6121 -51.7810 -51.9474 -52.1110 -52.2718
-51.6932 -51.8949 -52.1127 -52.3455 -52.5886 -52.8396 -53.0961 -53.3565 -53.6192 -53.8827 -54.1462 -54.4088 -54.6697 -46.8765 -47.1209 -47.3819 -47.6355 -47.8806 -48.1193 -48.3523 -48.5833 -48.8119 -49.0358 -49.2549 -49.4691 -49.6775 -49.8813 -50.0811 -50.2774 -50.4692 -50.6578 -50.8436 -51.0261 -51.2053 -51.3813 -51.5541 -51.7238 -51.8916 -52.0569 -52.2194
-51.2210 -51.4716 -51.7373 -52.0134 -52.2965 -52.5841 -52.8738 -53.1642 -53.4537 -45.6358 -45.9078 -46.2019 -46.4861 -46.7605 -47.0275 -47.2874 -47.5439 -47.7944 -48.0398 -48.2811 -48.5149 -48.7436 -48.9673 -49.1858 -49.3999 -49.6099 -49.8157 -50.0180 -50.2158 -50.4098 -50.6005 -50.7879 -50.9719 -51.1526 -51.3299 -51.5041 -51.6752 -51.8432 -52.0081 -52.1700
-50.8127 -51.1214 -51.4388 -51.7610 -52.0848 -44.2497 -44.5645 -44.8915 -45.2041 -45.5070 -45.8078 -46.1026 -46.3895 -46.6692 -46.9414 -47.2055 -47.4631 -47.7157 -47.9632 -48.2048 -48.4408 -48.6715 -48.8971 -49.1180 -49.3357 -49.5492 -49.7578 -49.9620 -50.1620 -50.3575 -50.5485 -50.7354 -50.9189 -51.0992 -51.2763 -51.4503 -51.6214 -51.7896 -51.9553 -52.1192
-50.5205 -42.6804 -43.0355 -43.3997 -43.7599 -44.1080 -44.4482 -44.7774 -45.0961 -45.4117 -45.7177 -46.0151 -46.3039 -46.5843 -46.8568 -47.1217 -47.3820 -47.6392 -47.8905 -48.1361 -48.3758 -48.6097 -48.8377 -49.0597 -49.2773 -49.4896 -49.6974 -49.9007 -50.1000 -50.2954 -50.4886 -50.6783 -50.8646 -51.0474 -51.2270 -51.4032 -51.5764 -51.7465 -51.9137 -52.0780
-42.1229 -42.5178 -42.8993 -43.2784 -43.6455 -43.9989 -44.3406 -44.6718 -45.0003 -45.3187 -45.6281 -45.9298 -46.2229 -46.5078 -46.7850 -47.0562 -47.3200 -47.5768 -47.8270 -48.0709 -48.3090 -48.5425 -48.7715 -48.9960 -49.2164 -49.4321 -49.6428 -49.8492 -50.0512 -50.2489 -50.4421 -50.6316 -50.8177 -51.0003 -51.1796 -51.3557 -51.5287 -51.6988 -51.8659 -52.0301
-41.9865 -42.3859 -42.7802 -43.1645 -43.5380 -43.8977 -44.2444 -44.5865 -44.9181 -45.2388 -45.5493 -45.8516 -46.1453 -46.4317 -46.7130 -46.9868 -47.2538 -47.5140 -47.7678 -48.0151 -48.2560 -48.4917 -48.7215 -48.9464 -49.1658 -49.3803 -49.5901 -49.7956 -49.9968 -50.1948 -50.3891 -50.5796 -50.7666 -50.9502 -51.1306 -51.3077 -51.4818 -51.6530 -51.8212 -51.9867
-41.8630 -42.2746 -42.6775 -43.0651 -43.4415 -43.8053 -44.1623 -44.5080 -44.8424 -45.1654 -45.4783 -45.7818 -46.0772 -46.3671 -46.6497 -46.9252 -47.1932 -47.4541 -47.7084 -47.9562 -48.1985 -48.4346 -48.6652 -48.8904 -49.1107 -49.3262 -49.5372 -49.7439 -49.9467 -50.1455 -50.3403 -50.5314 -50.7189 -50.9030 -51.0842 -51.2622 -51.4371 -51.6089 -51.7778 -51.9438
-41.7513 -42.1755 -42.5829 -42.9748 -43.3539 -43.7251 -44.0847 -44.4326 -44.7692 -45.0947 -45.4099 -45.7167 -46.0164 -46.3075 -46.5906 -46.8659 -47.1341 -47.3954 -47.6515 -47.9009 -48.1444 -48.3819 -48.6136 -48.8401 -49.0615 -49.2781 -49.4902 -49.6979 -49.9015 -50.1010 -50.2966 -50.4885 -50.6769 -50.8618 -51.0434 -51.2217 -51.3969 -51.5691 -51.7383 -51.9046
-41.6637 -42.0903 -42.4993 -42.8941 -43.2803 -43.6552 -44.0167 -44.3658 -44.7032 -45.0300 -45.3494 -45.6606 -45.9623 -46.2551 -46.5395 -46.8160 -47.0849 -47.3471 -47.6022 -47.8509 -48.0941 -48.3323 -48.5652 -48.7928 -49.0154 -49.2330 -49.4461 -49.6547 -49.8590 -50.0592 -50.2555 -50.4480 -50.6369 -50.8223 -51.0042 -51.1829 -51.3584 -51.5303 -51.6993 -51.8656
-41.5830 -42.0125 -42.4244 -42.8250 -43.2142 -43.5908 -43.9538 -44.3042 -44.6427 -44.9724 -45.2932 -45.6040 -45.9062 -46.2001 -46.4858 -46.7636 -47.0342 -47.2975 -47.5541 -47.8041 -48.0481 -48.2863 -48.5190 -48.7464 -48.9690 -49.1873 -49.4010 -49.6102 -49.8152 -50.0160 -50.2129 -50.4060 -50.5954 -50.7814 -50.9639 -51.1429 -51.3188 -51.4916 -51.6609 -51.8280
-41.5218 -41.9526 -42.3705 -42.7755 -43.1650 -43.5400 -43.9017 -44.2524 -44.5947 -44.9275 -45.2497 -45.5619 -45.8648 -46.1589 -46.4451 -46.7240 -46.9954 -47.2597 -47.5173 -47.7684 -48.0134 -48.2524 -48.4859 -48.7141 -48.9372 -49.1554 -49.3690 -49.5781 -49.7837 -49.9852 -50.1827 -50.3763 -50.5663 -50.7524 -50.9350 -51.1145 -51.2908 -51.4635 -51.6338 -51.8014
-41.4758 -41.9091 -42.3302 -42.7354 -43.1249 -43.5001 -43.8619 -44.2147 -44.5568 -44.8888 -45.2102 -45.5217 -45.8237 -46.1172 -46.4022 -46.6793 -46.9505 -47.2154 -47.4739 -47.7259 -47.9719 -48.2120 -48.4465 -48.6758 -48.8999 -49.1192 -49.3339 -49.5440 -49.7499 -49.9516 -50.1494 -50.3429 -50.5329 -50.7192 -50.9022 -51.0813 -51.2579 -51.4314 -51.6019 -51.7696
-41.4449 -41.8825 -42.3025 -42.7062 -43.0936 -43.4675 -43.8314 -44.1842 -44.5252 -44.8554 -45.1759 -45.4892 -45.7936 -46.0890 -46.3763 -46.6559 -46.9280 -47.1927 -47.4507 -47.7023 -47.9483 -48.1877 -48.4214 -48.6499 -48.8733 -49.0920 -49.3060 -49.5155 -49.7208 -49.9216 -50.1181 -50.3109 -50.5001 -50.6851 -50.8677 -51.0474 -51.2239 -51.3973 -51.5678 -51.7354
-41.4358 -41.8706 -42.2880 -42.6889 -43.0741 -43.4492 -43.8126 -44.1637 -44.5039 -44.8350 -45.1560 -45.4671 -45.7693 -46.0642 -46.3510 -46.6290 -46.8997 -47.1634 -47.4205 -47.6714 -47.9163 -48.1553 -48.3894 -48.6185 -48.8434 -49.0633 -49.2785 -49.4888 -49.6944 -49.8959 -50.0935 -50.2873 -50.4770 -50.6637 -50.8471 -51.0272 -51.2041 -51.3781 -51.5491 -51.7170
-41.4465 -41.8756 -42.2893 -42.6881 -43.0727 -43.4454 -43.8053 -44.1546 -44.4948 -44.8247 -45.1443 -45.4541 -45.7541 -46.0458 -46.3296 -46.6066 -46.8762 -47.1397 -47.3979 -47.6495 -47.8950 -48.1347 -48.3688 -48.5974 -48.8211 -49.0403 -49.2543 -49.4638 -49.6690 -49.8701 -50.0667 -50.2600 -50.4496 -50.6358 -50.8186 -50.9980 -51.1743 -51.3485 -51.5197 -51.6881
-41.4742 -41.8956 -42.3037 -42.6995 -43.0805 -43.4490 -43.8067 -44.1555 -44.4925 -44.8187 -45.1351 -45.4435 -45.7427 -46.0331 -46.3172 -46.5946 -46.8651 -47.1292 -47.3867 -47.6374 -47.8812 -48.1193 -48.3520 -48.5796 -48.8016 -49.0186 -49.2313 -49.4411 -49.6467 -49.8479 -50.0456 -50.2395 -50.4299 -50.6168 -50.8003 -50.9805 -51.1572 -51.3308 -51.5014 -51.6691
-41.5145 -41.9296 -42.3322 -42.7240 -43.1007 -43.4639 -43.8205 0.0000 0.0000 0.0000 0.0000 -56.8401 -54.7954 -54.0869 -53.8781 0.0000 0.0000 0.0000 -62.1671 -59.3680 -57.2803 -56.5039 -56.2113 -56.1442 -56.2062 -49.0062 -49.2201 -49.4284 -49.6323 -49.8323 -50.0287 -50.2214 -50.4103 -50.5959 -50.7781 -50.9575 -51.1348 -51.3091 -51.4792 -51.6476
-41.5646 -41.9704 -42.3708 -42.7564 -43.1281 0.0000 0.0000 0.0000 0.0000 0.0000 0.0000 -59.3798 0.0000 0.0000 0.0000 0.0000 0.0000 0.0000 -63.0809 -61.7682 -59.6660 -58.4794 -57.7925 -57.4104 -57.2079 -57.1157 -57.1016 -57.1395 -57.2160 -57.3210 -57.4499 -57.5971 -57.7583 -50.5849 -50.7684 -50.9476 -51.1235 -51.2951 -51.4650 -51.6320
-41.6424 -42.0434 -42.4269 -42.8019 -43.1680 0.0000 0.0000 0.0000 -63.1378 0.0000 0.0000 0.0000 0.0000 0.0000 0.0000 0.0000 0.0000 0.0000 0.0000 -62.0573 -61.2271 -59.9841 -59.1546 -58.6118 -58.2598 -58.0430 -57.9164 -57.8559 -57.8433 -57.8665 -57.9169 -57.9888 -58.0780 -58.1811 -58.2958 -58.4138 -58.5463 -58.6856 -58.8306 -58.9802
-41.7250 -42.1155 -42.4996 -42.8693 -43.2256 -43.5703 0.0000 0.0000 0.0000 0.0000 0.0000 0.0000 0.0000 0.0000 0.0000 0.0000 0.0000 0.0000 0.0000 -62.9656 -61.7709 -61.1529 -60.2894 -59.6734 -59.2348 -58.9307 -58.7247 -58.5918 -58.5141 -58.4789 -58.4766 -58.5002 -58.5445 -58.5987 -58.6732 -58.7589 -58.8539 -58.9567 -59.0661 -59.1813
-41.8258 -42.2041 -42.5735 -42.9329 -43.2858 0.0000 0.0000 0.0000 0.0000 0.0000 0.0000 0.0000 0.0000 0.0000 0.0000 0.0000 0.0000 0.0000 0.0000 -63.7926 -62.5973 -61.7200 -61.2265 -60.5933 -60.1129 -59.7537 -59.4907 -59.3027 -59.1739 -59.0915 -59.0460 -59.0301 -59.0306 -59.0583 -59.1019 -59.1587 -59.2263 -59.3032 -59.3878 -59.4877
-41.9448 -42.3085 -42.6640 -43.0110 0.0000 0.0000 0.0000 0.0000 0.0000 0.0000 0.0000 0.0000 0.0000 0.0000 0.0000 0.0000 0.0000 0.0000 -62.8778 -62.8066 -62.6177 -62.4505 -61.8124 -61.3851 -60.8893 -60.5011 -60.2017 -59.9748 -59.8071 -59.6869 -59.5970 -59.5479 -59.5251 -59.5241 -59.5410 -59.5730 -59.6174 -59.6726 -59.7453 -59.8086
-42.0683 -42.4229 -42.7698 -43.1077 0.0000 0.0000 0.0000 0.0000 0.0000 0.0000 0.0000 0.0000 0.0000 0.0000 0.0000 -62.4748 -62.2628 -62.1496 -62.0996 -62.0974 -62.0272 -62.0440 -62.0792 -61.9654 -61.5776 -61.1765 -60.8552 -60.2713 -60.3958 -60.2454 -60.1362 -60.0599 -60.0113 -59.9857 -59.9794 -59.9891 -60.0235 -60.0573 -60.0948 -60.1493
-42.2057 -42.5503 -42.8809 -43.2098 -53.3914 -53.7209 0.0000 0.0000 0.0000 0.0000 0.0000 0.0000 -62.5940 -61.9225 -61.5549 -61.3640 -61.2812 -61.2686 -61.3040 -61.3723 -59.0110 -59.1352 -59.2697 -59.4055 -59.5439 -59.6834 -59.8240 -59.9556 -60.0977 -60.2400 -60.3826 -60.5251 -60.4830 -60.4360 -60.4235 -60.4105 -60.4062 -60.4250 -60.4547 -60.4940
-42.3584 -42.6799 -43.0013 -43.3263 -43.6376 -43.9469 0.0000 0.0000 0.0000 0.0000 -63.4217 -61.3635 -60.5908 -57.3762 -57.4982 -57.6433 -57.8034 -57.9735 -58.1498 -58.3300 -58.5124 -58.6664 -58.8345 -59.0014 -59.1671 -59.3314 -59.4853 -59.6464 -59.8062 -59.9646 -60.1214 -60.2770 -60.4312 -60.5986 -60.7353 -60.8038 -60.7934 -60.7964 -60.8112 -60.8457
