-67.5083 -67.4199 -67.3126 -67.8840 -67.7869 -67.6945 -67.6010 -67.5065 -67.4107 -67.3131 -67.2316 -67.1257 -69.2451 -69.5403 -69.9432 -70.4361 -71.7062 -73.3621 -77.0551 0.0000 0.0000 -68.1543 -69.8309 -74.9817 0.0000 0.0000 -61.6672 -63.3576 -63.3196 -63.3151 -63.3351 -63.3783 -63.4468 -63.5424 -63.6768 -64.5312 -64.8814 -65.2991 -65.7904 -66.2646
-67.4907 -67.3997 -67.3123 -67.2058 -67.1122 -67.6947 -67.6057 -67.5163 -67.4262 -67.3351 -67.2428 -67.1482 -67.0507 -66.9642 -66.8767 -66.7556 -69.6486 -71.0684 -75.1052 0.0000 -65.7498 -67.4353 -67.7584 -69.6224 0.0000 0.0000 -61.6492 -61.4964 -61.3426 -61.1845 -62.9657 -62.9653 -62.9948 -63.0641 -63.1754 -63.3248 -64.2408 -64.6536 -65.1498 -65.7403
-67.4701 -67.3805 -67.2899 -67.2039 -67.0990 -67.0022 -67.6009 -67.5168 -67.4326 -67.3484 -67.2637 -67.1782 -67.0905 -67.0002 -66.9206 -66.8162 -66.6966 -66.5038 -66.2940 -66.0341 -65.8262 -65.6078 -65.1862 -64.7492 -69.4110 0.0000 -61.6499 -61.4924 -61.3204 -61.1684 -61.0035 -60.8387 -62.5960 -62.5920 -62.6524 -62.7598 -62.9394 -63.9305 -64.4198 -65.0145
-68.5592 -68.4807 -67.2977 -67.2081 -67.0947 -66.9913 -66.8964 -66.8048 -67.4271 -67.3498 -67.2731 -67.1968 -67.1204 -67.0423 -66.9617 -66.8923 -66.7854 -66.6784 -66.4979 -66.2783 -66.0527 -65.8146 -65.4886 -65.0362 -64.5843 -64.3712 -64.1437 -63.2562 -63.1367 -61.1678 -60.9891 -60.8260 -60.6538 -60.4788 -60.3017 -62.2047 -62.2985 -63.1132 -63.5866 -64.1624
-68.5289 -68.4541 -68.3790 -68.3032 -68.2279 -68.1419 -68.0484 -67.9657 -67.8873 -67.3551 -67.2653 -67.1984 -67.1329 -67.0683 -67.0031 -66.9358 -66.8717 -66.7697 -66.6833 -66.5071 -66.2943 -66.0620 -65.8223 -65.5634 -65.0441 -64.5408 -64.1970 -63.9557 -63.0547 -62.9305 -62.8226 -62.7097 -60.6632 -60.4728 -60.2941 -60.1103 -59.9261 -61.7950 -62.6432 -63.1577
-68.4890 -68.4168 -68.3446 -68.2731 -68.2021 -68.1381 -68.0518 -67.9650 -67.8897 -67.8199 -67.7495 -68.7258 -68.7064 -68.6910 -68.6778 -66.9986 -66.9581 -66.8663 -66.7855 -66.7402 -66.5432 -66.3326 -66.1111 -65.8751 -65.1423 -65.3309 -65.0004 -64.2396 -63.9561 -62.8582 -62.7226 -62.6046 -62.4947 -62.3721 -62.2516 -60.1253 -59.9230 -59.7303 -59.5445 -59.8370
-68.4375 -68.3681 -68.3000 -68.2324 -68.1654 -68.0996 -68.0414 -67.9616 -67.8822 -67.8156 -67.7555 -67.6965 -68.7114 -68.7284 -68.7574 -68.7966 -68.8427 -68.9264 -68.8945 -68.8768 -68.9138 -68.6662 -66.4317 -66.1922 -65.8756 -65.1456 -65.4669 -65.1213 -64.2137 -63.9283 -62.8696 -62.7299 -62.5748 -62.2843 -62.1523 -62.0144 -61.8845 -61.7682 -59.5604 -59.8792
-68.3773 -68.3101 -68.2436 -68.1791 -68.1151 -68.0531 -67.9929 -67.9406 -67.8681 -67.7970 -67.7400 -67.6911 -67.6450 -67.6020 -68.7496 -68.8382 -68.9518 -69.0870 -69.2453 -69.2849 -69.5643 -69.5378 -69.3812 -69.2192 -69.0445 -68.4620 -68.7108 -68.5564 -68.3849 -64.2189 -63.9275 -62.8083 -62.6780 -62.5324 -62.3767 -62.2088 -61.8179 -61.6766 -61.5346 -61.4001
-66.7041 -66.6244 -66.5445 -68.1120 -68.0507 -67.9908 -67.9337 -67.8792 -67.8337 -67.7689 -67.7070 -67.6605 -67.6240 -67.5923 -67.5662 -68.7528 -68.9227 -69.1445 -69.4167 -69.6684 -69.8528 -70.3929 -70.4102 -70.4184 -70.4893 -70.6938 -68.4940 -74.4031 0.0000 0.0000 -64.2535 -63.9473 -62.7678 -62.6484 -62.5176 -62.3773 -62.2228 -62.0595 -61.8830 -61.3785
-66.6303 -66.5507 -66.4714 -66.3920 -66.3137 -67.9130 -67.8575 -67.8051 -67.7563 -67.7172 -67.6603 -67.6022 -67.5721 -67.5484 -67.5338 -67.5260 -67.5282 -68.9827 -69.3723 -69.8734 -70.2473 -71.1274 -71.4758 -71.6385 -71.9850 -76.6826 0.0000 -70.3794 0.0000 0.0000 -64.6138 -64.3316 -64.0203 -63.7075 -62.6491 -62.5309 -62.4137 -62.2841 -62.1537 -62.0122
-66.5514 -66.4715 -66.3920 -66.3127 -66.2344 -66.1564 -66.0790 -66.0027 -67.6649 -67.6215 -67.5886 -67.5394 -67.4906 -67.4713 -67.4606 -67.4670 -67.4818 -67.5067 -68.9652 -69.6504 -70.6153 -71.0714 -72.5674 -77.2271 0.0000 0.0000 0.0000 0.0000 -65.4203 -65.2298 -64.9861 -64.7247 -64.4411 -64.1253 -63.8023 -62.6655 -62.5818 -62.4962 -62.4051 -62.3200
-66.4676 -66.3871 -66.3070 -66.2273 -66.1480 -66.0700 -65.9921 -65.9156 -65.8402 -65.7663 -67.4775 -67.4503 -67.4081 -67.3678 -67.3648 -67.3662 -67.3800 -67.4084 -67.4733 -67.5464 -69.9660 -73.2103 0.0000 0.0000 0.0000 0.0000 0.0000 0.0000 -65.5179 -65.5377 -65.3794 -65.1420 -64.8842 -64.5885 -64.2843 -63.9421 -62.7037 -62.6533 -62.6022 -62.5679
-66.3810 -66.2978 -66.2167 -66.1360 -66.0558 -65.9804 -65.9019 -65.8242 -65.7478 -65.6729 -65.6033 -65.5355 -65.4662 -67.2531 -67.2197 -67.2294 -67.2408 -67.2773 -67.6069 -67.7135 -67.8800 -68.1004 -74.4494 0.0000 0.0000 0.0000 -65.5276 -65.5549 -65.5905 -65.6487 -65.6974 -65.5804 -65.3539 -65.1027 -64.8101 -64.5101 -64.1382 -62.7596 -62.7500 -62.7487
-66.2916 -66.2090 -66.1249 -66.0428 -65.9614 -65.8803 -65.8039 -65.7245 -65.6465 -65.5698 -65.4947 -65.4213 -65.3536 -65.2908 -65.2123 -65.1255 -67.0149 -67.0202 -67.0478 -67.1070 -67.2157 -67.4187 -67.7581 -76.2158 -65.4247 -65.4486 -65.4871 -65.5408 -65.6095 -65.6919 -65.8028 -65.9076 -65.8429 -65.6371 -65.3982 -65.1144 -64.8132 -64.4060 -62.8238 -62.8592
-66.1946 -66.1097 -66.0171 -65.9224 -65.8291 -65.7353 -65.6420 -65.5483 -65.4542 -65.3604 -65.2668 -65.1733 -65.0799 -64.9910 -64.8985 -64.7969 -64.6929 -64.6024 -66.3649 -65.3433 -65.3106 -65.2879 -65.2764 -65.2789 -65.2967 -65.3307 -65.3854 -65.4607 -65.5599 -65.6825 -65.8270 -66.0097 -66.1873 -67.3402 -67.2535 -65.3946 -65.5717 -65.3076 -65.6643 -63.4094
-66.0213 -65.9234 -65.8247 -65.7253 -65.6231 -65.5215 -65.4185 -65.3148 -65.2091 -65.1015 -64.9922 -64.4243 -64.3281 -64.2324 -64.1399 -64.0451 -63.9431 -63.8392 -63.7468 -63.6560 -63.5665 -65.1042 -65.0903 -65.0913 -65.1099 -65.1513 -65.2143 -65.3064 -65.4304 -65.5896 -65.7854 -66.0205 -66.3184 -73.1955 0.0000 0.0000 -66.0921 -66.4276 -66.1213 -65.5211
-65.8413 -65.7379 -65.6330 -65.5266 -65.0145 -64.9155 -64.8174 -64.7196 -64.6221 -64.5236 -64.4254 -64.3273 -64.2294 -64.1318 -64.0347 -63.9403 -63.8443 -63.7387 -63.6366 -63.5438 -63.4523 -63.3625 -63.2741 -64.8511 -64.8625 -64.8966 -64.9583 -65.0559 -65.1918 -66.4145 -66.8951 -67.5698 -68.5825 -70.5571 0.0000 0.0000 -63.7350 -63.8290 -64.1201 -63.9011
-65.3189 -65.2212 -65.1232 -65.0247 -64.9259 -64.8266 -64.7264 -64.6262 -64.5263 -64.4260 -64.3258 -64.2254 -64.1252 -64.0253 -63.9258 -63.8267 -63.7308 -63.6329 -63.5260 -63.4226 -63.3279 -63.2352 -63.1444 -63.0556 -62.9695 -62.8863 -65.3198 -65.4832 -65.7212 -66.0706 -66.5597 -67.2455 -68.5362 -69.7810 0.0000 0.0000 0.0000 -66.8298 -68.6202 0.0000
-65.2299 -65.1352 -65.0354 -64.9360 -64.8352 -64.7341 -64.6326 -64.5292 -64.4269 -64.3245 -64.2217 -64.1192 -64.0165 -63.9140 -63.8117 -63.7098 -63.6083 -63.5094 -63.4092 -63.3004 -63.1950 -63.0987 -63.0184 -63.3018 -63.2275 -63.1594 -63.0985 -63.0462 -63.0036 -65.4413 -65.8573 -66.5443 -67.3999 -68.6592 -70.5761 0.0000 0.0000 -62.5452 -69.6244 0.0000
-65.1439 -65.0436 -64.9464 -64.8442 -64.7414 -64.6381 -64.5345 -64.4304 -64.3246 -64.2197 -64.1144 -64.0090 -63.9036 -63.7981 -63.6928 -63.5871 -63.4821 -63.3802 -63.2763 -63.5166 -63.4197 -63.3125 -63.2240 -63.1390 -63.0583 -62.9825 -62.9129 -62.8402 -62.7606 -62.6883 -62.6274 -65.1644 -65.8756 -67.1264 -69.2575 0.0000 0.0000 0.0000 -62.3138 -71.1624
-65.0572 -64.9541 -64.8505 -64.7507 -64.6458 -64.5404 -64.4344 -64.3279 -64.2206 -64.1121 -64.0041 -63.8956 -63.7866 -63.6779 -63.5691 -63.4646 -63.6679 -63.5639 -63.4636 -63.3621 -63.2623 -63.1622 -63.0364 -62.9245 -62.8144 -62.7060 -62.6002 -62.4979 -62.4000 -62.3083 -62.2240 -62.1528 -62.1013 -62.0812 -66.8445 -72.1281 0.0000 0.0000 -60.6314 -60.5769
-64.9688 -64.8638 -64.7581 -64.6518 -64.5488 -64.4410 -64.3325 -64.2234 -64.1137 -64.0034 -63.8908 -63.7792 -63.6790 -63.8498 -63.7399 -63.6302 -63.5185 -63.3956 -63.2723 -63.1511 -63.0272 -62.9031 -62.7768 -62.6391 -62.5158 -62.3928 -62.2707 -62.1496 -62.0297 -61.9116 -61.7949 -61.6808 -61.5706 -61.4643 -61.3634 -60.6296 -60.5359 -60.4530 -60.3824 -60.3204
-64.8792 -64.7719 -64.6641 -64.5554 -64.4460 -64.3398 -64.2288 -64.1170 -64.0081 -64.1831 -64.0607 -63.9357 -63.8104 -63.6845 -63.5573 -63.4292 -63.3000 -63.1698 -63.0387 -62.9064 -62.7755 -62.6413 -62.5041 -62.3678 -62.2178 -62.0795 -61.9396 -61.7977 -61.6528 -61.5031 -61.3451 -60.8403 -60.7197 -60.6030 -60.4902 -60.3821 -60.2808 -60.1836 -60.0981 -60.0263
-64.7906 -64.6812 -64.5710 -64.4600 -64.3480 -64.2460 -64.3834 -64.2600 -64.1351 -64.0090 -63.8816 -63.7528 -63.6212 -63.4896 -63.3565 -63.2219 -63.0859 -62.9485 -62.8093 -62.6686 -62.5261 -62.3839 -62.2376 -62.0871 -61.9358 -61.7696 -61.2898 -61.1548 -61.0201 -60.8861 -60.7530 -60.6211 -60.4906 -60.3630 -60.2383 -60.1178 -60.0022 -59.8930 -59.7898 -59.6983
-64.7029 -64.5914 -64.4890 -64.5960 -64.4728 -64.3483 -64.2264 -64.0988 -63.9699 -63.8394 -63.7070 -63.5735 -63.4379 -63.2996 -63.1606 -63.0198 -62.8770 -62.7322 -62.5854 -62.4363 -62.2846 -61.8245 -61.6865 -61.5460 -61.4029 -61.2608 -61.1080 -60.9653 -60.8223 -60.6791 -60.5366 -60.3945 -60.2532 -60.1128 -59.9749 -59.8400 -59.7084 -59.5817 -59.4611 -59.3462
-64.8259 -64.7038 -64.5801 -64.4551 -64.3285 -64.2004 -64.0708 -63.9433 -63.8102 -63.6753 -63.5387 -63.4001 -63.2596 -63.1170 -62.9712 -62.8242 -62.3817 -62.2430 -62.1030 -61.9616 -61.8188 -61.6746 -61.5309 -61.3842 -61.2361 -61.0855 -60.9351 -60.7744 -60.6227 -60.4701 -60.3170 -60.1634 -60.0098 -59.8571 -59.7041 -59.5528 -59.4035 -59.2570 -59.1144 -58.9750
-64.7002 -64.5752 -64.4485 -64.3204 -64.1906 -64.0592 -63.9259 -63.7909 -63.6576 -63.5186 -63.3776 -63.2343 -62.8155 -62.6791 -62.5412 -62.4007 -62.2594 -62.1165 -61.9719 -61.8257 -61.6780 -61.5284 -61.3770 -61.2257 -61.0709 -60.9146 -60.7550 -60.5952 -60.4250 -60.2625 -60.0987 -59.9335 -59.7670 -59.5996 -59.4314 -59.2625 -59.0945 -58.9265 -58.7599 -58.5954
-64.5821 -64.4544 -64.3252 -64.1940 -64.0613 -63.9266 -63.7901 -63.3832 -63.2522 -63.1227 -62.9882 -62.8523 -62.7144 -62.5751 -62.4336 -62.2905 -62.1454 -61.9975 -61.8485 -61.6977 -61.5448 -61.3898 -61.2328 -61.0736 -60.9140 -60.7504 -60.5846 -60.4153 -60.2449 -60.0638 -59.8892 -59.7124 -59.5332 -59.3515 -59.1676 -58.9815 -58.7929 -58.6029 -58.4112 -58.2188
-64.4403 -64.3248 -63.9293 -63.8038 -63.6768 -63.5485 -63.4185 -63.2868 -63.1534 -63.0184 -62.8846 -62.7459 -62.6053 -62.4630 -62.3184 -62.1720 -62.0235 -61.8729 -61.7191 -61.5641 -61.4067 -61.2470 -61.0849 -60.9202 -60.7530 -60.5846 -60.4120 -60.2366 -60.0569 -59.8753 -59.6828 -59.4953 -56.9834 -56.7298 -56.5188 -56.3033 -56.0833 -55.8582 -55.6284 -55.3934
-64.1001 -61.8914 -61.7700 -61.6162 -61.4605 -61.3259 -61.1897 -61.0516 -60.9116 -60.7697 -60.6260 -60.4821 -60.3343 -60.1843 -60.0321 -59.8777 -59.7210 -59.5620 -59.4005 -59.2360 -59.0694 -58.9001 -58.7280 -58.5531 -58.3752 -58.1942 -58.0110 -57.8236 -57.6321 -57.4377 -57.2396 -57.0334 -56.8278 -56.6181 -56.4039 -56.1853 -55.9620 -55.7332 -55.4995 -55.3080
-61.9175 -61.7889 -61.6586 -61.5344 -61.4006 -61.2651 -61.1279 -60.9888 -60.8479 -60.7051 -60.5604 -60.4136 -60.2664 -60.1152 -59.9621 -59.8064 -59.6485 -59.4882 -59.3253 -59.1600 -58.9914 -58.8206 -58.6469 -58.4937 -58.3376 -59.5091 -59.3504 -59.1910 -59.0287 -58.8637 -58.6979 -58.5301 -58.3550 -58.1847 -58.0128 -57.8398 -57.6659 -57.4914 -57.3162 -57.1415
-61.8592 -61.7342 -61.6032 -61.4705 -61.3436 -61.2072 -61.0692 -60.9293 -60.8335 -60.6899 -61.5513 -61.4153 -61.2800 -61.1406 -60.9994 -60.8565 -60.7115 -60.5648 -60.4160 -60.2653 -60.1125 -59.9569 -59.7999 -59.6406 -59.4791 -59.3154 -59.1492 -58.9807 -58.8109 -58.6375 -58.4608 -58.2822 -58.1011 -57.9120 -57.7262 -57.5377 -57.3467 -57.1532 -56.9574 -56.7589
-62.7124 -62.5899 -62.4710 -62.3455 -62.2185 -62.0987 -61.9683 -61.8363 -61.7026 -61.5672 -61.4301 -61.2911 -61.1503 -61.0098 -60.8649 -60.7183 -60.5695 -60.4185 -60.2654 -60.1100 -59.9523 -59.7922 -59.6289 -59.4637 -59.2959 -59.1254 -58.9520 -58.7757 -58.5974 -58.4151 -58.2295 -58.0397 -57.8471 -57.6510 -57.4461 -57.2426 -57.0350 -56.8232 -56.5977 -56.3616
-62.6173 -62.4930 -62.3670 -62.2443 -62.1151 -61.9841 -61.8602 -61.7256 -61.5893 -61.4512 -61.3113 -61.1694 -61.0255 -60.8796 -60.7335 -60.5832 -60.4305 -60.2756 -60.1182 -59.9585 -59.7960 -59.6309 -59.4630 -59.2916 -59.1178 -58.9408 -58.7605 -58.5769 -58.3897 -58.1997 -58.0049 -57.8061 -57.6022 -57.3943 -57.1822 -56.9593 -56.7363 -56.4785 -56.0935 -55.9879
-62.5434 -62.3980 -62.2701 -62.1406 -62.0140 -61.8810 -61.7461 -61.6177 -61.4790 -61.3383 -61.1957 -61.0509 -60.9041 -60.7551 -60.6038 -60.4519 -60.2958 -60.1371 -59.9758 -59.8118 -59.6449 -59.4752 -59.3024 -59.1263 -58.9463 -58.7636 -58.5770 -58.3868 -58.1924 -57.9939 -57.7918 -57.5841 -57.3714 -57.1527 -56.9289 -56.5385 -56.3048 -56.1830 -55.9312 -55.6713
-62.4661 -62.3255 -62.1758 -62.0445 -61.9114 -61.7808 -61.6439 -61.5050 -61.3720 -61.2289 -61.0838 -60.9364 -60.7869 -60.6351 -60.4808 -60.3240 -60.1664 -60.0044 -59.8394 -59.6717 -59.5008 -59.3269 -59.1497 -58.9691 -58.7849 -58.5965 -58.4047 -58.2087 -58.0084 -57.8037 -57.5942 -57.3803 -57.0126 -56.7905 -56.6790 -56.4401 -56.1943 -55.9378 -55.6790 -55.4133
-62.3841 -62.2515 -62.1150 -61.9516 -61.8167 -61.6799 -61.5453 -61.4044 -61.2615 -61.1240 -60.9766 -60.8270 -60.6749 -60.5205 -60.3637 -60.2043 -60.0420 -59.8787 -59.7107 -59.5399 -59.3659 -59.1886 -59.0079 -58.8237 -58.6358 -58.4441 -58.2480 -58.0481 -57.8439 -57.4995 -57.2861 -57.1878 -56.9640 -56.7347 -56.4999 -56.2614 -56.0192 -55.7737 -55.5232 -55.2780
-62.3041 -62.1716 -62.0375 -61.9015 -61.7261 -61.5876 -61.4472 -61.3088 -61.1640 -61.0172 -60.8753 -60.7236 -60.5697 -60.4132 -60.2542 -60.0925 -59.9280 -59.7611 -59.5926 -59.4193 -59.2431 -59.0636 -58.8808 -58.6946 -58.5049 -58.3115 -57.9904 -57.7836 -57.5875 -57.4894 -57.2762 -57.0599 -56.8409 -56.6207 -56.3992 -56.1781 -48.8961 -48.6458 -48.4152 -48.1811
0.0000 0.0000 0.0000 0.0000 -61.6405 -61.5008 -61.3589 -61.2151 -61.0728 -60.9246 -60.7741 -60.6281 -60.4726 -60.3148 -60.1545 -59.9916 -59.8260 -59.6576 -59.4867 -59.3142 -59.1373 -58.9575 -58.7747 -58.5889 -58.2776 -58.0926 -58.0095 -57.8115 -57.6111 -57.4099 -57.2081 -57.0068 -49.7424 -49.5104 -49.2993 -49.0848 -48.8673 -48.6452 -48.4170 -48.1802
0.0000 0.0000 0.0000 0.0000 -61.5610 -61.4204 -61.2777 -61.1329 -60.9860 -60.8406 -60.6894 -60.5360 -60.3868 -60.2285 -60.0679 -59.9049 -59.7395 -59.5716 -59.4015 -59.2304 -59.0554 -58.7611 -58.5848 -58.5175 -58.3336 -58.1484 -57.9628 -57.7774 -50.5478 -50.3064 -50.1114 -49.9129 -49.7128 -49.5088 -49.3008 -49.0848 -48.8628 -48.6360 -48.4102 -48.1829
