-67.9611 -67.9731 -67.9954 -68.0206 -68.2624 -67.6814 -67.1095 -67.2305 -67.3990 -67.4553 -66.9011 -66.7959 -66.8399 -66.8850 -66.9378 -66.9829 -67.0009 -67.4725 -67.5188 -67.5676 -67.7671 -67.8179 -68.6966 0.0000 -74.1963 0.0000 -76.6941 0.0000 -72.3840 -72.3454 -73.7388 0.0000 0.0000 -73.2993 -70.6637 -71.0322 -70.8553 -70.6186 -63.2034 -63.1299
-67.8839 -67.9002 -67.9245 -67.9611 -68.0031 -67.6391 -67.0844 -67.2196 -67.5605 -67.6929 -67.7332 -66.9274 -66.8178 -66.8623 -66.9080 -67.3593 -67.3984 -67.3737 -67.3937 -67.4316 -68.0592 -68.5220 -69.0006 -69.4065 0.0000 -73.1057 0.0000 -74.6361 0.0000 -71.8457 0.0000 -72.8130 -70.8596 -70.6366 -70.3433 -70.0494 -70.5394 -63.5779 -63.5660 -63.1549
-67.7890 -67.8039 -67.8325 -67.8723 -67.9277 -67.9923 -67.6912 -67.1864 -67.6345 -67.8357 -67.9006 0.0000 -66.7927 -66.8427 -67.2353 -67.2720 -67.3052 -67.3371 -67.3056 -67.9346 -68.1373 -68.5633 -68.8747 -69.0998 0.0000 -72.5917 0.0000 -74.3430 0.0000 -72.2121 -70.3664 -70.3868 -70.4613 -70.3125 -70.0909 -63.5149 -63.5925 -63.6075 -63.6431 -63.6081
-67.0863 -67.0094 -67.7112 -67.7543 -67.8145 -67.8958 -67.4165 -67.1353 -67.3163 0.0000 0.0000 0.0000 0.0000 -67.1226 -67.1521 -67.1796 -67.2099 -67.8597 -67.9467 -68.0389 -68.1366 -68.3235 -68.7324 -68.9690 -69.5107 0.0000 -72.3144 -73.8520 -71.1814 -71.3136 -70.3349 -70.0603 -70.0291 -70.0004 -63.5689 -63.5225 -63.5003 -63.6474 -63.6956 -63.6646
-67.1149 -67.0381 -66.9616 -66.8856 -67.6591 -67.7471 -67.3098 -67.4662 -68.3569 0.0000 0.0000 0.0000 0.0000 -67.0402 -67.0653 -67.5950 -67.7214 -67.8358 -67.9756 -68.1263 -68.1839 -68.1946 -68.2738 -68.6384 -68.8459 -72.9582 -71.5588 -70.9854 -70.8924 -70.7734 -70.0795 -69.2370 -69.7646 -63.5851 -63.5736 -63.5426 -63.5246 -63.6437 -63.7295 -75.0995
-67.1428 -67.0664 -66.9901 -66.9142 -66.8390 -66.7705 -68.3904 -68.2138 -68.2166 -68.7291 0.0000 0.0000 0.0000 0.0000 -67.4827 -67.5959 -67.7149 -67.8389 -67.9669 -68.0427 -68.1200 -68.1248 -68.0983 -68.3130 -68.4356 -68.0027 -70.3600 -69.7268 -70.7959 -70.5721 -70.3784 -63.6670 -63.7773 -63.5803 -63.5658 -63.5558 -63.5258 -63.5667 -72.4024 -74.7638
-67.1701 -67.0941 -67.0181 -66.9424 -67.3284 -67.3742 -67.4338 -67.9554 -67.7218 -68.5529 0.0000 0.0000 0.0000 0.0000 -67.4742 -67.5810 -67.6925 -67.7786 -67.8389 -67.9043 -67.9708 -68.0197 -67.9944 -67.4329 -67.5855 -67.7478 -69.5794 -69.5388 -69.5548 -70.4765 -63.8154 -63.8141 -63.7649 -63.8749 -63.5292 -63.5549 -70.0708 -70.6919 -72.7743 -73.3431
-66.9373 -67.1213 -67.0512 -67.4676 -67.4845 -67.5097 -67.5318 -67.0518 -66.5552 -67.4412 -73.3446 0.0000 0.0000 -70.6925 -69.4489 -67.5520 -67.6054 -67.6559 -67.7051 -67.7508 -67.7956 -67.3968 -67.4363 -67.4351 -67.3715 -67.5163 -67.7036 -69.4263 -68.1181 -63.6729 -63.8404 -63.8538 -63.7204 -73.6500 0.0000 -69.7598 -70.4270 -70.9509 -71.2644 -72.1232
-66.9575 -67.3082 -67.5959 -67.5954 -67.6008 -67.6035 -67.6020 -67.5927 -67.0944 -66.5955 -66.6063 -70.4273 -70.3427 -70.1396 -69.3403 -67.4448 -67.4931 -67.5405 -67.5853 -67.2321 -67.2304 -67.2792 -67.3326 -67.3764 -67.3843 -67.4864 -67.4396 -63.5102 -63.6603 -63.6706 -63.8787 -63.6069 -72.7898 -72.2177 0.0000 -69.9665 -70.2889 -70.2543 -69.9203 -63.8371
-67.4292 -67.4120 -67.3973 -67.3869 -67.6884 -67.6759 -67.6585 -67.4685 -66.9329 -66.4060 -66.3926 -68.0086 -68.2568 -69.7650 -69.1240 -67.3143 -67.3530 -67.3902 -67.0586 -67.1043 -67.1521 -67.1647 -67.2128 -67.2661 -67.3102 -67.3348 -63.1401 -63.1182 -63.5416 -63.3206 -63.6961 -73.4851 -70.8575 -72.8304 -73.7080 0.0000 -69.6334 -69.4936 -63.5397 -63.6957
-67.5193 -67.4970 -67.4783 -67.4558 -67.4032 -67.6412 -67.5562 -67.4721 -66.9360 -66.4117 -66.3838 -67.4447 -67.8902 -68.0161 -68.9458 -68.4297 -66.8633 -66.8995 -66.9395 -66.9828 -67.0289 -67.0776 -67.0908 -67.1402 -67.2003 -63.1056 -63.1237 -63.1639 -63.4500 -63.1201 -71.3137 0.0000 0.0000 -70.9602 -72.5498 0.0000 -63.5629 -63.4870 -69.6450 -71.7089
-67.5978 -67.5700 -67.5419 -67.4870 -67.4040 -67.3201 -67.5604 -67.4743 -67.3895 -66.8768 -66.3788 -66.3500 -67.5679 -67.7588 -67.2807 -66.9272 -66.7561 -66.7720 -66.8124 -66.8518 -66.8955 -66.9434 -66.9961 -63.0761 -63.0764 -63.0976 -63.1192 -63.1397 -67.8247 -69.4738 -68.6527 -72.3372 0.0000 -70.8213 -69.8811 -63.3747 -63.6834 -69.7258 -70.1628 -71.3541
-67.6574 -67.6296 -67.5704 -67.4871 -67.4028 -67.3179 -67.2323 -67.4750 -67.3875 -66.8750 -66.3729 -66.3411 -66.9890 -67.1822 -67.2509 -66.9580 -66.6402 -65.8419 -66.6771 -66.7127 -66.7522 -66.8001 -63.0318 -63.0520 -63.0588 -63.0798 -63.1051 -67.5385 -68.2192 -69.7288 -70.1630 -70.1034 -70.2439 -69.9958 -63.5458 -63.6965 -69.7691 -70.9453 -71.2767 -70.5220
-67.7057 -67.6531 -67.5697 -67.4853 -67.4002 -67.3140 -67.2272 -67.1398 -67.3844 -66.8717 -66.1164 -66.0648 -66.8255 -67.0198 -67.1185 -66.9801 -66.6957 -65.8353 -65.7772 -65.7108 -66.6066 -62.9815 -62.9991 -63.0205 -63.0454 -63.0579 -67.3055 -67.6575 -68.0228 -68.3170 -69.4385 -68.1838 -69.0432 -63.2388 -63.5433 -69.1355 -69.7991 -70.8690 -72.6105 -72.9451
-67.7159 -67.6515 -67.5673 -67.4821 -67.3960 -67.3088 -67.2207 -67.1318 -66.7602 -66.9701 -66.5193 -66.0652 -66.0300 -66.8871 -66.9904 -66.9879 -66.7319 -65.8294 -65.7716 -65.7159 -62.5545 -62.9474 -62.9575 -62.9782 -66.8015 -67.0868 -67.3834 -67.5715 -67.6823 -67.7793 -69.3358 -63.7306 -63.6451 -69.0123 -69.0593 -69.2724 -69.5847 -70.5109 -72.3699 0.0000
-66.6346 -67.6233 -67.5632 -67.4774 -67.3904 -67.3023 -67.2130 -66.8219 -66.7373 -66.6535 -66.5218 -66.0654 -66.0292 -66.7787 -66.8799 -66.9294 -66.7563 -66.5228 -62.6535 -62.6189 -62.5831 -62.5432 -62.5080 -66.5666 -66.7853 -67.0267 -67.2360 -67.3617 -67.4286 -67.5332 -63.2786 -63.7213 -68.8382 -69.5531 -69.3529 -69.9406 -69.6056 -69.8346 -71.1321 -75.2842
-67.6294 -66.5456 -66.4567 -67.4436 -67.3835 -66.9928 -66.9041 -66.8190 -66.7339 -66.6491 -66.2263 -66.0762 -66.0242 -66.2894 -66.7854 -66.8372 -66.7766 -63.0569 -62.6795 -62.6449 -62.6090 -62.5721 -65.6577 -65.6896 -65.7111 -66.8260 -66.9256 -67.0479 -67.1936 -63.1071 -63.1607 -68.9460 -69.8771 0.0000 0.0000 -70.9515 -71.7135 -68.1924 -68.8984 -74.6996
-68.0724 -67.5492 -67.4615 -66.1092 -67.0091 -66.9571 -66.9008 -66.8155 -66.7299 -66.6444 -66.5598 -66.1563 -66.0237 -65.9828 -66.7062 -66.7628 -63.1849 -63.0983 -63.0006 -62.6707 -62.6351 -65.7390 -65.7617 -65.7754 -65.7282 -65.6472 -65.5525 -66.6826 -62.9797 -63.0624 -67.2222 -67.5429 -71.1718 0.0000 0.0000 -70.2084 -72.2162 -73.4026 -67.8704 -69.8796
-68.0881 -67.6727 -67.1546 -67.0583 -66.9661 -65.9091 -66.8322 -66.7802 -66.7254 -66.6394 -66.5539 -66.1518 -65.7396 -65.6983 -63.1682 -63.1839 -63.1848 -63.1366 -63.0444 -65.8040 -65.8154 -65.8317 -65.8402 -65.7886 -65.7035 -65.6051 -65.5135 -62.3763 -62.8523 -66.6888 -67.0938 -68.0897 -70.2131 -77.1865 0.0000 -69.9161 0.0000 0.0000 0.0000 0.0000
-67.7591 -67.6761 -67.5909 -67.0650 -66.9623 -66.8691 -65.8030 -65.7073 -66.6517 -66.6002 -66.5482 -66.1480 -66.0825 -62.7457 -62.7207 -63.1847 -63.1880 -63.1705 -66.5787 -65.8877 -65.8995 -65.9041 -65.8422 -65.7603 -65.6723 -62.4905 -62.4441 -65.3876 -65.3636 -65.3483 -67.0764 -67.7946 -68.4676 -72.2930 0.0000 0.0000 -71.2004 0.0000 0.0000 0.0000
-67.7775 -67.6941 -67.6084 -67.5073 -67.3972 -66.8701 -66.7706 -66.6753 -65.5986 -66.5208 -66.4709 -66.4317 -62.9697 -62.7681 -62.7392 -63.0249 -63.1914 -66.7402 -66.6940 -66.5939 -65.9667 -65.8953 -65.8166 -65.7321 -62.5591 -62.5176 -65.4764 -65.4468 -65.4326 -65.7060 -65.7127 -65.7050 -67.8743 -69.9725 0.0000 0.0000 0.0000 0.0000 -65.6842 -67.4171
-67.7945 -67.7128 -67.6265 -67.5308 -67.4205 -67.3091 -66.7714 -66.6710 -66.5754 -66.4804 -62.6558 -63.1303 -62.9573 -62.7724 -62.7612 -63.0277 -66.3361 -66.7764 -66.7971 -66.6826 -65.9474 -65.8719 -65.7911 -62.6261 -62.5861 -65.5633 -65.5415 -65.5194 -65.7678 -65.7744 -65.7613 -65.7352 -65.6926 -65.6341 -70.8954 0.0000 0.0000 -65.7509 -65.6682 -65.4821
-67.7967 -67.7262 -67.6456 -67.5550 -67.4446 -67.3331 -67.2206 -66.6729 -66.5746 -63.2310 -63.1787 -63.1282 -62.4309 -62.9198 -65.6422 -65.6767 -66.3591 -66.4144 -66.8367 -66.6815 -66.5025 -65.8487 -62.6916 -62.6530 -65.6468 -65.6255 -65.6035 -65.8533 -65.8400 -65.8210 -65.7987 -65.7604 -65.6991 -65.6094 -65.7384 -66.1374 -65.9938 -65.8430 -65.6173 -65.4810
-67.7989 -67.7283 -67.6557 -67.5764 -67.4698 -67.3586 -67.2473 -67.1388 -63.5131 -63.2546 -63.2023 -63.1516 -63.0992 -64.9433 -65.6167 -65.6507 -66.2857 -66.3447 -66.3666 -66.6762 -63.0884 -62.7553 -62.7182 -65.7267 -65.7062 -65.6843 -65.9306 -65.9129 -65.8909 -65.8617 -65.7053 -65.6210 -65.5333 -65.4410 -65.3451 -65.6360 -65.9223 -65.8020 -65.6110 -65.4594
-67.8011 -67.7304 -67.6578 -67.5835 -67.4966 -67.3874 -63.6656 -63.6089 -63.5514 -63.4930 -63.2283 -63.1751 -66.3035 -65.9750 -65.6332 -64.6444 -66.1645 -66.1903 -66.2026 -62.9667 -63.1090 -65.8257 -65.8027 -65.7829 -65.7619 -66.0063 -65.9832 -65.9378 -65.8635 -65.7857 -65.7087 -65.6238 -65.5265 -65.4428 -65.3473 -65.6180 -65.8333 -65.7474 -65.5052 -65.4626
-67.8032 -67.7327 -67.6604 -67.5871 -67.5094 -63.7585 -63.7040 -63.6475 -63.5901 -63.5319 -66.9438 -66.4093 -66.3577 -66.0262 -65.9871 -65.6112 -65.5389 -64.9090 -62.9269 -62.9294 -66.0096 -66.3666 -65.8550 -65.8356 -66.0773 -66.0548 -66.0122 -65.9411 -65.8667 -65.7888 -65.7075 -65.6267 -65.5381 -65.4364 -65.3495 -65.2495 -65.5110 -65.6890 -65.5851 -65.4577
-68.1018 -67.7355 -67.6647 -67.5957 -63.8364 -63.7884 -63.7397 -63.6864 -63.6294 -67.1001 -67.0301 -66.9628 -66.8997 -66.3519 -65.9779 -65.5962 -65.5229 -62.9248 -62.8974 -64.7466 -65.9531 -65.9125 -65.7944 -66.0856 -66.1240 -66.0824 -66.0149 -65.9439 -65.8696 -65.7915 -65.7101 -65.6294 -65.5410 -65.4485 -65.3429 -65.2519 -65.4950 -65.6165 -65.5453 -65.4243
-68.0505 -68.0022 -67.6638 -63.9034 -63.8638 -63.8181 -63.7697 -63.7209 -67.2580 -67.1898 -67.1224 -67.0534 -66.9712 -66.8433 -65.9690 -65.5855 -62.7171 -62.7921 -65.9173 -65.9049 -64.7043 -65.8511 -66.0633 -65.6023 -66.0201 -66.0189 -66.0166 -65.9459 -65.8716 -65.7938 -65.7125 -65.6317 -65.5435 -65.4515 -65.3552 -65.2439 -65.1506 -65.3852 -65.4974 -65.3972
-66.9558 -64.0927 -64.0634 -63.9065 -63.8814 -63.8477 -63.7999 -67.3819 -67.3321 -67.2820 -67.2127 -67.1146 -66.9915 -66.8626 -63.2158 -62.9319 -65.5018 -65.4613 -65.9350 -65.9224 -65.9015 -66.0921 -64.7006 -65.4961 -65.4834 -65.8852 -65.8817 -65.8795 -65.8729 -65.7953 -65.7143 -65.6337 -65.5459 -65.4540 -65.3583 -65.2585 -65.1540 -65.3738 -65.4553 -65.3637
-63.6931 -63.6436 -63.5932 -63.5417 -64.0062 -67.4819 -67.4632 -67.4490 -67.4000 -67.3492 -67.2597 -67.1371 -67.0134 -63.4579 -63.3971 -66.3616 -65.5382 -65.4977 -65.9532 -65.9391 -66.1671 -66.1257 -65.9983 -65.4178 -64.1399 -65.3387 -65.7410 -65.7351 -65.7307 -65.7279 -65.7157 -65.6315 -65.5477 -65.4564 -65.3611 -65.2617 -65.1579 -65.0495 -65.2584 -65.3344
-63.7228 -63.6741 -63.6235 -63.5721 -66.7044 -66.6403 -67.4402 -67.4271 -67.4149 -67.3566 -67.2594 -67.1522 -63.5609 -63.5009 -66.8074 -66.4383 -66.0644 -66.0072 -65.7044 -66.2028 -66.1769 -66.1208 -66.0083 -65.8591 -65.3207 -64.0229 -65.1850 -65.5873 -65.5793 -65.5728 -65.5681 -65.5649 -65.5490 -65.4582 -65.3635 -65.2647 -65.1616 -65.0540 -65.2509 -65.1297
-63.7525 -63.7050 -63.6546 -66.8242 -66.7620 -66.6998 -66.6274 -66.2936 -67.3251 -67.2607 -67.1963 -63.6370 -63.5980 -66.9734 -66.8908 -66.5198 -66.4498 -66.0819 -66.0280 -66.2197 -66.1601 -66.0975 -66.0113 -65.8699 -65.3199 -65.2254 -65.1263 -63.7964 -65.4244 -65.4141 -65.4055 -65.3988 -65.3973 -65.3943 -65.3654 -65.2673 -65.1650 -65.0582 -64.9469 -65.1329
-63.7827 -67.0101 -66.9439 -66.8832 -66.8218 -66.7581 -66.6750 -66.5559 -66.1791 -63.1765 -63.6551 -63.6235 -67.0197 -67.0033 -66.9777 -66.8953 -66.5315 -66.1569 -66.3458 -66.8204 -66.1452 -66.0753 -66.0049 -65.8790 -65.7325 -65.2250 -65.1266 -65.0236 -64.9157 -63.8662 -65.2392 -65.2285 -65.2198 -65.2164 -65.2116 -65.2094 -65.1680 -65.0622 -64.9519 -65.1099
-67.1346 -67.0661 -67.0038 -66.9432 -66.8803 -66.7946 -66.6885 -66.5691 -63.3814 -63.3182 -65.9678 -65.8876 -65.8112 -66.9536 -66.9381 -66.9249 -66.6124 -66.4785 -66.3851 -66.5361 -66.7685 -66.6808 -65.9839 -65.8858 -65.7424 -65.2248 -65.1269 -65.0246 -64.9176 -64.8055 -65.1154 -65.0544 -65.0415 -65.0341 -65.0255 -65.0191 -65.0153 -65.0143 -64.9435 -64.8409
-68.2430 -68.2097 -67.0950 -67.0022 -66.9097 -66.8064 -66.7008 -63.4781 -63.4160 -66.3593 -66.2678 -65.9202 -65.8438 -65.7697 -65.6915 -66.8634 -66.8218 -66.7766 -66.4139 -66.3364 -66.7983 -66.7104 -66.6134 -65.8808 -65.7507 -65.2296 -65.1272 -65.0256 -64.9194 -64.8085 -64.6923 -65.0055 -63.4707 -64.8473 -64.8348 -64.8242 -64.8162 -64.8024 -64.8071 -64.8083
-68.3195 -68.2892 -68.2455 -68.1518 -68.0547 -66.8338 -63.5715 -63.5131 -66.5038 -66.4144 -66.3258 -66.2360 -65.8754 -65.8004 -65.7213 -65.8358 -65.7289 -66.6808 -66.3386 -66.2964 -66.7948 -66.7431 -66.6465 -66.5411 -65.7652 -65.6159 -65.1274 -65.0266 -64.9214 -64.8115 -64.6966 -64.5764 -64.8932 -64.7619 -63.1954 -64.6249 -64.6076 -64.6012 -64.5948 -64.5919
-68.3952 -68.3552 -68.2669 -68.1724 -64.2513 -64.1723 -64.1240 -66.6778 -66.5757 -66.4734 -66.3844 -66.2940 -66.2017 -65.8299 -65.9426 -65.8362 -65.7288 -65.4163 -65.0961 -66.2165 -66.1737 -66.6552 -66.6241 -66.5782 -66.4520 -65.6311 -65.1273 -65.0275 -64.9234 -64.8146 -64.7010 -64.5822 -64.4579 -64.3278 -64.6429 -64.4954 -62.9009 -64.3882 -64.3773 -64.3759
-68.4514 -68.3743 -68.2928 -64.3001 -64.2564 -64.2287 -67.9466 -67.8863 -67.8046 -67.7274 -66.4737 -66.3422 -66.2591 -66.3722 -66.2483 -65.8364 -65.7286 -65.4169 -65.3176 -65.0063 -64.9168 -65.1844 -66.5039 -66.4650 -66.4224 -66.3376 -66.1658 -65.0281 -64.9251 -64.8177 -64.7055 -64.5883 -64.4657 -64.3375 -64.2044 -64.5208 -64.3704 -64.2123 -64.1602 -64.3649
-68.4718 -68.3949 -64.3831 -64.3394 -68.1422 -68.0806 -68.0229 -67.9643 -67.8934 -67.8092 -67.7299 -67.6484 -67.8230 -66.4180 -66.2773 -66.1514 -65.7284 -65.6195 -65.3177 -65.0058 -64.9160 -64.9843 -65.0877 -64.9725 -66.2946 -66.2276 -66.1264 -65.6406 -64.9339 -64.8205 -64.7099 -64.5941 -64.4737 -64.3460 -64.2165 -64.0785 -64.3995 -64.2505 -64.3053 -62.5998
-68.4938 -64.4579 -64.4215 -68.2703 -68.2129 -68.1578 -68.1014 -68.0431 -67.9763 -67.8990 -67.8197 -68.0052 -67.8852 -67.7524 -67.6445 -66.2142 -66.0533 -65.6188 -65.3177 -65.0112 -64.9130 -64.8225 -65.0854 -64.9864 -64.8650 -64.7348 -66.0156 -65.5351 -65.4662 -64.7835 -64.7139 -64.5986 -64.4799 -64.3553 -64.2260 -64.0934 -63.9573 -64.5105 -64.3814 -64.2411
