-75.5481 -76.1003 -76.1222 -74.5341 -74.5714 -74.6126 -74.5789 -74.6415 -75.8970 0.0000 -77.7752 -77.7640 -77.5148 -77.7763 -77.6819 -77.2353 -75.9736 -75.2739 -75.3766 -76.2496 -75.5458 -74.2094 -73.3851 -73.4209 -73.4621 -73.5027 -73.5442 -73.5869 -73.6308 -73.6756 -73.7553 -73.7980 -73.8423 -73.8845 -73.9287 -73.9736 -74.0191 -74.0653 -74.1120 -74.1593
-74.1399 -75.6893 -75.5641 -75.4524 -74.5085 -74.5486 -74.6039 -74.5653 -75.6475 -76.3872 -77.1524 -77.1215 -77.0601 -77.0832 -77.0726 -76.6534 -75.8478 -75.7458 -75.2219 -75.3076 -76.1784 -74.0909 -73.9765 -73.3299 -73.3767 -73.4222 -73.4701 -73.5188 -73.5685 -73.6193 -73.6707 -73.7228 -73.7751 -73.8837 -73.9279 -73.9725 -74.0177 -74.0634 -74.1098 -74.1566
-75.1935 -75.2871 -74.3043 -75.5145 -74.3950 -74.4885 -74.5341 -74.4810 -74.5422 -75.6445 -76.4174 -76.6778 -76.8295 -76.8340 -76.7941 -76.4372 -75.7967 -75.0877 -75.1248 -75.8516 -75.8120 -74.6147 -73.9903 -73.3135 -73.3606 -73.4081 -73.4542 -73.5025 -73.5516 -73.6016 -73.6523 -73.7039 -73.7561 -73.8089 -73.8608 -73.9114 -73.9622 -74.0133 -74.0648 -74.1167
-75.1551 -74.9590 -75.1810 -75.2723 -74.2431 -74.3092 -74.4148 -74.4923 -74.4645 -75.4514 -75.6414 -76.3574 -76.5512 -76.6014 -76.5526 -76.2717 -76.0146 -75.6473 -75.0348 -75.1540 -75.1128 -74.9371 -73.9561 -73.3011 -73.3486 -73.3925 -73.4403 -73.4869 -73.5356 -73.5850 -73.6351 -73.6860 -73.7376 -73.7898 -73.8423 -73.8954 -73.9474 -73.9983 -74.0494 -74.1008
-75.0801 -73.8703 -74.9994 -74.0996 -75.2972 -74.2203 -74.3403 -74.4057 -74.4843 -74.4796 -75.4615 -75.6223 -76.2872 -76.3314 -76.2686 -76.1175 -75.9323 -75.6102 -74.5043 -75.0614 -75.6200 -74.9163 -73.9587 -73.2454 -73.3293 -73.3775 -73.4298 -73.4722 -73.5206 -73.5694 -73.6189 -73.6692 -73.7201 -73.7717 -73.8239 -73.8762 -73.9294 -73.9828 -74.0344 -74.0855
-74.9995 -74.8056 -74.8011 -73.9348 -75.0552 -74.1399 -74.1998 -74.3097 -74.4077 -74.4774 -75.2997 -75.4558 -75.5964 -76.1603 -76.0628 -75.9946 -75.8312 -75.5634 -74.9486 -75.0041 -75.5385 -74.8993 -73.9595 -73.8942 -73.2801 -73.3626 -73.4110 -73.4599 -73.5073 -73.5551 -73.6041 -73.6536 -73.7038 -73.7547 -73.8062 -73.8584 -73.9106 -73.9637 -74.0171 -74.0705
-74.5750 -74.7463 -74.7099 -74.7698 -74.7780 -74.1534 -74.1194 -74.1809 -74.3035 -74.3914 -74.5089 -75.3015 -75.4411 -75.8708 -75.9416 -75.8334 -75.7449 -75.4925 -75.4474 -74.9166 -75.4525 -74.8907 -74.5389 -73.9017 -73.2672 -73.3159 -73.3969 -73.4455 -73.4946 -73.5422 -73.5913 -73.6407 -73.6892 -73.7393 -73.7899 -73.8413 -73.8929 -73.9454 -73.9983 -74.0516
-73.3341 -74.4103 -73.5157 -74.4432 -73.5857 -74.8108 -74.0379 -74.1018 -74.1626 -74.3077 -74.3861 -75.2756 -75.2948 -75.4214 -75.7042 -75.7362 -75.6232 -75.5554 -75.3930 -74.3760 -74.9278 -75.2612 -74.5680 -73.8998 -73.2521 -73.3029 -73.3526 -73.4018 -73.4810 -73.5301 -73.5780 -73.6272 -73.6767 -73.7265 -73.7755 -73.8260 -73.8771 -73.9284 -73.9807 -74.0335
-73.2965 -74.3172 -74.2913 -74.3454 -74.3858 -74.3964 -73.6702 -73.7862 -74.0865 -74.1993 -74.2941 -75.1395 -75.1576 -75.2826 -75.3991 -75.5246 -75.5486 -75.4597 -75.3324 -74.2878 -74.8392 -75.2168 -74.5765 -73.8930 -73.8511 -73.2825 -73.3338 -73.3851 -73.4365 -73.5168 -73.5664 -73.6146 -73.6639 -73.7134 -73.7633 -73.8135 -73.8629 -73.9132 -73.9648 -74.0167
-73.2574 -74.2947 -74.2007 -74.2597 -74.3733 -74.3109 -74.4471 -73.6885 -73.8006 -73.8546 -73.9762 -74.0515 -75.1342 -75.1506 -75.2670 -75.3198 -75.3607 -75.3999 -75.2417 -74.6665 -74.7532 -75.1623 -74.5690 -73.8794 -73.8448 -73.2613 -73.3130 -73.3646 -73.4164 -73.4682 -73.5479 -73.5984 -73.6494 -73.7006 -73.7508 -73.8007 -73.8509 -73.9013 -73.9516 -74.0017
-73.2166 -73.2702 -74.1820 -73.3808 -74.2922 -73.5730 -74.3518 -73.6484 -73.7062 -73.8154 -73.8865 -73.9925 -74.7620 -74.8630 -74.8629 -75.2064 -75.2186 -75.2286 -75.1819 -75.1079 -74.2284 -74.7606 -74.5530 -73.8625 -73.8344 -73.2393 -73.2914 -73.3435 -73.3956 -73.4477 -73.4999 -73.5792 -73.6300 -73.6814 -73.7329 -73.7844 -73.8362 -73.8880 -73.9392 -73.9893
-73.1717 -73.2281 -74.1575 -74.1011 -74.1402 -74.2695 -74.3251 -73.6235 -73.6653 -73.7236 -73.8384 -73.9102 -74.0166 -74.7831 -74.8832 -74.8571 -74.8675 -74.9013 -74.7644 -75.0593 -74.1551 -74.6624 -74.5248 -74.3698 -73.8205 -73.2163 -73.2690 -73.3216 -73.3741 -73.4266 -73.4791 -73.5316 -73.5842 -73.6360 -73.7135 -73.7652 -73.8170 -73.8689 -73.9210 -73.9725
-73.1123 -73.1829 -74.1265 -74.0725 -74.0748 -74.1697 -73.5963 -74.3579 -73.6229 -73.6820 -73.7408 -73.8671 -73.9653 -74.7015 -74.8034 -74.8913 -74.8076 -74.8130 -74.7964 -74.6824 -74.3294 -74.3752 -74.4729 -74.3488 -73.8016 -73.7869 -73.2457 -73.2989 -73.3519 -73.4048 -73.4577 -73.5105 -73.5633 -73.6162 -73.6683 -73.7551 -73.8166 -73.8686 -73.9208 -73.9730
-73.0477 -73.1186 -73.1941 -74.0420 -73.3089 -74.0917 -73.4338 -74.2678 -73.6270 -73.6390 -73.6986 -73.8097 -73.8815 -73.9891 -74.7199 -74.8212 -74.7501 -74.7608 -74.7625 -74.6534 -74.3080 -73.9460 -74.2656 -74.1569 -73.6063 -73.7898 -73.2408 -74.1473 -74.2027 -74.2580 -74.3131 -74.3681 -74.4230 -74.4779 -74.5328 -74.5869 -74.6712 -72.8313 -72.8841 -72.9370
-73.7788 -73.0590 -73.1303 -74.0081 -73.9818 -74.0212 -74.0881 -74.1255 -74.2947 -73.5945 -73.6695 -73.7285 -73.8506 -73.9150 -74.6543 -74.7493 -74.7948 -74.7170 -74.7259 -74.6328 -74.5884 -72.6725 -72.9512 -72.8803 -72.4722 -72.4761 -72.3360 0.0000 0.0000 -74.7788 -74.7341 -74.7221 -74.7294 -74.7488 -74.7761 -74.8091 -74.8453 -74.9158 -74.9573 -75.0005
-73.6854 -73.0068 -73.0777 -73.9575 -73.9490 -72.4327 -72.5093 -72.0705 -72.6243 -72.2599 -72.3079 -73.6880 -73.7638 -73.8845 -73.9815 -74.7139 -74.7805 -74.8168 0.0000 0.0000 0.0000 0.0000 0.0000 0.0000 0.0000 0.0000 0.0000 0.0000 0.0000 -75.5557 -75.2990 -75.1390 -74.9562 -74.9564 -74.9671 -74.8633 -74.8784 -74.9072 -74.9685 -75.0012
-73.6605 -73.0191 -73.1005 -73.1809 -74.0125 -73.3369 -74.1075 -73.4923 -74.2295 -73.6260 -73.7533 -73.7776 -73.8445 -73.9338 -74.0442 -74.7879 -74.8611 -74.8978 0.0000 0.0000 0.0000 0.0000 0.0000 0.0000 0.0000 0.0000 0.0000 0.0000 0.0000 -75.7347 -75.4995 -75.3328 -74.8321 -74.8246 -74.8282 -74.8411 -74.7895 -74.8223 -74.8576 -74.9238
-73.6667 -73.1183 -73.1982 -73.2767 -74.1421 -74.1521 -74.2074 -74.2927 -74.3306 -74.4209 -73.7853 -73.9120 -73.9328 -74.0135 -74.0855 -74.2319 -74.9434 -74.9797 0.0000 0.0000 0.0000 -85.6973 -84.5917 -82.9552 -81.8418 -81.1169 -80.6518 -80.4433 -80.1812 -74.8167 -74.7930 -74.7460 -74.7328 -74.7301 -74.7342 -74.7484 -74.7688 -74.7947 -74.8248 -74.8074
-73.7809 -73.8875 -73.2954 -73.3724 -74.2717 -74.2747 -74.3116 -74.3963 -73.7444 -74.5134 -73.8782 -73.9410 -74.0671 -74.0927 -74.1717 -74.2386 -74.9859 -75.0410 0.0000 0.0000 0.0000 -84.9137 -82.6919 -80.9241 -80.0789 -79.6178 -79.3061 -79.1940 -78.7453 -76.9456 -73.8088 -73.8291 -73.8470 -73.8793 -73.9112 -73.9439 -73.9775 -74.0154 -74.0552 -74.0964
-73.1657 -73.9686 -73.2793 -73.4295 -73.5040 -74.3345 -73.6254 -74.4076 -74.4651 -74.5071 -74.5903 -73.9346 -73.9893 -74.0622 -74.1408 -74.1963 -74.9009 -74.9597 -75.0130 -76.9219 -76.6746 -76.6292 -76.6183 -76.6125 -76.6168 -76.6265 -76.6054 -76.5630 -76.3000 -75.5126 -73.7469 -73.7957 -73.8410 -73.8617 -73.9077 -73.9431 -73.9783 -74.0157 -74.0523 -74.0924
-73.0991 -73.8736 -73.2154 -73.2737 -73.4239 -74.2660 -74.2734 -74.3192 -74.4015 -74.4342 -74.5025 -73.8801 -73.9354 -73.9911 -74.0717 -74.1435 -74.2074 -74.8596 -74.9490 -75.8973 -75.9054 -76.3666 -76.3729 -76.3811 -76.3898 -76.3924 -76.3547 -76.2923 -76.0104 -75.4453 -73.7122 -73.7646 -73.8147 -73.8355 -73.8848 -73.9316 -73.9749 -74.0130 -74.0512 -74.0909
-73.7319 -73.7813 -73.8700 -73.2092 -73.2689 -74.1943 -74.2017 -74.2355 -74.3080 -73.6937 -74.4225 -73.8202 -73.8806 -73.9369 -73.9936 -74.0897 -74.1543 -74.8000 -74.8209 -75.0428 -75.7523 -75.7641 -75.7704 -75.7796 -76.1031 -77.6677 -77.5467 -77.3977 -77.0051 -76.4089 -75.0703 -74.3593 -74.3976 -74.4358 -74.4391 -74.4753 -74.5092 -74.5466 -74.5804 -74.6067
-73.6554 -73.0365 -73.7727 -73.1428 -73.2038 -74.0231 -74.1292 -73.4834 -75.5343 -75.6240 -75.6873 -75.7844 -74.9763 -75.0423 -75.1124 -75.1873 -75.2927 -75.3673 -76.1700 -76.3430 -77.1925 -77.2133 -77.1461 -77.0826 -77.0335 -76.9479 -77.1505 -77.0275 -76.7108 -76.2547 -75.0648 -74.2820 -74.3240 -74.3656 -74.4071 -74.4157 -74.4545 -74.4908 -74.5303 -74.5703
-75.1447 -74.2503 -75.2390 -74.3795 -74.4439 -74.5082 -75.5471 -75.6922 -75.7417 -75.8309 -75.0058 -75.9592 -75.1323 -75.1920 -75.2515 -75.2945 -75.3279 -75.3655 -76.1068 -76.1987 -76.3150 -76.9245 -76.8979 -76.8443 -76.7990 -76.7186 -76.5922 -76.4589 -76.1967 -76.0942 -75.6605 -74.1999 -74.2457 -74.2910 -74.3357 -74.3801 -74.3935 -74.4347 -74.4733 -74.5150
-75.6057 -74.5921 -75.5843 -74.6473 -74.6923 -74.7401 -75.8383 -75.8115 -75.9748 -76.0406 -75.1582 -76.0674 -75.1950 -75.1617 -75.1592 -75.1615 -75.1916 -75.2111 -75.2628 -76.0425 -76.0720 -76.6718 -76.6322 -76.6110 -76.5764 -76.4967 -76.3848 -76.2619 -76.0435 -75.7477 -75.4022 -74.5771 -74.1636 -74.2125 -74.2605 -74.3081 -74.3551 -74.3728 -74.4135 -74.4570
-75.7354 -75.6507 -75.6385 -75.6839 -74.7202 -74.7580 -75.8665 -75.8281 -74.8896 -75.9170 -75.9008 -75.8567 -75.8572 -75.0085 -75.0145 -75.0208 -75.0405 -75.0728 -75.1031 -75.8813 -75.9085 -75.9446 -76.4194 -76.3655 -76.3579 -76.2843 -76.1880 -76.0801 -75.8995 -75.6504 -75.3642 -74.5654 -73.9537 -73.9947 -74.0363 -74.2329 -74.2828 -74.3079 -74.3537 -74.3966
-75.5465 -75.4941 -74.5406 -75.5286 -74.6196 -74.6647 -74.7122 -75.7151 -75.6038 -75.5401 -75.6605 -74.8066 -75.6284 -74.8357 -74.8525 -74.8678 -74.8835 -74.9288 -74.9507 -75.0129 -75.7409 -75.7791 -76.1367 -76.1643 -76.1274 -76.0754 -75.9965 -75.9084 -75.7612 -75.5499 -75.3098 -74.5411 -73.8992 -73.9413 -73.9843 -74.0277 -74.0714 -74.2599 -74.2886 -74.3365
-75.6999 -75.5701 -74.5410 -75.4790 -74.5654 -74.5900 -74.5736 -75.4763 -75.3606 -75.2979 -75.2780 -74.6181 -75.3923 -75.4158 -74.6758 -74.7027 -74.7275 -74.7610 -74.8050 -74.8429 -75.5529 -75.6106 -75.6559 -75.8982 -75.9288 -75.8589 -75.8082 -75.7378 -75.6262 -75.4465 -75.2435 -75.0209 -73.8498 -73.8858 -73.9301 -73.9749 -74.0201 -74.0654 -74.1110 -74.1358
-75.7232 -75.3832 -75.2875 -75.2664 -75.2824 -74.3409 -74.3050 -75.1740 -75.0841 -74.2668 -75.0161 -75.0295 -75.1434 -75.1707 -74.4872 -74.5222 -74.5595 -74.5940 -74.6522 -74.6877 -74.7716 -75.4191 -75.4896 -75.5412 -75.6704 -75.6788 -75.6140 -75.5710 -75.4913 -75.3437 -75.1717 -74.9828 -74.3630 -73.8302 -73.8759 -73.9219 -73.9686 -74.0154 -74.0623 -74.1093
-75.7356 -75.4724 -75.2168 -74.8839 -74.8230 -74.0073 -73.9948 -73.9942 -74.7737 -74.7395 -74.7346 -74.7578 -74.1036 -74.9143 -74.2942 -74.3303 -74.3762 -74.4237 -74.4748 -74.5327 -74.5840 -75.2466 -75.2979 -75.3744 -75.4904 -75.4369 -75.4477 -75.3928 -75.3488 -75.2341 -75.0908 -74.9307 -74.3228 -73.7717 -73.8188 -73.8664 -73.9145 -73.9629 -74.0114 -74.0596
-73.7676 -73.8084 -73.8265 -73.2132 -73.7737 -73.2099 -73.2803 -73.3442 -74.0826 -74.1078 -74.1475 -74.2064 -74.2712 -74.3215 -74.4912 -73.9530 -74.0195 -74.0856 -74.1513 -74.2332 -74.2987 -74.9321 -74.9928 -75.0591 -75.1320 -75.1572 -75.1188 -75.1418 -75.1021 -75.0291 -74.9262 -74.7980 -74.2146 -73.6637 -73.7145 -73.7659 -73.8177 -73.8695 -73.9215 -73.9732
-73.6758 -73.7921 -73.7915 -73.1801 -73.8714 -73.2938 -73.2310 -73.3011 -74.0404 -74.0649 -73.4907 -74.1526 -74.2194 -73.7263 -74.3316 -73.9026 -73.9694 -74.0354 -74.1009 -74.1802 -74.2470 -74.3122 -74.9363 -74.9996 -75.0492 -75.0845 -75.0546 -75.0178 -75.0440 -74.9653 -74.8895 -74.7861 -74.6633 -74.1636 -73.6913 -73.7421 -73.7934 -73.8451 -73.8967 -73.9484
-71.3816 -71.4035 -71.4788 -71.5073 -71.5695 -71.6423 -72.9086 -73.0075 -72.9969 -73.6802 -73.7417 -73.8156 -73.9237 -73.4468 -74.0723 -74.1537 -73.7598 -73.8364 -73.9112 -73.9916 -74.0775 -74.1507 -74.7573 -74.8244 -74.8772 -74.9018 -74.8929 -74.8713 -74.8456 -74.8437 -74.7681 -74.6982 -74.6024 -74.1090 -73.6268 -73.6793 -73.7321 -73.7853 -73.8387 -73.8919
-71.3245 -71.4074 -71.4310 -71.4854 -71.5274 -71.5983 -71.2870 -71.3543 -71.4213 -71.8933 -71.8644 -71.9215 -71.9875 -72.0596 -72.1397 -73.8762 -73.4468 -73.6089 -73.6935 -73.7756 -73.8687 -73.9537 -74.0342 -74.6485 -74.7050 -74.7341 -74.7230 -74.7210 -74.7092 -74.7197 -74.6610 -74.5915 -74.5286 -74.0505 -73.5607 -73.6150 -73.6694 -73.7242 -73.7790 -73.8340
-71.2392 -71.3189 -71.4044 -71.4069 -71.1003 -71.5548 -71.2513 -71.3192 -71.3868 -71.8602 -71.9069 -71.5172 -71.9457 -72.0160 -71.7311 -72.1465 -71.8653 -71.9319 -72.0541 -72.1235 -72.1964 -72.2733 -72.3453 -72.8115 -74.5065 -74.5408 -74.5408 -74.5370 -74.5435 -74.5189 -74.5255 -74.4726 -74.4104 -73.9608 -73.9703 -73.5493 -73.6055 -73.6619 -73.7183 -73.7748
-71.1859 -71.2642 -71.3469 -71.4175 -71.0556 -71.4929 -71.5686 -71.2555 -75.4874 -71.4479 -71.8429 -71.8939 -71.9567 -71.9437 -71.6908 -72.1060 -72.1758 -71.8970 -71.9634 -72.0852 -72.1544 -72.2357 -72.3037 -72.3796 -72.7634 -72.7978 -72.8130 -72.8261 -72.8386 -72.8499 -72.8377 -72.8556 -72.9064 -74.2728 -73.8855 -73.4641 -73.5222 -73.5801 -73.6381 -73.6961
-71.1334 -71.2106 -71.2923 -71.3693 -71.4296 -71.4426 -71.5205 0.0000 0.0000 0.0000 -76.6589 -75.3252 -74.0298 -74.3253 -74.1347 -73.8901 -72.1383 -71.8642 -71.9015 -71.9678 -72.0887 -72.1619 -72.2385 -72.3386 -72.7250 -72.7582 -72.7757 -72.7910 -72.8054 -72.8142 -72.8145 -72.8017 -72.8190 -72.7981 -72.5189 -72.2165 -72.2736 -72.3285 -72.3834 -72.4385
-71.0812 -71.1578 -71.2390 -71.3219 -71.3808 -71.0978 -71.4696 -72.0896 0.0000 0.0000 0.0000 0.0000 -75.0900 -75.4218 -75.0893 -74.2191 -74.6793 -73.9213 -73.8228 -73.7851 -73.7633 -73.8348 -73.8567 -73.8673 -72.3843 -72.7211 -72.7399 -72.7271 -72.7439 -72.7575 -72.7550 -72.7547 -72.7699 -72.7855 -72.5086 -72.1907 -72.2545 -72.3115 -72.3664 -72.4214
-71.0301 -71.1053 -71.1863 -71.2691 -71.3349 -75.4681 -74.9089 -71.8355 -72.0509 -72.1557 0.0000 0.0000 0.0000 -76.2492 -75.8535 -74.8421 -75.3340 -75.1652 -74.2911 -74.2199 -74.1684 -74.1325 -74.2092 -74.2057 -74.2098 -74.6430 -74.5825 -74.5222 -74.4674 -74.4172 -74.3488 -72.7581 -72.7565 -72.7437 -72.4946 -72.5134 -72.2061 -72.2692 -72.3263 -72.3812
-70.6375 -71.0536 -71.1340 -71.2170 0.0000 0.0000 0.0000 -75.6145 -75.8489 -75.6494 0.0000 0.0000 0.0000 0.0000 0.0000 -76.1502 -75.8892 -75.6943 -74.8514 -74.7499 -74.5401 -74.4840 -74.5374 -74.5244 -74.5136 -74.5367 -74.8810 -74.8094 -74.7397 -74.6786 -74.5991 -74.5200 -74.4410 -74.3716 -74.2920 -73.9257 -73.4831 -73.5151 -72.3325 -72.3893
