-61.2253 -61.0011 -60.7790 -60.5752 -60.4194 -60.1856 -59.9544 -59.6259 -59.4058 -59.1506 -58.9162 -58.6594 -58.3571 -58.0994 -57.8779 -57.6071 -57.2912 -57.0168 -56.7020 -56.3878 -56.0633 -55.7279 -55.3809 -55.0236 -54.6537 -54.1299 -53.7739 -53.4023 -53.1560 -52.7603 -52.3528 -51.9227 -51.4739 -51.0092 -50.5277 -50.0314 -49.5224 -49.0114 -48.5171 -48.0803
-65.1079 -65.1999 -65.7379 -67.3028 0.0000 0.0000 -65.4201 -67.3218 0.0000 0.0000 -63.2758 -64.2631 -66.1978 0.0000 0.0000 -62.8991 -65.2715 0.0000 0.0000 -56.1006 -55.7634 -55.4142 -55.0518 -54.5177 -54.1788 -53.8134 -53.4308 -53.1524 -52.7460 -52.3183 -51.8625 -51.3812 -50.8767 -50.3437 -49.7795 -49.1812 -48.5434 -47.8626 -47.1327 -46.3425
0.0000 -67.2703 -68.3070 -70.0172 0.0000 0.0000 -67.6760 -72.9200 0.0000 0.0000 -65.4398 -66.5562 -72.4622 0.0000 0.0000 -65.6633 -72.1328 0.0000 0.0000 -55.8301 -55.4815 -55.1199 -54.6253 -54.2668 -53.8961 -53.5092 -53.2155 -52.7944 -52.3566 -51.8965 -51.4060 -50.8832 -50.3300 -49.7396 -49.1068 -48.4244 -47.6814 -46.8638 -45.9455 -44.8925
0.0000 -68.7177 -69.6704 -70.8852 -73.5658 0.0000 -71.8560 -72.7145 0.0000 0.0000 -66.8891 -68.0059 -72.6572 0.0000 0.0000 -71.5507 -72.3590 0.0000 0.0000 -55.5772 -55.0928 -54.7473 -54.3893 -54.0150 -53.7201 -53.3272 -52.9036 -52.4656 -51.9992 -51.5114 -50.9916 -50.4383 -49.8489 -49.2160 -48.5339 -47.7945 -46.9851 -53.3246 -58.6226 -43.9685
0.0000 -69.9673 -70.7427 -71.6195 -73.4569 0.0000 -71.3476 -72.4073 0.0000 0.0000 -67.5143 -68.5575 -72.6059 0.0000 0.0000 -71.9291 -72.5344 0.0000 0.0000 -55.2346 -54.8926 -54.5377 -54.1674 -53.8812 -53.4787 -53.0616 -52.6205 -52.1645 -51.6773 -51.1681 -50.6302 -50.0545 -49.4421 -51.4117 -51.0879 -50.8503 -50.8019 -51.1923 -51.2721 -43.7355
0.0000 0.0000 -71.3125 -71.9988 -73.3705 0.0000 -70.5519 -71.9193 0.0000 0.0000 -66.4945 -67.6423 -69.1938 0.0000 0.0000 -67.2348 -72.3882 0.0000 0.0000 -55.0571 -54.7074 -54.4393 -54.0589 -53.6629 -53.2524 -52.8131 -52.3688 -51.9001 -51.4015 -50.8798 -51.7539 -51.2731 -50.7720 -50.2505 -49.7157 -49.1899 -48.7417 -48.5983 -44.7018 0.0000
0.0000 0.0000 -70.0654 -71.5308 -73.2826 0.0000 -69.2596 -71.0311 -73.3210 0.0000 -65.0740 -66.2154 -68.1546 0.0000 0.0000 -65.6814 -72.1144 0.0000 0.0000 -54.8944 -54.6304 -54.2578 -53.8708 -53.4703 -53.0509 -52.6127 -52.1525 -52.5214 -52.0511 -51.5533 -51.0231 -50.4588 -49.8507 -49.1954 -48.4925 -47.7618 -46.2087 -45.5933 -47.8861 0.0000
0.0000 0.0000 -67.9430 -69.8144 -73.5442 0.0000 -63.2843 -68.9888 -73.1933 0.0000 -62.9474 -63.6153 -65.8984 0.0000 0.0000 -63.1724 -65.0703 0.0000 -55.0965 -54.8371 -54.4738 -54.0970 -53.7080 -53.8049 -53.3912 -52.9560 -52.4956 -52.0153 -51.5021 -50.9539 -50.3654 -49.7323 -49.0447 -48.3002 -47.5102 -46.7083 -46.2316 -46.5238 -47.8090 -50.2396
0.0000 0.0000 -62.6199 -62.3838 -62.1401 -62.0348 -61.7642 -61.5031 -61.2680 -61.1071 -60.8034 -57.6057 -57.3199 -57.0537 -56.7528 -56.1377 -55.8089 -55.3705 -54.9443 -54.5914 -54.5216 -54.1453 -53.7514 -53.3380 -52.9049 -52.4486 -51.9659 -51.4592 -50.9174 -50.3371 -49.7122 -49.0384 -48.3151 -47.5472 -46.7954 -46.2815 -46.3668 -47.1025 -48.3779 -50.3229
-62.4422 -62.3663 -61.9460 -59.3608 -59.1213 -58.8978 -58.6436 -58.3700 -58.1074 -57.8672 -57.5668 -57.1209 -56.8234 -56.5226 -56.2250 -55.8810 -55.4822 -55.3184 -54.9678 -54.6088 -54.2354 -53.8454 -53.4374 -53.0094 -52.5594 -52.0846 -51.5810 -51.0506 -50.4839 -49.8774 -49.2264 -48.5309 -47.7983 -47.0818 -39.0424 -46.6019 -47.0780 -47.8885 -48.9855 -50.5626
-59.8631 -59.6674 -59.4374 -59.1832 -58.9406 -58.6851 -58.4543 -58.1067 -57.8384 -57.5850 -57.2869 -56.9967 -56.6974 -56.4537 -56.1367 -55.7501 -55.4203 -55.0868 -54.7280 -54.3602 -53.9756 -53.5740 -53.1535 -52.7125 -52.2485 -51.7590 -51.2403 -50.6935 -50.1106 -49.4889 -48.8277 -48.1350 -47.4551 -39.7500 -46.9975 -47.3345 -47.8912 -48.6596 -49.5715 -50.8408
-59.7154 -59.4955 -59.2701 -59.0158 -58.7706 -58.5118 -58.2774 -58.0008 -57.7278 -57.4640 -57.1643 -56.8655 -56.5556 -56.1860 -55.8790 -55.5511 -55.2143 -54.8717 -54.5075 -54.1301 -53.7369 -53.3260 -52.8960 -52.4452 -51.9703 -51.4705 -50.9436 -50.3865 -49.7959 -49.1710 -48.5165 -47.8722 -47.4465 -47.4624 -47.7157 -48.1166 -48.6512 -49.3259 -50.0767 -51.1228
-59.5720 -59.3414 -59.1121 -58.8700 -58.6200 -58.3641 -58.0895 -57.8325 -57.5552 -57.2656 -56.9815 -56.6766 -56.3180 -56.0065 -55.6867 -55.3653 -55.0227 -54.6778 -54.3032 -53.9185 -53.5184 -53.1009 -52.6644 -52.2069 -51.7267 -51.2216 -50.6900 -50.1294 -49.5384 -48.9207 -48.3067 -47.9237 -47.9581 -48.1535 -48.4531 -48.8475 -49.3334 -49.9145 -50.5305 -51.1187
-59.4361 -59.1999 -58.9631 -58.7268 -58.4716 -58.2126 -57.9349 -57.6735 -57.3924 -57.0993 -56.7587 -56.4633 -56.1578 -55.8440 -55.5187 -55.1921 -54.8467 -54.4944 -54.1160 -53.7276 -53.3231 -52.9011 -52.4605 -51.9999 -51.5168 -51.0097 -50.4776 -49.9188 -49.3345 -48.7471 -48.4116 -48.4638 -48.6177 -48.8436 -49.1413 -49.5112 -49.9646 -50.4389 -50.9627 -50.8452
-59.3065 -59.1927 -62.6076 -64.8395 -70.0234 0.0000 -63.6996 -67.6353 0.0000 0.0000 -60.0154 -61.8885 -66.3760 0.0000 0.0000 -60.4021 -65.8559 0.0000 -53.9480 -53.5564 -53.1494 -52.7257 -52.2836 -51.8219 -51.3389 -50.8332 -50.3042 -49.7514 -49.1867 -48.9080 -48.9680 -49.0897 -49.2630 -49.4907 -49.7742 -50.1120 -50.5114 -50.9114 -51.3422 0.0000
-63.1275 -63.9064 -65.0784 -67.1831 -70.2180 0.0000 -65.8374 -67.8004 0.0000 0.0000 -62.2554 -64.5276 -66.5797 0.0000 0.0000 -62.9986 -65.7787 0.0000 -53.7980 -53.4055 -52.9980 -52.5739 -52.1324 -51.6723 -51.1918 -50.6904 -50.2837 -58.7451 0.0000 0.0000 -57.1301 0.0000 0.0000 -50.0899 -50.3538 -50.6770 -51.0072 -51.3429 -52.7617 0.0000
-64.5633 -65.3785 -66.5746 -68.2766 -70.3900 0.0000 -66.6764 -68.2111 0.0000 0.0000 -64.0259 -65.7172 -66.9652 0.0000 0.0000 -64.2267 -66.0123 0.0000 -53.6665 -53.2744 -52.8675 -52.4452 -52.0063 -51.5498 -51.1794 -50.7031 -55.9835 -59.1732 0.0000 0.0000 -57.5259 0.0000 -50.4425 -50.6485 -50.8860 -51.1756 -51.4612 -52.5439 -53.1983 0.0000
-65.6578 -66.4954 -67.5742 -68.6757 -70.5291 0.0000 -67.3743 -68.5593 0.0000 0.0000 -65.0933 -66.4549 -67.3374 0.0000 0.0000 -64.9979 -66.3041 0.0000 -53.5527 -53.1622 -52.7579 -52.4338 -52.0096 -51.5715 -51.1186 -55.5412 -57.1506 -59.2394 -63.5098 -63.9394 -57.6495 -60.8018 -50.9684 -51.1623 -51.3771 -51.6353 -52.4921 -53.0057 -53.6141 -58.1774
-66.6082 -67.3499 -68.2910 -69.4068 -70.6668 0.0000 -67.9310 -68.9750 0.0000 0.0000 -65.8745 -66.9891 -67.6755 0.0000 0.0000 -65.5616 -66.5989 0.0000 -53.4563 -53.1683 -52.7760 -52.3718 -51.9553 -54.5270 -55.5928 -56.5807 -57.9115 -59.3866 -61.2599 -60.8704 -56.8592 -51.3283 -51.4610 -51.6403 -51.8588 -52.5740 -52.9697 -53.4582 -53.8822 -55.9135
-67.3490 -68.0260 -68.8470 -69.7911 -70.7849 0.0000 -68.3883 -69.2481 -70.5102 0.0000 -66.4850 -67.4151 -67.9850 0.0000 0.0000 -65.9940 -66.8855 0.0000 -53.4870 -53.1121 -52.7266 -52.3220 -54.9301 -55.7923 -56.4647 -57.3273 -58.4001 -59.4840 -59.2255 -56.1896 -55.2984 -51.7769 -51.9227 -52.0871 -52.7288 -53.0510 -53.4288 -53.7388 -53.9921 -53.9514
-67.9666 -68.5796 -69.2992 -70.1140 -70.5368 0.0000 -62.8903 -62.6557 -62.4525 -62.3405 -62.0114 -61.7773 -61.5606 -61.4321 -61.1781 -60.8525 -60.6138 -60.2210 -53.4398 -53.0639 -52.6816 -55.3186 -56.0544 -56.5369 -57.1572 -57.9231 -58.7530 -58.7337 -57.1207 -55.7537 -52.0979 -58.2181 0.0000 -52.5063 -53.1981 -53.5007 -53.7572 -53.9674 -52.0909 -54.0001
-63.6595 -63.4376 -63.2171 -63.0002 -62.7738 -62.6126 -62.3143 -62.0320 -61.7627 -61.5373 -61.1571 -60.8007 -60.3107 -59.9251 -59.3371 -58.5711 -57.4036 -53.7611 -53.3959 -53.0352 -55.6942 -56.3447 -56.7046 -57.1660 -57.7174 -58.3696 -58.0700 -57.2485 -56.2201 -55.4418 -52.9060 -58.5172 -62.0277 -53.3787 -53.6217 -53.8462 -54.0683 -54.2333 -54.2996 -53.2552
-63.2978 -63.0491 -62.8056 -62.5597 -62.2979 -62.0667 -61.7623 -61.3309 -61.0071 -60.6632 -60.2671 -59.8184 -59.3148 -58.7422 -57.9540 -54.4270 -54.0813 -53.7282 -55.9478 -56.0576 -56.5294 -56.9230 -57.2771 -57.7015 -58.2200 0.0000 0.0000 -56.6461 -56.1080 -53.1113 -56.9279 -58.8711 0.0000 -53.7797 -53.9716 -54.1623 -54.3621 -54.5243 -53.7690 -52.7588
-62.9412 -62.6888 -62.3043 -64.7294 -65.0643 -65.8314 -67.8947 -72.9471 0.0000 0.0000 0.0000 0.0000 0.0000 0.0000 0.0000 -54.3862 -54.0419 -56.3163 -56.4099 -56.7584 -57.1698 -57.4474 -57.7828 -58.1762 -59.1164 0.0000 0.0000 -56.7097 -53.4254 -53.6343 -57.8653 -59.1830 0.0000 -54.1292 -54.2956 -54.4547 -54.6150 -54.2476 -53.4041 -52.4661
-64.3841 -64.2104 -64.0193 -63.8429 -63.6506 -63.4519 -63.2879 -63.1124 -62.9735 -62.7638 -62.5502 -62.3324 -62.1104 -61.8833 -61.3236 -54.3571 -56.6608 -56.7606 -57.0174 -57.3996 -57.6534 -57.9239 -58.4460 -58.9308 -59.5624 0.0000 0.0000 -56.6442 -53.9009 -57.3773 -58.3811 -58.5381 -54.3184 -54.4560 -54.5982 -54.7279 -54.7273 -53.9863 -53.1709 -52.3212
-63.9621 -63.7408 -63.4974 -63.2700 -63.0085 -62.7694 -62.4378 -62.2335 -61.9514 -61.5854 -61.1411 -60.5804 -59.7074 -57.5452 -54.6954 -57.0078 -57.0809 -57.2999 -57.5886 -57.8824 -58.1068 -58.5221 -58.9179 -59.4326 -60.0212 -64.2935 -64.1231 -54.1859 -57.2305 -57.9532 -58.0990 -58.6791 -54.6380 -54.7634 -54.8827 -54.9876 -54.5058 -53.7997 -53.0413 -52.2817
-63.5142 -63.2545 -62.9867 -62.7173 -62.4150 -62.1164 -61.7686 -61.4135 -61.0035 -60.3881 -59.7956 -59.0401 -55.2849 -54.9993 -57.3598 -57.4032 -57.5671 -57.8173 -58.1096 -57.9934 -58.6555 -58.9852 -59.3791 -59.8756 -62.1615 -61.1767 -57.2197 -54.5914 -57.3828 -57.8496 -58.3613 -58.7587 -54.9456 -55.0545 -55.1535 -55.0028 -54.3563 -53.6909 -52.9981 -52.3286
-63.0854 -62.7986 -62.5000 -62.1805 -61.8556 -61.5051 -60.9784 -60.5589 -60.0808 -59.5034 -58.8165 -55.5676 -57.8039 -57.6851 -57.7319 -57.8474 -58.0401 -58.3024 -58.5945 -58.8239 -59.1025 -59.4334 -59.8518 -60.2868 -60.5369 -57.6294 -54.7058 -57.4261 -57.7709 -58.1716 -58.5885 -55.1350 -55.2355 -55.3291 -55.4131 -54.8811 -54.2670 -53.6453 -53.0162 -52.4461
-62.6792 -62.3686 -62.0536 -61.6977 -61.2258 -60.8422 -60.4029 -59.9211 -59.4034 -58.5801 -55.8429 -58.1037 -57.9996 -58.0360 -58.1422 -58.2850 -58.4864 -58.8178 -59.0150 -59.2529 -59.5340 -59.8573 -60.2631 -60.4539 -58.7584 -54.9856 -55.0314 -57.7977 -58.1149 -58.4513 -58.7574 -55.4232 -55.5142 -55.5938 -55.3715 -54.8075 -54.2277 -53.6516 -53.0884 -52.6261
-62.2981 -61.8531 -61.5219 -61.1556 -60.7745 -60.3576 -59.8965 -59.3923 -58.8093 -56.1157 -58.3954 -58.3319 -58.3318 -58.4184 -58.5520 -58.6995 -58.9686 -59.2320 -59.4254 -59.6664 -59.9434 -60.2927 -60.5530 -59.1270 -58.1327 -55.2782 -57.8965 -58.1396 -58.4211 -58.7001 -55.6260 -55.7021 -55.7748 -55.8297 -55.3093 -54.7747 -54.2400 -53.7011 -53.2058 -52.8355
-61.8394 -61.5002 -61.1495 -60.7716 -60.3707 -59.9389 -59.2964 -56.6110 -56.3791 -58.6846 -58.6295 -58.6170 -58.6878 -58.7977 -58.9515 -59.1585 -59.3981 -59.6248 -59.8210 -60.0597 -60.3299 -60.1111 -59.4408 -58.5997 -55.5314 -55.5822 -58.2213 -58.4522 -58.6952 -58.9120 -55.9031 -55.9700 -56.0326 -55.7800 -55.2824 -54.7766 -54.2775 -53.7872 -53.3621 -53.0472
-61.5288 -61.1786 -60.8187 -60.4292 -60.0231 -59.5156 -56.8649 -56.6354 -58.9513 -58.9153 -58.8982 -58.9581 -58.8065 -59.1868 -59.3745 -59.5676 -59.8060 -60.0036 -60.1989 -60.0166 -60.2068 -59.7524 -59.0317 -58.2530 -55.8229 -58.3503 -58.5187 -58.7296 -58.9486 -59.1292 -56.1695 -56.2283 -56.2186 -55.7590 -55.2847 -54.8070 -54.3454 -53.9046 -53.5442 -46.3015
-61.2469 -60.8905 -60.5262 -60.1398 -59.7355 -57.1143 -59.3363 -59.2258 -59.1833 -59.1979 -59.2163 -59.2932 -59.4258 -59.5794 -59.7601 -59.9607 -60.1679 -60.0463 -60.1559 -60.2912 -60.0547 -59.4214 -58.8437 -56.0709 -56.1075 -58.6429 -64.0555 0.0000 0.0000 0.0000 0.0000 0.0000 0.0000 -55.7676 -55.3122 0.0000 0.0000 -54.0495 -53.7255 -46.5661
-60.9959 -60.6405 -60.1962 -57.5783 -57.3586 -59.5958 -59.4971 -59.4543 -59.4588 -59.4314 -59.5437 -59.6636 -59.7932 -59.9506 -60.1350 -60.3367 -60.1957 -60.3209 -60.4248 -60.3175 -59.8007 -59.2895 -56.3368 -56.3478 -59.1922 -59.5975 -64.2866 0.0000 0.0000 -71.5622 -71.3830 0.0000 0.0000 -55.7934 -55.3622 0.0000 0.0000 0.0000 -53.9380 -53.8673
-60.7816 -60.4030 -57.8106 -57.6021 -59.8511 -59.7625 -59.7206 -59.7142 -59.4908 -59.7791 -59.8902 -60.0091 -60.1476 -60.3094 -60.2368 -60.3718 -60.4652 -60.5842 -60.6041 -60.1370 -59.7000 -59.0101 -56.5833 -56.8381 -59.6506 -60.0008 -64.4982 0.0000 0.0000 -69.6387 -68.1051 0.0000 0.0000 -55.8383 -61.4319 0.0000 0.0000 0.0000 -47.2345 -54.1708
-60.6194 -58.0395 -57.8385 -60.1077 -60.0217 -59.9818 -59.9678 -59.9589 -60.0258 -60.1078 -60.2131 -60.3461 -60.2808 -60.3958 -60.5231 -60.6326 -60.7208 -60.8277 -60.4265 -60.0692 -59.4524 -56.8176 -57.0657 -59.7886 -60.0376 -63.0274 -64.7214 -69.6178 -69.9273 -67.8879 -66.9353 -62.7432 -60.2258 -55.9003 -61.6990 -69.8840 0.0000 -58.0161 -47.4507 0.0000
-58.2695 -58.0712 -60.3546 -60.2802 -60.2325 -60.2201 -60.2395 -60.2622 -60.3370 -60.4260 -60.3330 -60.4555 -60.5614 -60.6728 -60.7938 -60.8813 -60.9639 -60.7335 -60.4103 -59.8581 -59.3504 -57.2917 -59.9592 -60.1489 -60.3998 -63.5773 -64.8937 -68.6907 -66.5288 -63.2566 -62.1680 -60.5680 -56.3593 -59.7060 -61.9828 -66.4671 -66.2343 -54.7664 -47.7348 0.0000
-60.7135 -60.5975 -60.5263 -60.4844 -60.4675 -60.4862 -60.4955 -60.5577 -60.6418 -60.5567 -60.6310 -60.7218 -60.8257 -60.9360 -61.0502 -61.1188 -61.0191 -60.7091 -60.2155 -59.7265 -57.5073 -57.6023 -60.2901 -60.4876 -62.9585 -64.0007 -64.9361 -63.7267 -62.9997 -62.0833 -60.8945 -56.7850 -56.4475 -60.4816 -62.2226 -63.1992 -60.6934 -48.0919 -63.9675 0.0000
-60.8444 -60.7660 -60.7266 -60.7163 -60.7333 -60.7278 -60.7799 -60.6940 -60.7539 -60.8193 -60.8930 -60.9769 -61.0775 -61.1839 -61.2890 -61.3002 -61.0115 -60.5588 -60.4087 -57.7508 -57.8135 -60.4599 -60.6095 -60.8095 -63.2095 -63.8906 -63.5837 -62.9160 -62.1611 -61.2105 -60.0454 -56.8462 -59.8212 -61.0478 -62.3123 -61.0247 -58.8831 -48.2635 -61.2785 -63.0667
-61.0101 -60.7565 -60.9550 -60.9681 -60.9957 -60.8658 -60.8990 -60.9449 -61.0063 -61.0715 -61.1444 -61.2236 -61.3179 -61.4192 -61.5101 -61.2102 -60.8697 -60.7800 -60.4349 -58.0132 -58.0963 -60.7577 -60.8594 -60.9780 -63.4894 -63.5890 -62.9741 -62.2871 -61.5122 -60.5788 -57.2474 -56.9745 -60.4536 -61.4071 -60.7802 -59.2120 -56.8148 -48.5045 -60.6055 -61.4959
