-51.4941 -51.5245 -51.5590 -51.5935 -51.6252 -58.8507 -59.2096 -59.1573 -60.4898 -60.6197 -61.1908 -61.2531 -61.2559 -61.0995 -60.9442 -60.7901 -60.6456 -60.5074 -60.3056 -60.1684 -60.0501 -59.9172 -59.8020 -58.7309 -58.7280 -59.2412 -59.3980 -59.4722 -59.3746 -59.5254 -58.5596 -58.5583 -58.5559 -59.5662 -59.6718 -59.7487 -59.7084 -59.6642 -59.6164 -58.5110
-51.5775 -51.6056 -51.6360 -51.6701 -51.7030 -51.7342 -58.8593 -58.8560 -59.0869 -60.3522 -60.9582 -61.0603 -61.1541 -61.1965 -61.0796 -60.9275 -60.7829 -60.6433 -60.4352 -60.2879 -60.1998 -60.0620 -59.9314 -59.8131 -58.7236 -59.1859 -59.3691 -59.5460 -59.4435 -58.6910 -59.4784 -58.5256 -58.5211 -59.5328 -59.6419 -59.7343 -59.6927 -59.6471 -59.5974 -58.4610
-51.6603 -51.6880 -51.7155 -51.7462 -51.7787 -51.8112 -51.8414 -58.8833 -58.8345 -59.0416 -59.2112 -60.8647 -60.9885 -61.0568 -61.1006 -61.0557 -60.9154 -60.7753 -60.5614 -60.4108 -60.3325 -60.2016 -60.0416 -59.9124 -59.7918 -59.6969 -59.3474 -59.5451 -59.5391 -59.3523 -58.6563 -57.8466 -58.4899 -59.5008 -59.6125 -59.7202 -59.6775 -59.6298 -59.5783 -58.4243
-51.7411 -51.7699 -51.7970 -51.8243 -51.8539 -51.8860 -51.9177 -51.9469 -58.6058 -58.8270 -59.0129 -59.5476 -59.7111 -60.9156 -60.9803 -61.0169 -61.0376 -60.9021 -60.6845 -60.5312 -60.4260 -60.3006 -60.1715 -60.0379 -59.9086 -59.7855 -60.4511 -59.5551 -59.6425 -59.4606 -58.6554 -57.8267 -57.8293 -59.4746 -59.5852 -59.6951 -59.6629 -59.6129 -59.5588 -58.3867
-51.8204 -51.8501 -51.8779 -51.9049 -51.9305 -51.9603 -51.9916 -52.0224 -51.9840 -58.6325 -58.8285 -59.3737 -59.5509 -59.6848 -60.8603 -60.9137 -60.9510 -60.9429 -60.7742 -60.6217 -60.5428 -60.4143 -60.2709 -60.1595 -60.0259 -59.8952 -60.5068 -60.7407 -59.7649 -59.6106 -58.6546 -57.8061 -57.8081 -57.8542 -59.5662 -59.6731 -59.6507 -59.5967 -59.5395 -58.3482
-51.8990 -51.9286 -51.9576 -51.9849 -52.0102 -52.0355 -52.0651 -52.0955 -52.1254 -52.0824 -58.6612 -58.8355 -59.4005 -59.5460 -59.6688 -59.7463 -60.8367 -60.8675 -60.7948 -60.7304 -60.6567 -60.5262 -60.3972 -60.2528 -60.1395 -60.0043 -60.5713 -60.8527 -61.2802 -59.8795 -58.6437 -57.7846 -57.7861 -57.7863 -58.7769 -58.8852 -59.6439 -59.5832 -59.5213 -58.3095
-58.8230 -52.0064 -52.0352 -52.0640 -52.0893 -52.1143 -52.1389 -52.1682 -52.1977 -52.1543 -52.1789 -58.7057 -59.2615 -59.3981 -59.5296 -59.6360 -59.7275 -60.7935 -60.8175 -60.7135 -60.7628 -60.6343 -60.5043 -60.3559 -60.2270 -60.1104 -59.9968 -60.9721 -61.5853 -61.5320 -59.4821 -57.7541 -57.7552 -57.7627 -58.7602 -58.8722 -58.8872 -59.5764 -59.5061 -58.2711
-59.1008 -52.0847 -52.1122 -52.1409 -52.1678 -52.1926 -52.2169 -52.2406 -52.2696 -52.2982 -52.2468 -52.2737 -58.7192 -59.2788 -59.4176 -59.5319 -59.6316 -59.7137 -59.7794 -60.6594 -60.7164 -60.7032 -60.6069 -60.4758 -60.3250 -60.1921 -60.0848 -63.0078 0.0000 0.0000 -60.8298 -58.3875 -57.7316 -57.7305 -58.7419 -58.8581 -58.8862 -58.8410 -58.7914 -58.2348
-59.3677 -59.1120 -52.1890 -52.2172 -52.2440 -52.2704 -52.2943 -52.3178 -52.3378 -52.3659 -52.3149 -52.3440 -52.3662 -59.1720 -59.3146 -59.4349 -59.5414 -59.6306 -59.7031 -59.6692 -59.7564 -60.6646 -60.6439 -60.5730 -60.4385 -60.3325 -61.2939 -63.1061 0.0000 0.0000 -60.8487 -59.1100 -58.3509 -57.7052 -58.7124 -58.8427 -58.8853 -58.8369 -58.7838 -57.6770
-59.5956 -59.3622 -59.1358 -52.2925 -52.3195 -52.3460 -52.3682 -52.3912 -52.4137 -52.4365 -52.4636 -52.4113 -52.4355 -52.5568 -59.2231 -59.3461 -59.4578 -59.5528 -59.6313 -59.6024 -59.6960 -59.7290 -60.6123 -60.6217 -60.5809 -61.3845 -61.4958 -61.5034 0.0000 0.0000 -60.8676 -59.1786 -58.9688 -58.7765 -58.6912 -58.8165 -58.8872 -58.8326 -58.7759 -57.6458
-59.8047 -59.5800 -59.3695 -59.1558 -52.3918 -52.4178 -52.4432 -52.4673 -52.4895 -52.5111 -52.5334 -52.4781 -52.5019 -52.5249 -52.6529 -59.2730 -59.3817 -59.4810 -59.5646 -59.5405 -59.6393 -59.7052 -59.7347 -59.7513 -61.4627 -61.5983 -61.6319 -61.5806 0.0000 0.0000 -60.8708 -60.5711 -59.0340 -58.8634 -60.0648 -59.7545 -58.8871 -58.8192 -58.7677 -57.6135
-59.9957 -59.7665 -59.5632 -59.3720 -59.1982 -52.4923 -52.5173 -52.5419 -52.5648 -52.5861 -52.6067 -52.6324 -52.5677 -52.5904 -52.7261 -52.7476 -59.3151 -59.4162 -59.5250 -59.5080 -59.6161 -59.6629 -59.6959 -60.3769 -60.5016 -60.6084 -61.7146 -61.6513 0.0000 0.0000 -60.8701 -60.6074 -59.0502 -58.9156 -60.1571 -60.1862 -59.8461 -58.8151 -58.7503 -57.5801
-60.0736 -59.9521 -59.7559 -59.5711 -59.3983 -59.2458 -52.5912 -52.6153 -52.6389 -52.6606 -52.6808 -52.7045 -52.6331 -52.6553 -52.6768 -52.8203 -59.2835 -59.3828 -59.4749 -59.4604 -59.5724 -59.6228 -60.2718 -60.3906 -60.4920 -60.6042 -60.6587 -61.5940 -61.4538 -61.0631 -60.8874 -60.6326 -59.0478 -58.9302 -60.2099 -60.2712 -60.1602 -59.7331 -58.7420 -57.5389
-59.9764 -60.1260 -59.9373 -59.7567 -59.5890 -59.4290 -52.6659 -52.6886 -52.7117 -52.7342 -52.7588 -52.7780 -52.7963 -52.7197 -52.7448 -52.8957 -52.9167 -59.3446 -59.4322 -59.4171 -60.0124 -60.1541 -60.2727 -60.3769 -60.4626 -60.5314 -60.4558 -60.2697 -59.4871 -60.1122 -60.8785 -60.6435 -59.0295 -58.9265 -60.2541 -60.3240 -60.3190 -59.9541 -59.6200 -58.0101
-59.8860 -60.0520 -60.1077 -59.9329 -59.7681 -59.6112 -59.4641 -52.7619 -52.7843 -52.8064 -52.8321 -52.8511 -52.8732 -52.7903 -52.8090 -52.8291 -52.9878 -53.0090 -59.4019 -59.8258 -60.0244 -60.1477 -60.2581 -60.3520 -60.3638 -60.2938 -60.1651 -59.5321 -59.4630 -59.3905 -59.9727 -60.6522 -58.9938 -58.9090 -60.2570 -60.3716 -60.4004 -60.0938 -59.7828 -58.1240
-59.8062 -59.9723 -60.1258 -60.0997 -59.9396 -59.7839 -59.6380 -59.5027 -52.8566 -52.8784 -52.9078 -52.9283 -52.9463 -52.9633 -52.8743 -52.8923 -53.0480 -53.0793 -53.1965 -59.8405 -60.0179 -60.1339 -60.2369 -60.2129 -60.1671 -60.1007 -59.5536 -59.5130 -59.4549 -59.3677 -59.2636 -59.1732 -58.8397 -58.7890 -58.7376 -60.3738 -60.4455 -60.1929 -59.9339 -58.1822
-59.7196 -59.9019 -60.0558 -60.1978 -60.1030 -59.9505 -59.8045 -59.6681 -59.5614 -52.9543 -52.9799 -53.0000 -53.0191 -53.0357 -52.9422 -52.9555 -53.1043 -53.2440 -53.2768 -53.2803 -60.0142 -60.0907 -60.1008 -60.0782 -60.0134 -59.5619 -59.5394 -59.4985 -59.4388 -59.3604 -59.2398 -59.1398 -57.9109 -57.9039 -58.5033 -60.1300 -60.4054 -60.3086 -60.0221 -58.2126
-59.6428 -59.8290 -59.9939 -60.1366 -60.2600 -60.1103 -59.9852 -59.8481 -59.7208 -59.6080 -53.0517 -53.0715 -53.0902 -53.1072 -53.0103 -53.0214 -53.1219 -53.3092 -53.3521 -53.3493 -53.3854 -59.9970 -59.9906 -59.9542 -59.5280 -59.5524 -59.5305 -59.4892 -59.4277 -59.3459 -59.2329 -59.0998 -57.8480 -57.8422 -57.8532 -59.8914 -60.1974 -60.2261 -60.0609 -58.2398
-52.9081 -59.7516 -59.9361 -60.0826 -60.2377 -60.2852 -60.1442 -60.0084 -59.8785 -59.7582 -59.6768 -53.1424 -53.1605 -53.1773 -53.2696 -53.1783 -53.1948 -53.3637 -53.4193 -53.4180 -53.4416 -53.4460 -59.8962 -59.5109 -59.5229 -59.5489 -59.5276 -59.4857 -59.4223 -59.3369 -59.2293 -59.0760 -58.9428 -57.8005 -57.7938 -59.1491 -59.3670 -60.0700 -59.9279 -58.3311
-52.9189 -59.7064 -59.8762 -60.0556 -60.1888 -60.3178 -60.2985 -60.1642 -60.0341 -59.9086 -59.8143 -59.7203 -53.2304 -53.3248 -53.3542 -53.2488 -53.2593 -53.2764 -53.4719 -53.4740 -53.4963 -53.5002 -53.4194 -59.5165 -59.5257 -59.5520 -59.5315 -59.4889 -59.4233 -59.3340 -59.2200 -59.0931 -58.9288 -57.7391 -57.7324 -59.0854 -59.3145 -59.3695 -59.1947 -59.6344
-52.9974 -53.0124 -59.8215 -59.9860 -60.1508 -60.2798 -60.3947 -60.3139 -60.1836 -60.0816 -59.9596 -59.8475 -53.3790 -53.4072 -53.4239 -53.4439 -53.3278 -53.3371 -53.5169 -53.5270 -53.5512 -53.4773 -53.4905 -53.4996 -59.5685 -59.5651 -59.5432 -59.4996 -59.4319 -59.3646 -59.2434 -59.0808 -58.8914 -57.6700 -57.6687 -59.0157 -59.2340 -59.3201 -59.1978 -59.0502
-53.0709 -53.0872 -53.1015 -59.9248 -60.0948 -60.2463 -60.3604 -60.4572 -60.3299 -60.2293 -60.1059 -60.3577 -60.2721 -53.4771 -53.4978 -53.5171 -53.3875 -53.3901 -53.5593 -53.5695 -53.5316 -53.5471 -53.5605 -53.5714 -53.5856 -59.5876 -59.5640 -59.5192 -59.4762 -59.3792 -59.2490 -59.0749 -58.8850 -57.6071 -57.5863 -58.9192 -59.2098 -59.3339 -59.1717 -59.0143
-53.1730 -53.1604 -53.1754 -53.2633 -60.0269 -60.2062 -60.3319 -60.4370 -60.4716 -60.3745 -60.6150 -60.5357 -60.4361 -60.3489 -53.5712 -53.5815 -53.5826 -53.4426 -53.4407 -53.5377 -53.6029 -53.6173 -53.6311 -53.6423 -53.6590 -53.6621 -59.6215 -59.5771 -59.5053 -59.4020 -59.2626 -59.0883 -58.8679 -57.5269 -57.5165 -58.8727 -59.1556 -59.3188 -59.1474 -58.9798
-53.2407 -53.2673 -53.2482 -53.2618 -59.9816 -60.1357 -60.3104 -60.4144 -60.4891 -60.8975 -60.8142 -60.7080 -60.6038 -60.5042 -60.3765 -53.6419 -53.6415 -53.4940 -53.4227 -53.5884 -53.6587 -53.6907 -53.7022 -53.7139 -53.7381 -53.7440 -53.7422 -59.6211 -59.5458 -59.4335 -59.2853 -59.0747 -58.8361 -57.4892 -57.4719 -58.7777 -59.0999 -59.3065 -59.0977 -58.9199
-53.3072 -53.3337 -53.3610 -53.3341 -53.3466 -60.0780 -60.2219 -60.7284 -60.8654 -61.0401 -60.9840 -60.8778 -60.7715 -60.6210 -60.4702 -60.3316 -53.6240 -53.6285 -53.4833 -53.4573 -53.7117 -53.7660 -53.7761 -53.7927 -53.8125 -53.8190 -53.8194 -53.8124 -59.5979 -59.4543 -59.2977 -59.1225 -58.8616 -57.4256 -57.4139 -58.6961 -59.0440 -59.2705 -59.0994 -58.8911
-53.3750 -53.3994 -53.4264 -53.4785 -53.4145 -53.4276 -60.4829 -60.7018 -60.8878 -61.0416 -61.1509 -61.0420 -60.8888 -60.7323 -60.5741 -60.0804 -59.9701 -53.6971 -53.5436 -53.5158 -53.7609 -53.8314 -53.8592 -53.8681 -53.8879 -53.8953 -53.8959 -53.8850 -53.8698 -59.5421 -59.3776 -59.1608 -58.8833 -57.3519 -57.3494 -57.3587 -58.9542 -59.2628 -59.0874 -58.8188
-53.4423 -53.4654 -53.4873 -53.5150 -53.5624 -53.5664 -53.5825 -60.6495 -60.8809 -61.0465 -61.1529 -61.1568 -61.0020 -60.8438 -60.3365 -60.2067 -60.0868 -53.7671 -53.7684 -53.5796 -53.8095 -53.8854 -53.9364 -53.9463 -53.9653 -53.9726 -53.9677 -53.9646 -53.9598 -53.9307 -59.4509 -59.2188 -58.9297 -57.2885 -57.2678 -57.2524 -58.9004 -59.2197 -59.0329 -59.0989
-53.5051 -53.5282 -53.5516 -53.5791 -53.7065 -53.6418 -53.6597 -60.1575 -60.8277 -61.0739 -61.1151 -61.1715 -61.1144 -60.6003 -60.4709 -60.3527 -60.2202 -60.0757 -53.8439 -53.6379 -53.6564 -53.9343 -54.0134 -54.0245 -54.0403 -54.0459 -54.0569 -54.0537 -54.0436 -54.0171 -53.9747 -59.3021 -58.9618 -58.5207 -57.2036 -57.1872 -58.8104 -59.1416 -59.3415 -59.0900
-53.5706 -53.5939 -53.6175 -53.7093 -53.7801 -53.8067 -53.7329 -53.7465 -60.7220 -60.9408 -61.1778 -61.1393 -60.8188 -60.7357 -60.6163 -60.4980 -60.3871 -60.2320 -60.1006 -53.8743 -53.7141 -53.9747 -54.0669 -54.1099 -54.1292 -54.1370 -54.1394 -54.1159 -54.1273 -54.1066 -54.0598 -53.9979 -59.0500 -58.5589 -57.1394 -57.0930 -58.7574 -59.1248 -59.3540 -59.0944
-53.6471 -53.6586 -53.7488 -53.7790 -53.8504 -53.8846 -53.8995 -53.8161 -53.8270 -60.7858 -61.0439 -60.9449 -60.8260 -60.8817 -60.7903 -60.6740 -60.5365 -60.3748 -60.2325 -59.9341 -53.7661 -53.7630 -54.1251 -54.2382 -54.3182 -54.2217 -54.2267 -54.1650 -54.2164 -54.1933 -54.1582 -54.1000 -53.9932 -58.6187 -57.0479 -57.0283 -58.7070 -59.4145 -59.3942 -59.1427
-53.7732 -53.7878 -53.8177 -53.8466 -53.9177 -53.9491 -53.9768 -53.9807 -53.8910 -53.8952 -60.5535 -60.8650 -61.1842 -60.9338 -60.9573 -60.8294 -60.6916 -60.5233 -60.3522 -60.0346 -59.9590 -53.8253 -54.1892 -54.3233 -54.4031 -54.4196 -54.4195 -54.2094 -54.2619 -54.2917 -54.2683 -54.2136 -54.0935 -53.8966 -56.9747 -56.9658 -58.9180 -59.4175 -59.4965 -59.1640
-53.8398 -53.8557 -53.8837 -53.9120 -53.9405 -54.0113 -54.0396 -54.0436 -54.0605 -53.8941 -59.9932 -60.7693 -61.1707 -61.3356 -61.3500 -60.9881 -60.8511 -60.6529 -60.5045 -60.1974 -60.1116 -59.2168 -54.2459 0.0000 0.0000 0.0000 0.0000 -54.2597 -54.3160 -54.3926 -54.3817 -54.3270 -54.2304 -54.0214 -53.2766 -57.0704 -58.9140 -59.4780 -59.5755 -59.1876
-53.9069 -53.9209 -53.9478 -53.9760 -54.0010 -54.0718 -54.0983 -54.1092 -53.9289 -54.0765 -53.9737 -60.0580 -61.1651 -62.2820 0.0000 -64.7389 -60.9922 -60.8402 -60.6932 -60.3465 -60.2604 -59.2953 -59.7326 0.0000 0.0000 0.0000 0.0000 -62.2120 -54.3696 -54.5455 -54.5675 -54.4644 -54.3967 -54.2018 -53.3736 -57.0362 -58.8733 -59.5025 -59.6643 -59.2551
-54.0879 -53.9980 -54.0108 -54.0347 -54.0581 -54.1318 -54.1573 -54.1259 -54.1126 -54.1512 -54.1597 -54.0508 -60.7418 -62.3200 0.0000 0.0000 -61.9000 -61.0079 -60.8645 -60.5087 -60.4502 -60.7486 -59.7825 -54.1678 -65.0317 0.0000 -69.3335 -62.1761 -61.2367 -54.6355 -54.6566 -54.6795 -54.7145 -54.5753 -53.4123 -53.4268 -58.8231 -59.5481 -59.7685 -59.3192
-54.1651 -54.0609 -54.0683 -54.0909 -54.1141 -54.1912 -54.1593 -54.2000 -54.1860 -54.2067 -54.2536 -54.3795 -54.2693 -61.9548 0.0000 0.0000 0.0000 -63.9797 -61.0659 -60.7067 -61.1068 -61.0106 -59.8442 -59.7927 -61.9377 0.0000 -65.8173 -62.0524 -61.6585 -62.0274 0.0000 0.0000 0.0000 0.0000 -53.4384 -53.4499 -54.2076 -59.6028 -59.9144 -59.1597
-54.2494 -54.1205 -54.1238 -54.1461 -54.1739 -54.1936 -54.2219 -54.2806 -54.2627 -54.2622 -54.4501 -54.4768 -54.4732 -60.8186 -64.1491 -63.8954 -64.1336 -63.9423 -61.3751 -61.3342 -61.3982 -61.2667 -61.0288 -59.8441 -59.7121 0.0000 0.0000 -61.9634 -61.9602 -64.3021 0.0000 0.0000 0.0000 0.0000 -62.7356 -53.4648 -54.2386 -54.5926 -60.0963 -59.3259
-54.3252 -54.3130 -54.1832 -54.2051 -54.1692 -54.1950 -54.2856 -54.3664 -54.3473 -54.2781 -54.5069 -54.5739 -54.5786 -54.5381 -60.6561 -62.1469 -62.2506 -63.7936 -64.0558 -61.7048 -61.6672 -61.5287 -61.2824 -59.8921 -59.7431 -61.6735 -61.1667 -61.9725 -63.1418 0.0000 -68.6748 -67.0913 -68.2769 0.0000 0.0000 -57.2021 -53.4830 -54.7164 -54.7864 -59.7823
-54.3881 -54.4221 -54.1781 -54.2008 -54.2257 -54.2535 -54.3501 -54.4530 -54.5368 -54.4932 -54.5695 -54.6679 -54.6676 -54.6497 -54.3334 -60.1711 -61.8689 -63.9265 -64.2758 -63.5643 -61.9437 -61.8242 -61.6811 -61.2829 -59.6684 -59.4124 -60.2045 -62.5628 -63.2234 0.0000 -69.2985 -67.6780 -68.7056 0.0000 0.0000 -57.2572 -56.9357 -54.7940 -55.0220 -54.9109
-54.4556 -54.4284 -54.2557 -54.2571 -54.2840 -54.3121 -54.4121 -54.6355 -54.6354 -54.5971 -54.6264 -54.7401 -54.7465 -54.6696 -54.6850 -54.3861 -60.4892 -62.2207 -64.0698 -63.7656 -62.2930 -62.1351 -61.9396 -61.5496 -59.6492 -59.1389 -59.2304 -60.4550 -63.2574 0.0000 0.0000 -68.2739 0.0000 0.0000 -57.7209 -57.2375 -56.8394 -61.1781 -55.3471 -55.1346
-54.4578 -54.5202 -54.5088 -54.3156 -54.3439 -54.3730 -54.6199 0.0000 -54.7714 -54.7325 -54.6426 0.0000 0.0000 0.0000 0.0000 -62.6420 -60.5668 -61.9797 -62.1818 -63.7383 -64.0639 -62.4353 -62.2395 -62.0012 -61.0021 -59.4720 -59.3611 -59.1601 -63.2532 0.0000 0.0000 -64.5241 0.0000 0.0000 -57.6004 -57.0295 -56.8690 -63.1442 -62.5680 -55.5183
