-62.7857
-62.6271
-62.4683
-62.3098
-62.1522
-61.9975
-61.8022
-61.6239
-61.4431
-61.2604
-61.0728
-60.8913
-60.7167
-60.5693
-52.6876
-52.6299
-52.5899
-52.5209
-52.4491
-52.4045
-52.3461
-52.2870
-52.2272
-52.1728
-52.1193
-52.0644
-52.0085
-51.9466
-51.8927
-51.8377
-51.7905
-51.7384
-59.4893
-59.5730
-59.7011
-59.8478
-60.0056
-60.1776
-60.3493
-60.5268
-62.8370
-62.6765
-62.5149
-62.3527
-62.1912
-62.0319
-61.8735
-61.6929
-61.4842
-61.2979
-61.1092
-60.9184
-60.7328
-60.5596
-60.4314
-52.5695
-52.5133
-52.4673
-52.3966
-52.3232
-52.2841
-52.2250
-52.1651
-52.1066
-52.0529
-51.9986
-51.9420
-51.8855
-51.8299
-51.7755
-51.7158
-51.6624
-51.6151
-59.4331
-59.5532
-59.6997
-59.8598
-60.0287
-60.2041
-60.3939
-62.8931
-62.7309
-62.5666
-62.4015
-62.2363
-62.0725
-61.9093
-61.7415
-61.5550
-61.3656
-61.1492
-60.9559
-60.7596
-60.5714
-60.4038
-52.5106
-52.4509
-52.4128
-52.3428
-52.2701
-52.2223
-52.1624
-52.1023
-52.0415
-51.9858
-51.9315
-51.8756
-51.8186
-51.7611
-51.7065
-51.6513
-51.5977
-51.5391
-59.2736
-59.4040
-59.5483
-59.7104
-59.8831
-60.0632
-60.2499
-62.9123
-62.7489
-62.5838
-62.4169
-62.2874
-62.1197
-61.9516
-61.7854
-61.6063
-61.4132
-61.2180
-61.0208
-60.8210
-60.5972
-60.4078
-60.2538
-52.3904
-52.3322
-52.2877
-52.2166
-52.1418
-52.0997
-52.0394
-51.9782
-51.9182
-51.8636
-51.8085
-51.7508
-51.6931
-51.6368
-51.5815
-51.5263
-51.4726
-51.4188
-59.2291
-59.3662
-59.5631
-59.7332
-59.9186
-60.1104
-64.6902
-62.8136
-62.6467
-62.4774
-62.3069
-62.1360
-61.9646
-61.8299
-61.6602
-61.4675
-61.2693
-61.0685
-60.8644
-60.6558
-60.4525
-60.2434
-52.3304
-52.2687
-52.2322
-52.1610
-52.0874
-52.0363
-51.9755
-51.9145
-51.8527
-51.7954
-51.7399
-51.6830
-51.6244
-51.5666
-51.5110
-51.4548
-51.4003
-51.3459
-59.1193
-59.2443
-59.4064
-59.5494
-59.7378
-59.9741
-64.7626
-64.5965
-62.7147
-62.5440
-62.3712
-62.1971
-62.0216
-61.8462
-61.6724
-61.4943
-61.2941
-61.1229
-60.9146
-60.7038
-60.4891
-60.2830
-60.1024
-52.2081
-52.1478
-52.1048
-52.0328
-51.9567
-51.9113
-51.8499
-51.7879
-51.7266
-51.6711
-51.6150
-51.5557
-51.4968
-51.4398
-51.3835
-51.3274
-51.2726
-58.9908
-59.0881
-59.2467
-59.4281
-59.6226
-59.7873
-64.8398
-64.6732
-64.5031
-62.6161
-62.4412
-62.2648
-62.0859
-61.9062
-61.7273
-61.5484
-61.3589
-61.1525
-60.9416
-60.7270
-60.5387
-60.3180
-60.1102
-59.9508
-52.0875
-52.0257
-51.9757
-51.9014
-51.8467
-51.7847
-51.7226
-51.6597
-51.6013
-51.5450
-51.4870
-51.4271
-51.3681
-51.3115
-51.2543
-51.1988
-51.1432
-58.9349
-59.0835
-59.2661
-59.4650
-59.6749
-64.9218
-64.7550
-64.5839
-64.4100
-62.5180
-62.3390
-62.1571
-61.9738
-61.7900
-61.6061
-61.4257
-61.2213
-61.0071
-60.7884
-60.5660
-60.3383
-60.1157
-59.9373
-52.0258
-51.9633
-51.9218
-51.8484
-51.7681
-51.7193
-51.6566
-51.5936
-51.5308
-51.4743
-51.4172
-51.3571
-51.2972
-51.2392
-51.1815
-51.1244
-51.0684
-58.7923
-58.9180
-59.0995
-59.3024
-59.5183
-65.0814
-64.9113
-64.7372
-64.4956
-64.3189
-64.1376
-62.2360
-62.0494
-61.8614
-61.6723
-61.4862
-61.2972
-61.0802
-60.8579
-60.6311
-60.4001
-60.1642
-59.9374
-59.7448
-51.8954
-51.8346
-51.7904
-51.7152
-51.6363
-51.5901
-51.5269
-51.4629
-51.4030
-51.3457
-51.2866
-51.2255
-51.1659
-51.1083
-51.0500
-50.9935
-50.9362
-58.7528
-58.9278
-59.1341
-59.3563
-65.1548
-65.0083
-64.8342
-64.6561
-64.4751
-64.2897
-64.0430
-62.1331
-61.9415
-61.7478
-61.5560
-61.3647
-61.1610
-60.9358
-60.7048
-60.4689
-60.2287
-59.9854
-59.7559
-51.8324
-51.7676
-51.7279
-51.6533
-51.5753
-51.5269
-51.4628
-51.3954
-51.3311
-51.2736
-51.2154
-51.1540
-51.0927
-51.0340
-50.9756
-50.9175
-50.8602
-58.5981
-58.7530
-58.9597
-59.1878
-65.1977
-65.1044
-64.9366
-64.7587
-64.5775
-64.3907
-64.1992
-64.0056
-62.0692
-61.8700
-61.6362
-61.4386
-61.2424
-61.0222
-60.7878
-60.5476
-60.3013
-60.0521
-59.8005
-59.5750
-51.7039
-51.6409
-51.5941
-51.5182
-51.4378
-51.3913
-51.3267
-51.2653
-51.2008
-51.1424
-51.0822
-51.0200
-50.9591
-50.9004
-50.8412
-50.7833
-50.7252
-58.5782
-58.7827
-59.0135
-65.2403
-65.1518
-65.0456
-64.8678
-64.6868
-64.4992
-64.3069
-64.1112
-63.9110
-61.9664
-61.7639
-61.5599
-61.3557
-61.1197
-60.8803
-60.6362
-60.3854
-60.1289
-59.8655
-59.6107
-59.4038
-51.5736
-51.5125
-51.4586
-51.3796
-51.3237
-51.2583
-51.1928
-51.1268
-51.0681
-51.0086
-50.9468
-50.8843
-50.8245
-50.7649
-50.7058
-50.6471
-58.4052
-58.5973
-58.8347
-65.2542
-65.1998
-65.1103
-64.9835
-64.8035
-64.6159
-64.4233
-64.2262
-64.0247
-63.8183
-61.8678
-61.6590
-61.4494
-61.2402
-61.0183
-60.7689
-60.5121
-60.2205
-59.9516
-59.6775
-59.4193
-51.5091
-51.4432
-51.3981
-51.3212
-51.2392
-51.1893
-51.1235
-51.0571
-50.9941
-50.9345
-50.8729
-50.8094
-50.7442
-50.6881
-50.6278
-50.5686
-50.5094
-58.4079
-58.6461
-65.0909
-65.2402
-65.1642
-65.0736
-64.9272
-64.7403
-64.5475
-64.3496
-64.1466
-63.9375
-63.7290
-61.7680
-61.5532
-61.3379
-61.1230
-60.8811
-60.6205
-60.3516
-60.0747
-59.7912
-59.5046
-59.2282
-51.3762
-51.3123
-51.2599
-51.1801
-51.1202
-51.0534
-50.9868
-50.9195
-50.8596
-50.7991
-50.7352
-50.6710
-50.6100
-50.5462
-50.4858
-50.4257
-58.2188
-58.4505
-64.9232
-65.0751
-65.2189
-65.1342
-65.0451
-64.8730
-64.6811
-64.4829
-64.2789
-64.0682
-63.8569
-63.6406
-63.4223
-61.4489
-61.2275
-61.0051
-60.7414
-60.4682
-60.1856
-59.8944
-59.5934
-59.3003
-51.3138
-51.2458
-51.1986
-51.1198
-51.0367
-50.9831
-50.9158
-50.8482
-50.7837
-50.7233
-50.6605
-50.5957
-50.5318
-50.4710
-50.4094
-50.3458
-58.0219
-58.2259
-64.7508
-64.9059
-65.0691
-65.1972
-65.1148
-65.0163
-64.8247
-64.6274
-64.4227
-64.2107
-63.9977
-63.7782
-63.5553
-63.3310
-61.3464
-61.1186
-60.8754
-60.5988
-60.3115
-60.0137
-59.7061
-59.3898
-59.0918
-51.1784
-51.1123
-51.0613
-50.9806
-50.8951
-50.8441
-50.7763
-50.7075
-50.6462
-50.5850
-50.5200
-50.4543
-50.3922
-50.3300
-50.2681
-50.2065
-58.0389
-64.5719
-64.7320
-64.9002
-65.0767
-65.1926
-65.1096
-64.9896
-64.7831
-64.5793
-64.3670
-64.1533
-63.9314
-63.7047
-63.4749
-63.2440
-61.2457
-61.0118
-60.7441
-60.4530
-60.1497
-59.8347
-59.5086
-59.1765
-58.8899
-51.0410
-50.9770
-50.9185
-50.8343
-50.7763
-50.7074
-50.6384
-50.5687
-50.5068
-50.4437
-50.3774
-50.3122
-50.2501
-50.1873
-50.1250
-57.8419
-64.3806
-64.5434
-64.7150
-64.8955
-65.0875
-65.1813
-65.0984
-64.9540
-64.7539
-64.5443
-64.3318
-64.1106
-63.8832
-63.6506
-63.4007
-63.1619
-61.1511
-60.9061
-60.6118
-60.3042
-59.9826
-59.6472
-59.3007
-58.9537
-50.9726
-50.9038
-50.8545
-50.7730
-50.6859
-50.6346
-50.5650
-50.4949
-50.4319
-50.3692
-50.3029
-50.2327
-50.1694
-50.1060
-50.0428
-49.9796
-64.1821
-64.3477
-64.5229
-64.7075
-64.9042
-65.1081
-65.1794
-65.0966
-64.9239
-64.7191
-64.5082
-64.2877
-64.0598
-63.8250
-63.5568
-63.3412
-63.1002
-61.0682
-60.7978
-60.4872
-60.1612
-59.8092
-59.4508
-59.0784
-58.7261
-50.8324
-50.7658
-50.7087
-50.6234
-50.5618
-50.4912
-50.4209
-50.3526
-50.2896
-50.2248
-50.1570
-50.0912
-50.0278
-49.9635
-49.8962
-63.9759
-64.1443
-64.3229
-64.5118
-64.7134
-64.9230
-65.1428
-65.1880
-65.1029
-64.9057
-64.6982
-64.4796
-64.2527
-64.0177
-63.7758
-63.5289
-63.2795
-63.0304
-60.9621
-60.6787
-60.3491
-60.0015
-59.6349
-59.2498
-58.8523
-50.7640
-50.6924
-50.6450
-50.5609
-50.4719
-50.4166
-50.3458
-50.2743
-50.2092
-50.1456
-50.0778
-50.0089
-49.9451
-49.8806
-49.8157
-63.7196
-63.8882
-64.0677
-64.3074
-64.5139
-64.7297
-64.9563
-65.1935
-65.2062
-65.1047
-64.9018
-64.6866
-64.4623
-64.2288
-63.9870
-63.7380
-63.4839
-63.2276
-62.9719
-62.7179
-60.5608
-60.2093
-59.8207
-59.4258
-59.0242
-58.6013
-50.6203
-50.5510
-50.4956
-50.4095
-50.3436
-50.2715
-50.1997
-50.1300
-50.0658
-49.9981
-49.9285
-49.8607
-49.7961
-49.7314
-63.5402
-63.7133
-63.8514
-64.0460
-64.2547
-64.4732
-64.7612
-65.0067
-65.2606
-65.2443
-65.1182
-64.9085
-64.6884
-64.4585
-64.2189
-63.9705
-63.7145
-63.4534
-63.1904
-62.9283
-62.6661
-60.4450
-60.0679
-59.6651
-59.2351
-58.7788
-58.3330
-50.4727
-50.4282
-50.3441
-50.2540
-50.1947
-50.1224
-50.0495
-49.9833
-49.9188
-49.8493
-49.7783
-49.7125
-49.6469
-63.3069
-63.4819
-63.6700
-63.8711
-64.0876
-64.2628
-64.4999
-64.7501
-65.0096
-65.3557
-65.2976
-65.1445
-64.9310
-64.7066
-64.4717
-64.2266
-63.9720
-63.7094
-63.4417
-63.1726
-62.9041
-62.6324
-60.3323
-59.9248
-59.4858
-59.0146
-58.5153
-50.4021
-50.3296
-50.2758
-50.1886
-50.1163
-50.0440
-49.9709
-49.8994
-49.8345
-49.7673
-49.6962
-49.6268
-49.5605
-63.0852
-63.2399
-63.4305
-63.6354
-63.8568
-64.0910
-64.3400
-64.6032
-64.8777
-65.1031
-65.3550
-65.2967
-65.1892
-64.9729
-64.7451
-64.5063
-64.2564
-63.9961
-63.7278
-63.4548
-63.1808
-62.9058
-62.6225
-60.2239
-59.7799
-59.2967
-58.7732
-58.2265
-50.2534
-50.1834
-50.1212
-50.0297
-49.9659
-49.8917
-49.8171
-49.7472
-49.6836
-49.6125
-49.5402
-49.4735
-62.7915
-62.9680
-63.1590
-63.4121
-63.6134
-63.8540
-64.1107
-64.3833
-64.6692
-64.9754
-65.2932
-65.5175
-65.3850
-65.1818
-64.9647
-64.8093
-64.5677
-64.3141
-64.0499
-63.7775
-63.5012
-63.2239
-62.9425
-62.6441
-60.1221
-59.6330
-59.0940
-58.5044
-50.1792
-50.1036
-50.0516
-49.9635
-49.8685
-49.8118
-49.7371
-49.6635
-49.5973
-49.5284
-49.4551
-49.3828
-62.5675
-62.7462
-62.9409
-63.1523
-63.3368
-63.5812
-63.8433
-64.1809
-64.4475
-64.7674
-65.1012
-65.4504
-65.6315
-65.5528
-65.3453
-65.0585
-64.8319
-64.5926
-64.3411
-64.1426
-63.8695
-63.5934
-63.3154
-63.0273
-62.7078
-60.0300
-59.4842
-58.8724
-58.1950
-50.0270
-49.9539
-49.8934
-49.8009
-49.7325
-49.6562
-49.5801
-49.5103
-49.4433
-49.3701
-49.2957
-59.8415
-62.4705
-62.6666
-62.8808
-63.1159
-63.3690
-63.6423
-63.9353
-64.1872
-64.5183
-64.8651
-65.3061
-65.6465
-65.7754
-65.6742
-65.4762
-65.2626
-65.0359
-64.4146
-64.4780
-64.2189
-63.9538
-63.7489
-63.4749
-63.1788
-62.8013
-62.2002
-59.3328
-58.6232
-57.8382
-49.8726
-49.8219
-49.7329
-49.6357
-49.5745
-49.4981
-49.4225
-49.3551
-49.2846
-49.2093
-59.8351
-59.7075
-62.3761
-62.5923
-62.8312
-63.0902
-63.3719
-63.6761
-64.0012
-64.3534
-64.7249
-65.1156
-65.4404
-65.8540
-65.9146
-65.7977
-65.6469
-65.4421
-64.5574
-64.9915
-64.7488
-64.4976
-64.1794
-63.9274
-63.6648
-63.4213
-62.8789
-62.1918
-59.1791
-58.3297
-49.7945
-49.7190
-49.6601
-49.5664
-49.4933
-49.4150
-49.3374
-49.2660
-49.1975
-49.1223
-59.8824
-59.7038
-59.5750
-62.2853
-62.5268
-62.7910
-63.0803
-63.3955
-63.7349
-64.1051
-64.4986
-64.9149
-65.3527
-65.8058
-66.2502
-66.2492
-66.1178
-65.8353
-65.6419
-65.1256
-65.2633
-65.0414
-64.8155
-64.5908
-64.3646
-64.0503
-63.6176
-63.0035
-62.2551
-59.0213
-57.9549
-49.6363
-49.5635
-49.4958
-49.3972
-49.3310
-49.2530
-49.1758
-49.1071
-49.0348
-62.1830
-59.7580
-59.5700
-59.4401
-62.2009
-62.4691
-62.7652
-63.0905
-63.4444
-63.8331
-64.2499
-64.6943
-65.1646
-65.6545
-66.1600
-66.5324
-66.5808
-66.4184
-66.2483
-65.5245
-65.8918
-65.6052
-65.4205
-65.1904
-65.0187
-64.9276
-64.6045
-64.1055
-63.3815
-62.4375
-58.8389
-49.5558
-49.4767
-49.4207
-49.3264
-49.2482
-49.1677
-49.0884
-49.0154
-48.9455
-62.4896
-62.0856
-59.6288
-59.4342
-59.3040
-62.1193
-62.4223
-62.7579
-63.1257
-63.5333
-63.9749
-64.4497
-64.9551
-65.4877
-66.0389
-66.6018
-67.0704
-66.9418
-66.8071
-65.7697
-66.5341
-66.3937
-66.2616
-66.1384
-66.0254
-65.9276
-65.5988
-65.2240
-64.8058
-64.2670
-63.1932
-58.6778
-49.3909
-49.3145
-49.2493
-49.1523
-49.0814
-49.0014
-48.9226
-48.8523
-62.8384
-62.4374
-61.9766
-59.4992
-59.2974
-61.7399
-62.0464
-62.3920
-62.7750
-63.2043
-63.6721
-64.1805
-64.7273
-65.3081
-65.9131
-66.5334
-67.6151
-67.5247
-67.4344
-66.2452
-67.2530
-67.1654
-67.0954
-67.0397
-67.0135
-67.0016
-66.8964
-66.7542
-66.6839
-66.5302
-66.2829
-66.0773
-58.5124
-49.2283
-49.1735
-49.0766
-48.9731
-48.9105
-48.8324
-48.7575
-63.2276
-62.8370
-62.4038
-61.9180
-59.3709
-59.1560
-61.6318
-61.9995
-62.3973
-62.8468
-63.2224
-63.9009
-64.5065
-65.1585
-65.8546
-66.5760
-67.1985
-49.1427
-49.0624
-48.9984
-48.8983
-48.8223
-48.7401
-48.6590
-63.6739
-63.2998
-62.8802
-62.4073
-61.8667
-59.2459
-59.0248
-61.5527
-61.9334
-62.3940
-62.9395
-63.3729
-63.3588
-64.9084
-65.6817
-66.4825
-68.2350
-49.0614
-48.9742
-48.8965
-48.8230
-48.7176
-48.6499
-48.5676
-64.1188
-63.7722
-63.3825
-62.9504
-62.4340
-61.8240
-59.1119
-58.8795
-61.4637
-61.9346
-62.4805
-63.1017
-63.5439
-63.5907
-65.4637
-66.3765
-63.2620
-48.9769
-48.8914
-48.8071
-48.7445
-48.6432
-48.5627
-48.4761
-64.6326
-64.3202
-63.9658
-63.5594
-63.0817
-62.5051
-61.8085
-58.9693
-58.7271
-61.3769
-61.9397
-62.5956
-63.3507
-63.8502
-63.8507
-63.6240
-62.0293
-60.9157
-60.4275
-59.8468
-59.1437
-58.2814
-49.6759
-49.5932
-49.4880
-49.4012
-49.3133
-49.2294
-49.1430
-49.0584
-48.9746
-48.8908
-48.8054
-48.7184
-48.6369
-48.5646
-48.4580
-48.3855
-65.1850
-64.9166
-64.6120
-64.2625
-63.8485
-63.3426
-62.7020
-61.8850
-58.8619
-58.5816
-61.3324
-62.0261
-62.8504
-63.8064
-64.8742
-64.2753
-64.1292
-64.0213
-63.9612
-61.6160
-61.1882
-60.6688
-60.0283
-59.2052
-58.1196
-49.5155
-49.4109
-49.3251
-49.2342
-49.1455
-49.0577
-48.9717
-48.8880
-48.8034
-48.7181
-48.6307
-48.5424
-48.4814
-48.3790
-48.2935
-64.1652
-65.5547
-65.3117
-65.0364
-64.7114
-64.3100
-63.7994
-63.1145
-62.1385
-58.7258
-58.4331
-61.3287
-62.2214
-63.3028
-64.5574
-65.2583
-65.4410
-65.8240
-64.8384
-64.9816
-65.3371
-65.8768
-61.1109
-60.4160
-59.4373
-57.9552
-49.3523
-49.2447
-49.1568
-49.0666
-48.9773
-48.8867
-48.7999
-48.7128
-48.6270
-48.5421
-48.4529
-48.3672
-48.2964
-48.1887
-63.9125
-66.2252
-66.0535
-65.8667
-65.6533
-65.3919
-65.0650
-64.6256
-63.9899
-62.8762
-58.5920
-58.2814
-61.4025
-62.6245
-64.1294
-65.8297
-66.4127
-66.8071
-67.5230
-67.5645
-69.3805
-67.2109
-68.1109
-65.5482
-65.7361
-60.1569
-57.7882
-49.1632
-49.0757
-48.9855
-48.8937
-48.8040
-48.7152
-48.6246
-48.5372
-48.4499
-48.3605
-48.2717
-48.1890
-48.1066
