-45.3570
-45.3911
-45.4328
-45.4736
-45.5154
-45.5711
-45.7692
-46.3731
-46.4557
-46.4887
-46.5492
-54.2507
-54.5694
-54.8911
-55.1934
-55.4572
-55.1866
-54.9307
-54.9748
-55.2767
-55.5537
-55.8477
-56.1368
-56.4191
-56.7089
-57.0846
-57.3389
-57.5947
-57.8413
-58.0212
-58.2447
-58.4554
-58.4295
-58.6085
-58.7777
-58.9151
-59.0646
-59.0978
-57.1757
-57.1034
-45.2069
-45.2412
-45.2862
-45.3275
-45.3708
-45.4246
-45.7977
-46.2283
-46.3114
-46.3482
-46.4106
-54.1657
-54.4978
-54.8326
-55.1572
-55.2729
-54.9924
-54.7414
-54.9135
-55.2278
-55.5157
-55.8211
-56.1197
-56.4108
-56.6965
-57.0935
-57.3668
-57.6299
-57.8673
-58.1061
-58.3352
-58.3226
-58.4501
-58.6317
-58.8000
-58.9356
-59.0832
-59.1358
-57.0124
-56.8667
-45.0576
-45.0922
-45.1345
-45.1762
-45.2209
-45.2780
-52.7704
-52.9964
-53.3119
-53.6360
-53.7275
-54.0682
-54.4169
-54.7805
-55.1209
-55.0827
-54.7923
-47.2791
-54.8566
-55.1848
-55.4849
-55.8017
-56.1107
-56.4106
-56.7041
-57.1111
-57.3901
-57.6581
-57.9144
-58.1589
-58.3917
-58.3523
-58.5441
-58.7287
-58.9006
-59.0391
-59.0996
-56.9146
-56.8449
-56.7656
-44.9061
-44.9410
-44.9837
-45.0259
-45.0721
-45.1262
-52.6115
-52.8862
-53.2246
-53.4666
-53.6358
-53.9937
-54.3583
-54.7164
-55.0715
-54.8723
-54.5663
-54.4868
-54.8062
-55.1485
-55.4609
-55.7889
-56.1082
-56.4163
-56.8286
-57.1244
-57.4230
-57.6953
-57.9551
-58.2016
-58.4355
-58.4058
-58.5986
-58.7596
-58.9291
-59.0934
-59.0020
-56.7941
-56.7094
-56.6435
-44.7550
-44.7874
-44.8305
-44.8733
-44.9209
-44.9753
-52.4735
-52.7621
-53.1226
-53.2868
-53.5485
-53.9251
-54.3072
-54.6856
-55.0035
-54.6699
-54.3612
-54.3974
-54.7421
-55.0969
-55.4196
-55.7859
-56.1144
-56.4326
-56.8565
-57.1586
-57.4625
-57.7394
-58.0028
-58.2518
-58.4869
-58.4448
-58.6356
-58.8237
-58.9925
-58.9835
-58.8143
-56.6176
-56.5333
-56.4679
-44.6004
-44.6359
-44.6794
-44.7229
-44.7674
-44.8221
-52.3387
-52.6621
-53.0488
-53.1466
-53.4440
-53.8384
-54.2365
-54.6610
-54.8141
-54.4618
-54.1733
-54.3428
-54.7093
-55.0800
-55.4161
-55.7652
-56.1021
-56.4273
-56.8573
-57.2046
-57.4977
-57.7926
-58.0573
-58.3067
-58.5407
-58.4857
-58.6802
-58.8587
-58.9695
-58.8155
-56.5567
-56.4536
-56.3528
-56.2739
-44.4416
-44.4775
-44.5214
-44.5655
-44.6161
-44.6713
-52.2352
-52.5799
-52.9964
-53.0241
-53.3699
-53.7866
-54.2055
-54.6172
-54.5828
-54.2190
-54.0150
-54.2998
-54.6877
-55.0753
-55.4260
-55.7877
-56.1354
-56.4695
-56.9120
-57.2217
-57.5146
-57.8066
-58.0669
-58.3706
-58.3346
-58.5359
-58.7228
-58.8941
-58.7669
-58.6112
-56.3691
-56.2671
-56.1841
-56.1062
-44.2802
-44.3164
-44.3607
-44.4057
-44.4576
-44.5133
-52.1103
-52.5135
-52.9628
-52.9294
-53.3180
-53.7611
-54.2045
-54.6199
-54.3791
-54.0086
-53.8818
-54.2442
-54.6785
-55.0844
-55.4500
-55.8249
-56.1833
-56.5245
-56.9818
-57.2965
-57.5920
-57.8685
-58.1451
-58.3915
-58.3317
-58.5233
-58.6999
-58.6544
-58.5587
-56.2712
-56.1757
-56.0740
-55.9906
-55.9141
-44.1162
-44.1526
-44.1974
-44.2432
-44.2965
-44.3527
-51.9924
-52.4388
-52.8840
-52.8557
-53.2864
-53.7596
-54.2026
-54.6158
-54.1872
-53.8140
-53.8338
-54.2462
-54.6505
-55.0714
-55.4476
-55.8787
-56.2462
-56.5986
-57.0680
-57.3865
-57.6837
-57.9646
-58.2392
-58.4768
-58.3972
-58.5831
-58.6343
-58.4527
-58.2833
-56.0370
-55.9403
-55.8499
-55.7936
-55.7150
-43.9501
-43.9870
-44.0313
-44.0780
-44.1327
-44.1895
-51.8833
-52.3766
-52.7088
-52.7743
-53.2455
-53.7494
-54.2482
-54.4554
-53.9998
-53.6191
-53.7984
-54.2458
-54.7025
-55.1389
-55.5331
-55.9323
-56.2769
-56.6311
-57.1723
-57.4934
-57.7952
-58.0695
-58.3404
-58.5723
-58.4690
-58.6242
-58.4311
-58.2445
-58.0705
-55.8412
-55.7438
-55.6532
-55.5559
-55.4798
-43.7803
-43.8175
-43.8631
-43.9110
-43.9670
-44.0244
-51.7908
-52.3308
-52.5428
-52.7073
-53.2213
-53.7596
-54.2884
-54.2572
-53.7790
-53.4894
-53.8123
-54.2996
-54.7493
-55.2058
-55.6158
-56.0278
-56.4130
-56.9244
-57.2704
-57.5934
-57.8862
-58.1894
-58.4340
-58.6774
-58.5475
-58.4208
-58.2214
-58.0312
-55.7447
-55.6411
-55.5431
-55.4502
-55.3671
-55.2809
-43.6076
-43.6451
-43.6911
-43.7401
-43.7974
-43.8555
-51.7069
-52.3105
-52.3983
-52.6643
-53.2259
-53.8044
-54.3573
-54.0535
-53.5574
-53.3896
-53.8233
-54.3495
-54.8587
-55.3507
-55.7711
-56.1470
-56.5397
-57.0722
-57.4206
-57.7387
-58.0274
-58.2875
-58.5207
-58.4147
-58.4869
-58.2129
-58.0048
-57.8089
-55.5410
-55.4340
-55.3359
-55.2456
-55.1633
-55.0788
-43.4318
-43.4696
-43.5160
-43.5663
-43.6248
-43.8086
-51.6414
-52.2212
-52.2679
-52.6356
-53.2497
-53.8715
-54.4546
-53.8544
-53.3521
-53.3527
-53.8722
-54.4256
-54.9631
-55.4779
-55.9120
-56.3505
-56.7569
-57.3157
-57.5908
-57.9049
-58.1865
-58.4371
-58.6582
-58.3902
-58.1787
-57.9570
-57.8358
-57.6324
-55.3627
-55.2571
-55.1271
-55.0366
-54.9554
-54.8833
-43.2529
-43.2910
-43.3378
-43.3895
-43.4492
-50.9642
-51.6012
-52.1387
-52.1647
-52.6344
-53.3074
-53.9778
-54.2881
-53.6416
-53.1620
-53.3537
-53.9459
-54.5480
-55.1245
-55.6582
-56.1180
-56.5566
-56.9678
-57.5254
-57.8753
-58.1874
-58.4632
-58.6013
-58.8064
-58.1868
-57.9652
-57.7353
-57.5163
-55.2142
-55.0977
-55.0419
-54.9435
-54.8541
-54.7743
-54.7046
-43.0707
-43.1091
-43.1563
-43.2095
-43.2703
-50.8348
-51.5959
-52.0859
-52.0964
-52.6713
-53.4116
-54.1351
-54.1224
-53.4264
-53.0206
-53.4017
-54.0607
-54.7062
-55.3141
-55.8686
-56.3358
-56.7778
-57.1882
-57.7966
-58.1420
-58.4458
-58.7098
-58.9358
-58.9015
-58.0708
-57.7257
-57.5048
-57.2740
-54.9994
-54.8818
-54.7743
-54.6768
-54.5883
-54.5579
-54.4916
-42.8852
-42.9239
-42.9715
-43.0263
-43.0882
-50.7344
-51.6396
-52.0726
-52.0723
-52.7604
-53.5784
-54.3595
-53.9621
-53.2195
-52.9541
-53.5050
-54.2294
-54.9207
-55.5581
-56.1363
-56.5999
-57.0532
-57.4482
-58.0792
-58.4113
-58.6991
-58.9433
-58.9658
-58.9018
-57.8871
-57.6131
-57.3750
-54.9708
-54.7792
-54.6618
-54.5533
-54.4566
-54.3696
-54.2943
-54.2316
-42.6972
-42.7362
-42.7831
-42.8399
-42.9025
-50.6771
-51.7549
-52.0989
-52.1080
-52.9238
-53.8304
-54.6713
-53.8145
-53.0319
-52.9783
-53.6814
-54.4903
-55.2066
-55.8681
-56.4558
-56.9115
-57.3564
-58.0306
-58.3994
-58.7133
-58.9788
-58.9883
-58.8803
-57.9553
-57.6554
-57.3757
-57.1110
-54.7480
-54.6181
-54.4983
-54.3878
-54.2469
-54.1623
-54.0759
-54.0184
-42.5046
-42.5439
-42.5925
-42.6512
-42.7145
-50.6865
-51.9799
-52.0523
-52.2309
-53.1954
-54.2005
-54.7610
-53.6866
-52.8970
-53.1089
-53.9555
-54.8402
-55.5826
-56.2590
-56.8448
-57.2890
-57.5557
-58.4249
-58.7523
-59.0637
-59.0501
-58.9375
-58.8584
-57.7258
-57.4182
-57.1264
-56.8512
-54.5188
-54.3879
-54.2683
-54.1589
-54.0634
-53.9800
-53.9117
-53.8200
-42.3082
-42.3478
-42.3972
-42.4577
-42.5218
-50.8168
-52.0228
-52.0993
-52.4912
-53.6314
-54.7367
-54.8362
-53.5997
-52.8664
-53.3778
-54.3667
-55.3234
-56.0713
-56.7442
-57.3111
-57.7182
-57.4017
-58.8741
-59.1910
-59.1763
-58.9902
-58.8637
-58.8253
-57.4872
-57.1669
-56.8638
-54.4173
-54.2743
-54.1513
-54.0319
-53.9241
-53.8313
-53.7529
-53.6922
-46.8320
-42.1078
-42.1477
-42.1980
-42.2602
-42.3252
-51.1523
-52.2607
-52.3329
-53.0007
-54.3437
-56.5393
-55.0462
-53.5994
-53.0198
-53.8482
-54.9732
-55.9796
-56.6958
-57.3352
-57.8590
-57.6448
-57.2422
-59.3422
-59.3454
-59.0773
-58.9186
-58.8342
-58.8447
-57.2335
-56.8969
-56.5802
-54.1737
-54.0302
-53.9075
-53.7891
-53.6843
-53.5942
-53.5234
-46.6482
-46.5407
-41.9039
-41.9445
-41.9960
-42.0597
-42.1262
-51.9611
-52.8617
-52.9217
-53.9365
-56.7340
-57.3319
-55.5301
-53.8100
-53.4906
-54.6360
-55.8571
-56.8567
-57.6517
-58.2889
-58.7355
-57.5100
-57.0879
-59.5384
-59.2536
-59.0248
-58.8557
-58.8308
-58.8878
-56.9671
-56.6131
-54.0793
-53.9215
-53.7768
-53.6454
-53.5366
-53.4363
-53.3533
-46.4833
-46.3788
-46.2741
-41.6960
-41.7373
-41.7905
-41.8551
-41.9231
-54.0854
-54.3880
-54.4466
-56.5337
-54.4834
-54.5858
-55.9727
-57.1622
-58.0184
-58.6628
-59.1576
-59.5526
-57.3836
-56.9663
-59.4150
-59.1610
-58.9817
-58.8736
-58.9094
-57.0833
-56.6862
-56.3127
-53.8218
-53.6617
-53.5158
-53.3851
-53.2780
-53.1825
-53.1078
-46.1852
-46.1079
-46.0296
-41.4834
-41.5256
-41.5802
-41.6458
-41.7155
-58.3180
-58.4260
-58.4845
-58.8053
-56.5339
-56.6930
-57.9348
-58.8683
-59.5109
-59.9641
-60.3201
-60.5058
-57.2692
-56.8815
-59.3309
-59.1439
-59.0209
-58.9781
-58.9942
-56.8106
-56.3885
-55.9933
-53.5561
-53.3939
-53.2475
-53.1183
-53.0146
-52.9261
-45.9851
-45.8852
-45.8106
-45.9036
-41.2662
-41.3093
-41.3649
-41.4321
-41.5036
-57.1754
-59.4835
-59.3276
-59.2015
-59.1183
-59.2061
-59.1477
-56.5210
-56.0705
-53.4622
-53.2817
-53.1178
-52.9720
-52.8454
-52.7408
-45.8038
-45.7063
-45.6100
-45.6574
-45.7778
-41.0442
-41.0881
-41.1452
-41.2132
-41.2868
-57.1067
-59.5290
-59.3666
-59.3437
-59.4280
-59.4813
-59.3777
-56.2112
-55.7290
-53.1814
-52.9981
-52.8335
-52.6892
-52.5672
-52.4718
-45.4965
-45.4029
-45.4052
-45.5254
-45.6537
-40.8170
-40.8620
-40.9204
-40.9898
-41.0647
-61.5798
-62.4715
-63.2152
-62.6264
-60.7444
-60.6394
-59.7710
-55.8781
-55.3596
-52.8907
-52.7052
-52.5408
-52.3995
-52.2850
-45.3039
-45.1876
-45.1465
-45.2693
-45.3980
-45.5281
-40.5844
-40.6304
-40.6901
-40.7610
-40.8376
-40.9228
-41.0102
-41.1114
-41.2121
-41.3199
-41.4301
-58.2616
-58.4391
-58.8032
-59.1338
-59.4228
-59.6837
-59.9196
-60.1463
-60.3549
-60.5426
-60.7481
-60.9639
-61.1627
-61.3410
-61.5114
-56.1345
-55.5297
-52.8012
-52.5920
-52.4050
-52.2421
-52.1066
-45.0809
-44.9668
-44.8794
-45.0082
-45.1364
-45.2694
-45.4024
-40.3467
-40.3938
-40.4548
-40.5275
-40.6066
-40.6929
-40.7843
-40.8884
-40.9918
-41.1032
-41.2139
-55.7855
-55.1153
-52.4868
-52.2743
-52.0869
-51.9279
-44.8736
-44.7633
-44.6547
-44.7379
-44.8681
-45.0024
-45.1389
-45.2705
-40.1031
-40.1512
-40.2135
-40.2879
-40.3697
-40.4570
-40.5526
-40.6589
-40.7653
-40.8807
-40.9919
-55.4013
-52.4127
-52.1706
-51.9503
-51.7646
-51.6130
-44.5270
-44.4212
-44.4606
-44.5929
-44.7277
-44.8681
-45.0032
-45.1691
-39.8532
-39.9024
-39.9661
-40.0427
-40.1266
-40.2151
-40.3149
-40.4230
-40.5323
-40.6522
-40.7695
-49.3667
-51.7791
-57.6064
-57.7835
-58.0469
-58.3448
-58.5824
-58.8820
-57.9964
-59.9007
-60.8085
-58.8048
-57.8334
-56.8417
-55.8707
-54.9604
-52.0826
-51.8353
-51.6144
-51.4334
-44.3087
-44.1803
-44.1762
-44.3109
-44.4498
-44.5899
-44.7292
-44.8666
-45.0365
-39.5972
-39.6476
-39.7126
-39.7914
-39.8777
-39.9680
-40.0727
-40.1826
-40.2946
-40.4173
-40.5435
-51.4308
-59.1588
-59.0426
-59.0852
-59.2130
-59.3898
-59.5923
-59.8061
-58.8149
-62.6739
-64.1111
-63.6144
-57.7850
-56.6293
-55.4974
-54.4509
-51.7370
-51.4856
-51.2710
-44.0816
-43.9554
-43.8824
-44.0217
-44.1638
-44.3060
-44.4487
-44.5873
-44.7665
-44.8962
-39.3346
-39.3863
-39.4525
-39.5338
-39.6224
-39.7147
-39.8243
-39.9366
-40.0528
-40.1774
-40.3134
-60.0213
-57.6991
-56.3398
-55.0575
-51.6668
-51.3745
-51.1211
-43.8483
-43.7225
-43.6035
-43.7242
-43.8692
-44.0153
-44.1602
-44.3019
-44.4524
-44.6222
-44.7502
-39.0650
-39.1180
-39.1853
-39.2694
-39.3600
-39.4564
-39.5693
-39.6849
-39.8074
-39.9321
-40.0752
-61.5438
-57.8202
-56.1295
-54.4614
-51.2719
-50.9739
-50.7230
-43.4819
-43.3411
-43.4182
-43.5660
-43.7164
-43.8655
-44.0092
-44.1631
-44.3425
-44.4734
-44.5988
-38.7911
-38.8450
-38.9137
-39.0005
-39.0937
-39.1941
-39.3098
-39.4280
-39.5561
-39.6841
-39.8297
-58.1223
-55.9049
-51.2303
-50.8785
-50.5764
-50.3347
-43.0885
-43.0987
-43.2485
-43.4034
-43.5615
-43.7070
-43.8644
-44.0170
-44.1890
-44.3171
-44.4542
-38.5122
-38.5663
-38.6364
-38.7249
-38.8206
-38.9242
-39.0431
-39.1641
-39.2967
-39.4319
-39.5761
-47.8908
-50.2470
-51.8484
-52.9692
-53.8059
-55.6535
-56.1999
-56.6215
-57.0147
-61.1286
-61.2673
-61.1009
-58.8536
-55.6749
-50.8243
-50.4611
-50.1609
-49.9450
-42.7723
-42.9265
-43.0865
-43.2438
-43.3941
-43.5519
-43.7097
-43.8912
-44.0229
-44.1693
-44.3061
-38.2257
-38.2798
-38.3517
-38.4417
-38.5398
-38.6469
-38.7691
-38.8939
-39.0283
-39.1746
-39.3205
-49.8886
-51.9047
-55.7939
-56.3199
-56.8465
-57.2834
-57.6612
-57.9582
-58.1723
-60.7218
-55.4388
-50.3891
-50.0186
-49.7334
-42.4331
-42.5944
-42.7583
-42.9212
-43.0770
-43.2348
-43.3983
-43.5522
-43.7259
-43.8707
-44.0127
-44.1498
-37.9308
-37.9849
-38.0590
-38.1501
-38.2506
-38.3614
-38.4869
-38.6172
-38.7521
-38.9072
-39.0582
-54.8994
-67.2779
-50.3760
-49.9189
-49.5509
-49.3155
-42.2506
-42.4183
-42.5868
-42.7497
-42.9105
-43.0763
-43.2357
-43.4198
-43.5704
-43.7168
-43.8582
-43.9974
-37.6266
-37.6807
-37.7570
-37.8490
-37.9524
-38.0680
-38.1959
-38.3329
-38.4686
-38.6296
-38.7891
-69.6138
-49.8874
-49.4164
-49.0778
-41.8972
-42.0667
-42.2416
-42.4111
-42.5756
-42.7452
-42.9108
-43.0677
-43.2616
-43.4126
-43.5585
-43.7023
-43.8430
-37.3131
-37.3670
-37.4457
-37.5386
-37.6443
-37.7657
-37.8961
-38.0391
-38.1842
-38.3429
-45.9774
-55.8093
-56.1778
-56.5533
-54.4952
-50.6627
-49.9538
-49.3504
-48.8844
-41.5326
-41.7020
-41.8840
-42.0606
-42.2302
-42.4077
-42.5762
-42.7389
-42.9429
-43.0988
-43.2495
-43.3982
-43.5427
-43.6802
-36.9894
-37.0430
-37.1239
-37.2190
-37.3261
-37.4544
-37.5884
-37.7346
-37.8923
-38.0514
-46.1746
-47.5788
-48.7638
-53.3672
-54.7493
-55.5095
-55.9932
-56.4165
-56.7645
-57.0857
-57.3883
-54.2786
-50.1926
-49.3915
-48.7601
-41.1526
-41.3282
-41.5135
-41.6990
-41.8742
-42.0583
-42.2300
-42.3981
-42.5760
-42.7746
-42.9305
-43.0844
-43.2330
-43.3748
-43.5182
