-52.8269
-53.3587
-53.8135
-54.2108
-73.8508
-71.9787
-70.1367
-68.8089
-62.7321
-62.3382
-61.9306
-61.5816
-61.2564
-60.9558
-60.6789
-58.1973
-58.1542
-60.8326
-61.2350
-61.4465
-61.1708
-60.9134
-60.6777
-60.4631
-60.2833
-60.0512
-57.7733
-57.7598
-57.7497
-57.7418
-57.7369
-57.7351
-57.7405
-57.7453
-57.7527
-57.7888
-60.3189
-55.8140
-53.1070
-53.5816
-54.0214
-54.3957
-72.9892
-69.8341
-67.6257
-66.8105
-62.8400
-62.4778
-62.1318
-61.8057
-61.4997
-61.2143
-60.9497
-60.7058
-58.3006
-60.5799
-61.0242
-61.3971
-61.3979
-61.1583
-60.9555
-60.7505
-60.5630
-60.3926
-60.1839
-57.9382
-57.9282
-57.9199
-57.9131
-57.9137
-57.9138
-57.9166
-57.9220
-57.9299
-57.9655
-56.7271
-55.6428
-53.3601
-53.7946
-54.2097
-61.6632
-61.9499
-62.1046
-62.2562
-62.4027
-62.5444
-62.6451
-62.5237
-62.2183
-61.9260
-61.6482
-61.3861
-61.1407
-60.9123
-60.7012
-58.3964
-60.8254
-61.2457
-61.5933
-61.4374
-61.2214
-61.0217
-60.8380
-60.6695
-60.5162
-60.3223
-58.0998
-58.0909
-58.0848
-58.0870
-58.0852
-58.0861
-58.0897
-58.0956
-58.1039
-56.4573
-56.3316
-53.2447
-53.6123
-54.0219
-54.4326
-54.7709
-59.8037
-60.4767
-60.9453
-61.3045
-61.5688
-61.8167
-62.1346
-62.0877
-61.8331
-61.5902
-61.3605
-61.1449
-60.9438
-58.6033
-58.5729
-61.1140
-61.4778
-61.6783
-61.4703
-61.2767
-61.0973
-60.9320
-60.7794
-60.6391
-60.4574
-58.2580
-58.2561
-58.2527
-58.2518
-58.2533
-58.2555
-58.2597
-58.2661
-55.3058
-56.1489
-56.2070
-53.4826
-53.8339
-54.2140
-54.6035
-54.9243
-59.0167
-59.7287
-60.2659
-60.6733
-61.0281
-61.3330
-61.6019
-61.8440
-61.6946
-61.4847
-61.2859
-61.0986
-60.9921
-58.7404
-60.9649
-61.3535
-61.6773
-61.7023
-61.5155
-61.3412
-61.1796
-61.0278
-60.8888
-60.7606
-60.6002
-58.4201
-58.4153
-58.4130
-58.4132
-58.4157
-58.4262
-58.4325
-54.4377
-55.3158
-56.0399
-56.1913
-53.7399
-54.0755
-54.4475
-54.8008
-55.1121
-58.6026
-59.2470
-59.7498
-60.1793
-60.6702
-61.0000
-61.2939
-61.5602
-61.6756
-61.4892
-61.3125
-61.1656
-61.0072
-58.7940
-61.1230
-61.4897
-61.7891
-61.6657
-61.5722
-61.4137
-61.2642
-61.1269
-61.0092
-60.8952
-60.7385
-58.5760
-58.5724
-58.6270
-53.8317
-54.6632
-55.3997
-56.0341
-56.2377
-53.9830
-54.3201
-54.6624
-54.9965
-55.2986
-58.4730
-59.0574
-59.5369
-59.9593
-60.3287
-60.6571
-60.9530
-61.2228
-61.6395
-61.5339
-61.3733
-61.2216
-58.9891
-58.9440
-61.3951
-61.6906
-61.8775
-61.7179
-61.5651
-61.4213
-61.2981
-61.1775
-61.0664
-60.9993
-58.7922
-66.2883
-46.2472
-54.1780
-54.8846
-55.5222
-56.0874
-56.3227
-54.2253
-54.5502
-54.8730
-55.1887
-55.4827
-58.4456
-58.9665
-59.4276
-59.8345
-60.1975
-60.5251
-60.8427
-61.1169
-61.3706
-61.4335
-61.2932
-61.1605
-59.1120
-61.2604
-61.6018
-61.8828
-61.9229
-61.7736
-61.6333
-66.5493
-58.9582
-63.5214
-46.4067
-53.9175
-54.4854
-55.1012
-55.6655
-56.1763
-56.4317
-54.4706
-54.7718
-55.0775
-55.3782
-55.6650
-55.9680
-58.9550
-59.3879
-59.7770
-60.1447
-60.4665
-60.7621
-61.0355
-61.2889
-61.4869
-61.3598
-59.1929
-59.1610
-61.3469
-61.6688
-61.9220
-61.9713
-61.8349
-77.6891
-66.6416
-63.3713
-68.9992
-67.4370
-64.5448
-46.5624
-46.6051
-54.2533
-54.8018
-55.3536
-55.8656
-56.2881
-54.4436
-54.6988
-54.9868
-55.2784
-55.5658
-55.8406
-56.1314
-59.0006
-59.4074
-59.7778
-60.1169
-60.4295
-60.7191
-60.9892
-61.2550
-61.8122
-61.4459
-59.3209
-59.2797
-61.5534
-61.8569
-62.0231
-61.8952
-61.7778
-68.0662
-76.8116
-66.7778
-64.4774
-62.5829
-65.6733
-65.1545
-46.7143
-46.7582
-46.8028
-54.5580
-55.0655
-55.5635
-56.0304
-56.4752
-54.7038
-54.9548
-55.1976
-55.4764
-55.7476
-56.0228
-56.2859
-59.0626
-59.4540
-59.8063
-60.1350
-60.4247
-62.0959
-61.8679
-59.5654
-61.6821
-61.9732
-62.0366
-62.0819
-75.5716
-76.0740
-66.7315
-65.0309
-63.5435
-62.3348
-65.5934
-46.8651
-46.9120
-46.9533
-54.4780
-54.8467
-55.3142
-55.7695
-56.1977
-56.6134
-54.9282
-55.1725
-55.4496
-56.2836
-56.4543
-63.2699
-70.0190
-64.4307
-60.6025
-62.4487
-62.1747
-59.8329
-59.7688
-61.9966
-62.1858
-62.4103
-75.3634
-74.6099
-73.7445
-73.1460
-66.7045
-65.3767
-64.1614
-63.1280
-62.2152
-47.0108
-47.0575
-47.1015
-47.1413
-54.7485
-55.1403
-55.5746
-55.9702
-56.3790
-56.7581
-55.1468
-64.4791
-56.4491
-60.6561
-64.0820
-64.3288
-64.3055
-64.3524
-64.7181
-64.8118
-64.9056
-62.3598
-62.2017
-59.9444
-59.8905
-62.2306
-62.5103
-62.5441
-68.5528
-70.5953
-72.2652
-71.4847
-65.9534
-64.7367
-63.7660
-62.9389
-47.1580
-47.2007
-47.2468
-47.3323
-55.0153
-55.3994
-55.8016
-56.2021
-56.5783
-56.9365
-55.3607
-63.7287
-69.8855
-64.6465
-61.3736
-65.9752
-56.8820
-62.0137
-62.6502
-63.0878
-63.4398
-68.1815
-62.5237
-62.3737
-60.0586
-62.2079
-62.4853
-62.6997
-73.3056
-70.9990
-69.7805
-65.9808
-65.0843
-64.2155
-63.4503
-55.1259
-47.5162
-55.2927
-55.6603
-56.0203
-56.3975
-56.7503
-55.3811
-57.4162
-60.7913
-61.8477
-62.2893
-65.0568
-57.0214
-74.7050
-69.1018
-67.0884
-68.5036
-62.7849
-62.6036
-60.2938
-60.2480
-62.5137
-62.7744
-70.4062
-76.2123
-72.2913
-74.6896
-70.7129
-66.0040
-65.0779
-64.2910
-63.8930
-61.3211
-47.6494
-55.2545
-55.5456
-55.8966
-56.2590
-56.6052
-56.9214
-55.6010
-57.5752
-61.0960
-64.3291
-62.8982
-77.1718
-68.7501
-66.4175
-62.8637
-62.7431
-60.4125
-60.3504
-62.6966
-62.9598
-69.7204
-71.4162
-65.8925
-64.9116
-63.0078
-66.9082
-66.0464
-61.5187
-59.3970
-47.8278
-55.4882
-55.7895
-56.1308
-56.4667
-56.7947
-69.8861
-72.3680
-64.1947
-62.8157
-69.9667
-68.3407
-67.8654
-77.3956
-66.9654
-63.0224
-62.8435
-62.6828
-60.4814
-62.6327
-62.8359
-77.7779
-69.6405
-65.4476
-55.6041
-60.0254
-61.6998
-59.5378
-55.5900
-48.0024
-55.7221
-56.0217
-56.3506
-56.6698
-56.9882
-72.2408
-67.0286
-66.9207
-64.4825
-63.1008
-62.2709
-66.8132
-66.2266
-66.4010
-71.6317
-71.1710
-67.1610
-65.9935
-63.0243
-62.9231
-60.6322
-60.5971
-62.8207
-74.4244
-72.6416
-69.7151
-65.7210
-72.7398
-59.4545
-58.7178
-59.0147
-68.1851
-59.6732
-57.4111
-48.1311
-55.7285
-55.9551
-56.2578
-56.5647
-56.8691
-64.8887
-65.0439
-65.1382
-65.2602
-65.3691
-63.5670
-62.6027
-61.9993
-65.3274
-72.4439
-67.8734
-66.7355
-63.3149
-63.2042
-63.1027
-60.7993
-60.7409
-63.0692
-71.6381
-74.0846
-72.1512
-69.8047
-65.8335
-61.3479
-55.9029
-58.1343
-61.6263
-59.8168
-58.0866
-56.5830
-48.2990
-55.9403
-56.1928
-56.4790
-56.7658
-57.0618
-61.8023
-62.9255
-63.9077
-62.9725
-62.2982
-61.8515
-68.1702
-67.1680
-66.2266
-63.3686
-63.2948
-63.1978
-60.9165
-63.0847
-71.7244
-69.8087
-66.1839
-65.6986
-56.6033
-57.7243
-58.5435
-57.2864
-56.0434
-48.4657
-56.1610
-56.4057
-56.6827
-56.9620
-57.2652
-61.1336
-62.1430
-75.0240
-64.2225
-63.3652
-62.6546
-62.1725
-61.8116
-72.3511
-71.0428
-70.6948
-67.4416
-66.6896
-63.6198
-63.4707
-63.3718
-61.0996
-61.0246
-66.4934
-72.1747
-71.7799
-71.0292
-66.5098
-65.9472
-58.2996
-56.2051
-66.3065
-66.5151
-66.6260
-58.9023
-57.8215
-56.8704
-48.5886
-56.1800
-56.3705
-56.6191
-71.8062
-66.6691
-64.5374
-63.7075
-63.0367
-67.7989
-67.0815
-66.4192
-63.6376
-63.5374
-63.4441
-61.2019
-61.0773
-66.6384
-70.6384
-70.4348
-70.0321
-66.2256
-63.3453
-56.7167
-48.5343
-59.2015
-58.2511
-57.3889
-56.3624
-48.7476
-56.3800
-56.5805
-65.2686
-68.7695
-68.0207
-67.4950
-67.4948
-66.8934
-64.0727
-63.4168
-68.0016
-67.3688
-66.7599
-66.2027
-63.6983
-63.5254
-61.2942
-71.1755
-69.5629
-66.4318
-64.6342
-63.4084
-57.1823
-59.4605
-58.6098
-57.8324
-57.1472
-56.4724
-48.9062
-56.5781
-56.7888
-70.1429
-64.3813
-63.7272
-63.1947
-75.1979
-74.5339
-68.2963
-67.6401
-67.0596
-66.5372
-63.7779
-63.6902
-63.6097
-61.4042
-71.9268
-71.1278
-70.4583
-71.1221
-71.0567
-66.4627
-57.8476
-58.2555
-68.3648
-59.6670
-58.9170
-58.2186
-57.5751
-57.0166
-49.0252
-56.6297
-56.7800
-70.7360
-76.1190
-64.6196
-64.0349
-63.5264
-72.5481
-67.8372
-67.1296
-66.6733
-66.2477
-63.8509
-63.7721
-63.6992
-65.0810
-77.3902
-70.1798
-70.2650
-58.1496
-64.1248
-67.3506
-59.1982
-58.5492
-57.9563
-57.4219
-56.7745
-49.1783
-56.8119
-71.4406
-70.8371
-69.9187
-64.9239
-64.2984
-63.8756
-77.4873
-72.4757
-67.8225
-67.3201
-66.8901
-66.3671
-63.9168
-63.8430
-63.7740
-76.0327
-73.2679
-58.4270
-64.4226
-58.2237
-59.4444
-58.8540
-58.2956
-57.7913
-57.3430
-56.8906
-49.3305
-57.0029
-71.4964
-74.0918
-68.9436
-64.5667
-72.2693
-70.3058
-66.5750
-66.4658
-66.4113
-66.4086
-66.4337
-66.4672
-66.2663
-63.9820
-63.9124
-73.8142
-72.2669
-73.0367
-72.9521
-58.6789
-61.4003
-68.3109
-58.4536
-70.3021
-68.5497
-59.6729
-59.1256
-58.6129
-58.1267
-57.6920
-57.0807
-49.4448
-49.4801
-73.9110
-70.5462
-69.0015
-64.7848
-64.3171
-65.7950
-65.7913
-65.8092
-65.8403
-65.8789
-65.9016
-65.9555
-65.9986
-66.0607
-66.1261
-64.1132
-64.0447
-63.9801
-71.1659
-71.0609
-71.0690
-70.7954
-72.0818
-58.9109
-58.3773
-63.5050
-62.9902
-64.2359
-68.1020
-59.3743
-58.8920
-58.4402
-58.0239
-57.6420
-57.1889
-49.5911
-64.0693
-64.2228
-64.4302
-64.5146
-64.6149
-64.6666
-64.4890
-64.9062
-65.0165
-65.1190
-65.2195
-65.3127
-65.4059
-65.4786
-65.5594
-65.6501
-65.7348
-65.8191
-64.1708
-64.1375
-76.1528
-59.1091
-58.6212
-62.8046
-58.5405
-64.2560
-59.6028
-59.1484
-58.7205
-58.3230
-57.9597
-57.6467
-57.3029
-49.7403
-72.0094
-69.9233
-65.4305
-64.9537
-64.7139
-71.6866
-70.1234
-69.3938
-69.0126
-73.2043
-68.8490
-68.7431
-68.6192
-68.5840
-68.5704
-64.4982
-64.3779
-76.1377
-76.5403
-73.6768
-59.7047
-58.8571
-62.6907
-58.7196
-63.1562
-68.6994
-59.8153
-59.3873
-58.9815
-58.6020
-58.2498
-57.9387
-57.4715
-73.0819
-72.0648
-69.1535
-65.1893
-64.8268
-69.6660
-71.5292
-71.0742
-73.1224
-71.6118
-70.8245
-70.3213
-69.7938
-69.0423
-64.5542
-76.7940
-73.2121
-62.6733
-59.0678
-65.1387
-63.4638
-59.1907
-62.5694
-60.0155
-59.6094
-59.2209
-58.8565
-58.4990
-58.2104
-57.9390
-57.5831
-66.5944
-67.0351
-67.0951
-65.5883
-65.1042
-70.3368
-78.0892
-76.9983
-75.9668
-72.2540
-71.8848
-71.3008
-70.9401
-69.9534
-67.0950
-64.6516
-75.7466
-77.3799
-72.7233
-62.7643
-59.2593
-58.9550
-63.5373
-62.3766
-71.1975
-60.2125
-59.8164
-59.4165
-59.1034
-58.7763
-58.4707
-58.1678
-57.7556
-75.0842
-70.7228
-69.2464
-65.4444
-65.0999
-77.9324
-69.9556
-75.9967
-77.6051
-76.4299
-73.2654
-72.5481
-72.0047
-70.2044
-68.1715
-64.8293
-74.0279
-72.3550
-62.7546
-59.4582
-59.0867
-62.7695
-67.9046
-73.6509
-71.2290
-60.4753
-60.0162
-59.6644
-59.3320
-59.0119
-58.6798
-58.4295
-58.1931
-69.6614
-69.1891
-68.2968
-67.6928
-67.3284
-65.2885
-72.6194
-72.5111
-71.2853
-76.8935
-75.6818
-74.6380
-73.3055
-71.9387
-70.3883
-68.7872
-67.3723
-59.6842
-59.2891
-71.5432
-59.4222
-60.2069
-59.8625
-59.4841
-59.1987
-58.9275
-58.6723
-58.4461
-62.4546
-67.4273
-67.0770
-71.5543
-66.7785
-66.7231
-65.4963
-70.2815
-71.3348
-70.9584
-71.9613
-76.4425
-75.0151
-74.0444
-72.9577
-71.7818
-70.5187
-69.2113
-67.9877
-80.6029
-78.8400
-72.7080
-68.7410
-59.4976
-65.5619
-65.8884
-63.8759
-60.3707
-59.9928
-59.7061
-59.4284
-59.1631
-58.9127
-58.6890
-75.3918
-65.9769
-65.6860
-71.3647
-71.0992
-69.2648
-69.1590
-74.7582
-73.7715
-72.7066
-71.6739
-70.5136
-69.2918
-68.3130
-76.6543
-76.1440
-75.6769
-75.3008
-68.9784
-68.6020
-59.6862
-59.4560
-64.0650
-73.1353
-68.9303
-60.4934
-60.2044
-59.9222
-59.6779
-59.4114
-59.1625
-58.9398
-66.1466
-65.7694
-71.6283
-74.5587
-73.4073
-72.0257
-71.2148
-70.3703
-69.5172
-68.6799
-72.5922
-74.1597
-74.6609
-74.3147
-68.1409
-59.8734
-59.5718
-70.4377
-63.9868
-59.5895
-60.7559
-60.4434
-60.1580
-59.8841
-59.6213
-59.3772
-59.1486
-58.9215
-68.7264
-68.8360
-66.6268
-69.7008
-68.6988
-65.8558
-76.1360
-75.3636
-73.3704
-72.6388
-71.9548
-71.2186
-70.4632
-69.2053
-68.8046
-68.1468
-69.3407
-69.4053
-69.4983
-69.5887
-69.5821
-60.0504
-59.6981
-65.5105
-64.0900
-62.6144
-60.9193
-60.6110
-60.3311
-60.0292
-59.7866
-59.5553
-59.3367
-59.1616
-68.2906
-67.4377
-65.8238
-66.6803
-66.6522
-66.7001
-67.7202
-67.7779
-67.8485
-67.8957
-67.9693
-68.0502
-68.0978
-68.2335
-68.3250
-68.4103
-68.9282
-69.0605
-69.1400
-72.3359
-68.2280
-68.8510
-59.8705
-62.6815
-64.1924
-62.9792
-74.4999
-64.2755
-60.7213
-60.5054
-60.2556
-60.0163
-59.7839
-59.5629
-59.3477
-71.2555
-67.0145
-66.2977
-65.8562
-65.6706
-65.7928
-65.9029
-66.0120
-66.1813
-66.3526
-66.5293
-67.3855
-67.5152
-67.6395
-67.7616
-67.8798
-67.9945
-68.1061
-68.2524
-68.3742
