-53.6977
-53.6897
-53.6822
-53.6841
-61.4966
-64.0512
-64.6341
-65.2259
-66.2500
-65.5601
-62.4881
-62.6733
-62.8612
-63.0520
-63.2440
-63.4368
-63.7458
-63.9789
-64.2202
-64.4633
-64.6977
-67.6151
-67.5258
-64.8375
-64.9610
-65.0791
-66.5618
-66.5833
-66.5723
-66.9652
-67.2665
-66.9875
-66.4220
-66.1469
-65.8889
-53.7764
-53.7686
-53.7609
-61.4748
-61.5601
-64.1337
-64.7609
-65.3000
-66.1229
-65.4898
-62.5786
-62.7576
-62.9394
-63.1234
-63.3094
-63.4979
-63.6867
-64.0052
-64.2485
-64.5080
-64.7406
-67.5664
-67.4754
-64.8115
-64.9312
-65.0457
-66.4799
-66.4869
-66.4770
-66.8647
-66.5473
-66.5690
-66.3064
-66.0420
-65.7934
-53.8545
-53.8468
-53.8396
-61.5741
-63.8298
-64.2972
-64.7726
-65.2507
-65.8796
-65.3074
-62.6654
-62.8372
-63.0121
-63.1897
-63.3698
-63.5521
-63.7376
-63.9240
-64.2481
-64.5183
-64.7863
-67.5044
-67.4133
-66.4556
-64.9068
-65.0179
-65.1239
-66.4015
-66.1486
-66.1278
-66.4804
-66.4581
-66.2062
-65.9638
-65.7281
-53.9316
-53.9240
-53.9177
-61.6776
-64.0113
-64.4460
-64.8876
-65.3309
-65.8246
-65.2935
-62.6852
-62.8455
-63.0067
-63.1684
-63.4271
-63.6006
-63.7781
-63.9595
-64.1466
-64.4809
-64.8342
-67.4488
-67.3582
-66.7325
-64.8870
-64.9950
-64.9268
-66.0987
-66.0871
-66.0613
-66.0317
-66.3754
-66.1342
-65.8943
-65.6708
-54.0082
-54.0006
-61.7219
-61.7836
-64.1786
-64.5846
-64.9964
-65.4092
-65.7885
-65.2933
-62.7778
-62.9339
-63.0911
-63.2485
-63.4061
-63.5630
-63.7187
-63.8729
-64.1560
-64.3433
-64.5548
-71.4413
-71.1920
-69.8270
-68.8011
-67.3847
-67.3052
-66.8127
-64.7101
-64.8127
-64.9112
-65.0127
-66.0356
-66.0134
-65.9783
-66.2984
-66.0666
-65.8381
-65.6263
-54.0838
-54.0765
-61.8089
-61.8886
-64.3304
-64.7107
-65.0956
-65.4813
-65.7601
-65.2969
-62.8665
-63.0185
-63.1714
-63.3240
-63.4771
-63.6297
-63.7812
-63.9311
-64.0790
-64.2246
-64.3682
-69.2291
-71.1473
-70.5660
-69.5103
-68.4019
-67.2941
-66.9627
-66.6025
-66.1920
-64.8025
-64.8993
-64.9932
-65.9788
-65.9570
-65.9230
-65.8337
-66.0022
-65.7848
-65.5883
-54.1592
-54.1528
-61.9042
-64.1250
-64.4759
-64.8337
-65.1952
-65.5574
-65.7487
-65.3133
-62.9556
-63.1037
-63.2526
-63.4016
-63.5506
-63.6981
-63.8451
-63.9901
-64.1325
-64.2715
-64.2767
-67.4865
-68.7547
-68.6781
-69.4668
-68.6418
-66.9497
-66.8895
-66.5861
-66.2531
-64.7909
-64.8877
-64.9822
-65.0731
-65.9110
-65.8786
-65.7763
-65.5827
-65.7517
-65.5616
-54.2340
-54.2285
-62.0030
-64.2807
-64.6123
-64.9497
-65.2902
-65.6310
-65.7449
-62.8990
-63.0368
-63.1858
-63.3302
-63.4743
-63.6177
-63.7593
-63.8975
-64.0256
-64.0836
-64.2131
-64.3382
-66.8978
-68.0891
-68.2206
-68.1316
-68.5984
-67.5589
-66.8129
-66.5512
-66.2662
-65.9710
-64.8682
-64.9720
-65.0615
-65.8689
-65.8422
-65.7302
-65.5413
-65.7218
-65.1697
-54.3081
-62.0430
-62.1034
-64.4270
-64.7411
-65.0601
-65.3815
-65.7029
-65.7480
-62.9872
-63.1120
-63.2588
-63.4051
-63.5439
-63.6810
-63.8121
-63.8849
-64.0183
-64.1494
-64.2792
-64.4034
-64.3896
-67.3710
-67.9442
-68.1700
-68.2440
-67.6439
-66.7362
-66.5069
-66.2634
-66.0065
-64.8323
-64.9389
-65.0340
-65.0441
-65.8053
-65.6867
-65.1445
-65.3542
-65.5803
-54.3825
-62.1307
-62.2046
-64.5656
-64.8638
-65.1659
-65.4694
-65.7732
-65.7566
-63.0734
-63.1856
-63.3274
-63.4672
-63.5531
-63.6876
-63.8215
-63.9565
-64.0878
-64.2170
-64.2192
-64.3391
-64.4551
-67.1008
-67.7335
-67.9992
-68.1279
-67.9780
-67.5268
-66.4617
-66.2466
-66.0198
-64.8139
-64.9030
-64.9781
-64.9993
-65.7697
-65.6530
-65.5149
-65.3722
-65.2435
-54.4565
-62.2225
-64.4181
-64.6965
-64.9800
-65.2667
-65.5548
-65.8423
-65.7702
-63.1571
-63.2557
-63.3417
-63.4803
-63.6201
-63.7637
-63.8949
-64.0254
-64.0385
-64.1625
-64.2843
-64.4036
-64.5197
-66.9265
-67.5460
-67.8597
-68.0276
-68.1004
-67.9132
-67.2744
-66.2230
-66.0205
-65.8112
-64.8642
-64.9240
-64.6416
-64.9846
-65.6505
-65.5267
-65.3905
-65.2682
-62.3199
-62.3641
-64.6371
-64.9099
-65.1875
-65.4685
-65.7514
-66.0314
-65.7918
-63.1821
-63.2801
-63.4163
-63.5518
-63.6885
-63.8374
-63.8579
-63.9828
-64.1060
-64.2285
-64.3491
-64.4678
-64.5838
-66.8123
-67.3912
-67.7505
-67.9444
-68.0540
-68.0734
-67.7306
-67.0741
-66.0056
-65.8169
-64.5356
-64.8872
-64.9270
-64.9625
-65.6177
-65.5050
-65.3959
-65.2913
-62.4012
-62.4607
-64.7707
-65.0314
-65.2962
-65.5616
-65.7460
-66.0114
-65.8485
-63.3497
-63.4293
-63.5649
-63.7014
-63.7370
-63.8942
-64.0220
-64.1495
-64.1774
-64.2945
-64.4140
-64.5319
-64.6477
-66.7410
-67.2791
-67.6615
-67.8749
-68.0164
-68.0971
-67.9240
-67.6045
-66.9440
-65.8142
-65.6663
-64.8630
-64.9029
-64.9388
-64.9703
-65.4769
-65.3731
-65.1951
-62.4881
-62.5581
-64.8977
-65.1473
-65.3268
-65.5796
-65.8363
-66.0912
-65.8878
-63.4382
-63.5412
-63.5444
-63.6754
-63.8072
-63.9731
-64.0995
-64.2257
-64.3517
-64.4772
-64.6019
-64.7258
-64.8485
-66.9249
-67.4674
-67.8934
-68.1325
-67.9707
-68.0805
-68.0884
-67.2950
-67.5997
-67.0399
-65.6959
-64.8372
-64.8762
-64.9128
-64.9439
-65.4462
-65.2532
-65.1453
-63.6520
-63.8042
-64.1312
-65.7129
-64.8194
-64.8494
-64.8835
-64.8458
-64.8546
-65.1975
-64.7839
-72.1650
-72.5340
-72.8535
-73.2751
-73.3586
-73.3907
-73.3066
-72.6800
-72.5595
-71.7880
-69.1923
-63.6125
-63.8962
-64.0639
-72.5790
-72.6431
-72.6682
-72.6620
-72.6168
-72.5608
-72.4853
-72.3875
-72.2760
-72.1440
-71.9867
-71.8298
-71.6566
-71.4238
-70.0997
-69.9038
-69.6492
-68.4696
-66.3501
-65.5983
-64.7622
-64.7777
-64.7899
-64.7996
-64.8386
-64.7576
-71.0315
-71.5225
-71.9520
-72.5159
-72.7060
-72.7942
-72.7001
-72.0752
-70.0935
-69.3500
-68.2406
-63.8395
-64.0122
-64.1418
-70.3798
-71.6252
-72.0501
-72.2244
-72.2521
-72.2009
-72.1519
-72.0784
-72.0097
-71.9167
-71.8310
-71.7282
-71.6028
-71.4434
-71.2374
-70.9667
-68.8192
-67.4466
-66.2810
-65.5325
-64.7057
-64.7214
-64.4597
-64.4766
-64.4862
-64.7228
-70.4335
-70.6765
-71.2093
-71.6965
-71.7162
-71.8530
-70.7818
-70.3325
-69.8029
-68.9362
-67.5459
-63.9458
-64.0727
-64.2010
-68.8510
-70.4203
-71.2183
-71.6367
-71.8660
-71.9917
-71.9538
-71.7967
-71.6915
-71.6176
-71.5584
-71.4824
-71.3700
-71.1893
-70.8841
-69.9569
-69.7118
-67.1360
-66.8205
-65.5027
-65.0755
-64.4044
-64.4234
-64.4341
-64.4524
-64.9925
-69.5958
-70.1257
-70.1882
-70.6627
-70.7298
-70.7577
-70.9147
-70.4095
-69.7046
-68.3576
-63.9051
-64.0116
-64.1359
-64.2619
-68.1197
-69.5574
-70.4746
-71.0477
-71.4058
-71.6302
-71.5612
-71.4059
-71.3248
-71.2687
-71.2336
-71.1802
-71.0641
-70.8266
-70.1520
-69.8885
-68.6528
-67.9369
-67.0240
-66.2234
-65.0591
-64.3598
-64.3792
-64.3981
-64.6933
-64.7246
-68.8130
-69.3533
-69.4435
-69.7018
-70.8166
-71.0513
-70.6065
-70.0312
-69.2473
-68.3319
-63.9604
-64.0757
-64.1979
-64.3205
-67.7266
-68.9480
-69.8763
-70.5523
-71.0204
-71.3292
-71.2808
-71.1340
-71.0695
-71.0211
-71.0001
-70.9589
-70.2178
-70.1169
-70.0064
-68.9938
-68.6063
-67.5987
-67.4039
-67.1417
-65.0440
-64.3373
-64.6022
-64.6301
-64.6591
-64.6989
-68.8417
-69.7767
-69.9469
-70.8736
-71.3094
-70.8728
-68.0940
-64.1695
-64.1413
-64.2583
-64.3787
-67.4952
-68.5359
-69.3895
-70.4217
-71.0870
-71.5572
-71.7245
-72.1996
-72.0331
-70.6698
-69.8880
-69.9087
-66.7741
-65.2292
-64.5647
-64.5930
-64.6299
-64.6632
-73.7330
-70.6929
-64.1948
-64.3250
-64.4613
-67.4267
-68.3829
-69.2431
-70.0005
-70.6613
-71.6857
-72.8291
-72.2661
-74.0692
-64.5324
-64.5611
-64.5913
-64.6250
-71.5203
-74.2852
-77.4032
-64.2515
-64.3807
-64.5143
-67.3375
-68.1798
-69.1119
-69.9523
-70.6691
-71.3929
-65.1290
-64.5202
-64.5504
-64.5844
-73.6667
-73.8818
-74.2192
-73.6540
-70.9809
-70.8404
-72.4155
-72.4415
-72.4758
-72.5214
-69.9251
-64.2994
-64.4280
-64.5623
-67.3715
-68.2058
-68.9981
-69.7176
-70.4296
-71.1082
-65.4370
-64.4779
-64.5077
-64.5414
-73.9043
-74.9104
-75.6295
-76.8562
-72.4119
-68.5936
-70.3405
-71.2086
-69.8240
-68.4283
-64.2918
-64.4649
-64.6014
-67.2029
-67.8878
-68.4592
-68.9873
-69.4549
-70.8186
-71.3953
-72.4160
-78.2340
-65.3830
-65.3364
-64.4715
-64.5047
-73.2634
-71.7161
-69.0018
-68.3507
-67.7696
-64.3749
-64.5009
-64.6319
-67.1451
-67.7809
-68.3658
-68.8450
-69.2744
-69.6500
-69.9744
-71.8118
-72.6282
-72.8535
-73.2475
-73.1420
-73.0458
-72.8214
-72.7069
-72.5386
-72.2828
-71.8902
-69.7482
-69.3440
-66.8763
-65.3725
-65.3230
-65.2762
-64.4276
-64.4595
-71.8957
-71.0777
-71.2460
-66.8908
-64.1186
-64.4969
-64.6416
-67.0697
-67.6622
-68.2570
-68.7909
-69.2089
-69.5842
-69.9172
-70.2099
-72.0090
-72.5567
-72.8271
-72.9168
-72.8333
-72.8663
-73.0976
-72.8972
-72.7019
-72.4327
-72.0295
-70.8776
-68.7850
-65.3194
-65.2678
-65.2194
-64.3851
-64.4146
-70.0386
-70.8900
-74.7053
-74.6591
-74.5945
-74.9952
-74.9806
-68.7210
-70.6582
-66.4793
-64.0397
-64.2501
-64.3290
-66.9438
-67.5494
-68.1967
-68.8944
-69.6312
-70.2748
-71.0905
-76.3268
-76.9479
-65.2204
-65.1691
-65.0743
-64.3723
-70.9004
-71.8032
-75.7469
-76.0651
-76.5336
-71.6156
-67.1570
-66.3963
-64.1109
-64.1725
-64.2341
-66.1351
-66.7378
-67.8323
-68.5339
-69.3380
-70.0688
-65.1826
-65.1280
-65.0779
-64.3420
-76.1558
-64.1221
-64.1781
-64.3058
-66.1874
-66.4639
-66.7152
-67.3309
-68.8251
-69.8687
-65.1540
-65.0969
-65.0435
-64.9161
-75.3138
-64.2082
-64.2666
-64.3238
-66.1539
-66.4026
-66.6292
-66.8300
-67.1656
-67.8763
-70.4863
-67.8746
-76.4551
-65.1321
-65.0739
-65.0187
-64.9503
-76.2600
-71.1394
-72.3336
-79.1024
-71.5583
-74.0886
-64.2952
-64.3557
-64.4155
-66.2467
-66.4894
-66.7133
-66.9149
-67.0901
-67.2294
-67.3188
-69.3580
-69.1477
-68.9115
-67.3065
-67.2861
-67.2661
-67.2394
-67.2271
-67.2082
-67.1898
-67.1718
-67.1544
-67.1375
-67.0647
-65.3891
-65.1139
-65.0562
-65.0006
-64.9490
-73.5098
-72.4760
-71.5438
-71.1534
-70.8467
-70.4710
-71.2930
-70.7630
-70.5174
-69.8939
-69.0160
-64.3846
-64.4478
-64.5111
-66.3479
-66.5860
-66.8082
-67.0126
-67.1954
-67.3390
-67.4429
-68.9686
-69.1794
-69.0916
-68.8904
-67.1568
-67.1393
-67.1217
-67.1015
-67.0784
-67.0514
-67.0117
-66.9559
-66.8365
-66.3540
-65.1542
-65.0969
-65.0406
-64.9862
-64.9350
-72.7397
-74.7767
-75.8931
-76.4624
-70.6333
-70.4794
-70.0543
-69.7666
-69.2275
-68.0759
-64.4921
-64.5577
-64.6242
-66.4677
-66.7027
-66.9247
-67.1301
-67.3152
-67.4558
-67.5705
-67.6568
-69.0949
-69.1840
-69.1072
-68.9179
-68.6512
-66.9857
-66.9587
-66.9307
-66.8932
-66.8260
-66.7035
-66.3356
-66.0493
-65.1342
-65.0791
-65.0250
-64.9726
-64.9230
-71.6538
-69.5784
-69.1912
-68.5768
-67.5698
-64.6051
-64.6776
-64.7470
-66.5972
-66.8276
-67.0467
-67.2515
-67.4272
-67.5742
-67.6991
-67.7998
-69.0324
-69.2481
-69.2810
-69.1854
-68.9888
-68.7139
-66.8176
-66.7805
-66.7303
-66.6201
-66.3135
-66.1480
-65.3652
-65.1147
-65.0612
-65.0085
-64.9578
-64.9107
-70.1116
-68.1530
-68.7198
-68.1127
-67.2455
-64.6566
-64.7545
-64.8568
-66.7286
-66.9544
-67.1707
-67.3700
-67.5395
-67.6921
-67.8263
-67.9403
-68.0262
-69.3025
-69.4261
-69.4358
-69.3201
-69.1270
-68.8482
-68.4462
-66.5485
-66.2853
-66.1702
-66.0040
-65.3377
-65.0928
-65.0420
-64.9921
-64.9440
-64.8986
-69.6486
-67.9230
-69.2155
-69.2885
-67.8270
-67.5640
-68.1472
-67.3555
-64.8873
-64.9925
-64.9187
-66.7757
-67.0437
-67.2952
-67.4798
-67.6509
-67.8022
-67.9442
-68.0701
-68.1786
-69.3740
-69.5637
-69.6512
-69.6178
-69.5075
-69.3334
-68.7642
-68.4334
-67.8093
-66.0441
-65.9106
-65.2180
-65.0689
-65.0202
-64.9727
-64.9271
-64.8845
-71.0800
-68.1580
-68.6781
-68.7400
-68.6722
-67.6370
-67.4697
-67.2206
-66.8681
-67.1963
-64.9251
-65.0288
-65.1375
-67.0825
-67.3725
-67.6506
-67.9352
-68.1960
-68.3840
-68.5600
-68.7231
-68.8724
-69.0069
-70.4959
-69.8672
-69.8663
-69.8260
-69.3981
-69.3495
-69.2240
-69.0096
-68.7079
-65.3002
-65.1798
-65.0436
-64.9978
-64.9532
-64.9107
-64.9723
-68.2158
-68.1327
-67.4224
-67.3100
-67.1484
-66.9250
-66.6261
-66.2328
-64.9440
-65.0476
-65.1542
-67.0553
-67.3262
-67.5958
-67.8752
-68.1658
-68.4687
-68.7374
-68.9273
-69.1142
-69.3027
-70.8820
-71.2891
-73.1057
-71.2909
-64.9669
-64.9304
-64.8981
-64.9699
-64.9479
-67.7375
-67.1946
-67.1143
-66.9685
-66.6568
-66.6638
-66.4083
-66.0789
-64.4465
-64.9095
-65.0025
-66.7455
-66.9633
-67.1868
-67.6900
-67.9699
-68.2695
-68.5932
-68.9457
-69.3337
-69.7695
-70.2280
-72.4987
-74.0792
-64.4129
-64.3606
-64.9136
-64.8808
-64.8528
