-54.5182 -54.5555 -54.6153 -54.5935 -54.6047 -54.5386 -54.5245 -62.2624 -63.1936 -63.4317 -63.5575 -63.6072 -63.3209 -63.0688 -62.8531 -62.8243 -55.2128 -55.2942 -62.8729 -63.0285 -63.1202 -55.6569 -55.7149 -55.7935 -55.8704 -55.9462 -56.0240 -56.1038 -56.1862 -56.2689 -56.3442 -56.4317 -56.5119 -56.6417 -65.5062 -66.1440 -66.6098 -66.7574 -66.2853 -65.7350
-54.4027 -54.4389 -54.4434 -54.4557 -54.3662 -54.3531 -54.2883 -63.0920 -63.3324 -63.4539 -63.5096 -63.1907 -62.9102 -62.6704 -62.6228 -55.0520 -55.1308 -62.7280 -62.8892 -62.9577 -55.4792 -55.5628 -55.6420 -55.7201 -55.7976 -55.8766 -55.9576 -56.0416 -56.1253 -56.2076 -56.2844 -56.3733 -65.3236 -66.3769 -66.9721 -67.3581 -67.1035 -66.3475 -65.6593 -64.9927
-54.2581 -54.2688 -54.2720 -54.2074 -54.1722 -54.1348 -62.9628 -63.2039 -63.4176 -63.4895 -63.1259 -62.8067 -62.5448 -62.4612 -54.8896 -54.9700 -62.5718 -62.7499 -62.7921 -55.3239 -55.4080 -55.4883 -55.5675 -55.6497 -55.7300 -55.8121 -55.8971 -55.9816 -56.0647 -56.1397 -56.2296 -68.3651 -68.6097 -68.6843 -68.7450 -67.7298 -66.4477 -65.5414 -64.6792 -56.9318
-54.1060 -54.1422 -54.0552 -54.0184 -53.9853 -62.9086 -63.1486 -63.4179 -63.4804 -63.0936 -62.7146 -62.4108 -62.2969 -54.7245 -54.8066 -62.4480 -62.6301 -62.6397 -55.1685 -55.2537 -55.3346 -55.4147 -55.4956 -55.5768 -55.6600 -55.7473 -55.8331 -55.9173 -55.9935 -56.0843 0.0000 -73.7139 -71.9193 -70.7875 -68.6378 -66.7099 -65.4199 -56.7224 -56.7981 -56.8725
-53.9812 -53.8748 -53.8639 -53.8326 -62.8913 -63.1240 -63.4592 -63.5548 -63.1094 -62.6774 -62.3030 -62.1484 -54.5594 -54.6474 -62.3017 -62.4878 -62.4626 -55.0070 -55.0924 -55.1749 -55.2564 -55.3394 -55.4220 -55.5069 -55.5957 -55.6825 -55.7674 -55.8515 -55.9329 0.0000 0.0000 0.0000 -74.0288 -70.8372 -67.4362 -65.2944 -56.5856 -56.6619 -56.7366 -56.8150
-53.7195 -53.6834 -53.6551 -62.9526 -63.1787 -63.5275 -63.6503 -63.1392 -62.6205 -62.1840 -61.9843 -54.3878 -61.9474 -62.1313 -62.3455 -62.2822 -54.8429 -54.9294 -55.0132 -55.0962 -55.1811 -55.2650 -55.3519 -55.4474 -55.5352 -55.6209 -55.7062 -55.7835 -55.8684 -55.9531 0.0000 0.0000 0.0000 -70.7600 -56.3680 -56.4453 -56.5215 -56.5998 -56.6789 -56.7661
-53.4975 -53.4455 -63.0736 -63.2694 -63.6344 -63.8375 -63.2376 -62.5929 -62.0721 -54.1731 -54.2132 -61.7781 -61.9949 -62.1981 -62.1024 -54.6763 -54.7638 -54.8492 -54.9395 -55.0259 -55.1117 -55.1996 -55.2906 -55.3795 -55.4662 -55.5529 -55.6382 -55.7188 -55.8046 -55.8877 -55.9703 0.0000 0.0000 -56.2231 -56.3012 -56.3754 -56.4560 -56.5367 -56.6292 -56.7115
-53.3039 -63.3549 -63.4886 -63.8939 -64.3785 -63.4454 -62.6450 -61.9833 -53.9456 -54.0360 -61.6110 -61.8651 -62.0643 -61.9505 -54.5124 -54.6011 -54.6878 -54.7746 -54.8621 -54.9499 -55.0394 -55.1309 -55.2212 -55.3090 -55.3972 -55.4849 -55.5666 -55.6532 -55.7377 -55.8217 -55.9053 -55.9887 -56.0705 -56.1516 -56.2334 -56.3155 -56.4036 -56.4963 -68.2097 -68.4021
-63.9632 -63.9497 -64.3765 -65.0901 -63.8498 -62.7984 -61.9367 -53.7660 -53.8625 -61.4765 -61.8011 -61.9240 -54.2461 -54.3402 -54.4298 -54.5181 -54.6066 -54.6956 -54.7855 -54.8765 -54.9686 -55.0601 -55.1494 -55.2391 -55.3291 -55.4126 -55.4996 -55.5856 -55.6707 -55.7561 -55.8402 -55.9232 -56.0120 -56.0869 -56.1702 -56.2531 -56.3355 0.0000 0.0000 -75.8009
-65.0228 -67.9083 -66.4162 -64.7152 -63.2125 -62.0088 -53.5879 -53.6797 -61.3223 -61.6949 -61.7232 -54.0673 -54.1644 -54.2555 -54.3453 -54.4370 -54.5274 -54.6196 -54.7119 -54.8046 -54.8972 -54.9879 -55.0777 -55.1710 -55.2617 -55.3436 -55.4310 -55.5149 -55.6016 -55.6867 -55.7710 -55.8560 -55.9412 -56.0260 -56.1097 -56.1933 -56.2870 0.0000 0.0000 0.0000
0.0000 -68.6901 -66.3767 -64.0797 -62.2358 -53.4030 -53.4943 -61.1724 -61.6018 -61.5437 -53.8873 -53.9851 -54.0779 -54.1705 -54.2631 -54.3548 -54.4492 -54.5429 -54.6370 -54.7301 -54.8224 -54.9130 -55.0076 -55.0990 -55.1825 -55.2713 -55.3598 -55.4474 -55.5338 -55.6200 -55.7070 -55.7939 -55.8794 -55.9651 -56.0490 -56.1328 0.0000 0.0000 0.0000 0.0000
0.0000 -69.7207 -66.2423 -62.9524 -53.2116 -53.3053 -61.0439 -61.5327 -61.3604 -53.7040 -53.8029 -53.8976 -53.9911 -54.0855 -54.1799 -54.2762 -54.3683 -54.4631 -54.5584 -54.6524 -54.7480 -54.8442 -54.9364 -55.0274 -55.1117 -55.2022 -55.2907 -55.3785 -55.4672 -55.5562 -55.6444 -55.7306 -55.8175 -55.9026 -55.9883 -56.0745 0.0000 -56.2836 -56.3349 -56.4183
0.0000 0.0000 -66.1107 -53.0169 -53.1133 -60.9333 -61.5050 -61.1868 -53.5158 -53.6155 -53.7099 -53.8061 -53.9025 -53.9992 -54.0973 -54.1940 -54.2895 -54.3859 -54.4825 -54.5804 -54.6781 -54.7713 -54.8638 -54.9500 -55.0417 -55.1319 -55.2219 -55.3128 -55.4032 -55.4921 -55.5796 -55.6678 -55.7544 -55.8420 -55.9302 -56.0175 -56.1050 -56.1909 -56.2754 -56.3591
0.0000 0.0000 -52.8141 -52.9126 -60.8441 -61.5021 -60.9818 -53.3191 -53.4228 -53.5226 -53.6212 -53.7196 -53.8186 -53.9183 -54.0167 -54.1130 -54.2110 -54.3106 -54.4100 -54.5085 -54.6035 -54.6975 -54.7861 -54.8789 -54.9710 -55.0634 -55.1561 -55.2478 -55.3373 -55.4264 -55.5159 -55.6043 -55.6967 -55.7860 -55.8751 -55.9633 -56.0498 -56.1355 -56.2197 -56.3047
-52.4989 -52.6033 -52.7095 -60.8480 -61.6480 -60.7883 -53.1250 -53.2302 -53.3319 -53.4329 -53.5332 -53.6347 -53.7359 -53.8358 -53.9333 -54.0332 -54.1356 -54.2366 -54.3361 -54.4328 -54.5285 -54.6248 -54.7141 -54.8081 -54.9052 -54.9992 -55.0916 -55.1824 -55.2729 -55.3640 -55.4555 -55.5462 -55.6369 -55.7278 -55.8164 -55.9040 -55.9905 -56.0770 -56.1637 -56.2495
-52.3957 -52.5045 -61.0372 -61.9871 -60.5916 -52.9269 -53.0339 -53.1361 -53.2411 -53.3435 -53.4474 -53.5502 -53.6516 -53.7508 -53.8527 -53.9576 -54.0600 -54.1633 -54.2615 -54.3603 -54.4578 -54.5485 -54.6449 -54.7415 -54.8367 -54.9300 -55.0223 -55.1143 -55.2075 -55.3013 -55.3933 -55.4862 -55.5773 -55.6671 -55.7558 -55.8439 -55.9328 -56.0206 -56.1068 -56.1908
-52.2956 -61.7082 -62.7810 -52.6193 -52.7282 -52.8339 -52.9386 -53.0456 -53.1506 -53.2603 -53.3651 -53.4665 -53.5674 -53.6719 -53.7784 -53.8817 -53.9831 -54.0852 -54.1861 -54.2852 -54.3832 -54.4767 -54.5747 -54.6709 -54.7658 -54.8595 -54.9536 -55.0493 -55.1445 -55.2385 -55.3324 -55.4244 -55.5155 -55.6052 -55.6963 -55.7864 -55.8749 -55.9613 -56.0459 -56.1227
-64.7617 -64.9514 -52.4174 -52.5267 -52.6306 -52.7414 -52.8505 -52.9562 -53.0638 -53.1703 -53.2749 -53.3778 -53.4849 -53.5925 -53.6980 -53.8017 -53.9064 -54.0088 -54.1094 -54.2100 -54.3055 -54.4051 -54.5023 -54.5988 -54.6941 -54.7909 -54.8886 -54.9852 -55.0812 -55.1756 -55.2690 -55.3610 -55.4540 -55.5396 -55.6306 -55.7194 -55.8060 -55.8918 -63.1941 -63.3017
-69.9833 -52.2070 -52.3171 -52.4235 -52.5335 -52.6431 -52.7550 -52.8648 -52.9730 -53.0795 -53.1850 -53.2943 -53.4040 -53.5114 -53.6171 -53.7242 -53.8281 -53.9307 -54.0340 -54.1314 -54.2319 -54.3311 -54.4290 -54.5263 -54.6259 -54.7251 -54.8180 -54.9150 -55.0100 -55.1045 -55.1993 -55.2941 -55.3877 -55.4790 -55.5679 -55.6558 -62.9632 -63.0728 -63.1939 -63.3222
-51.9845 -52.0964 -52.2056 -52.3218 -52.4339 -52.5489 -52.6613 -52.7716 -52.8803 -52.9893 -53.1007 -53.2117 -53.3212 -53.4292 -53.5384 -53.6440 -53.7494 -53.8547 -53.9588 -54.0502 -54.1511 -54.2508 -54.3509 -54.4523 -54.5534 -54.6536 -54.7519 -54.8482 -54.9449 -55.0422 -55.1384 -55.2325 -55.3239 -55.4141 -62.7269 -62.8386 -62.9632 -63.0960 -63.2332 -63.3726
-51.8789 -51.9925 -52.1082 -52.2229 -52.3398 -52.4539 -52.5662 -52.6775 -52.7903 -52.9033 -53.0157 -53.1274 -53.2331 -53.3440 -53.4515 -53.5599 -53.6670 -53.7723 -53.8713 -53.9740 -54.0761 -54.1786 -54.2818 -54.3851 -54.4861 -54.5859 -54.6837 -54.7838 -54.8826 -54.9795 -55.0736 -55.1662 -62.4853 -62.5988 -62.7271 -62.8646 -63.0070 -63.1517 -63.2969 -63.4502
-51.7704 -51.8857 -52.0063 -52.1239 -52.2419 -52.3530 -52.4673 -52.5828 -52.6970 -52.8114 -52.9253 -53.0383 -53.1512 -53.2616 -53.3722 -53.4812 -53.5882 -53.6940 -53.7939 -53.8992 -54.0031 -54.1090 -54.2130 -54.3155 -54.4167 -54.5184 -54.6200 -54.7199 -54.8169 -54.9120 -62.2378 -62.3531 -62.4854 -62.6280 -62.7899 -62.9402 -63.0909 -63.2409 -63.3982 -63.5627
-51.6574 -51.7810 -51.9012 -52.0224 -52.1402 -52.2579 -52.3757 -52.4910 -52.6078 -52.7238 -52.8396 -52.9546 -53.0683 -53.1808 -53.2915 -53.4007 -53.5085 -53.6114 -53.7188 -53.8247 -53.9321 -54.0377 -54.1418 -54.2465 -54.3510 -54.4533 -54.5533 -54.6535 -61.9969 -62.1136 -62.2467 -62.3947 -62.5487 -62.7051 -62.8618 -63.0176 -63.1716 -63.3322 -63.4997 -63.6483
-51.5553 -51.6786 -51.8027 -51.9231 -52.0442 -52.1643 -52.2811 -52.4001 -52.5189 -52.6367 -52.7549 -52.8711 -52.9856 -53.0983 -53.2097 -53.3198 -53.4259 -53.5349 -53.6432 -53.7541 -53.8608 -53.9677 -54.0753 -54.1815 -54.2840 -54.3846 -54.4841 -61.8500 -61.9911 -62.1457 -62.3070 -62.4704 -62.6338 -62.7958 -62.9558 -63.1132 -63.2807 -63.4508 -63.6014 -63.7497
-51.4516 -51.5780 -51.7016 -51.8257 -51.9477 -52.0670 -52.1882 -52.3095 -52.4296 -52.5493 -52.6697 -52.7878 -52.9030 -53.0164 -53.1301 -53.2426 -53.3496 -53.4591 -53.5694 -53.6788 -53.7897 -53.8992 -54.0062 -54.1093 -54.2124 -61.5872 -61.7330 -61.8947 -62.0635 -62.2345 -62.4053 -62.5742 -62.7405 -62.9040 -63.0645 -63.2305 -63.4030 -63.5556 -63.7056 -63.8529
-51.3469 -51.4749 -51.6015 -51.7280 -51.8498 -51.9734 -52.0971 -52.2203 -52.3427 -52.4653 -52.5844 -52.7019 -52.8186 -52.9348 -53.0494 -53.1586 -53.2701 -53.3823 -53.4963 -53.6093 -53.7205 -53.8282 -53.9335 -61.3134 -61.4643 -61.6337 -61.8110 -61.9906 -62.1693 -62.3458 -62.5191 -62.6891 -62.8557 -63.0186 -63.1779 -63.3435 -63.5156 -63.6551 -63.7229 -63.7909
-51.2454 -51.3748 -51.5016 -51.6260 -51.7526 -51.8787 -52.0051 -52.1305 -52.2555 -52.3774 -52.4974 -52.6177 -52.7360 -52.8531 -52.9674 -53.0767 -53.1933 -53.3107 -53.4262 -53.5375 -53.6468 -61.0358 -61.1882 -61.3665 -61.5534 -61.7424 -61.9301 -62.1148 -62.2959 -62.4729 -62.6459 -62.8148 -62.9798 -63.1411 -63.3082 -63.4554 -63.5224 -63.5895 -63.6569 -63.7245
-51.1411 -51.2706 -51.3980 -51.5261 -51.6555 -51.7847 -51.9128 -52.0409 -52.1655 -52.2892 -52.4119 -52.5330 -52.6513 -52.7678 -52.8821 -53.0035 -53.1228 -53.2380 -53.3507 -60.7465 -60.9084 -61.0928 -61.2908 -61.4905 -61.6882 -61.8820 -62.0714 -62.2561 -62.4361 -62.6116 -62.7825 -62.9492 -63.1119 -63.2375 -63.3213 -63.3873 -63.4537 -63.5204 -63.5876 -63.6553
-51.0336 -51.1640 -51.2941 -51.4275 -51.5594 -51.6907 -51.8216 -51.9493 -52.0766 -52.2017 -52.3253 -52.4470 -52.5672 -52.6865 -52.8099 -52.9292 -53.0455 -60.4488 -60.6166 -60.8167 -61.0236 -61.2355 -61.4443 -61.6483 -61.8469 -62.0399 -62.2275 -62.4099 -62.5871 -62.7596 -62.1887 -62.2764 -62.3439 -62.4192 -62.4797 -62.5407 -62.6022 -62.6642 -62.7267 -62.7897
-50.9243 -51.0572 -51.1940 -51.3288 -51.4638 -51.5974 -51.7293 -51.8601 -51.9892 -52.1154 -52.2393 -52.3649 -52.4907 -52.6107 -52.7307 -60.1427 -60.3162 -60.5303 -60.7564 -60.9782 -60.6477 -60.8346 -61.0219 -61.2028 -61.3718 -61.5403 -61.7033 -61.8611 -62.0139 -62.0924 -62.1503 -62.2161 -62.2899 -62.3493 -62.4094 -62.4702 -62.5318 -62.5942 -62.6574 -62.7214
-50.8149 -50.9548 -51.0936 -51.2318 -51.3704 -51.5068 -51.6412 -51.7722 -51.9008 -52.0299 -52.0776 -52.2025 -52.3210 -59.3839 -59.5486 -59.7604 -59.9828 -60.2030 -60.4164 -60.6182 -60.8157 -61.0056 -61.1882 -61.3639 -61.5333 -61.6967 -61.8547 -61.9164 -61.9719 -62.0276 -62.0914 -62.1636 -62.2575 -63.0335 -63.0983 -63.1644 -63.2318 -63.3008 -63.3711 -63.4373
-50.6466 -50.7886 -50.9288 -51.0698 -51.2091 -51.3443 -51.4765 -51.6080 -51.7395 -51.8683 -51.9942 -52.1190 -59.2544 -59.4854 -59.7286 -59.9669 -60.1960 -60.4149 -60.6201 -60.8197 -61.0108 -61.2019 -61.4366 -62.2285 -62.4015 -62.4555 -62.5101 -62.5654 -62.6216 -62.6878 -62.7643 -62.8250 -62.8873 -62.9514 -63.0173 -63.0851 -63.1382 -63.1791 -63.2252 -63.2768
-50.5484 -50.6934 -50.8377 -50.9798 -51.1174 -51.2533 -51.3900 -51.5242 -51.6526 -51.7810 -58.9690 -59.2281 -59.9383 -60.2232 -60.4960 -60.7551 -61.0015 -61.2314 -61.4554 -61.6697 -61.8754 -62.0731 -62.2280 -62.2758 -62.3244 -62.3743 -62.4256 -62.4785 -62.5419 -62.6159 -62.6750 -62.7364 -62.8002 -62.8376 -62.8723 -62.9130 -62.9601 -63.0138 -63.0750 -63.1791
-50.4522 -50.6064 -50.8095 -50.9515 -51.0954 -51.2367 -51.3725 -51.5045 -59.0506 -59.3675 -59.6748 -59.9891 -60.2838 -60.5613 -60.8226 -61.0691 -61.2980 -61.5204 -61.7328 -61.9362 -62.0677 -62.1064 -62.1469 -62.1892 -62.2338 -62.2807 -62.3299 -62.3903 -62.4620 -62.5188 -62.5381 -62.5645 -62.5981 -62.6389 -62.6872 -62.7438 -62.8096 -62.8856 -55.7143 -55.8151
-50.4159 -50.5652 -50.7139 -50.8610 -51.0033 -51.1405 -58.7036 -59.0757 -59.4537 -59.8035 -60.1016 -60.3984 -60.6748 -60.9333 -61.1761 -61.4003 -61.6182 -61.8259 -61.9266 -61.9526 -61.9814 -62.0133 -62.0486 -62.0871 -62.1291 -62.1745 -62.2203 -62.2437 -62.2590 -62.2827 -62.3149 -62.3558 -62.4061 -62.4668 -62.5392 -55.3529 -55.4572 -55.5667 -55.6441 -55.7945
-50.3169 -50.4703 -50.6194 -50.7622 -58.3435 -58.8043 -59.2515 -59.6478 -59.9998 -60.2903 -60.5809 -60.8477 -61.0971 -61.3308 -61.5513 -61.7550 -61.8140 -61.8216 -61.8339 -61.8510 -61.8732 -61.9004 -61.9324 -61.9457 -61.9356 -61.9360 -61.9707 -61.9912 -62.0220 -62.0634 -62.1169 -62.1836 -55.0095 -55.0929 -55.2000 -55.2811 -55.4406 -55.4914 -55.6158 -55.7398
-50.2201 -50.3686 -57.9664 -58.5935 -59.1446 -59.5979 -59.9810 -60.3133 -60.6077 -60.8480 -61.0954 -61.3265 -61.5437 -61.7490 -61.7445 -61.7250 -61.7306 -61.7343 -61.8191 -61.7538 -61.7051 -61.6714 -61.6515 -61.6441 -61.6489 -61.6735 -61.7184 -61.7615 -61.8200 -54.6274 -54.7149 -54.8259 -54.9110 -55.0684 -55.1232 -55.2568 -55.3832 -55.4357 -55.5604 -55.7105
-57.5748 -58.6084 -59.3058 -59.8036 -60.1910 -60.5117 -60.7882 -61.0821 -63.3761 -63.1144 -62.7992 -62.5016 -62.2499 -62.0326 -61.8586 -61.7160 -61.6012 -61.5107 -61.4416 -61.3916 -61.3587 -61.3417 -61.3397 -61.3526 -61.3886 -61.4499 -54.2301 -54.3220 -54.4374 -54.5267 -54.6884 -54.7474 -54.8791 -55.0094 -55.0698 -55.2230 -55.3792 -55.5079 -55.6354 -55.7694
0.0000 0.0000 -71.5183 -68.9513 -67.2902 -66.2961 -65.6121 -65.0313 -63.1221 -62.6954 -62.3385 -62.0413 -61.7898 -61.5904 -61.4296 -61.3023 -61.2038 -61.1307 -61.0800 -61.0497 -61.0386 -61.0468 -61.0758 -61.1364 -53.9172 -54.0372 -54.1310 -54.2975 -54.3610 -54.4971 -54.6318 -54.6905 -54.8535 -55.0371 -55.1449 -55.2783 -55.4334 -55.5374 -55.5738 -55.6996
0.0000 0.0000 0.0000 -69.7211 -68.0327 -66.9798 -65.6652 -63.0836 -62.5635 -62.1352 -61.7847 -61.5008 -61.2677 -61.0886 -60.9497 -60.8456 -60.7712 -60.7240 -60.7020 -60.7059 -60.7390 -53.4877 -53.5891 -53.7152 -53.8618 -53.9549 -54.0958 -54.2351 -54.2983 -54.4602 -54.6481 -54.7658 -54.9262 -55.0604 -55.1455 -55.2273 -55.3328 -55.4206 -55.4736 -55.5751
