-61.6379 -61.7421 -61.8528 -61.9069 -62.0047 -62.1155 -62.2569 -62.3517 -62.4563 -62.5581 -62.6487 -62.6805 -62.7199 -62.8025 -62.8443 -62.8670 -62.9113 -62.9487 -62.9990 -63.0460 -63.0916 -63.1342 -63.1741 -63.2244 -63.2765 -65.3226 -65.7647 -66.0229 -66.2330 -66.4018 -68.0779 -68.2455 -67.7511 -67.3520 -67.0777 -66.8699 -66.8608 -66.8717 -66.7809 -66.7324
-62.1484 -62.1960 -62.3113 -62.4252 -62.5949 -62.7087 -62.2597 -62.3535 -62.4594 -62.5681 -62.6765 -62.8088 -62.8987 -62.9305 -62.9586 -62.9997 -63.0423 -63.0967 -63.1124 -63.1540 -63.1998 -63.2438 -63.2684 -63.3160 -63.4195 -63.4723 -63.5179 -65.4569 -65.7386 -65.9071 -66.0940 -66.3199 -66.4760 -66.3550 -66.1001 -65.9018 -65.7701 -65.6981 -66.8028 -66.8245
-62.0879 -62.1949 -62.3860 -62.4662 -62.5756 -62.6395 -62.7963 -62.9142 -63.0305 -63.1895 -63.3033 -63.4168 -63.5296 -63.0073 -63.0877 -63.1449 -63.1805 -63.2210 -63.2433 -63.2825 -63.3071 -63.3414 -63.4463 -63.4970 -63.5416 -63.5701 -63.6163 -63.6668 -63.6907 -65.5312 -65.7818 -66.0295 -66.2210 -66.3609 -66.4604 -66.2300 -66.0116 -65.8530 -65.7482 -65.6858
-62.1755 -62.2836 -62.3521 -62.4074 -62.5147 -62.6672 -62.7815 -62.9411 -63.0537 -63.1664 -63.2792 -63.3920 -63.5048 -63.6622 -63.7484 -63.8390 -63.9342 -63.9682 -64.0037 -64.0412 -63.4208 -63.5199 -63.5648 -63.6101 -63.6599 -63.6918 -63.7077 -63.7368 -63.8016 -63.8946 -63.9473 -64.0331 -65.9694 -66.1388 -66.3003 -66.4080 -66.3672 -66.1796 -66.0319 -65.9014
-54.7455 -62.2708 -62.3165 -62.4536 -62.5576 -62.7102 -62.8161 -62.9240 -63.0333 -63.1435 -63.2545 -63.3762 -63.5013 -63.6063 -63.7111 -63.8154 -63.9193 -64.0091 -64.1010 -64.2238 -64.2670 -64.3097 -64.3489 -64.3911 -64.4277 -64.4355 -64.4466 0.0000 0.0000 -74.7888 -64.8221 -64.8336 -64.1405 -64.1948 -66.0505 -66.2052 -66.3445 -66.4767 -66.3792 -66.2145
-54.7735 -54.8395 -62.3501 -62.4840 -62.5778 -62.6733 -62.7724 -62.8745 -63.0208 -63.1383 -63.2964 -63.3672 -63.4700 -63.5731 -63.6762 -63.7796 -63.8834 -64.0745 -64.1887 -64.2827 -64.3709 -64.4092 -64.4388 -64.4703 -64.4430 -64.4872 -64.5248 0.0000 0.0000 -74.9675 -73.0745 -69.3039 -64.9525 -64.9416 -64.9807 -65.0324 -67.3209 -67.5126 -67.6922 -66.5732
-54.8512 -54.9153 -54.9889 -55.0784 -62.6032 -62.6898 -62.7815 -62.8882 -62.9867 -63.1536 -63.2019 -63.3001 -63.3994 -63.4996 -63.6008 -63.7038 -63.9161 -64.0650 -64.1684 -64.2714 -64.3739 -64.4433 -64.4511 -64.4916 -64.5247 -64.5640 -64.6042 0.0000 0.0000 -77.3686 -73.1927 -71.4120 -69.1914 -67.9014 -65.0448 -65.0882 -65.1335 -65.1789 -67.4430 -67.6151
-54.9323 -54.9952 -55.0572 -55.1203 -55.1839 -62.7334 -62.8153 -62.9958 -63.0893 -63.0984 -63.1897 -63.2836 -63.3798 -63.4786 -63.6965 -63.7895 -63.8878 -63.9891 -64.0901 -64.1160 -64.2229 -64.3097 -64.3997 -64.4885 -64.5582 -64.6472 -64.8273 0.0000 0.0000 0.0000 -73.2105 -72.1115 -70.4425 -69.2383 -68.3666 -67.7392 -65.2046 -65.2446 -65.1877 -65.2334
-55.0108 -55.0719 -55.1277 -55.1911 -55.2521 -55.3149 0.0000 -66.9423 -63.0936 -63.1641 -63.1871 -63.2768 -63.4844 -63.5847 -63.6742 -63.7683 -63.8666 -63.8902 -63.9961 -64.0828 -64.1853 -64.2757 -64.3744 -64.4726 -64.5357 -64.6343 0.0000 0.0000 0.0000 -73.0425 -72.2288 -71.8006 -71.1977 -70.1511 -69.2996 -68.6368 -68.1262 -67.5510 -65.2541 -65.2968
-55.0835 -55.1462 -55.2058 -55.2662 -55.3267 -55.3873 -55.4489 -66.9141 -66.6541 -63.1517 -63.2318 -63.3197 0.0000 -63.6763 -63.7410 -63.7463 -63.8421 -63.8847 -63.9664 -64.0671 -64.1527 -64.2504 -64.3476 -64.4251 -64.5253 -64.6895 -64.7793 -64.8955 -69.7957 -69.8671 -69.9375 -70.2347 -70.2904 -70.2782 -69.9562 -69.0666 -68.5817 -68.1859 -67.8640 -67.7870
-55.1582 -55.2175 -55.2770 -55.3364 -55.3963 -55.4564 -55.5148 -55.5728 -63.9506 -64.9693 -65.5587 0.0000 -75.4561 -71.4985 -67.5094 -63.7754 -63.8557 -63.9307 -64.0129 -64.1085 -64.2046 -64.2799 -64.3801 -64.4799 -64.5725 -64.6756 -64.7773 -64.8623 -64.9565 -65.0656 -67.9884 -68.5233 -68.8701 -68.8710 -69.0254 -69.1763 -68.9717 -68.8439 -68.4824 -68.2912
-55.2383 -55.2900 -55.3488 -55.4078 -55.4664 -55.5229 -55.5803 -55.6383 -55.6970 -55.7567 -64.1495 -64.7855 -63.4786 -65.6357 -65.9420 -66.1568 -67.4757 -63.8722 -63.9634 -63.9987 -64.1309 -64.2287 -64.3923 -64.5342 -64.6368 -64.7363 -64.8328 -64.9289 -65.0222 -65.0988 -65.1852 -65.1017 -67.5310 -67.9658 -68.2843 -68.7696 -68.9860 -69.1457 -68.9436 -68.6355
-55.3109 -55.3690 -55.4288 -55.4839 -55.5399 -55.5964 -55.6536 -55.7119 -55.7646 -55.8232 -55.8816 -63.7918 -64.3589 -64.8312 -63.6749 -65.4706 -65.7423 -65.9797 -63.9725 -64.0314 -64.1893 -64.2896 -64.3897 -64.4898 -64.5849 -64.6793 -64.7731 -64.8602 -64.9472 -65.0342 -65.0180 -65.0962 -65.1851 -65.4113 -67.8117 -68.2348 -68.5078 -68.7379 -68.7772 -68.9440
-55.3812 -55.4357 -55.4894 -55.5437 -55.6079 -55.6654 -55.7231 -55.7807 -55.8381 -55.8962 -55.9540 -56.0116 -56.0642 -64.0982 -64.4879 -64.8570 -65.0992 -65.4315 -65.7772 -66.0196 -64.2098 -64.2959 -64.3905 -64.4816 -64.5730 -64.6588 -64.7435 -64.8285 -64.8117 -64.9018 -64.9916 -65.2018 -65.3057 -65.3856 -65.4741 -65.5524 -67.8195 -68.1090 -68.3466 -68.5505
-55.4501 -55.5054 -55.5613 -55.6167 -55.6728 -55.7289 -55.7853 -55.8419 -55.8981 -55.9542 -56.0199 -56.0706 -56.1218 -56.1775 -63.9256 -64.3217 -64.6795 -63.9931 -65.3855 -65.6551 -65.8483 -66.0647 -64.3909 -64.4732 -64.5528 -64.6338 -64.6138 -64.7022 -64.7907 -64.8795 -65.1035 -65.2058 -65.2855 -65.3600 -65.4283 -65.5115 -65.6001 -65.6764 -67.8635 -68.1160
-55.5203 -55.5760 -55.6330 -55.6905 -55.7468 -55.8022 -55.8581 -55.9131 -55.9784 -56.0277 -56.0656 -56.1198 -56.1643 -56.2192 -56.2815 -56.3593 -64.3163 -64.6515 -64.9677 -65.2568 -65.5126 -65.7442 -65.9463 -66.1329 -64.4674 -64.5523 -64.6014 -64.6874 -64.9120 -65.0147 -65.1125 -65.1801 -65.2538 -65.3353 -65.4132 -65.4867 -65.5530 -65.6339 -65.7340 -65.8249
-55.6101 -55.6614 -55.7070 -55.7635 -55.8200 0.0000 0.0000 -56.0130 -56.0466 -56.0779 -56.1314 -56.1743 -56.2346 -56.3021 -56.3588 -56.4149 -56.4704 -64.2836 -64.5348 -64.8145 -65.1348 -65.3688 -65.5846 -65.6544 -65.8492 -64.5518 -64.7779 -64.8802 -64.9769 -65.0641 -65.1272 -65.2012 -65.2396 -65.3069 -65.3802 -65.4599 -65.5461 -65.6367 -65.6174 -65.7058
-64.2321 -55.7449 -55.7956 -55.8477 -55.9014 0.0000 0.0000 -68.8308 -64.8641 -56.1491 -56.2000 -56.2603 -56.3276 -56.3711 -56.4252 -56.4801 -56.5346 -56.5883 -56.6403 -64.4922 -64.7228 -64.8430 -64.2684 -65.2889 -65.7400 -65.9423 -66.2142 -64.9190 -64.9980 -65.0550 -65.1240 -65.1833 -65.2494 -65.3244 -65.4080 -65.4975 -65.4790 -65.5683 -65.6169 -65.6945
-66.5053 -64.3885 -55.8756 -55.9225 -55.9565 -56.0098 -67.8204 -67.8427 -66.9242 -64.9551 -56.2947 -56.3478 -56.4005 -56.4530 -56.5050 -56.5569 -56.6089 -56.6579 -56.6956 -56.7258 -64.4026 -64.5746 -64.8002 -65.0215 0.0000 0.0000 0.0000 -71.3692 -66.3477 -64.9968 -65.0417 -65.1665 -65.2432 -65.3286 -65.2923 -65.3808 -65.4694 -65.5580 -65.6465 -65.7347
0.0000 -65.8622 -64.4324 -55.9807 -56.0299 -56.0790 -56.1198 -64.8681 -66.1672 -66.5045 -65.2091 -56.4216 0.0000 -56.5284 -56.5763 -56.6254 -56.6689 -56.7131 -56.7438 -56.7954 -56.8469 -56.8985 -64.6512 -63.3204 -65.2779 0.0000 0.0000 -77.0531 -71.3582 -71.1095 -65.1710 -65.2244 -65.1356 -65.2118 -65.2280 -65.3137 -65.4627 -65.5502 -65.6378 -65.7250
0.0000 -69.6107 -65.3737 -64.4852 -56.1163 -56.1404 -56.1891 0.0000 0.0000 0.0000 0.0000 0.0000 0.0000 -71.1558 -56.6422 -56.6830 -56.7045 -56.7542 -56.8039 -56.8547 -56.9057 -56.9568 -56.7189 -56.7680 0.0000 0.0000 0.0000 -79.7130 -76.3235 -71.2907 -70.4988 -68.6741 -65.1906 -65.2428 -65.3183 -65.3960 -65.4755 -65.5563 -65.6379 -65.6557
-68.8442 -68.4405 -66.0600 -65.1851 -64.5202 -64.0085 -56.2653 -56.3131 0.0000 0.0000 0.0000 0.0000 0.0000 -71.2426 -67.4801 -65.4571 -56.7672 -56.8164 -56.8657 -56.9149 -56.6711 -56.7195 -56.7678 -56.8141 -65.5534 0.0000 0.0000 -78.9021 -73.9291 -72.7627 -70.6589 -70.5593 -68.7938 -67.6427 -65.3632 -65.4178 -65.4947 -65.5711 -65.6476 -65.7250
-67.3180 -67.1486 -67.0393 -65.8354 -65.1671 -64.6638 -64.2291 -56.3832 -68.2632 -68.3311 -68.3984 -68.4651 -68.5297 -68.5946 -68.3890 -66.7822 -65.5517 -56.8803 -56.6290 -56.6758 -56.7203 -56.7667 -56.8182 -56.8639 -56.9115 -65.6120 -66.5828 -67.2142 -67.5895 -67.8673 -68.1311 -70.7800 -70.0084 -68.9140 -68.1045 -67.5058 -65.5280 -65.5819 -65.6563 -65.7316
-66.9969 -66.4010 -66.4007 -66.2979 -65.7572 -65.2130 -64.7688 -64.3973 -56.4997 -65.4016 -66.3912 -66.9375 -67.2916 -67.5498 -67.7538 -67.5766 -64.2966 -63.7700 -63.1988 -56.7253 -56.7755 -56.8214 -56.8651 -57.2305 -57.2806 -57.3309 -57.3810 -65.7931 -66.3932 -66.8357 -67.2386 -67.5278 -67.7695 -67.9701 -68.1403 -68.2952 -67.8845 -65.6130 -65.6852 -65.7437
-65.0817 -66.5602 -66.1145 -66.1135 -66.1400 -65.6540 -65.2041 -64.8715 -64.5495 -64.3131 -56.6608 -65.5629 -66.1566 -66.5898 -64.5087 -64.6766 -64.6619 -64.2052 -63.8166 -63.3920 -56.8252 -57.1941 -57.2425 -57.2908 -57.3390 -57.3886 -57.4383 -57.4878 -65.4242 -65.9724 -66.4148 -66.7729 -67.0720 -67.3829 -67.6129 -67.8158 -67.9929 -68.1509 -68.2971 -65.7721
-64.9752 -65.1126 -65.2470 -65.8797 -65.8581 -66.0461 -65.6360 -65.2540 -64.9312 -64.6686 -64.4494 -56.7716 -63.3557 -63.7307 -64.0216 -64.2369 -64.4359 -64.5418 -64.1696 -65.8378 -65.3192 -57.2564 -57.3039 -57.3519 -57.3997 -57.4473 -57.4955 -57.5445 -57.5931 -57.6414 -65.7202 -66.1347 -66.4880 -66.7915 -67.0565 -67.2919 -67.5590 -67.7580 -67.9331 -68.0980
-64.4259 -65.0350 -65.1692 -65.3008 -65.8172 -65.7687 -65.9179 -65.5740 -65.2521 -64.9760 -63.1248 -62.9892 -56.5640 -63.0605 -63.5492 -63.8185 -64.0273 -66.4901 -66.7573 -66.3650 -65.9360 -65.5266 -65.1871 -57.4134 -57.4602 -57.5075 -57.5539 -57.6002 -57.6480 -57.6958 -57.7436 -57.8159 -65.9549 -66.2939 -66.5945 -66.8623 -67.1041 -67.3234 -67.5264 -67.7694
-64.6327 -64.5200 -65.0969 -65.2284 -65.3574 -65.4843 -65.7374 -65.8792 -63.6214 -63.4444 -63.2868 -63.1265 -63.0341 -62.9606 -63.0297 -65.2605 -65.6579 -66.0064 -66.3140 -66.5846 -66.4181 -66.0546 -65.6903 -65.3894 -57.5176 -57.5642 -57.6105 -57.6568 -57.7029 -57.7501 -57.7975 -57.8450 -57.8925 -65.8524 -66.1693 -66.4620 -66.7265 -66.9701 -67.1920 -67.3929
-64.7444 -64.7172 -64.6132 -65.1604 -65.2896 -65.4171 -63.5559 -63.6371 -63.7558 -63.6018 -63.4795 -63.3401 -63.2048 -64.8218 -64.7101 -57.1409 -65.1298 -65.4942 -65.8217 -66.1191 -66.4625 -66.4861 -66.1630 -65.8448 -65.5733 -65.3711 -57.6678 -57.7137 -57.7595 -57.8053 -57.8511 -57.8984 -57.9461 -57.9936 -58.0409 -66.0977 -66.3757 -66.6315 -66.8682 -67.0921
-64.6815 -64.8185 -64.8019 -64.7065 -63.3336 -63.4191 -63.4915 -63.5613 -63.6623 -63.7449 -63.6308 -65.4770 -65.2891 -65.1220 -64.9769 -64.8654 -57.2526 -65.0201 -65.4469 -65.7569 -66.0312 -66.2833 -66.4592 -66.1836 -65.9150 -65.7421 -65.5454 -57.7707 -57.8165 -57.8621 -57.9078 -57.9533 -57.9996 -58.0469 -58.0937 -58.1406 -66.0660 -66.3235 -66.6475 -66.8833
-64.6194 -64.7568 -63.0959 -63.0863 -63.2612 -63.3357 -63.4398 -63.5207 -63.5883 -65.7998 -65.8682 -65.7742 -65.5869 -65.4167 -65.2634 -65.1289 -65.0204 -57.3879 -65.0840 -65.4188 -65.7055 -65.9710 -66.2158 -66.4404 -66.2816 -66.0434 -65.8331 -65.6544 -65.5443 -57.9090 -57.9650 -58.0101 -58.0549 -58.0998 -58.1464 -58.1938 -58.2514 -58.2979 -66.3722 -66.6103
-65.3813 -62.9600 -63.0133 -63.1035 -63.1204 -63.2936 -63.3664 -65.4993 -65.6335 -65.7669 -65.8978 -65.9457 -65.8693 -65.6991 -65.5429 -65.4015 -65.2654 -65.1574 -65.0944 -57.5125 -65.3210 -65.6837 -65.9384 -66.1776 -66.3986 -66.3872 -66.1768 -65.9903 -65.8275 -65.7022 -58.0104 -58.0553 -58.1005 -58.1569 -58.2020 -58.2580 -58.3041 -58.3501 -58.3955 -66.3591
-63.2971 -63.3805 -63.3763 -63.0532 -63.1303 -65.0668 -65.3270 -65.4643 -65.5996 -65.7329 -65.8641 -65.9931 -66.0316 -65.9328 -65.7947 -65.6479 -65.5131 -65.3929 -65.2906 -65.2210 -57.6182 -65.3806 -65.6870 -65.9332 -66.1676 -66.3854 -66.5033 -66.3129 -66.1405 -65.9911 -65.8682 -58.1248 -58.1695 -58.2139 -58.2580 -58.3018 -58.3455 -58.3886 -58.4203 -58.4655
-63.1349 -63.2975 -63.3817 -65.4910 -65.0109 -65.1512 -65.1875 -65.4345 -65.5689 -65.7014 -65.8315 -65.9599 -66.0676 -66.0995 -65.9979 -65.8823 -65.7492 -65.6261 -65.5168 -65.4233 -65.3545 -57.7239 -65.4571 -65.7146 -65.9513 -66.1747 -66.3853 -66.5874 -66.4488 -66.3794 -66.2408 -66.1189 -66.0356 -58.2710 -58.3145 -58.3577 -58.3934 -58.4356 -58.4788 -58.5230
-62.9848 -65.1577 -65.3972 -65.5930 -65.5969 -65.1295 -65.2663 -65.3094 -65.5415 -65.6727 -65.7807 -65.9019 -66.0214 -66.1394 -66.1796 -66.0753 -65.9417 -65.8533 -65.7417 -65.6438 -65.5575 -65.4926 -65.4697 -57.8713 -65.6919 -65.9809 -66.2921 -66.5030 -66.7144 -66.6876 -66.5393 -66.6957 -66.4235 -66.2938 -58.3812 -58.4061 -58.4479 -58.4895 -58.5308 -58.5723
-64.7609 -65.0099 -65.2510 -65.4819 -65.7025 -65.7057 -65.2695 -65.3803 -65.4069 -65.6184 -65.7401 -65.8603 -65.9791 -66.0970 -66.2144 -66.2722 -66.1619 -66.0439 -65.9357 -65.8663 -65.7747 -65.6920 -65.6274 -65.5972 -57.9927 -65.8622 -66.1031 -66.3518 0.0000 0.0000 0.0000 0.0000 -69.6009 -66.4927 -66.3762 -66.3074 -58.4995 -58.5405 -58.5816 -58.6226
-64.6548 -64.8829 -65.1191 -65.3489 -65.5700 -65.7817 -65.7158 -65.6462 -65.4550 -65.5065 -65.7045 -65.8244 -65.9439 -66.0631 -66.1816 -66.3031 -66.3767 -66.2624 -66.1496 -66.0487 -65.9866 -65.9062 -65.9426 -65.8664 -65.8150 -58.0915 -65.9633 -66.1097 0.0000 0.0000 0.0000 0.0000 -71.2043 -69.2611 -66.5446 -66.4488 -66.3759 -58.5980 -58.6447 -58.6854
-57.1259 -64.7904 -65.0040 -65.2281 -65.4146 -65.6192 -65.8156 -65.8034 -65.7380 -65.5479 -65.6087 -65.7967 -65.9171 -66.0389 -66.1607 -66.2813 -66.3965 -66.4697 -66.3642 -66.3490 -66.2438 -66.2028 -66.1351 -66.0481 -65.9742 -65.9871 -58.2229 -58.2279 -66.0461 -71.7541 -71.8191 -72.0633 -71.9094 -70.4484 -69.2969 -66.7071 -66.6164 -66.5451 -66.4702 -58.7319
-57.2028 -57.2418 -64.8881 -65.0816 -65.2876 -65.4906 -65.6874 -65.8779 -65.8946 -65.8355 -65.6496 -65.7218 -65.9012 -66.0234 -66.1404 -66.2588 -66.3813 -66.5938 -66.6567 -66.6026 -66.4984 -66.3920 -66.2939 -66.3219 -66.3345 -66.1606 -66.0901 -66.0023 -58.3238 -66.1522 -69.0706 -69.9251 -70.3953 -70.6967 -70.0306 -69.2473 -66.7583 -66.6761 -66.6078 -66.6072
-57.2745 -57.3095 -57.3469 -64.9951 -65.1776 -65.3750 -65.5718 -65.7644 -65.9528 -65.9978 -65.9479 -65.7618 -65.8385 -66.0076 -66.1341 -66.3431 -66.4501 -66.5558 -66.7329 -66.8057 -66.6849 -66.5754 -66.4743 -66.3809 -72.7469 -66.2800 -66.2178 -66.1683 -66.0747 -58.4118 -66.1701 -68.4182 -69.1998 -69.7244 -70.1004 -69.7739 -69.1910 -68.7746 -66.7601 -66.7618
