-56.3284 -56.5999 -56.9727 -57.6345 0.0000 0.0000 -46.3947 -46.2865 -46.1880 -46.0894 -45.9905 -45.8913 -45.7926 -53.0672 -53.0404 -53.1282 -45.3998 -45.3002 -52.7321 -52.9707 -53.2935 -52.8113 -52.2877 -44.6994 -44.6069 -44.5086 -44.4127 -44.3152 -44.2163 -44.0337 -43.9456 -43.8516 -43.7539 -51.3283 -52.8581 -54.6355 -55.4913 -43.3062 -43.2270 -43.1988
-55.6334 -55.6210 -55.6037 -55.5803 -46.4485 -46.3705 -46.2836 -46.1862 -46.2779 -46.1823 -46.0859 -45.9916 -53.2584 -53.2601 -53.3168 -45.6119 -45.5408 -52.9982 -53.1893 -53.4197 -52.8934 -52.4754 -44.9295 -44.8301 -44.7445 -44.6515 -44.5569 -44.4596 -44.3628 -44.2692 -44.1746 -44.0766 -51.6438 -52.7316 -54.1086 -53.1609 -51.1131 -43.4863 -43.4040 -43.3182
-54.7221 -54.3554 -53.6534 -46.6198 -46.5353 -46.4602 -46.3639 -46.2774 -46.1905 -46.1030 -46.0182 -52.6345 -52.6540 -45.9015 -45.8152 -53.1480 -53.2222 -53.4093 -53.4651 -52.9904 -52.6679 -45.1520 -45.0555 -44.9741 -44.8850 -44.7929 -44.6985 -44.6034 -44.5107 -44.4256 -44.3223 -51.7138 -52.4574 -53.4188 -53.2050 -51.7537 -43.7997 -43.7258 -43.6387 -43.5604
-53.7929 -46.8686 -46.7871 -46.7049 -46.6325 -46.5499 -46.4537 -46.3684 -46.2847 -52.8185 -52.7967 -52.8232 -45.9433 -45.8648 -52.6010 -52.6796 -52.8292 -52.7805 -53.1041 -45.5326 -45.3674 -45.2735 -45.1817 -45.1123 -45.0217 -44.9294 -44.8370 -44.7508 -44.6632 -44.5615 -51.8600 -52.3831 -53.0912 -53.0763 -52.0077 -44.0502 -43.9795 -43.8955 -43.8166 -43.7398
-47.0296 -46.9503 -46.8709 -46.7906 -46.7208 -46.6265 -46.5430 -46.4624 -52.9607 -52.9534 -52.9839 -46.1293 -46.0478 -52.7735 -52.8565 -52.9874 -52.8918 -52.5916 -45.5615 -45.4526 -45.3648 -45.2794 -56.1661 0.0000 0.0000 -45.0788 -44.9906 -44.8973 -44.7962 -44.7110 -52.4123 -52.9525 -53.0998 -52.2504 -44.2950 -44.2260 -44.1458 -44.0663 -43.9928 -43.9153
-47.1102 -47.0332 -46.9551 -46.8875 -46.8090 -46.7149 -46.6368 -53.1009 -53.1037 -46.3934 -46.3119 -46.2563 -52.9393 -53.0235 -53.1414 -52.9971 -52.7183 -45.7354 -45.6524 -45.5670 -45.4843 -55.8484 -56.2523 0.0000 0.0000 -45.2218 -45.1394 -45.0414 -44.9466 -52.5008 -52.9215 -53.2098 -52.4967 -44.5359 -44.4593 -44.3904 -44.3097 -44.2385 -44.1637 -44.0932
-47.1919 -47.1160 -47.0388 -46.9748 -46.8838 -53.2617 -53.2380 -53.2478 -46.5684 -46.4902 -53.0415 -53.0579 -53.1802 -53.2915 -53.1044 -52.8815 -45.9405 -45.8474 -45.7642 -45.6841 -54.7375 -55.7243 -56.3529 0.0000 0.0000 -45.3665 -45.2676 -45.1705 -52.6550 -52.9846 -53.3760 -52.7552 -52.1346 -44.6940 -44.6290 -44.5493 -44.4781 -44.4064 -44.3345 -44.2715
-47.2732 -47.1981 -47.1376 -47.0654 -53.3833 -53.3710 -53.3858 -46.7402 -46.6646 -53.1806 -53.2056 -53.3312 -53.4383 -53.2187 -53.0307 -46.1302 -46.0376 -45.9566 -45.8792 -54.2342 -54.9124 -55.8060 -56.4388 0.0000 0.0000 -45.4992 -45.3986 -52.7893 -53.0463 -53.3736 -52.9716 -52.4281 -44.9247 -44.8538 -44.7840 -44.7119 -44.6428 -44.5705 -44.5066 -44.4379
-47.3536 -47.2808 -47.2276 -53.5027 -53.4987 -46.9855 -46.9095 -46.8350 -53.3168 -53.3422 -53.4731 -53.5401 -53.3392 -53.1764 -46.3234 -46.2368 -46.1445 -46.0695 -53.9985 -54.4194 -55.1654 -55.9766 -56.5153 -57.8892 -54.3272 -45.6060 -52.9165 -53.1205 -53.3948 -53.1728 -52.6841 -45.1457 -45.0765 -45.0125 -44.9394 -44.8735 -44.8031 -44.7381 -44.6753 -44.6032
-47.4356 -53.7271 -53.7069 -53.6202 -47.1478 -47.0750 -47.0258 -53.4478 -53.4773 -53.5400 -53.6467 -53.4741 -53.3240 -46.5095 -46.4179 -46.3280 -46.2554 -53.8941 -54.2159 -54.8074 -55.4294 -56.1115 -56.5183 -54.3673 -45.6862 -52.4950 -52.5807 -52.7859 -52.7236 -52.3459 -45.3609 -45.2929 -45.2333 -45.1592 -45.0956 -45.0278 -44.9621 -44.9054 -44.8350 -53.5256
-53.7363 -53.8507 -53.7347 -47.3061 -47.2363 -53.5822 -53.5725 -53.6052 -53.6650 0.0000 0.0000 0.0000 -46.8949 -46.6103 -46.5222 -46.4368 -53.8601 -54.1184 -54.5158 -55.1052 -55.6539 -54.6414 -54.4219 -45.8843 -52.6391 -52.6842 -52.8566 -52.8913 -52.5490 -45.4637 -45.3987 -45.3344 -45.2753 -45.2133 -45.2472 -45.1801 -45.1221 -45.0610 -52.7934 -54.1955
0.0000 0.0000 -47.7461 -47.6571 -53.6920 -53.6913 -53.7256 -53.7825 -57.7273 0.0000 0.0000 0.0000 -47.0085 -46.8985 -46.8040 -54.9455 -55.1856 -55.5746 -54.9093 -54.8561 -54.6841 -54.4804 -46.0785 -52.7877 -52.7956 -52.9395 -53.0528 -52.7409 -52.4779 -45.6017 -45.5399 -45.4835 -45.4205 -45.3618 -45.2976 -45.2412 -45.1884 -45.1231 -52.9056 -54.6089
-47.7260 -47.6137 -47.5476 -55.0916 -55.0783 -55.1039 -55.1970 -59.2014 -57.7705 0.0000 0.0000 0.0000 -47.1134 -47.0138 -55.0567 -55.2576 -55.5804 -55.9923 -56.2323 -55.9756 -55.6946 -46.4184 -52.9356 -52.9797 -53.0304 -53.1844 -52.9222 -52.6656 -45.7989 -45.7395 -45.6871 -45.6227 -45.5662 -45.5047 -45.4468 -45.3997 -45.3360 -52.6173 -53.3768 -54.1068
-47.7621 -47.7210 -53.8998 -53.9118 -53.9477 -54.0311 -56.1773 -59.5841 -59.5110 -59.3903 -59.5400 -59.4237 -47.1885 -55.1319 -55.3162 -55.6020 -55.8836 -56.3652 -56.0908 -55.8367 -46.6161 -46.5454 -53.8830 -53.8895 -54.0336 -53.8205 -52.8484 -45.9913 -45.9339 -45.8729 -45.8205 -45.7653 -45.7070 -45.6463 -45.6027 -45.5445 -45.4848 -53.0679 -53.6933 -53.9301
-54.0098 -53.9979 -54.0143 -54.0505 -54.1312 -56.0294 -56.3320 -56.2070 -55.9805 -55.6434 -54.9967 -47.3574 -55.2859 -55.3361 -55.5404 -55.8293 -56.3013 -56.1789 -55.9211 -46.8070 -46.7392 -54.0664 -54.1321 -54.1605 -54.0396 -53.7488 -46.3184 -46.2571 -46.1953 -46.1420 -46.0819 -45.9047 -45.8449 -45.7946 -45.7483 -45.6866 -52.9208 -53.4353 -53.9336 -53.5431
-54.0914 -54.1111 -54.1475 -54.2215 -55.9649 -55.9815 -55.8084 -55.5379 -55.1319 -54.5260 -47.3002 -54.1437 -54.1868 -54.3337 -54.5369 -56.0675 -56.2308 -55.9934 -46.9883 -46.9216 -54.2166 -54.2723 -54.2728 -54.2389 -53.9653 -46.5135 -46.4522 -46.3931 -46.3277 -46.2807 -46.2246 -46.1631 -46.1062 -46.0638 -46.0009 -52.8753 -53.2831 -53.7036 -53.8349 -53.3504
-54.2025 -54.2599 -54.3072 -55.8861 -55.7357 -55.5332 -55.2708 -54.8821 -54.3680 -53.9379 -54.2156 -54.2163 -54.3682 -54.5479 -54.7490 -54.9505 -54.7992 -46.9771 -46.9196 -54.3577 -54.4001 -54.4764 -54.4095 -54.1518 -53.9484 -46.6394 -46.5826 -46.5209 -46.4743 -46.4204 -46.3623 -46.3028 -46.2621 -46.2056 -46.1442 -53.8573 -54.2671 -54.6610 -54.3039 -53.1600
-54.3426 -54.3884 -55.7210 -55.5640 -55.3613 -55.1148 -54.7725 -54.3245 -54.0438 -54.2737 -54.3659 -54.4094 -54.5700 -54.7495 -54.8986 -54.8715 -53.6960 -47.0884 -53.6059 -53.6439 -53.7034 -53.6898 -53.5030 -54.1218 -46.8212 -46.7661 -46.7077 -46.6623 -46.6088 -46.5543 -46.4956 -46.4455 -46.4055 -46.3437 -53.8583 -54.2049 -54.5441 -54.5236 -54.1241 -53.6227
-54.4650 -55.5994 -55.4422 -55.2491 -55.0257 -54.7172 -54.3313 -54.1453 -54.3476 -54.4321 -54.4543 -54.5997 -54.7608 -54.9355 -54.9014 -53.8219 -47.2489 -53.7222 -53.7558 -53.8077 -53.7777 -53.6405 -53.4813 -46.8374 -46.7874 -46.7354 -46.6795 -46.7924 -46.7416 -46.6842 -46.6320 -46.5976 -46.5392 -53.9136 -54.1889 -54.4740 -54.7996 -54.4509 -53.9987 -53.5911
-55.5110 -55.3599 -55.1773 -54.9559 -54.7015 -54.3813 -54.2297 -54.4216 -54.4995 -54.6046 -54.6344 -54.7803 -54.9386 -54.6435 -53.9428 -47.4108 -53.8358 -53.8602 -53.9146 -53.9689 -53.7758 -53.6218 -47.0072 -46.9571 -46.9079 -46.8528 -46.8183 -46.7717 -46.7214 -46.6700 -46.6393 -46.7308 -46.6714 -54.2004 -54.4472 -54.7090 -54.7395 -54.3306 -53.9208 -46.3307
-55.3037 -55.1329 -54.9301 -54.7102 -54.4199 -54.3350 -54.4949 -54.5672 -54.6629 -54.6721 -54.8052 -54.9492 -54.5964 -54.0536 -47.5693 -53.9214 -53.9628 -54.0138 -54.0676 -53.9040 -53.7564 -47.1733 -47.1228 -47.0753 -47.0230 -46.9698 -46.9432 -46.8957 -46.8446 -46.8015 -46.7711 -46.7189 -53.5432 -53.7314 -53.9163 -54.8529 -54.6461 -54.2646 -53.7932 -46.4767
-55.1096 -54.9239 -54.7108 -54.4811 -54.4192 -54.5670 -54.6343 -54.7220 -54.8231 -54.8338 -54.9368 -54.5967 -54.1590 -47.7249 -54.0307 -54.0630 -54.1069 -54.1707 -54.1423 -53.8847 -53.7764 -47.2846 -47.2386 -47.1892 -47.1365 -47.1110 -47.0658 -47.0164 -46.9716 -46.9340 -46.8982 -46.8475 -53.7736 -53.9296 -54.0924 -54.1503 0.0000 -54.3174 -46.6722 -46.6303
-54.9307 -54.7221 -54.5485 -54.5067 -54.6543 -54.7018 -54.7819 -54.8734 -54.8491 -54.9149 -54.6199 -54.1559 -47.8762 -47.8262 -54.1298 -54.1982 -54.2560 -54.2913 -54.0066 -53.8972 -47.4427 -47.3982 -47.3515 -47.3005 -47.2753 -47.2316 -47.1843 -47.1377 -47.1025 -47.0718 -47.0242 -53.8343 -53.9673 -54.0975 0.0000 0.0000 0.0000 -46.8547 -46.8168 -46.7766
-54.7570 -48.5425 -54.5910 -54.7264 -54.7690 -54.8429 -54.9268 -55.0192 -54.9147 -54.6561 -54.2472 -48.0240 -47.9761 -54.2283 -54.2872 -54.3396 -54.4169 -54.2463 -54.0138 -47.5979 -47.5541 -47.5099 -47.4606 -47.4133 -47.3933 -47.3484 -47.3013 -47.2624 -47.2250 -47.1982 -53.9435 -54.0321 -54.1441 -54.1717 -59.2280 0.0000 -56.2283 -46.9951 -46.9548 -46.9157
-48.6677 -54.6721 -54.7970 -54.8515 -54.9033 -54.9804 -55.0652 -54.9117 -54.6997 -54.3344 -48.1417 -48.1217 -54.3254 -54.3375 -54.4215 -54.5343 -54.4061 -54.1256 -47.7506 -47.7064 -47.6639 -47.6170 -47.5692 -47.5516 -47.5088 -47.4630 -47.4221 -47.3896 -47.3663 0.0000 0.0000 -55.1635 -54.2839 -57.4336 -56.1637 -55.2008 -47.0148 -46.9783 -47.0873 -47.0676
-54.7494 -54.8591 -54.9169 -54.9628 -55.0341 -55.1119 -55.0761 -54.7463 -54.4167 -48.2818 -48.2638 -54.4209 -54.4276 -54.5016 -54.5610 -54.5776 -54.2329 -47.9000 -47.8551 -47.8139 -47.7697 -47.7231 -47.7066 -47.6656 -47.6213 -47.5785 -47.5479 -56.7566 0.0000 0.0000 0.0000 -55.4263 -55.6202 -57.4588 -56.4675 -55.1346 -47.1432 -47.1093 -47.0758 -47.0605
-54.9197 -54.9801 -55.0386 -55.0864 -55.1579 -55.1140 -54.7772 -54.4940 -48.4185 -48.4026 -54.5081 -54.5160 -54.5376 -54.6357 -54.7332 -54.5805 -54.2613 -48.0007 -47.9608 -47.9191 -47.8739 -47.8313 -47.8182 -47.7761 -47.7324 -47.6965 -47.6641 -56.8190 0.0000 0.0000 0.0000 -55.5807 -55.7314 -56.6886 -55.6944 -47.4692 -47.4288 -47.3903 -47.3746 -47.3376
-55.0418 -55.0964 -55.1567 -55.2040 -55.1549 -54.8235 -54.5657 -48.5518 -48.5068 -54.5889 -54.6026 -54.6195 -54.7079 0.0000 -54.7622 -54.3582 -48.1429 -48.1045 -48.0650 -48.0214 -47.9784 -47.9677 -47.9276 -47.8851 -47.8472 -47.8186 -55.5085 -56.8778 -57.9316 -58.7959 -57.9206 -55.6859 -56.7984 -56.0355 -55.1850 -47.5977 -47.5615 -47.5464 -47.5122 -47.4756
-55.1531 -55.2089 -55.2499 -55.1982 -55.0265 -54.6163 -48.6818 -48.6375 -54.6649 -54.6809 -54.6994 -54.7250 0.0000 0.0000 0.0000 -48.5584 -48.5008 -48.2072 -48.1656 -48.1224 -48.0848 -48.0757 -48.0349 -47.9953 -47.9690 -47.9517 -55.9309 -56.8983 -56.6908 -56.2834 -54.6647 -54.7702 -55.1662 -54.6469 -47.7566 -47.7208 -47.6859 -47.6789 -47.6439 -47.6092
-55.2607 -55.3161 -55.2429 -55.0845 -54.6787 -54.6449 -48.7651 -54.6005 -54.7514 -54.7777 -54.7991 -58.0295 0.0000 0.0000 -48.7223 -48.6709 -48.6203 -48.5677 -48.5142 -48.4657 -48.4529 -48.1811 -48.1408 -48.1073 -48.0794 -55.4019 -56.2039 -56.6775 -56.2851 -56.0206 -54.7785 -54.8742 -54.8776 -54.4075 -47.7075 -47.6758 -47.6702 -47.6431 -47.7709 -47.7358
-55.3629 -55.2884 -55.1415 -54.8961 -54.6892 -48.8895 -54.6643 -54.8180 -54.8493 -54.8721 -54.9946 0.0000 0.0000 -48.8709 -48.8208 -48.7775 -48.7298 -48.6776 -48.6278 -48.6165 -48.5697 -48.5224 -48.4797 -48.4494 -55.1114 -55.7403 -56.2908 -56.2983 -56.0660 -55.8027 -54.8862 -55.0953 -54.6984 -47.8590 -47.8267 -47.7954 -47.7994 -47.7673 -47.7353 -47.7000
-55.3557 -55.1975 -54.9660 -54.7467 -49.0109 -48.9975 -54.7318 -54.9113 -54.9440 -55.0476 -58.4189 0.0000 0.0000 -48.9649 -48.9201 -48.8753 -48.8275 -48.7807 -48.7382 -48.7300 -48.6830 -48.6386 -48.6107 -48.5638 -56.7852 -57.4175 -58.0414 -56.1133 -55.8711 -54.9053 -54.9900 -54.9517 -54.5619 -47.9749 -47.9441 -47.9494 -47.9234 -47.8905 -47.8558 -47.8178
-55.2526 -55.0333 -54.9680 -49.1246 -49.0949 -54.7867 -54.9690 -55.0106 -55.1067 -57.7587 -57.7329 -57.4232 -48.7734 -49.0468 -49.0074 -48.9633 -48.9184 -48.8774 -48.8757 -48.8333 -48.7910 -48.7692 -48.7253 -56.6076 -57.1853 -57.6664 -57.7293 -57.3935 -57.0495 -56.0885 -56.2005 -54.8019 -48.1211 -48.0899 -48.0962 -48.0793 -48.0452 -48.0111 -47.9716 -47.6131
-55.0990 -55.0351 -49.2410 -49.2060 -54.8380 -55.0208 -55.0649 -55.1678 -57.2679 -57.0133 -56.3322 -48.8996 -48.8668 -48.8351 -48.8003 -48.7633 -49.0065 -49.0109 -48.9719 -48.9313 -48.8952 -48.8736 -56.4962 -56.9744 -57.4108 -57.6357 -57.5477 -57.2394 -56.1573 -56.2316 -56.1044 -55.7026 -48.4302 -48.3958 -48.2319 -48.1994 -48.1667 -48.1271 -47.7384 -47.7225
-56.8459 -49.8024 -49.3200 -54.8858 -54.9067 -55.1147 -55.1639 -55.2596 -56.6789 -56.2142 -49.0177 -48.9895 -48.9590 -48.9263 -48.8907 -48.8561 -48.8234 -48.8305 -48.7960 -49.0302 -49.0148 -48.9723 -56.8075 -57.2329 -57.5818 -57.6567 -57.3638 -57.0694 -56.3006 -56.3987 -55.9864 -48.5836 -48.5483 -48.5782 0.0000 -48.5310 -48.4817 -48.2342 -47.8431 -47.8483
-49.9383 -49.8343 -56.5040 -56.5320 -56.8030 -55.2121 -55.3109 -56.4883 -56.0772 -49.1600 -49.1091 -49.0799 -49.0493 -49.0150 -48.9806 -48.9489 -48.9594 -48.9261 -48.8943 -48.8847 -48.8506 -55.3790 -57.0705 -57.3638 -57.4930 -57.4653 -57.2107 -56.3349 -56.5031 -56.2627 -55.9430 -48.6987 -62.1546 0.0000 0.0000 -48.6646 -48.6140 -48.1451 -48.1438 -48.1213
-49.6068 -56.5795 -56.6147 -56.6359 -56.9512 -57.0782 -58.6515 -58.0633 -55.3642 -49.2202 -49.1979 -49.1693 -49.1364 -49.1027 -49.0715 -49.0411 -49.0533 -49.0204 -48.9931 -48.9849 -55.3605 -55.5880 -55.8146 -55.8388 -56.0426 -57.2943 -57.0463 -56.4381 -56.4960 -56.1551 -48.8419 -48.8086 -61.2719 0.0000 0.0000 0.0000 -48.2769 -48.2534 -48.2531 -48.2310
-54.9884 -55.0050 -55.0579 -57.0155 -57.1498 -58.6080 -58.0922 -57.4341 -49.6858 -49.6572 -49.3046 -49.2549 -49.2223 -49.1914 -49.1613 -49.1777 -49.1461 -49.1190 -49.1148 -49.0795 -55.5550 -55.7575 -55.9081 -55.9580 -55.9542 -55.8080 -55.2822 -55.4199 -55.2478 -56.1204 -48.9481 -58.6407 -56.2214 -56.7129 0.0000 -55.4202 -48.3824 -48.3789 -48.3584 -48.3368
-56.7363 -55.0897 -55.1278 -55.4309 -55.4856 -56.0603 -57.5889 -49.8120 -49.7771 -49.7509 -49.7146 -49.6753 -49.6368 -49.2836 -49.2994 -49.2689 -49.2384 -49.2392 -49.2129 -55.5532 -55.7303 -55.8486 -55.8575 -56.0304 -55.9051 -55.7311 -55.4586 -55.4005 -55.1877 -48.8534 -48.8247 -54.5787 -55.9799 -55.8144 -55.3063 -48.4770 -48.4593 -48.4780 -48.4604 -48.4395
-55.0943 -56.8626 -57.2877 -57.3621 -56.0888 -55.8047 -49.6209 -49.5285 -49.5098 -49.8392 -49.8024 -49.7652 -49.7307 -49.6947 -49.7141 -49.6768 -49.3369 -49.3411 -55.5814 -55.7210 -55.8555 -55.7799 -55.9681 -55.9604 -55.8360 -55.4018 -55.5373 -55.3456 -55.1903 -48.9534 -55.7269 -54.5742 -54.7192 -54.4378 -53.9508 -48.5710 -48.5733 -48.5581 -48.5414 -54.1100
