-65.6861 -65.7099 -65.9773 -65.9955 -66.0138 -66.0324 -65.0993 -65.1237 -65.4747 -64.1522 -64.1763 -64.2006 -64.2252 -64.2500 -64.0380 -64.0643 -64.0908 -64.1176 -64.1471 -64.2538 -64.2823 -64.3130 -64.3420 -64.3714 -64.3995 -64.6286 -64.6586 -64.6889 -64.7194 -64.7503 -64.7816 -64.8131 -66.5301 -67.0348 -67.3074 -67.0499 -66.7908 -65.1287 -65.1460 -65.0668
-65.9624 -65.9811 -65.9998 -66.0186 -66.0377 -66.0568 -65.1374 -65.1575 -65.1824 -64.2130 -64.2208 -64.2451 -64.2697 -64.2946 -64.0902 -64.1102 -64.1368 -64.1636 -64.1907 -64.2181 -64.2459 -64.3554 -64.3846 -64.4159 -64.4456 -64.4757 -64.7037 -64.7324 -64.7630 -64.7940 -64.8253 -64.8571 -64.8892 -66.6825 -67.0983 -67.2208 -66.9987 -65.1882 -61.6827 -61.7180
-65.9798 -66.0009 -66.0204 -66.0399 -66.0596 -66.0795 -66.0995 -65.1900 -65.2152 -65.2404 -64.2641 -64.2887 -64.3133 -64.3382 -64.3635 -64.1554 -64.1820 -64.2088 -64.2360 -64.2634 -64.2912 -64.3192 -64.3477 -64.3787 -64.4879 -64.5199 -64.5505 -64.7778 -64.8087 -64.8383 -64.8701 -64.9023 -64.9351 -64.9683 -62.1854 -62.3382 -62.3695 -62.3362 -61.6984 -61.7342
-65.9919 -66.0142 -66.0366 -66.0590 -66.0798 -66.1003 -66.1210 -65.2256 -65.2465 -65.2721 -65.6136 -64.3310 -64.3559 -64.3810 -64.4063 -64.4319 -64.2264 -64.2534 -64.2807 -64.3082 -64.3361 -64.3644 -64.3930 -64.4220 -64.4513 -64.4823 -64.5938 -64.6299 -64.8542 -64.8864 -61.3151 -61.3566 -61.3988 -61.4410 -62.0871 -62.2449 -62.3496 -62.3795 -62.3534 -61.7482
-66.0023 -66.0254 -66.0485 -66.0718 -66.0950 -66.1184 -66.1410 -66.1626 -65.2767 -65.3027 -65.3289 -64.3886 -64.3976 -64.4230 -64.4486 -64.4743 -64.5005 -64.2977 -64.3252 -64.3531 -64.3814 -64.4100 -64.4391 -64.4687 -64.4987 -64.5293 -61.0340 -61.0760 -61.2401 -61.2825 -61.3249 -61.3672 -61.4094 -61.4516 -61.4930 -62.1590 -62.2999 -62.3601 -62.4137 -66.8410
-66.0282 -66.0498 -66.0715 -66.0829 -66.1070 -66.1313 -66.1556 -66.1801 -65.3220 -65.3324 -65.3590 -65.3858 -64.4389 -64.4645 -64.4905 -64.5168 -64.5433 -64.5703 -64.3704 -64.3990 -64.4281 -64.4578 -60.8769 -60.9190 -60.9611 -61.0032 -61.0452 -61.0872 -61.1291 -61.2539 -61.2969 -61.3763 -61.4186 -61.4608 -61.5193 -65.0896 -66.7222 -67.0013 -66.9789 -67.0005
-66.0403 -66.0628 -66.0854 -66.1081 -66.1310 -66.1429 -66.1682 -66.1936 -66.2192 -65.3595 -65.3885 -65.4164 -64.2650 -64.5064 -64.5332 -64.5604 -64.5879 -64.6160 -64.4245 -60.7603 -60.8027 -60.8450 -60.8873 -60.9295 -60.9717 -61.0138 -61.0558 -61.0977 -61.1396 -61.1814 -61.3218 -64.9153 -64.9497 -65.0701 -65.1046 -65.1393 -65.1782 -66.8502 -67.1012 -66.9893
-66.0461 -66.0722 -66.0981 -66.1218 -66.1457 -66.1698 -66.1941 -66.2186 -66.2341 -66.2614 -65.4154 -65.4460 -65.4770 -64.5507 -64.5789 -60.6926 -60.7355 -60.7783 -60.8210 -60.7698 -60.8124 -60.8548 -60.8971 -60.9393 -60.9815 -61.0235 -61.0985 -64.6509 -64.6835 -64.7164 -64.7495 -64.9668 -65.0000 -65.0333 -65.0668 -65.1893 -65.2241 -66.7136 -66.9680 -67.1261
-66.0503 -66.0778 -66.1046 -66.1321 -66.1601 -66.1864 -66.2123 -66.2388 -66.2658 -66.2936 -65.4465 -60.8744 -60.9207 -60.5262 -60.6562 -60.6999 -60.7429 -60.7859 -60.8287 -60.8713 -60.8213 -60.8637 -60.9395 -64.5740 -64.6060 -64.6382 -64.6706 -64.7032 -64.7358 -64.7688 -64.8018 -64.8350 -65.0518 -65.0852 -65.1187 -65.1523 -65.1863 -65.2229 -66.8462 -67.0805
-66.0398 -66.0831 -66.1125 -66.1424 -66.1719 -66.2027 -66.2343 -60.9648 -61.0120 -61.0590 -61.1058 -60.8765 -60.9224 -60.9658 -60.5705 -60.7053 -60.7490 -60.7925 -60.8701 -64.7173 -64.7483 -64.5625 -64.5944 -64.6264 -64.6585 -64.6907 -64.7232 -64.7558 -64.7885 -64.8215 -64.8545 -64.8877 -64.9211 -65.1375 -65.1709 -65.2045 -65.2383 -65.2722 -65.3064 -66.8439
-66.0282 -66.0926 -66.1253 -60.7624 -60.8116 -60.8605 -60.9089 -60.9573 -61.0055 -61.0535 -61.1005 -60.8772 -60.9218 -60.9676 -61.0514 -64.4201 -64.6712 -64.7034 -64.7357 -64.7682 -64.8001 -64.8313 -64.6470 -64.6791 -64.7113 -64.7437 -64.7762 -64.8088 -64.8416 -64.8745 -64.9075 -64.9408 -64.9741 -65.0077 -65.2235 -65.2570 -65.2907 -65.3246 -65.3586 -66.6024
-60.5894 -60.6510 -60.7036 -60.7533 -60.8027 -60.8518 -60.9007 -60.9493 -60.9974 -61.0454 -61.1344 -66.2828 -65.5002 -65.5345 -65.5687 -64.4918 -64.7273 -64.7522 -64.7847 -64.8173 -64.8499 -64.8827 -64.7029 -64.7322 -64.7645 -64.7970 -64.8295 -64.8622 -64.8949 -64.9278 -64.9610 -64.9941 -65.0274 -65.0608 -65.0970 -65.1958 -65.2280 -65.2602 -65.2927 -65.3253
-60.5746 -60.6360 -60.6939 -60.7436 -60.7932 -60.8424 -60.9329 -66.1688 -66.2061 -66.2431 -66.2794 -66.3160 -65.5451 -65.5778 -65.6139 -65.6485 -64.5617 -64.8106 -64.8421 -64.8736 -64.8997 -64.9325 -64.9655 -64.7843 -64.8179 -64.8505 -64.8831 -64.9158 -64.9486 -64.9815 -65.0145 -64.9340 -64.9658 -64.9978 -65.0299 -65.2384 -65.2705 -65.3026 -65.3350 -65.3675
-60.5594 -60.6207 -60.7235 -66.0458 -66.0846 -66.1232 -66.1615 -66.1998 -66.2378 -66.2757 -66.3134 -66.3508 -66.3883 -65.6185 -65.6556 -65.6925 -64.6287 -64.6467 -64.8950 -64.9265 -64.9582 -64.9899 -65.0159 -65.0489 -64.8688 -64.9026 -64.9364 -64.8515 -64.8827 -64.9141 -64.9456 -64.9772 -65.0089 -65.0408 -65.0729 -65.1050 -65.3127 -65.3447 -65.3770 -65.4093
-65.1658 -65.9375 -66.0134 -66.0747 -66.1144 -66.1537 -66.1929 -66.2319 -66.2706 -66.3092 -66.3476 -66.3858 -66.4238 -65.6646 -65.6981 -65.7347 -65.7719 -64.6981 -64.7317 -64.9799 -65.0117 -65.0435 -65.0753 -64.9779 -65.0082 -64.8276 -64.8599 -64.8922 -64.9246 -64.9569 -64.9883 -65.0200 -65.0516 -65.0835 -65.1154 -65.1475 -65.1797 -65.3864 -65.4186 -65.4509
-65.2017 -65.9515 -66.0273 -66.1031 -66.1453 -66.1854 -66.2253 -66.2650 -66.3044 -66.3436 -66.3826 -66.4214 -66.4600 -66.4984 -65.7403 -65.7780 -65.8155 -64.7623 -64.7822 -64.8960 -64.9277 -64.9590 -64.9892 -65.0194 -65.0497 -64.8801 -64.9057 -64.9318 -64.9643 -64.9967 -65.0293 -65.0620 -65.0939 -65.1257 -65.1575 -65.1895 -65.2217 -65.2540 -65.4599 -65.4920
-65.2390 -65.2790 -66.0433 -66.1190 -66.1775 -66.2182 -66.2588 -66.2991 -66.3391 -66.3789 -66.4184 -66.4578 -66.4969 -66.5358 -65.7870 -65.6499 -65.6853 -65.7205 -64.6942 -64.7257 -64.9648 -64.9966 -65.0284 -65.0602 -65.0907 -65.1211 -64.9476 -64.9787 -65.0099 -65.0412 -65.0685 -65.1012 -65.1340 -65.1668 -65.1993 -65.2312 -65.2786 -65.3747 -65.7023 -65.9236
-65.2780 -65.3181 -66.0613 -66.1368 -66.2108 -66.2521 -66.2932 -66.3340 -66.3746 -66.4149 -66.4549 -66.2831 -66.3196 -66.3558 -66.3919 -65.6767 -65.7123 -65.7477 -65.7831 -64.7639 -64.7961 -65.0333 -65.0652 -65.0971 -65.1291 -65.1609 -65.1921 -65.0202 -65.0514 -65.0827 -65.1141 -65.1456 -65.2094 -65.5938 -65.6273 -65.6608 -65.6943 -65.7267 -65.7592 -65.7907
-63.5315 -65.3593 -66.0818 -66.1566 -66.2316 -66.2870 -66.3285 -66.1508 -66.1885 -66.2258 -66.2631 -66.3001 -66.3370 -66.3736 -66.4101 -66.4464 -65.7387 -65.7744 -65.8100 -64.8142 -64.8332 -64.8656 -65.1021 -65.1335 -65.1655 -65.1975 -65.2295 -65.2674 -65.1570 -65.5282 -65.5599 -65.5916 -65.6234 -65.6554 -65.6861 -65.7141 -65.7475 -65.7811 -65.8146 -65.8475
-63.5630 -63.6008 -63.6384 -65.9559 -66.0247 -66.0895 -66.1277 -66.1658 -66.2037 -66.2415 -66.2791 -66.3166 -66.3538 -66.3909 -66.4277 -66.4645 -65.7646 -65.8005 -65.8363 -65.8720 -64.8698 -64.9023 -65.1377 -65.1878 -65.6434 -65.6753 -65.7077 -65.7402 -65.7728 -65.5847 -65.6165 -65.6484 -65.6801 -65.7118 -65.7436 -65.7755 -65.8076 -65.8351 -65.8685 -65.9021
-63.4609 -63.4969 -63.5328 -63.9882 -64.0436 -64.0989 -66.1428 -66.1808 -66.2189 -66.2569 -66.2948 -66.3325 -66.3701 -66.4076 -66.4448 -66.4819 -66.5188 -65.8261 -65.8621 -65.9864 -65.3578 -65.3763 -65.4092 -65.6656 -65.6982 -65.7292 -65.7617 -65.7935 -65.8259 -65.6438 -65.6709 -65.7040 -65.7370 -65.7694 -65.8011 -65.8328 -65.8646 -65.8966 -65.9285 -65.9618
-63.4796 -63.5158 -63.5518 -63.5877 -64.0490 -64.1040 -64.1545 -64.1904 -66.2344 -66.2723 -66.3102 -66.3482 -66.3861 -66.4238 -66.4889 -66.6417 -67.2328 -66.4389 -66.4719 -66.5090 -66.5439 -65.4298 -65.4627 -65.4956 -65.7512 -65.7837 -65.8161 -65.8485 -65.8808 -65.9126 -65.7252 -65.7580 -65.7911 -65.8240 -65.8583 -65.8901 -65.9190 -65.9479 -65.9770 -66.0063
-65.2493 -63.5345 -63.5705 -63.6066 -64.0544 -64.1093 -64.1639 -64.2041 -64.2401 -64.2759 -66.3918 -67.0829 -67.1223 -67.1617 -67.2009 -67.2399 -67.2765 -67.3150 -66.5196 -66.5566 -66.5935 -65.4990 -65.5174 -65.5502 -65.5830 -65.8380 -65.8703 -65.9027 -65.9349 -65.9673 -66.0008 -65.8109 -65.8408 -65.8707 -65.9008 -65.9310 -65.9630 -65.9950 -66.0277 -66.1678
-65.2729 -65.3103 -65.3477 -63.6253 -63.6612 -64.1207 -64.2409 -64.6709 -64.7078 -64.7445 -64.7809 -64.8157 -67.1669 -67.2057 -67.2446 -67.2836 -67.3223 -67.3610 -66.5732 -66.6060 -66.6429 -66.6796 -65.5719 -65.6047 -65.6375 -65.8936 -65.9251 -65.9539 -65.9828 -66.0118 -66.0426 -66.0754 -65.8884 -66.0343 -66.0635 -66.0928 -66.1223 -66.1519 -66.1816 -66.2115
-65.2968 -65.3600 -66.0206 -66.0590 -66.0974 -64.5870 -64.6422 -64.6990 -64.7383 -64.7751 -64.8116 -64.8478 -64.8839 -64.9197 -67.2918 -67.3301 -67.3685 -67.4070 -67.4455 -66.6556 -66.6941 -66.7327 -66.7646 -65.6548 -65.6860 -65.7190 -66.1014 -66.1292 -66.1572 -66.1851 -66.2132 -66.2413 -66.2696 -66.0754 -66.1046 -66.1334 -66.1628 -66.1924 -66.2220 -66.2518
-65.9980 -66.0365 -66.0727 -66.1108 -66.1488 -66.1868 -66.9734 -64.7225 -64.7702 -64.8070 -64.8435 -64.8798 -64.9159 -64.9519 -64.9877 -65.0244 -67.4243 -67.4561 -67.4914 -66.7090 -66.9090 -66.9398 -66.9706 -65.8431 -65.8567 -65.8850 -65.9134 -66.1682 -66.1962 -66.2241 -66.2523 -66.2805 -66.3086 -66.1182 -66.1445 -66.1738 -66.2032 -66.2322 -66.2618 -66.2916
-66.0507 -66.0891 -66.1273 -66.1653 -66.2031 -66.2407 -67.0091 -67.0808 -67.1526 -64.8393 -64.8768 -64.9192 -64.9553 -64.9893 -65.1471 -65.1782 -65.2091 -65.2400 -67.7317 -67.7620 -66.9383 -66.9690 -66.9998 -67.0307 -65.8957 -65.9241 -65.9526 -65.9811 -66.2344 -66.2625 -66.2906 -66.3189 -66.3471 -66.3755 -66.1837 -66.2130 -66.2424 -66.2720 -66.3017 -66.3308
-66.1041 -66.1440 -66.1821 -66.2200 -66.2579 -66.2973 -66.3519 -67.1379 -67.4315 -67.4780 -67.5083 -65.0692 -65.1004 -65.1318 -65.1631 -65.1944 -65.2255 -65.2566 -65.2875 -65.3185 -66.9721 -66.9982 -67.0287 -67.0595 -65.9487 -65.9625 -65.9910 -66.0196 -66.2721 -66.3002 -66.3284 -66.3566 -66.3850 -66.4133 -66.4419 -66.2516 -66.2811 -66.3105 -66.3402 -66.3699
-66.1629 -66.2219 -66.4599 -66.4910 -66.5207 -66.5503 -66.5798 -67.3746 -67.4380 -67.4991 -67.5292 -67.5594 -67.5899 -65.1475 -65.1786 -65.2100 -65.2414 -65.2726 -65.3038 -65.3349 -65.3659 -64.9018 -67.0580 -67.0883 -67.1190 -66.0006 -66.0290 -66.0576 -66.0863 -66.3373 -66.3655 -66.3938 -66.4222 -66.4506 -66.4791 -66.5076 -66.3191 -66.3486 -66.3782 -66.4080
-66.4178 -66.4507 -66.4834 -66.5154 -66.5479 -66.5791 -66.6089 -67.3816 -67.4445 -67.5073 -67.5502 -67.5804 -67.6106 -67.6410 -67.6715 -65.2256 -65.2567 -65.2882 -65.3195 -65.3508 -65.3820 -64.9324 -64.9540 -64.9847 -67.1479 -66.0529 -66.0666 -66.0950 -66.1236 -66.1524 -66.4020 -66.4304 -66.4587 -66.4872 -66.5157 -66.5443 -66.3623 -66.3860 -66.4156 -66.4454
-66.4768 -66.4723 -66.5054 -66.5384 -66.5712 -66.6033 -66.6359 -66.6671 -67.4508 -67.5134 -67.5706 -67.6010 -67.6314 -67.6618 -67.6921 -67.7225 -67.7533 -65.3036 -65.3347 -65.3661 -65.3975 -65.4288 -64.9750 -65.0058 -65.0366 -65.0673 -66.1046 -66.1325 -66.1608 -66.1894 -66.4381 -66.4663 -66.4948 -66.5232 -66.5518 -66.5805 -66.6091 -66.4258 -66.4525 -66.4822
-66.4958 -66.5298 -66.5636 -66.5596 -66.5928 -66.6258 -66.6587 -66.6909 -67.4554 -67.5191 -67.5812 -67.6210 -67.6516 -67.6822 -67.7126 -67.7431 -67.7736 -67.8043 -67.8351 -65.3814 -65.4126 -65.4440 -65.4754 -65.0265 -65.0574 -65.0882 -64.4091 -64.4286 -66.1983 -66.2264 -66.2549 -66.5020 -66.5303 -66.5588 -66.5873 -66.6159 -66.6446 -66.6735 -66.4888 -66.5185
-66.5139 -66.5482 -66.5824 -66.6165 -66.6503 -66.6468 -66.6800 -66.7132 -66.7462 -67.5201 -67.5850 -67.6403 -67.6712 -67.7020 -67.7328 -67.7634 -67.7940 -67.8246 -67.8552 -67.8861 -67.9170 -65.4592 -65.4904 -65.0467 -65.0777 -65.1086 -65.1395 -64.4659 -64.4855 -64.5145 -64.5436 -66.3201 -66.5657 -66.5939 -66.6224 -66.6510 -66.6797 -66.7085 -66.7374 -66.6274
-66.5311 -66.5657 -66.6003 -66.6346 -66.6689 -66.7030 -66.7370 -66.7708 -66.7671 -67.5199 -67.5846 -67.6484 -67.6886 -67.7211 -67.7522 -67.7831 -67.8139 -67.8447 -67.8755 -67.9062 -67.9370 -67.9679 -67.9990 -65.5369 -65.0976 -65.1285 -65.1595 -65.1904 -64.5129 -64.5420 -64.6233 -64.6521 -64.6809 -66.7100 -66.7375 -66.7653 -66.7934 -66.8216 -66.8500 -66.8784
-66.5472 -66.5822 -66.6171 -66.6519 -66.6864 -66.7209 -66.7552 -66.7894 -66.8234 -66.8574 -67.5830 -67.6474 -67.7012 -67.7350 -67.7694 -67.8020 -67.8332 -67.8643 -67.8952 -67.9262 -68.0890 -68.1190 -68.1490 -68.1792 -67.3960 -65.2124 -65.2427 -65.2732 -64.6025 -64.6219 -64.6507 -64.6795 -64.7084 -64.8808 -64.9092 -66.8008 -66.8286 -66.8566 -67.2375 -67.2520
-66.5624 -66.5978 -66.6331 -66.6682 -66.7031 -66.7379 -66.7726 -66.8071 -66.8415 -66.8757 -67.6235 -67.8298 -67.8493 -67.8865 -67.9205 -67.9534 -67.9870 -68.0187 -68.0490 -68.0793 -68.1095 -68.1396 -68.1697 -68.1998 -68.2300 -67.4494 -67.4792 -65.2933 -65.3235 -64.6489 -64.6777 -64.9557 -64.9951 -65.0312 -65.2045 -65.2200 -65.2370 -67.2573 -67.2707 -67.2861
-66.5767 -66.7404 -66.7752 -66.8098 -66.8442 -66.8786 -66.9128 -66.9468 -66.9808 -67.0145 -67.0481 -67.8261 -67.8908 -67.9421 -67.9321 -67.9662 -68.0004 -68.0333 -68.0670 -68.0988 -68.1293 -68.1597 -68.1900 -68.2203 -68.2506 -68.1860 -68.2084 -68.2356 -68.2631 -65.0263 -65.0285 -65.0768 -65.0885 -65.1024 -65.1182 -65.2866 -65.3047 -65.3240 -65.3444 -67.3922
-66.7199 -66.7552 -66.7904 -66.8253 -66.8601 -66.8948 -66.9293 -66.9637 -66.9979 -67.0320 -67.0660 -67.8220 -67.8865 -67.9509 -67.9863 -68.0214 -68.0118 -68.0462 -68.0795 -68.1134 -69.9968 -69.7926 -69.6760 -69.6120 -69.5773 -69.5597 -68.5254 -68.4991 -68.4640 -68.4387 -67.1347 -65.1161 -65.1286 -65.1434 -65.1602 -65.1786 -65.3482 -65.3683 -65.3894 -65.4114
-66.7334 -66.7691 -66.8045 -66.8398 -66.8750 -66.9100 -66.9449 -66.9796 -67.0142 -67.0486 -67.0829 -67.1171 -67.8819 -67.9461 -67.9947 -67.0863 -67.1273 -67.1680 -67.1706 0.0000 0.0000 -70.5504 -69.9687 -69.8906 -69.8347 -69.7426 -68.6282 -68.5772 -68.5430 -68.5187 -67.2279 -67.2098 -67.2121 -65.1960 -65.2128 -65.2313 -65.4012 -65.4214 -65.4424 -65.4644
-66.7459 -66.7819 -66.8178 -66.8535 -66.8890 -66.9244 -66.9596 -66.9946 -67.0295 -66.2283 -66.2684 -66.3063 -66.9243 -66.9885 -67.0505 -67.0920 -67.1333 -67.1890 -68.1841 0.0000 0.0000 0.0000 -70.6294 -70.4260 -69.9534 -69.8571 -69.7772 -68.6837 -68.6499 -68.6255 -68.6088 -67.3210 -67.3058 -67.3101 -67.3174 -65.2899 -65.3087 -65.4803 -65.5008 -65.5220
