0.0000 0.0000 0.0000 0.0000 0.0000 -82.2352 -81.6077 -81.4675 -81.3320 -81.2042 0.0000 0.0000 0.0000 0.0000 0.0000 0.0000 0.0000 0.0000 -92.3812 -91.2065 -86.0030 -84.1822 -83.9168 0.0000 0.0000 0.0000 0.0000 -90.2414 -88.9100 -85.1146 -84.9694 -86.4492 -86.6023 -86.7395 -86.8887 0.0000 0.0000 0.0000 -87.8441 -87.1001
0.0000 0.0000 0.0000 0.0000 0.0000 -82.2648 -81.6330 -81.4924 -81.3563 -81.2280 0.0000 0.0000 0.0000 0.0000 0.0000 0.0000 0.0000 0.0000 0.0000 0.0000 -85.9730 -84.1799 -83.9170 -86.5446 -91.3803 -91.0749 -90.0064 -88.7791 -87.7131 -84.9231 -84.7784 -86.2344 -86.2751 -86.4211 -86.5433 0.0000 0.0000 0.0000 0.0000 -87.1908
0.0000 0.0000 0.0000 0.0000 0.0000 -82.2927 -81.6669 -81.5300 -81.3956 -81.2676 0.0000 0.0000 0.0000 0.0000 0.0000 0.0000 0.0000 0.0000 0.0000 0.0000 -86.0595 -84.2102 -83.9501 -86.7278 -89.3755 -89.2844 -89.2089 -88.1697 -87.2181 -86.1601 -84.6066 -85.9456 -86.0894 -86.1853 -86.2645 -90.6372 -90.7204 -90.7516 -89.7611 -86.4720
0.0000 0.0000 0.0000 0.0000 0.0000 -82.3251 -81.7076 -81.5774 -81.4479 -81.3223 0.0000 0.0000 0.0000 0.0000 0.0000 0.0000 0.0000 0.0000 0.0000 0.0000 -86.0531 -84.2996 -84.0010 -86.2025 -86.4696 -88.4769 -88.4459 -87.6887 -86.8454 -85.9975 -84.4762 -85.6965 -85.8413 -86.0246 -86.0627 -86.1378 -87.4484 -87.5609 -86.8566 -86.2842
0.0000 0.0000 0.0000 0.0000 0.0000 -82.3597 -81.7516 -81.6285 -81.5054 -81.3844 0.0000 0.0000 0.0000 0.0000 0.0000 0.0000 0.0000 0.0000 0.0000 0.0000 -86.0627 -84.3234 -84.0701 -83.8306 -86.2272 -87.7782 -87.8349 -87.4659 -86.6959 -85.9003 -84.4048 -85.5192 -85.6200 -85.8100 -85.9314 -85.9667 -86.7299 -86.5935 -85.5488 -85.3752
0.0000 0.0000 0.0000 0.0000 0.0000 -82.3951 -81.7946 -81.6791 -81.5630 -81.4475 0.0000 0.0000 0.0000 0.0000 0.0000 0.0000 0.0000 0.0000 0.0000 0.0000 -86.0744 -84.3569 -84.1157 -83.8843 -86.0540 -86.1025 -87.3282 -87.2963 -86.5971 -85.8660 -84.3792 -85.4183 -85.4721 -85.5676 -85.7559 -85.8626 -85.9020 -86.2438 -85.0611 -85.2080
0.0000 0.0000 0.0000 0.0000 0.0000 -82.4304 -81.8374 -81.7288 -81.6182 -81.5085 0.0000 0.0000 0.0000 0.0000 0.0000 0.0000 0.0000 0.0000 0.0000 0.0000 -86.0935 -84.3971 -84.1695 -83.9491 -85.9644 -86.0260 -85.8225 -87.0287 -86.5613 0.0000 0.0000 0.0000 0.0000 0.0000 0.0000 0.0000 0.0000 0.0000 0.0000 0.0000
0.0000 0.0000 0.0000 0.0000 0.0000 -82.4532 -81.8736 -81.7409 -81.6219 -81.5098 0.0000 0.0000 0.0000 0.0000 0.0000 0.0000 0.0000 0.0000 0.0000 0.0000 -86.1252 -84.4392 -84.2265 -84.0177 0.0000 -89.3785 -85.8699 -86.8768 -86.5729 0.0000 0.0000 0.0000 0.0000 0.0000 0.0000 0.0000 0.0000 0.0000 0.0000 0.0000
0.0000 0.0000 0.0000 0.0000 0.0000 -82.4725 -81.8856 -81.7417 -81.6181 -81.5037 0.0000 0.0000 0.0000 0.0000 0.0000 0.0000 0.0000 0.0000 0.0000 0.0000 -86.1668 -84.4816 -84.2821 -84.0854 0.0000 -89.2548 -86.2393 -85.6289 -86.6149 -89.7796 -91.6831 -91.5000 -91.0116 -90.6329 -90.3603 -90.1691 -90.0344 -89.9384 -89.8693 -89.8189
0.0000 0.0000 0.0000 0.0000 0.0000 -82.5011 -81.9056 -81.7538 -81.6271 -81.5102 0.0000 0.0000 0.0000 0.0000 0.0000 0.0000 0.0000 0.0000 0.0000 0.0000 -86.2339 -84.5127 -84.3059 -84.1103 0.0000 -89.1601 -88.7125 -85.8638 -86.7855 -88.6676 -89.5644 -89.9781 -90.2002 -89.8342 -89.5896 -89.4278 -89.3150 -89.2225 -89.1189 -88.9393
0.0000 0.0000 0.0000 0.0000 0.0000 -82.5230 -81.9405 -81.7808 -81.6531 -81.5339 0.0000 0.0000 0.0000 0.0000 0.0000 0.0000 0.0000 0.0000 0.0000 0.0000 -87.1464 -84.5008 -84.2867 -84.0930 0.0000 -89.0847 -88.6600 -85.9262 -85.5407 -88.3836 -88.8970 -89.3794 -89.1954 -88.8863 -88.8477 -88.7026 -88.6006 -88.5017 -88.3554 -88.0345
0.0000 0.0000 0.0000 0.0000 0.0000 -82.5513 -81.9804 -81.8216 -81.6966 -81.5773 0.0000 0.0000 0.0000 0.0000 0.0000 0.0000 0.0000 0.0000 0.0000 0.0000 -87.0099 -84.4175 -84.2057 -84.0281 0.0000 0.0000 0.0000 0.0000 -85.5751 -86.4937 -88.4961 -88.5219 -88.7290 -88.3995 -88.1777 -88.0338 -87.9307 -87.8230 -87.6516 -87.2843
-87.7288 -87.7873 -87.8435 -87.2627 -86.5880 -81.9554 -81.8805 -81.4377 -81.3859 -81.3334 -84.6154 -87.3319 -87.6534 -88.3834 -88.4486 -88.5058 -88.5600 -88.6093 -88.6463 -88.3975 -85.6566 -83.7477 -83.6409 -83.5361 -88.7374 -88.8403 -88.9368 -86.9051 -84.7162 -85.5183 -87.0751 -87.1105 -87.2201 -87.0601 -86.8918 -86.7724 -86.6833 -86.5903 -86.4389 -86.1446
-85.3204 -85.2879 -85.2068 -86.4485 -85.0717 -81.9566 -81.8834 -81.4469 -81.3973 -81.3468 -83.9033 -86.2758 -87.0022 -87.3664 -87.5916 -87.7503 -88.2680 -88.3601 -88.2836 -87.8855 -85.6377 -83.7543 -83.6532 -83.5543 -87.6248 -88.3578 -88.5965 -86.7489 -86.3026 -85.5113 -85.3821 -86.9751 -87.0432 -86.8441 -86.6513 -86.4932 -86.3660 -86.2435 -86.0757 -85.7981
-84.9790 -84.9026 -84.7288 -84.3754 -83.4877 -81.3327 -81.2828 -81.4555 -81.4078 -81.3595 -83.5376 -85.3965 -86.2688 -86.7883 -87.1224 -87.3566 -87.5325 -87.6679 -87.7734 -87.2254 -85.6184 -83.7600 -83.6643 -83.5709 -86.6549 -87.6183 -88.0773 -86.6470 -87.1353 -85.5633 -85.3742 -86.8647 -86.8651 -86.6811 -86.4722 -86.2825 -86.1182 -85.9650 -85.7841 -85.5236
-84.6980 -84.5856 -84.3592 -83.9784 -83.2165 -81.3022 -81.2525 -80.8972 -80.8667 -80.8358 -82.5220 -83.7679 -85.6844 -86.2638 -86.6706 -86.9660 -87.1898 -87.3608 -87.4945 -87.0211 -85.5987 -83.7648 -83.6742 0.0000 0.0000 0.0000 0.0000 0.0000 0.0000 -89.8931 -86.5379 -86.1629 -87.9395 -87.5674 -87.2222 -86.9118 -86.6408 -86.3966 -86.1474 -85.8419
-83.8654 -84.1514 -84.0731 -83.7063 -83.0466 -81.2859 -81.2335 -80.8840 -80.8531 -80.8224 -80.7919 -83.4394 -84.0333 -84.4913 -84.8328 -85.1175 -85.3283 -87.5960 -87.2166 -86.8747 -85.5788 -83.8328 -83.6830 0.0000 0.0000 0.0000 0.0000 0.0000 0.0000 -89.7456 -88.5667 -86.3654 -86.0862 -87.6978 -88.2394 0.0000 0.0000 0.0000 0.0000 0.0000
-83.8240 -83.9990 -83.9114 -83.5349 -82.9241 -81.2921 -81.2316 -80.8838 -80.8500 -80.8177 -80.7862 -83.2177 -83.7321 -84.1722 -84.5229 -84.8018 -85.0299 -85.2169 -85.3746 -85.2678 -84.4199 -83.1164 -83.9198 0.0000 0.0000 0.0000 0.0000 0.0000 0.0000 -89.6169 -88.6495 -86.4008 -86.1451 -88.4432 -88.3650 0.0000 0.0000 0.0000 0.0000 0.0000
-85.0260 -83.8890 -83.7611 -83.4454 -82.9174 -81.3169 -81.2510 -80.8943 -80.8623 -80.8258 -80.7913 -82.5397 -83.5053 -83.9155 -84.2587 -84.5433 -84.7793 -84.9770 -85.1404 -85.1492 -84.3452 -83.1370 -82.9235 0.0000 0.0000 0.0000 0.0000 0.0000 0.0000 -89.5101 -88.7265 -88.1699 -86.5682 -86.4811 0.0000 0.0000 0.0000 0.0000 0.0000 0.0000
-84.9832 -85.2236 -85.0656 -83.3663 -82.6600 -81.3630 -81.2916 -80.9380 -80.8928 -80.8505 -80.8110 -82.4669 -83.3425 -83.7172 -84.0440 -84.3233 -84.5610 -84.7643 -84.9417 -85.0531 -84.2908 -83.1677 -82.9013 0.0000 0.0000 0.0000 0.0000 0.0000 0.0000 -89.4122 -88.7509 -88.7957 -86.6964 -86.5746 0.0000 0.0000 0.0000 0.0000 0.0000 0.0000
-84.9157 -85.1594 -85.0864 -84.6207 -83.6551 -81.3944 -81.3471 -80.9898 -80.9404 -80.8924 -80.8472 -82.4319 -83.2370 -83.5744 -83.8795 -84.1469 -84.3815 -84.5839 -84.7608 -84.9091 -84.2450 -83.1950 -82.8825 0.0000 0.0000 0.0000 0.0000 0.0000 0.0000 -89.3256 -89.4211 -89.0006 -88.7690 -86.7505 0.0000 0.0000 0.0000 0.0000 0.0000 0.0000
-84.8269 -85.0951 -85.0820 -84.6664 -83.6479 -82.2182 -82.1196 -81.0546 -80.9993 -80.9481 -80.8981 -82.4296 -83.1809 -83.4822 -83.7656 -84.0193 -84.2442 -84.4399 -84.6130 -84.7692 -84.2147 -83.2362 -82.8728 0.0000 0.0000 0.0000 0.0000 0.0000 0.0000 -89.9557 -89.5147 -89.0777 -88.7453 -86.7446 0.0000 0.0000 0.0000 0.0000 0.0000 0.0000
-84.7511 -85.0130 -85.0917 -84.6974 -83.6201 -82.3035 -82.2079 -81.7831 -81.7412 -81.0126 -80.9603 -82.4533 -83.1661 -83.4360 -83.6980 -83.9357 -84.1486 -84.3355 -84.5016 -84.6521 -84.2037 -83.2831 -82.8746 0.0000 0.0000 0.0000 0.0000 0.0000 0.0000 -89.9856 -89.5308 -89.0776 -88.6989 -88.5339 -89.2592 -90.8950 -90.5943 -90.4622 -90.3903 -90.3330
-84.5982 -84.8771 -85.1268 -84.7882 -83.5706 -82.3908 -82.2981 -81.8736 -81.7950 -81.7310 -81.0344 -82.4795 -83.1810 -83.4220 -83.6646 -83.8882 -84.0900 -84.2685 -84.4268 -84.5703 -84.1931 -83.3570 -82.8893 0.0000 0.0000 0.0000 0.0000 0.0000 0.0000 -89.9803 -88.5185 -88.2802 -88.1014 -87.9986 -86.4753 -88.7200 -89.9254 -89.8329 -89.7187 -89.3580
-84.3157 -84.6352 -84.9032 -84.7358 0.0000 0.0000 -82.3823 0.0000 -81.9874 0.0000 -81.7494 -83.4925 -82.7019 -83.4300 -83.6556 -83.8672 -84.0599 -84.2315 -84.3835 -84.3213 -84.2077 -83.4152 -82.9194 -86.0135 -86.1479 -89.6761 -89.7563 -89.8187 -89.8029 -88.2428 -88.1211 -87.9897 -87.8678 -87.7400 -88.0171 -87.9283 -88.3791 -89.1552 -88.9656 -88.4755
-84.1560 -84.4625 -84.7451 -84.5758 0.0000 0.0000 0.0000 0.0000 0.0000 0.0000 -82.2707 -83.9533 -83.7497 -84.6534 -83.6634 -83.8646 -84.0497 -84.2161 -84.3634 -84.2972 -84.2436 -83.4743 -82.9658 -85.6170 -85.9709 -86.1022 -86.1821 -88.4056 -88.4479 -87.6612 -87.6699 -87.6323 -87.5390 -87.4538 -87.4339 -86.0921 -87.7221 -87.9652 -87.9946 -87.8791
-83.6273 -83.8317 -84.0838 -84.0123 0.0000 0.0000 0.0000 0.0000 0.0000 0.0000 -82.3158 -84.0546 -84.0910 -84.8197 -84.9339 -85.0917 -84.0530 -84.2151 -84.3592 -84.3062 -84.2944 -83.9119 -83.0252 -85.1635 -85.6871 -85.9250 -86.0564 -86.1146 -86.0863 -85.6201 -87.2803 -87.2390 -87.2005 -87.1565 -87.1469 -87.3006 -87.2214 -87.4057 -87.4366 -87.2382
-83.5071 -83.7042 -83.9488 -83.9428 0.0000 0.0000 0.0000 0.0000 0.0000 0.0000 -82.8559 -84.1093 -84.1935 -85.0208 -85.0690 -85.1938 -85.3830 -85.4664 -84.3654 -84.3673 -84.3545 -84.1816 -83.0936 -84.9407 -85.4657 -85.7647 -85.9422 -86.0579 -85.8756 -85.5891 -85.5482 -85.5005 -85.4305 -86.9253 -86.8991 -87.1155 -85.6811 -86.9649 -86.9914 -86.8582
-83.1215 -83.3620 -83.5284 -83.5820 0.0000 0.0000 0.0000 0.0000 0.0000 0.0000 -82.8983 -84.1485 -84.2565 -85.1011 -85.2302 -85.2981 -85.5544 -85.6170 -85.6880 -85.7005 -84.4203 -84.2669 -83.1672 -84.8441 -85.3211 -85.6394 -85.8473 -85.9883 -85.8571 -85.5917 -85.5543 -85.4925 -85.4195 -85.3504 -85.3120 -85.4225 -86.7689 -86.6632 -86.6470 -86.5557
-83.0316 -83.2627 -83.4242 -83.5277 0.0000 0.0000 0.0000 0.0000 -86.8268 0.0000 -84.7422 -84.0698 -84.1689 -85.0293 -85.2404 -85.4294 -85.5420 -85.7404 -85.8107 -85.8552 -85.7661 -85.5613 -83.2438 -84.8148 -85.2365 -85.5512 -85.7744 -85.9259 -85.8581 -85.6095 -85.5765 -85.5208 -85.4413 -85.3640 -85.3035 -85.4011 -85.2966 -84.2997 -86.4382 -86.3377
-82.9478 -83.1716 -83.3864 -83.4765 -83.7256 -86.6299 -86.6645 -86.8012 -86.7688 -86.9103 -84.1153 -83.6785 -83.8573 -84.0051 -84.9374 -85.1824 -85.4266 -85.6517 -85.8373 -85.9524 -85.9163 -85.6981 -84.2277 0.0000 0.0000 0.0000 0.0000 0.0000 0.0000 -88.1769 -85.6095 -85.5640 -85.4778 -85.3941 -85.3232 -85.4103 -85.3156 -85.1544 -84.1860 -84.9403
-83.7422 -83.9545 -84.1635 -83.9962 -83.6269 -85.5468 -86.1807 -86.3969 -86.5119 -86.3280 -83.3407 -82.9741 -83.1301 -83.2609 -84.0218 -84.2215 -84.4236 -84.6212 -85.1336 -85.2651 -85.9699 -85.8439 -84.3413 0.0000 0.0000 0.0000 0.0000 0.0000 0.0000 -89.1030 -88.1941 -87.5009 -85.5240 -85.4358 -85.3567 -85.2682 -85.3547 -85.1887 -84.2104 -84.9104
-83.6630 -83.8711 -84.0770 -84.2794 -84.4072 -84.5947 -86.9322 -87.4799 -87.6914 -86.4149 -83.6841 -83.3005 -83.0885 -83.2374 -83.9708 -84.1598 -84.3533 -84.5438 -84.7269 -84.8749 -85.0339 -84.9879 -83.7889 0.0000 0.0000 0.0000 0.0000 0.0000 0.0000 -89.3343 -88.6585 -88.0421 -87.5272 -87.1220 -86.8105 -85.3065 -85.3766 -85.2388 -85.0660 -84.1061
-83.5111 -83.7073 -83.9045 -84.1003 -84.2973 -84.4121 -86.0379 -86.7821 -87.0681 -86.4586 -83.9433 -83.5340 -83.6707 -83.8015 -84.6100 -84.8082 -84.6640 -84.8929 -85.0844 -84.8003 -84.9589 -85.0025 -83.7900 0.0000 0.0000 0.0000 0.0000 0.0000 0.0000 -89.7808 -88.8900 -88.3675 -87.8905 -87.4780 -87.1308 -86.8344 -86.8018 -85.2970 -85.1206 -83.6771
-83.3869 -83.5661 -83.7503 -83.9385 -84.1257 -84.3106 -84.4164 -86.0867 -86.5728 -86.0626 -83.8787 -83.4795 -83.6126 -83.7405 -84.5172 -84.7057 -84.9036 -85.1024 -85.2978 -85.4865 -85.6926 -85.8176 -84.4152 0.0000 0.0000 0.0000 0.0000 0.0000 0.0000 -89.6853 -89.0163 -88.5669 -88.1372 -87.7462 -87.3975 -87.0840 -87.0456 -86.7764 -86.4472 -84.4401
-83.3035 -83.4600 -83.6254 -83.7987 -83.9744 -84.1503 -84.2551 -85.6486 -86.1627 -85.7682 -83.8129 -83.9119 -83.5544 -83.6798 -84.4269 -84.6069 -84.7971 -84.9895 -85.1798 -85.3644 -85.5438 -85.7151 -84.3830 0.0000 0.0000 0.0000 0.0000 0.0000 0.0000 -89.6206 -89.0862 -88.6913 -88.3051 -87.9420 -87.6043 -87.2967 -87.2643 -86.9917 -86.6572 -85.5929
-83.3101 -83.4410 -83.5400 -83.6929 -83.8516 -84.0141 -84.1796 -84.2745 -85.7078 -84.5410 -83.7482 -83.8399 -83.4961 -83.6200 -83.7337 -84.5118 -84.6948 -84.8812 -85.0664 -85.2472 -85.4233 -85.5921 -84.3606 0.0000 0.0000 0.0000 0.0000 0.0000 0.0000 -89.5772 -89.1289 -88.7735 -88.4243 -88.0836 -87.7657 -87.4709 -87.1960 -87.1646 -86.8520 -85.7543
-83.3112 -83.4209 -83.5393 -83.6284 -83.7655 -83.9098 -84.0599 -84.2147 -85.4081 -84.3123 -83.6939 -83.7725 -83.4358 -83.5610 -83.6740 -84.4209 -84.5970 -84.7776 -84.9581 -85.1350 -85.3079 -85.4741 -84.3363 0.0000 0.0000 0.0000 0.0000 0.0000 0.0000 -89.5468 -89.2047 -88.8318 -88.5100 -88.1916 -87.8913 -87.6095 -87.3405 -87.3279 -87.0300 -85.9102
-83.2567 -83.3944 -83.5355 -83.6444 -83.7593 -83.8438 -83.9745 -84.1123 -84.1874 -84.2006 -83.6356 -83.7174 -83.3802 -83.5021 -83.6162 -84.3351 -84.5044 -84.6792 -84.8548 -85.0279 -85.1974 -85.3611 -84.3107 0.0000 0.0000 0.0000 0.0000 0.0000 0.0000 -89.5243 -89.2071 -88.8752 -88.5763 -88.2774 -87.9930 -87.7245 -87.4656 -87.4671 -87.1868 -86.0537
-83.2276 -83.3399 -83.4665 -83.6071 -83.7510 -83.8540 -83.9273 -84.0454 -84.1711 -83.9694 -83.5466 -83.6660 -83.3363 -83.4492 -83.5599 -84.2557 -84.4178 -84.5865 -84.7571 -84.9261 -85.0923 -85.2533 -84.2880 -88.3785 -88.9735 -91.1846 -91.2341 -91.2753 -90.2711 -89.4099 -88.6370 -88.5047 -88.3674 -88.2248 -88.0757 -87.8217 -87.5731 -87.5889 -87.3252 -86.1813
