-68.0748 -67.3330 -67.7404 -67.5612 -67.3182 -66.8537 -66.4716 -65.9515 -66.4306 -66.1340 -65.7390 -65.4656 -64.8734 -65.0880 -64.6663 -64.2640 -63.5748 -63.1791 -63.0289 -62.5295 -61.9101 -61.3515 -58.2225 -57.9718 -57.7869 -60.5985 -60.7260 -60.8471 -60.9850 -61.0800 -62.7348 -62.4219 -61.0767 -60.8367 -60.3795 -59.7608 -59.2829 -58.8804 -58.5149 -58.2380
-68.2499 -67.9553 -67.9279 -67.7194 -67.4509 -67.1060 -66.7705 -66.1854 -66.4290 -66.2646 -66.0690 -65.7502 -65.1618 -65.2934 -65.0454 -64.7038 -63.9666 -63.5709 -63.1544 -62.9684 -62.3774 -61.7516 -61.0479 -57.9145 -57.0856 -60.1672 -60.3247 -60.4701 -60.6298 -60.7367 -63.0646 -62.7781 -62.4574 -60.9702 -60.5450 -60.0630 -59.4510 -58.9760 -58.5770 -58.2562
-68.3103 -68.1594 -68.0346 -67.8166 -67.6717 -67.3691 -67.0671 -66.4055 -66.6322 -66.3868 -66.3494 -66.0510 -65.4657 -65.2053 -65.3136 -65.0616 -64.6961 -64.1097 -63.6143 -63.2385 -62.9235 -62.3332 -61.6490 -60.7940 -57.5894 -57.3324 -59.8931 -60.0629 -60.2487 -60.3945 -60.6104 -63.1557 -62.8507 -62.5273 -60.7419 -60.2761 -59.6210 -59.1195 -58.6886 -58.3341
-68.2362 -68.3018 -67.8100 -68.0100 -67.8870 -67.6401 -67.3256 -66.9964 -66.3585 -66.7655 -66.6811 -66.3862 -66.0662 -65.5369 -65.6798 -65.4250 -65.1325 -64.5652 -64.2228 -63.8892 -63.5347 -63.0126 -62.3887 -61.5580 -60.6870 -56.7031 -57.0023 -59.6355 -59.8452 -60.0623 -60.2253 -63.5440 -63.2860 -63.0036 -62.7223 -60.5306 -60.0387 -59.3194 -58.8598 -58.4523
-67.7853 -68.0064 -67.8359 -68.1951 -68.0974 -67.8887 -67.6038 -67.2114 -66.7447 -67.0664 -66.9408 -66.7703 -66.4741 -65.8940 -65.9523 -65.8640 -65.5846 -65.0411 -64.7491 -64.4239 -64.1486 -63.9347 -63.2554 -62.5115 -61.7510 -60.7291 -56.8854 -56.6571 -59.3937 -59.6209 -59.8212 -60.0749 -63.7473 -63.5023 -63.2217 -63.0972 -62.7953 -59.8070 -59.1019 -58.6578
-67.3569 -67.5163 -67.5295 -67.9569 -68.1642 -68.1394 -67.7758 -67.5295 -67.0578 -66.8899 -67.2781 -67.1516 -66.9100 -66.3345 -66.0966 -66.2889 -66.0626 -65.5359 -65.2874 -65.0382 -64.8278 -64.5778 -64.3811 -63.9111 -63.0297 -62.3424 -60.0761 -56.5565 -56.2665 -59.1365 -59.3985 -59.6474 -64.2820 -64.1028 -63.8847 -63.5949 -63.5011 -63.2471 -59.4256 -58.9570
-66.9444 -67.1128 -67.2008 -67.5297 -67.7228 -67.9287 -67.9941 -67.9755 -67.7564 -67.2204 -67.6203 -67.5269 -67.3354 -67.0941 -66.6139 -66.8026 -66.7124 -66.4530 -65.5999 -65.6387 -65.4584 -65.3488 -65.4139 -65.2202 -64.7540 -64.5000 -64.2878 -63.8900 -56.2014 -55.8975 -58.7929 -59.1502 -59.5004 -64.7825 0.0000 0.0000 0.0000 -64.0850 -60.5174 -59.3665
-66.4753 -66.7027 -66.8988 -67.0767 -67.2624 -67.3749 -67.7144 -67.9181 -68.1154 -67.5538 -67.9856 -68.0726 -70.5991 -70.7344 -70.4961 -72.8860 0.0000 0.0000 0.0000 0.0000 -65.8344 -66.0785 -66.1395 -66.3910 -66.5042 0.0000 0.0000 0.0000 -56.1479 -55.8333 -55.5378 -58.5299 -58.9671 -64.5896 0.0000 0.0000 0.0000 0.0000 0.0000 -59.9007
-66.0946 -66.2581 -66.4153 -66.5703 -66.6572 -66.8552 -67.0517 -66.8657 -66.6292 -68.4161 -68.4327 -69.2911 -69.6683 -70.3288 -71.0094 -73.1336 0.0000 0.0000 0.0000 0.0000 -63.1225 -62.6422 -64.8590 -66.8805 -70.6310 0.0000 0.0000 0.0000 -56.1514 -55.7790 -55.4485 -58.0034 -58.3164 -58.7082 -59.1101 -58.6327 -58.1174 0.0000 0.0000 -60.6607
-63.0222 -65.8313 -65.9570 -66.0900 -66.1753 -66.4401 -66.6690 -66.9320 -66.9724 -66.7471 -66.2677 -66.4564 -66.2894 -66.0790 -65.8368 -65.3694 -65.6076 -65.3331 -65.0401 -64.7155 -64.1961 -63.5845 -63.1472 -62.6220 -61.8739 0.0000 0.0000 0.0000 -56.1208 -55.7614 -55.3940 -55.0480 -57.7248 -58.1362 -58.6918 -59.0668 -58.5725 -58.0466 -57.4598 -60.0139
-62.8380 -65.3905 -65.4866 -65.5359 -65.7337 -65.9008 -66.1046 -66.3563 -66.6392 -66.9508 -66.6265 -66.4506 -66.7187 -66.5529 -66.3508 -65.8966 -66.1150 -65.9751 -65.7769 -65.4790 -65.1683 -64.6183 -64.6956 -64.2870 -64.0987 -64.0946 -63.4897 -56.3964 -56.0322 -55.7371 -55.3512 -54.9929 -54.6223 -57.4894 -58.0176 -58.7079 -59.0972 -58.6159 -58.0731 -57.4510
-61.6195 -63.1645 -62.9926 -65.0274 -65.1913 -65.3282 -65.4971 -65.7150 -65.9915 -66.3066 -66.4239 -66.8388 -67.1435 -67.0326 -66.8729 -66.4295 -66.2612 -66.5957 -66.4449 -66.3259 -66.1485 -65.6812 -66.0083 -68.0102 -68.6662 0.0000 0.0000 -56.3987 -56.0249 -55.6539 -55.2746 -54.9479 -54.5739 -54.1846 -57.3034 -58.0465 -58.8890 -59.2570 -58.7739 -58.2379
-63.4129 -61.5486 -63.0183 -62.8911 -62.7165 -64.7023 -64.8278 -65.0015 -65.2402 -65.5398 -65.9465 -66.2376 -67.3945 -67.9556 -68.8417 -69.3031 -70.2792 0.0000 0.0000 0.0000 -65.7125 -66.3064 -66.9055 -68.3896 -68.3453 0.0000 0.0000 -56.4085 -56.0310 -55.6519 -55.2643 -54.8691 -54.4602 -54.1100 -53.7054 -57.2109 -58.2141 -59.3649 -59.5602 -59.1318
0.0000 0.0000 -63.1100 -62.9475 -62.7735 -62.5885 -62.3932 -62.1885 -64.3812 -64.6275 -64.9667 -65.2668 -65.9955 -67.5122 -68.2647 -69.4631 -70.1928 0.0000 0.0000 0.0000 -64.9429 -65.6410 -66.3548 -67.8621 -67.9709 0.0000 -63.0808 -56.4296 -56.0507 -55.6637 -55.2677 -54.8627 -54.4369 -54.0207 -53.6526 -53.2268 -57.2866 -58.7526 -60.3639 -60.1063
0.0000 0.0000 -62.8441 -65.0399 -62.8359 -62.6518 -62.4575 -62.2538 -62.0410 -61.8199 -63.8069 -64.0248 -64.6580 -66.0701 -68.1176 -68.9892 -70.1403 0.0000 0.0000 0.0000 -64.0311 -64.8520 -65.6798 -67.3319 -68.2183 0.0000 0.0000 -56.4682 -56.0851 -55.6909 -55.2868 -54.8724 -54.4472 -54.0046 -53.5645 -53.1167 -52.7254 -57.8286 -59.9159 -61.1286
0.0000 0.0000 -65.6732 -65.2457 -65.0630 -64.8595 -64.6353 -62.3247 -62.1131 -61.8930 -61.6625 -61.4158 -61.0836 -63.5894 -65.8227 -68.5470 -70.1622 0.0000 0.0000 -62.4410 -62.9279 -63.6935 -64.8392 -66.2528 -67.8165 0.0000 0.0000 -56.5216 -56.1324 -55.7338 -55.3227 -54.8990 -54.4640 -54.0055 -53.5520 -53.0874 -52.6157 -56.3803 -59.6313 -60.7699
-66.7610 -66.4996 -65.9089 -65.4636 -65.2920 -65.1020 -64.8923 -64.6625 -64.4095 -64.1413 -61.7459 -61.5047 -61.1732 -60.9173 -60.7585 -60.4904 -70.6239 0.0000 0.0000 -59.3499 -61.5882 -62.2180 -63.3420 -65.0988 -66.7593 0.0000 0.0000 -56.5913 -56.1962 -55.7915 -55.3750 -54.9448 -54.5006 -54.0434 -53.5641 -53.0827 -52.5900 -52.0951 -58.9690 -59.8300
0.0000 0.0000 0.0000 -65.7086 -65.5322 -65.3571 -65.1634 -64.9479 -64.7203 -64.4695 -64.1979 -63.9036 -63.4376 -61.0143 -60.8518 -60.5873 -60.3056 -60.0828 -59.7728 -59.4584 -59.1238 -58.7989 -60.9987 -62.9103 -66.8652 0.0000 0.0000 -56.6780 -56.2779 -55.8669 -55.4437 -55.0074 -54.5549 -54.0874 -53.6045 -53.0973 -52.5863 -52.0637 -51.5386 -54.4184
0.0000 0.0000 -66.8620 -66.0325 -65.7830 -65.6197 -65.4477 -65.2550 -65.0448 -64.8169 -64.5700 -64.3029 -64.0137 -63.5431 -63.2029 -62.9836 -60.4035 -60.1246 -59.8526 -59.5642 -59.2325 -58.9081 -58.5736 -58.2290 -57.8450 0.0000 0.0000 -56.7781 -56.3736 -55.9589 -55.5307 -55.0879 -54.6302 -54.1536 -53.6591 -53.1369 -52.6086 -52.0649 -51.5123 -50.9406
-67.5453 -67.3249 -67.0933 -66.3375 -66.0401 -65.9000 -65.7431 -65.5711 -65.3838 -65.1806 -64.9613 -64.7249 -64.4701 -64.0348 -63.7235 -63.5615 -63.1909 -62.6604 -62.3927 -59.6805 -59.3528 -59.0293 -58.6957 -58.3518 -57.9661 -57.6651 -57.2985 -56.9077 -56.4895 -56.0722 -55.6402 -55.1933 -54.7292 -54.2470 -53.7432 -53.2192 -52.6648 -52.1020 -51.5185 -50.9236
-67.7473 -67.5706 -67.3105 -66.9447 -66.3332 -66.1849 -66.0476 -65.8974 -65.7341 -65.5577 -65.3683 -65.1655 -64.9484 -64.5473 -64.2803 -64.1874 -63.8900 -63.5533 -63.2275 -62.8989 -62.3932 -61.7985 -58.8308 -58.4883 -58.1027 -57.7457 -57.4258 -57.0382 -56.6259 -56.2073 -55.7741 -55.3238 -54.8555 -54.3682 -53.8591 -53.3242 -52.7600 -52.1793 -51.5750 -50.9523
0.0000 0.0000 -67.5670 -67.2469 -66.6680 -66.4764 -66.3585 -66.2310 -66.0929 -65.9446 -65.7866 -65.6188 -65.4361 -65.2441 -64.8577 -64.6333 -64.5740 -64.3922 -64.1881 -64.0121 -63.7517 -63.4849 -63.2108 -62.9291 -62.6364 -57.8984 -57.5796 -57.1899 -56.7832 -56.3657 -55.9319 -55.4807 -55.0110 -54.5208 -54.0077 -53.4684 -52.8946 -52.3014 -51.6803 -51.0286
0.0000 0.0000 -67.8322 -67.5554 -67.0018 -66.7743 -66.6740 -66.5693 -66.4570 -66.3374 -66.2116 -66.0738 -65.9313 -65.7854 -65.4448 -65.2741 -65.3710 -65.2509 -65.1693 -65.1085 -65.1469 -65.2143 -65.4757 -66.1658 -68.0263 -71.6754 0.0000 0.0000 -56.9624 -56.5466 -56.1149 -55.6655 -55.1966 -54.7065 -54.1926 -53.6514 -53.0826 -52.4741 -51.8397 -51.1710
0.0000 0.0000 -68.1126 -67.8688 -67.3338 -67.0970 -66.9916 -66.9097 -66.8229 -66.7320 -66.6321 -66.5291 -66.4261 -66.3259 -66.0323 -65.8647 -65.8461 -66.1047 -66.1044 -66.2179 -66.4058 -66.7917 -67.3741 -68.4324 -70.2358 -71.8047 0.0000 0.0000 -59.7885 -59.2751 -58.7061 -55.8782 -55.4133 -54.9264 -54.4136 -53.8762 -53.3088 -52.6985 -52.0598 -51.3807
-68.7818 -68.6061 -68.2069 -67.9790 -67.4600 -67.2302 -67.0727 -66.9849 -66.8917 -66.7870 -66.6728 -66.5523 -66.4262 -66.2942 -66.1536 -65.8251 -65.6813 -65.8111 -67.0159 -67.2401 -67.5626 -68.1099 -68.8188 -69.8773 -71.2803 -72.8257 0.0000 0.0000 -60.5018 -60.0698 -59.6028 -59.0858 -58.4955 -57.7864 -54.6756 -54.1450 -53.5838 -52.9869 -52.3449 -51.6640
0.0000 0.0000 -67.9913 -67.7735 -67.5382 -67.0621 -66.8620 -66.7561 -66.6478 -66.5282 -66.4015 -66.2686 -66.1288 -65.9828 -65.7831 -65.5243 -65.3661 -65.4425 -65.2895 -65.1510 -65.0014 -64.8592 -67.2241 -67.8951 -69.6865 -73.0490 0.0000 0.0000 -61.2675 -60.9297 -60.5832 -60.2266 -59.8589 -59.4785 -59.0808 -58.6746 -58.2523 -53.3261 -52.6959 -52.0272
0.0000 0.0000 -67.7823 -67.5698 -67.3450 -66.8869 -66.6678 -66.5297 -66.4052 -66.2737 -66.1353 -65.9892 -65.8362 -65.6229 -65.5224 -65.3670 -65.0471 -64.8692 -64.9034 -64.7344 -64.5636 -64.3963 -64.2413 -64.0570 -63.8798 -63.7130 -62.6411 -62.3536 -62.0151 -61.7572 -61.5110 -61.2828 -61.0851 -60.9324 -60.8885 -61.0440 -61.6574 -63.5631 0.0000 -52.3209
0.0000 0.0000 -67.5784 -67.3686 -67.1494 -66.7076 -66.4881 -66.3043 -66.1673 -66.0244 -65.8738 -65.7154 -65.5467 -65.3813 -65.2146 -65.0424 -64.7290 -64.5287 -64.5210 -64.3176 -64.1335 -63.9336 -63.7317 -63.5302 -63.3140 -63.1026 -63.0113 -62.8329 -62.5793 -62.4309 -62.3255 -62.2856 -62.2715 -62.3200 -62.5513 -63.0758 -64.1262 -68.6280 0.0000 -53.0078
-67.8598 -67.7825 -67.3795 -67.1703 -66.9535 -66.5260 -66.3024 -66.0862 -65.9348 -65.7804 -65.6182 -65.4479 -65.2258 -65.0940 -64.9125 -64.7256 -64.4105 -64.1958 -63.9794 -63.9259 -63.7073 -63.4786 -63.2443 -63.0100 -62.7543 -62.4968 -62.3115 -62.0626 -61.7663 -61.5214 -61.2959 -61.1008 -60.9586 -60.9082 -61.0644 -61.6783 -63.5662 -68.2474 0.0000 -53.6074
-65.4701 -65.3211 -65.1020 -64.9004 -64.6932 -64.3588 -64.1420 -63.9235 -63.7343 -63.5522 -63.3637 -63.1666 -62.9688 -62.7653 -62.5551 -62.3368 -62.1123 -61.8131 -61.5703 -61.4130 -61.1575 -60.8938 -60.6220 -60.3418 -60.0507 -59.7468 -59.4638 -59.1465 -58.7968 -58.4526 -58.0984 -57.7328 -57.3511 -56.9598 -56.5542 -56.1332 -55.6953 -55.2422 -54.7841 -54.2728
-68.7971 -69.0307 -69.3079 -70.0099 -71.6858 -74.8501 0.0000 -66.9744 -66.2735 -66.1691 -66.0720 -65.9355 -65.9275 -65.9005 -65.9227 -66.0449 -66.3519 -66.8811 -68.5638 0.0000 0.0000 -63.6225 -63.4126 -63.2045 -62.9972 -62.7980 -62.6194 -62.5213 -62.3958 -62.3953 -62.5958 -63.2534 -65.1384 0.0000 0.0000 -60.6488 -61.2610 -63.1467 0.0000 0.0000
0.0000 0.0000 0.0000 -71.9593 -73.4268 0.0000 0.0000 -73.5923 -66.4405 0.0000 0.0000 0.0000 -73.6431 0.0000 0.0000 -67.4616 -68.1073 -68.8641 -71.8981 0.0000 0.0000 -64.3211 -64.0671 -63.9254 -63.7996 -63.6977 -63.6622 -68.9419 -73.4393 0.0000 0.0000 0.0000 -67.7863 0.0000 0.0000 -62.6125 -63.6641 -65.6873 0.0000 0.0000
0.0000 0.0000 0.0000 -72.8702 -74.0694 0.0000 0.0000 -74.9757 -75.3397 0.0000 0.0000 0.0000 -74.0037 0.0000 0.0000 -69.1822 -69.3106 0.0000 0.0000 0.0000 0.0000 -68.4201 -69.8197 -73.5194 0.0000 0.0000 0.0000 -71.0755 0.0000 0.0000 0.0000 0.0000 -68.0706 0.0000 0.0000 -64.1126 -64.9440 -65.3216 0.0000 0.0000
0.0000 0.0000 0.0000 -73.1573 -74.4424 0.0000 0.0000 -74.4912 -75.4230 0.0000 0.0000 0.0000 -76.3673 0.0000 0.0000 -70.1726 -70.5876 0.0000 0.0000 0.0000 0.0000 -65.2151 -65.0020 -64.8105 0.0000 0.0000 -63.5470 -63.2375 -63.1422 0.0000 0.0000 0.0000 -61.1070 -60.6021 -60.1878 -59.6472 -59.1194 -58.5401 -57.9539 -57.3661
-69.7999 -69.8684 -69.7037 -69.4423 -68.9095 -69.1857 -68.9929 -68.4609 -68.1078 -68.3686 -68.1547 -67.8774 -67.5850 -67.4932 -67.2617 -66.9086 -66.5843 -66.1520 -66.1326 -65.8681 -65.5987 -65.2807 -64.9985 -64.5882 -64.3195 -64.1250 -63.7778 -63.3524 -63.0467 -62.6784 -62.2825 -61.8724 -61.4263 -60.9354 -60.5331 -60.0296 -59.5230 -58.9655 -58.4106 -57.8524
-69.8580 -69.6915 -69.5110 -69.5119 -69.0217 -69.2754 -68.8972 -68.5541 -68.2183 -68.4482 -68.2390 -67.9951 -67.7255 -67.4087 -67.3817 -67.0723 -66.7821 -66.3214 -66.0833 -66.0240 -65.7557 -65.4691 -65.1979 -64.7908 -64.5327 -64.3326 -64.0293 -63.6459 -63.2902 -62.9636 -62.5851 -62.1919 -61.7697 -61.3351 -60.9044 -60.4393 -59.9609 -59.4322 -58.9143 -58.3694
-69.8937 -69.7335 -69.5412 -69.3164 -69.1460 -69.3337 -68.9512 -68.6426 -68.3648 -68.5573 -68.2688 -68.1278 -67.8679 -67.5800 -67.5000 -67.2383 -66.9899 -66.7261 -66.2737 -66.2027 -65.9210 -65.6586 -65.3989 -65.0951 -64.7519 -64.4721 -64.2514 -63.9291 -63.5811 -63.2635 -62.9043 -62.5294 -62.1346 -61.7201 -61.3032 -60.8775 -60.4308 -59.9651 -59.4572 -58.9625
-69.9425 -69.7664 -69.5745 -69.3631 -68.9928 -68.9715 -68.9958 -68.7240 -68.4801 -68.6339 -68.4163 -68.2415 -68.0613 -67.7905 -67.6388 -67.3960 -67.1887 -66.9401 -66.6523 -66.2347 -66.0079 -65.8305 -65.5962 -65.3262 -64.9761 -64.7101 -64.4910 -64.2225 -63.8319 -63.5792 -63.2389 -62.8831 -62.5165 -62.1357 -61.6811 -61.3392 -60.9275 -60.4998 -60.0330 -59.5901
-69.9571 -69.8017 -69.5712 -69.4093 -69.0721 -68.8991 -68.7541 -68.7849 -68.5730 -68.6833 -68.5028 -68.3371 -68.1774 -67.9411 -67.6710 -73.5053 0.0000 0.0000 -66.8812 -66.4355 -66.3556 -65.9719 -65.7839 -65.5505 -65.2931 -64.9510 -64.6635 -64.4784 -64.1909 -63.8855 -63.5877 -63.2517 -62.9088 -62.5583 -62.1366 -61.8208 -61.4449 -61.0587 -60.6659 -60.2420
-69.9787 -69.8384 -69.6165 -69.4563 -69.1482 -68.9772 -70.7528 -70.5980 -70.4565 -71.4150 -71.4999 -71.6888 -72.0280 -72.5797 -73.0824 -74.9165 0.0000 0.0000 0.0000 0.0000 0.0000 -66.3014 -65.9495 -65.7578 -65.5365 -65.1901 -64.9184 -64.7425 -64.4685 -64.1677 -63.9232 -63.6801 -63.3515 -68.6992 0.0000 0.0000 0.0000 0.0000 0.0000 0.0000
