-44.8711
-44.6392
-44.4021
-44.1583
-43.9086
-43.6532
-43.3936
-43.1273
-42.8541
-42.5727
-42.2832
-41.9858
-41.6808
-41.3669
-41.0462
-40.7182
-40.3775
-40.0204
-39.6587
-39.2954
-38.9143
-38.5167
-38.1095
-37.6978
-37.2737
-36.8318
-36.3778
-35.9178
-35.4428
-34.9601
-34.4640
-33.9725
-33.4716
-32.9680
-32.4457
-31.9373
-31.4216
-30.9238
-30.4377
-30.0012
-44.8484
-44.6183
-44.3840
-44.1431
-43.8961
-43.6426
-43.3830
-43.1168
-42.8439
-42.5636
-42.2777
-41.9864
-41.6870
-41.3740
-41.0497
-40.7237
-40.3931
-40.0498
-39.6950
-39.3299
-38.9565
-38.5760
-38.1766
-37.7653
-37.3542
-36.9357
-36.5012
-36.0560
-35.6053
-35.1507
-34.6833
-34.2288
-33.7730
-33.3055
-32.8275
-32.3411
-31.8923
-31.4233
-31.0081
-30.6311
-44.8384
-44.6087
-44.3730
-44.1318
-43.8853
-43.6326
-43.3735
-43.1111
-42.8428
-42.5668
-42.2800
-41.9844
-41.6896
-41.3884
-41.0753
-40.7523
-40.4212
-40.0806
-39.7361
-39.3791
-39.0100
-38.6331
-38.2546
-37.8624
-37.4576
-37.0510
-36.6381
-36.2175
-35.7804
-35.3777
-34.9637
-34.5343
-34.1013
-33.6673
-33.2278
-32.7634
-32.3576
-31.9662
-31.5872
-31.2617
-44.8270
-44.5980
-44.3634
-44.1248
-43.8821
-43.6334
-43.3756
-43.1101
-42.8389
-42.5696
-42.2925
-42.0053
-41.7098
-41.4089
-41.0999
-40.7848
-40.4610
-40.1241
-39.7805
-39.4334
-39.0838
-38.7186
-38.3456
-37.9657
-37.5793
-37.1875
-36.7832
-36.4097
-36.0387
-35.6537
-35.2684
-34.8599
-34.4528
-34.0573
-33.6548
-33.2514
-32.8488
-32.5129
-32.1705
-31.8933
-44.8230
-44.5972
-44.3657
-44.1248
-43.8783
-43.6288
-43.3789
-43.1227
-42.8571
-42.5834
-42.3072
-42.0251
-41.7362
-41.4405
-41.1356
-40.8218
-40.5025
-40.1787
-39.8496
-39.5059
-39.1618
-38.8104
-38.4516
-38.0863
-37.7137
-37.3414
-37.0113
-36.6685
-36.3105
-35.9496
-35.5803
-35.2044
-34.8327
-34.4601
-34.0862
-33.7218
-33.3283
-33.0401
-32.7886
-32.5087
-44.8201
-44.5900
-44.3599
-44.1283
-43.8912
-43.6450
-43.3923
-43.1359
-42.8742
-42.6067
-42.3331
-42.0539
-41.7675
-41.4741
-41.1742
-40.8728
-40.5639
-40.2443
-39.9210
-39.5908
-39.2543
-38.9140
-38.5709
-38.2238
-37.9054
-37.5893
-37.2622
-36.9376
-36.5998
-36.2587
-35.9108
-35.5700
-35.2205
-34.8629
-34.5340
-34.1989
-33.8866
-33.5652
-33.3477
-33.1250
-44.8240
-44.6036
-44.3748
-44.1405
-43.9015
-43.6587
-43.4106
-43.1589
-42.9003
-42.6346
-42.3628
-42.0853
-41.8036
-41.5205
-41.2302
-40.9319
-40.6289
-40.3194
-40.0040
-39.6831
-39.3611
-39.0344
-38.7335
-38.4398
-38.1385
-37.8342
-37.5297
-37.2143
-36.9001
-36.5806
-36.2612
-35.9369
-35.6098
-35.2915
-34.9790
-34.6801
-34.3938
-34.0735
-33.8840
-33.7353
-44.8353
-44.6125
-44.3860
-44.1547
-43.9203
-43.6810
-43.4361
-43.1841
-42.9272
-42.6649
-42.3993
-42.1295
-41.8545
-41.5748
-41.2894
-40.9982
-40.7022
-40.4023
-40.0999
-39.7921
-39.5017
-39.2243
-38.9521
-38.6633
-38.3873
-38.0984
-37.7995
-37.5058
-37.2096
-36.9160
-36.6109
-36.3061
-36.0120
-35.7151
-35.4226
-35.1541
-34.8973
-34.6645
-34.4137
-34.2872
-44.8467
-44.6274
-44.4048
-44.1772
-43.9424
-43.7036
-43.4610
-43.2130
-42.9638
-42.7093
-42.4480
-42.1816
-41.9096
-41.6334
-41.3544
-41.0737
-40.7886
-40.4986
-40.2172
-39.9585
-39.7007
-39.4439
-39.1750
-38.9115
-38.6396
-38.3624
-38.0858
-37.8034
-37.5321
-37.2466
-36.9655
-36.6860
-36.4092
-36.1371
-35.8679
-35.6230
-35.3936
-35.1853
-34.9947
-34.8094
-44.8666
-44.6479
-44.4238
-44.1965
-43.9673
-43.7332
-43.4977
-43.2564
-43.0085
-42.7566
-42.5001
-42.2377
-41.9706
-41.7026
-41.4333
-41.1593
-40.8834
-40.6423
-40.4023
-40.1614
-39.9140
-39.6631
-39.4012
-39.1554
-38.8956
-38.6380
-38.3775
-38.1171
-37.8456
-37.5866
-37.3275
-37.0634
-36.8058
-36.5550
-36.3148
-36.0827
-35.8563
-35.6855
-35.5069
-35.3068
-44.8821
-44.6668
-44.4477
-44.2277
-44.0041
-43.7742
-43.5385
-43.2998
-43.0573
-42.8094
-42.5569
-42.3031
-42.0453
-41.7824
-41.5157
-41.2822
-41.0566
-40.8305
-40.6019
-40.3658
-40.1326
-39.8813
-39.6486
-39.4039
-39.1631
-38.9216
-38.6761
-38.4184
-38.1710
-37.9307
-37.6847
-37.4409
-37.2007
-36.9733
-36.7484
-36.5348
-36.3456
-36.1722
-36.0017
-35.8747
-44.9064
-44.6974
-44.4845
-44.2657
-44.0410
-43.8146
-43.5846
-43.3498
-43.1105
-42.8694
-42.6252
-42.3772
-42.1241
-41.8883
-41.6700
-41.4577
-41.2430
-41.0237
-40.8038
-40.5809
-40.3534
-40.1234
-39.8922
-39.6632
-39.4388
-39.2052
-38.9647
-38.7317
-38.5009
-38.2696
-38.0421
-37.8181
-37.5923
-37.3776
-37.1759
-36.9721
-36.8001
-36.6404
-36.4877
-36.3636
-44.9433
-44.7324
-44.5187
-44.3037
-44.0850
-43.8620
-43.6347
-43.4052
-43.1729
-42.9382
-42.6989
-42.4654
-42.2582
-42.0538
-41.8478
-41.6395
-41.4304
-41.2250
-41.0102
-40.7959
-40.5659
-40.3606
-40.1436
-39.9313
-39.7080
-39.4833
-39.2638
-39.0455
-38.8254
-38.6095
-38.3958
-38.1822
-37.9757
-37.7759
-37.5862
-37.4154
-37.2435
-37.0957
-36.9654
-36.8352
-44.9730
-44.7695
-44.5611
-44.3487
-44.1325
-43.9134
-43.6917
-43.4690
-43.2422
-43.0111
-42.8144
-42.6187
-42.4238
-42.2275
-42.0266
-41.8266
-41.6282
-41.4232
-41.2208
-41.0008
-40.8084
-40.6043
-40.4019
-40.1885
-39.9767
-39.7691
-39.5612
-39.3570
-39.1510
-38.9408
-38.7408
-38.5478
-38.3562
-38.1707
-38.0004
-37.8323
-37.6796
-37.5321
-37.4121
-37.2989
-45.0157
-44.8124
-44.6062
-44.3967
-44.1845
-43.9727
-43.7570
-43.5376
-43.3410
-43.1531
-42.9681
-42.7825
-42.5938
-42.4008
-42.2129
-42.0172
-41.8222
-41.6294
-41.4336
-41.2384
-41.0457
-40.8519
-40.6500
-40.4485
-40.2499
-40.0516
-39.8618
-39.6661
-39.4660
-39.2746
-39.0880
-38.9072
-38.7276
-38.5504
-38.3975
-38.2461
-38.0996
-37.9669
-37.8535
-37.7509
-45.0587
-44.8579
-44.6537
-44.4518
-44.2463
-44.0373
-43.8409
-43.6611
-43.4841
-43.3071
-43.1299
-42.9472
-42.7651
-42.5839
-42.3951
-42.2098
-42.0229
-41.8361
-41.6513
-41.4685
-41.2829
-41.0915
-40.9003
-40.7111
-40.5188
-40.3423
-40.1556
-39.9665
-39.7864
-39.6031
-39.4268
-39.2529
-39.0905
-38.9439
-38.7772
-38.6397
-38.5036
-38.3811
-38.2716
-38.1820
-45.1049
-44.9099
-44.7125
-44.5130
-44.3167
-44.1452
-43.9745
-43.8048
-43.6369
-43.4651
-43.2887
-43.1169
-42.9408
-42.7617
-42.5843
-42.4049
-42.2239
-42.0322
-41.8740
-41.6965
-41.5145
-41.3324
-41.1531
-40.9704
-40.8015
-40.6218
-40.4451
-40.2724
-40.0975
-39.9242
-39.7597
-39.6048
-39.4385
-39.3023
-39.1584
-39.0271
-38.9070
-38.7885
-38.6818
-38.5999
-45.1600
-44.9680
-44.7734
-44.6066
-44.4417
-44.2797
-44.1183
-43.9571
-43.7892
-43.6220
-43.4568
-43.2862
-43.1159
-42.9452
-42.7732
-42.6001
-42.4322
-42.2636
-42.0938
-41.9207
-41.7468
-41.5764
-41.4029
-41.2422
-41.0678
-40.9013
-40.7346
-40.5677
-40.4050
-40.2485
-40.0879
-39.9371
-39.8000
-39.6592
-39.5240
-39.4009
-39.2890
-39.1795
-39.0831
-39.0046
-45.2168
-45.0488
-44.8899
-44.7331
-44.5766
-44.4235
-44.2656
-44.1031
-43.9450
-43.7846
-43.6209
-43.4580
-43.2935
-43.1288
-42.9646
-42.8032
-42.6410
-42.4766
-42.3112
-42.1446
-41.9825
-41.8174
-41.6640
-41.4955
-41.3380
-41.1761
-41.0173
-40.8641
-40.7109
-40.5554
-40.4116
-40.2675
-40.1398
-40.0144
-39.8856
-39.7679
-39.6601
-39.5601
-39.4709
-39.3989
-45.3200
-45.1688
-45.0181
-44.8689
-44.7202
-44.5647
-44.4102
-44.2579
-44.1026
-43.9458
-43.7887
-43.6301
-43.4727
-43.3162
-43.1614
-42.9864
-42.8473
-42.6874
-42.5270
-42.3725
-42.2153
-42.0684
-41.9064
-41.7567
-41.6013
-41.4487
-41.3028
-41.1514
-41.0081
-40.8708
-40.7258
-40.6009
-40.4758
-40.3500
-40.2342
-40.1229
-40.0241
-39.9327
-39.8454
-39.7723
-45.4417
-45.2970
-45.1536
-45.0064
-44.8553
-44.7086
-44.5611
-44.4113
-44.2606
-44.1088
-43.9559
-43.8056
-43.6559
-43.5074
-43.3579
-43.2050
-43.0509
-42.8959
-42.7481
-42.5977
-42.4561
-42.3011
-42.1576
-42.0091
-41.8639
-41.7209
-41.5743
-41.4406
-41.3041
-41.1671
-41.0450
-40.9152
-40.8026
-40.6847
-40.5766
-40.4693
-40.3738
-40.2904
-40.2139
-40.1381
-45.5692
-45.4296
-45.2854
-45.1413
-44.9989
-44.8557
-44.7112
-44.5656
-44.4190
-44.2728
-44.1280
-43.9843
-43.8421
-43.6977
-43.5503
-43.4018
-43.2532
-43.1101
-42.9661
-42.8293
-42.6822
-42.5432
-42.4005
-42.2626
-42.1229
-41.9844
-41.8527
-41.7184
-41.5944
-41.4527
-41.3484
-41.2312
-41.1135
-41.0112
-40.9093
-40.8088
-40.7155
-40.6396
-40.5746
-40.5006
-45.6968
-45.5572
-45.4199
-45.2820
-45.1428
-45.0026
-44.8618
-44.7198
-44.5800
-44.4410
-44.3021
-44.1660
-44.0263
-43.8608
-43.7407
-43.5982
-43.4603
-43.3212
-43.1894
-43.0493
-42.9139
-42.7777
-42.6459
-42.5087
-42.3798
-42.2469
-42.1207
-42.0042
-41.8742
-41.7723
-41.6414
-41.5348
-41.4281
-41.3288
-41.2301
-41.1361
-41.0499
-40.9805
-40.9178
-40.8505
-45.8236
-45.6910
-45.5573
-45.4224
-45.2868
-45.1494
-45.0118
-44.8784
-44.7445
-44.6105
-44.4800
-44.3442
-44.2063
-44.0686
-43.9317
-43.7985
-43.6643
-43.5371
-43.4028
-43.2716
-43.1404
-43.0139
-42.8814
-42.7593
-42.6279
-42.5089
-42.3909
-42.2691
-42.1490
-42.0461
-41.9404
-41.8285
-41.7328
-41.6381
-41.5455
-41.4561
-41.3786
-41.3117
-41.2468
-41.1916
-45.9550
-45.8252
-45.6946
-45.5634
-45.4302
-45.2969
-45.1683
-45.0388
-44.9103
-44.7844
-44.6521
-44.5187
-44.3859
-44.2545
-44.1257
-43.9959
-43.8733
-43.7442
-43.6166
-43.4907
-43.3687
-43.2420
-43.1223
-42.9974
-42.8826
-42.7630
-42.6529
-42.5362
-42.4513
-42.3239
-42.2252
-42.1231
-42.0284
-41.9373
-41.8538
-41.7725
-41.6989
-41.6348
-41.5703
-41.5250
-46.0860
-45.9600
-45.8328
-45.7032
-45.5757
-45.4504
-45.3247
-45.2014
-45.0794
-44.9508
-44.8214
-44.6668
-44.5670
-44.4423
-44.3166
-44.1984
-44.0742
-43.9504
-43.8288
-43.7105
-43.5903
-43.4722
-43.3552
-43.2401
-43.1256
-43.0219
-42.9030
-42.8029
-42.7003
-42.6040
-42.5017
-42.4092
-42.3168
-42.2337
-42.1522
-42.0791
-42.0083
-41.9459
-41.8891
-41.8491
-46.2186
-46.0948
-45.9689
-45.8467
-45.7252
-45.6028
-45.4843
-45.3654
-45.2406
-45.1153
-44.9918
-44.8699
-44.7491
-44.6272
-44.5130
-44.3936
-44.2732
-44.1560
-44.0394
-43.9270
-43.8096
-43.7002
-43.5854
-43.4771
-43.3718
-43.2621
-43.1427
-43.0667
-42.9636
-42.8712
-42.7766
-42.6872
-42.5999
-42.5248
-42.4460
-42.3788
-42.3098
-42.2496
-42.1991
-42.1631
-46.3500
-46.2279
-46.1105
-45.9924
-45.8736
-45.7596
-45.6433
-45.5224
-45.4007
-45.2815
-45.1638
-45.0465
-44.9283
-44.8177
-44.7029
-44.5856
-44.4728
-44.3587
-44.2526
-44.1356
-44.0330
-43.9197
-43.8163
-43.7099
-43.6103
-43.5048
-43.4193
-43.3145
-43.2260
-43.1321
-43.0450
-42.9617
-42.8788
-42.8044
-42.7338
-42.6685
-42.6091
-42.5472
-42.5014
-42.4671
-46.4816
-46.3674
-46.2526
-46.1375
-46.0276
-45.9139
-45.7962
-45.6780
-45.5630
-45.4184
-45.3352
-45.2205
-45.1133
-45.0028
-44.8882
-44.7798
-44.6681
-44.5645
-44.4537
-44.3528
-44.2450
-44.1429
-44.0392
-43.9450
-43.8386
-43.7383
-43.6591
-43.5644
-43.4773
-43.3898
-43.3099
-43.2289
-43.1537
-43.0758
-43.0143
-42.9516
-42.8997
-42.8380
-42.7955
-42.7614
-46.6178
-46.5061
-46.3954
-46.2885
-46.1774
-46.0632
-45.9476
-45.8366
-45.7262
-45.6156
-45.5042
-45.4001
-45.2939
-45.1816
-45.0777
-44.9694
-44.8674
-44.7623
-44.6616
-44.5604
-44.4587
-44.3597
-44.2650
-44.1676
-44.0738
-43.9995
-43.8928
-43.8110
-43.7248
-43.6456
-43.5690
-43.4896
-43.4191
-43.3471
-43.2896
-43.2304
-43.1798
-43.1214
-43.0814
-43.0511
-46.7532
-46.6467
-46.5427
-46.4340
-46.3232
-46.2106
-46.1029
-45.9958
-45.8882
-45.7799
-45.6787
-45.5765
-45.4665
-45.3664
-45.2616
-45.1613
-45.0612
-44.9605
-44.8653
-44.7649
-44.6697
-44.5750
-44.4854
-44.3895
-44.3006
-44.2174
-44.1310
-44.0495
-43.9701
-43.8965
-43.8210
-43.7486
-43.6751
-43.6134
-43.5573
-43.5049
-43.4509
-43.3995
-43.3618
-43.3339
-46.8918
-46.7905
-46.6842
-46.5764
-46.4669
-46.3623
-46.2582
-46.1187
-46.0480
-45.9496
-45.8512
-45.7435
-45.6468
-45.5455
-45.4467
-45.3493
-45.2507
-45.1601
-45.0615
-44.9697
-44.8765
-44.7916
-44.6958
-44.5945
-44.5474
-44.4406
-44.3643
-44.2867
-44.2125
-44.1413
-44.0662
-44.0011
-43.9291
-43.8737
-43.8172
-43.7722
-43.7161
-43.6711
-43.6382
-43.6110
-47.0314
-46.9282
-46.8231
-46.7165
-46.6151
-46.5136
-46.4116
-46.3089
-46.2131
-46.1187
-46.0138
-45.9192
-45.8213
-45.7240
-45.6303
-45.5326
-45.4451
-45.3502
-45.2606
-45.1712
-45.0857
-44.9971
-44.9115
-44.8325
-44.7466
-44.6678
-44.5930
-44.5186
-44.4502
-44.3802
-44.3094
-44.2437
-44.1833
-44.1288
-44.0735
-44.0299
-43.9747
-43.9397
-43.9070
-43.9052
-47.1663
-47.0638
-46.9601
-46.8615
-46.7626
-46.6631
-46.5631
-46.4697
-46.3791
-46.2769
-46.1841
-46.0896
-45.9938
-45.9033
-45.8075
-45.7214
-45.6307
-45.5420
-45.4566
-45.3714
-45.2892
-45.2008
-45.1109
-45.0440
-44.9614
-44.8916
-44.8180
-44.7486
-44.6824
-44.6111
-44.5490
-44.4831
-44.4302
-44.3750
-44.3267
-44.2802
-44.2310
-44.2014
-44.1946
-44.1604
-47.2987
-47.1979
-47.1019
-47.0053
-46.9083
-46.7722
-46.7198
-46.6327
-46.5330
-46.4419
-46.3508
-46.2563
-46.1681
-46.0762
-45.9901
-45.9037
-45.8152
-45.7331
-45.6489
-45.5712
-45.4842
-45.4077
-45.3366
-45.2493
-45.1796
-45.1082
-45.0382
-44.9745
-44.9095
-44.8398
-44.7831
-44.7224
-44.6715
-44.6152
-44.5740
-44.5248
-44.4847
-44.4564
-44.4448
-44.4086
-47.4300
-47.3364
-47.2421
-47.1475
-47.0533
-46.9640
-46.8798
-46.7826
-46.6930
-46.6052
-46.5125
-46.4260
-46.3375
-46.2518
-46.1695
-46.0811
-46.0016
-45.9198
-45.8429
-45.7622
-45.6829
-45.6013
-45.5320
-45.4579
-45.3918
-45.3223
-45.2570
-45.1954
-45.1281
-45.0699
-45.0104
-44.9573
-44.9079
-44.8531
-44.8127
-44.7663
-44.7323
-44.7284
-44.6898
-44.6513
-47.5653
-47.4733
-47.3810
-47.2895
-47.2023
-47.1206
-47.0260
-46.9377
-46.8532
-46.7627
-46.6772
-46.5918
-46.5047
-46.4277
-46.3420
-46.2624
-46.1836
-46.1062
-46.0319
-45.9501
-45.8803
-45.8167
-45.7296
-45.6660
-45.5975
-45.5322
-45.4720
-45.4116
-45.3447
-45.2944
-45.2347
-45.1864
-45.1357
-45.0888
-45.0482
-45.0028
-45.0011
-44.9647
-44.9292
-44.8880
-47.6991
-47.6091
-47.5200
-47.3913
-47.3551
-47.2635
-47.1762
-47.0950
-47.0067
-46.9222
-46.8394
-46.7536
-46.6782
-46.5962
-46.5163
-46.4406
-46.3623
-46.2922
-46.2135
-46.1428
-46.0690
-45.9986
-45.9309
-45.8679
-45.8017
-45.7404
-45.6823
-45.6213
-45.5645
-45.5108
-45.4581
-45.4106
-45.3585
-45.3205
-45.2773
-45.2366
-45.2324
-45.1954
-45.1626
-45.1202
-47.8319
-47.7453
-47.6619
-47.5840
-47.4952
-47.4089
-47.3302
-47.2447
-47.1611
-47.0807
-46.9978
-46.9204
-46.8442
-46.7634
-46.6908
-46.6143
-46.5438
-46.4703
-46.3974
-46.3159
-46.2753
-46.1879
-46.1297
-46.0637
-46.0022
-45.9449
-45.8891
-45.8277
-45.7793
-45.7225
-45.6751
-45.6300
-45.5802
-45.5464
-45.5013
-45.4903
-45.4582
-45.4209
-45.3892
-45.3465
-47.9653
-47.8842
-47.8076
-47.7216
-47.6361
-47.5593
-47.4770
-47.3944
-47.3159
-47.2359
-47.1587
-47.0860
-47.0054
-46.9339
-46.8602
-46.7888
-46.7206
-46.6440
-46.5827
-46.5165
-46.4443
-46.3823
-46.3220
-46.2590
-46.2009
-46.1461
-46.0909
-46.0355
-45.9871
-45.9349
-45.8891
-45.8422
-45.8029
-45.7665
-45.7477
-45.7097
-45.6784
-45.6426
-45.6096
-45.5696
