-60.2025
-60.4284
-60.6495
-60.8638
-60.8046
-60.6274
-60.5227
-53.0203
-53.0987
-53.1762
-53.2527
-53.3295
-53.4016
-53.4730
-53.5477
-53.6211
-53.6926
-53.7620
-53.8309
-53.9005
-54.0236
-54.1018
-54.1791
-54.2529
-54.3251
-54.3962
-54.4682
-54.5411
-54.6171
-54.6936
-54.7691
-54.8404
-54.9147
-54.8575
-55.0547
-55.1167
-55.1863
-55.2564
-55.3277
-55.3979
-60.2410
-60.4762
-60.7058
-60.7543
-60.5829
-60.4215
-60.3712
-52.9424
-53.0211
-53.0990
-53.1774
-53.2509
-53.3229
-53.3985
-53.4732
-53.5461
-53.6167
-53.6863
-53.7567
-53.8262
-53.9572
-54.0357
-54.1108
-54.1874
-54.2595
-54.3317
-54.4056
-54.4826
-54.5602
-54.6367
-54.7090
-54.7806
-54.7186
-54.9143
-54.9853
-55.0559
-55.1273
-55.1993
-55.2703
-55.3386
-60.3040
-60.5424
-60.7070
-60.5127
-60.3254
-60.2343
-52.7835
-52.8633
-52.9428
-53.0229
-53.0978
-53.1711
-53.2470
-53.3231
-53.4004
-53.4723
-53.5425
-53.6139
-53.6841
-53.8136
-53.8933
-53.9698
-54.0442
-54.1174
-54.1901
-54.2647
-54.3427
-54.4213
-54.4989
-54.5642
-54.6367
-54.7083
-54.7802
-54.8521
-54.9237
-54.9963
-55.0693
-55.1409
-55.2097
-55.2772
-60.3752
-60.6182
-60.4579
-60.2705
-60.1120
-52.5980
-52.7062
-52.7869
-52.8660
-52.9450
-53.0198
-53.0961
-53.1735
-53.2493
-53.3225
-53.3934
-53.4657
-53.5369
-53.6097
-53.7455
-53.8234
-53.8989
-53.9731
-54.0469
-54.1217
-54.1931
-54.2728
-54.3513
-54.4254
-54.4988
-54.5713
-54.6443
-54.7171
-54.7898
-54.8625
-54.9364
-55.0087
-55.0779
-55.1459
-55.2154
-60.4838
-60.4327
-60.2159
-60.0208
-59.9671
-52.5434
-52.6254
-52.7061
-52.7869
-52.8630
-52.9396
-53.0185
-53.0959
-53.1703
-53.2422
-53.3153
-53.3876
-53.4613
-53.5954
-53.6747
-53.7514
-53.8268
-53.8942
-53.9691
-54.0490
-54.1300
-54.2095
-54.2846
-54.3590
-54.4314
-54.3863
-54.5792
-54.6529
-54.7284
-54.8030
-54.8761
-54.9456
-55.0194
-55.0899
-55.1617
-60.4074
-60.1597
-59.9302
-59.8184
-52.3508
-52.4613
-52.5435
-52.6260
-52.7037
-52.7806
-52.8610
-52.9398
-53.0154
-53.0885
-53.1624
-53.2360
-53.3106
-53.4430
-53.5238
-53.5945
-53.6709
-53.7467
-53.8219
-53.9029
-53.9840
-54.0646
-54.1408
-54.2162
-54.2906
-54.2489
-54.4404
-54.5153
-54.5921
-54.6678
-54.7466
-54.8170
-54.8864
-54.9575
-55.0307
-55.1031
-60.1264
-59.8843
-59.6908
-52.1803
-52.2942
-52.3782
-52.4600
-52.5417
-52.6193
-52.7008
-52.7811
-52.8579
-52.9324
-53.0072
-53.0820
-53.1575
-53.2259
-53.3635
-53.4415
-53.5191
-53.5960
-53.6722
-53.7536
-53.8369
-53.9187
-53.9959
-54.0724
-54.1478
-54.2241
-54.2999
-54.3811
-54.4591
-54.5360
-54.6100
-54.6812
-54.7514
-54.8236
-54.8977
-54.9712
-55.0471
-59.8294
-59.5855
-52.0068
-52.0970
-52.2099
-52.2935
-52.3768
-52.4559
-52.5378
-52.6194
-52.6976
-52.7735
-52.8427
-52.9178
-52.9941
-53.0707
-53.2069
-53.2872
-53.3660
-53.4441
-53.5215
-53.6030
-53.6877
-53.7708
-53.8492
-53.9266
-54.0031
-54.0854
-54.1621
-54.2400
-54.2047
-54.3968
-54.4714
-54.5434
-54.6146
-54.6878
-54.7628
-54.8380
-54.9151
-54.9921
-59.5296
-59.3661
-51.9219
-52.0384
-52.1236
-52.2065
-52.2895
-52.3719
-52.4516
-52.5275
-52.6049
-52.6815
-52.7589
-52.8362
-52.9142
-53.0489
-53.1305
-53.2106
-53.2900
-53.3685
-53.4504
-53.5363
-53.6204
-53.7005
-53.7832
-53.8609
-53.9397
-53.9062
-54.0969
-54.1771
-54.2560
-54.3308
-54.4039
-54.4757
-54.5501
-54.6261
-54.7030
-54.7813
-54.8591
-54.9335
-59.2270
-51.7435
-51.8330
-51.9479
-52.0326
-52.1173
-52.1964
-52.2804
-52.3620
-52.4409
-52.5186
-52.5974
-52.6759
-52.7553
-52.8327
-52.9714
-53.0528
-53.1332
-53.2130
-53.2954
-53.3868
-53.4723
-53.5531
-53.6330
-53.7120
-53.7919
-53.8709
-53.9517
-54.0330
-54.1128
-54.1882
-54.2621
-54.3331
-54.4086
-54.4857
-54.5642
-54.6438
-54.7225
-54.7995
-54.8801
-51.5591
-51.6532
-51.7722
-51.8553
-51.9417
-52.0247
-52.1105
-52.1939
-52.2744
-52.3531
-52.4334
-52.5126
-52.5935
-52.6727
-52.8095
-52.8923
-52.9743
-53.0592
-53.1430
-53.2307
-53.3174
-53.3995
-53.4805
-53.5608
-53.6419
-53.7222
-53.8027
-53.8852
-53.9657
-54.0418
-54.1165
-54.1903
-54.2671
-54.3453
-54.4256
-54.5063
-54.5859
-54.6636
-54.7450
-54.8203
-51.4669
-51.5623
-51.6787
-51.7647
-51.8502
-51.9373
-52.0225
-52.1047
-52.1850
-52.2664
-52.3466
-52.4291
-52.5098
-52.6490
-52.7333
-52.8165
-52.8989
-52.9839
-53.0721
-53.1586
-53.2418
-53.3240
-53.4057
-53.4880
-53.5696
-53.5475
-53.7369
-53.7116
-53.8949
-53.9706
-54.0460
-54.1236
-54.2033
-54.2852
-54.3687
-54.4491
-54.5275
-54.6046
-54.6863
-54.7630
-51.3777
-51.4984
-51.5863
-51.6733
-51.7610
-51.8479
-51.9320
-52.0140
-52.0965
-52.1781
-52.2656
-52.3481
-52.4259
-52.5662
-52.6507
-52.7345
-52.8208
-52.9095
-52.9989
-53.0834
-53.1668
-53.2499
-53.3334
-53.4164
-53.3982
-53.5865
-53.6682
-53.7477
-53.8242
-53.9014
-53.9797
-54.0612
-54.1445
-54.2271
-54.3083
-54.3876
-54.4639
-54.5469
-54.6253
-54.7041
-51.2868
-51.4043
-51.4932
-51.5814
-51.6701
-51.7562
-51.8422
-51.9262
-52.0094
-52.0945
-52.1786
-52.2580
-52.3980
-52.4839
-52.5689
-52.6565
-52.7466
-52.8366
-52.9224
-53.0071
-53.0932
-53.1780
-53.2625
-53.3492
-53.4353
-53.5172
-53.5963
-53.6739
-53.7529
-53.8321
-53.9152
-53.9981
-54.0817
-54.1637
-54.2438
-54.3230
-54.4073
-54.4874
-54.5672
-54.6451
-51.2177
-51.3064
-51.3973
-51.4915
-51.5798
-51.6655
-51.7508
-51.8356
-51.9219
-52.0076
-52.0888
-52.2268
-52.3142
-52.4021
-52.4911
-52.5827
-52.6732
-52.7604
-52.8463
-52.9324
-53.0184
-53.1046
-53.1928
-53.2796
-53.3622
-53.4425
-53.5214
-53.6002
-53.6805
-53.7652
-53.8512
-53.9359
-54.0187
-54.0997
-54.1801
-54.2659
-54.3477
-54.4283
-54.5066
-54.5849
-51.1233
-51.2151
-51.3079
-51.3981
-51.4857
-51.5723
-51.6589
-51.7475
-51.8350
-51.9180
-51.9982
-52.1430
-52.2309
-52.3213
-52.4144
-52.5054
-52.5940
-52.6813
-52.7689
-52.8563
-52.9443
-53.0337
-53.0234
-53.2028
-53.2843
-53.3646
-53.4469
-53.5285
-53.6149
-53.7020
-53.7876
-53.8713
-53.9535
-54.0353
-54.1230
-54.2058
-54.2869
-54.3658
-54.4451
-54.5238
-51.0275
-51.1222
-51.2144
-51.3039
-51.3919
-51.4801
-51.5687
-51.6578
-51.7428
-51.8245
-51.9673
-52.0567
-52.1485
-52.2432
-52.3350
-52.4247
-52.5134
-52.6027
-52.6914
-52.7792
-52.8698
-52.8629
-53.0427
-53.1255
-53.2080
-53.2913
-53.3748
-53.4623
-53.5505
-53.6371
-53.7216
-53.8051
-53.8883
-53.9773
-54.0611
-54.1426
-54.2235
-54.3039
-54.3841
-54.4635
-50.9309
-51.0252
-51.1167
-51.2063
-51.2963
-51.3861
-51.4771
-51.5641
-51.6473
-51.7882
-51.8792
-51.9724
-52.0689
-52.1621
-52.2524
-52.3404
-52.4314
-52.5215
-52.6133
-52.7052
-52.7949
-52.8801
-52.9642
-53.0486
-53.1331
-53.2186
-53.3072
-53.3966
-53.4843
-53.5697
-53.6538
-53.7388
-53.8299
-53.9148
-53.9971
-54.0791
-54.1606
-54.2424
-54.3224
-54.4015
-50.8323
-50.9259
-51.0172
-51.1091
-51.2001
-51.2931
-51.3822
-51.4670
-51.5499
-51.6984
-51.7932
-51.8894
-51.9841
-52.0749
-52.1665
-52.2592
-52.3509
-52.4445
-52.5377
-52.6281
-52.7147
-52.8002
-52.8865
-52.9725
-53.0599
-53.1496
-53.2395
-53.3280
-53.4148
-53.5009
-53.5881
-53.6802
-53.7657
-53.8494
-53.9326
-54.0155
-54.0976
-54.1787
-54.2591
-54.3403
-50.7315
-50.8249
-50.9184
-51.0107
-51.1056
-51.1968
-51.2833
-51.3657
-51.5123
-51.6086
-51.7087
-51.8050
-51.8964
-51.9895
-52.0840
-52.1773
-52.2727
-52.3674
-52.4586
-52.4567
-52.6334
-52.7217
-52.8092
-52.8982
-52.9887
-53.0804
-53.1698
-53.2574
-53.3451
-53.4344
-53.5277
-53.6137
-53.6990
-53.7832
-53.8679
-53.9512
-54.0334
-54.1157
-54.1986
-54.2840
-50.6283
-50.7234
-50.8151
-50.9122
-51.0059
-51.0941
-51.1803
-51.3247
-51.4227
-51.5247
-51.6227
-51.7154
-51.8091
-51.9055
-52.0007
-52.0979
-52.1940
-52.2855
-52.3750
-52.4628
-52.5530
-52.6424
-52.7337
-52.8251
-52.9181
-53.0086
-53.0980
-53.1878
-53.2788
-53.3684
-53.4601
-53.5466
-53.6325
-53.7183
-53.8026
-53.8860
-53.9703
-54.0548
-54.1415
-54.2253
-50.5228
-50.6183
-50.7171
-50.8133
-50.9034
-50.9912
-51.0769
-51.2333
-51.3365
-51.4362
-51.5304
-51.6250
-51.7232
-51.8203
-51.9193
-52.0162
-52.1093
-52.2002
-52.2907
-52.3824
-52.4739
-52.5669
-52.6593
-52.7533
-52.8451
-52.9362
-53.0284
-53.1207
-53.2109
-53.3040
-53.3918
-53.4796
-53.5661
-53.6517
-53.7371
-53.8232
-53.9091
-53.9969
-54.0816
-54.1654
-50.4169
-50.5173
-50.6161
-50.7080
-50.7977
-50.8852
-51.0394
-51.1453
-51.2467
-51.3425
-51.4380
-51.5381
-51.6365
-51.7372
-51.8361
-51.9305
-52.0230
-52.0315
-52.2089
-52.2171
-52.3973
-52.4910
-52.5857
-52.6790
-52.7717
-52.8662
-52.9599
-53.0508
-53.1455
-53.2347
-53.3242
-53.4117
-53.4985
-53.5861
-53.6743
-53.7616
-53.8499
-53.9358
-54.0208
-54.1055
-50.3141
-50.4156
-50.5096
-50.6011
-50.6904
-50.8423
-50.9504
-51.0532
-51.1503
-51.2470
-51.3488
-51.4501
-51.5524
-51.6527
-51.7484
-51.8426
-51.8556
-52.0323
-52.1284
-52.2246
-52.3197
-52.4150
-52.5100
-52.6051
-52.7015
-52.7963
-52.8884
-52.9844
-53.0754
-53.1660
-53.2551
-53.3438
-53.4338
-53.5232
-53.6136
-53.7007
-53.7879
-53.8742
-60.6514
-60.7187
-50.2105
-50.3070
-50.4005
-50.4917
-50.5840
-50.7505
-50.8552
-50.9549
-51.0539
-51.1564
-51.2600
-51.3640
-51.4656
-51.5630
-51.6589
-51.7560
-51.8524
-51.9510
-52.0490
-52.1453
-52.2417
-52.3383
-52.4361
-52.5339
-52.6294
-52.7232
-52.8205
-52.9137
-53.0052
-53.0960
-53.1873
-53.2790
-53.3698
-53.4607
-53.5492
-53.6377
-53.7258
-60.4979
-60.5669
-60.6368
-50.1003
-50.1952
-50.2882
-50.3821
-50.5471
-50.6538
-50.7556
-50.8569
-50.9603
-51.0661
-51.1719
-51.2748
-51.3739
-51.4719
-51.5712
-51.6698
-51.7705
-51.8700
-51.9675
-52.0651
-52.1635
-52.2640
-52.3634
-52.4598
-52.5552
-52.6542
-52.7488
-52.8424
-52.9354
-53.0288
-53.1218
-53.2133
-53.3054
-53.3955
-53.4854
-60.2730
-60.3427
-60.4133
-60.4848
-60.5630
-49.9861
-50.0810
-50.1766
-50.3395
-50.4483
-50.5522
-50.6560
-50.7602
-50.8683
-50.9759
-51.0803
-51.1815
-51.2819
-51.3830
-51.4076
-51.5864
-51.6099
-51.7866
-51.8855
-51.9865
-52.0889
-52.1894
-52.2873
-52.3843
-52.4857
-52.5821
-52.6771
-52.7723
-52.8678
-52.9620
-53.0542
-53.1477
-53.2393
-53.3311
-60.1141
-60.1856
-60.2368
-60.3099
-60.3895
-60.4640
-49.8692
-49.9668
-50.0693
-50.2384
-50.3446
-50.4508
-50.5570
-50.6667
-50.7761
-50.8820
-50.9852
-51.0881
-51.1912
-51.2207
-51.3988
-51.5019
-51.6023
-51.7025
-51.8066
-51.9106
-52.0120
-52.1117
-52.2107
-52.3146
-52.4124
-52.5093
-52.6070
-52.7038
-52.7989
-52.8926
-52.9875
-53.0768
-59.8606
-59.9329
-60.0061
-60.0802
-60.1552
-60.2364
-60.3126
-60.3894
-49.7523
-49.8572
-50.0242
-50.1327
-50.2416
-50.3499
-50.4607
-50.5720
-50.6797
-50.7850
-50.8905
-50.9956
-51.1018
-51.2076
-51.3123
-51.4149
-51.5161
-51.6233
-51.7290
-51.8315
-51.9336
-52.0354
-52.1405
-52.2398
-52.3392
-52.4387
-52.5331
-52.6291
-52.7243
-52.8205
-59.6236
-59.6964
-59.7707
-59.8458
-59.9218
-59.9986
-60.0814
-60.1595
-60.2380
-60.3169
-49.6405
-49.8052
-49.9163
-50.0277
-50.1384
-50.2504
-50.3637
-50.4732
-50.5807
-50.6889
-50.7962
-50.9049
-51.0124
-51.1190
-51.2235
-51.3272
-51.4364
-51.5436
-51.6486
-51.7526
-51.8566
-51.9555
-52.0607
-52.1626
-52.2637
-52.3630
-52.4609
-52.5574
-52.6557
-59.4553
-59.5302
-59.6064
-59.6835
-59.7614
-59.8402
-59.9195
-60.0046
-60.0849
-60.1656
-61.3898
-49.5231
-49.6950
-49.8093
-49.9224
-50.0356
-50.1507
-50.2624
-50.3724
-50.4832
-50.5930
-50.7040
-50.7450
-50.9219
-51.0284
-51.1353
-51.2464
-51.3519
-51.4589
-51.5651
-51.6709
-51.7750
-51.8828
-51.9868
-52.0895
-52.1901
-52.2896
-52.3878
-59.2122
-59.2880
-59.3650
-59.4433
-59.5225
-59.6024
-59.6831
-59.7643
-59.8513
-59.9334
-61.1391
-61.2954
-61.4037
-49.4687
-49.5859
-49.7018
-49.8172
-49.9330
-50.0471
-50.1605
-50.2737
-50.3864
-50.4994
-50.6111
-50.7184
-50.8269
-50.9377
-51.0506
-51.1607
-51.2698
-51.3785
-51.4859
-51.5919
-51.7026
-51.8083
-51.9122
-52.0147
-52.1160
-58.9501
-59.0372
-59.1152
-59.1944
-59.2747
-59.3561
-59.4381
-59.5207
-59.6039
-59.6927
-59.7767
-61.0390
-61.1984
-61.3103
-61.4631
-49.3579
-49.4766
-49.5943
-49.7108
-49.8275
-49.9435
-50.0563
-50.1720
-50.2869
-50.4010
-50.5136
-50.6261
-50.7395
-50.8528
-50.9652
-51.0764
-51.1875
-51.2967
-51.4056
-51.5183
-51.6258
-51.7313
-51.8356
-51.9388
-58.7809
-58.8599
-58.9402
-59.0217
-59.0959
-59.1877
-59.2718
-59.3565
-59.4417
-59.5322
-60.7748
-60.9413
-61.1039
-61.2192
-61.3747
-61.5270
-49.2458
-49.3633
-49.4807
-49.6000
-49.7191
-49.8372
-49.9557
-50.0728
-50.1901
-50.2421
-50.4212
-50.5367
-50.6511
-50.7658
-50.8798
-50.9927
-51.1039
-51.2159
-51.3305
-51.4394
-51.5471
-51.6532
-58.5092
-58.6000
-58.6803
-58.7630
-58.8468
-58.9315
-59.0171
-59.1034
-59.1901
-59.2774
-60.5018
-60.6764
-60.8465
-61.0122
-61.1309
-61.2891
-62.5844
-62.7730
-49.1296
-49.2488
-49.3700
-49.4923
-49.6132
-49.7347
-49.8554
-49.9751
-50.0316
-50.2119
-50.3296
-50.4453
-50.5623
-50.6790
-50.7939
-50.9081
-51.0224
-51.1390
-51.2498
-51.3594
-51.4678
-58.3223
-58.4156
-58.4981
-58.5834
-58.6696
-58.7566
-58.8444
-58.9329
-59.0218
-59.1111
-60.3969
-60.5815
-60.7551
-60.9239
-61.0459
-62.3559
-62.5535
-62.7447
-61.6329
-49.0122
-49.1352
-49.2606
-49.3851
-49.5098
-49.6335
-49.7556
-49.8766
-49.9983
-50.1178
-50.2354
-50.3553
-50.4742
-50.5912
-50.7089
-50.8253
-50.9436
-51.0568
-51.1684
-58.0498
-58.1342
-58.2299
-58.3150
-58.4028
-58.4915
-58.5809
-58.6710
-58.7618
-58.8528
-60.1163
-60.3043
-60.4929
-60.6698
-60.8418
-62.1600
-62.3350
-62.5354
-62.7289
-61.4917
-61.5108
-48.8947
-49.0237
-49.1519
-49.2795
-49.4063
-49.5309
-49.6556
-49.7797
-49.9012
-50.0212
-50.1436
-50.2647
-50.3850
-50.5052
-50.6237
-50.7443
-50.8601
-57.7692
-57.8546
-57.9418
-58.0403
-58.1292
-58.2183
-58.3094
-58.4013
-58.4862
-58.5868
-59.8230
-60.0226
-60.2148
-60.4070
-60.5872
-61.9242
-62.1453
-62.3224
-62.5250
-61.2772
-61.2938
-61.3134
-61.3359
-48.7813
-48.9132
-49.0438
-49.1737
-49.3009
-49.4295
-49.5001
-49.6799
-49.7443
-49.9272
-50.0507
-50.1745
-50.2971
-50.4178
-50.5409
-50.6591
-57.5708
-57.6566
-57.7468
-57.8480
-57.9397
-58.0312
-58.1249
-58.2194
-58.3143
-58.4095
-59.7307
-59.9351
-60.1314
-60.3270
-61.7099
-61.9205
-62.1446
-62.3231
-62.5276
-61.0741
-61.0912
-61.1118
-61.1631
-61.1944
-48.6686
-48.8027
-48.9355
-49.0667
-49.1981
-49.2734
-49.4537
-49.5783
-49.7060
-49.8327
-49.9594
-50.0843
-50.2080
-50.3334
-57.2761
-57.3663
-57.4557
-57.5490
-57.6530
-57.7475
-57.8416
-57.9380
-58.0350
-58.1323
-59.4270
-59.6465
-59.8554
-60.0555
-61.4720
-61.7203
-61.9344
-62.1619
-62.3798
-60.8799
-60.8940
-60.9117
-60.9326
-60.9567
-60.9888
-61.0186
-48.5557
-48.6914
-48.8268
-48.9610
-49.0930
-49.2224
-49.3500
-49.4796
-49.6102
-49.7395
-49.8673
-49.9937
-50.1185
-57.0653
-57.1589
-57.2545
-57.3483
-57.4551
-57.5526
-57.6508
-57.7485
-57.8480
-59.1089
-59.3475
-59.5723
-59.8090
-61.2604
-61.5281
-61.7666
-62.0080
-62.2375
-62.4174
-60.6656
-60.6800
-60.6983
-60.7201
-60.7452
-60.7779
-60.8091
-60.8432
