-45.1432
-45.2154
-45.2784
-45.3497
-45.4151
-45.4780
-45.5443
-45.6125
-45.6789
-45.7373
-45.8105
-45.8755
-45.9413
-46.0072
-46.0748
-46.1406
-46.2074
-46.2807
-46.3495
-46.4189
-46.4917
-46.5693
-46.6400
-46.7187
-46.7980
-46.8724
-46.9519
-47.0337
-47.1191
-47.1930
-47.2714
-47.3607
-47.4440
-47.5240
-47.6059
-47.6882
-47.7741
-47.8576
-47.9376
-48.0190
-45.3667
-45.4342
-45.4962
-45.5606
-45.6325
-45.6866
-45.7522
-45.8172
-45.8834
-45.9609
-46.0125
-46.0728
-46.1378
-46.1996
-46.2649
-46.3290
-46.3933
-46.4597
-46.5303
-46.5959
-46.6638
-46.7364
-46.8102
-46.8783
-46.9556
-47.0321
-47.1044
-47.1812
-47.2604
-47.3432
-47.4155
-47.4901
-47.5769
-47.6584
-47.7359
-47.8148
-47.8937
-47.9771
-48.0592
-48.1368
-45.5842
-45.6461
-45.7120
-45.7691
-45.8370
-45.8968
-45.9561
-46.0189
-46.0832
-46.1453
-46.2047
-46.2697
-46.3290
-46.3909
-46.4500
-46.5150
-46.5760
-46.6386
-46.7045
-46.7718
-46.8349
-46.9014
-46.9732
-47.0439
-47.1096
-47.1857
-47.2595
-47.3296
-47.4040
-47.4806
-47.5610
-47.6316
-47.7028
-47.7869
-47.8672
-47.9490
-48.0253
-48.1020
-48.1823
-48.2629
-45.7968
-45.8551
-45.9209
-45.9764
-46.0362
-46.1032
-46.1546
-46.2161
-46.2778
-46.3400
-46.4188
-46.4426
-46.5185
-46.5770
-46.6357
-46.6947
-46.7564
-46.8162
-46.8768
-46.9422
-47.0061
-47.0676
-47.1333
-47.2031
-47.2709
-47.3341
-47.4091
-47.4804
-47.5485
-47.6206
-47.7009
-47.7791
-47.8483
-47.9162
-47.9982
-48.0769
-48.1496
-48.2225
-48.2970
-48.3739
-46.0043
-46.0612
-46.1217
-46.1817
-46.2366
-46.2982
-46.3542
-46.4100
-46.4693
-46.5299
-46.5882
-46.6495
-46.7056
-46.7589
-46.8173
-46.8728
-46.9324
-46.9910
-47.0492
-47.1081
-47.1729
-47.2334
-47.2937
-47.3578
-47.4318
-47.4967
-47.5590
-47.6320
-47.7011
-47.7674
-47.8373
-47.9093
-47.9845
-48.0521
-48.1168
-48.1966
-48.2738
-48.3442
-48.4150
-48.4873
-46.2070
-46.2621
-46.3186
-46.3816
-46.4329
-46.4898
-46.5498
-46.5989
-46.6564
-46.7151
-46.7735
-46.8290
-46.8753
-46.9409
-46.9937
-47.0502
-47.1031
-47.1627
-47.2245
-47.2804
-47.3393
-47.4022
-47.4595
-47.5198
-47.5819
-47.6490
-47.7107
-47.7724
-47.8427
-47.9095
-47.9741
-48.0417
-48.1114
-48.1851
-48.2509
-48.3135
-48.3899
-48.4658
-48.5340
-48.6021
-46.4029
-46.4599
-46.5142
-46.5736
-46.6275
-46.6799
-46.7374
-46.7883
-46.8410
-46.8968
-46.9542
-47.0094
-47.0721
-47.1246
-47.1729
-47.2269
-47.2804
-47.3339
-47.3912
-47.4457
-47.5008
-47.5594
-47.6196
-47.6739
-47.7334
-47.7945
-47.8592
-47.9184
-47.9793
-48.0481
-48.1125
-48.1754
-48.2409
-48.3083
-48.3799
-48.4442
-48.5048
-48.5779
-48.6524
-48.7185
-46.5976
-46.6528
-46.7053
-46.7602
-46.8179
-46.8664
-46.9202
-46.9789
-47.0247
-47.0788
-47.1347
-47.1899
-47.2422
-47.2902
-47.3480
-47.3953
-47.4492
-47.4995
-47.5532
-47.6078
-47.6603
-47.7145
-47.7727
-47.8299
-47.8826
-47.9413
-48.0011
-48.0639
-48.1206
-48.1808
-48.2477
-48.3100
-48.3712
-48.4345
-48.4998
-48.5693
-48.6322
-48.6909
-48.7606
-48.8331
-46.7908
-46.8466
-46.8958
-46.9481
-47.0056
-47.0544
-47.1046
-47.1589
-47.2058
-47.2548
-47.3076
-47.3621
-47.4142
-47.4784
-47.4974
-47.5645
-47.6127
-47.6642
-47.7118
-47.7666
-47.8196
-47.8700
-47.9227
-47.9805
-48.0345
-48.0873
-48.1432
-48.2020
-48.2626
-48.3173
-48.3767
-48.4417
-48.5020
-48.5614
-48.6227
-48.6859
-48.7534
-48.8149
-48.8718
-48.9383
-46.9858
-47.0322
-47.0807
-47.1301
-47.1835
-47.2357
-47.2823
-47.3332
-47.3843
-47.4270
-47.4769
-47.5300
-47.5821
-47.6313
-47.6807
-47.7310
-47.7752
-47.8246
-47.8729
-47.9203
-47.9745
-48.0242
-48.0739
-48.1262
-48.1824
-48.2335
-48.2856
-48.3394
-48.3972
-48.4554
-48.5085
-48.5672
-48.6303
-48.6886
-48.7464
-48.8057
-48.8582
-48.9234
-48.9832
-49.0382
-47.2044
-47.2137
-47.2632
-47.3078
-47.3577
-47.4121
-47.4570
-47.5047
-47.5560
-47.6001
-47.6450
-47.6945
-47.7463
-47.7953
-47.8615
-47.8777
-47.9376
-47.9817
-48.0306
-48.0756
-48.1241
-48.1766
-48.2230
-48.2722
-48.3242
-48.3787
-48.4281
-48.4783
-48.5302
-48.5870
-48.6429
-48.6869
-48.7443
-48.8056
-48.8617
-48.9176
-48.9747
-49.0336
-49.0970
-49.1554
-47.3818
-47.3933
-47.4413
-47.4847
-47.5303
-47.5820
-47.6297
-47.6744
-47.7225
-47.7698
-47.8107
-47.8563
-47.9067
-47.9557
-48.0020
-48.0532
-48.0960
-48.1384
-48.1836
-48.2298
-48.2713
-48.3223
-48.3716
-48.4166
-48.4651
-48.5168
-48.5679
-48.6089
-48.6582
-48.7083
-48.7638
-48.8171
-48.8670
-48.9240
-48.9835
-49.0375
-49.0918
-49.1470
-49.2040
-49.2655
-47.5522
-47.6011
-47.6146
-47.6591
-47.7011
-47.7477
-47.7984
-47.8408
-47.8859
-47.9345
-47.9759
-48.0184
-48.0634
-48.1124
-48.1584
-48.2269
-48.2404
-48.2931
-48.3337
-48.3799
-48.4231
-48.4649
-48.5099
-48.5544
-48.5987
-48.6455
-48.6963
-48.7458
-48.7915
-48.8399
-48.8890
-48.9429
-48.9938
-49.0421
-49.0986
-49.1561
-49.2104
-49.2632
-49.3165
-49.3717
-47.7192
-47.7705
-47.7841
-47.8295
-47.8695
-47.9114
-47.9615
-48.0053
-48.0481
-48.0935
-48.1376
-48.1767
-48.2194
-48.2654
-48.3112
-48.3553
-48.4086
-48.4163
-48.4784
-48.5194
-48.5645
-48.6031
-48.6472
-48.6963
-48.7381
-48.7821
-48.8279
-48.8769
-48.9243
-48.9690
-49.0163
-49.0648
-49.1186
-49.1673
-49.2143
-49.2701
-49.3257
-49.3767
-49.4278
-49.4794
-47.8823
-47.9364
-47.9787
-47.9959
-48.0359
-48.0761
-48.1199
-48.1663
-48.2067
-48.2490
-48.2951
-48.3342
-48.3688
-48.4105
-48.4548
-48.4986
-48.5414
-48.5804
-48.6257
-48.6643
-48.7064
-48.7484
-48.7849
-48.8306
-48.8764
-48.9165
-48.9603
-49.0068
-49.0557
-49.0997
-49.1437
-49.1892
-49.2371
-49.2879
-49.3344
-49.3801
-49.4351
-49.4889
-49.5384
-49.5879
-48.0414
-48.0957
-48.1408
-48.1862
-48.1986
-48.2371
-48.2764
-48.3179
-48.3582
-48.3988
-48.4416
-48.4828
-48.5199
-48.5599
-48.6018
-48.6442
-48.6861
-48.7415
-48.7528
-48.8078
-48.8454
-48.8881
-48.9269
-48.9648
-49.0118
-49.0528
-49.0921
-49.1347
-49.1792
-49.2266
-49.2688
-49.3121
-49.3560
-49.4032
-49.4525
-49.4970
-49.5422
-49.5956
-49.6473
-49.6953
-48.1968
-48.2515
-48.2946
-48.3361
-48.3527
-48.3899
-48.4280
-48.4698
-48.5117
-48.5503
-48.5901
-48.6333
-48.6700
-48.7077
-48.7461
-48.7871
-48.8281
-48.8688
-48.9111
-48.9493
-48.9862
-49.0245
-49.0659
-49.1003
-49.1398
-49.1851
-49.2230
-49.2619
-49.3029
-49.3468
-49.3922
-49.4335
-49.4757
-49.5178
-49.5646
-49.6122
-49.6550
-49.6996
-49.7513
-49.8012
-48.3443
-48.3991
-48.4492
-48.4885
-48.5333
-48.5453
-48.5820
-48.6200
-48.6617
-48.6992
-48.7377
-48.7783
-48.8170
-48.8531
-48.8899
-48.9292
-48.9684
-49.0079
-49.0657
-49.0752
-49.1231
-49.1585
-49.1979
-49.2348
-49.2688
-49.3119
-49.3521
-49.3882
-49.4270
-49.4665
-49.5117
-49.5532
-49.5935
-49.6345
-49.6750
-49.7213
-49.7668
-49.8085
-49.8524
-49.9025
-48.4931
-48.5479
-48.5985
-48.6399
-48.6812
-48.7235
-48.7326
-48.7679
-48.8086
-48.8467
-48.8835
-48.9211
-48.9616
-48.9964
-49.0311
-49.0672
-49.1058
-49.1437
-49.1822
-49.2260
-49.2347
-49.2922
-49.3272
-49.3665
-49.4002
-49.4340
-49.4772
-49.5139
-49.5488
-49.5872
-49.6261
-49.6700
-49.7097
-49.7490
-49.7887
-49.8284
-49.8735
-49.9172
-49.9574
-50.0007
-48.6420
-48.6933
-48.7439
-48.7880
-48.8266
-48.8690
-48.8812
-48.9161
-48.9532
-48.9910
-49.0256
-49.0618
-49.1004
-49.1367
-49.1691
-49.2041
-49.2409
-49.2778
-49.3142
-49.3739
-49.3819
-49.4229
-49.4565
-49.4923
-49.5286
-49.5607
-49.5962
-49.6373
-49.6711
-49.7058
-49.7426
-49.7835
-49.8238
-49.8620
-49.9000
-49.9383
-49.9774
-50.0211
-50.0631
-50.1021
-48.7894
-48.8363
-48.8870
-48.9335
-48.9691
-49.0107
-49.0510
-49.0603
-49.0939
-49.1325
-49.1658
-49.2007
-49.2363
-49.2742
-49.3062
-49.3389
-49.3729
-49.4092
-49.4450
-49.4803
-49.5263
-49.5335
-49.5840
-49.6163
-49.6530
-49.6861
-49.7165
-49.7555
-49.7917
-49.8240
-49.8581
-49.8933
-49.9342
-49.9728
-50.0097
-50.0468
-50.0835
-50.1222
-50.1649
-50.2050
-48.9332
-48.9758
-49.0264
-49.0737
-49.1108
-49.1493
-49.1890
-49.2280
-49.2340
-49.2703
-49.3048
-49.3365
-49.3704
-49.4070
-49.4405
-49.4707
-49.5038
-49.5383
-49.5729
-49.6075
-49.6421
-49.6746
-49.7090
-49.7406
-49.7730
-49.8074
-49.8388
-49.8687
-49.9075
-49.9410
-49.9724
-50.0061
-50.0424
-50.0806
-50.1176
-50.1536
-50.1894
-50.2247
-50.2629
-50.3043
-49.0740
-49.1130
-49.1628
-49.2099
-49.2495
-49.2849
-49.3244
-49.3629
-49.3721
-49.4050
-49.4407
-49.4715
-49.5032
-49.5369
-49.5720
-49.6017
-49.6326
-49.6645
-49.6986
-49.7323
-49.7655
-49.8127
-49.8184
-49.8621
-49.8927
-49.9259
-49.9585
-49.9871
-50.0204
-50.0551
-50.0865
-50.1170
-50.1499
-50.1863
-50.2229
-50.2581
-50.2930
-50.3276
-50.3613
-50.3994
-49.2115
-49.2510
-49.2964
-49.3433
-49.3851
-49.4184
-49.4571
-49.4949
-49.5317
-49.5372
-49.5727
-49.6043
-49.6337
-49.6647
-49.6990
-49.7301
-49.7585
-49.7897
-49.8219
-49.8543
-49.8871
-49.9194
-49.9536
-49.9818
-50.0112
-50.0406
-50.0729
-50.1041
-50.1308
-50.1654
-50.1983
-50.2278
-50.2578
-50.2890
-50.3256
-50.3607
-50.3945
-50.4283
-50.4615
-50.4937
-49.3451
-49.3861
-49.4274
-49.4739
-49.5169
-49.5512
-49.5869
-49.6240
-49.6606
-49.6950
-49.7016
-49.7344
-49.7631
-49.7918
-49.8232
-49.8556
-49.8836
-49.9126
-49.9426
-49.9746
-50.0062
-50.0375
-50.0861
-50.0905
-50.1273
-50.1563
-50.1863
-50.2171
-50.2447
-50.2708
-50.3059
-50.3364
-50.3649
-50.3942
-50.4272
-50.4607
-50.4942
-50.5268
-50.5595
-50.5912
-49.5385
-49.5183
-49.5558
-49.6019
-49.6446
-49.6811
-49.7140
-49.7506
-49.7870
-49.8213
-49.8278
-49.8609
-49.8901
-49.9177
-49.9449
-49.9773
-50.0064
-50.0329
-50.0624
-50.0927
-50.1229
-50.1539
-50.1843
-50.2202
-50.2232
-50.2694
-50.2970
-50.3257
-50.3562
-50.3810
-50.4111
-50.4420
-50.4705
-50.4980
-50.5265
-50.5586
-50.5916
-50.6235
-50.6551
-50.6865
-49.6762
-49.6478
-49.6835
-49.7275
-49.7699
-49.8082
-49.8392
-49.8749
-49.9103
-49.9448
-49.9765
-49.9845
-50.0144
-50.0414
-50.0675
-50.0962
-50.1265
-50.1527
-50.1799
-50.2081
-50.2380
-50.2676
-50.2972
-50.3470
-50.3498
-50.3806
-50.4073
-50.4342
-50.4626
-50.4895
-50.5136
-50.5445
-50.5738
-50.6005
-50.6271
-50.6579
-50.6868
-50.7184
-50.7488
-50.7794
-49.8083
-49.8389
-49.8103
-49.8503
-49.8926
-49.9320
-49.9636
-49.9967
-50.0311
-50.0655
-50.0975
-50.1300
-50.1361
-50.1630
-50.1885
-50.2126
-50.2430
-50.2701
-50.2948
-50.3225
-50.3507
-50.3788
-50.4080
-50.4365
-50.4742
-50.4756
-50.5150
-50.5411
-50.5663
-50.5946
-50.6189
-50.6449
-50.6737
-50.7010
-50.7266
-50.7524
-50.7825
-50.8092
-50.8391
-50.8683
-49.9375
-49.9680
-49.9346
-49.9709
-50.0129
-50.0521
-50.0853
-50.1161
-50.1498
-50.1838
-50.2160
-50.2454
-50.2544
-50.2819
-50.3069
-50.3302
-50.3565
-50.3848
-50.4091
-50.4347
-50.4610
-50.4889
-50.5165
-50.5443
-50.5720
-50.5975
-50.6217
-50.6460
-50.6708
-50.6957
-50.7220
-50.7446
-50.7715
-50.7987
-50.8226
-50.8471
-50.8753
-50.9013
-50.9293
-50.9577
-50.0653
-50.0945
-50.1202
-50.0891
-50.1309
-50.1699
-50.2048
-50.2335
-50.2665
-50.2994
-50.3315
-50.3612
-50.3928
-50.3982
-50.4232
-50.4458
-50.4687
-50.4963
-50.5214
-50.5443
-50.5703
-50.5966
-50.6227
-50.6500
-50.6767
-50.7159
-50.7166
-50.7488
-50.7731
-50.7945
-50.8209
-50.8431
-50.8648
-50.8922
-50.9179
-50.9418
-50.9653
-50.9934
-51.0180
-51.0454
-50.1908
-50.2186
-50.2459
-50.2116
-50.2464
-50.2853
-50.3215
-50.3503
-50.3807
-50.4125
-50.4446
-50.4744
-50.5033
-50.5351
-50.5369
-50.5590
-50.5805
-50.6051
-50.6311
-50.6535
-50.6773
-50.7019
-50.7278
-50.7534
-50.7795
-50.8053
-50.8330
-50.8320
-50.8714
-50.8942
-50.9156
-50.9404
-50.9621
-50.9857
-51.0106
-51.0347
-51.0573
-51.0833
-51.1074
-51.1315
-50.3138
-50.3401
-50.3679
-50.3875
-50.3596
-50.3982
-50.4343
-50.4646
-50.4926
-50.5237
-50.5553
-50.5851
-50.6124
-50.6432
-50.6480
-50.6700
-50.6910
-50.7127
-50.7376
-50.7608
-50.7819
-50.8062
-50.8306
-50.8548
-50.8803
-50.9036
-50.9441
-50.9441
-50.9706
-50.9917
-51.0101
-51.0343
-51.0572
-51.0775
-51.1013
-51.1250
-51.1473
-51.1689
-51.1947
-51.2176
-50.4349
-50.4592
-50.4867
-50.5080
-50.4745
-50.5090
-50.5448
-50.5766
-50.6030
-50.6331
-50.6635
-50.6934
-50.7206
-50.7489
-50.7783
-50.7788
-50.7992
-50.8190
-50.8424
-50.8655
-50.8861
-50.9083
-50.9297
-50.9537
-50.9772
-51.0016
-51.0255
-51.0550
-51.0531
-51.0873
-51.1078
-51.1259
-51.1489
-51.1698
-51.1924
-51.2132
-51.2354
-51.2562
-51.2767
-51.3024
-50.5551
-50.5764
-50.6032
-50.6260
-50.6419
-50.6215
-50.6531
-50.6863
-50.7126
-50.7404
-50.7693
-50.7992
-50.8266
-50.8521
-50.8818
-50.9080
-50.9050
-50.9246
-50.9451
-50.9666
-50.9872
-51.0065
-51.0292
-51.0517
-51.0741
-51.0975
-51.1206
-51.1621
-51.1616
-51.1828
-51.2008
-51.2170
-51.2381
-51.2597
-51.2788
-51.2999
-51.3211
-51.3418
-51.3614
-51.3853
-50.6730
-50.6921
-50.7173
-50.7417
-50.7573
-50.7281
-50.7591
-50.7921
-50.8198
-50.8455
-50.8736
-50.9026
-50.9302
-50.9552
-50.9827
-51.0093
-51.0077
-51.0264
-51.0447
-51.0668
-51.0874
-51.1060
-51.1264
-51.1476
-51.1697
-51.1912
-51.2140
-51.2361
-51.2668
-51.2644
-51.2924
-51.3104
-51.3253
-51.3465
-51.3663
-51.3842
-51.4049
-51.4271
-51.4462
-51.4647
-50.7892
-50.8073
-50.8292
-50.8538
-50.8704
-50.8886
-50.8675
-50.8958
-50.9247
-50.9490
-50.9764
-51.0039
-51.0303
-51.0552
-51.0800
-51.1068
-51.1307
-51.1274
-51.1454
-51.1648
-51.1860
-51.2038
-51.2215
-51.2424
-51.2631
-51.2837
-51.3052
-51.3266
-51.3689
-51.3679
-51.3634
-51.3992
-51.4131
-51.4312
-51.4528
-51.4709
-51.4911
-51.5082
-51.5269
-51.5446
-50.9033
-50.9201
-50.9389
-50.9632
-50.9813
-50.9961
-50.9695
-51.0020
-51.0275
-51.0504
-51.0757
-51.1019
-51.1291
-51.1543
-51.1771
-51.2032
-51.2275
-51.2491
-51.2439
-51.2607
-51.2815
-51.3002
-51.3163
-51.3350
-51.3546
-51.3748
-51.3942
-51.4153
-51.4356
-51.4675
-51.4643
-51.4887
-51.5045
-51.5167
-51.5349
-51.5533
-51.5699
-51.5884
-51.6060
-51.6232
-51.0153
-51.0307
-51.0479
-51.0704
-51.0899
-51.1035
-51.1231
-51.1005
-51.1255
-51.1508
-51.1742
-51.1997
-51.2261
-51.2512
-51.2740
-51.2976
-51.3217
-51.3437
-51.3403
-51.3567
-51.3749
-51.3943
-51.4099
-51.4255
-51.4447
-51.4637
-51.4825
-51.5019
-51.5234
-51.5428
-51.5647
-51.5585
-51.5885
-51.6005
-51.6152
-51.6332
-51.6500
-51.6692
-51.6831
-51.6999
-51.1252
-51.1391
-51.1560
-51.1743
-51.1952
-51.2084
-51.2261
-51.1982
-51.2279
-51.2490
-51.2712
-51.2960
-51.3210
-51.3460
-51.3687
-51.3899
-51.4138
-51.4360
-51.4558
-51.4506
-51.4663
-51.4853
-51.5021
-51.5157
-51.5328
-51.5507
-51.5708
-51.5880
-51.6074
-51.6259
-51.6587
-51.6543
-51.6722
-51.6858
-51.6962
-51.7112
-51.7278
-51.7431
-51.7607
-51.7747
-51.2319
-51.2446
-51.2607
-51.2782
-51.2983
-51.3125
-51.3270
-51.3474
-51.3233
-51.3450
-51.3672
-51.3902
-51.4138
-51.4387
-51.4613
-51.4816
-51.5037
-51.5259
-51.5459
-51.5641
-51.5572
-51.5743
-51.5919
-51.6073
-51.6203
-51.6378
-51.6550
-51.6721
-51.6896
-51.7077
-51.7252
-51.7474
-51.7412
-51.7660
-51.7758
-51.7882
-51.8034
-51.8186
-51.8370
-51.8485
