-61.3895 -61.3230 -61.2654 -61.1984 -61.1306 -61.0616 -60.9917 -60.9210 -60.8482 -60.7671 -60.6752 -60.5997 -60.5265 -60.4472 -60.3769 -60.2994 -60.2243 -60.1488 -60.0727 -59.9964 -59.9243 -59.8506 -59.7709 -59.6938 -59.6120 -59.5335 -59.4541 -59.3730 -59.2924 -59.2001 -59.1174 -59.0343 -58.9501 -58.8652 -58.7796 -58.6933 -58.6062 -58.5089 -58.4265 -58.3381
-61.3730 -61.3063 -61.2475 -61.1802 -61.1122 -61.0427 -60.9722 -60.8998 -60.8205 -60.7449 -60.6572 -60.5812 -60.5086 -60.4300 -60.3594 -60.2815 -60.2065 -60.1310 -60.0335 -59.9789 -59.9064 -59.8323 -59.7525 -59.6754 -59.5936 -59.5149 -59.4356 -59.3544 -59.2737 -59.1816 -59.0991 -59.0157 -58.9315 -58.8465 -58.7608 -58.6743 -58.5871 -58.4899 -58.4070 -58.3185
0.0000 0.0000 0.0000 0.0000 0.0000 -61.0238 -60.9519 -60.8736 -60.8010 -60.7139 -60.6393 -60.5631 -60.4831 -60.4130 -60.3387 -60.2643 -60.1890 -60.1133 -60.0154 -59.9614 -59.8884 -59.8140 -59.7341 -59.6568 -59.5750 -59.4963 -59.4171 -59.3359 -59.2552 -59.1632 -59.0804 -58.9971 -58.9131 -58.8283 -58.7427 -58.6563 -58.5692 -58.4770 -58.3895 -58.3009
0.0000 0.0000 0.0000 0.0000 0.0000 -61.0043 -60.9268 -60.8554 -60.7817 -60.6957 -60.6206 -60.5365 -60.4659 -60.3956 -60.3210 -60.2463 -60.1710 -60.0952 -59.9977 -59.9436 -59.8707 -59.7936 -59.7169 -59.6398 -59.5584 -59.4800 -59.4008 -59.3199 -59.2395 -59.1477 -59.0649 -58.9814 -58.8973 -58.8123 -58.7265 -58.6400 -58.5527 -58.4700 -58.3725 -58.2837
0.0000 0.0000 0.0000 0.0000 0.0000 -60.9799 -60.9094 -60.8370 -60.7630 -60.6778 -60.5948 -60.4989 -60.4503 -60.3801 -60.3054 -60.2311 -60.1561 -60.0808 -59.9840 -59.9300 -59.8568 -59.7790 -59.7025 -59.6252 -59.5439 -59.4652 -59.3858 -59.3049 -59.2242 -59.1323 -59.0493 -58.9657 -58.8812 -58.7956 -58.7094 -58.6224 -58.5347 -58.4514 -58.3535 -58.2642
0.0000 0.0000 0.0000 0.0000 0.0000 -60.9655 -60.8945 -60.8222 -60.7375 -60.6554 -60.5816 -60.4875 -60.4380 -60.3677 -60.2928 -60.2182 -60.1432 -60.0677 -59.9709 -59.9166 -59.8430 -59.7649 -59.6880 -59.6105 -59.5287 -59.4493 -59.3694 -59.2881 -59.2067 -59.1145 -59.0310 -58.9469 -58.8620 -58.7763 -58.6899 -58.6028 -58.5148 -58.4312 -58.3331 -58.2437
0.0000 0.0000 0.0000 0.0000 0.0000 -60.9519 -60.8806 -60.8079 -60.7156 -60.6425 -60.5689 -60.4955 -60.4257 -60.3551 -60.2795 -60.2046 -60.1292 -60.0532 -59.9562 -59.9014 -59.8271 -59.7481 -59.6709 -59.5928 -59.5107 -59.4312 -59.3510 -59.2692 -59.1876 -59.0953 -59.0116 -58.9273 -58.8422 -58.7563 -58.6703 -58.5835 -58.4958 -58.4125 -58.3149 -58.2258
0.0000 0.0000 0.0000 0.0000 0.0000 -60.9382 -60.8661 -60.7844 -60.7012 -60.6279 -60.5534 -60.4809 -60.4105 -60.3377 -60.2632 -60.1882 -60.1126 -60.0364 -59.9397 -59.8846 -59.8098 -59.7308 -59.6532 -59.5748 -59.4927 -59.4131 -59.3329 -59.2515 -59.1701 -59.0781 -58.9947 -58.9105 -58.8256 -58.7400 -58.6537 -58.5667 -58.4789 -58.3954 -58.2977 -58.2084
0.0000 0.0000 0.0000 0.0000 0.0000 -60.9212 -60.8404 -60.7576 -60.6850 -60.6115 -60.5373 -60.4652 -60.3944 -60.3212 -60.2466 -60.1714 -60.0956 -60.0194 -59.9231 -59.8681 -59.7911 -59.7148 -59.6373 -59.5594 -59.4778 -59.3983 -59.3180 -59.2364 -59.1549 -59.0629 -58.9793 -58.8951 -58.8101 -58.7242 -58.6376 -58.5508 -58.4633 -58.3800 -58.2827 -58.1938
0.0000 0.0000 0.0000 0.0000 0.0000 -60.9042 -60.8237 -60.7412 -60.6683 -60.5950 -60.5211 -60.4497 -60.3790 -60.3059 -60.2317 -60.1568 -60.0815 -60.0056 -59.9096 -59.8543 -59.7771 -59.7005 -59.6229 -59.5448 -59.4631 -59.3833 -59.3029 -59.2213 -59.1310 -59.0485 -58.9654 -58.8817 -58.7972 -58.7118 -58.6258 -58.5390 -58.4515 -58.3680 -58.2706 -58.1815
0.0000 0.0000 0.0000 0.0000 0.0000 -60.8801 -60.8087 -60.7268 -60.6546 -60.5815 -60.5078 -68.3385 -68.4779 -68.7129 -69.1398 -69.9823 -71.8950 -73.8397 0.0000 0.0000 0.0000 -59.6862 -59.6091 -59.5314 -59.4500 -59.3707 -59.2908 -59.2096 -59.1197 -59.0371 -58.9540 -58.8701 -58.7854 -58.7000 -58.6138 -58.5269 -58.4387 -58.3545 -58.2564 -58.1664
-70.1474 -70.0788 -61.1063 -61.0376 -68.8820 -68.8726 -68.8205 -68.8533 -68.9105 -69.0011 -68.9923 -69.3615 -69.6905 -70.0029 -70.1671 -70.3854 -70.8157 -71.8404 -74.4691 0.0000 0.0000 -59.6752 -59.5981 -59.5201 -59.4387 -59.3593 -59.2792 -59.1979 -59.1080 -59.0254 -58.9416 -58.8571 -58.7717 -58.6856 -58.5988 -58.5111 -58.4227 -58.3382 -58.2400 -58.1499
-69.4802 -69.4762 -69.4743 -69.3725 -69.3543 -69.3985 -69.3918 -69.3610 -69.2930 -69.2221 -68.9979 -69.0833 -69.0227 -68.9464 -68.8712 -68.8085 -60.0588 -59.9669 -59.9325 -59.8584 -59.7625 -59.6641 -59.5866 -59.5084 -59.4266 -59.3466 -59.2659 -59.1841 -59.0938 -59.0105 -58.9265 -58.8419 -58.7564 -58.6702 -58.5831 -58.4953 -58.4068 -58.3237 -58.2270 -58.1383
-69.7155 -69.6097 -69.4745 -69.2607 -69.1436 -69.0169 -68.8194 -68.6739 -68.5144 -60.5446 -60.4723 -60.4021 -60.3306 -60.2571 -60.1848 -60.1212 -60.0484 -69.6182 -72.1863 0.0000 0.0000 -59.6510 -59.5729 -59.4942 -59.4123 -59.3322 -59.2514 -59.1695 -59.0791 -58.9957 -58.9116 -58.8275 -58.7431 -58.6581 -58.5725 -58.4861 -58.3989 -58.3157 -58.2190 -58.1303
0.0000 -69.1676 -68.9874 -60.9709 -60.9009 -60.8209 -68.7724 -73.9708 -77.2862 0.0000 0.0000 0.0000 -68.8286 -69.0528 -69.4496 -69.9494 -70.7185 -70.8180 -72.2398 0.0000 0.0000 -59.6371 -59.5590 -59.4801 -59.3982 -59.3179 -59.2381 -59.1572 -59.0681 -58.9858 -58.9030 -58.8195 -58.7352 -58.6502 -58.5645 -58.4780 -58.3908 -58.3072 -58.2098 -58.1202
0.0000 -69.2491 -70.7025 -70.7162 -70.7556 -70.7366 -70.8630 -74.3763 -77.9209 0.0000 0.0000 0.0000 -69.1467 -69.1437 -69.0824 -69.0191 -68.9533 -59.9290 -59.8857 -59.8136 -59.7059 -59.6251 -59.5478 -59.4699 -59.3890 -59.3098 -59.2299 -59.1492 -59.0602 -58.9780 -58.8951 -58.8115 -58.7269 -58.6412 -58.5547 -58.4675 -58.3795 -58.2953 -58.1979 -58.1082
-70.1475 -70.0717 -69.9580 -69.8838 -69.8087 -69.6585 -69.5993 -69.6279 -69.6936 -69.7073 -69.6300 -60.3889 -60.3045 -60.2320 -60.1588 -60.0858 -60.0119 -59.9194 -59.8711 -59.7859 -59.6978 -59.6170 -59.5397 -59.4617 -59.3809 -59.3018 -59.2219 -59.1420 -59.0513 -58.9684 -58.8849 -58.8006 -58.7155 -58.6297 -58.5431 -58.4558 -58.3680 -58.2834 -58.1869 -58.0991
-69.5345 -69.3681 -69.2248 -69.0629 -68.8211 -60.7876 -60.7284 -60.6591 -60.6039 -60.5397 -60.4505 -60.3749 -60.2961 -60.2241 -60.1515 -60.0780 -60.0026 -59.9297 -59.8480 -59.7762 -59.6895 -59.6089 -59.5315 -59.4530 -59.3716 -59.2918 -59.2124 -59.1310 -59.0403 -58.9574 -58.8737 -58.7893 -58.7041 -58.6184 -58.5336 -58.4481 -58.3623 -58.2794 -58.1838 -58.0959
-75.8125 0.0000 0.0000 -69.2031 -70.5181 -72.6397 0.0000 0.0000 -60.5939 -60.5241 -72.3211 -76.5385 0.0000 -60.2168 -60.1437 -60.0687 0.0000 0.0000 -59.8384 -59.7632 -59.6798 -59.5987 -59.5208 -59.4423 -59.3608 -59.2820 -59.2014 -59.1199 -59.0293 -58.9475 -58.8655 -58.7829 -58.6995 -58.6154 -58.5306 -58.4451 -58.3633 -58.2762 -58.1807 -58.0919
-79.0621 0.0000 0.0000 -71.5191 -72.7325 -76.4503 0.0000 0.0000 -71.2584 -72.4286 -74.5627 -76.9592 0.0000 -69.8105 -71.8400 -74.2467 0.0000 0.0000 -59.8274 -59.7473 -59.6693 -59.5882 -59.5102 -59.4315 -59.3517 -59.2734 -59.1945 -59.1147 -59.0259 -58.9446 -58.8626 -58.7799 -58.6965 -58.6124 -58.5275 -58.4409 -58.3580 -58.2699 -58.1734 -58.0845
-78.1858 0.0000 0.0000 -72.8268 -74.8522 -77.3749 0.0000 0.0000 -72.4637 -73.8840 -75.1772 -77.0760 0.0000 -71.9404 -73.9107 -74.7914 0.0000 0.0000 -59.8166 -59.7365 -59.6603 -59.5809 -59.5045 -59.4286 -59.3489 -59.2705 -59.1916 -59.1037 -59.0230 -58.9417 -58.8593 -58.7756 -58.6911 -58.6061 -58.5203 -58.4338 -58.3509 -58.2627 -58.1663 -58.0773
-76.0057 -78.3086 -81.7214 0.0000 0.0000 0.0000 -72.2353 -72.3078 -72.4992 -73.0263 -73.8583 -75.1187 -77.7310 0.0000 0.0000 0.0000 0.0000 0.0000 -59.8189 -59.7335 -59.6574 -59.5807 -59.5028 -59.4257 -59.3460 -59.2676 -59.1880 -59.0993 -59.0176 -58.9353 -58.8524 -58.7687 -58.6833 -58.5992 -58.5133 -58.4268 -58.3438 -58.2545 -58.1580 -58.0689
-71.1490 -71.1625 -71.1604 -71.1621 -71.3746 0.0000 -71.1433 -71.1116 -71.2739 -71.5971 -72.1180 -72.9627 -75.3771 0.0000 0.0000 0.0000 -59.9906 -59.8989 -59.8113 -59.7307 -59.6546 -59.5790 -59.4991 -59.4211 -59.3405 -59.2612 -59.1812 -59.0926 -59.0109 -58.9286 -58.8456 -58.7608 -58.6774 -58.5923 -58.5064 -58.4198 -58.3355 -58.2473 -58.1509 -58.0617
-70.6053 -70.5497 -70.5024 -70.4391 -70.3717 -70.2197 -70.0590 -69.9758 -69.9607 -69.8988 -69.7250 -69.7693 -69.7827 -60.2094 -60.1338 -60.0584 -59.9776 -59.8910 -59.8072 -59.7259 -59.6500 -59.5725 -59.4926 -59.4145 -59.3339 -59.2546 -59.1745 -59.0860 -59.0043 -58.9219 -58.8389 -58.7551 -58.6706 -58.5854 -58.4994 -58.4117 -58.3290 -58.2426 -58.1481 -58.0665
-70.0651 -69.9618 -69.8525 -69.7186 -69.5212 -69.2837 -69.1536 -68.8644 -68.6309 -60.4792 -60.3980 -60.3373 -60.2728 -60.2010 -60.1257 -60.0468 -59.9628 -59.8825 -59.7959 -59.7206 -59.6436 -59.5660 -59.4861 -59.4080 -59.3274 -59.2480 -59.1679 -59.0793 -58.9976 -58.9152 -58.8321 -58.7483 -58.6637 -58.5802 -58.4950 -58.4101 -58.3288 -58.2425 -58.1555 -58.0683
-69.5409 -69.3910 -69.2220 -69.0168 -68.7927 -60.7571 -60.6875 -60.6137 -60.5468 -60.4753 -60.4043 -60.3310 -60.2648 -60.1917 -60.1144 -60.0313 -59.9551 -59.8748 -59.7907 -59.7143 -59.6372 -59.5595 -59.4796 -59.4015 -59.3208 -59.2414 -59.1612 -59.0727 -58.9910 -58.9096 -58.8282 -58.7461 -58.6633 -58.5789 -58.4947 -58.4100 -58.3286 -58.2417 -58.1608 -58.0651
-61.0970 -61.0300 -60.9581 -60.8821 -60.8224 -60.7534 -60.6850 -60.6093 -60.5405 -60.4710 -60.3964 -60.3235 -60.2564 -60.1815 -60.0992 -60.0240 -59.9452 -59.8652 -59.7844 -59.7079 -59.6308 -59.5531 -59.4732 -59.3949 -59.3143 -59.2353 -59.1567 -59.0700 -58.9899 -58.9092 -58.8278 -58.7457 -58.6619 -58.5785 -58.4933 -58.4074 -58.3247 -58.2446 -58.1563 -58.0600
-61.0930 -61.0210 -60.9522 -60.8837 -60.8164 -60.7472 -60.6788 -60.6036 -60.5330 -60.4633 -60.3886 -60.3160 -60.2470 -60.1666 -60.0922 -60.0168 -59.9393 -59.8587 -59.7781 -59.7015 -59.6244 -59.5466 -59.4683 -59.3916 -59.3125 -59.2346 -59.1561 -59.0695 -58.9894 -58.9087 -58.8269 -58.7427 -58.6588 -58.5743 -58.4891 -58.4031 -58.3278 -58.2402 -58.1534 -58.0591
-61.0820 -61.0138 -60.9376 -60.8782 -60.8105 -60.7430 -60.6726 -60.5972 -60.5258 -60.4424 -60.3810 -60.3072 -60.2326 -60.1598 -60.0852 -60.0087 -59.9323 -59.8523 -59.7728 -59.6976 -59.6219 -59.5458 -59.4675 -59.3909 -59.3118 -59.2340 -59.1544 -59.0681 -58.9870 -58.9052 -58.8217 -58.7386 -58.6548 -58.5703 -58.4851 -58.4014 -58.3285 -58.2436 -58.1568 -58.0639
-61.0750 -70.4133 -72.6383 0.0000 0.0000 0.0000 -60.6659 -60.5905 -60.5205 -60.4354 -60.3722 -60.3000 -60.2264 -60.1530 -60.0789 -60.0038 -59.9252 -59.8463 -59.7718 -59.6967 -59.6211 -59.5449 -59.4667 -59.3898 -59.3100 -59.2301 -59.1517 -59.0642 -58.9831 -58.9003 -58.8179 -58.7351 -58.6538 -58.5718 -58.4892 -58.4130 -58.3329 -58.2470 -58.1616 -58.0670
-71.3409 -72.7237 -74.8900 -76.3427 0.0000 0.0000 -60.6589 -60.5838 -60.5136 -60.4394 -60.3651 -60.2885 -60.2228 -60.1505 -60.0784 -60.0023 -59.9241 -59.8454 -59.7709 -59.6958 -59.6197 -59.5426 -59.4636 -59.3860 -59.3051 -59.2274 -59.1405 -59.0606 -58.9804 -58.8999 -58.8198 -58.7393 -58.6580 -58.5761 -58.5007 -58.4174 -58.3345 -58.2478 -58.1604 -58.0656
-70.7651 -70.7058 -60.9369 -60.8712 -60.7985 -60.7236 -60.6520 -60.5780 -60.5089 -60.4358 -60.3473 -60.2875 -60.2179 -60.1501 -60.0747 -60.0008 -59.9228 -59.8436 -59.7683 -59.6924 -59.6160 -59.5389 -59.4600 -59.3813 -59.3027 -59.2252 -59.1406 -59.0629 -58.9832 -58.9039 -58.8240 -58.7435 -58.6623 -58.5801 -58.5013 -58.4151 -58.3332 -58.2465 -58.1592 -58.0648
-61.0571 -60.9961 -60.9308 -60.8595 -60.7929 -60.7197 -60.6448 -60.5760 -60.5056 -60.4273 -60.3465 -60.2864 -60.2179 -60.1482 -60.0722 -59.9976 -59.9192 -59.8400 -59.7648 -59.6889 -59.6125 -59.5355 -59.4573 -59.3830 -59.3054 -59.2289 -59.1444 -59.0658 -58.9872 -58.9080 -58.8263 -58.7440 -58.6625 -58.5844 -58.4989 -58.4140 -58.3320 -58.2478 -58.1629 -58.0707
-61.0544 -60.9898 -60.9230 -60.8573 -60.7890 -60.7176 -60.6428 -60.5730 -60.4969 -60.4260 -60.3538 -60.2853 -60.2148 -60.1423 -60.0684 -59.9902 -59.9115 -59.8367 -59.7616 -59.6877 -59.6133 -59.5374 -59.4618 -59.3865 -59.3091 -59.2326 -59.1471 -59.0679 -58.9876 -58.9067 -58.8251 -58.7442 -58.6669 -58.5833 -58.5000 -58.4176 -58.3378 -58.2538 -58.1690 -58.0771
-61.0542 -60.9878 -60.9226 -60.8551 -60.7868 -60.7154 -60.6395 -60.5638 -60.4941 -60.4226 -60.3519 -60.2821 -60.2115 -60.1387 -60.0649 -59.9875 -59.9107 -59.8379 -59.7647 -59.6910 -59.6157 -59.5420 -59.4654 -59.3900 -59.3110 -59.2318 -59.1458 -59.0667 -58.9864 -58.9056 -58.8254 -58.7505 -58.6699 -58.5878 -58.5059 -58.4239 -58.3441 -58.2601 -58.1751 -58.0778
-61.0522 -60.9858 -60.9206 -60.8525 -60.7817 -60.7106 -60.6359 -60.5607 -60.4908 -60.4206 -60.3490 -60.2791 -60.2094 -60.1380 -60.0660 -59.9903 -59.9138 -59.8411 -59.7679 -59.6943 -59.6199 -59.5436 -59.4655 -59.3887 -59.3086 -59.2305 -59.1447 -59.0656 -58.9869 -58.9097 -58.8305 -58.7564 -58.6750 -58.5940 -58.5122 -58.4333 -58.3498 -58.2657 -58.1756 -58.0838
-61.0497 -60.9828 -60.9170 -60.8487 -60.7768 -60.7070 -60.6263 -60.5579 -60.4889 -60.4189 -60.3493 -60.2810 -60.2106 -60.1406 -60.0653 -59.9933 -59.9169 -59.8440 -59.7694 -59.6943 -59.6186 -59.5423 -59.4643 -59.3864 -59.3075 -59.2306 -59.1472 -59.0705 -58.9927 -58.9156 -58.8423 -58.7616 -58.6811 -58.5997 -58.5176 -58.4388 -58.3554 -58.2714 -58.1815 -58.0893
-61.0435 -60.9769 -60.9113 -60.8422 -60.7729 -60.6972 -60.6252 -60.5595 -60.4909 -60.4214 -60.3521 -60.2839 -60.2134 -60.1434 -60.0678 -59.9945 -59.9167 -59.8427 -59.7682 -59.6931 -59.6174 -59.5412 -59.4630 -59.3885 -59.3120 -59.2364 -59.1532 -59.0765 -59.0002 -58.9274 -58.8469 -58.7669 -58.6863 -58.6050 -58.5231 -58.4444 -58.3608 -58.2712 -58.1863 -58.0949
-61.0401 -60.9735 -60.9070 -60.8397 -60.7663 -60.6994 -60.6290 -60.5622 -60.4935 -60.4241 -60.3551 -60.2864 -60.2144 -60.1428 -60.0664 -59.9889 -59.9155 -59.8404 -59.7670 -59.6926 -59.6192 -59.5443 -59.4687 -59.3943 -59.3179 -59.2424 -59.1594 -59.0835 -59.0110 -58.9312 -58.8521 -58.7721 -58.6916 -58.6103 -58.5280 -58.4490 -58.3601 -58.2760 -58.1919 -58.1002
-61.0389 -60.9742 -60.9085 -60.8347 -60.7685 -60.7031 -60.6317 -60.5649 -60.4957 -60.4250 -60.3548 -60.2840 -60.2130 -60.1414 -60.0651 -59.9879 -59.9136 -59.8431 -59.7709 -59.6982 -59.6249 -59.5500 -59.4747 -59.4004 -59.3237 -59.2476 -59.1653 -59.0883 -59.0149 -58.9364 -58.8572 -58.7770 -58.6962 -58.6148 -58.5327 -58.4537 -58.3650 -58.2814 -58.1980 -58.1070
