-53.7836 -53.6427 -53.4998 -53.3548 -53.2076 -53.0583 -52.9066 -52.7527 -52.5963 -52.4374 -52.2743 -52.1086 -51.9402 -51.7689 -51.5948 -51.4177 -51.2377 -51.0552 -50.8697 -50.6790 -50.4863 -50.2897 -50.0892 -49.8875 -49.6805 -49.4691 -49.2531 -49.0323 -48.8053 -48.5743 -48.3380 -48.0964 -47.8516 -47.6018 -47.3451 -47.0815 -46.8116 -46.5345 -46.2506 -45.9592
-53.7621 -53.6209 -53.4776 -53.3317 -53.1835 -53.0329 -52.8801 -52.7248 -52.5669 -52.4064 -52.2432 -52.0783 -51.9108 -51.7406 -51.5675 -51.3913 -51.2120 -51.0299 -50.8455 -50.6576 -50.4645 -50.2693 -50.0702 -49.8672 -49.6587 -49.4460 -49.2290 -49.0092 -48.7856 -48.5577 -48.3246 -48.0854 -47.8405 -47.5906 -47.3340 -47.0707 -46.8017 -46.5276 -46.2491 -45.9629
-53.7376 -53.5955 -53.4513 -53.3049 -53.1562 -53.0059 -52.8533 -52.6983 -52.5410 -52.3812 -52.2188 -52.0540 -51.8878 -51.7191 -51.5473 -51.3723 -51.1943 -51.0129 -50.8266 -50.6370 -50.4422 -50.2454 -50.0450 -49.8441 -49.6406 -49.4316 -49.2183 -48.9990 -48.7742 -48.5454 -48.3118 -48.0737 -47.8298 -47.5810 -47.3286 -47.0692 -46.8025 -46.5276 -46.2456 -45.9633
-53.7136 -53.5715 -53.4274 -53.2811 -53.1327 -52.9821 -52.8298 -52.6762 -52.5203 -52.3622 -52.2014 -52.0380 -51.8718 -51.7011 -51.5275 -51.3508 -51.1709 -50.9877 -50.8038 -50.6177 -50.4266 -50.2334 -50.0362 -49.8338 -49.6288 -49.4183 -49.2039 -48.9863 -48.7631 -48.5357 -48.3055 -48.0707 -47.8307 -47.5823 -47.3263 -47.0649 -46.8043 -46.5376 -46.2629 -45.9799
-53.6904 -53.5495 -53.4069 -53.2621 -53.1152 -52.9661 -52.8149 -52.6613 -52.5038 -52.3438 -52.1812 -52.0159 -51.8477 -51.6778 -51.5075 -51.3342 -51.1580 -50.9785 -50.7950 -50.6069 -50.4139 -50.2190 -50.0207 -49.8204 -49.6174 -49.4088 -49.1971 -48.9825 -48.7634 -48.5376 -48.3039 -48.0652 -47.8239 -47.5838 -47.3372 -47.0818 -46.8184 -46.5506 -46.2794 -46.0026
-53.6764 -53.5356 -53.3927 -53.2463 -53.0979 -52.9473 -52.7944 -52.6391 -52.4813 -52.3240 -52.1646 -52.0026 -51.8379 -51.6704 -51.4988 -51.3235 -51.1451 -50.9635 -50.7787 -50.5928 -50.4023 -50.2096 -50.0136 -49.8160 -49.6158 -49.4103 -49.1973 -48.9780 -48.7542 -48.5299 -48.3057 -48.0766 -47.8394 -47.5966 -47.3481 -47.0960 -46.8377 -46.5752 -46.3066 -46.0307
-53.6584 -53.5161 -53.3718 -53.2254 -53.0784 -52.9307 -52.7809 -52.6287 -52.4742 -52.3172 -52.1561 -51.9921 -51.8254 -51.6559 -51.4835 -51.3099 -51.1333 -50.9539 -50.7713 -50.5878 -50.4000 -50.2101 -50.0162 -49.8136 -49.6085 -49.3979 -49.1902 -48.9803 -48.7663 -48.5442 -48.3174 -48.0858 -47.8508 -47.6109 -47.3679 -47.1192 -46.8634 -46.6019 -46.3352 -46.0629
-53.6416 -53.5023 -53.3609 -53.2175 -53.0720 -52.9241 -52.7724 -52.6184 -52.4620 -52.3031 -52.1417 -51.9790 -51.8137 -51.6457 -51.4749 -51.3028 -51.1294 -50.9530 -50.7735 -50.5880 -50.3952 -50.2001 -50.0013 -49.8077 -49.6119 -49.4110 -49.2032 -48.9910 -48.7744 -48.5536 -48.3292 -48.1015 -47.8703 -47.6338 -47.3909 -47.1425 -46.8900 -46.6325 -46.3741 -46.1098
-53.6357 -53.4956 -53.3526 -53.2074 -53.0602 -52.9107 -52.7589 -52.6058 -52.4504 -52.2927 -52.1325 -51.9702 -51.8080 -51.6431 -51.4757 -51.3055 -51.1276 -50.9463 -50.7618 -50.5759 -50.3917 -50.2055 -50.0160 -49.8200 -49.6203 -49.4182 -49.2112 -49.0004 -48.7862 -48.5697 -48.3494 -48.1224 -47.8902 -47.6547 -47.4163 -47.1740 -46.9288 -46.6780 -46.4211 -46.1605
-53.6241 -53.4830 -53.3398 -53.1953 -53.0488 -52.9001 -52.7492 -52.5961 -52.4433 -52.2887 -52.1317 -51.9723 -51.8085 -51.6393 -51.4673 -51.2922 -51.1179 -50.9448 -50.7688 -50.5898 -50.4042 -50.2140 -50.0219 -49.8267 -49.6280 -49.4267 -49.2240 -49.0177 -48.8062 -48.5877 -48.3657 -48.1426 -47.9152 -47.6866 -47.4551 -47.2162 -46.9715 -46.7246 -46.4727 -46.2158
-53.6129 -53.4724 -53.3298 -53.1853 -53.0403 -52.8948 -52.7472 -52.5974 -52.4454 -52.2872 -52.1260 -51.9622 -51.7957 -51.6319 -51.4676 -51.3007 -51.1310 -50.9549 -50.7758 -50.5939 -50.4093 -50.2205 -50.0295 -49.8374 -49.6431 -49.4464 -49.2413 -49.0324 -48.8213 -48.6079 -48.3914 -48.1748 -47.9539 -47.7255 -47.4935 -47.2595 -47.0203 -46.7767 -46.5297 -46.2807
-53.6033 -53.4659 -53.3266 -53.1854 -53.0422 -52.8956 -52.7439 -52.5899 -52.4336 -52.2750 -52.1206 -51.9643 -51.8056 -51.6442 -51.4767 -51.3065 -51.1336 -50.9586 -50.7811 -50.6006 -50.4181 -50.2334 -50.0468 -49.8551 -49.6582 -49.4587 -49.2576 -49.0534 -48.8477 -48.6403 -48.4289 -48.2104 -47.9887 -47.7663 -47.5401 -47.3089 -47.0740 -46.8361 -46.5966 -46.3537
-53.6050 -53.4678 -53.3257 -53.1805 -53.0332 -52.8837 -52.7332 -52.5863 -52.4373 -52.2861 -52.1322 -51.9724 -51.8103 -51.6457 -51.4791 -51.3108 -51.1396 -50.9659 -50.7922 -50.6156 -50.4359 -50.2487 -50.0595 -49.8680 -49.6758 -49.4814 -49.2851 -49.0864 -48.8827 -48.6727 -48.4611 -48.2491 -48.0331 -47.8130 -47.5900 -47.3635 -47.1355 -46.9042 -46.6691 -46.4464
-53.5986 -53.4574 -53.3143 -53.1717 -53.0311 -52.8887 -52.7443 -52.5972 -52.4445 -52.2897 -52.1327 -51.9738 -51.8136 -51.6509 -51.4856 -51.3202 -51.1527 -50.9826 -50.8076 -50.6287 -50.4466 -50.2630 -50.0784 -49.8910 -49.7031 -49.5135 -49.3173 -49.1165 -48.9139 -48.7098 -48.5034 -48.2936 -48.0801 -47.8636 -47.6464 -47.4270 -47.2037 -46.9812 -46.7884 -46.5971
-53.5916 -53.4569 -53.3204 -53.1822 -53.0413 -52.8952 -52.7471 -52.5969 -52.4449 -52.2922 -52.1372 -51.9798 -51.8216 -51.6624 -51.5007 -51.3358 -51.1659 -50.9934 -50.8189 -50.6441 -50.4666 -50.2860 -50.1052 -49.9217 -49.7326 -49.5413 -49.3478 -49.1531 -48.9549 -48.7533 -48.5480 -48.3406 -48.1319 -47.9228 -47.7101 -47.4944 -47.3065 -47.1219 -46.9401 -46.7585
-53.6016 -53.4663 -53.3262 -53.1842 -53.0404 -52.8946 -52.7487 -52.6007 -52.4505 -52.2989 -52.1472 -51.9932 -51.8370 -51.6759 -51.5119 -51.3453 -51.1785 -51.0101 -50.8391 -50.6669 -50.4927 -50.3143 -50.1325 -49.9476 -49.7625 -49.5758 -49.3868 -49.1932 -48.9971 -48.7984 -48.5964 -48.3958 -48.1928 -47.9865 -47.7980 -47.6215 -47.4480 -47.2737 -47.1000 -46.9203
-53.6029 -53.4648 -53.3249 -53.1851 -53.0435 -52.8999 -52.7543 -52.6094 -52.4624 -52.3134 -52.1610 -52.0047 -51.8462 -51.6856 -51.5255 -51.3631 -51.1983 -51.0325 -50.8644 -50.6931 -50.5181 -50.3391 -50.1617 -49.9823 -49.7995 -49.6134 -49.4262 -49.2364 -49.0436 -48.8507 -48.6545 -48.4563 -48.2672 -48.0980 -47.9303 -47.7637 -47.5991 -47.4294 -47.2557 -47.0870
-53.6031 -53.4674 -53.3298 -53.1904 -53.0510 -52.9104 -52.7680 -52.6235 -52.4743 -52.3231 -52.1696 -52.0157 -51.8609 -51.7039 -51.5452 -51.3850 -51.2225 -51.0569 -50.8882 -50.7170 -50.5468 -50.3743 -50.1970 -50.0177 -49.8364 -49.6548 -49.4712 -49.2857 -49.0978 -48.9075 -48.7163 -48.5541 -48.3912 -48.2312 -48.0726 -47.9146 -47.7488 -47.5837 -47.4210 -47.2537
-53.6081 -53.4738 -53.3391 -53.2026 -53.0644 -52.9227 -52.7781 -52.6315 -52.4830 -52.3352 -52.1854 -52.0335 -51.8803 -51.7252 -51.5680 -51.4078 -51.2451 -51.0802 -50.9164 -50.7502 -50.5805 -50.4076 -50.2315 -50.0574 -49.8803 -49.7016 -49.5220 -49.3388 -49.1533 -48.9921 -48.8344 -48.6802 -48.5252 -48.3738 -48.2178 -48.0581 -47.9022 -47.7443 -47.5828 -47.4223
-53.6190 -53.4865 -53.3518 -53.2133 -53.0729 -52.9306 -52.7879 -52.6447 -52.4996 -52.3526 -52.2042 -52.0540 -51.9017 -51.7467 -51.5895 -51.4309 -51.2728 -51.1125 -50.9486 -50.7816 -50.6128 -50.4455 -50.2744 -50.1022 -49.9279 -49.7514 -49.5739 -49.4107 -49.2606 -49.1117 -48.9621 -48.8147 -48.6669 -48.5128 -48.3603 -48.2106 -48.0577 -47.9032 -47.7476 -47.5913
-53.6301 -53.4955 -53.3592 -53.2210 -53.0838 -52.9449 -52.8041 -52.6617 -52.5178 -52.3721 -52.2245 -52.0745 -51.9225 -51.7696 -51.6168 -51.4620 -51.3035 -51.1422 -50.9788 -50.8179 -50.6546 -50.4886 -50.3192 -50.1490 -49.9767 -49.8110 -49.6685 -49.5243 -49.3819 -49.2388 -49.0958 -48.9500 -48.8007 -48.6549 -48.5091 -48.3621 -48.2133 -48.0635 -47.9118 -47.7638
-53.6379 -53.5043 -53.3711 -53.2362 -53.0997 -52.9615 -52.8218 -52.6804 -52.5371 -52.3918 -52.2446 -52.0971 -51.9494 -51.7997 -51.6463 -51.4901 -51.3319 -51.1769 -51.0196 -50.8596 -50.6971 -50.5327 -50.3651 -50.1968 -50.0589 -49.9193 -49.7838 -49.6456 -49.5081 -49.3693 -49.2260 -49.0835 -48.9426 -48.8004 -48.6574 -48.5143 -48.3693 -48.2244 -48.0813 -47.9392
-53.6516 -53.5200 -53.3868 -53.2524 -53.1166 -52.9792 -52.8401 -52.6993 -52.5566 -52.4142 -52.2711 -52.1262 -51.9775 -51.8262 -51.6730 -51.5233 -51.3717 -51.2173 -51.0602 -50.9012 -50.7404 -50.5777 -50.4355 -50.3015 -50.1687 -50.0362 -49.9028 -49.7701 -49.6340 -49.4957 -49.3590 -49.2224 -49.0846 -48.9458 -48.8058 -48.6654 -48.5276 -48.3903 -48.2523 -48.1178
-53.6674 -53.5366 -53.4041 -53.2698 -53.1342 -52.9975 -52.8591 -52.7214 -52.5828 -52.4424 -52.2981 -52.1514 -52.0029 -51.8580 -51.7117 -51.5628 -51.4106 -51.2567 -51.1011 -50.9438 -50.7994 -50.6705 -50.5401 -50.4128 -50.2840 -50.1544 -50.0238 -49.8924 -49.7597 -49.6281 -49.4955 -49.3610 -49.2269 -49.0911 -48.9537 -48.8214 -48.6897 -48.5567 -48.4271 -48.2939
-53.6846 -53.5542 -53.4222 -53.2886 -53.1535 -53.0195 -52.8850 -52.7488 -52.6086 -52.4662 -52.3222 -52.1818 -52.0404 -51.8967 -51.7492 -51.6001 -51.4494 -51.2970 -51.1491 -51.0249 -50.8994 -50.7766 -50.6516 -50.5260 -50.3997 -50.2724 -50.1437 -50.0176 -49.8897 -49.7608 -49.6313 -49.5007 -49.3687 -49.2359 -49.1080 -48.9797 -48.8523 -48.7282 -48.5977 -48.4656
-53.7023 -53.5725 -53.4413 -53.3112 -53.1797 -53.0467 -52.9097 -52.7714 -52.6315 -52.4953 -52.3586 -52.2199 -52.0769 -51.9322 -51.7860 -51.6384 -51.4891 -51.3671 -51.2460 -51.1263 -51.0070 -50.8860 -50.7635 -50.6393 -50.5155 -50.3913 -50.2678 -50.1447 -50.0193 -49.8941 -49.7682 -49.6389 -49.5117 -49.3875 -49.2625 -49.1393 -49.0200 -48.8932 -48.7651 -48.6368
-53.7212 -53.5947 -53.4668 -53.3374 -53.2043 -53.0693 -52.9324 -52.7992 -52.6668 -52.5327 -52.3941 -52.2537 -52.1119 -51.9685 -51.8237 -51.6977 -51.5808 -51.4639 -51.3489 -51.2327 -51.1138 -50.9943 -50.8749 -50.7532 -50.6335 -50.5132 -50.3921 -50.2715 -50.1506 -50.0278 -49.9028 -49.7801 -49.6594 -49.5379 -49.4193 -49.3025 -49.1797 -49.0555 -48.9321 -48.8106
-53.7457 -53.6198 -53.4905 -53.3594 -53.2267 -53.0969 -52.9673 -52.8363 -52.7015 -52.5652 -52.4274 -52.2882 -52.1477 -52.0175 -51.9046 -51.7906 -51.6792 -51.5671 -51.4525 -51.3364 -51.2203 -51.1043 -50.9876 -50.8700 -50.7529 -50.6349 -50.5172 -50.4010 -50.2809 -50.1592 -50.0423 -49.9241 -49.8060 -49.6919 -49.5776 -49.4575 -49.3377 -49.2184 -49.1016 -48.9845
-53.7686 -53.6413 -53.5125 -53.3861 -53.2600 -53.1326 -53.0019 -52.8686 -52.7338 -52.5981 -52.4615 -52.3273 -52.2180 -52.1078 -51.9988 -51.8904 -51.7804 -51.6676 -51.5541 -51.4419 -51.3288 -51.2159 -51.1025 -50.9870 -50.8720 -50.7584 -50.6441 -50.5278 -50.4106 -50.2970 -50.1828 -50.0672 -49.9574 -49.8455 -49.7289 -49.6112 -49.4968 -49.3838 -49.2707 -49.1561
-53.7903 -53.6671 -53.5444 -53.4204 -53.2936 -53.1642 -53.0333 -52.9010 -52.7673 -52.6318 -52.5218 -52.4150 -52.3083 -52.2034 -52.0976 -51.9884 -51.8780 -51.7683 -51.6591 -51.5491 -51.4392 -51.3285 -51.2171 -51.1043 -50.9942 -50.8822 -50.7674 -50.6549 -50.5455 -50.4342 -50.3232 -50.2162 -50.1066 -49.9935 -49.8787 -49.7668 -49.6582 -49.5482 -49.4375 -49.3302
-53.8208 -53.7001 -53.5771 -53.4512 -53.3240 -53.1956 -53.0659 -52.9347 -52.8187 -52.7137 -52.6085 -52.5067 -52.4043 -52.2995 -52.1921 -52.0842 -51.9785 -51.8719 -51.7651 -51.6577 -51.5497 -51.4409 -51.3333 -51.2248 -51.1147 -51.0027 -50.8945 -50.7866 -50.6796 -50.5727 -50.4692 -50.3612 -50.2512 -50.1394 -50.0309 -49.9243 -49.8172 -49.7105 -49.6067 -49.5083
-53.8526 -53.7302 -53.6065 -53.4816 -53.3558 -53.2285 -53.1084 -53.0061 -52.9032 -52.8020 -52.7016 -52.6013 -52.4967 -52.3916 -52.2878 -52.1846 -52.0807 -51.9765 -51.8716 -51.7661 -51.6598 -51.5562 -51.4517 -51.3419 -51.2331 -51.1286 -51.0235 -50.9179 -50.8161 -50.7152 -50.6103 -50.5024 -50.3935 -50.2882 -50.1844 -50.0801 -49.9752 -49.8749 -49.7812 -49.6730
-53.8812 -53.7596 -53.6373 -53.5137 -53.3900 -53.2903 -53.1901 -53.0902 -52.9926 -52.8944 -52.7930 -52.6901 -52.5875 -52.4876 -52.3867 -52.2855 -52.1836 -52.0811 -51.9779 -51.8754 -51.7744 -51.6715 -51.5655 -51.4595 -51.3574 -51.2549 -51.1518 -51.0524 -50.9553 -50.8526 -50.7483 -50.6412 -50.5390 -50.4379 -50.3362 -50.2340 -50.1351 -50.0455 -49.9417 -49.8434
-53.9111 -53.7909 -53.6694 -53.5667 -53.4690 -53.3707 -53.2754 -53.1798 -53.0828 -52.9823 -52.8808 -52.7814 -52.6837 -52.5852 -52.4862 -52.3865 -52.2863 -52.1854 -52.0867 -51.9882 -51.8865 -51.7830 -51.6823 -51.5826 -51.4811 -51.3805 -51.2845 -51.1878 -51.0893 -50.9875 -50.8838 -50.7846 -50.6851 -50.5859 -50.4864 -50.3897 -50.3019 -50.2026 -50.1067 -50.0147
-53.9424 -53.8358 -53.7404 -53.6445 -53.5504 -53.4573 -53.3637 -53.2666 -53.1682 -53.0696 -52.9731 -52.8763 -52.7799 -52.6830 -52.5855 -52.4875 -52.3893 -52.2938 -52.1976 -52.0971 -51.9959 -51.8989 -51.8015 -51.7037 -51.6047 -51.5113 -51.4166 -51.3192 -51.2211 -51.1198 -51.0234 -50.9271 -50.8295 -50.7327 -50.6384 -50.5527 -50.4557 -50.3623 -50.2738 -50.1789
-54.0047 -53.9111 -53.8179 -53.7273 -53.6361 -53.5429 -53.4473 -53.3509 -53.2560 -53.1615 -53.0666 -52.9714 -52.8761 -52.7807 -52.6847 -52.5901 -52.4968 -52.4017 -52.3034 -52.2056 -52.1109 -52.0158 -51.9202 -51.8258 -51.7331 -51.6402 -51.5453 -51.4478 -51.3503 -51.2566 -51.1626 -51.0681 -50.9733 -50.8811 -50.7975 -50.7036 -50.6104 -50.5259 -50.4337 -50.3450
-54.0788 -53.9901 -53.9012 -53.8116 -53.7187 -53.6250 -53.5313 -53.4390 -53.3463 -53.2536 -53.1603 -53.0662 -52.9721 -52.8781 -52.7872 -52.6961 -52.6018 -52.5055 -52.4112 -52.3185 -52.2255 -52.1320 -52.0408 -51.9515 -51.8591 -51.7665 -51.6710 -51.5746 -51.4831 -51.3927 -51.3004 -51.2090 -51.1180 -51.0364 -50.9454 -50.8534 -50.7704 -50.6822 -50.5945 -50.5102
-54.1595 -54.0722 -53.9828 -53.8917 -53.7998 -53.7092 -53.6187 -53.5279 -53.4373 -53.3460 -53.2537 -53.1609 -53.0691 -52.9806 -52.8915 -52.7979 -52.7037 -52.6126 -52.5220 -52.4309 -52.3395 -52.2512 -52.1639 -52.0748 -51.9830 -51.8892 -51.7953 -51.7058 -51.6160 -51.5276 -51.4385 -51.3504 -51.2697 -51.1816 -51.0905 -51.0099 -50.9236 -50.8380 -50.7558 -50.6711
-54.2398 -54.1512 -54.0618 -53.9725 -53.8840 -53.7951 -53.7066 -53.6178 -53.5283 -53.4378 -53.3469 -53.2580 -53.1706 -53.0821 -52.9903 -52.8984 -52.8101 -52.7213 -52.6322 -52.5427 -52.4573 -52.3719 -52.2846 -52.1962 -52.1028 -52.0113 -51.9238 -51.8361 -51.7480 -51.6627 -51.5766 -51.4986 -51.4123 -51.3220 -51.2434 -51.1603 -51.0745 -50.9942 -50.9134 -50.8331
-54.3170 -54.2292 -54.1425 -54.0557 -53.9687 -53.8823 -53.7953 -53.7073 -53.6187 -53.5296 -53.4438 -53.3578 -53.2690 -53.1791 -53.0902 -53.0037 -52.9168 -52.8295 -52.7424 -52.6592 -52.5754 -52.4900 -52.4034 -52.3133 -52.2228 -52.1371 -52.0514 -51.9652 -51.8804 -51.7978 -51.7215 -51.6387 -51.5489 -51.4715 -51.3912 -51.3068 -51.2281 -51.1488 -51.0701 -50.9965
