-32.5961 -33.0066 -33.5404 -34.1569 -34.8040 -35.4460 -36.0388 -36.5924 -37.0791 -37.5402 -37.9598 -38.3614 -38.7732 -39.1665 -39.5657 -39.9665 -40.3575 -40.7417 -41.1230 -41.5025 -41.9159 -42.2509 -42.5745 -42.9684 -43.3118 -43.6546 -43.9975 -44.3276 -44.6445 -44.9531 -45.2637 -45.5663 -45.8582 -46.1407 -46.4157 -46.6868 -46.9552 -47.2184 -47.4763 -47.7284
-31.9957 -32.4696 -33.0837 -33.7844 -34.4881 -35.1661 -35.7873 -36.3212 -36.8022 -37.2322 -37.6466 -38.0503 -38.4577 -38.8672 -39.2707 -39.6748 -40.0745 -40.4838 -40.8826 -41.3293 -41.6814 -42.0170 -42.3510 -42.7852 -43.1461 -43.5000 -43.8419 -44.1751 -44.4977 -44.8193 -45.1310 -45.4348 -45.7321 -46.0206 -46.3059 -46.5883 -46.8629 -47.1287 -47.3857 -47.6350
-31.5157 -32.1004 -32.7875 -33.5431 -34.3113 -35.0096 -35.5992 -36.1047 -36.5296 -36.9383 -37.3339 -37.7379 -38.1478 -38.5596 -38.9721 -39.3987 -39.8231 -40.2362 -40.6450 -41.0810 -41.4448 -41.7969 -42.2374 -42.6100 -42.9825 -43.3428 -43.6898 -44.0269 -44.3639 -44.6919 -45.0091 -45.3216 -45.6243 -45.9230 -46.2121 -46.4929 -46.7658 -47.0342 -47.2960 -47.5514
-31.3010 -31.9798 -32.7364 -33.5200 -34.2882 -34.9642 -35.4956 -35.9101 -36.2784 -36.6417 -37.0259 -37.4198 -37.8246 -38.2527 -38.6914 -39.1224 -39.5553 -39.9850 -40.4679 -40.8524 -41.2215 -41.5791 -42.0538 -42.4389 -42.8184 -43.1876 -43.5429 -43.9023 -44.2517 -44.5845 -44.9036 -45.2148 -45.5223 -45.8260 -46.1197 -46.4046 -46.6808 -46.9498 -47.2127 -47.4690
-31.4498 -32.1921 -32.9535 -33.7110 -34.4318 -35.0174 -35.4189 -35.7162 -36.0141 -36.3353 -36.6903 -37.0874 -37.5147 -37.9419 -38.3959 -38.8536 -39.3059 -39.7575 -40.2273 -40.6189 -40.9958 -41.4781 -41.8862 -42.2938 -42.6858 -43.0563 -43.4196 -43.7801 -44.1310 -44.4697 -44.7955 -45.1155 -45.4300 -45.7364 -46.0319 -46.3184 -46.5967 -46.8680 -47.1353 -47.3978
-32.0599 -32.6576 -33.2979 -33.9453 -34.5748 -35.0499 -35.2978 -35.4709 -35.6885 -35.9781 -36.3363 -36.7418 -37.1888 -37.6419 -38.1139 -38.5938 -39.0520 -39.5690 -39.9917 -40.4055 -40.8930 -41.3165 -41.7397 -42.1501 -42.5451 -42.9304 -43.3091 -43.6737 -44.0252 -44.3651 -44.6970 -45.0235 -45.3423 -45.6530 -45.9532 -46.2439 -46.5257 -46.8008 -47.0698 -47.3314
-34.1784 -33.9256 -33.8243 -33.9877 -34.4350 -34.8438 -34.9987 -35.0924 -35.2739 -35.5678 -35.9413 -36.3754 -36.8421 -37.3362 -37.8366 -38.3453 -38.8370 -39.3475 -39.7829 -40.1992 -40.7246 -41.1694 -41.6019 -42.0157 -42.4170 -42.8167 -43.2021 -43.5725 -43.9290 -44.2767 -44.6172 -44.9447 -45.2636 -45.5747 -45.8747 -46.1671 -46.4538 -46.7339 -47.0063 -47.2711
-39.8439 -36.9860 -34.9578 -33.9879 -34.0189 -34.3072 -34.4328 -34.5293 -34.7522 -35.0976 -35.5318 -36.0196 -36.5229 -37.0568 -37.5889 -38.1072 -38.6692 -39.1331 -39.5805 -40.1142 -40.5807 -41.0384 -41.4767 -41.8974 -42.3173 -42.7210 -43.1086 -43.4812 -43.8438 -44.1988 -44.5417 -44.8718 -45.1928 -45.5043 -45.8081 -46.1041 -46.3919 -46.6714 -46.9439 -47.2098
-45.8542 -41.6789 -36.3631 -33.9307 -33.4352 -33.5643 -33.6672 -33.8499 -34.1878 -34.6169 -35.1193 -35.6646 -36.2255 -36.7863 -37.3540 -37.9073 -38.4641 -38.9471 -39.4869 -39.9726 -40.4571 -40.9190 -41.3612 -41.7973 -42.2213 -42.6288 -43.0199 -43.3983 -43.7683 -44.1249 -44.4690 -44.8016 -45.1246 -45.4398 -45.7486 -46.0470 -46.3368 -46.6186 -46.8927 -47.1595
-40.1944 -46.0279 -36.6089 -33.4366 -32.7268 -32.7586 -32.8793 -33.1788 -33.6228 -34.1544 -34.7439 -35.3420 -35.9592 -36.5642 -37.1497 -37.7608 -38.2770 -38.7681 -39.3477 -39.8583 -40.3511 -40.8202 -41.2762 -41.7194 -42.1438 -42.5510 -42.9450 -43.3320 -43.7047 -44.0641 -44.4112 -44.7467 -45.0695 -45.3861 -45.6954 -45.9940 -46.2839 -46.5657 -46.8397 -47.1066
-40.6003 -43.3625 -35.6270 -32.5647 -31.9411 -31.9818 -32.1763 -32.5960 -33.1477 -33.7789 -34.4341 -35.0894 -35.7351 -36.3772 -36.9919 -37.5918 -38.1213 -38.7197 -39.2537 -39.7703 -40.2631 -40.7366 -41.2014 -41.6466 -42.0738 -42.4841 -42.8854 -43.2712 -43.6434 -44.0031 -44.3504 -44.6866 -45.0142 -45.3327 -45.6430 -45.9425 -46.2344 -46.5182 -46.7942 -47.0627
-44.0123 -41.1797 -34.1510 -31.6664 -31.2250 -31.3322 -31.6548 -32.1750 -32.8095 -33.5004 -34.1982 -34.9012 -35.5835 -36.2341 -36.8965 -37.4670 -38.0040 -38.6276 -39.1721 -39.6898 -40.1816 -40.6685 -41.1341 -41.5805 -42.0084 -42.4272 -42.8298 -43.2168 -43.5893 -43.9484 -44.2808 -44.6217 -44.9500 -45.2694 -45.5806 -45.8810 -46.1727 -46.4562 -46.7322 -47.0017
-51.3802 -37.7585 -32.7509 -30.9810 -30.7056 -30.9115 -31.3680 -31.9649 -32.6490 -33.3751 -34.0960 -34.8017 -35.5010 -36.1747 -36.8117 -37.3817 -38.0113 -38.5808 -39.1265 -39.6441 -40.1504 -40.6367 -41.1006 -41.5445 -41.9760 -42.3929 -42.7937 -43.1806 -43.5535 -43.9146 -44.2672 -44.6078 -44.9363 -45.2552 -45.5642 -45.8657 -46.1567 -46.4394 -46.7146 -46.9825
-39.6675 -34.2765 -31.6131 -30.5264 -30.4305 -30.7610 -31.3126 -31.9572 -32.6600 -33.3765 -34.1057 -34.8116 -35.4948 -36.1739 -36.7802 -37.4140 -38.0006 -38.5667 -39.1055 -39.6286 -40.1357 -40.6201 -41.0811 -41.5265 -41.9568 -42.3489 -42.7461 -43.1283 -43.4984 -43.8587 -44.2059 -44.5402 -44.8635 -45.1749 -45.4787 -45.7754 -46.0617 -46.3405 -46.6128 -46.8775
-35.1492 -32.3437 -30.9943 -30.4614 -30.4788 -30.8901 -31.4641 -32.1119 -32.8064 -33.5100 -34.2116 -34.8969 -35.5663 -36.2136 -36.8069 -37.4408 -38.0222 -38.5830 -39.1161 -39.6335 -40.1303 -40.6069 -41.0662 -41.5070 -41.9301 -42.3602 -42.7576 -43.1410 -43.5146 -43.8749 -44.2233 -44.5597 -44.8850 -45.1983 -45.5048 -45.8061 -46.0992 -46.3841 -46.6609 -46.9302
-33.2776 -31.8762 -31.1176 -30.7788 -30.8485 -31.2371 -31.8052 -32.4234 -33.0760 -33.7444 -34.4088 -35.0715 -35.7187 -36.3194 -36.9451 -37.5321 -38.1003 -38.6381 -39.1768 -39.6882 -40.1731 -40.6430 -41.1006 -41.5395 -41.9595 -42.3631 -42.7585 -43.1441 -43.5153 -43.8716 -44.2162 -44.5501 -44.8749 -45.1897 -45.4974 -45.7985 -46.0894 -46.3712 -46.6454 -46.9126
-32.9929 -32.1881 -31.5630 -31.2752 -31.3644 -31.7079 -32.2250 -32.8262 -33.4408 -34.0584 -34.6839 -35.2994 -35.8990 -36.5041 -37.0883 -37.6588 -38.2048 -38.7300 -39.2434 -39.7442 -40.2218 -40.6878 -41.1388 -41.5703 -41.9842 -42.3839 -42.7776 -43.1576 -43.5237 -43.8762 -44.2175 -44.5498 -44.8730 -45.1859 -45.4919 -45.7886 -46.0786 -46.3586 -46.6309 -46.8973
-33.3417 -32.6810 -32.1317 -31.8930 -31.9758 -32.2832 -32.7361 -33.2594 -33.8376 -34.4403 -35.0095 -35.5787 -36.1392 -36.7120 -37.2672 -37.8051 -38.3325 -38.8527 -39.3534 -39.8335 -40.2985 -40.7483 -41.1861 -41.6105 -42.0200 -42.4189 -42.8060 -43.1815 -43.5412 -43.8887 -44.2278 -44.5595 -44.8820 -45.1936 -45.4935 -45.7872 -46.0751 -46.3558 -46.6293 -46.8957
-33.8230 -33.2334 -32.7863 -32.6039 -32.6589 -32.9222 -33.3060 -33.7771 -34.2910 -34.8296 -35.3731 -35.9029 -36.4350 -36.9600 -37.4859 -37.9926 -38.4953 -38.9926 -39.4685 -39.9388 -40.3950 -40.8360 -41.2605 -41.6664 -42.0682 -42.4599 -42.8412 -43.2090 -43.5639 -43.9081 -44.2480 -44.5796 -44.8966 -45.2027 -45.4985 -45.7921 -46.0805 -46.3592 -46.6299 -46.8933
-34.3380 -33.8529 -33.5123 -33.3574 -33.4009 -33.6014 -33.9244 -34.3344 -34.7983 -35.2745 -35.7645 -36.2474 -36.7552 -37.2441 -37.7242 -38.2105 -38.6917 -39.1603 -39.6164 -40.0658 -40.5024 -40.9271 -41.3395 -41.7472 -42.1441 -42.5253 -42.8920 -43.2516 -43.6024 -43.9430 -44.2743 -44.5958 -44.9089 -45.2148 -45.5147 -45.8076 -46.0924 -46.3657 -46.6325 -46.8936
-34.8528 -34.5077 -34.2528 -34.1385 -34.1522 -34.3170 -34.5822 -34.9339 -35.3198 -35.7659 -36.1950 -36.6603 -37.1130 -37.5626 -38.0062 -38.4484 -38.9007 -39.3457 -39.7838 -40.2151 -40.6314 -41.0385 -41.4398 -41.8340 -42.2170 -42.5924 -42.9603 -43.3126 -43.6536 -43.9860 -44.3118 -44.6300 -44.9392 -45.2424 -45.5348 -45.8214 -46.1027 -46.3762 -46.6455 -46.9083
-35.3599 -35.1438 -34.9668 -34.8866 -34.9159 -35.0397 -35.2609 -35.5447 -35.9149 -36.2636 -36.6451 -37.0870 -37.5006 -37.9221 -38.3303 -38.7416 -39.1371 -39.5483 -39.9667 -40.3758 -40.7741 -41.1717 -41.5586 -41.9361 -42.3078 -42.6708 -43.0258 -43.3709 -43.7123 -44.0456 -44.3654 -44.6767 -44.9799 -45.2756 -45.5652 -45.8450 -46.1221 -46.3951 -46.6594 -46.9177
-35.8577 -35.7456 -35.6474 -35.6078 -35.6450 -35.7441 -35.9353 -36.1762 -36.4764 -36.7835 -37.1616 -37.5360 -37.9178 -38.2910 -38.6855 -39.0645 -39.4367 -39.8078 -40.1596 -40.5486 -40.9353 -41.3151 -41.6862 -42.0582 -42.4163 -42.7659 -43.1077 -43.4425 -43.7749 -44.0987 -44.4151 -44.7261 -45.0276 -45.3197 -45.6047 -45.8808 -46.1526 -46.4205 -46.6804 -46.9362
-36.3600 -36.3255 -36.2881 -36.2748 -36.3298 -36.4398 -36.5822 -36.8264 -37.0408 -37.3417 -37.6659 -38.0000 -38.3460 -38.7002 -39.0552 -39.4070 -39.7579 -40.1007 -40.4412 -40.7707 -41.1032 -41.4685 -41.8313 -42.1857 -42.5289 -42.8717 -43.2049 -43.5331 -43.8538 -44.1670 -44.4754 -44.7768 -45.0731 -45.3628 -45.6459 -45.9194 -46.1883 -46.4547 -46.7127 -46.9644
-36.8778 -36.8815 -36.8926 -36.9246 -36.9857 -37.0922 -37.2323 -37.4206 -37.6027 -37.8848 -38.1664 -38.4746 -38.7801 -39.1144 -39.4415 -39.7660 -40.0886 -40.4156 -40.7290 -41.0435 -41.3548 -41.6609 -41.9828 -42.3204 -42.6570 -42.9869 -43.3081 -43.6299 -43.9427 -44.2485 -44.5489 -44.8425 -45.1302 -45.4117 -45.6888 -45.9593 -46.2272 -46.4917 -46.7482 -46.9982
-37.3951 -37.4359 -37.4839 -37.5264 -37.6103 -37.7077 -37.8686 -37.9909 -38.2108 -38.4301 -38.6794 -38.9472 -39.2341 -39.5315 -39.8350 -40.1350 -40.4406 -40.7344 -41.0379 -41.3295 -41.6246 -41.9154 -42.2018 -42.4843 -42.7920 -43.1071 -43.4246 -43.7348 -44.0360 -44.3377 -44.6302 -44.9155 -45.1977 -45.4742 -45.7448 -46.0108 -46.2693 -46.5283 -46.7840 -47.0329
-37.9072 -37.9800 -38.0406 -38.1137 -38.1939 -38.3409 -38.4358 -38.5405 -38.7618 -38.9682 -39.1897 -39.4254 -39.6873 -39.9570 -40.2315 -40.5136 -40.7916 -41.0760 -41.3475 -41.6287 -41.9072 -42.1797 -42.4512 -42.7166 -42.9835 -43.2499 -43.5457 -43.8447 -44.1417 -44.4317 -44.7149 -44.9989 -45.2739 -45.5404 -45.8086 -46.0718 -46.3265 -46.5783 -46.8282 -47.0719
-38.4195 -38.5092 -38.5791 -38.6650 -38.7552 -38.8839 -38.9605 -39.1486 -39.2902 -39.4898 -39.6851 -39.9029 -40.1398 -40.3824 -40.6343 -40.8938 -41.1532 -41.4100 -41.6745 -41.9352 -42.1930 -42.4572 -42.7100 -42.9637 -43.2136 -43.4650 -43.7137 -43.9706 -44.2503 -44.5323 -44.8112 -45.0836 -45.3504 -45.6194 -45.8819 -46.1364 -46.3867 -46.6352 -46.8810 -47.1188
-38.9314 -39.0182 -39.1049 -39.1943 -39.3264 -39.3950 -39.4726 -39.6769 -39.8328 -39.9954 -40.1736 -40.3737 -40.5865 -40.8054 -41.0381 -41.2776 -41.5166 -41.7548 -41.9995 -42.2487 -42.4943 -42.7324 -42.9804 -43.2149 -43.4572 -43.6938 -43.9282 -44.1633 -44.3930 -44.6441 -44.9100 -45.1766 -45.4389 -45.6994 -45.9523 -46.2072 -46.4530 -46.6941 -46.9352 -47.1702
0.0000 0.0000 0.0000 -39.7151 -39.8201 -39.8845 -40.0461 -40.1704 -40.3378 -40.4811 -40.6529 -40.8400 -41.0296 -41.2272 -41.4406 -41.6578 -41.8820 -42.1035 -42.3296 -42.5645 -42.7931 -43.0255 -43.2471 -43.4774 -43.7055 -43.9307 -44.1539 -44.3745 -44.5951 -44.8130 -45.0265 -45.2746 -45.5307 -45.7856 -46.0368 -46.2826 -46.5229 -46.7610 -46.9995 -47.2289
0.0000 0.0000 0.0000 0.0000 -40.2889 -40.3532 -40.5345 -40.6642 -40.8153 -40.9594 -41.1144 -41.2860 -41.4622 -41.6482 -41.8377 -42.0396 -42.2417 -42.4543 -42.6688 -42.8768 -43.0999 -43.3129 -43.5318 -43.7402 -43.9562 -44.1746 -44.3856 -44.5968 -44.8035 -45.0126 -45.2197 -45.4243 -45.6358 -45.8791 -46.1227 -46.3638 -46.6022 -46.8323 -47.0600 -47.2910
-51.9829 -57.5829 -58.1856 0.0000 -40.7407 -40.8899 -41.0087 -41.1402 -41.2708 -41.4206 -41.5765 -41.7225 -41.8840 -42.0553 -42.2375 -42.4132 -42.6041 -42.7995 -43.0006 -43.2039 -43.3959 -43.6079 -43.8088 -44.0150 -44.2149 -44.4159 -44.6219 -44.8234 -45.0229 -45.2192 -45.4150 -45.6155 -45.8141 -46.0097 -46.2201 -46.4501 -46.6816 -46.9075 -47.1346 -47.3591
-40.8555 0.0000 -55.6382 -55.0381 -49.8240 -41.3496 -41.4635 -41.5914 -41.7148 -41.8575 -42.0049 -42.1450 -42.2951 -42.4607 -42.6201 -42.7936 -42.9606 -43.1444 -43.3322 -43.5191 -43.7122 -43.8905 -44.0933 -44.2843 -44.4783 -44.6697 -44.8587 -45.0509 -45.2432 -45.4325 -45.6205 -45.8084 -45.9996 -46.1892 -46.3763 -46.5616 -46.7711 -46.9866 -47.2067 -47.4280
0.0000 0.0000 0.0000 -53.5919 -50.2850 -41.7904 -41.9055 -42.0262 -42.1453 -42.2820 -42.4254 -42.5753 -42.6985 -42.8476 -43.0047 -43.1589 -43.3215 -43.4886 -43.6582 -43.8374 -44.0121 -44.1961 -44.3650 -44.5580 -44.7389 -44.9221 -45.1050 -45.2839 -45.4635 -45.6470 -45.8302 -46.0119 -46.1919 -46.3717 -46.5511 -46.7311 -46.9091 -47.0848 -47.2906 -47.5029
0.0000 0.0000 0.0000 -53.0029 -50.7268 -42.2194 -42.3315 -42.4463 -42.5646 -42.6898 -42.8246 -42.9593 -43.0847 -43.2307 -43.3754 -43.5191 -43.6755 -43.8283 -43.9898 -44.1474 -44.3181 -44.4825 -44.6598 -44.8210 -45.0032 -45.1738 -45.3478 -45.5223 -45.6929 -45.8624 -46.0399 -46.2155 -46.3890 -46.5617 -46.7316 -46.9032 -47.0741 -47.2453 -47.4112 -47.5902
-53.8946 -56.5019 -59.0558 -52.8832 -51.1577 -49.8534 -42.7403 -42.8437 -42.9690 -43.0932 -43.2119 -43.3447 -43.4783 -43.6048 -43.7356 -43.8777 -44.0162 -44.1696 -44.3126 -44.4684 -44.6171 -44.7795 -44.9382 -45.1047 -45.2601 -45.4310 -45.5938 -45.7597 -45.9257 -46.0903 -46.2550 -46.4222 -46.5912 -46.7564 -46.9226 -47.0854 -47.2486 -47.4116 -47.5720 -47.7355
-51.9926 -54.4824 -54.0298 -52.9531 -51.5692 -50.4357 -43.1352 -43.2412 -43.3594 -43.4752 -43.5907 -43.7170 -43.8477 -43.9677 -44.0936 -44.2177 -44.3605 -44.4921 -44.6378 -44.7747 -44.9244 -45.0674 -45.2226 -45.3739 -45.5315 -45.6806 -45.8413 -45.9974 -46.1552 -46.3155 -46.4752 -46.6323 -46.7903 -46.9536 -47.1123 -47.2687 -47.4269 -47.5835 -47.7359 -47.8915
-51.4092 -53.4060 -53.6238 -53.1169 -51.9638 -50.9829 -43.5165 -43.6246 -43.7341 -43.8451 -43.9612 -44.0763 -44.2051 -44.3238 -44.4377 -44.5600 -44.6889 -44.8179 -44.9495 -45.0832 -45.2151 -45.3588 -45.4987 -45.6459 -45.7893 -45.9399 -46.0831 -46.2348 -46.3846 -46.5368 -46.6917 -46.8447 -46.9946 -47.1452 -47.3013 -47.4528 -47.6029 -47.7553 -47.9059 -48.0523
-51.2970 -52.8779 -53.3916 -53.1299 -52.3445 -51.4850 -43.9134 -43.9917 -44.0976 -44.2063 -44.3127 -44.4280 -44.5475 -44.6676 -44.7826 -44.8914 -45.0100 -45.1391 -45.2574 -45.3865 -45.5099 -45.6405 -45.7762 -45.9111 -46.0500 -46.1882 -46.3313 -46.4690 -46.6128 -46.7595 -46.9049 -47.0524 -47.2005 -47.3452 -47.4897 -47.6372 -47.7844 -47.9280 -48.0731 -48.2151
-51.3891 -52.6528 -53.2916 -53.1486 -52.7125 -51.9500 -51.4460 -44.3464 -44.4511 -44.5542 -44.6603 -44.7748 -44.8790 -44.9990 -45.1057 -45.2004 -45.3295 -45.4410 -45.5642 -45.6788 -45.8049 -45.9231 -46.0492 -46.1774 -46.3065 -46.4403 -46.5726 -46.7090 -46.8421 -46.9798 -47.1229 -47.2611 -47.4029 -47.5452 -47.6831 -47.8205 -47.9577 -48.1023 -48.2411 -48.3748
