-73.0577
-72.3285
-70.9000
-70.3303
-70.0153
-70.0599
-69.0247
-69.1104
-70.2233
-70.2996
-70.2378
-71.5504
-70.8269
-70.9886
-71.0130
-72.0928
-72.7813
-71.0211
-70.6783
-71.0645
-71.1387
-70.2532
-70.2076
-69.6052
-69.6561
-70.3014
-70.2216
-70.1202
-70.0216
-69.9360
-69.5337
-69.4952
-69.4695
-69.3976
-69.8670
-69.6090
-69.6669
-69.7263
-69.7862
-73.8812
-73.0556
-70.6813
-70.2318
-70.4839
-69.4121
-69.1378
-70.4691
-70.7698
-70.5993
-70.4228
-70.1320
-70.0994
-70.5642
-70.5672
-71.5944
-71.7048
-71.0577
-71.0768
-71.0863
-71.0482
-71.5853
-72.0947
-73.4258
-70.6734
-70.6222
-70.4832
-70.3051
-70.2064
-70.1025
-69.6077
-69.5688
-69.4455
-69.4151
-69.3959
-69.4190
-69.4667
-70.0081
-69.4659
-69.5210
-74.8766
-71.9643
-71.0554
-69.7461
-69.4876
-71.1395
-71.3498
-71.1031
-70.8630
-70.6127
-69.6287
-69.4324
-69.7943
-69.7316
-69.6930
-71.3409
-71.5370
-71.6837
-71.2321
-71.3296
-71.1976
-72.1710
-73.0352
-70.8854
-70.7079
-70.3382
-70.2183
-69.7049
-69.5192
-69.4828
-69.4550
-69.4211
-69.4081
-69.4165
-69.4584
-68.9386
-69.4282
-69.5559
-75.1894
-71.4818
-69.7804
-71.4295
-73.5945
-72.1330
-71.0286
-70.6797
-69.4271
-69.3516
-69.1290
-69.4178
-70.1929
-70.4160
-70.5721
-70.5942
-71.3716
-71.1006
-71.2947
-71.7660
-73.0585
-70.6196
-70.4474
-70.2759
-69.5802
-69.5390
-69.5063
-69.4828
-69.4527
-69.4408
-69.4123
-69.3878
-68.6773
-68.9739
-69.0210
-69.1789
-69.1376
-69.6143
-80.6877
-73.8472
-71.9157
-69.9552
-69.1412
-68.8401
-68.6672
-69.7626
-69.9605
-70.3279
-70.4022
-70.4720
-70.4938
-70.6076
-71.3814
-71.7393
-71.9498
-70.5547
-69.6199
-69.6016
-69.5532
-69.5190
-69.4833
-69.4477
-69.4162
-69.3504
-68.8221
-63.6603
-68.8583
-69.4641
-68.9043
-68.9561
-69.0951
-69.1636
-73.0308
-69.6134
-69.1020
-69.0436
-69.2665
-69.3821
-70.0109
-70.0306
-70.0664
-70.5892
-70.6037
-70.3069
-70.3042
-70.3754
-71.9626
-69.5346
-69.4462
-69.3794
-69.3314
-69.2849
-69.5308
-69.4794
-69.5016
-69.4333
-68.7892
-68.7608
-63.5546
-69.1533
-68.7687
-69.2794
-69.3475
-69.1223
-69.1139
-69.1933
-69.0100
-69.1664
-69.1330
-69.8408
-69.9430
-70.0063
-69.9508
-70.4980
-70.5729
-70.6171
-70.6396
-70.3887
-69.9192
-69.8937
-70.5351
-70.4283
-69.6461
-69.5257
-69.4523
-69.3941
-69.3405
-69.0540
-69.3085
-69.2220
-68.5615
-68.5254
-68.4895
-68.8185
-63.5472
-68.4072
-68.8944
-69.2668
-69.5276
-69.0613
-69.1751
-69.1429
-70.9922
-69.9225
-69.8863
-69.7883
-69.9567
-70.1566
-70.2397
-70.8482
-70.7076
-70.8351
-70.6096
-70.6620
-70.2331
-70.4764
-70.2867
-69.8467
-70.5603
-70.4025
-70.2657
-69.5336
-69.4637
-69.5677
-69.4559
-69.3307
-69.2175
-68.5525
-68.5161
-68.3136
-68.8272
-68.8060
-63.3800
-68.8360
-69.0816
-69.1250
-69.1641
-68.5276
-68.8487
-68.7983
-68.8798
-70.2118
-70.2287
-70.2365
-70.2328
-71.0529
-71.4043
-71.3070
-71.3548
-71.2043
-71.0382
-71.6326
-71.6710
-70.9427
-70.1900
-70.5035
-70.3416
-70.7004
-70.5244
-70.3763
-69.9361
-69.7535
-69.6195
-69.4571
-69.2999
-68.5648
-68.5264
-68.4921
-68.8564
-68.8428
-68.8289
-68.3209
-63.5590
-69.0275
-69.0643
-69.1071
-69.1089
-68.5032
-68.8365
-69.9463
-69.7886
-69.8155
-70.2811
-70.2944
-70.3691
-75.0364
-75.0574
-72.1783
-71.9928
-71.8092
-71.6924
-71.6145
-71.5384
-71.1570
-71.1582
-71.6616
-71.7860
-70.6602
-70.8107
-70.6958
-70.5731
-69.6816
-69.4487
-69.2492
-68.5180
-68.4771
-68.2761
-68.8382
-68.8334
-68.8243
-68.4842
-69.0092
-68.9739
-68.9820
-69.0147
-69.0066
-69.0078
-68.2655
-69.4703
-69.8289
-70.0165
-69.9151
-70.0478
-70.6788
-72.5360
-72.2929
-71.8659
-71.7167
-71.4493
-71.6668
-71.8535
-71.1688
-70.8730
-70.4554
-70.0828
-69.1855
-68.4620
-68.2469
-68.8283
-68.8315
-68.8330
-69.0671
-68.4672
-68.9961
-68.9495
-68.9140
-68.8821
-68.8617
-68.8614
-68.4509
-68.9702
-69.0221
-69.4325
-69.5684
-69.7101
-69.8801
-70.5521
-71.9322
-72.0419
-71.7937
-70.4554
-70.0266
-70.9615
-71.2962
-71.9914
-70.6390
-70.0483
-68.9687
-68.2191
-68.2038
-68.8213
-68.8369
-69.1006
-69.0993
-68.4393
-68.9877
-68.9375
-68.8921
-68.7862
-68.7205
-68.2825
-68.3264
-68.3724
-68.7953
-68.8749
-69.2469
-69.3784
-69.5124
-69.3427
-69.8326
-70.4632
-70.5354
-69.3566
-69.3798
-69.9230
-70.7364
-70.3737
-71.2140
-72.0695
-70.7568
-69.1360
-69.1332
-68.8191
-68.8391
-69.1408
-69.1720
-69.1159
-68.4060
-68.9815
-68.9283
-68.8562
-68.7217
-68.6241
-68.1676
-68.2008
-68.2443
-68.2902
-68.6710
-68.5265
-68.8270
-68.9275
-69.0095
-69.0261
-68.7891
-68.7756
-69.0035
-70.1446
-70.3393
-70.4380
-69.9660
-68.9480
-68.9221
-68.8989
-68.3563
-70.6156
-71.2388
-68.8013
-68.7836
-69.1388
-69.5101
-69.8290
-69.8235
-69.2372
-69.1253
-68.3734
-68.9803
-68.9231
-68.7987
-68.6515
-68.1290
-68.0939
-68.0823
-68.1145
-67.9009
-67.9671
-68.9560
-69.0356
-69.3132
-69.1621
-69.2629
-69.3573
-69.2828
-69.0209
-69.8823
-70.0803
-70.5461
-70.6585
-69.2435
-69.6016
-69.5663
-68.9247
-68.6669
-69.1860
-69.0906
-69.2301
-68.8898
-68.4934
-69.2856
-69.8007
-69.8709
-70.3528
-69.4707
-69.2963
-68.4404
-68.5834
-68.5175
-68.3241
-68.1282
-68.0855
-68.0450
-68.0089
-63.0090
-67.7968
-67.8610
-67.9309
-68.9360
-69.0418
-69.0588
-69.4991
-69.5889
-69.3600
-69.4137
-70.5351
-70.7413
-70.8805
-71.6416
-70.6473
-70.6379
-70.1341
-69.3671
-69.3741
-69.0481
-69.1429
-69.4311
-69.2458
-69.3532
-71.8086
-70.9338
-70.8550
-70.6738
-69.8940
-69.0672
-68.1706
-68.8003
-68.6969
-68.2491
-67.7593
-67.7105
-67.4078
-67.3956
-67.3831
-62.8606
-67.4236
-67.4743
-67.5210
-68.8579
-68.9395
-69.0896
-69.5664
-69.7386
-69.8538
-72.7080
-73.2440
-72.2406
-72.2421
-70.4915
-70.4404
-69.4949
-69.3067
-69.0108
-69.0991
-69.1822
-69.2687
-70.4121
-71.6086
-71.2317
-70.8782
-70.5853
-68.7390
-69.3295
-68.3782
-68.2937
-67.8843
-67.5497
-67.5176
-67.1133
-67.0951
-67.3817
-62.8350
-67.4098
-67.4552
-67.5076
-68.7449
-68.9674
-69.1819
-69.7725
-70.0978
-73.0492
-72.2643
-70.4071
-69.4266
-69.3156
-68.9962
-68.6407
-69.0611
-69.1714
-69.2790
-70.4076
-71.6982
-71.2770
-70.8976
-69.3697
-70.2886
-68.5294
-68.0938
-68.0815
-68.0636
-68.0404
-68.0118
-67.9830
-67.9439
-67.0761
-62.6985
-67.0782
-67.1245
-67.1674
-68.6780
-68.7930
-69.0168
-69.2173
-70.0289
-72.5855
-70.2248
-69.1940
-68.8077
-68.7913
-68.8826
-68.5443
-68.5995
-68.6342
-68.6111
-68.8234
-71.8296
-71.3786
-69.4413
-69.1994
-68.6892
-68.1623
-68.1559
-68.1439
-68.1268
-68.1099
-68.0821
-68.0490
-68.0110
-67.9628
-63.0484
-67.4922
-67.5433
-67.5970
-67.9836
-67.9773
-68.0009
-69.2928
-69.5678
-69.5731
-68.2731
-68.2559
-68.6851
-68.6805
-68.7090
-68.7433
-67.9255
-67.9903
-68.1145
-68.7190
-71.9020
-68.6443
-68.7389
-68.7604
-68.7676
-68.2457
-68.2194
-68.2139
-68.1971
-68.1752
-68.1482
-68.1161
-68.0725
-68.0318
-68.0003
-67.9985
-68.0280
-67.5992
-67.8799
-67.8714
-67.8762
-68.1925
-68.2087
-68.1912
-68.1772
-68.1597
-68.1498
-68.1437
-68.1503
-68.1623
-68.1606
-68.0571
-68.1316
-67.9068
-67.9737
-68.0216
-68.1068
-68.1741
-68.5053
-68.5934
-68.6928
-68.7613
-68.8159
-68.8664
-68.8322
-68.8561
-68.2914
-68.2802
-68.2641
-68.2428
-68.2152
-68.1771
-68.1491
-68.1097
-68.0712
-68.0662
-68.1005
-68.1359
-67.8041
-67.7971
-67.8040
-68.0813
-68.0716
-68.0489
-68.0438
-68.0364
-68.0327
-68.0423
-68.0607
-67.5567
-67.5998
-67.6643
-67.7282
-67.5350
-67.9626
-68.0099
-68.0970
-68.1600
-68.6116
-68.7971
-68.8973
-68.9740
-69.0446
-69.1028
-68.9046
-68.9451
-68.3692
-68.3763
-68.3827
-68.3745
-68.3482
-68.3336
-68.2207
-68.1820
-68.1416
-68.1334
-68.4287
-68.4497
-68.0103
-67.6890
-67.6607
-67.9324
-67.9307
-67.9193
-67.9260
-67.9309
-67.9388
-67.4232
-67.4887
-67.5534
-67.6006
-67.6679
-67.7330
-67.8170
-67.5855
-67.6053
-68.0769
-68.0841
-68.2156
-68.7568
-68.8907
-68.9643
-69.0226
-69.0768
-69.1271
-69.1850
-68.6237
-68.6215
-68.6177
-68.3694
-68.3679
-68.3656
-68.3395
-68.5909
-68.5498
-68.5431
-68.5423
-68.5595
-67.8241
-67.5312
-67.4993
-67.7653
-67.7767
-67.7967
-67.8272
-67.2902
-67.3573
-67.4266
-67.4987
-67.5676
-67.6168
-67.6852
-67.7506
-67.8375
-67.5999
-67.5839
-67.5971
-67.7282
-67.7795
-68.7283
-68.8533
-68.9489
-69.0023
-69.0518
-69.0975
-69.1509
-68.5989
-68.5857
-68.6281
-68.9654
-68.9510
-68.9376
-68.9212
-68.8986
-68.8400
-63.0238
-68.4965
-67.9373
-67.6388
-67.3657
-67.3501
-67.3490
-67.0353
-67.1340
-67.1986
-67.2742
-67.3521
-67.4314
-67.5118
-67.5882
-67.6432
-67.7149
-67.7834
-67.8668
-67.8627
-67.5464
-67.7116
-67.7512
-67.7869
-67.8189
-68.3042
-68.9436
-68.9917
-69.0357
-69.0759
-69.1234
-69.5571
-68.9007
-68.9226
-68.9437
-68.9594
-68.9307
-68.8896
-68.8121
-68.7478
-63.0401
-68.1347
-68.1941
-67.2329
-67.4737
-66.6285
-66.6898
-66.9904
-67.0918
-67.2209
-67.2727
-67.3559
-67.4384
-67.5207
-67.5977
-67.6518
-67.7288
-67.7747
-67.8027
-67.8023
-67.6916
-67.7389
-67.7768
-67.8105
-67.8392
-68.3008
-68.4005
-68.4435
-69.4640
-69.4795
-69.5279
-69.5511
-68.8689
-68.8846
-68.8992
-68.9137
-68.8799
-68.8203
-68.7279
-68.0026
-62.8020
-68.0360
-68.1274
-66.4817
-66.7402
-66.5895
-66.6621
-66.9547
-67.0737
-67.2033
-67.3447
-67.3674
-67.4511
-67.5346
-67.6114
-67.6669
-67.6880
-67.6931
-67.7200
-67.9652
-67.9979
-67.7530
-67.7771
-67.8148
-68.2083
-68.2312
-68.7892
-68.8571
-68.8528
-68.8648
-68.8703
-69.5472
-68.8746
-68.8605
-68.8510
-68.7952
-68.7454
-68.7017
-68.0122
-67.9870
-62.7659
-67.9834
-68.0546
-66.4377
-66.4936
-66.8201
-66.6371
-66.7264
-67.0693
-67.2064
-67.3472
-67.4743
-67.4702
-67.5515
-67.6168
-67.5986
-67.6038
-67.6073
-67.9181
-67.9687
-67.9981
-68.1259
-68.1354
-68.1615
-68.1837
-68.2027
-68.7270
-68.8128
-68.8593
-68.8717
-68.8898
-68.9305
-68.8854
-68.7758
-68.7135
-68.6582
-67.9273
-67.9262
-67.9283
-67.9350
-62.7810
-67.9962
-68.0641
-66.4086
-66.4842
-66.8005
-66.6443
-66.7384
-67.0739
-67.2165
-67.3536
-67.4786
-67.6076
-67.5321
-67.5351
-67.5146
-67.5182
-67.8407
-68.3548
-68.3926
-68.4079
-68.4613
-68.1360
-68.1381
-68.1558
-68.1708
-68.1930
-68.7539
-68.8595
-68.9013
-68.9131
-68.8212
-68.7263
-68.0405
-67.9746
-67.3238
-67.8279
-67.8289
-67.8344
-67.8460
-67.8815
-68.0938
-68.2417
-66.2403
-66.3162
-66.6012
-66.4755
-66.5634
-66.8697
-67.0033
-67.3727
-67.4839
-67.5383
-67.5935
-67.8830
-67.8438
-68.2324
-68.2828
-68.3593
-68.3914
-68.4002
-68.4493
-68.4697
-68.1097
-68.1134
-68.1818
-68.2272
-68.7840
-68.8882
-68.8136
-68.7045
-68.6182
-68.5207
-67.2475
-67.2092
-67.3152
-67.2963
-67.2799
-67.8208
-67.8643
-67.8918
-67.9853
-68.1520
-65.7983
-65.8679
-65.9429
-66.8341
-66.6099
-66.6741
-67.0495
-67.1615
-67.6145
-67.6365
-67.6758
-67.7115
-67.9033
-67.9455
-67.9823
-68.0444
-68.0381
-68.0549
-68.0919
-68.4967
-68.1765
-68.2074
-68.2264
-68.2592
-68.7099
-68.6674
-68.5958
-68.6719
-67.7996
-67.7664
-67.7125
-67.1979
-67.1724
-67.1484
-67.1270
-67.1094
-67.0981
-67.1053
-67.7926
-68.0069
-65.8447
-65.9173
-65.9867
-66.3297
-66.1300
-66.5565
-66.8021
-66.8793
-67.5566
-67.5556
-67.6014
-68.1389
-67.9459
-67.9913
-68.0256
-68.0860
-68.4996
-68.2779
-67.3055
-68.2228
-68.3270
-68.0130
-68.1557
-68.0183
-67.8735
-68.2317
-68.1800
-67.3692
-67.3391
-67.2925
-67.5641
-67.0474
-67.0146
-66.9825
-66.9516
-66.9235
-66.9005
-66.8904
-66.9319
-67.0547
-66.5452
-67.1102
-67.1796
-67.2264
-67.2104
-66.5039
-66.7224
-66.7950
-66.8357
-66.8193
-67.2883
-67.3881
-67.9801
-68.9547
-68.7298
-68.5998
-68.2750
-67.4306
-68.6003
-68.7137
-68.7674
-68.2183
-68.0441
-67.8707
-67.7152
-67.2809
-67.3148
-67.3098
-67.2792
-67.2319
-67.1642
-66.6684
-66.6243
-66.5789
-66.5322
-66.4844
-66.4357
-66.3881
-66.3697
-66.4011
-67.2713
-67.3574
-67.4376
-67.4125
-67.5045
-67.3759
-67.3349
-67.7336
-67.8717
-68.5287
-68.2444
-68.3088
-68.3233
-68.2305
-68.0352
-67.6892
-67.4298
-68.8651
-68.9675
-68.9082
-68.6755
-68.4545
-67.8564
-67.6705
-66.8769
-66.8404
-67.2184
-67.2477
-67.2171
-67.1693
-67.1010
-66.6241
-66.5557
-66.5098
-66.4625
-66.4140
-66.3645
-66.3155
-62.0182
-66.3188
-67.5295
-67.6072
-67.8810
-67.8992
-68.0665
-67.9935
-68.0758
-69.2499
-70.5059
-70.0350
-66.7474
-68.4818
-68.2502
-68.1958
-68.0043
-67.7560
-67.5323
-68.1874
-66.8997
-66.8452
-66.8088
-66.7717
-67.1154
-67.1525
-67.1517
-67.1048
-67.0366
-66.9766
-66.4854
-66.4390
-66.3913
-66.2764
-66.2507
-66.2236
-61.9636
-66.2327
-67.4638
-67.4763
-67.5034
-67.5348
-67.5800
-68.2747
-68.3058
-69.1312
-72.2014
-69.3021
-69.4839
-68.5651
-68.2870
-67.8884
-67.5752
-66.4524
-66.4069
-66.3667
-66.0676
-66.0249
-66.6992
-66.6612
-67.0448
-67.0795
-67.0313
-66.9619
-66.7787
-66.3238
-66.3050
-66.2826
-66.2562
-66.2048
-66.1416
-61.8997
-66.1241
-67.4247
-66.7070
-66.6827
-66.6640
-67.3335
-67.5112
-67.3973
-68.4932
-67.5412
-67.8250
-67.9607
-67.9637
-68.0569
-68.6547
-69.2317
-69.8379
-69.3090
-68.6971
-67.1979
-66.3961
-66.3438
-66.2991
-66.0097
-65.9491
-65.9047
-65.8599
-65.9871
-66.0520
-66.0737
-66.8024
-66.7765
-66.3224
-66.2632
-66.2152
-66.1533
-66.1026
-65.9771
-61.8116
-65.9555
-66.6719
-66.6471
-67.4919
-67.6652
-67.9684
-68.8108
-68.9884
-66.8034
-66.7272
-67.6745
-67.6710
-67.8708
-67.8821
-68.2220
-68.7877
-70.3430
-67.5269
-67.5057
-67.4318
-67.3676
-67.3054
-67.2509
-66.7692
-65.7951
-65.7997
-65.8002
-65.8004
-66.1722
-66.2171
-66.1639
-66.1069
-66.0449
-65.5974
-66.2960
-66.2514
-66.2049
-65.9055
-65.8606
-65.8731
-66.4361
-66.3974
-66.3599
-66.3236
-66.2885
-66.2535
-66.2219
-66.1905
-66.1605
-66.1325
-66.2208
-66.1985
-66.1766
-66.1548
-66.1683
-66.8174
-66.8096
-67.0590
-67.1129
-66.7730
-66.8155
-66.8661
-66.9193
-66.9337
-66.9263
-66.6191
-66.6080
-66.5698
-66.9345
-66.1631
-66.1179
-66.0563
-65.9882
-65.5424
-65.4933
-65.4419
-65.3884
-65.3332
-65.2990
-66.0350
-66.9510
-66.3088
-66.2703
-66.2333
-66.1979
-66.1639
-66.1313
-66.1000
-66.0704
-66.0427
-66.1354
-66.1143
-66.0936
-66.0732
-66.0528
-65.6400
-65.6674
-65.8777
-65.9579
-66.0424
-66.8262
-66.8835
-66.9247
-66.9576
-66.9656
-66.6596
-66.6289
-66.6186
-66.9588
-67.0122
-66.9953
-66.9227
-66.8180
-66.2367
-65.4366
-65.3855
-65.3320
-65.2764
-65.2214
-65.2084
