-68.0473
-68.0871
-68.6116
-68.6781
-68.7996
-68.9204
-69.1220
-69.3204
-69.4318
-69.5414
-69.1696
-69.2717
-69.3716
-69.4704
-69.5676
-69.6633
-69.9084
-69.9970
-70.1617
-71.3691
-69.1663
-69.1124
-69.2012
-69.2906
-65.6093
-65.6885
-65.7339
-65.7617
-65.6834
-66.1307
-66.1686
-66.2053
-66.2425
-66.2798
-66.3171
-66.3542
-66.3913
-66.4297
-66.5504
-66.5916
-68.1474
-68.1836
-68.2220
-68.6948
-68.7602
-68.8815
-69.0680
-69.1772
-68.9043
-69.0098
-69.1136
-69.2153
-69.3159
-69.4150
-69.6626
-69.7548
-69.8453
-69.9340
-70.0213
-70.1091
-70.2101
-71.4558
-66.2998
-65.5067
-65.5790
-65.6404
-65.5299
-65.5911
-65.6519
-65.7123
-65.7722
-66.2071
-66.2440
-66.2812
-66.3182
-66.3551
-66.3922
-66.4296
-66.4670
-66.5046
-67.6369
-68.2842
-68.3185
-68.3573
-68.4778
-68.9072
-69.0142
-68.6794
-68.7823
-68.9561
-69.0597
-69.1619
-69.2627
-69.5075
-69.6013
-69.6935
-69.7840
-69.8730
-69.9604
-70.0465
-70.1348
-65.8211
-65.9007
-66.3479
-66.1902
-65.4400
-65.5005
-65.5612
-65.6216
-65.6817
-65.7414
-65.8006
-65.8590
-65.9443
-66.3178
-66.3549
-66.3921
-66.4295
-66.4668
-66.5043
-68.2502
-67.7417
-67.8773
-68.5157
-68.5414
-68.5698
-68.5856
-68.6366
-68.7380
-68.8388
-69.0095
-69.1114
-69.3528
-69.4481
-69.5419
-69.6341
-69.7248
-69.8139
-69.9017
-65.7251
-65.7422
-65.8040
-65.8657
-65.7375
-65.7972
-65.8528
-66.2221
-65.5330
-65.5927
-65.6522
-65.7115
-65.7702
-65.8284
-65.8859
-65.9435
-66.0006
-66.3910
-66.4283
-66.4657
-66.5031
-68.2648
-68.4278
-68.5241
-67.9763
-68.2146
-68.2433
-68.2746
-68.6490
-68.6986
-68.7981
-69.0351
-69.2006
-69.2966
-69.3913
-69.4846
-69.5767
-69.6674
-69.7569
-65.6047
-65.6590
-65.7311
-65.7696
-65.6432
-65.7038
-65.7637
-65.8230
-65.8611
-65.9177
-66.2961
-65.6242
-65.6825
-65.7405
-65.7984
-65.8561
-65.9134
-65.9704
-66.0270
-66.0833
-66.4636
-66.5011
-68.3348
-68.4266
-68.5133
-68.1923
-68.2859
-67.7606
-68.3496
-68.3796
-68.4266
-68.8963
-68.9899
-69.0827
-69.2438
-69.3375
-69.4303
-69.5219
-65.5009
-65.5389
-65.5758
-65.6307
-65.4986
-65.5512
-65.6099
-65.6706
-65.7306
-65.7900
-65.8302
-65.8861
-65.9423
-65.9978
-66.3676
-65.7125
-65.7700
-65.8273
-65.8842
-65.9410
-65.9975
-66.0536
-66.1094
-66.1648
-68.3595
-68.4284
-68.0978
-68.1900
-68.2760
-68.3658
-68.4301
-67.9109
-68.6104
-68.6358
-68.9490
-69.0397
-69.1301
-69.2207
-69.3793
-65.3801
-65.4367
-65.4927
-65.5668
-65.4186
-65.4719
-65.5245
-65.5769
-65.6376
-65.6978
-65.7573
-65.8160
-65.8547
-65.9105
-65.9661
-66.0215
-66.0764
-66.1383
-65.7998
-65.8563
-65.9125
-65.9688
-66.0247
-66.0804
-66.1357
-67.9913
-68.0499
-68.1164
-68.1891
-68.2676
-68.3607
-68.5795
-68.6643
-68.6828
-68.1440
-68.7273
-68.7499
-69.0901
-69.1785
-65.2703
-65.3533
-65.4102
-65.3022
-65.3384
-65.3924
-65.4457
-65.4983
-65.5502
-65.6051
-65.6653
-65.7245
-65.7830
-65.8236
-65.8790
-65.9351
-65.9905
-66.0455
-66.1000
-66.1540
-66.2076
-65.8856
-65.9412
-65.9968
-66.0522
-66.1073
-68.0512
-68.0926
-68.1478
-68.2108
-68.2806
-68.4860
-68.5607
-68.6497
-68.7308
-68.7757
-68.2461
-68.2707
-65.0405
-65.1911
-65.2647
-65.3211
-65.2038
-65.2589
-65.3133
-65.3671
-65.4202
-65.4727
-65.5245
-65.5755
-65.6326
-65.6918
-65.7503
-65.8086
-65.8485
-65.9042
-65.9598
-66.0150
-66.0696
-66.1238
-66.1775
-66.2308
-66.2834
-65.9754
-66.0251
-66.0804
-68.1143
-68.1533
-68.2002
-68.3798
-68.4340
-68.4953
-68.5622
-68.6337
-68.7085
-68.7971
-68.8671
-65.0537
-64.8369
-64.8489
-65.0665
-65.1028
-65.1569
-65.2351
-65.2890
-65.3425
-65.3955
-65.4478
-65.4991
-65.5497
-65.6004
-65.6595
-65.7184
-65.7767
-65.8182
-65.8735
-65.9292
-65.9845
-66.0394
-66.0938
-66.1477
-66.2011
-66.2541
-66.3069
-66.3597
-66.0654
-68.1878
-68.2182
-68.3901
-68.4280
-68.4738
-68.5160
-68.5735
-68.6372
-68.7058
-64.9415
-64.9939
-65.0690
-65.1221
-64.9413
-64.7529
-64.7939
-65.1367
-65.1896
-65.2425
-65.3190
-65.3714
-65.4230
-65.4740
-65.5245
-65.5745
-65.6282
-65.6870
-65.7453
-65.8031
-65.8438
-65.8990
-65.9545
-66.0094
-66.0639
-66.1180
-66.1718
-66.2256
-66.2787
-66.3316
-66.3843
-68.2681
-68.4286
-68.4505
-68.4786
-68.5135
-68.5561
-68.6049
-68.6508
-64.8849
-64.9337
-64.9669
-64.8954
-64.9116
-64.9603
-64.9899
-65.0202
-64.8344
-64.9640
-65.2221
-65.2735
-65.3479
-65.3990
-65.4497
-65.5001
-65.5501
-65.5995
-65.6562
-65.7145
-65.7722
-65.8143
-65.8692
-65.9247
-65.9798
-66.0344
-66.0891
-66.1435
-66.1973
-66.2508
-66.3042
-66.3573
-68.4912
-68.5027
-68.5182
-68.5387
-68.5648
-68.5975
-64.8374
-64.8271
-64.8701
-64.9648
-64.8023
-64.8512
-64.9009
-64.9512
-65.0019
-65.0372
-65.0669
-65.0908
-64.9956
-65.2534
-65.3034
-65.3763
-65.4267
-65.4768
-65.5265
-65.5757
-65.6259
-65.6842
-65.7420
-65.7993
-65.8406
-65.8954
-65.9509
-66.0061
-66.0610
-66.1154
-66.1697
-66.2238
-66.2774
-66.3304
-68.5719
-68.5793
-68.5902
-68.6051
-68.6247
-64.7610
-64.8305
-64.8508
-64.7688
-64.7582
-64.8024
-64.8450
-64.8925
-64.9410
-64.9901
-65.0396
-65.0786
-65.1117
-65.1350
-65.1642
-65.0824
-65.3336
-65.4051
-65.4546
-65.5038
-65.5527
-65.6012
-65.6545
-65.7122
-65.7695
-65.8121
-65.8673
-65.9231
-65.9784
-66.0333
-66.0883
-66.1428
-66.1969
-66.2506
-66.3036
-68.6563
-68.6569
-68.6645
-64.7713
-64.7650
-64.7776
-64.8451
-64.6855
-64.7222
-64.7612
-64.8026
-64.8455
-64.8903
-64.9330
-64.9801
-65.0277
-65.0757
-65.1224
-65.1507
-65.1784
-65.2073
-65.1175
-65.1672
-65.4339
-65.4824
-65.5308
-65.5789
-65.6267
-65.6831
-65.7408
-65.7982
-65.8404
-65.8955
-65.9513
-66.0067
-66.0617
-66.1162
-66.1702
-66.2239
-66.2770
-69.0197
-68.7383
-64.7314
-64.7578
-64.7853
-64.7257
-64.6667
-64.6986
-64.7322
-64.7679
-64.8057
-64.8459
-64.8877
-64.9308
-64.9720
-65.0176
-65.0640
-65.1110
-65.1585
-65.1935
-65.2168
-65.2494
-65.2833
-65.2012
-65.2475
-65.5102
-65.5577
-65.6054
-65.6559
-65.7134
-65.7705
-65.8140
-65.8692
-65.9250
-65.9803
-66.0352
-66.0897
-66.1437
-66.1973
-66.2504
-69.0959
-64.8553
-64.8613
-64.7811
-64.6265
-64.6546
-64.6835
-64.7136
-64.7450
-64.7779
-64.8126
-64.8491
-64.8876
-64.9280
-64.9698
-65.0131
-65.0545
-65.1001
-65.1463
-65.1928
-65.2351
-65.2587
-65.2867
-65.3195
-65.4241
-65.2829
-65.3514
-65.5860
-65.6331
-65.6869
-65.7442
-65.8013
-65.8441
-65.8991
-65.9543
-66.0090
-66.0634
-66.1173
-66.1708
-66.2239
-64.7810
-64.8751
-64.8069
-64.7201
-64.6470
-64.6728
-64.7007
-64.7295
-64.7592
-64.7900
-64.8218
-64.8552
-64.8905
-64.9277
-64.9671
-65.0081
-65.0506
-65.0943
-65.1356
-65.1809
-65.2267
-65.2726
-65.2994
-65.3271
-65.3560
-65.4551
-65.5011
-65.3843
-65.4322
-65.6623
-65.7191
-65.7758
-65.8192
-65.8736
-65.9285
-65.9830
-66.0373
-66.0912
-66.1442
-66.1968
-64.7690
-64.6341
-64.6844
-64.7370
-64.7627
-64.7890
-64.7178
-64.7456
-64.7739
-64.8028
-64.8327
-64.8639
-64.8965
-64.9309
-64.9674
-65.0059
-65.0460
-65.0874
-65.1302
-65.1741
-65.2152
-65.2600
-65.3054
-65.3402
-65.3682
-65.3969
-65.4262
-65.5323
-65.5984
-65.4630
-65.5191
-65.7511
-65.8069
-65.8492
-65.9033
-65.9576
-66.0113
-66.0645
-66.1175
-66.1701
-64.5715
-64.6220
-64.6720
-64.7216
-64.7783
-64.8041
-64.8304
-64.7622
-64.7881
-64.8160
-64.8446
-64.8741
-64.9050
-64.9372
-64.9710
-65.0065
-65.0440
-65.0833
-65.1238
-65.1656
-65.2085
-65.2528
-65.2942
-65.3391
-65.3844
-65.4089
-65.4379
-65.4671
-65.5597
-65.6284
-65.6736
-65.5501
-65.6104
-65.8254
-65.8785
-65.9320
-65.9854
-66.0385
-66.0913
-66.1438
-64.5591
-64.6100
-64.6598
-64.7091
-64.7579
-64.8181
-64.8435
-64.8693
-64.8032
-64.8290
-64.8567
-64.8854
-64.9149
-64.9454
-64.9771
-65.0102
-65.0450
-65.0815
-65.1198
-65.1600
-65.2015
-65.2441
-65.2875
-65.3319
-65.3733
-65.4182
-65.4493
-65.4780
-65.5070
-65.5403
-65.6345
-65.7049
-65.7594
-65.6289
-65.8546
-65.9072
-65.9601
-66.0130
-66.0656
-66.1182
-64.5416
-64.5977
-64.6477
-64.6966
-64.7447
-64.7923
-64.8394
-64.8811
-64.9069
-64.9333
-64.8690
-64.8969
-64.9254
-64.9548
-64.9850
-65.0162
-65.0488
-65.0829
-65.1192
-65.1572
-65.1968
-65.2376
-65.2798
-65.3229
-65.3666
-65.4106
-65.4513
-65.4884
-65.5168
-65.5454
-65.5742
-65.6634
-65.7324
-65.7898
-65.6616
-65.7140
-65.9358
-65.9884
-66.0409
-66.0933
-64.5297
-64.5801
-64.6299
-64.6836
-64.7313
-64.7786
-64.8255
-64.8719
-64.9176
-64.9438
-64.9704
-64.9096
-64.9361
-64.9646
-64.9937
-65.0236
-65.0551
-65.0877
-65.1217
-65.1571
-65.1947
-65.2339
-65.2742
-65.3155
-65.3577
-65.4004
-65.4435
-65.4868
-65.5223
-65.5542
-65.5820
-65.6101
-65.6923
-65.7635
-65.8053
-65.8610
-65.7466
-65.7971
-66.0170
-70.7479
-64.5179
-64.5674
-64.6166
-64.6654
-64.7180
-64.7650
-64.8116
-64.8581
-64.9042
-64.9500
-64.9800
-65.0068
-64.9478
-64.9744
-65.0031
-65.0327
-65.0630
-65.0941
-65.1266
-65.1605
-65.1957
-65.2323
-65.2705
-65.3100
-65.3502
-65.3913
-65.4332
-65.4755
-65.5176
-65.5556
-65.5895
-65.6172
-65.6452
-65.6830
-65.7947
-65.8358
-65.8866
-70.5900
-70.2016
-70.2669
-64.5000
-64.5542
-64.6028
-64.6512
-64.6991
-64.7510
-64.7976
-64.8438
-64.8898
-64.9354
-64.9807
-65.0147
-65.0416
-65.0695
-65.0138
-65.0415
-65.0711
-65.1017
-65.1330
-65.1652
-65.1984
-65.2327
-65.2683
-65.3054
-65.3439
-65.3834
-65.4233
-65.4639
-65.5050
-65.5465
-65.5844
-65.6220
-65.6512
-65.6793
-65.7175
-70.4101
-70.4997
-70.5681
-70.6384
-70.7213
-64.4886
-64.5371
-64.5903
-64.6382
-64.6860
-64.7336
-64.7802
-64.8309
-64.8766
-64.9220
-64.9670
-65.0124
-65.0509
-65.0784
-65.1062
-65.0528
-65.0810
-65.1107
-65.1410
-65.1719
-65.2035
-65.2359
-65.2695
-65.3043
-65.3398
-65.3770
-65.4152
-65.4543
-65.4942
-65.5347
-65.5758
-65.6134
-65.6540
-70.2550
-70.2832
-70.3158
-70.3607
-70.5630
-70.6325
-70.7023
-64.8556
-64.5249
-64.5726
-64.6204
-64.6727
-64.7200
-64.7670
-64.8130
-64.8630
-64.9084
-64.9541
-64.9994
-65.0443
-65.0866
-65.1147
-65.1431
-65.0913
-65.1193
-65.1488
-65.1786
-65.2090
-65.2401
-65.2719
-65.3044
-65.3380
-65.3729
-65.4092
-65.4469
-65.4854
-65.5248
-65.5648
-65.6053
-70.2266
-70.2870
-70.3472
-70.3695
-70.4020
-70.4356
-70.6302
-70.6992
-64.8610
-64.8866
-64.5607
-64.6080
-64.6552
-64.7069
-64.7535
-64.7999
-64.8459
-64.8961
-64.9414
-64.9866
-65.0319
-65.0769
-65.1215
-65.1505
-65.1788
-65.2071
-65.1572
-65.1852
-65.2149
-65.2446
-65.2748
-65.3059
-65.3378
-65.3709
-65.4052
-65.4410
-65.4780
-65.5160
-70.1236
-70.1820
-70.2423
-70.3039
-70.3550
-70.4187
-70.4643
-70.4880
-70.5215
-70.6976
-64.8654
-64.8912
-64.9174
-64.5960
-64.6427
-64.6893
-64.7407
-64.7875
-64.8339
-64.8793
-64.9250
-64.9747
-65.0198
-65.0645
-65.1088
-65.1527
-65.1850
-65.2130
-65.2413
-65.1925
-65.2199
-65.2489
-65.2783
-65.3084
-65.3391
-65.3708
-65.4035
-65.4373
-70.0382
-70.0874
-70.1401
-70.1949
-70.2523
-70.3119
-70.3729
-70.4237
-70.4898
-70.5501
-70.5836
-70.6079
-64.8666
-64.8947
-64.9209
-64.9474
-64.6307
-64.6776
-64.7243
-64.7753
-64.8217
-64.8681
-64.9135
-64.9586
-65.0076
-65.0520
-65.0959
-65.1395
-65.1829
-65.2181
-65.2456
-65.2733
-65.2260
-65.2533
-65.2822
-65.3117
-65.3417
-65.3723
-69.9930
-70.0297
-70.0698
-70.1136
-70.1612
-70.2128
-70.2669
-70.3235
-70.3822
-70.4426
-70.4950
-70.5619
-70.6292
-70.6700
-64.8640
-64.8939
-64.9232
-64.9505
-64.9781
-65.0058
-64.7128
-64.7594
-64.8059
-64.8564
-64.9020
-64.9468
-64.9911
-65.0393
-65.0830
-65.1263
-65.1689
-65.2112
-65.2492
-65.2767
-65.3045
-65.3326
-65.2874
-65.3153
-65.3446
-70.0068
-70.0381
-70.0717
-70.1079
-70.1472
-70.1900
-70.2365
-70.2868
-70.3403
-70.3958
-70.4537
-70.5133
-70.5684
-70.6346
-70.7014
-64.8604
-64.8908
-64.9218
-64.9527
-64.9807
-65.0090
-65.0375
-64.7486
-64.7946
-64.8403
-64.8900
-64.9347
-64.9787
-65.0225
-65.0656
-65.1123
-65.1547
-65.1968
-65.2387
-65.2797
-65.3074
-65.3354
-65.3636
-70.0058
-70.0292
-70.0570
-70.0865
-70.1178
-70.1512
-70.1869
-70.2255
-70.2674
-70.3128
-70.3618
-70.4144
-70.4691
-70.5260
-70.5863
-70.6430
-70.7082
-64.7815
-64.8879
-64.9189
-64.9502
-64.9819
-65.0117
-65.0402
-65.0687
-64.7833
-64.8284
-64.8734
-64.9223
-64.9661
-65.0090
-65.0518
-65.0943
-65.1405
-65.1826
-65.2245
-65.2663
-65.3078
-70.2271
-70.2499
-70.2739
-70.2990
-70.1119
-70.1370
-70.1667
-70.1980
-70.2312
-70.2667
-70.3047
-70.3456
-70.3899
-70.4377
-70.4891
-70.5431
-70.5990
-70.6614
-70.7178
-64.7783
-64.8101
-64.8437
-64.9476
-64.9793
-65.0110
-65.0417
-65.0700
-65.0984
-64.8166
-64.8610
-64.9048
-64.9527
-64.9956
-65.0381
-65.0804
-65.1228
-65.1687
-65.2105
-70.1377
-70.2013
-70.2647
-70.3031
-70.3267
-70.3513
-70.3770
-70.1922
-70.2177
-70.2475
-70.2789
-70.3120
-70.3471
-70.3845
-70.4246
-70.4678
-70.5145
-70.5646
-70.6178
-70.6739
-70.7372
-64.8555
-64.8073
-64.8398
-64.8723
-64.9758
-65.0073
-65.0387
-65.0702
-65.0986
-65.1266
-64.8481
-64.8916
-64.9349
-64.9781
-65.0248
-65.0671
-65.1092
-70.0029
-70.0666
-70.1419
-70.2054
-70.2688
-70.3322
-70.3798
-70.4041
-70.4294
-70.4557
-70.2731
-70.2988
-70.3289
-70.3602
-70.3932
-70.4279
-70.4648
-70.5041
-70.5463
-70.5918
-70.6406
-70.6926
-70.7512
-64.8563
-64.8838
-64.8360
-64.8684
-64.9007
-65.0026
-65.0341
-65.0652
-65.0960
-65.1249
-65.1529
-65.1811
-64.9216
-64.9647
-65.0076
-65.0538
-69.9447
-70.0084
-70.0720
-70.1356
-70.2107
-70.2743
-70.3376
-70.4009
-70.4573
-70.4823
-70.5082
-70.5349
-70.5626
-70.3833
-70.4105
-70.4419
-70.4747
-70.5091
-70.5455
-70.5841
-70.6254
-70.6697
-70.7173
-70.7692
-64.8560
-64.8834
-64.9109
-64.9385
-64.8957
-64.9278
-64.9605
-65.0588
-65.0897
-65.1207
-65.1505
-65.1790
-65.2076
-64.9516
-69.8112
-69.8763
-69.9518
-70.0152
-70.0788
-70.1424
-70.2059
-70.2809
-70.3442
-70.4075
-70.4707
-70.5337
-70.5611
-70.5874
-70.6146
-70.6425
-70.4651
-70.4924
-70.5238
-70.5565
-70.5906
-70.6265
-70.6644
-70.7048
-70.7480
-70.7943
-64.8544
-64.8817
-64.9092
-64.9368
-64.9640
-64.9211
-64.9529
-64.9847
-65.0828
-65.1141
-65.1453
-65.1763
-70.6966
-70.7176
-69.8186
-69.8834
-69.9484
-70.0236
-70.0870
-70.1504
-70.2138
-70.2773
-70.3406
-70.4152
-70.4784
-70.5414
-70.6042
-70.6403
-70.6670
-70.6945
-70.7228
-70.5471
-70.5744
-70.6058
-70.6383
-70.6722
-70.7076
-70.7449
-70.7844
-70.8266
-64.8516
-64.8790
-64.9061
-64.9332
-64.9605
-64.9880
-64.9457
-64.9777
-65.0098
-65.1070
-70.6835
-70.7131
-70.7432
-70.7663
-70.7887
-69.8922
-69.9570
-70.0215
-70.0848
-70.1598
-70.2231
-70.2864
-70.3496
-70.4128
-70.4871
-70.5500
-70.6128
-70.6754
-70.7199
-70.7470
-70.7748
-70.8032
-70.8325
-70.6594
-70.6878
-70.7202
-70.7538
-70.7888
-70.8255
-70.8643
-64.8475
-64.8745
-64.9016
-64.9288
-64.9562
-64.9839
-65.0119
-65.0401
-65.0026
-70.4586
-70.4941
-70.7484
-70.7792
-70.8104
-70.8374
-70.8610
-69.9669
-70.0315
-70.0957
-70.1588
-70.2335
-70.2966
-70.3597
-70.4228
-70.4857
-70.5598
-70.6224
-70.6849
-70.7472
-70.7996
-70.8270
-70.8550
-70.8838
-70.9131
-70.7414
-70.7697
-70.8020
-70.8353
-70.8699
-70.9062
