-58.4098
-58.4145
-65.2768
-65.5885
-65.9673
-66.2292
-66.0327
-67.0159
-66.9433
-66.6680
-65.9442
-65.8626
-65.9372
-65.1977
-64.8598
-64.0003
-58.2965
-58.3074
-58.3205
-58.4225
-58.4434
-58.4606
-64.5691
-64.6096
-64.6627
-64.7098
-64.7462
-64.3744
-65.0512
-64.7867
-64.7415
-64.8973
-65.0509
-63.8544
-63.7369
-63.3492
-63.3626
-63.6246
-63.6872
-63.7263
-58.4739
-58.4784
-65.2907
-65.5894
-65.9378
-66.1658
-65.9961
-66.9045
-66.8494
-66.5987
-66.4109
-66.4381
-66.0063
-65.6869
-65.2896
-64.5718
-58.3545
-58.3609
-58.3739
-58.3873
-58.4904
-58.5121
-65.0785
-65.1970
-64.7486
-64.7968
-64.8355
-64.8583
-65.0266
-64.7705
-64.6936
-64.8183
-64.9932
-63.8947
-63.7786
-63.6816
-63.3513
-63.3659
-63.7030
-63.7379
-58.4606
-58.4622
-65.3013
-65.5845
-65.9059
-66.1038
-65.9591
-66.7991
-66.7595
-66.5310
-66.3618
-66.3933
-66.5487
-66.2751
-65.4000
-65.0387
-58.4239
-58.4236
-58.2802
-58.4376
-58.4504
-58.4622
-64.9946
-65.1792
-65.3511
-65.4948
-64.9278
-64.9553
-65.6186
-64.7697
-64.6669
-64.7624
-64.9154
-63.9295
-63.8148
-63.7150
-63.6615
-63.6591
-63.4051
-63.7343
-58.5232
-58.5245
-64.9425
-65.1736
-65.8710
-66.0418
-65.9206
-66.6973
-66.6714
-66.4627
-66.3103
-66.3454
-66.4790
-66.2597
-66.0461
-65.6319
-58.6041
-58.4919
-58.4929
-58.4935
-58.3409
-58.5093
-64.5090
-65.0643
-65.2891
-65.5039
-65.6599
-65.8067
-65.7360
-65.3979
-65.1803
-64.7150
-64.8303
-63.9456
-63.8327
-63.7317
-58.3942
-63.6705
-63.7198
-63.4548
-58.5843
-58.5853
-64.9545
-65.1711
-65.4068
-65.9785
-65.8794
-66.5972
-66.5832
-66.3926
-66.2550
-66.2932
-66.4077
-66.2005
-65.9516
-65.8987
-58.8128
-58.6883
-58.6723
-58.5607
-58.5599
-58.5571
-64.4490
-64.5487
-65.1438
-65.3953
-65.6612
-65.8193
-65.9478
-65.5101
-65.2888
-65.2519
-64.7786
-63.9781
-63.8668
-63.7650
-58.4540
-63.6831
-63.7259
-63.7718
-58.9364
-58.6446
-64.9622
-65.1650
-65.3833
-65.4797
-65.3915
-66.4971
-66.4936
-66.3191
-66.1948
-66.2355
-66.3331
-66.1375
-65.9123
-65.7013
-58.9341
-58.9244
-58.9076
-58.7602
-58.6263
-58.6244
-64.4432
-63.8459
-64.5823
-65.1785
-65.4605
-65.7733
-65.9543
-66.5527
-66.2184
-65.3879
-65.4223
-64.0213
-63.8996
-63.7974
-63.7198
-63.6967
-63.7221
-63.7353
-64.5074
-65.1550
-65.3573
-65.4361
-65.3791
-65.8948
-65.8778
-66.2411
-66.1286
-66.1712
-66.2538
-66.0691
-65.8655
-65.6762
-58.9206
-59.0846
-59.0928
-59.0477
-59.0408
-58.8243
-64.4596
-64.4771
-64.5249
-64.5983
-64.7630
-65.5290
-65.9031
-66.5622
-66.4814
-66.4926
-66.4471
-65.6198
-64.4196
-63.8288
-63.7151
-63.6765
-63.6834
-63.7360
-64.5451
-64.6779
-64.8164
-65.3974
-65.3640
-65.8254
-65.8151
-65.6614
-66.0554
-66.0992
-66.1684
-65.9941
-65.7891
-65.6466
-58.9757
-58.9953
-59.2359
-59.1618
-64.5034
-64.5468
-64.5968
-63.9778
-64.7793
-65.5767
-66.4034
-66.4394
-66.6236
-66.9383
-66.9660
-65.4592
-64.3205
-63.7374
-63.6926
-63.6922
-63.7372
-68.0125
-64.7749
-64.7055
-64.8337
-64.8513
-65.0723
-65.7558
-65.7511
-65.5879
-65.4816
-65.5171
-66.0788
-65.9236
-65.7610
-65.6134
-59.0281
-59.0469
-59.0686
-64.5744
-64.6151
-64.6623
-64.7067
-64.0368
-65.5490
-66.1244
-66.3653
-67.4136
-67.6443
-66.3475
-66.2297
-64.7556
-58.7546
-63.7011
-63.7318
-67.8502
-67.4606
-64.8110
-64.9370
-64.8360
-64.8472
-65.0749
-65.1341
-65.0970
-65.5530
-65.4581
-65.4750
-65.4859
-65.3340
-65.6855
-65.5528
-59.0729
-59.0921
-59.0395
-68.6546
-69.6087
-74.0554
-64.5983
-64.6380
-64.6784
-64.7155
-64.7489
-65.0200
-65.6252
-66.4577
-68.3688
-67.2416
-64.2244
-63.7274
-68.0939
-66.9469
-64.8464
-64.9647
-65.0809
-65.0997
-65.0758
-65.1316
-65.0988
-64.9476
-64.8263
-65.4176
-65.4149
-65.2674
-65.1180
-65.4743
-59.1126
-59.1320
-59.1549
-67.4357
-67.8940
-69.2921
-73.5533
-67.0860
-64.6117
-64.6516
-64.6895
-64.7245
-64.7560
-64.9482
-64.1354
-65.6998
-66.7060
-67.6078
-63.6260
-63.6154
-67.8319
-67.1805
-64.8787
-64.9896
-65.0944
-65.1160
-65.3221
-65.3770
-65.0984
-64.9518
-64.8342
-64.8075
-64.7531
-65.2002
-65.0601
-64.9323
-59.0282
-59.1666
-59.1897
-66.7476
-67.8092
-68.5653
-68.2165
-68.1118
-64.6521
-64.6655
-64.7011
-64.7781
-64.8157
-65.0367
-64.9510
-64.9727
-64.6295
-65.8680
-64.7623
-63.6331
-67.6180
-67.0239
-65.2751
-65.3780
-65.1053
-65.1245
-65.3256
-65.3744
-65.3542
-65.2105
-64.8444
-64.8146
-64.7527
-64.5925
-64.4324
-64.8774
-59.0677
-59.0775
-59.2182
-66.2878
-67.1832
-67.8577
-68.3269
-68.8095
-68.0988
-66.8935
-65.3449
-64.7635
-64.8070
-64.8428
-64.8759
-64.9653
-64.9734
-65.0360
-64.4471
-68.7709
-73.3695
-68.4963
-63.6625
-67.4780
-66.9412
-65.3334
-65.4315
-65.5078
-65.1373
-65.3281
-65.3711
-65.3542
-65.2160
-65.1049
-65.0736
-64.7505
-64.5950
-64.4398
-64.2941
-58.9438
-59.1098
-59.1120
-65.3203
-66.6032
-67.2921
-67.8441
-68.3462
-68.8326
-67.9669
-65.5358
-65.5129
-64.8248
-64.8531
-64.8787
-64.9766
-64.9675
-65.0224
-64.4757
-65.9065
-65.6383
-65.5470
-63.6911
-67.3787
-66.8952
-65.3924
-65.4835
-65.5474
-65.5702
-65.7455
-65.3688
-65.3529
-65.2195
-65.1114
-65.0746
-65.0074
-64.5957
-64.4455
-64.2745
-58.9887
-58.9808
-58.9849
-65.1550
-65.6668
-66.0926
-67.3230
-67.8074
-68.3004
-67.7882
-66.2801
-66.4612
-65.6853
-65.6191
-64.8831
-64.9901
-64.9664
-65.0137
-64.5032
-65.1409
-65.9437
-66.6843
-65.3722
-63.7280
-67.3123
-66.8742
-65.4510
-65.5367
-65.5947
-65.6141
-65.7831
-65.8052
-65.3481
-65.2224
-65.1170
-65.0751
-64.9743
-64.8279
-64.6821
-64.3168
-59.0517
-59.0453
-59.0406
-64.4169
-64.7332
-65.8104
-66.1400
-67.2722
-67.7251
-67.4607
-66.0838
-66.4093
-66.7420
-66.6709
-65.8519
-65.0071
-64.9661
-64.9753
-64.4397
-65.0602
-65.7776
-65.9292
-65.7954
-64.5807
-67.2694
-65.5384
-65.5091
-65.5898
-65.6434
-65.6556
-65.8188
-65.8360
-65.8031
-65.6215
-65.0910
-65.0461
-65.0112
-64.8655
-64.7257
-64.5952
-59.1853
-59.1008
-59.0953
-64.3884
-64.6659
-64.8859
-65.0518
-66.0972
-66.3450
-67.0474
-65.8162
-66.1627
-66.5608
-67.2989
-67.3511
-67.4037
-66.1693
-64.9628
-64.5350
-65.0513
-65.6684
-65.8143
-65.7097
-65.2628
-67.4058
-65.5397
-65.5667
-65.6434
-65.6860
-65.7552
-65.8209
-65.8345
-65.8003
-65.7012
-65.5757
-65.0830
-65.0143
-64.8780
-64.7428
-64.6167
-59.2414
-59.2372
-59.2334
-64.3624
-64.6050
-64.8040
-64.9597
-65.0764
-65.1600
-65.9309
-64.8599
-65.7944
-66.2183
-66.6433
-67.9591
-68.4228
-65.0018
-65.0387
-65.5808
-65.7190
-65.6529
-65.2701
-66.9268
-65.6715
-65.7273
-65.6625
-65.7014
-65.8011
-65.9017
-65.9137
-65.8755
-65.7461
-65.6260
-65.5547
-65.4633
-64.8899
-64.7591
-64.6388
-59.2968
-59.2908
-59.2866
-64.6325
-64.8710
-64.7382
-64.8808
-64.9896
-65.0684
-64.9652
-63.9802
-64.7381
-65.6876
-66.2905
-68.2712
-65.0268
-65.0546
-65.6408
-65.6131
-65.2186
-67.6741
-65.3719
-65.7439
-65.8877
-65.9623
-65.8839
-65.9448
-65.9534
-65.9200
-65.7970
-65.6793
-65.6047
-65.5087
-65.3550
-65.1961
-64.6534
-59.3500
-59.3438
-59.3391
-64.6172
-64.8275
-65.0106
-64.8090
-64.9096
-64.9845
-64.9007
-64.6908
-63.9903
-63.9994
-64.9353
-66.4077
-65.0157
-65.0410
-65.5155
-65.5229
-65.2194
-67.8112
-66.0913
-66.1521
-66.5880
-65.9667
-66.1146
-66.0027
-65.9992
-65.9656
-65.8479
-65.7310
-65.6563
-65.5582
-65.3934
-65.2457
-65.1017
-59.4019
-59.3950
-59.3899
-64.6036
-64.7901
-64.9556
-65.0520
-65.2076
-64.9233
-64.9492
-64.7220
-63.9978
-64.0034
-64.0153
-64.0163
-66.9690
-66.2225
-64.9750
-65.4577
-65.4954
-65.2254
-67.7522
-66.1411
-66.2540
-66.3664
-66.7994
-66.9435
-67.0216
-66.2661
-66.0230
-65.9013
-65.7859
-65.7030
-65.6021
-65.4481
-65.2796
-65.1524
-59.5855
-59.5736
-59.4398
-64.5927
-64.7173
-64.9106
-65.0507
-65.1635
-65.2557
-65.3216
-64.7443
-64.0027
-64.0048
-64.0018
-64.0000
-64.8810
-65.0714
-66.1174
-66.0352
-64.8690
-64.9276
-65.4759
-65.2297
-67.7034
-66.1473
-66.2369
-66.3503
-66.4451
-66.6110
-67.2380
-67.2985
-67.2568
-66.2435
-65.8396
-65.7481
-65.6466
-65.4956
-65.3463
-65.1806
-59.6493
-59.6253
-59.6248
-64.5915
-64.7446
-64.8888
-65.0133
-65.1189
-65.2060
-65.2761
-65.1553
-64.3424
-63.9978
-63.9912
-63.9846
-64.6817
-64.7329
-64.7979
-64.8767
-64.7870
-64.7675
-64.8190
-65.3138
-65.1696
-67.7085
-66.2031
-66.2743
-66.3582
-66.4261
-66.5591
-66.6772
-67.2410
-67.3589
-67.5524
-67.5491
-67.7254
-65.6957
-65.5437
-65.3972
-65.2201
-59.7030
-59.7011
-59.6927
-65.0826
-65.2181
-64.8646
-64.9796
-65.0779
-65.1556
-65.2167
-65.1526
-64.3309
-64.3298
-64.3263
-63.9070
-63.8863
-64.5747
-64.6427
-64.7037
-64.7202
-64.5173
-63.8538
-65.1676
-65.0612
-67.7226
-66.2708
-66.3452
-66.4233
-66.4691
-66.5791
-66.6582
-66.6927
-67.1999
-67.1974
-67.3149
-68.8375
-65.9142
-65.4538
-65.3232
-59.7806
-59.7557
-59.7548
-65.1385
-65.2560
-65.3672
-64.9428
-65.0287
-65.0989
-65.1534
-65.1418
-64.3147
-64.2671
-64.2609
-64.2576
-63.8768
-64.4680
-64.5195
-64.5766
-64.6075
-64.4885
-63.8267
-63.8233
-64.0173
-67.7457
-66.3430
-66.4147
-66.4938
-66.5724
-66.6483
-66.7204
-66.7883
-66.7769
-67.1972
-67.1963
-67.2405
-70.2754
-66.9763
-66.8300
-65.7990
-59.8468
-59.8350
-59.8085
-65.1659
-65.2913
-65.3902
-65.4713
-65.5339
-65.0439
-65.0930
-65.0602
-64.2600
-64.2575
-64.2553
-64.2512
-64.2431
-64.8290
-64.4153
-64.4759
-64.5114
-64.4514
-63.8007
-63.7847
-63.9955
-67.7618
-66.4076
-66.4815
-66.5624
-66.6924
-66.7732
-66.8524
-66.8734
-66.8646
-66.7348
-66.6370
-67.1565
-69.5626
-67.0771
-67.0643
-67.1644
-60.3638
-60.3659
-59.8886
-59.8560
-65.2866
-65.4133
-65.4900
-65.5465
-65.5340
-64.9889
-65.0279
-64.2748
-64.2546
-64.2488
-64.2424
-64.2265
-64.7565
-64.7894
-64.8626
-64.4265
-64.4170
-63.7762
-63.7576
-63.9739
-67.3489
-66.1756
-66.2419
-66.6683
-66.7519
-66.8351
-66.9142
-66.9007
-66.9097
-66.8554
-66.7619
-67.2837
-69.3028
-67.2151
-67.1065
-67.0704
-60.4268
-60.5078
-65.2738
-65.3901
-65.4483
-65.5126
-65.5526
-65.5763
-65.5850
-64.9150
-64.2483
-64.2346
-64.2267
-64.2168
-64.7059
-64.7215
-64.7838
-64.8364
-64.8643
-64.2469
-63.7321
-63.9529
-67.3622
-66.1915
-66.2523
-66.3168
-66.3821
-66.4232
-66.9534
-66.9893
-67.0010
-66.9597
-66.8832
-67.4370
-67.0396
-67.3332
-67.4164
-67.3624
-60.5218
-60.6376
-65.2187
-65.3224
-65.4219
-65.5135
-65.5805
-65.6021
-65.6103
-65.5400
-64.7416
-64.2271
-64.2178
-64.2065
-64.1933
-64.6647
-64.7155
-64.7638
-64.7931
-64.7196
-64.1773
-63.6897
-67.3284
-66.2014
-66.2290
-66.2995
-66.3665
-66.4339
-66.4994
-66.5127
-66.5062
-67.0453
-66.9783
-67.5689
-67.1095
-66.8626
-67.4897
-67.7829
-60.6430
-60.7340
-67.6557
-65.9250
-65.3091
-65.4040
-65.4904
-65.5643
-65.6230
-65.6311
-65.5987
-64.8022
-64.7612
-64.2063
-64.1956
-64.1811
-64.6163
-64.6554
-64.6984
-64.7354
-64.6984
-64.1550
-64.1395
-66.2301
-66.1914
-66.2497
-66.3128
-66.3778
-66.4415
-66.5032
-66.5112
-66.5053
-66.4622
-66.3825
-66.8489
-66.4281
-66.7879
-66.7687
-66.7818
-60.7120
-60.8060
-67.4979
-65.9251
-66.0494
-66.1682
-66.2693
-65.5293
-65.5941
-65.6477
-65.6554
-64.8642
-64.8237
-64.7785
-64.7281
-64.1664
-64.5742
-64.6107
-64.6482
-64.6725
-64.6674
-64.1319
-64.1173
-66.3603
-66.2074
-66.2633
-66.3245
-66.3857
-66.4457
-66.5057
-66.5086
-66.5023
-66.4632
-66.3858
-66.8508
-66.2954
-66.1755
-66.0827
-66.0031
-60.5230
-60.8741
-67.4450
-65.9235
-66.0405
-66.1441
-66.2506
-66.3493
-66.4397
-65.6175
-65.6657
-64.9279
-64.8879
-64.8433
-64.7937
-64.7387
-64.5434
-64.5627
-64.5942
-64.6154
-64.5264
-64.1189
-64.1003
-66.3123
-66.3126
-66.3831
-66.4590
-66.5363
-66.4484
-66.5057
-66.5039
-66.4968
-66.4576
-66.3794
-66.8352
-66.2624
-66.1732
-66.0910
-66.0197
-60.3611
-60.3600
-68.1569
-67.0112
-65.9118
-66.0218
-66.1297
-66.2317
-66.3266
-66.4143
-66.4944
-66.5686
-65.7470
-64.9555
-64.9099
-64.8705
-64.8170
-64.7577
-65.1653
-64.5414
-64.5637
-64.5770
-64.5028
-64.0817
-66.2370
-66.2881
-66.3549
-66.4257
-66.4996
-66.5746
-66.6459
-66.6577
-66.6678
-66.4437
-66.3679
-66.8235
-66.2621
-66.1771
-66.0862
-65.9985
-60.3961
-60.3774
-67.4341
-66.7719
-65.9077
-66.0115
-66.1143
-66.2119
-66.3035
-66.3884
-66.4666
-66.5398
-65.7570
-65.7931
-65.8182
-65.7997
-64.8885
-64.8309
-65.1193
-65.2025
-64.5179
-64.5286
-64.4836
-64.0628
-66.2110
-66.2601
-66.3221
-66.3879
-66.4543
-66.5214
-66.5838
-66.5937
-66.6043
-66.5953
-66.5462
-67.0430
-66.4733
-66.1551
-66.0605
-65.9224
-60.4221
-60.4205
-66.9921
-66.6340
-65.9016
-65.9993
-66.0972
-66.1908
-66.2791
-66.3615
-66.4395
-66.5223
-66.5760
-65.8012
-65.8272
-65.8521
-65.8559
-65.8059
-65.2936
-65.2716
-65.2399
-65.1936
-64.4586
-64.0331
-66.1808
-66.2244
-66.2808
-66.3409
-66.4027
-66.4655
-66.5210
-66.5326
-66.5445
-66.5342
-66.4784
-66.9554
-66.3960
-66.2733
-66.1997
-66.1463
-60.5393
-60.4647
-66.8429
-66.5397
-65.8929
-65.9849
-66.0781
-66.1679
-66.2530
-66.3330
-66.4213
-66.4915
-66.5562
-65.8060
-65.8329
-65.7443
-65.8888
-65.9177
-66.4188
-66.4075
-66.3848
-65.2666
-65.1878
-64.0031
-66.1415
-66.1832
-66.2355
-66.2916
-66.3500
-66.4107
-66.4624
-66.4675
-66.4710
-66.4591
-66.4026
-66.8068
-66.2628
-66.2014
-66.1428
-66.0914
-60.5688
-60.5746
-67.0587
-66.8073
-66.2078
-65.9680
-66.0568
-66.1427
-66.2359
-66.3140
-66.3894
-66.4586
-66.5227
-65.8063
-65.8368
-65.8694
-65.9012
-65.9319
-66.4958
-66.5280
-66.5036
-66.4629
-66.3957
-66.1936
-66.1004
-66.1395
-66.1889
-66.2427
-66.2983
-66.3520
-66.3905
-66.3924
-66.3926
-66.3308
-66.6385
-66.7171
-66.1981
-66.1385
-66.0819
-66.0322
-60.5960
-60.6016
-66.9024
-66.6809
-66.8584
-66.2544
-66.3918
-66.5204
-66.6496
-66.2827
-66.3548
-66.4227
-66.3596
-65.8082
-65.8418
-65.8755
-65.9089
-65.9428
-65.9680
-66.5519
-66.6227
-66.5883
-66.5336
-66.2179
-66.0581
-66.0959
-66.1417
-66.1886
-66.2371
-66.2851
-66.3157
-66.2660
-66.2663
-66.2505
-66.5582
-66.2650
-66.1296
-66.0717
-66.0167
-65.9685
-60.6209
-60.6262
-66.7575
-66.5625
-66.7180
-66.1799
-66.2992
-66.4205
-66.5427
-66.6674
-66.7902
-66.9183
-67.0501
-65.8068
-65.8415
-65.8767
-65.9095
-65.9375
-65.9646
-66.5274
-66.6035
-66.6772
-66.5143
-66.3986
-66.0144
-66.0469
-66.0867
-66.1295
-66.1723
-66.1684
-66.1935
-66.1847
-66.1845
-66.1787
-66.4837
-66.1724
-66.0576
-66.0011
-65.9475
-65.9004
-60.6434
-60.6483
-66.6192
-66.4589
-66.5756
-66.0908
-66.2025
-66.3167
-66.4320
-66.4268
-66.6721
-66.7966
-66.9230
-66.2827
-66.3739
-66.4262
-66.4653
-65.9269
-65.9562
-66.4979
-66.4220
-66.4964
-66.5645
-66.5845
