-59.6195
-59.5508
-59.4487
-59.3520
-60.5052
-60.6560
-60.9806
-62.5515
-62.3549
-61.9423
-61.5395
-61.0313
-60.3570
-59.4493
-58.1125
-58.0490
-57.9341
-57.7679
-57.5803
-57.4007
-57.2379
-57.0767
-56.9187
-56.7671
-56.6091
-49.7413
-49.5798
-49.4376
-49.2913
-49.1509
-49.0180
-48.8742
-57.1064
-60.2727
-62.4060
-48.3039
-48.1631
-48.0255
-47.8818
-47.7458
-59.5634
-59.4615
-59.4391
-59.2961
-59.1773
-58.9960
-60.4861
-60.7903
-62.8645
-62.8171
-62.5197
-62.1883
-61.7514
-61.1154
-60.0785
-57.8907
-57.8242
-57.7315
-57.5228
-57.3527
-57.1843
-57.0162
-56.8497
-56.6865
-56.5636
-56.3726
-49.4550
-49.3142
-49.1676
-49.0194
-48.8780
-48.7395
-48.5888
-60.1021
-48.0092
-47.8660
-47.7225
-47.5754
-59.5656
-59.4605
-59.3798
-59.2431
-59.1215
-58.9436
-58.8211
-60.1843
-60.5953
-63.0926
-63.3066
-63.4307
-63.3076
-63.1808
-63.1342
-62.9977
-50.8450
-57.5772
-57.5080
-57.3109
-57.1369
-56.9631
-56.7897
-56.6353
-56.4678
-56.3222
-56.1124
-49.1853
-49.0407
-48.8874
-48.7396
-48.5961
-48.4511
-48.2991
-47.8573
-47.7067
-47.5584
-47.4091
-59.5184
-59.4104
-59.2993
-59.2128
-59.0694
-58.9450
-58.7676
-58.6710
-58.5484
-60.3938
-63.2438
-63.9108
-65.0505
-66.1950
-67.5263
-50.5312
-57.3391
-57.2853
-57.0962
-56.9168
-56.7555
-56.5773
-56.4002
-56.2264
-56.0741
-55.8517
-48.9074
-48.7585
-48.6020
-48.4512
-48.3059
-48.1569
-47.7015
-47.5455
-47.3933
-47.2462
-59.4491
-59.3641
-59.2503
-59.1338
-59.0193
-58.8921
-58.7152
-58.5903
-58.4882
-58.3624
-60.1859
-63.7082
-64.8814
-66.0829
-70.2855
-50.4383
-50.2860
-57.0944
-57.0203
-56.8955
-56.7114
-56.5270
-56.3425
-56.1588
-55.9913
-55.8071
-55.5733
-48.6217
-48.4673
-48.3099
-48.1567
-48.0086
-47.8514
-47.6947
-47.5415
-47.3849
-47.2310
-47.0757
-59.4204
-59.3552
-59.2050
-59.0857
-58.9476
-58.8425
-58.6629
-58.5375
-58.4530
-58.3022
-58.1726
-58.0423
-65.0914
-66.1087
-57.3900
-50.3419
-50.1814
-50.0353
-56.8611
-56.7882
-56.6742
-56.4839
-56.2933
-56.1020
-55.9093
-55.7326
-55.5295
-55.2882
-48.3272
-48.1718
-48.0109
-47.8516
-47.6977
-47.5317
-47.3783
-47.2240
-47.0630
-46.9039
-59.3975
-59.3236
-59.1650
-59.0413
-58.9169
-58.7954
-58.6633
-58.4852
-58.3571
-58.2649
-58.1132
-57.9794
-57.8375
-66.0067
-57.3460
-57.1519
-50.0900
-49.9333
-49.7826
-56.5906
-56.5311
-56.4481
-56.2514
-56.0526
-55.8529
-55.6536
-55.4659
-55.2487
-48.1896
-48.0260
-47.8648
-47.6991
-47.5354
-47.3776
-47.2098
-47.0566
-46.8932
-46.7264
-59.7642
-59.6690
-59.1645
-59.0034
-58.8743
-58.7309
-58.6164
-58.4357
-58.3048
-58.2129
-58.0739
-57.9364
-57.8035
-57.6451
-57.6006
-57.4576
-57.2734
-57.1179
-56.9299
-49.8599
-49.6751
-49.5194
-56.3251
-56.2660
-56.2160
-56.0114
-55.8063
-55.5970
-55.4017
-55.2005
-54.9604
-47.8804
-47.7148
-47.5465
-47.3782
-47.2148
-47.0495
-46.8797
-46.7191
-46.5478
-59.7655
-59.6019
-59.5713
-59.0023
-58.8391
-58.6952
-58.5541
-58.4357
-58.2550
-58.1220
-58.0217
-57.8827
-57.7460
-57.5860
-57.4424
-57.3334
-57.1877
-57.0607
-56.9072
-56.6906
-56.4681
-49.4098
-49.2487
-49.1420
-55.9901
-55.9604
-55.7656
-55.5537
-55.3429
-55.1387
-54.9239
-54.6520
-47.5612
-47.3944
-47.2221
-47.0498
-46.8809
-46.7085
-46.5359
-46.3683
-59.6907
-59.5279
-59.4344
-59.4050
-59.2876
-58.6736
-58.5200
-58.3945
-58.2098
-58.0718
-57.9891
-57.8475
-57.6886
-57.5400
-57.3443
-57.2422
-57.1324
-56.9833
-56.8317
-56.6788
-56.4500
-56.2196
-49.1367
-48.9672
-48.7893
-55.7044
-55.6760
-55.5194
-55.3033
-55.0798
-54.8594
-54.6416
-54.3376
-47.2341
-47.0655
-46.8875
-46.7085
-46.5328
-46.3556
-46.1845
-59.6129
-59.4477
-59.3562
-59.3230
-59.2339
-59.1204
-59.0255
-58.3438
-58.2133
-58.0436
-57.9422
-57.7946
-57.6167
-57.4552
-57.3074
-57.1565
-57.0482
-56.9119
-56.7580
-56.6012
-56.4443
-56.1988
-55.9655
-48.8557
-48.6318
-48.4780
-55.4134
-55.3893
-55.2709
-55.0387
-54.8172
-54.5762
-54.3481
-54.0287
-46.8999
-46.7239
-46.5372
-46.3522
-46.1781
-45.9946
-59.5370
-59.4281
-59.2720
-59.2353
-59.1455
-59.0573
-58.9479
-58.8526
-58.1834
-58.0084
-57.8581
-57.7173
-57.5672
-57.4158
-57.2699
-57.1002
-56.9842
-56.8336
-56.6901
-56.5309
-56.3680
-56.2037
-55.9448
-55.7092
-48.5660
-48.3428
-48.1841
-55.1141
-55.0842
-55.0127
-54.7712
-54.5407
-54.3023
-54.0477
-53.7001
-46.5501
-46.3676
-46.1780
-45.9898
-45.8095
-59.4047
-59.3402
-59.1868
-59.0908
-59.0508
-58.9614
-58.8510
-58.7608
-58.6938
-58.5619
-57.7964
-57.6767
-57.5222
-57.3848
-57.2172
-57.0644
-56.8926
-56.7719
-56.6255
-56.4660
-56.3005
-56.1326
-55.9549
-55.7011
-55.4480
-55.2093
-48.0458
-47.8793
-54.7996
-54.7700
-54.7515
-54.5153
-54.2728
-54.0133
-53.7158
-53.3550
-46.1930
-46.0021
-45.8054
-45.6161
-52.1962
-52.0497
-59.0774
-58.9741
-58.9554
-58.8596
-58.7700
-58.6753
-58.5875
-58.4774
-58.3760
-58.3042
-57.4710
-57.3424
-57.1823
-57.0119
-56.8381
-56.7125
-56.5555
-56.4028
-56.2391
-56.0696
-55.8947
-55.7113
-55.4617
-55.1882
-54.9245
-47.7385
-47.5648
-54.4741
-54.4596
-54.4916
-54.2471
-53.9825
-53.7169
-53.3930
-53.0147
-45.8239
-45.6248
-45.4231
-51.9894
-51.8447
-51.6898
-58.7041
-58.7104
-58.6778
-58.5830
-58.4451
-58.3643
-58.2694
-58.2188
-58.1908
-57.2010
-57.1119
-56.9773
-56.8035
-56.6269
-56.4959
-56.3346
-56.1784
-56.0085
-55.8354
-55.6513
-55.4620
-55.2155
-54.9147
-54.6354
-47.4211
-47.2425
-54.1485
-54.1289
-54.1612
-53.9775
-53.7085
-53.4289
-53.0631
-52.6641
-45.4408
-45.2340
-62.4770
-62.2035
-61.9969
-51.6273
-51.4789
-51.3408
-58.4276
-58.3721
-58.3229
-58.2583
-58.1825
-58.0763
-58.0348
-58.0141
-57.9607
-56.8240
-56.7421
-56.5755
-56.4237
-56.2761
-56.1098
-55.9503
-55.7791
-55.6030
-55.4120
-55.2183
-54.9697
-54.6480
-54.3575
-47.0952
-46.9079
-46.8220
-53.7792
-53.8395
-53.7176
-53.4364
-53.1404
-52.7272
-52.3040
-45.0424
-68.3005
-51.4216
-51.2767
-51.1162
-50.9595
-58.0703
-58.0373
-58.0396
-57.9321
-57.8900
-57.8760
-57.8335
-57.7967
-57.7712
-56.4256
-56.3405
-56.2178
-56.0517
-55.8847
-55.7223
-55.5452
-55.3662
-55.1687
-54.9732
-54.7409
-54.3960
-54.0711
-46.7841
-46.5632
-46.3706
-53.4323
-53.5098
-53.4624
-53.1734
-52.8559
-52.3870
-51.9128
-63.2771
-70.8129
-58.6954
-51.2056
-51.0577
-50.9022
-50.7399
-50.5745
-57.6896
-57.7044
-57.7079
-57.6748
-57.6711
-57.6466
-57.6318
-57.7455
-56.1010
-56.0171
-55.9854
-55.8263
-55.6594
-55.4885
-55.3064
-55.1224
-54.9339
-54.7417
-54.5016
-54.1308
-53.7791
-53.4583
-46.2129
-46.0114
-53.0721
-53.1787
-53.2182
-52.9182
-52.5805
-52.0452
-60.2681
-60.0274
-59.7829
-59.4602
-59.0986
-58.6840
-58.4286
-50.8417
-50.6792
-50.5127
-50.3400
-50.1685
-57.2911
-57.3505
-57.5369
-57.4506
-57.4516
-57.4688
-57.7824
-57.3230
-55.7107
-55.6385
-55.5946
-55.4212
-55.2502
-55.0808
-54.8964
-54.7013
-54.4953
-54.2713
-53.8891
-53.5063
-53.1455
-45.8500
-45.6388
-52.6990
-52.8355
-52.9923
-52.6831
-52.3199
-60.6235
-60.3794
-60.1408
-59.8537
-59.5552
-59.2024
-58.9126
-58.5634
-58.1827
-57.8050
-50.2803
-50.1042
-49.9224
-49.7471
-56.9515
-57.0917
-57.3337
-57.6840
-58.1663
-57.8094
-57.4893
-55.3734
-55.2777
-55.2286
-55.1896
-55.0221
-54.8432
-54.6530
-54.4637
-54.2723
-54.0593
-53.6598
-53.2431
-52.8387
-45.4732
-45.2519
-52.3120
-52.4887
-52.7865
-52.4824
-60.6943
-60.6879
-60.5410
-60.3225
-60.0934
-59.7433
-59.4703
-59.2028
-58.8653
-58.4791
-58.0259
-57.5121
-49.8621
-49.6769
-49.4965
-49.3201
-56.5974
-56.8475
-57.2671
-57.8787
-60.1879
-61.3730
-61.1978
-54.9185
-54.8552
-54.8357
-54.7731
-54.6006
-54.4243
-54.2478
-54.0522
-53.8490
-53.4498
-52.9970
-52.5441
-45.0813
-44.8144
-51.9144
-52.1421
-52.5282
-60.5419
-60.6019
-60.6127
-60.6516
-60.6374
-60.4026
-60.1074
-59.9322
-59.6575
-59.3728
-59.0415
-58.6425
-58.1203
-57.4045
-49.4242
-49.2441
-49.0569
-48.8650
-56.2704
-56.7671
-57.5897
-60.9065
-64.3338
-66.1697
-54.5722
-54.4520
-54.4196
-54.4352
-54.3745
-54.2073
-54.0411
-53.8561
-53.6601
-53.2680
-52.7773
-52.2718
-51.7926
-44.3900
-51.4961
-51.8035
-60.4234
-60.4313
-60.5745
-60.6122
-60.6418
-60.6715
-60.6450
-60.6145
-60.5006
-60.3375
-60.1695
-59.9898
-59.8073
-59.5988
-59.3632
-59.1763
-48.9785
-48.7881
-48.5902
-48.3888
-56.0969
-57.2489
-63.3480
-54.1975
-54.0586
-54.0006
-54.0085
-54.0826
-53.9971
-53.8424
-53.6828
-53.5031
-53.1279
-52.5988
-52.0368
-51.4712
-43.9471
-43.7111
-60.0972
-60.2025
-60.3992
-60.4782
-60.5352
-60.5954
-60.6015
-60.7250
-60.9597
-61.2018
-61.1327
-61.0821
-61.0632
-61.0981
-61.1354
-61.4786
-62.3372
-64.3582
-48.5099
-48.3074
-48.0995
-47.8908
-56.9757
-47.2423
-47.0157
-46.7906
-53.6752
-53.5669
-53.5569
-53.6321
-53.7945
-53.6688
-53.5422
-53.3938
-53.0504
-52.4846
-51.8643
-51.2085
-43.4977
-59.6885
-59.7429
-59.8241
-60.0230
-60.1834
-60.3702
-60.5458
-60.6280
-60.8950
-61.1731
-61.9862
-62.0560
-62.1742
-62.3926
-62.7386
-63.2902
-64.4051
-48.2185
-48.0172
-47.8068
-47.5847
-47.3660
-47.1399
-46.9115
-46.6801
-46.4467
-46.2106
-53.1308
-53.0798
-53.1542
-53.3458
-53.5217
-53.4488
-53.3571
-53.0682
-52.4837
-51.8079
-51.0385
-59.2491
-59.2718
-59.3211
-59.4703
-59.5992
-59.7602
-59.9724
-60.1927
-60.5659
-60.9142
-61.4370
-62.9692
-63.1940
-63.5489
-64.0715
-48.1473
-47.9327
-47.7189
-47.5028
-47.2742
-47.0471
-46.8117
-46.5746
-46.3382
-46.0928
-45.8466
-45.5942
-52.5855
-52.6356
-52.8546
-53.2390
-53.4251
-53.4270
-53.2474
-52.6458
-51.9376
-58.8505
-58.8167
-58.8168
-58.8516
-58.9883
-59.1095
-59.2800
-59.5199
-59.8067
-60.3223
-60.6697
-63.7848
-64.1081
-64.5302
-48.4974
-48.2882
-48.0742
-47.8545
-47.6360
-47.4122
-47.1845
-46.9601
-46.7264
-46.4825
-46.2339
-45.9881
-45.7377
-45.4795
-45.2170
-52.1116
-52.0717
-52.3169
-52.8178
-53.5204
-53.6083
-53.5843
-53.1102
-51.4318
-51.2778
-51.1209
-58.3508
-58.3876
-58.4382
-58.5409
-58.7158
-58.9450
-59.3473
-59.9693
-60.4079
-64.8955
-48.5946
-48.3853
-48.1725
-47.9545
-47.7317
-47.5026
-47.2770
-47.0452
-46.8082
-46.5734
-46.3299
-46.0777
-45.8210
-45.5601
-45.2963
-45.0289
-44.7530
-44.4701
-51.4880
-51.7081
-52.3884
-53.5493
-54.0054
-54.2382
-51.4045
-51.2467
-51.0859
-50.9221
-50.7598
-50.6029
-57.8614
-57.8823
-57.9921
-58.2735
-58.7912
-59.5632
-60.1858
-48.5569
-48.3467
-48.1312
-47.9104
-47.6840
-47.4541
-47.2224
-46.9908
-46.7535
-46.5107
-46.2622
-46.0109
-45.7536
-45.4907
-45.2220
-44.9468
-44.6660
-44.3805
-44.0923
-43.7977
-50.9662
-51.9295
-53.9703
-54.7468
-51.3772
-51.2197
-51.0594
-50.8961
-50.7297
-50.5681
-50.3950
-50.2185
-50.0417
-49.8575
-57.3904
-57.9188
-59.0548
-59.9623
-48.3018
-48.0882
-47.8671
-47.6420
-47.4109
-47.1732
-46.9362
-46.6960
-46.4483
-46.2014
-45.9456
-45.6808
-45.4135
-45.1461
-44.8700
-44.5856
-44.2943
-43.9938
-43.6968
-43.3911
-43.0393
-51.4497
-54.0488
-51.3433
-51.1880
-51.0291
-50.8659
-50.6997
-50.5307
-50.3662
-50.1889
-50.0087
-49.8200
-49.6361
-49.4522
-49.2629
-49.0695
-59.6711
-48.6732
-48.4665
-48.2549
-48.0373
-47.8177
-47.5933
-47.3648
-47.1293
-46.8873
-46.6409
-46.3926
-46.1384
-45.8806
-45.6152
-45.3445
-45.0643
-44.7851
-44.5028
-44.2101
-43.9067
-43.5942
-43.2822
-42.9105
-42.6118
-42.3304
-51.3024
-51.1451
-50.9871
-50.8260
-50.6619
-50.4946
-50.3311
-50.1551
-49.9756
-49.7949
-49.6046
-49.4200
-49.2259
-49.0276
-48.8247
-48.6201
-48.4156
-48.2025
-47.9892
-47.7689
-47.5433
-47.3128
-47.0764
-46.8336
-46.5878
-46.3378
-46.0799
-45.8187
-45.5513
-45.2760
-44.9915
-44.7055
-44.4165
-44.1175
-43.8142
-43.4576
-43.1349
-42.8082
-42.4265
-42.1145
-51.2671
-51.1096
-50.9494
-50.7863
-50.6201
-50.4500
-50.2774
-50.1109
-49.9334
-49.7538
-49.5650
-49.3770
-49.1879
-48.9885
-48.7872
-48.5836
-48.3338
-48.1169
-47.8965
-47.6749
-47.4503
-47.2201
-46.9828
-46.7370
-46.4875
-46.2318
-45.9714
-45.7069
-45.4378
-45.1574
-44.8716
-44.5781
-44.2747
-43.9685
-43.6585
-43.3378
-43.0085
-42.6760
-42.2684
-41.9495
-51.1991
-51.0404
-50.8791
-50.7150
-50.5476
-50.3776
-50.2049
-50.0281
-49.8542
-49.6692
-49.4759
-49.2857
-49.0957
-48.8993
-48.6984
-48.4926
-48.2816
-48.0654
-47.8446
-47.6194
-47.3879
-47.1510
-46.9090
-46.6640
-46.4153
-46.1597
-45.8946
-45.6237
-45.3543
-45.0770
-44.7890
-44.4916
-44.1837
-43.8731
-43.5573
-43.2298
-42.8944
-42.5499
-42.2081
-41.7995
-51.1545
-50.9951
-50.8329
-50.6674
-50.4990
-50.3282
-50.1549
-49.9795
-49.8050
-49.6205
-49.4305
-49.2349
-49.0428
-48.8420
-48.6343
-48.4257
-48.2164
-48.0021
-47.7828
-47.5588
-47.3293
-47.0945
-46.8536
-46.6063
-46.3502
-46.0889
-45.8216
-45.5515
-45.2749
-44.9975
-44.7075
-44.4113
-44.1041
-43.7868
-43.4639
-43.1327
-42.7922
-42.4390
-42.0785
-41.7181
-51.1137
-50.9527
-50.7883
-50.6211
-50.4521
-50.2805
-50.1071
-49.9295
-49.7486
-49.5670
-49.3781
-49.1814
-48.9867
-48.7886
-48.5855
-48.3780
-48.1681
-47.9503
-47.7268
-47.4978
-47.2643
-47.0278
-46.7888
-46.5435
-46.2906
-46.0300
-45.7619
-45.4863
-45.2029
-44.9148
-44.6214
-44.3231
-44.0147
-43.6947
-43.3674
-43.0345
-42.6932
-42.3387
-41.9697
-41.5949
-51.0722
-50.9120
-50.7487
-50.5834
-50.4145
-50.2430
-50.0674
-49.8883
-49.7037
-49.5223
-49.3317
-49.1335
-48.9342
-48.7378
-48.5333
-48.3246
-48.1114
-47.8954
-47.6729
-47.4449
-47.2115
-46.9731
-46.7277
-46.4776
-46.2212
-45.9576
-45.6900
-45.4174
-45.1353
-44.8427
-44.5443
-44.2399
-43.9265
-43.6044
-43.2724
-42.9315
-42.5886
-42.2354
-41.8686
-41.4881
-51.0296
-50.8680
-50.7046
-50.5380
-50.3698
-50.1977
-50.0205
-49.8419
-49.6599
-49.4742
-49.2895
-49.0931
-48.8918
-48.6896
-48.4864
-48.2752
-48.0593
-47.8405
-47.6155
-47.3863
-47.1518
-46.9117
-46.6658
-46.4137
-46.1567
-45.8923
-45.6245
-45.3478
-45.0625
-44.7682
-44.4670
-44.1608
-43.8494
-43.5282
-43.1926
-42.8449
-42.4860
-42.1261
-41.7533
-41.3690
-50.9885
-50.8270
-50.6622
-50.4950
-50.3259
-50.1507
-49.9742
-49.7943
-49.6107
-49.4238
-49.2345
-49.0401
-48.8382
-48.6371
-48.4351
-48.2250
-48.0103
-47.7906
-47.5672
-47.3365
-47.0991
-46.8557
-46.6072
-46.3526
-46.0911
-45.8283
-45.5578
-45.2804
-44.9947
-44.7002
-44.3955
-44.0846
-43.7647
-43.4385
-43.1018
-42.7521
-42.3938
-42.0288
-41.6560
-41.2660
-50.9510
-50.7893
-50.6243
-50.4571
-50.2841
-50.1099
-49.9325
-49.7513
-49.5671
-49.3762
-49.1847
-48.9932
-48.7934
-48.5868
-48.3830
-48.1712
-47.9545
-47.7337
-47.5096
-47.2791
-47.0431
-46.8017
-46.5546
-46.3010
-46.0424
-45.7747
-45.4996
-45.2184
-44.9285
-44.6306
-44.3238
-44.0075
-43.6842
-43.3534
-43.0165
-42.6676
-42.3067
-41.9315
-41.5476
-41.1560
