-60.6035
-60.5471
-60.5107
-60.5196
-60.5933
-60.7132
-60.8031
-60.2878
-60.3890
-61.0677
-61.1613
-61.2755
-61.4019
-61.5547
-61.6819
-61.0704
-53.0502
-53.0716
-53.1440
-61.3473
-61.5638
-61.7702
-61.6236
-61.7614
-61.7808
-62.6438
-62.8522
-63.0491
-63.2250
-63.3941
-63.3551
-63.1913
-62.8623
-62.5384
-54.2898
-54.3592
-54.4297
-54.5006
-54.5719
-54.6426
-60.4196
-60.3778
-60.3803
-60.4500
-60.5698
-60.6623
-60.1408
-60.2436
-60.9335
-61.0313
-61.1425
-61.2711
-61.4245
-61.5583
-60.9230
-52.8614
-52.9355
-53.0066
-61.2346
-61.4639
-61.7005
-61.5061
-61.1342
-61.6645
-62.5627
-62.7783
-62.9841
-63.1664
-63.3376
-63.3305
-63.1279
-62.7286
-62.3602
-54.1632
-54.2337
-54.3047
-54.3764
-54.4484
-54.5197
-54.5898
-60.2450
-60.2409
-60.3060
-60.4255
-60.5210
-59.9923
-60.0969
-60.7993
-60.8972
-61.0096
-61.1402
-61.2971
-61.4362
-60.7445
-52.7233
-52.7982
-52.8700
-61.0941
-61.3498
-61.5967
-61.3899
-60.9953
-61.5894
-62.4849
-62.4869
-62.9213
-63.1152
-63.2884
-63.3324
-63.0888
-62.5944
-62.1725
-54.0355
-54.1071
-54.1787
-54.2513
-54.3239
-54.3955
-54.4662
-62.9101
-60.1016
-60.1617
-60.2804
-60.4034
-59.8426
-59.9490
-60.0548
-60.7634
-60.8767
-61.0097
-61.1702
-61.3760
-60.6111
-52.5813
-52.6570
-52.7297
-60.9688
-61.2384
-61.4966
-61.2758
-60.8553
-61.4744
-62.3641
-62.4213
-62.8653
-63.0737
-63.2487
-63.3531
-63.0908
-62.4096
-53.8356
-53.9071
-53.9796
-54.0519
-54.1251
-54.1984
-54.2770
-54.3485
-62.9195
-63.2416
-60.0170
-60.1245
-60.2600
-59.6697
-59.7998
-59.9075
-60.6302
-60.7602
-60.9052
-61.0602
-62.4493
-60.4619
-52.4332
-52.5144
-52.5880
-60.8458
-61.1306
-61.4010
-61.1826
-60.7145
-62.1244
-62.3031
-62.3704
-62.8180
-63.0327
-63.2221
-64.4019
-63.1684
-62.2757
-53.7047
-53.7777
-53.8572
-53.9307
-54.0048
-54.0788
-54.1515
-54.2483
-62.9159
-63.2591
-63.5528
-59.9790
-60.1161
-59.5184
-59.6626
-59.7721
-60.5127
-60.6319
-60.7747
-60.9332
-62.3546
-60.3355
-52.2887
-52.3704
-52.4449
-60.7262
-61.0273
-61.3112
-61.0728
-60.5827
-62.0650
-62.2513
-62.3418
-62.7812
-63.0015
-67.4140
-65.2498
-63.4092
-62.2009
-53.5809
-53.6551
-53.7292
-53.8033
-53.8777
-53.9520
-54.0250
-62.5650
-62.9397
-63.3056
-63.6132
-62.4130
-59.9866
-59.3779
-59.5099
-59.6214
-60.3806
-60.5002
-60.6455
-60.8077
-62.2708
-60.1828
-52.1429
-52.2247
-52.3004
-60.6110
-60.9302
-61.2291
-60.9669
-60.4694
-62.0153
-62.2576
-62.2825
-62.7586
-70.9742
-67.6200
-64.2303
-62.0762
-53.4488
-53.5239
-53.5991
-53.6739
-53.7488
-53.8234
-53.8969
-62.5920
-62.9969
-63.3872
-63.7093
-62.3024
-64.2590
-59.2430
-59.3559
-59.4695
-60.2504
-60.3702
-60.5179
-60.6840
-62.1980
-60.0275
-51.9957
-52.0733
-52.1567
-60.5014
-60.8410
-61.1564
-60.8659
-60.8885
-61.9771
-62.2272
-62.3610
-62.7589
-72.1274
-67.2324
-61.9463
-53.3086
-53.3912
-53.4672
-53.5431
-53.6186
-53.6935
-53.7674
-62.6661
-63.1026
-63.4851
-62.1467
-62.2452
-64.4022
-63.4788
-59.1799
-59.3166
-60.1235
-60.2430
-60.3940
-61.9092
-62.1404
-59.8728
-51.8514
-51.9254
-52.0094
-60.3994
-60.7482
-61.0951
-60.0652
-60.7809
-61.9529
-62.2107
-62.4020
-53.0985
-53.1737
-53.2568
-53.3338
-53.4109
-53.4872
-53.5623
-53.6865
-62.8125
-63.2804
-63.6787
-62.0416
-64.3473
-64.5119
-63.4722
-62.4396
-59.1627
-60.0011
-60.1198
-60.2785
-61.8764
-62.1088
-59.7131
-51.7014
-51.7760
-51.8549
-60.3069
-60.6813
-60.4878
-59.9172
-60.6943
-61.9348
-62.2110
-62.4108
-61.0908
-52.6452
-67.2725
-52.9605
-53.0367
-53.1203
-53.1982
-53.2761
-53.3538
-53.4294
-62.4500
-63.0682
-63.5620
-63.9328
-61.9202
-64.6103
-64.7204
-62.2319
-62.2970
-62.3752
-59.8853
-60.0022
-60.1632
-61.8515
-62.0606
-59.5552
-51.5486
-51.6294
-51.7046
-60.2270
-60.6310
-60.3995
-59.7680
-61.6912
-61.9980
-62.2322
-62.7564
-52.4752
-52.5028
-52.5797
-72.2356
-52.8212
-52.8983
-52.9823
-53.0611
-53.1363
-53.2142
-53.2921
-62.8407
-63.4881
-63.9821
-61.6327
-61.8196
-65.0559
-65.0532
-62.0954
-62.1742
-62.2533
-62.3266
-59.8923
-60.0549
-61.8609
-61.9741
-59.3957
-51.3952
-51.4724
-59.6751
-60.1649
-60.6031
-60.3244
-59.6174
-61.7221
-62.0404
-63.6220
-62.9836
-52.2809
-52.3590
-52.4366
-52.5142
-52.5974
-52.6753
-52.7546
-52.8339
-52.9201
-52.9997
-53.0780
-53.1829
-63.7189
-64.3071
-64.5965
-61.5152
-61.6496
-63.3866
-62.0006
-62.0750
-62.1509
-62.1639
-62.1681
-59.9561
-61.9399
-61.8571
-59.2346
-51.2399
-51.3232
-59.5816
-60.1033
-60.6068
-60.2651
-59.4656
-61.8048
-65.9570
-64.6113
-63.5239
-52.1408
-52.2193
-52.2977
-52.3764
-52.4555
-52.5342
-52.6146
-52.6949
-52.7815
-52.8618
-52.9404
-65.7643
-65.9056
-65.8769
-64.4656
-61.3999
-61.5409
-61.6394
-61.7205
-61.8450
-61.9182
-61.9773
-61.9907
-62.0141
-62.0528
-62.0784
-61.8903
-59.0726
-51.0822
-51.1678
-59.5422
-60.1067
-60.6561
-60.2273
-59.3125
-71.6570
-66.0652
-64.9110
-51.9944
-52.0735
-52.1524
-52.2321
-52.3118
-52.3916
-52.4726
-52.5538
-52.6409
-52.7216
-52.8008
-69.2666
-61.1662
-61.3003
-61.4451
-61.5094
-61.5842
-61.7086
-61.7892
-61.8172
-61.8325
-61.8601
-61.9073
-53.9559
-61.9451
-58.9077
-50.9235
-51.0106
-59.5208
-60.1722
-60.7748
-60.2052
-59.1582
-65.9714
-51.8499
-51.9250
-52.0047
-52.0855
-52.1659
-52.2470
-52.3288
-52.4110
-52.4986
-52.5797
-52.6597
-52.7389
-52.8175
-61.0397
-61.1613
-61.3133
-61.3785
-61.4543
-61.5304
-61.6469
-61.6553
-61.6392
-61.6733
-53.7950
-53.8195
-61.9278
-58.7409
-50.7630
-50.8509
-59.5809
-60.3818
-60.9739
-58.8849
-59.0027
-51.6987
-51.7750
-51.8553
-51.9370
-52.0182
-52.1006
-52.1834
-52.2665
-52.3491
-52.4363
-52.5170
-52.5969
-52.6763
-60.7576
-60.8951
-61.0474
-61.2046
-61.2939
-61.2913
-61.3685
-61.4415
-61.4524
-61.4750
-61.5175
-53.6128
-61.6944
-61.8202
-61.9341
-50.6006
-50.6916
-59.8445
-60.8160
-61.4428
-58.7495
-58.8716
-51.4636
-51.5459
-51.6229
-51.7044
-51.7869
-51.8688
-51.9527
-52.0365
-52.1205
-52.2039
-52.2914
-52.3728
-52.4535
-52.5337
-60.6275
-60.7465
-60.9056
-61.0482
-61.1244
-61.1564
-61.2316
-61.2790
-61.2918
-61.3199
-61.3739
-53.4804
-61.5810
-61.7162
-61.9443
-62.1123
-50.5280
-60.5711
-61.7044
-62.2579
-58.5715
-58.7384
-63.4180
-63.6408
-51.3082
-51.3913
-51.4737
-51.5518
-51.6350
-51.7182
-51.8030
-51.8881
-51.9729
-52.0569
-52.1450
-52.2229
-52.3034
-60.3278
-60.4677
-60.6273
-60.7927
-60.9198
-60.9965
-61.0292
-61.0680
-61.1143
-61.1301
-61.1662
-53.2686
-53.3463
-61.4685
-61.6112
-61.8871
-62.0391
-62.2131
-63.7698
-66.6042
-65.6697
-58.4138
-60.3620
-68.3855
-65.0202
-51.0647
-51.1496
-51.2346
-51.3180
-51.3974
-51.4813
-51.5659
-51.6516
-51.7339
-51.8189
-51.9036
-51.9924
-52.0754
-52.1577
-60.1944
-60.3490
-60.5186
-60.6898
-60.7910
-60.8682
-60.9015
-60.8994
-60.9436
-60.9642
-61.0116
-53.1323
-61.2207
-61.3622
-61.6309
-61.8147
-61.9710
-62.1488
-62.3233
-66.4868
-58.2348
-58.3621
-50.9053
-50.9903
-51.0757
-51.1599
-51.2359
-51.3211
-51.4076
-51.4948
-51.5823
-51.6691
-51.7543
-51.8385
-51.9274
-52.0106
-60.0663
-60.2340
-60.4126
-60.5795
-60.6572
-60.7343
-60.7371
-60.7278
-60.7738
-60.8018
-52.9149
-52.9951
-61.1092
-61.3670
-61.5581
-61.7478
-61.9079
-62.0895
-62.2672
-62.4409
-57.9487
-58.0520
-58.1504
-50.5574
-50.6479
-50.7363
-50.8234
-50.9104
-50.9964
-51.0834
-51.1652
-51.2532
-51.3416
-51.4300
-51.5177
-51.6035
-51.6884
-51.7775
-51.9110
-59.9380
-60.1168
-60.3036
-60.4482
-60.5261
-60.6033
-60.5645
-60.5551
-60.5618
-60.6426
-52.7756
-60.8533
-61.0024
-61.2933
-61.4916
-61.6866
-61.8503
-62.0356
-62.2164
-62.3930
-62.4599
-57.8849
-57.9878
-50.3932
-50.4843
-50.5733
-50.6614
-50.7495
-50.8368
-50.9247
-51.0075
-51.0971
-51.1867
-51.2752
-51.3635
-51.4501
-51.5355
-51.6257
-59.6469
-59.8181
-60.0070
-60.2021
-60.3170
-60.3947
-60.4521
-60.4293
-60.3801
-60.3933
-52.5775
-52.6349
-60.7408
-61.0195
-61.2271
-61.4320
-61.6320
-61.7990
-61.9879
-62.1719
-62.3170
-62.3578
-62.3983
-57.8249
-50.2240
-50.3188
-50.4085
-50.4976
-50.5866
-50.6753
-50.7632
-50.8479
-50.9381
-51.0290
-51.1193
-51.2081
-51.2954
-51.3817
-51.4726
-59.5159
-59.7029
-59.9009
-60.1040
-60.1857
-60.2631
-60.2727
-60.2494
-60.2036
-60.2272
-52.4096
-60.4755
-60.6340
-60.9533
-61.1690
-61.3798
-61.5849
-61.7549
-61.9473
-62.1342
-62.2198
-62.2560
-62.3552
-62.9035
-50.0559
-50.1500
-50.2404
-50.3304
-50.4206
-50.5107
-50.6006
-50.6910
-50.7783
-50.8703
-50.9617
-51.0509
-51.1390
-51.2263
-51.3131
-59.3919
-59.5925
-59.7989
-59.9761
-60.0544
-60.1260
-60.0899
-60.0666
-60.0264
-52.2244
-52.2652
-60.3622
-60.6688
-60.8969
-61.1200
-61.3366
-61.5462
-61.7190
-61.9146
-62.0924
-62.1237
-62.1541
-73.2343
-49.9796
-50.0713
-50.1623
-50.2536
-50.3451
-50.4361
-50.5282
-50.6168
-50.7099
-50.8020
-50.8919
-50.9808
-51.0691
-59.0522
-59.2744
-59.4868
-59.7012
-59.8457
-59.9232
-59.9414
-59.9034
-59.8814
-59.8509
-52.0282
-60.0860
-60.2558
-60.6136
-60.8511
-61.0812
-61.3032
-61.5174
-61.6925
-61.8913
-62.0043
-62.0285
-62.0524
-73.6056
-49.9001
-49.9922
-50.0839
-50.1776
-50.2696
-50.3635
-50.4538
-50.5476
-50.6401
-50.7310
-50.8209
-50.9101
-58.9230
-59.1634
-59.3866
-59.6087
-59.7067
-59.7921
-59.7526
-59.7131
-59.6946
-59.6808
-51.8801
-59.9720
-60.3167
-60.5716
-60.8178
-61.0544
-61.2816
-61.5001
-61.6771
-61.8787
-61.9185
-61.9342
-61.8841
-61.7748
-49.8200
-49.9133
-50.0081
-50.1015
-50.1968
-50.2925
-50.3832
-50.4764
-50.5682
-50.6591
-50.7494
-58.8035
-59.0591
-59.2923
-59.4931
-59.5755
-59.6162
-59.5594
-59.5194
-59.5084
-51.6496
-59.6539
-59.8288
-60.2785
-60.5446
-60.7988
-61.0417
-61.2738
-61.4962
-61.6745
-61.8584
-61.8634
-61.8602
-61.7220
-61.6016
-61.5316
-61.4366
-62.6238
-49.7405
-49.8365
-49.9317
-50.0284
-50.1252
-50.2169
-50.3108
-50.4035
-50.4954
-58.4722
-58.6932
-58.9326
-59.2048
-59.3646
-59.4450
-59.4219
-59.3617
-59.3229
-59.3268
-51.4974
-59.5420
-59.9284
-60.2590
-60.5588
-60.8215
-61.0708
-61.3082
-61.5347
-61.7139
-61.7893
-61.7808
-61.6747
-61.5231
-61.3920
-61.3164
-63.5100
-63.1691
-62.8727
-62.3300
-61.8921
-49.6628
-49.7598
-49.8581
-49.9558
-50.0487
-50.1432
-50.2369
-50.3299
-58.3471
-58.5924
-58.8446
-59.1254
-59.2375
-59.2879
-59.2225
-59.1593
-59.1439
-51.2577
-51.3465
-59.6272
-59.9379
-60.2832
-60.5700
-60.8396
-61.0941
-61.3352
-61.5643
-61.7430
-61.7258
-61.6744
-61.4816
-61.3147
-61.1720
-61.0880
-64.6178
-63.2205
-62.7449
-62.0486
-61.5317
-53.1469
-49.5859
-49.6855
-49.7844
-49.8817
-49.9736
-50.0683
-50.1624
-58.2362
-58.5018
-58.7852
-59.0539
-59.1317
-59.1053
-59.0352
-58.9697
-58.9473
-51.1011
-59.1964
-59.6257
-59.9549
-60.3124
-60.5950
-60.8837
-61.1423
-61.3857
-61.6164
-61.7185
-61.6690
-61.4943
-61.2792
-61.0945
-60.9756
-63.3328
-65.1188
-67.9179
-62.6260
-61.7090
-52.9396
-61.2477
-61.5049
-49.5109
-49.6108
-49.7115
-49.8043
-49.9002
-57.8869
-58.1556
-58.4397
-58.7166
-58.9340
-59.0052
-58.8957
-58.8220
-58.7577
-50.8763
-50.9427
-59.3284
-59.6630
-60.0080
-60.3766
-60.6797
-60.9597
-61.2207
-61.4651
-61.6954
-61.7363
-61.5892
-61.3065
-61.0646
-60.8598
-60.7374
-73.1615
-70.1067
-62.5129
-61.1951
-52.8014
-61.2775
-61.5492
-61.8047
-49.4375
-49.5364
-49.6305
-49.7273
-57.7717
-58.0726
-58.3731
-58.6619
-58.7883
-58.7991
-58.6791
-58.6000
-58.5459
-50.6903
-58.7885
-59.3951
-59.7504
-60.1086
-60.4015
-60.7943
-61.0762
-61.3369
-61.5796
-61.8072
-61.7347
-61.4336
-61.1089
-60.8349
-60.6070
-62.3563
-52.5786
-61.0901
-61.3486
-61.6284
-61.8005
-61.7023
-49.3591
-49.4577
-49.5522
-57.6794
-58.0071
-58.3237
-58.6180
-58.6788
-58.5859
-58.4546
-58.3710
-58.3429
-50.5274
-59.0546
-59.5375
-59.9532
-60.2520
-60.3995
-60.9649
-61.2442
-61.5003
-61.7373
-61.9586
-61.7555
-61.2764
-60.8981
-60.5853
-60.2980
-60.1076
-52.3531
-60.8622
-61.2011
-61.4675
-61.7343
-61.6358
-61.4403
-61.2819
-49.2793
-57.2631
-57.6113
-57.9630
-58.2954
-58.5260
-58.5137
-58.3646
-58.2209
-58.1375
-50.2672
-58.3740
-59.2787
-59.7915
-60.2152
-60.2994
-60.3189
-61.2089
-61.4784
-61.6794
-61.8974
-62.0534
-61.6621
-61.0757
-60.6323
-60.2744
-59.9945
-51.8437
-51.9336
-52.1999
-60.6397
-61.0351
-61.3564
-61.6261
-61.6127
-61.3536
-61.1428
-60.3772
-52.8864
-57.1774
-57.5714
-57.9463
-58.2944
-58.4453
-58.3056
-58.1335
-57.9773
-57.9074
-50.0990
-59.0148
-59.7049
-60.1892
-60.5880
-60.2946
-60.1167
-61.5029
-61.7484
-61.9698
-62.1731
-62.3617
-61.6451
-60.9178
-60.3797
-59.9609
-51.6045
-51.7006
-51.7916
-51.8856
-51.9739
-60.8714
-61.2832
-61.5836
-61.7098
-61.3517
-61.0588
-60.8317
-52.6609
-52.7485
-60.3866
-57.5681
-57.9656
-58.3287
-58.3600
-58.0892
-57.8439
-57.7006
-49.8255
-57.9226
-59.8182
-60.4700
-60.9084
-61.2330
-61.4235
-59.9512
-61.9779
-62.1808
-62.3635
-62.5331
-62.7751
-61.7709
-60.8094
-60.1267
-59.6284
-51.4599
-51.5522
-51.6476
-51.7385
-60.8189
-61.3236
-61.7180
-61.9220
-61.4772
-61.0496
-60.7198
-52.4356
-52.5209
-60.1593
-60.2545
-60.3530
-58.0085
-58.2842
-58.1496
-57.8394
-57.5883
-57.4430
-49.6498
-61.8010
-61.9225
-62.0436
-62.1545
-62.3312
-62.3266
-59.8275
-62.7296
-62.8490
-68.3108
-62.0829
-60.6619
-59.7592
-51.2149
-51.3087
-51.4020
-51.4982
-60.9970
-61.6495
-62.0786
-62.3909
-61.8759
-61.1938
-60.6845
-52.2067
-52.2933
-59.9055
-60.0244
-60.1241
-60.2268
-60.3322
-58.2975
-57.9642
-57.6018
-57.3173
-49.3733
-49.4743
-67.3608
-63.9109
-59.6728
-58.4522
-68.3053
-60.5187
-50.9658
-51.0611
-51.1559
-51.2497
-63.0497
-63.1614
-63.2725
-63.3732
-63.4473
-61.7289
-60.8307
-51.9740
-52.0620
-59.6690
-59.7683
-59.8915
-59.9801
-60.0861
-60.1916
-60.3029
-57.7764
-57.3457
-57.0256
-49.1943
-49.2967
-49.4006
-67.2838
-58.1443
-58.4431
-58.7287
-60.3503
-50.8062
-50.9028
-50.9987
-51.0932
-68.1008
-61.5980
-51.7642
-51.8277
-59.4289
-59.5116
-59.6112
-59.7377
-59.8459
-59.9563
-60.0688
-60.1839
-60.3032
