-62.0989
-62.2121
-62.2969
-62.8326
-62.8797
-62.9305
-62.9968
-63.0565
-63.0859
-62.9727
-62.9628
-63.4547
-63.3207
-63.1944
-64.6628
-64.6344
-64.6040
-64.5216
-64.4882
-64.4544
-64.4532
-64.7738
-64.5098
-64.3092
-61.0756
-61.2284
-61.3785
-61.5474
-61.7813
-62.0060
-62.1741
-61.9022
-61.3744
-60.9569
-58.5760
-49.2017
-49.1201
-49.0406
-57.4493
-58.9477
-64.3972
-62.0476
-62.1087
-62.2212
-62.7101
-62.7613
-62.8273
-62.8878
-62.9525
-63.0016
-62.8882
-62.8825
-63.4427
-63.3126
-63.1901
-64.7855
-64.7738
-64.7608
-64.7526
-64.7531
-64.7045
-65.3227
-65.1003
-64.8241
-60.9572
-61.0720
-61.2203
-61.3891
-61.6020
-61.8571
-62.0921
-63.1801
-62.8348
-62.4648
-62.3699
-49.1138
-49.0312
-48.9487
-48.8688
-58.2882
-65.3750
-61.8281
-61.9415
-62.0061
-62.5364
-62.5871
-62.6418
-62.7117
-62.7762
-62.8454
-62.9187
-62.8053
-62.8054
-63.4458
-63.3199
-63.2047
-64.9244
-64.9347
-64.9542
-64.9797
-64.9935
-65.7736
-65.7366
-65.4712
-65.1330
-60.8646
-61.0296
-61.1966
-61.3873
-61.6471
-61.9244
-64.4795
-64.3615
-64.2450
-64.1323
-64.0227
-48.9437
-48.8606
-48.7771
-57.1853
-66.2484
-65.1348
-61.7256
-61.8430
-61.9359
-62.4176
-62.4719
-62.5306
-62.6049
-62.6740
-62.7478
-62.8268
-62.8510
-62.7453
-63.4850
-63.3665
-63.2614
-65.1047
-65.1433
-65.2015
-65.2599
-65.9472
-66.3554
-66.3607
-66.2801
-64.9701
-60.8140
-60.9992
-61.1904
-61.4524
-61.7215
-65.8972
-66.3076
-48.8534
-48.7696
-48.6860
-48.6019
-65.9127
-66.9844
-64.9899
-61.6176
-61.7389
-62.2371
-62.2909
-62.3491
-62.4121
-62.4908
-62.5646
-62.6436
-62.7279
-62.7907
-62.6898
-63.5505
-63.4450
-63.3564
-65.3005
-65.3808
-65.4853
-66.3711
-70.5038
-71.6944
-60.6278
-60.8007
-60.9841
-61.1997
-61.4871
-61.8387
-48.6779
-48.5935
-48.5089
-65.5783
-66.7270
-67.6655
-61.4941
-61.5106
-61.6363
-62.1067
-62.1643
-62.2266
-62.3041
-62.3779
-62.4568
-62.5412
-62.8685
-62.7448
-62.6502
-63.6638
-63.5787
-63.5163
-63.5058
-66.5192
-68.2661
-60.5320
-60.7772
-60.9862
-61.2785
-61.5726
-48.5854
-48.5002
-48.4150
-65.3942
-66.4050
-69.7255
-70.3941
-61.3357
-61.4049
-61.5834
-61.9762
-62.0380
-62.1050
-62.1873
-62.2662
-62.3508
-62.4411
-62.8363
-62.7176
-62.6317
-63.8409
-63.7886
-63.7685
-63.8158
-66.6358
-68.9754
-60.3636
-60.5354
-60.7250
-60.9500
-61.2778
-61.7145
-62.7063
-57.7744
-48.5761
-48.4895
-48.4034
-48.3169
-60.8575
-66.3246
-61.2268
-61.3016
-61.7847
-61.8458
-61.9122
-61.9839
-62.0717
-62.1562
-62.2468
-62.3436
-62.8258
-62.7146
-62.6407
-64.1043
-64.1046
-64.1605
-64.3078
-68.9473
-60.1750
-60.2594
-60.3847
-60.5855
-60.8053
-61.0600
-61.4206
-63.8426
-63.5724
-63.9080
-57.5906
-48.3965
-48.3100
-48.2228
-60.6831
-66.8606
-67.8001
-61.0911
-61.1192
-61.2747
-61.6500
-61.7157
-61.7870
-61.8642
-61.9577
-62.0484
-62.1455
-62.9745
-62.8438
-62.7435
-62.6864
-64.4830
-64.5681
-64.7359
-66.2075
-66.4474
-66.5309
-66.0848
-65.9421
-60.1155
-60.2337
-60.4145
-60.6255
-60.8833
-61.2548
-65.5436
-65.5565
-65.2189
-65.1012
-57.3909
-48.2153
-48.1282
-60.5039
-60.5479
-67.6907
-60.7954
-60.9696
-61.0029
-61.4383
-61.5011
-61.5703
-61.6452
-61.7357
-61.8245
-61.9197
-62.0217
-62.9844
-62.8642
-62.7792
-62.7450
-64.9472
-65.1673
-65.5173
-67.4817
-68.3162
-70.1295
-69.2487
-60.1062
-60.2318
-60.4487
-60.6997
-61.0506
-61.4463
-67.9189
-48.1213
-48.0323
-60.3386
-60.3473
-60.3920
-60.4958
-60.5548
-60.6992
-60.8600
-60.9006
-61.3016
-61.3696
-61.4442
-61.5253
-61.6222
-61.7180
-61.8228
-63.2135
-63.0923
-62.9923
-62.9348
-62.9383
-65.6331
-66.0403
-68.3196
-70.3414
-59.9868
-60.0948
-60.2588
-60.5192
-60.8661
-61.2996
-47.9358
-60.1560
-60.1954
-60.2067
-60.2559
-60.3091
-60.3674
-60.4324
-60.6678
-60.7524
-60.8245
-61.1624
-61.2377
-61.3198
-61.4084
-61.5140
-61.6187
-61.7312
-63.3513
-63.2418
-63.1714
-63.1539
-63.2196
-65.8028
-66.2782
-59.9622
-60.1071
-60.3393
-60.6256
-61.0544
-47.8396
-59.9717
-60.0091
-60.0517
-60.0669
-60.1187
-60.1769
-60.2395
-58.5667
-60.5554
-60.6033
-60.8999
-61.0227
-61.1039
-61.1925
-61.2887
-61.4023
-61.5157
-61.6372
-63.5485
-63.4755
-63.4533
-63.5003
-63.6482
-66.0440
-59.9122
-59.9979
-60.1273
-60.4055
-60.8373
-61.3126
-47.7435
-59.7863
-59.8215
-59.8617
-59.9076
-59.9268
-59.9827
-60.0442
-60.1125
-58.3780
-60.4454
-60.5009
-60.7555
-60.8834
-60.9712
-61.0668
-61.1791
-61.2928
-61.4154
-63.9048
-63.8346
-63.8192
-63.8738
-64.0241
-64.3206
-68.2079
-64.4209
-60.0175
-59.9203
-59.9175
-60.0486
-60.2903
-60.6102
-61.1168
-61.3637
-61.0007
-60.6687
-60.7062
-47.6678
-59.6070
-59.6317
-59.6699
-59.7140
-59.7331
-59.7868
-59.8470
-59.9132
-59.9855
-58.2122
-60.3384
-60.4066
-60.6114
-60.7448
-60.8397
-60.9431
-61.0643
-61.1874
-61.3200
-64.0517
-64.2388
-64.3079
-64.4786
-64.7857
-65.3175
-67.2102
-67.8635
-66.2618
-66.9305
-60.0303
-59.9604
-60.0008
-60.1910
-60.5065
-60.9617
-66.1823
-67.2055
-68.3188
-62.3146
-62.1334
-59.4146
-59.4482
-59.4758
-59.5174
-59.5652
-59.5887
-59.6476
-59.7119
-59.7834
-59.8633
-58.0442
-60.2351
-60.3862
-60.4691
-60.6077
-60.7104
-60.8224
-60.9533
-61.0866
-63.8287
-64.0570
-64.3581
-64.7464
-65.2448
-65.8538
-68.4765
-69.8129
-60.0673
-60.0363
-60.1593
-60.4264
-60.8104
-67.3304
-68.8498
-59.2238
-59.2511
-59.2877
-59.3185
-59.3640
-59.4158
-59.4442
-59.5079
-59.5783
-59.6548
-59.7868
-57.8755
-59.9916
-60.2367
-60.3705
-60.4721
-60.5834
-60.7056
-60.8469
-60.9918
-63.8168
-64.1096
-64.4954
-64.9915
-65.6040
-68.1548
-60.2617
-60.1656
-60.1874
-60.3874
-60.7548
-61.3573
-59.0468
-59.0638
-59.0960
-59.1391
-59.1601
-59.2094
-59.2657
-59.2994
-59.3686
-59.4448
-59.5283
-59.6912
-57.7052
-59.9813
-59.8594
-60.2288
-60.3394
-60.4605
-60.6008
-60.7461
-60.9045
-63.8489
-64.2319
-64.7330
-65.3713
-66.1917
-60.5535
-60.4026
-60.3539
-60.4529
-60.7605
-61.3143
-67.1909
-58.8868
-58.8746
-58.8928
-58.9281
-58.9752
-59.0001
-59.0539
-59.0870
-59.1547
-59.2297
-59.3123
-59.4029
-59.6893
-57.5327
-59.8827
-59.7348
-60.0887
-60.2094
-60.3418
-60.4947
-60.6533
-63.5511
-63.9425
-64.4594
-65.1291
-65.9794
-60.9380
-60.7104
-60.6565
-60.6860
-60.8957
-61.3798
-68.6939
-61.5908
-50.9132
-58.7166
-58.7001
-58.7194
-58.7581
-58.8095
-58.8387
-58.8973
-58.9363
-59.0098
-59.0915
-59.1812
-59.2820
-59.5863
-57.3589
-59.7250
-59.6499
-59.5713
-60.0828
-60.2277
-60.3947
-60.5690
-63.5873
-64.1286
-64.2910
-64.5340
-64.9439
-65.4333
-66.2218
-61.7134
-61.4765
-61.2429
-61.1054
-61.0820
-61.2178
-61.6157
-62.3577
-63.8411
-64.3303
-65.0892
-50.8525
-50.7570
-58.5459
-58.5234
-58.5436
-58.5856
-58.6418
-58.6757
-58.7397
-58.7850
-58.8651
-58.9539
-59.0517
-59.2032
-59.4884
-57.1827
-59.5308
-59.6456
-59.4950
-59.3737
-60.1258
-60.2849
-62.9738
-63.6208
-64.3860
-65.4111
-65.9369
-66.7076
-67.5927
-68.7735
-68.2042
-61.7696
-61.7151
-61.6718
-61.7902
-62.1209
-62.8031
-50.7921
-50.6954
-50.5989
-58.3749
-58.3441
-58.3647
-58.4106
-58.4722
-58.5112
-58.5811
-58.6333
-58.7161
-58.8126
-58.9185
-59.2019
-59.3892
-56.9995
-59.3651
-59.4869
-59.6703
-59.2962
-59.1736
-60.1991
-62.5860
-63.5470
-64.8629
-66.6010
-61.8045
-62.4286
-62.5988
-62.9374
-63.5901
-66.3615
-50.7346
-50.6347
-50.5363
-50.4387
-50.3907
-58.1604
-58.1804
-58.2299
-58.2969
-58.3413
-58.4172
-58.4768
-58.5718
-58.6769
-58.7927
-59.1316
-59.3531
-56.8182
-59.2166
-59.3512
-59.5501
-59.7249
-59.1316
-58.9954
-62.0482
-63.3775
-65.5911
-60.1561
-60.0058
-59.7015
-63.0572
-64.0461
-64.7661
-65.8876
-50.6766
-50.5765
-50.4758
-50.3755
-50.2769
-50.1776
-57.9761
-57.9950
-58.0487
-58.1221
-58.1726
-58.2305
-58.3269
-58.4310
-58.5465
-58.6798
-59.0454
-59.5785
-56.6389
-58.9957
-59.2074
-59.4218
-59.6154
-59.8372
-59.0907
-58.8190
-63.1632
-67.6631
-60.1767
-60.1670
-60.2978
-60.0164
-59.7044
-59.3292
-66.2068
-50.6160
-50.5169
-50.4170
-50.3151
-50.2129
-50.1132
-50.0128
-57.7909
-57.8068
-57.8649
-57.9455
-58.0031
-58.0694
-58.1709
-58.2845
-58.4103
-58.6148
-58.9510
-59.4513
-56.4473
-58.8348
-59.0951
-59.2884
-59.5092
-59.7473
-61.8545
-58.7943
-58.5014
-58.1812
-57.8523
-57.5017
-57.1097
-56.7045
-60.0005
-60.7660
-60.5683
-60.2991
-59.9936
-59.6338
-59.1948
-50.5543
-50.4573
-50.3566
-50.2544
-50.1514
-50.0489
-49.9477
-49.8461
-57.6041
-57.6149
-57.6777
-57.7661
-57.8313
-57.9070
-58.0188
-58.1396
-58.2780
-58.6599
-59.6923
-59.3385
-56.2567
-58.6896
-58.9556
-59.1719
-59.4192
-62.4403
-62.5866
-62.1746
-58.5127
-58.1880
-57.8479
-56.4738
-57.0636
-56.6318
-59.8158
-61.4510
-61.3087
-61.1721
-61.0694
-60.9653
-50.4904
-50.3930
-50.2951
-50.1955
-50.0924
-49.9881
-49.8818
-49.7787
-49.6772
-57.4160
-57.4182
-57.4857
-57.5826
-57.6562
-57.7420
-57.8649
-58.0023
-58.1554
-58.5764
-59.6235
-59.2438
-56.0672
-58.5412
-58.8279
-59.0713
-59.3504
-63.4035
-63.8968
-63.7676
-63.6364
-63.4940
-57.8772
-56.4121
-57.0565
-56.6346
-59.6881
-62.5445
-63.3361
-63.4966
-50.4276
-50.3284
-50.2301
-50.1312
-50.0312
-49.9272
-49.8219
-49.7157
-49.6105
-49.5054
-57.2243
-57.2135
-57.2924
-57.3995
-57.4607
-57.5805
-57.7164
-57.8685
-58.0753
-58.5305
-59.5761
-59.1657
-55.8748
-58.4014
-58.4953
-58.9843
-59.3015
-65.1710
-65.9577
-66.9720
-68.9789
-63.1412
-57.2453
-57.1529
-56.6998
-56.1734
-63.4593
-64.6276
-57.8669
-50.2645
-50.1632
-50.0637
-49.9636
-49.8625
-49.7583
-49.6537
-49.5463
-49.4391
-49.3339
-49.2530
-57.0122
-57.0882
-57.2061
-57.2859
-57.4185
-57.5690
-57.7377
-58.1121
-59.9375
-59.5578
-59.1107
-55.6788
-58.2754
-58.0499
-58.9293
-65.2455
-67.3834
-56.1677
-57.4240
-57.3097
-56.8350
-56.2554
-66.0914
-57.8116
-57.7077
-57.5831
-49.9981
-49.8972
-49.7959
-49.6937
-49.5892
-49.4817
-49.3732
-49.2639
-49.1576
-49.0504
-56.8064
-56.8854
-57.0159
-57.0998
-57.2499
-57.4248
-57.6127
-58.1103
-59.9855
-59.5858
-59.0973
-55.4887
-58.1514
-57.9621
-58.8860
-67.2433
-56.0072
-56.2428
-57.7426
-57.5828
-57.0685
-56.4261
-55.6065
-57.7847
-57.6843
-57.5481
-57.4186
-49.8319
-49.7287
-49.6262
-49.5229
-49.4180
-49.3094
-49.1997
-49.0890
-48.9807
-48.8723
-56.6014
-56.6816
-56.8267
-56.9262
-57.0895
-57.2734
-57.4837
-60.2965
-60.0815
-59.6757
-59.1337
-55.2788
-58.0266
-57.8705
-67.1011
-54.4989
-56.0844
-57.6346
-58.4390
-58.0384
-57.5179
-56.8250
-57.7556
-57.6219
-57.5289
-57.3883
-57.2536
-49.6636
-49.5583
-49.4545
-49.3500
-49.2444
-49.1349
-49.0240
-48.9121
-48.8017
-48.6919
-56.3959
-56.4731
-56.6157
-56.7517
-56.9350
-57.1442
-57.4406
-60.6586
-61.6160
-60.9709
-59.3621
-55.0994
-57.9393
-57.8332
-57.3903
-55.3031
-55.1156
-54.9620
-54.8387
-54.3638
-56.2852
-58.4501
-59.1339
-58.7909
-58.3451
-57.7016
-57.5931
-57.4579
-57.3733
-57.2281
-57.0885
-56.9568
-49.3857
-49.2806
-49.1749
-49.0681
-48.9583
-48.8461
-48.7329
-48.6203
-48.5092
-56.1929
-56.2594
-56.4220
-56.5777
-56.7844
-57.0212
-57.6310
-61.4810
-63.2388
-63.1002
-62.9349
-54.9281
-57.9242
-57.9305
-57.4007
-55.1942
-55.0027
-54.8499
-54.7308
-54.2274
-56.7141
-64.0162
-65.4083
-57.6499
-57.5391
-57.4294
-57.2927
-57.2106
-57.0677
-56.9230
-56.7856
-49.2121
-49.1047
-48.9976
-48.8896
-48.7793
-48.6659
-48.5514
-48.4365
-48.3240
-48.2355
-56.0397
-56.2257
-56.4124
-56.6481
-56.9191
-60.3771
-63.6997
-66.5055
-54.7849
-57.9380
-58.2555
-57.4611
-55.0888
-54.8936
-54.7250
-54.2145
-54.0879
-59.7782
-57.6223
-57.4874
-57.3752
-57.2634
-57.1256
-57.0409
-56.9069
-56.7574
-56.6142
-49.0365
-48.9267
-48.8184
-48.7093
-48.5985
-48.4838
-48.3681
-48.2512
-48.1370
-48.0222
-55.8180
-56.0322
-56.2394
-56.5093
-56.8227
-63.4852
-57.2943
-58.0204
-58.5080
-57.6292
-56.9012
-54.7814
-54.6226
-54.0744
-53.9438
-60.6517
-58.3324
-57.3233
-57.2096
-57.0706
-56.9568
-56.8696
-56.7453
-56.5909
-56.4423
-56.3030
-48.7461
-48.6363
-48.5258
-48.4141
-48.2986
-48.1815
-48.0632
-47.9466
-47.8302
-55.5827
-55.8287
-56.0699
-56.3817
-57.2255
-54.4121
-57.2841
-58.2103
-58.9575
-58.7549
-57.1217
-54.6872
-54.5283
-53.9241
-53.7906
-62.1613
-61.4964
-58.4054
-57.1577
-57.0423
-56.9008
-56.7864
-56.6964
-56.5822
-56.4236
-56.2694
-56.1234
-48.5639
-48.4519
-48.3400
-48.2269
-48.1109
-47.9924
-47.8726
-47.7536
-47.6356
-55.3247
-55.6218
-55.9271
-56.3210
-54.2631
-54.2649
-57.3562
-58.6081
-59.7748
-59.6944
-57.6762
-54.6092
-54.4622
-53.7778
-53.6399
-63.9378
-63.8119
-63.6848
-63.5003
-56.9908
-56.8736
-56.7310
-56.6146
-56.5220
-56.4054
-56.2562
-56.0964
-55.9439
-48.3795
-48.2651
-48.1516
-48.0373
-47.9206
-47.7998
-47.6794
-47.5580
-47.4383
-55.1035
-55.4672
-55.8342
-56.2986
-54.1660
-54.1049
-54.1117
-57.5986
-59.4976
-61.4216
-61.6115
-59.7751
-54.5682
-53.7726
-53.6342
-65.7169
-66.9991
-56.8217
-56.7037
-56.5597
-56.4656
-56.3462
-56.2273
-56.0889
-55.9235
-55.7637
-55.6154
-48.0758
-47.9608
-47.8451
-47.7277
-47.6063
-47.4835
-47.3745
-47.2843
-47.2197
-55.3191
-55.7568
-56.3139
-57.0108
-55.7244
-54.9171
-54.0158
-53.9506
-53.9591
-58.3320
-61.6980
-64.1944
-65.8969
-54.5879
-53.6321
