-57.8081
-59.7717
-59.8752
-59.8757
-57.8747
-57.8185
-52.4733
-59.8036
-59.9380
-60.0634
-60.1882
-58.1839
-58.2608
-58.3360
-58.4090
-60.8626
-61.0288
-61.0725
-61.1762
-61.2846
-61.4022
-61.5230
-61.6703
-60.9946
-61.1272
-61.2397
-54.5506
-54.6356
-60.7067
-60.7246
-60.7391
-61.2760
-61.2901
-61.3071
-61.3244
-62.2378
-62.5625
-62.7883
-62.8765
-62.9391
-57.8510
-59.8126
-59.8186
-59.7028
-57.7441
-51.9237
-59.6944
-59.8329
-59.9807
-60.1048
-60.2261
-58.1876
-58.2608
-58.3325
-58.4026
-60.8770
-61.0475
-61.1395
-61.2463
-61.3411
-61.4393
-60.5911
-60.6778
-60.9344
-61.0593
-54.5816
-54.6570
-61.3329
-60.6413
-60.6581
-61.3876
-61.2008
-61.2142
-61.2306
-61.2473
-61.3367
-61.4892
-62.5711
-62.8446
-63.0033
-57.8330
-59.7438
-59.6665
-59.5356
-51.8092
-57.7233
-57.8553
-59.8839
-60.0360
-60.1620
-60.2800
-58.1972
-58.2678
-58.3349
-58.4006
-60.8974
-61.0665
-61.1449
-61.2645
-61.4142
-60.5033
-60.5698
-60.6559
-60.8941
-54.4366
-54.5120
-61.2116
-61.3252
-61.3660
-61.3170
-61.3146
-61.1251
-61.1377
-61.1537
-61.1700
-61.2587
-61.4207
-61.4581
-55.6494
-55.7526
-57.7332
-59.5140
-59.4301
-52.0787
-59.5866
-57.7565
-57.8537
-59.9487
-60.1015
-60.2300
-60.3456
-58.2155
-58.2806
-58.3431
-58.4055
-60.9269
-61.0932
-61.1742
-61.2777
-60.3660
-60.5068
-60.5841
-60.6680
-54.3078
-54.3990
-61.0210
-61.1114
-62.1185
-62.2261
-62.2423
-61.2416
-61.0487
-61.0609
-61.0766
-61.0928
-61.1800
-61.3329
-55.3124
-55.2910
-55.5575
-57.5616
-57.4919
-51.9285
-59.4188
-59.6002
-57.7999
-57.9106
-60.0621
-60.2305
-60.3083
-60.4203
-58.2392
-58.3016
-58.3602
-58.4160
-60.9667
-61.1323
-61.2429
-60.2288
-60.3269
-60.4272
-54.0499
-54.1559
-60.8904
-60.9282
-60.9753
-61.9272
-62.0117
-62.1069
-62.1990
-62.2476
-61.8981
-60.9841
-60.9999
-61.0032
-60.4867
-55.1704
-55.1493
-55.1941
-55.3280
-54.8790
-51.3446
-59.2518
-59.4371
-59.6308
-57.8054
-57.9155
-60.1747
-60.3684
-60.5439
-60.5735
-58.2668
-58.3269
-58.3828
-58.4351
-58.5469
-60.0981
-60.1612
-60.2027
-60.2949
-53.9377
-54.0305
-60.5561
-60.8535
-61.8147
-61.8777
-61.9066
-61.9536
-62.0206
-62.0846
-62.1742
-62.0015
-61.9250
-60.8981
-54.9577
-54.9898
-54.9858
-55.0962
-55.2932
-55.4261
-51.2115
-57.1463
-55.7594
-59.1177
-59.6694
-57.8132
-57.9218
-60.2095
-60.4018
-60.5790
-60.7346
-58.4067
-58.4068
-58.4092
-58.4590
-57.8378
-60.0769
-60.1543
-60.1859
-53.8049
-53.8744
-60.4112
-60.4820
-61.5886
-61.6582
-61.8431
-61.9399
-61.9628
-62.0012
-62.0214
-62.0728
-61.8920
-61.2316
-55.1007
-54.8172
-54.8451
-54.9988
-55.1951
-55.3483
-55.3949
-57.0599
-57.1714
-59.0210
-59.1848
-55.8560
-57.5654
-57.9286
-60.2448
-60.4349
-60.6138
-60.7658
-58.4015
-58.4872
-58.5707
-57.8361
-57.8230
-60.0817
-60.1570
-53.6766
-53.7450
-60.3043
-60.3759
-61.2770
-61.5099
-61.5722
-61.6378
-61.8790
-61.9488
-62.0454
-62.0329
-62.0041
-61.0243
-54.9683
-54.9687
-55.0004
-55.2132
-55.0769
-55.2074
-55.2754
-55.3650
-57.0883
-57.2036
-59.0956
-59.2651
-59.4206
-57.5956
-54.9565
-59.8170
-60.4671
-60.6463
-60.7943
-60.9397
-58.4774
-57.8012
-57.8732
-57.9455
-60.2020
-53.5868
-53.6433
-60.2215
-61.1449
-61.1732
-61.2199
-61.4455
-61.4972
-61.5541
-61.6169
-61.6851
-61.9474
-61.2320
-54.8595
-54.8198
-54.7783
-54.9122
-55.1516
-55.3478
-55.4167
-55.1351
-55.2469
-61.3660
-57.2362
-57.2458
-59.1797
-59.3438
-59.5010
-57.6322
-57.7085
-55.9418
-55.9554
-60.1538
-60.8191
-59.6586
-57.6761
-57.7476
-57.8199
-57.8925
-53.4843
-60.4432
-60.2896
-61.0882
-61.1204
-61.1439
-61.3613
-61.3963
-61.4366
-61.4859
-61.5255
-61.5522
-60.8228
-54.7391
-54.7440
-54.7020
-54.8177
-55.0581
-55.2198
-55.3226
-55.4841
-63.3351
-63.7309
-61.5479
-57.2993
-57.4116
-59.4524
-59.4332
-59.5870
-59.7332
-57.7413
-57.8786
-60.0945
-55.9723
-59.0747
-59.5775
-57.6195
-57.6908
-52.6314
-52.7622
-60.2335
-60.3759
-61.3687
-61.4958
-61.6132
-61.1233
-61.3393
-61.3691
-61.4013
-61.4030
-60.6277
-60.6866
-54.5232
-54.4812
-54.5214
-54.9029
-54.9634
-55.0625
-55.1483
-55.3151
-63.7434
-64.3644
-57.3721
-57.4786
-57.5783
-59.7354
-59.6855
-59.8216
-57.7751
-57.8411
-60.1793
-58.9953
-59.0633
-55.4362
-57.2866
-52.5313
-52.5998
-57.7575
-61.0851
-61.1934
-61.2393
-61.3695
-61.5065
-61.6319
-61.9367
-61.3361
-61.3290
-60.5473
-54.3741
-54.3726
-54.3268
-54.4728
-54.6488
-54.8194
-54.9044
-55.0476
-62.6687
-63.2457
-64.7573
-57.5619
-57.6738
-57.6502
-59.8683
-60.0133
-60.1484
-57.8109
-57.8393
-58.8796
-58.9783
-59.0593
-59.1191
-52.3148
-51.2557
-57.3322
-58.2062
-60.9409
-61.0482
-61.0948
-61.2275
-61.3692
-61.5095
-61.8407
-60.9635
-61.0028
-54.2346
-54.1854
-54.2297
-54.3610
-54.5608
-54.7112
-54.7400
-54.7664
-61.7316
-63.1087
-63.9626
-62.6435
-57.6344
-57.7475
-57.8511
-60.2391
-60.1568
-60.2453
-57.0711
-57.1208
-58.8646
-58.9641
-59.0430
-52.7337
-52.2749
-57.7816
-57.7873
-54.6483
-60.1700
-60.8859
-60.9319
-61.0657
-61.1870
-61.2942
-60.7414
-60.9135
-54.2222
-54.1745
-54.2392
-54.3471
-54.5273
-54.5633
-54.6192
-61.9467
-62.1150
-62.3846
-62.5585
-63.9569
-61.6644
-57.7032
-57.8178
-57.9164
-60.3769
-60.4280
-58.9894
-57.1818
-57.1145
-59.0555
-59.1500
-52.5774
-59.0970
-57.7227
-57.7321
-57.7435
-57.7470
-60.1180
-55.5202
-60.1011
-60.8328
-60.1166
-60.2632
-54.0016
-54.0308
-54.0364
-54.1980
-54.4223
-54.5969
-54.6741
-54.5713
-63.7796
-63.6244
-63.0021
-62.9857
-62.9942
-62.9377
-59.0343
-58.9578
-62.4479
-60.9593
-57.7635
-57.8718
-57.9127
-60.3096
-58.8772
-58.9952
-57.1814
-57.2345
-52.4319
-52.5129
-59.2669
-60.1815
-57.6729
-57.6816
-57.6895
-57.7042
-60.0751
-60.0663
-59.2866
-55.1111
-59.3582
-53.7532
-53.7724
-53.8533
-54.0810
-54.2630
-54.4242
-54.5421
-54.6934
-64.9037
-63.6821
-63.4891
-63.3611
-62.7442
-58.9088
-58.8326
-62.0456
-62.0002
-57.7750
-57.8041
-57.8326
-58.7225
-58.8528
-58.9855
-57.1623
-51.8342
-52.3958
-60.4243
-60.4533
-60.1757
-57.7878
-57.7852
-57.6383
-57.6399
-57.6238
-59.2449
-59.2439
-59.2672
-53.4344
-51.8250
-53.5205
-53.9242
-54.1590
-54.2571
-54.4070
-54.5541
-66.7581
-64.1425
-63.8602
-62.8083
-62.5227
-58.7654
-58.5979
-61.8928
-61.1421
-57.4514
-56.5336
-56.8196
-58.6862
-58.8158
-58.9481
-57.1296
-51.7674
-60.3284
-60.4042
-60.4637
-60.4569
-60.4428
-57.7651
-57.7370
-57.0894
-57.1068
-59.1832
-53.2990
-53.2633
-53.2658
-53.3796
-53.6421
-52.0356
-54.0199
-54.1802
-54.2770
-64.1878
-62.9756
-62.6203
-61.9906
-58.5384
-58.1438
-61.0612
-61.1113
-54.2974
-56.5095
-56.5752
-56.6390
-58.4382
-58.9097
-60.1214
-57.7796
-57.8872
-60.3371
-60.4238
-60.4488
-60.4426
-57.8750
-57.3497
-57.2100
-57.2136
-53.1387
-53.1035
-53.1342
-53.3656
-53.4827
-53.6106
-53.6803
-53.7947
-53.8416
-54.2008
-65.2641
-63.9720
-62.6193
-61.9694
-60.9481
-58.1374
-58.1221
-61.8862
-61.9727
-54.2730
-54.2885
-54.3015
-54.3119
-58.4115
-59.4913
-59.5479
-57.6990
-57.7326
-60.2240
-60.3257
-60.3300
-59.4181
-57.3153
-57.3397
-57.3525
-57.3632
-52.9887
-53.1095
-53.2338
-53.4194
-53.4683
-53.6043
-53.6286
-53.7652
-53.8330
-52.0312
-60.0796
-61.2962
-62.5072
-60.7615
-61.0115
-61.0233
-58.5250
-58.5651
-62.1255
-62.1925
-54.2493
-54.2648
-54.2778
-54.3030
-55.6706
-55.6493
-59.4726
-57.3358
-57.3528
-60.0789
-60.1230
-59.2565
-59.3195
-57.2516
-57.3021
-57.3425
-52.3573
-53.0799
-53.2990
-53.4122
-53.3887
-53.4338
-53.4980
-53.6165
-53.7146
-53.7819
-59.9606
-59.9709
-54.7819
-59.8421
-60.8728
-59.8511
-60.8939
-61.7935
-61.9185
-58.5485
-58.6030
-62.3158
-62.2749
-54.2268
-54.2420
-54.6535
-54.6335
-55.6297
-55.6078
-55.5848
-54.5404
-57.2581
-58.5844
-58.6495
-59.1460
-59.2100
-57.1672
-57.2256
-52.2273
-52.4474
-53.2727
-53.3377
-53.3860
-53.4797
-53.5651
-53.5649
-53.6052
-59.9047
-59.8724
-59.8507
-59.8726
-59.5106
-59.9532
-54.6727
-60.0474
-59.9982
-60.8269
-61.9661
-62.0743
-58.5827
-58.6157
-62.3142
-62.2922
-56.4143
-54.6318
-54.6124
-54.5914
-55.5876
-55.5649
-55.5287
-54.4686
-54.1522
-55.0656
-58.5825
-58.6247
-58.6562
-57.0871
-52.1211
-52.3198
-52.4764
-53.1801
-53.3087
-53.3255
-53.4573
-53.5540
-53.6623
-60.6914
-59.7766
-59.7378
-59.6944
-59.4650
-60.0007
-60.0358
-60.3660
-61.0274
-54.8238
-61.0527
-61.0649
-61.0647
-58.5728
-58.5296
-62.0583
-61.9924
-57.1737
-57.1766
-57.1751
-57.1712
-55.5426
-55.4934
-55.0726
-54.1223
-54.1060
-55.0199
-55.0139
-54.9992
-52.3067
-51.8851
-52.0711
-52.2846
-52.3610
-53.1257
-53.2568
-53.3011
-53.4473
-60.6494
-60.8796
-60.8772
-60.8739
-60.0334
-59.3261
-59.9848
-60.0574
-62.3406
-62.0424
-61.4755
-61.3890
-61.2818
-54.7051
-60.9825
-57.8942
-57.8291
-61.7513
-61.6972
-57.1641
-57.1691
-57.1701
-57.1401
-58.2885
-58.2951
-55.0254
-54.0757
-54.0602
-54.9758
-54.9757
-51.0314
-51.2132
-50.9051
-52.0691
-52.1541
-52.1786
-53.0437
-53.1763
-53.2422
-60.2925
-60.3499
-60.6432
-59.9023
-60.5509
-60.7404
-61.7419
-67.8863
-63.1825
-62.9531
-62.5454
-61.8698
-61.4797
-61.2366
-61.0106
-60.8072
-53.5576
-57.6909
-60.3475
-59.7630
-57.1501
-57.1487
-57.1081
-56.4883
-56.5010
-58.3106
-58.3335
-56.5274
-54.0170
-54.9396
-50.9816
-51.1538
-51.2273
-50.8192
-50.8852
-50.9033
-50.9503
-52.8885
-60.4224
-59.8938
-59.9443
-59.2299
-59.5510
-60.2243
-60.4768
-61.5667
-62.0634
-62.9108
-61.5440
-61.2962
-61.0915
-60.8442
-60.6247
-57.5923
-57.2397
-54.0492
-59.6631
-57.0939
-56.4262
-56.4482
-56.4683
-56.4867
-58.3241
-58.3631
-58.4047
-51.3487
-51.5376
-51.0676
-51.1153
-51.1720
-51.2099
-50.8474
-50.8807
-50.9272
-53.9905
-54.9077
-59.0096
-58.3594
-59.4377
-59.8043
-60.7393
-61.2064
-61.7397
-62.1360
-61.3905
-61.0930
-60.7456
-60.4017
-59.7427
-57.2348
-57.5038
-60.1895
-60.1579
-56.3673
-56.3936
-56.4189
-56.4437
-56.4684
-58.3357
-58.4008
-51.7162
-51.4556
-51.6263
-52.2072
-52.3281
-52.3141
-51.1736
-50.8090
-50.8115
-53.9419
-53.8746
-54.5424
-54.4633
-54.5943
-58.7185
-59.5069
-60.6582
-61.1584
-63.3706
-63.9125
-62.1910
-61.4813
-61.1017
-60.7303
-59.7091
-59.7457
-60.3031
-57.5324
-57.4998
-60.2100
-60.1606
-56.3272
-56.3560
-56.3851
-56.4156
-56.4504
-51.4696
-51.6296
-51.8590
-51.4749
-51.5457
-52.2006
-52.3109
-52.3798
-52.4644
-57.6190
-53.9055
-53.6030
-53.5777
-54.5122
-54.5804
-54.5533
-54.7639
-54.8426
-60.9277
-60.9357
-62.6156
-61.6964
-60.7859
-59.6285
-59.7099
-60.4019
-60.3772
-60.3296
-57.4865
-57.4560
-60.2279
-60.1682
-56.2822
-56.3141
-56.3489
-56.3909
-50.9050
-51.6064
-51.8152
-51.8801
-51.4706
-51.5032
-52.1653
-52.2832
-52.3390
-59.5150
-57.0132
-56.5176
-56.5534
-53.6724
-54.6513
-54.6448
-54.8062
-55.1886
-55.2602
-55.1836
-55.0953
-59.9099
-59.7571
-59.5470
-59.4975
-59.5977
-60.3778
-60.4290
-60.3968
-60.3556
-60.3107
-57.4531
-57.4189
-60.1170
-59.4876
-56.2336
-56.2717
-56.3213
-50.7874
-51.0204
-51.6682
-51.7112
-51.8508
-51.4213
-51.4997
-52.1700
-60.5354
-59.4721
-58.4970
-56.5565
-56.5971
-56.9333
-56.9623
-58.9418
-55.6134
-55.4154
-55.3346
-55.2845
-55.1220
-54.7611
-54.6324
-54.3231
-59.5477
-59.6848
-60.3578
-60.4961
-60.4723
-60.4304
-60.3634
-60.2963
-60.2289
-57.3509
-56.9836
-59.4202
-59.3860
-56.1679
-50.5324
-50.6611
-50.8749
-51.0004
-51.5818
-51.6513
-51.7950
-51.3902
-51.4700
-60.6925
-58.3818
-58.4654
-58.5381
-56.5609
-56.9305
-56.9832
-57.0766
-63.0082
-61.8920
-54.8331
-54.7147
-54.4058
-54.3338
-54.5554
-54.8017
-54.7919
-60.6389
-60.5609
-60.4767
-60.3933
-60.2552
-60.0993
-59.3597
-56.8891
-56.8681
-59.2609
-59.2518
-50.3174
-50.5529
-50.8047
-50.8658
-50.9697
-51.0299
-51.6241
-51.7672
-57.5797
-56.8236
-58.1379
-58.2801
-58.3770
-58.9762
-56.7977
-56.8503
-56.9049
-57.0583
-63.9282
-60.4643
-59.4265
-59.5997
-54.7876
-55.1153
-54.9929
-54.9265
-54.8312
-54.6694
-54.5715
-54.4558
-60.1426
-59.9599
-59.2411
-59.1871
-56.7688
-56.5049
-58.7246
-58.7566
-50.4412
-50.5447
-50.6262
-50.7497
-50.8730
-50.9511
-51.5708
-61.3399
-57.8759
-56.1136
-58.0342
-58.1785
-58.8117
-58.8662
-56.7077
-56.7611
-56.8178
-56.8778
-56.9340
-56.8052
-59.2424
-59.3782
-59.8088
-62.7084
-55.0677
-54.9404
-54.7980
-54.5930
-54.4626
-54.3425
-54.0555
-53.9777
-59.0610
-58.6016
-56.4327
-56.4408
-58.6510
-58.6833
-50.4117
-50.5159
-50.5548
-50.6793
-50.8025
-57.5864
-57.9866
-57.4800
-57.5431
-55.8652
-58.4591
-58.5978
-58.6919
-58.7416
-56.6068
-56.6474
-56.6867
-56.7284
-56.7732
-56.8223
-59.3214
-59.5548
-60.0343
-62.8011
-61.9313
-61.3760
-54.6806
-54.4591
-54.1224
-54.0435
-53.8178
-53.7672
-53.7148
-53.6616
-56.3751
-56.3822
-53.2339
-53.2585
-50.3606
-50.4657
-50.5479
-50.6299
-55.9026
-55.9700
-57.2171
-57.2962
-57.3868
-56.1661
-56.1897
-58.2166
-58.2789
-58.2850
-58.6402
-56.5407
-56.5953
-56.6583
-56.7323
-56.8190
-59.3799
-59.4968
-60.0241
-62.9176
-61.7625
-60.9516
-60.3265
-59.1035
-58.5270
-53.8219
-53.7774
-53.7273
-53.6756
-53.6231
-53.5704
-50.5132
-53.1171
-58.6642
-50.2883
-50.4146
-55.7664
-55.8112
-55.4625
-55.5028
-57.1493
-57.2281
-57.8192
-56.0086
-56.0404
-58.1809
-58.2541
-58.2607
-58.2594
-56.2515
-56.2685
-56.2843
-56.5631
-56.6544
-59.2365
-59.4656
-65.5562
-63.0412
-61.0481
-59.3386
-58.7135
-58.5396
-58.5387
-58.5349
-58.5335
-53.6898
-53.6387
-50.9256
-50.9215
-52.6926
-53.4737
-53.4308
-50.2578
-55.6463
-55.7194
-55.3527
-55.3940
-55.4409
-57.6190
-57.6803
-57.7426
-55.9414
-55.9698
-57.9366
-58.0260
-58.2349
-58.2332
-56.2129
-56.2312
-56.2485
-56.2646
-56.2793
-58.4306
-58.4863
-58.5962
-58.6192
-58.6558
-58.6883
-58.7164
-58.7401
-58.7419
-58.5722
-58.5751
-58.5744
-52.7643
-52.7980
-53.5895
-53.5458
-52.6714
-53.4580
-53.4140
-55.5532
-55.6278
-55.2347
-55.2840
-55.3320
-55.7543
-57.5430
-57.6028
-57.6643
-55.8730
-55.9010
-57.8570
-57.9491
-57.9708
-57.9765
-56.1728
-56.1923
-56.2111
-56.2288
-56.2452
-58.4083
-58.4701
-58.5232
-58.5732
-58.6194
-58.6624
-58.7018
-58.7377
-58.7698
-58.7773
-58.6139
-52.6133
-52.6577
-58.7596
-58.7725
-58.7739
-58.7657
-56.4209
-53.4437
-53.3976
