-58.0794
-57.3180
-56.6866
-56.1101
-55.4110
-54.8985
-54.6438
-47.1147
-47.2006
-47.2842
-47.3674
-47.4491
-55.2692
-55.4726
-55.6824
-55.8900
-56.0970
-56.2919
-56.4881
-56.6796
-56.8665
-57.0486
-57.2260
-57.3991
-70.1497
-66.6192
-57.6507
-57.6186
-57.6159
-57.6287
-57.6431
-63.4262
-63.7281
-63.8709
-63.9319
-63.9802
-64.0710
-58.5410
-57.8058
-57.1931
-56.6775
-56.1575
-55.5988
-55.1739
-54.8934
-47.2989
-47.3824
-47.4649
-47.5470
-47.6265
-55.3859
-55.5728
-55.7711
-55.9722
-56.1649
-56.3603
-56.5519
-56.7395
-56.9228
-57.1017
-68.5213
-66.8057
-66.2915
-61.4739
-57.8195
-57.8263
-57.8331
-57.8453
-57.8568
-61.5412
-62.1652
-62.5736
-62.9159
-58.9251
-58.2413
-57.6582
-57.1514
-56.7193
-56.2453
-55.7837
-55.4241
-55.1606
-47.4807
-47.5602
-47.6419
-47.7223
-47.8014
-47.8795
-55.6841
-55.8690
-56.0550
-56.2459
-56.4354
-56.6223
-56.8055
-56.9850
-57.1830
-68.5440
-66.2613
-65.2881
-64.8734
-63.8053
-61.6226
-58.1368
-58.0262
-58.0282
-58.0378
-58.0460
-58.0534
-61.3421
-61.8195
-59.2733
-58.6554
-58.0796
-57.5906
-57.1626
-56.7936
-56.3564
-55.9656
-55.6562
-55.4173
-55.3024
-47.7354
-47.8153
-47.8948
-47.9733
-48.0500
-55.8064
-55.9717
-56.1507
-56.3336
-56.5169
-56.6983
-56.8770
-57.0726
-57.2493
-57.4949
-62.9147
-62.9836
-63.0535
-63.1714
-63.2295
-63.0888
-61.7943
-60.8743
-58.2171
-58.2177
-58.2235
-58.2254
-58.2323
-58.2516
-59.5982
-59.0054
-58.4615
-57.9934
-57.5765
-57.2093
-56.8613
-56.4815
-56.1446
-55.8753
-55.6642
-55.5138
-47.9095
-47.9865
-48.0645
-48.1420
-48.2168
-48.2922
-56.0866
-56.2534
-56.4274
-56.6035
-56.7794
-56.9718
-57.1468
-57.3162
-57.5068
-57.7081
-60.8139
-61.4679
-61.8975
-62.1944
-62.4708
-61.9476
-61.2383
-60.7030
-58.3995
-58.4007
-58.4031
-58.4164
-59.8658
-59.3228
-58.8342
-58.3631
-57.9601
-57.5996
-57.2801
-56.9423
-56.6153
-56.3260
-56.0880
-55.8900
-55.7420
-55.7118
-48.1551
-48.2316
-48.3065
-48.3817
-48.4557
-56.2102
-56.3631
-56.5267
-56.6955
-56.8822
-57.0542
-57.2220
-57.3851
-57.5652
-57.7576
-57.9253
-58.1370
-61.1443
-61.5442
-61.8771
-62.0863
-61.5183
-61.0619
-58.5789
-58.5754
-58.5844
-60.1095
-59.6033
-59.1471
-58.7036
-58.3155
-57.9645
-57.6491
-57.3647
-57.0397
-56.7602
-56.4989
-56.2839
-56.0996
-55.9657
-55.9033
-48.3218
-48.3953
-48.4696
-48.5437
-48.6169
-48.6896
-56.4794
-56.6379
-56.8082
-56.9736
-57.1379
-57.2940
-57.4729
-57.6355
-57.8229
-57.9880
-58.1483
-58.3078
-61.1115
-61.4610
-61.7577
-61.7456
-61.3583
-61.0256
-58.7531
-60.3308
-59.8607
-59.4332
-59.0366
-58.6457
-58.3053
-57.9963
-57.7179
-57.4332
-57.1547
-56.8982
-56.6770
-56.4763
-56.3083
-56.1825
-56.1068
-48.4854
-48.5572
-48.6302
-48.7029
-48.7753
-48.8467
-56.6088
-56.7580
-56.9105
-57.0671
-57.2192
-57.3770
-57.5518
-57.7132
-57.8945
-58.0558
-58.2217
-58.3757
-58.5229
-61.1713
-61.4657
-61.7439
-61.5945
-61.3191
-60.5587
-60.1217
-59.6977
-59.3218
-58.9470
-58.6236
-58.3228
-58.0486
-57.7989
-57.5236
-57.2663
-57.0425
-56.8450
-56.6629
-56.5091
-56.3918
-56.3074
-56.2947
-48.7171
-48.7883
-48.8598
-48.9311
-49.0024
-49.0739
-56.8749
-57.0157
-57.1587
-57.3107
-57.4635
-57.6369
-57.7940
-57.9705
-58.1355
-58.2922
-58.4425
-58.5881
-58.7237
-61.2734
-61.5299
-61.7815
-60.2638
-60.3397
-59.9438
-59.5874
-59.2527
-58.9167
-58.6291
-58.3616
-58.1164
-57.8692
-57.6133
-57.3883
-57.1880
-57.0104
-56.8356
-56.7031
-56.5893
-56.5095
-56.4773
-48.8748
-48.9440
-49.0146
-49.0854
-49.1561
-49.2251
-56.9963
-57.1207
-57.2604
-57.4059
-57.5558
-57.7248
-57.8778
-58.0367
-58.2138
-58.3643
-58.5115
-58.6507
-58.7934
-58.9201
-61.3919
-59.8900
-60.3109
-60.1713
-59.8356
-59.5162
-59.1924
-58.9135
-58.6560
-58.4165
-58.1936
-57.9405
-57.7163
-57.5145
-57.3340
-57.1735
-57.0123
-56.8859
-56.7847
-56.7073
-56.6650
-56.6840
-49.0983
-49.1678
-49.2379
-49.3062
-49.3739
-49.4407
-57.2408
-57.3665
-57.5067
-57.6510
-57.8153
-57.9713
-58.1203
-58.2914
-58.4388
-58.5785
-58.7245
-58.8523
-58.9882
-59.5643
-59.9879
-60.3797
-60.0680
-59.7640
-59.4762
-59.1822
-58.9317
-58.6998
-58.4856
-58.2497
-58.0273
-57.8255
-57.6436
-57.4802
-57.3148
-57.1797
-57.0680
-56.9739
-56.8998
-56.8529
-56.8546
-49.2510
-49.3192
-49.3869
-49.4531
-49.5198
-49.5871
-57.3561
-57.4784
-57.6109
-57.7489
-57.9155
-58.0608
-58.2065
-58.3715
-58.5154
-58.6566
-58.7871
-58.9241
-59.1751
-59.7043
-60.0972
-60.2847
-59.9980
-59.7216
-59.4370
-59.1932
-58.9666
-58.7582
-58.5424
-58.3229
-58.1221
-57.9396
-57.7746
-57.6261
-57.4675
-57.3482
-57.2453
-57.1578
-57.0872
-57.0435
-57.0284
-49.4020
-49.4672
-49.5328
-49.5988
-49.6641
-49.7297
-49.7953
-57.5944
-57.7183
-57.8723
-58.0118
-58.1531
-58.2931
-58.4535
-58.5943
-58.7240
-58.8621
-55.3930
-59.3508
-59.8478
-60.2145
-60.2164
-59.9543
-59.7031
-59.4421
-59.2210
-59.0164
-58.8172
-58.6039
-58.4051
-58.2231
-58.0574
-57.9070
-57.7457
-57.6230
-57.5130
-57.4180
-57.3365
-57.2751
-57.2254
-57.2104
-57.2337
-49.6129
-49.6775
-49.7422
-49.8069
-49.8715
-49.9361
-50.0005
-57.8359
-57.9772
-58.1110
-58.2420
-58.3817
-58.5378
-58.6668
-58.8035
-55.4625
-55.5698
-59.5236
-59.9930
-60.3373
-60.1736
-59.9332
-59.6797
-59.4571
-59.2636
-59.0755
-58.8685
-58.6753
-58.4945
-58.1775
-57.7763
-57.6747
-57.5864
-57.5162
-57.4534
-57.4115
-57.3868
-57.3890
-49.7573
-49.8200
-49.8841
-49.9479
-50.0113
-50.0749
-50.1394
-57.9509
-58.0853
-68.4099
-62.9186
-48.2591
-55.6385
-55.7438
-59.6936
-60.1393
-60.3821
-60.1517
-59.9065
-59.6894
-59.5003
-59.3155
-59.1200
-58.9299
-57.9275
-57.8382
-57.7573
-57.6866
-57.6343
-57.5867
-57.5550
-57.5568
-57.5882
-49.9614
-50.0242
-50.0870
-50.1494
-50.2129
-50.2755
-50.3380
-68.4997
-65.2298
-48.3734
-48.4270
-55.8117
-55.9150
-59.8609
-60.2860
-60.3594
-60.1475
-59.9116
-59.7250
-59.5421
-72.7563
-71.3834
-65.5459
-58.0820
-57.9949
-57.9261
-57.8598
-57.7973
-57.7548
-57.7301
-57.7148
-57.7385
-50.1012
-50.1624
-50.2242
-50.2868
-50.3481
-50.4102
-68.5887
-66.3986
-48.4867
-48.5394
-55.8582
-55.9821
-56.0834
-60.0255
-60.4058
-60.3323
-60.1085
-59.9302
-73.2936
-72.1770
-71.2263
-69.1123
-65.8200
-62.5854
-58.2299
-58.1554
-58.0844
-58.0172
-57.9630
-57.9274
-57.8913
-57.8795
-57.8926
-57.9429
-50.2989
-50.3607
-50.4214
-50.4823
-50.5471
-62.6045
-62.6977
-62.7371
-62.8243
-48.5972
-48.6508
-48.7027
-56.0274
-56.1456
-56.2492
-60.1875
-60.4919
-60.3141
-60.1344
-75.9305
-71.6935
-70.8769
-69.8987
-68.2127
-65.9147
-63.6454
-61.8646
-58.3823
-58.3057
-58.2342
-58.1762
-58.1304
-58.0851
-58.0570
-58.0426
-58.0484
-58.0842
-50.4351
-50.4945
-50.5548
-50.6151
-50.6778
-59.3936
-60.4634
-61.0984
-48.6581
-48.7599
-48.8123
-48.8633
-56.1938
-56.3028
-56.4125
-60.3393
-60.4900
-60.3185
-76.1202
-72.0604
-70.8866
-69.7808
-68.8720
-67.6763
-66.0381
-64.3475
-62.8046
-61.6324
-58.5252
-58.4484
-58.3864
-58.3374
-58.2838
-58.2469
-58.2194
-58.2037
-58.2045
-58.2358
-50.5686
-50.6271
-50.6867
-50.7454
-50.8068
-50.8634
-59.5768
-56.0980
-48.8654
-48.9200
-48.9713
-49.0214
-56.3577
-56.4607
-56.5659
-60.4974
-76.6446
-71.1312
-70.0399
-69.0209
-68.1865
-67.4327
-66.1272
-64.7728
-63.5185
-62.4266
-61.5507
-58.6609
-58.5999
-58.5415
-58.4814
-58.4403
-58.4054
-58.3789
-58.3626
-58.3664
-58.3837
-58.4318
-50.7580
-50.8162
-50.8736
-50.9320
-50.9898
-56.2759
-56.2438
-49.0239
-49.0776
-49.1771
-56.5192
-56.6145
-56.7233
-75.4729
-71.4159
-70.4346
-69.4448
-68.5176
-67.6810
-67.2880
-66.2121
-65.0860
-64.0180
-63.0371
-62.2156
-61.5363
-58.8389
-58.7431
-58.6810
-58.6327
-58.5939
-58.5608
-58.5353
-58.5255
-58.5210
-58.5324
-58.5698
-50.8877
-50.9437
-50.9982
-51.0584
-56.4655
-56.4116
-56.6633
-49.1798
-56.7800
-56.8911
-64.3885
-71.7089
-70.7851
-69.8850
-69.0120
-68.1839
-67.4107
-67.2004
-66.2915
-65.3330
-64.4075
-63.5826
-62.7684
-62.1263
-61.5856
-58.9762
-58.8765
-58.8263
-58.7822
-58.7447
-58.7134
-58.6960
-58.6798
-58.6737
-58.6838
-58.7124
-58.7624
-51.0679
-51.1238
-56.6572
-56.5929
-56.5474
-57.0426
-61.4236
-62.6484
-63.2785
-63.7046
-64.0903
-64.3574
-64.5483
-64.6942
-64.8820
-65.5381
-64.7247
-63.9921
-63.2289
-62.6280
-62.1107
-61.6465
-59.1037
-59.0163
-58.9691
-58.9280
-58.8927
-58.8702
-58.8474
-58.8316
-58.8272
-58.8335
-58.8512
-58.8796
-51.1931
-56.8468
-56.7774
-56.7207
-57.1904
-60.7123
-61.6662
-62.4435
-62.9445
-63.3376
-63.6411
-63.8970
-64.1299
-64.4348
-64.6106
-64.3381
-63.6814
-63.0607
-62.5704
-62.1206
-61.7081
-59.2383
-59.1541
-59.1097
-59.0713
-59.0455
-59.0179
-58.9962
-58.9836
-58.9777
-58.9776
-58.9796
-59.0128
-57.0329
-56.9608
-56.9012
-65.9666
-65.2067
-57.3381
-60.4711
-61.2736
-61.9823
-62.4796
-62.8736
-63.2122
-63.5070
-63.7621
-63.9853
-64.2129
-63.9318
-63.3722
-62.9739
-62.5402
-62.1375
-61.7965
-59.3711
-59.2899
-59.2486
-59.2200
-59.1890
-59.1631
-59.1207
-57.2146
-57.1413
-57.0851
-70.3305
-69.0248
-68.6247
-65.3090
-62.0135
-57.5323
-60.3956
-61.0818
-61.6348
-62.1773
-62.5753
-62.9246
-63.2233
-63.4880
-63.7317
-63.9462
-63.7504
-63.2504
-62.8461
-62.4623
-62.1345
-61.8412
-59.5023
-59.4242
-59.3929
-59.3593
-59.3302
-57.4023
-57.3182
-57.2607
-57.5405
-70.4080
-68.9175
-67.6439
-66.7407
-65.3566
-63.1248
-61.2609
-57.6768
-60.3962
-60.9848
-61.4958
-61.9963
-62.3858
-62.7222
-63.0199
-63.2947
-63.5368
-63.7776
-63.6128
-63.1746
-62.8044
-62.4859
-62.1973
-61.9375
-59.6033
-59.5764
-59.5194
-59.4965
-57.5725
-57.5036
-57.4331
-57.3757
-60.5739
-63.3317
-69.1433
-67.8250
-66.6463
-65.7885
-65.2489
-63.7302
-62.2328
-61.0027
-57.8189
-60.4294
-60.9605
-61.4240
-61.8403
-62.2601
-62.5838
-62.8834
-63.1498
-63.4112
-63.6349
-63.4709
-63.1149
-62.8073
-62.5256
-62.2692
-62.0371
-59.7288
-59.6822
-59.6503
-57.7402
-57.6726
-57.6019
-57.5423
-57.4898
-60.7244
-62.4633
-63.4515
-66.7158
-65.7849
-65.1588
-64.6006
-64.1326
-62.8868
-61.8121
-60.9174
-57.9548
-60.5041
-60.9722
-61.4023
-61.7887
-62.1824
-62.5015
-62.7859
-63.0640
-63.3057
-63.5294
-63.3989
-63.1020
-62.8287
-62.5774
-62.3477
-62.1390
-59.8939
-59.8093
-58.4312
-57.8347
-57.7773
-57.7065
-62.1738
-63.0070
-63.6804
-64.6219
-64.0985
-63.7775
-63.3241
-62.3929
-61.5717
-60.7382
-58.0986
-60.5770
-61.0130
-61.4096
-61.7720
-62.1060
-62.4610
-62.7392
-62.9942
-63.2315
-63.3844
-63.3743
-63.1097
-62.8648
-62.6385
-62.4313
-62.2569
-60.0177
-65.0549
-65.2434
-69.5113
-69.5975
-69.6795
-58.6376
-58.1349
-57.9386
-57.8778
-62.0816
-62.7919
-63.3727
-63.8569
-63.4970
-63.2951
-62.8573
-62.1108
-61.4697
-60.8058
-58.2276
-60.7524
-61.0698
-61.4309
-61.7837
-62.1082
-62.4376
-62.7028
-62.9512
-63.1644
-63.3375
-63.3700
-63.1321
-62.9113
-62.7072
-62.5342
-62.3625
-60.1544
-64.9448
-65.1400
-65.3159
-65.4626
-58.8123
-58.7175
-58.2285
-62.6921
-63.2175
-63.3325
-63.1036
-62.9791
-62.5517
-61.9571
-61.4418
-60.8785
-58.3588
-60.8437
-61.1316
-61.4904
-61.8212
-62.1195
-62.3960
-62.6891
-62.9115
-63.0940
-63.3097
-63.3818
-63.1665
-62.9662
-62.7969
-62.6257
-62.5360
-60.2748
-62.6937
-65.0832
-65.2561
-58.9705
-58.8931
-58.4067
-66.7894
-62.6583
-63.1362
-63.0046
-62.8239
-62.7590
-62.3820
-61.8864
-61.4318
-60.9693
-58.4884
-60.9331
-61.2226
-61.5589
-61.8627
-62.1449
-62.4087
-62.6760
-62.9088
-63.0868
-63.2989
-63.4064
-63.2106
-63.0450
-62.8755
-62.7372
-62.6463
-60.3936
-62.7413
-65.0418
-59.1247
-59.0497
-58.9853
-62.6096
-65.3459
-73.4033
-66.8007
-64.2367
-63.5971
-63.0123
-62.7859
-62.6419
-62.6408
-62.2728
-61.8379
-61.4605
-61.0653
-58.6127
-61.0454
-61.3198
-61.6263
-61.9136
-62.1821
-62.4207
-62.6617
-62.9203
-63.0939
-63.3002
-63.4423
-63.2809
-63.1128
-62.9750
-62.8347
-62.7526
-60.5104
-62.8442
-59.2752
-59.2101
-59.1403
-58.6589
-62.7479
-64.4861
-71.3837
-66.7970
-64.3419
-63.8235
-63.3349
-62.8066
-62.6300
-62.5498
-62.5430
-62.1979
-61.8352
-61.5075
-61.1581
-58.7523
-61.1590
-61.4114
-61.6995
-61.9723
-62.2152
-62.4592
-62.6912
-62.8766
-63.1122
-63.3137
-63.5039
-63.3396
-63.2030
-63.0616
-62.9762
-62.8575
-60.6257
-60.8735
-59.3597
-59.2918
-59.2312
-59.1741
-62.9362
-63.9494
-65.1715
-70.8397
-70.9195
-66.7801
-66.2054
-63.9984
-63.5433
-63.1389
-62.6878
-62.5538
-62.4899
-68.5170
-69.6415
-61.5899
-61.7776
-62.0245
-62.2711
-62.5063
-62.7309
-62.9066
-63.1398
-63.3540
-63.5443
-63.4203
-63.2810
-63.1468
-63.0728
-62.9617
-61.8642
-59.5241
-59.4400
-59.3804
-58.8824
-62.0563
-63.0711
-63.8788
-64.8122
-65.4098
-66.7281
-66.2320
-64.1345
-63.7311
-63.3361
-63.0172
-62.7542
-62.5047
-68.5966
-69.7292
-66.4958
-64.2534
-61.8476
-62.0963
-62.3335
-62.5602
-62.7384
-62.9472
-63.1683
-63.3852
-63.5881
-63.4909
-63.3569
-63.2805
-63.1700
-61.6975
-59.5914
-59.5267
-59.4648
-58.9660
-62.3983
-63.1895
-63.8640
-64.6708
-65.2110
-65.6880
-64.2626
-63.8819
-63.5265
-63.2194
-62.9530
-62.7342
-68.7261
-67.5412
-65.7551
-64.3511
-61.9341
-62.1724
-62.4008
-62.6201
-62.7921
-63.0108
-63.2083
-63.4377
-63.6229
-63.5604
-63.4356
-63.3687
-59.9137
-59.6701
-59.6093
-59.5498
-61.8844
-62.6516
-63.3221
-63.9027
-64.6188
-65.1070
-64.3504
-63.9887
-63.6815
-63.4040
-63.1337
-62.8907
-68.7855
-68.1418
-62.0238
-62.2521
-62.4724
-62.6466
-62.8661
-63.0643
-63.2616
-63.4607
-63.6588
-63.6317
-63.5150
