-54.8609
-54.8128
-54.7645
-54.7167
-54.6696
-54.6219
-54.5733
-54.5256
-54.4584
-54.4089
-54.3595
-54.3097
-54.2597
-54.2118
-54.1772
-54.1194
-54.0605
-54.0243
-53.9765
-53.9279
-53.8784
-53.8283
-53.7822
-53.7374
-53.6921
-53.6461
-53.6000
-53.5538
-53.5080
-53.4618
-53.4164
-53.3742
-53.3319
-53.2896
-53.2473
-53.2047
-53.1589
-53.1127
-53.0691
-53.0319
-54.8170
-54.7683
-54.7197
-54.6710
-54.6233
-54.5756
-54.5270
-54.4785
-54.4118
-54.3620
-54.3121
-54.2622
-54.2119
-54.1615
-54.1336
-54.0750
-54.0169
-53.9568
-53.9252
-53.8769
-53.8273
-53.7772
-53.7277
-53.6828
-53.6374
-53.5914
-53.5449
-53.4983
-53.4520
-53.4057
-53.3589
-53.3154
-53.2728
-53.2301
-53.1875
-53.1447
-53.0999
-53.0535
-53.0068
-52.9684
-54.7724
-54.7237
-54.6748
-54.6258
-54.5769
-54.5289
-54.4807
-54.4315
-54.3829
-54.3149
-54.2646
-54.2144
-54.1639
-54.1131
-54.0638
-54.0306
-53.9720
-53.9125
-53.8737
-53.8251
-53.7759
-53.7256
-53.6748
-53.6278
-53.5823
-53.5363
-53.4896
-53.4426
-53.3956
-53.3491
-53.3022
-53.2564
-53.2134
-53.1703
-53.1274
-53.0843
-53.0406
-52.9939
-52.9469
-52.9045
-54.7280
-54.6795
-54.6298
-54.5805
-54.5309
-54.4819
-54.4337
-54.3844
-54.3351
-54.2676
-54.2170
-54.1663
-54.1156
-54.0646
-54.0133
-53.9651
-53.9269
-53.8680
-53.8071
-53.7730
-53.7240
-53.6737
-53.6228
-53.5724
-53.5267
-53.4807
-53.4340
-53.3866
-53.3392
-53.2922
-53.2451
-53.1976
-53.1536
-53.1103
-53.0668
-53.0235
-52.9800
-52.9339
-52.8867
-52.8401
-54.6832
-54.6340
-54.5849
-54.5350
-54.4852
-54.4351
-54.3862
-54.3374
-54.2876
-54.2381
-54.1692
-54.1181
-54.0671
-54.0159
-53.9643
-53.9135
-53.8817
-53.8223
-53.7621
-53.7005
-53.6713
-53.6214
-53.5704
-53.5189
-53.4708
-53.4246
-53.3780
-53.3304
-53.2826
-53.2348
-53.1876
-53.1400
-53.0939
-53.0498
-53.0060
-52.9624
-52.9185
-52.8736
-52.8260
-52.7782
-54.6381
-54.5889
-54.5398
-54.4893
-54.4392
-54.3889
-54.3386
-54.2896
-54.2397
-54.1898
-54.1212
-54.0699
-54.0183
-53.9668
-53.9150
-53.8629
-53.8133
-53.7765
-53.7167
-53.6550
-53.6185
-53.5686
-53.5176
-53.4660
-53.4145
-53.3682
-53.3214
-53.2739
-53.2258
-53.1775
-53.1297
-53.0819
-53.0339
-52.9894
-52.9449
-52.9008
-52.8567
-52.8124
-52.7650
-52.7169
-54.5913
-54.5434
-54.4936
-54.4440
-54.3931
-54.3425
-54.2916
-54.2413
-54.1919
-54.1415
-54.0910
-54.0213
-53.9695
-53.9175
-53.8655
-53.8132
-53.7609
-53.7304
-53.6703
-53.6095
-53.5468
-53.5151
-53.4644
-53.4127
-53.3603
-53.3113
-53.2644
-53.2170
-53.1686
-53.1200
-53.0714
-53.0234
-52.9750
-52.9287
-52.8837
-52.8389
-52.7945
-52.7499
-52.7036
-52.6552
-54.5443
-54.4969
-54.4477
-54.3980
-54.3472
-54.2959
-54.2448
-54.1934
-54.1432
-54.0928
-54.0422
-53.9725
-53.9204
-53.8680
-53.8157
-53.7631
-53.7102
-53.6591
-53.6237
-53.5630
-53.5006
-53.4614
-53.4106
-53.3590
-53.3065
-53.2539
-53.2069
-53.1594
-53.1112
-53.0622
-53.0130
-52.9645
-52.9159
-52.8676
-52.8223
-52.7769
-52.7318
-52.6870
-52.6418
-52.5931
-54.4976
-54.4491
-54.4014
-54.3510
-54.3009
-54.2492
-54.1977
-54.1460
-54.0944
-54.0441
-53.9931
-53.9419
-53.8711
-53.8185
-53.7656
-53.7128
-53.6597
-53.6062
-53.5563
-53.5158
-53.4544
-53.3905
-53.3563
-53.3048
-53.2523
-53.1992
-53.1491
-53.1014
-53.0534
-53.0041
-52.9546
-52.9052
-52.8564
-52.8074
-52.7605
-52.7148
-52.6690
-52.6237
-52.5783
-52.5306
-54.4505
-54.4019
-54.3530
-54.3043
-54.2534
-54.2027
-54.1505
-54.0985
-54.0463
-53.9946
-53.9435
-53.8923
-53.8215
-53.7686
-53.7155
-53.6622
-53.6088
-53.5551
-53.5023
-53.4684
-53.4068
-53.3437
-53.3018
-53.2501
-53.1977
-53.1444
-53.0907
-53.0430
-52.9948
-52.9457
-52.8958
-52.8457
-52.7965
-52.7471
-52.6984
-52.6523
-52.6061
-52.5600
-52.5143
-52.4677
-54.4031
-54.3544
-54.3052
-54.2563
-54.2063
-54.1555
-54.1035
-54.0508
-53.9983
-53.9455
-53.8940
-53.8423
-53.7905
-53.7185
-53.6651
-53.6113
-53.5576
-53.5037
-53.4493
-53.3980
-53.3588
-53.2966
-53.2318
-53.1949
-53.1426
-53.0893
-53.0353
-52.9841
-52.9357
-52.8869
-52.8367
-52.7863
-52.7360
-52.6865
-52.6369
-52.5895
-52.5428
-52.4962
-52.4498
-52.4035
-54.3599
-54.3076
-54.2592
-54.2076
-54.1586
-54.1073
-54.0559
-54.0031
-53.9501
-53.8970
-53.8439
-53.7919
-53.7400
-53.6683
-53.6145
-53.5604
-53.5062
-53.4520
-53.3974
-53.3430
-53.3107
-53.2480
-53.1842
-53.1187
-53.0869
-53.0337
-52.9796
-52.9249
-52.8762
-52.8272
-52.7774
-52.7265
-52.6755
-52.6255
-52.5754
-52.5263
-52.4793
-52.4321
-52.3853
-52.3384
-54.3144
-54.2616
-54.2100
-54.1610
-54.1108
-54.0593
-54.0078
-53.9552
-53.9018
-53.8483
-53.7946
-53.7415
-53.6891
-53.6366
-53.5636
-53.5093
-53.4546
-53.4000
-53.3451
-53.2899
-53.2370
-53.1993
-53.1360
-53.0704
-53.0308
-52.9776
-52.9234
-52.8686
-52.8162
-52.7671
-52.7175
-52.6664
-52.6150
-52.5639
-52.5136
-52.4634
-52.4153
-52.3678
-52.3203
-52.2731
-54.2685
-54.2157
-54.1623
-54.1114
-54.0619
-54.0114
-53.9606
-53.9086
-53.8535
-53.7994
-53.7454
-53.6912
-53.6378
-53.5853
-53.5127
-53.4578
-53.4029
-53.3477
-53.2926
-53.2371
-53.1813
-53.1503
-53.0866
-53.0222
-52.9554
-52.9209
-52.8668
-52.8119
-52.7564
-52.7066
-52.6568
-52.6061
-52.5542
-52.5023
-52.4514
-52.4008
-52.3510
-52.3031
-52.2550
-52.2075
-54.2222
-54.1694
-54.1160
-54.0620
-54.0118
-53.9617
-53.9112
-53.8597
-53.8064
-53.7523
-53.6979
-53.6414
-53.5868
-53.5335
-53.4802
-53.4061
-53.3509
-53.2954
-53.2397
-53.1839
-53.1278
-53.0733
-53.0370
-52.9727
-52.9064
-52.8639
-52.8097
-52.7547
-52.6990
-52.6455
-52.5956
-52.5451
-52.4931
-52.4407
-52.3887
-52.3377
-52.2867
-52.2380
-52.1895
-52.1413
-54.1742
-54.1227
-54.0693
-54.0152
-53.9613
-53.9111
-53.8605
-53.8097
-53.7570
-53.7031
-53.6483
-53.5933
-53.5381
-53.4812
-53.4279
-53.3546
-53.2986
-53.2428
-53.1866
-53.1305
-53.0741
-53.0173
-52.9647
-52.9225
-52.8574
-52.7893
-52.7520
-52.6970
-52.6413
-52.5848
-52.5339
-52.4833
-52.4317
-52.3788
-52.3258
-52.2742
-52.2229
-52.1725
-52.1236
-52.0746
-54.1257
-54.0746
-54.0221
-53.9681
-53.9134
-53.8601
-53.8093
-53.7582
-53.7066
-53.6533
-53.5987
-53.5432
-53.4876
-53.4317
-53.3769
-53.3230
-53.2462
-53.1899
-53.1335
-53.0767
-53.0201
-52.9630
-52.9068
-52.8720
-52.8067
-52.7395
-52.6941
-52.6389
-52.5830
-52.5264
-52.4716
-52.4209
-52.3696
-52.3166
-52.2632
-52.2103
-52.1586
-52.1068
-52.0573
-52.0079
-54.0768
-54.0257
-53.9741
-53.9205
-53.8658
-53.8105
-53.7579
-53.7065
-53.6552
-53.6030
-53.5484
-53.4930
-53.4369
-53.3807
-53.3241
-53.2697
-53.1956
-53.1384
-53.0800
-53.0229
-52.9657
-52.9083
-52.8507
-52.7964
-52.7555
-52.6895
-52.6203
-52.5802
-52.5242
-52.4675
-52.4101
-52.3580
-52.3066
-52.2541
-52.2002
-52.1462
-52.0938
-52.0418
-51.9906
-51.9407
-54.0277
-53.9763
-53.9246
-53.8724
-53.8177
-53.7624
-53.7065
-53.6545
-53.6026
-53.5511
-53.4976
-53.4423
-53.3861
-53.3295
-53.2726
-53.2160
-53.1612
-53.0854
-53.0279
-52.9705
-52.9127
-52.8534
-52.7953
-52.7375
-52.7042
-52.6377
-52.5698
-52.5213
-52.4650
-52.4082
-52.3507
-52.2946
-52.2431
-52.1909
-52.1369
-52.0824
-52.0286
-51.9762
-51.9236
-51.8732
-53.9797
-53.9267
-53.8748
-53.8225
-53.7692
-53.7139
-53.6579
-53.6022
-53.5500
-53.4975
-53.4460
-53.3910
-53.3351
-53.2781
-53.2209
-53.1629
-53.1069
-53.0320
-52.9739
-52.9160
-52.8580
-52.7997
-52.7414
-52.6811
-52.6250
-52.5856
-52.5185
-52.4484
-52.4053
-52.3483
-52.2907
-52.2323
-52.1790
-52.1267
-52.0732
-52.0182
-51.9631
-51.9102
-51.8572
-51.8053
-53.9315
-53.8777
-53.8246
-53.7722
-53.7192
-53.6649
-53.6089
-53.5523
-53.4972
-53.4444
-53.3913
-53.3389
-53.2833
-53.2265
-53.1688
-53.1110
-53.0526
-52.9967
-52.9200
-52.8613
-52.8029
-52.7442
-52.6854
-52.6264
-52.5676
-52.5130
-52.4657
-52.3971
-52.3257
-52.2879
-52.2302
-52.1717
-52.1143
-52.0619
-52.0089
-51.9537
-51.8981
-51.8435
-51.7904
-51.7370
-53.8837
-53.8296
-53.7747
-53.7215
-53.6684
-53.6149
-53.5595
-53.5028
-53.4455
-53.3910
-53.3376
-53.2850
-53.2305
-53.1743
-53.1167
-53.0584
-52.9994
-52.9414
-52.8656
-52.8066
-52.7475
-52.6885
-52.6291
-52.5697
-52.5102
-52.4521
-52.4143
-52.3460
-52.2751
-52.2272
-52.1691
-52.1105
-52.0512
-51.9965
-51.9433
-51.8889
-51.8328
-51.7765
-51.7230
-51.6691
-53.8771
-53.7807
-53.7260
-53.6706
-53.6173
-53.5636
-53.5094
-53.4529
-53.3955
-53.3375
-53.2836
-53.2296
-53.1768
-53.1209
-53.0641
-53.0056
-52.9466
-52.8869
-52.8293
-52.7517
-52.6919
-52.6325
-52.5727
-52.5127
-52.4527
-52.3930
-52.3364
-52.2922
-52.2228
-52.1499
-52.1092
-52.0488
-51.9893
-51.9306
-51.8773
-51.8233
-51.7671
-51.7103
-51.6550
-51.6009
-53.8326
-53.7321
-53.6773
-53.6212
-53.5658
-53.5119
-53.4575
-53.4024
-53.3451
-53.2870
-53.2293
-53.1751
-53.1210
-53.0666
-53.0101
-52.9525
-52.8932
-52.8331
-52.7733
-52.6962
-52.6364
-52.5761
-52.5160
-52.4555
-52.3950
-52.3345
-52.2744
-52.2382
-52.1687
-52.0969
-52.0474
-51.9881
-51.9285
-51.8681
-51.8106
-51.7565
-51.7010
-51.6438
-51.5865
-51.5321
-53.7876
-53.7269
-53.6276
-53.5720
-53.5154
-53.4598
-53.4053
-53.3503
-53.2941
-53.2360
-53.1773
-53.1202
-53.0653
-53.0108
-52.9552
-52.8979
-52.8395
-52.7794
-52.7186
-52.6588
-52.5803
-52.5197
-52.4589
-52.3981
-52.3370
-52.2758
-52.2152
-52.1566
-52.1139
-52.0436
-51.9694
-51.9255
-51.8655
-51.8050
-51.7449
-51.6906
-51.6342
-51.5768
-51.5188
-51.4628
-53.7422
-53.6815
-53.6201
-53.5218
-53.4656
-53.4085
-53.3527
-53.2976
-53.2419
-53.1846
-53.1258
-53.0663
-53.0098
-52.9542
-52.8996
-52.8424
-52.7845
-52.7252
-52.6640
-52.6028
-52.5238
-52.4630
-52.4016
-52.3404
-52.2788
-52.2171
-52.1556
-52.0943
-52.0374
-51.9880
-51.9154
-51.8626
-51.8020
-51.7413
-51.6799
-51.6226
-51.5675
-51.5110
-51.4524
-51.3929
-53.6962
-53.6356
-53.5742
-53.4721
-53.4155
-53.3580
-53.3003
-53.2444
-53.1886
-53.1323
-53.0738
-53.0142
-52.9540
-52.8981
-52.8424
-52.7865
-52.7284
-52.6696
-52.6094
-52.5475
-52.4857
-52.4058
-52.3442
-52.2823
-52.2203
-52.1580
-52.0957
-52.0340
-51.9734
-51.9322
-51.8607
-51.7854
-51.7383
-51.6771
-51.6155
-51.5540
-51.4987
-51.4428
-51.3842
-51.3251
-53.6493
-53.5893
-53.5278
-53.4658
-53.3645
-53.3074
-53.2492
-53.1909
-53.1349
-53.0784
-53.0212
-52.9617
-52.9014
-52.8416
-52.7851
-52.7288
-52.6718
-52.6129
-52.5532
-52.4919
-52.4295
-52.3482
-52.2864
-52.2240
-52.1615
-52.0988
-52.0358
-51.9734
-51.9109
-51.8519
-51.8040
-51.7305
-51.6538
-51.6123
-51.5505
-51.4880
-51.4293
-51.3732
-51.3155
-51.2557
-53.6034
-53.5418
-53.4810
-53.4189
-53.3562
-53.2564
-53.1980
-53.1391
-53.0807
-53.0241
-52.9669
-52.9086
-52.8483
-52.7872
-52.7279
-52.6713
-52.6141
-52.5557
-52.4960
-52.4354
-52.3733
-52.3101
-52.2281
-52.1655
-52.1023
-52.0392
-51.9757
-51.9122
-51.8495
-51.7865
-51.7470
-51.6741
-51.5980
-51.5474
-51.4849
-51.4222
-51.3592
-51.3029
-51.2460
-51.1861
-53.5572
-53.4953
-53.4331
-53.3715
-53.3087
-53.2052
-53.1465
-53.0874
-53.0278
-52.9693
-52.9120
-52.8540
-52.7946
-52.7335
-52.6716
-52.6129
-52.5556
-52.4981
-52.4382
-52.3776
-52.3157
-52.2532
-52.1697
-52.1065
-52.0431
-51.9793
-51.9154
-51.8511
-51.7876
-51.7240
-51.6627
-51.6163
-51.5421
-51.4637
-51.4189
-51.3559
-51.2922
-51.2320
-51.1749
-51.1161
-53.5120
-53.4486
-53.3859
-53.3232
-53.2608
-53.1973
-53.0946
-53.0353
-52.9755
-52.9153
-52.8566
-52.7985
-52.7399
-52.6792
-52.6173
-52.5547
-52.4971
-52.4385
-52.3799
-52.3192
-52.2578
-52.1949
-52.1316
-52.0470
-51.9834
-51.9191
-51.8547
-51.7900
-51.7252
-51.6613
-51.5968
-51.5373
-51.4840
-51.4069
-51.3527
-51.2889
-51.2250
-51.1604
-51.1031
-51.0451
-53.4681
-53.4025
-53.3387
-53.2753
-53.2121
-53.1488
-53.0845
-52.9832
-52.9228
-52.8623
-52.8014
-52.7426
-52.6837
-52.6244
-52.5625
-52.4997
-52.4376
-52.3793
-52.3200
-52.2602
-52.1987
-52.1359
-52.0725
-51.9885
-51.9231
-51.8587
-51.7936
-51.7285
-51.6629
-51.5982
-51.5334
-51.4698
-51.4250
-51.3499
-51.2698
-51.2216
-51.1572
-51.0923
-51.0306
-50.9725
-53.4241
-53.3580
-53.2918
-53.2275
-53.1634
-53.0997
-53.0355
-52.9303
-52.8700
-52.8090
-52.7477
-52.6862
-52.6272
-52.5676
-52.5070
-52.4443
-52.3807
-52.3191
-52.2600
-52.2005
-52.1390
-52.0766
-52.0128
-51.9486
-51.8627
-51.7977
-51.7323
-51.6666
-51.6006
-51.5346
-51.4695
-51.4037
-51.3419
-51.2900
-51.2120
-51.1541
-51.0888
-51.0237
-50.9578
-50.8991
-53.3806
-53.3135
-53.2467
-53.1798
-53.1151
-53.0502
-52.9860
-52.9209
-52.8172
-52.7554
-52.6939
-52.6318
-52.5702
-52.5104
-52.4500
-52.3882
-52.3246
-52.2602
-52.1997
-52.1393
-52.0789
-52.0163
-51.9526
-51.8882
-51.8028
-51.7359
-51.6706
-51.6043
-51.5379
-51.4711
-51.4051
-51.3390
-51.2729
-51.2297
-51.1532
-51.0721
-51.0202
-50.9544
-50.8883
-50.8250
-53.3345
-53.2691
-53.2017
-53.1341
-53.0665
-53.0014
-52.9357
-52.8708
-52.8049
-52.7021
-52.6396
-52.5773
-52.5144
-52.4527
-52.3922
-52.3310
-52.2679
-52.2035
-52.1384
-52.0782
-52.0170
-51.9555
-51.8919
-51.8272
-51.7619
-51.6746
-51.6080
-51.5418
-51.4747
-51.4075
-51.3402
-51.2737
-51.2067
-51.1425
-51.0920
-51.0131
-50.9302
-50.8845
-50.8182
-50.7509
-53.2856
-53.2201
-53.1563
-53.0885
-53.0202
-52.9522
-52.8863
-52.8198
-52.7543
-52.6471
-52.5856
-52.5225
-52.4593
-52.3958
-52.3338
-52.2724
-52.2105
-52.1461
-52.0808
-52.0167
-51.9552
-51.8934
-51.8304
-51.7656
-51.7002
-51.6134
-51.5447
-51.4784
-51.4113
-51.3434
-51.2753
-51.2080
-51.1406
-51.0725
-51.0305
-50.9524
-50.8702
-50.8146
-50.7473
-50.6799
-53.2391
-53.1732
-53.1069
-53.0400
-52.9716
-52.9050
-52.8366
-52.7698
-52.7026
-52.6363
-52.5306
-52.4677
-52.4038
-52.3399
-52.2756
-52.2134
-52.1512
-52.0882
-52.0228
-51.9565
-51.8929
-51.8306
-51.7683
-51.7037
-51.6379
-51.5715
-51.4827
-51.4137
-51.3470
-51.2789
-51.2104
-51.1419
-51.0740
-51.0055
-50.9388
-50.8899
-50.8102
-50.7253
-50.6758
-50.6082
-53.1938
-53.1262
-53.0595
-52.9925
-52.9249
-52.8557
-52.7859
-52.7170
-52.6519
-52.5841
-52.5168
-52.4121
-52.3482
-52.2838
-52.2190
-52.1540
-52.0915
-52.0285
-51.9641
-51.8978
-51.8311
-51.7675
-51.7043
-51.6408
-51.5749
-51.5084
-51.4202
-51.3502
-51.2815
-51.2137
-51.1450
-51.0755
-51.0068
-50.9380
-50.8685
-50.8038
-50.7474
-50.6641
-50.6045
-50.5357
-53.1472
-53.0799
-53.0120
-52.9446
-52.8767
-52.8085
-52.7385
-52.6678
-52.5986
-52.5302
-52.4641
-52.3558
-52.2922
-52.2273
-52.1622
-52.0965
-52.0314
-51.9681
-51.9041
-51.8385
-51.7712
-51.7040
-51.6405
-51.5764
-51.5116
-51.4447
-51.3771
-51.2869
-51.2159
-51.1474
-51.0786
-51.0092
-50.9395
-50.8700
-50.8001
-50.7306
-50.6834
-50.6029
-50.5160
-50.4626
