-64.4094
-64.5185
-64.6287
-64.7628
-64.3176
-64.2674
-63.9904
-65.7993
-65.1364
-65.0573
-63.6220
-63.7842
-65.6536
-65.6442
-65.2609
-62.6898
-62.4902
-62.5420
-62.7203
-62.8891
-63.0314
-59.6383
-59.3500
-59.3777
-59.5828
-62.0811
-61.9718
-60.0396
-58.8735
-63.1575
-64.2746
-64.4503
-64.6536
-64.4199
-64.3581
-66.3470
-65.5526
-65.5163
-65.5058
-64.0690
-64.1195
-65.6261
-65.2956
-62.7053
-62.7544
-62.6856
-62.8555
-63.0267
-63.1446
-69.6722
-71.6750
-59.4658
-59.5276
-59.8394
-59.9775
-62.3463
-61.5742
-59.0842
-60.0872
-67.9654
-58.6922
-63.3734
-63.3326
-63.3264
-65.5889
-68.5962
-68.7136
-64.3762
-64.4056
-65.9688
-64.1703
-65.6878
-64.3556
-64.3298
-67.6901
-68.3675
-68.2774
-65.8131
-65.5449
-65.3231
-62.8347
-62.9002
-62.9465
-62.8770
-63.1920
-67.2396
-66.2887
-63.4521
-59.4057
-59.6827
-60.0012
-62.4113
-62.2957
-61.3965
-59.2812
-60.5012
-66.1127
-64.4849
-62.3911
-58.5093
-64.4877
-63.5379
-63.5385
-63.7150
-63.7931
-63.8700
-65.3482
-65.7325
-65.9110
-64.5076
-64.5857
-69.4340
-65.0913
-64.8197
-65.1734
-62.8717
-62.9856
-63.0862
-63.1246
-63.3463
-64.3778
-62.2414
-59.5558
-59.9355
-59.9197
-62.0132
-62.2317
-59.5584
-60.3581
-60.7934
-65.9818
-58.7043
-58.3843
-63.8032
-63.8689
-63.9926
-64.8125
-64.5621
-64.9171
-63.6807
-65.1653
-65.4930
-64.2470
-67.1499
-68.1646
-65.9125
-65.0057
-62.9286
-62.6720
-63.0357
-63.1460
-63.2477
-63.6160
-63.5008
-59.8463
-60.2180
-60.1000
-60.0468
-62.2891
-61.4754
-59.4133
-60.7634
-63.7555
-58.8005
-58.3069
-63.6661
-63.7548
-63.8904
-64.8995
-64.7720
-66.0433
-64.3950
-65.9719
-64.1109
-64.2399
-66.4611
-66.1239
-65.6118
-63.0399
-62.8627
-62.9146
-62.9643
-63.0158
-60.3049
-60.3674
-60.3941
-60.1991
-62.3746
-59.8403
-61.5505
-60.7646
-63.5023
-58.7129
-58.1299
-63.5179
-63.6352
-63.7870
-64.9773
-66.4123
-65.8696
-65.7616
-65.9574
-64.5745
-64.6754
-66.3918
-67.2929
-67.7591
-66.1566
-65.6971
-63.1577
-63.1733
-63.1906
-63.1324
-63.1315
-68.9856
-70.5336
-69.1374
-60.3031
-60.3868
-60.4206
-62.2965
-59.9194
-60.3249
-60.9815
-63.6713
-58.4589
-58.0912
-63.3675
-63.5112
-64.5109
-66.1662
-66.6182
-64.3107
-65.3255
-64.0360
-65.5497
-65.7071
-64.4591
-64.5850
-66.7675
-67.1153
-67.1831
-68.3395
-65.1921
-65.2625
-63.0590
-63.1387
-63.2131
-63.2813
-63.3783
-67.0802
-66.6538
-67.2151
-60.3476
-60.4341
-60.5218
-60.5302
-66.4113
-64.2542
-61.1709
-61.4321
-64.3266
-66.7397
-58.7629
-58.3948
-58.0501
-63.4945
-63.6617
-65.3046
-65.8757
-63.3311
-63.1717
-64.0195
-64.0646
-64.2708
-64.4382
-64.2927
-65.8150
-66.0301
-66.2865
-66.3308
-65.9772
-63.0670
-63.1603
-63.5837
-63.5037
-63.6629
-66.5839
-65.6932
-60.8982
-60.8536
-67.0319
-67.6476
-63.5662
-61.3726
-61.5535
-64.2518
-62.9483
-58.6263
-58.2411
-57.9146
-63.8758
-63.9579
-65.4799
-65.7016
-62.9463
-64.0199
-64.1114
-63.3660
-63.5012
-64.3313
-64.5439
-64.7909
-66.3974
-63.8047
-63.6632
-63.4669
-63.1931
-63.2778
-63.7254
-65.7088
-65.0066
-61.0621
-66.2427
-62.8491
-63.4902
-58.9491
-58.6629
-58.3548
-58.0403
-64.0459
-64.4901
-65.5070
-66.1504
-64.5237
-65.6560
-65.0879
-63.3403
-63.4564
-63.9948
-64.1768
-65.5710
-65.0261
-63.7811
-63.5542
-63.6069
-63.6565
-63.7783
-63.7872
-64.8236
-67.7164
-67.6940
-66.3944
-61.2007
-65.4089
-63.3795
-66.6233
-61.6576
-58.9498
-58.6645
-58.3602
-58.0494
-64.3217
-65.8260
-66.1035
-65.9696
-65.7322
-65.4343
-65.3444
-64.7260
-64.6558
-64.7668
-64.8303
-64.4145
-64.7127
-70.1301
-63.6121
-63.6670
-63.8611
-63.8464
-63.8686
-63.9639
-67.7268
-67.5096
-66.8184
-66.9393
-67.5878
-65.4208
-63.7591
-60.4882
-62.8034
-65.0685
-64.2715
-64.1042
-59.0917
-58.8465
-58.5799
-58.2900
-55.8006
-64.7896
-66.7395
-66.6127
-63.6033
-63.9934
-64.3614
-64.9682
-64.9272
-64.7467
-64.8642
-64.8889
-64.8983
-64.9903
-65.3398
-66.3854
-66.4747
-65.2056
-63.9480
-63.9230
-63.8985
-63.7437
-63.9145
-66.0947
-67.1384
-66.8608
-65.3251
-66.1288
-65.3725
-64.0540
-63.7342
-62.8440
-62.9158
-64.1893
-64.0114
-59.3054
-59.0855
-58.8481
-58.5872
-58.3022
-55.8955
-66.3396
-63.3625
-63.8063
-64.8957
-64.9411
-63.7098
-63.7218
-63.7573
-63.8198
-64.6694
-64.9891
-65.8579
-66.1359
-66.7813
-64.1757
-64.1637
-63.8656
-63.9807
-66.1351
-66.6940
-66.2258
-64.7503
-65.3321
-64.7174
-61.0812
-60.6890
-62.5236
-63.1684
-63.2074
-62.7399
-59.3103
-59.0800
-58.8531
-58.5904
-58.3212
-56.0374
-65.9029
-64.9766
-63.8708
-63.7095
-63.5616
-64.8940
-64.7417
-64.6226
-64.6042
-63.2471
-64.4268
-64.6985
-65.2174
-65.6979
-64.2732
-64.1945
-64.2778
-66.4619
-66.1780
-65.7219
-65.1371
-64.9420
-64.2101
-61.1479
-62.8456
-62.6605
-63.1068
-62.7271
-59.5193
-59.3266
-59.0510
-58.8709
-58.6130
-56.1566
-56.1764
-64.7637
-65.0220
-64.7171
-63.7386
-63.5987
-63.5306
-63.4736
-64.7148
-64.5867
-64.0729
-65.4186
-65.9071
-66.3007
-66.7313
-66.5866
-64.2768
-64.4184
-64.4044
-66.6277
-66.0238
-64.1901
-65.2533
-64.6068
-63.8901
-60.9491
-62.9609
-62.7510
-62.2791
-61.9098
-59.5612
-59.3236
-59.0257
-58.8916
-58.6369
-56.2690
-56.3148
-65.2553
-64.8488
-64.6089
-64.4069
-64.2509
-64.1608
-63.5923
-63.4892
-63.3649
-63.8490
-65.0654
-65.4517
-65.7981
-66.1886
-66.5959
-68.0668
-67.7088
-66.4272
-63.9183
-66.3532
-65.6131
-63.9612
-65.0371
-64.6165
-63.8219
-63.2630
-62.5210
-62.3183
-62.2886
-59.7693
-59.5668
-59.3049
-59.1561
-58.9105
-58.6640
-56.4042
-56.4512
-57.0676
-57.0618
-63.1761
-64.1794
-63.9969
-63.8813
-63.8541
-63.7110
-63.4539
-62.9235
-63.6253
-64.0648
-65.2307
-65.5740
-65.9417
-66.2802
-66.7768
-66.7534
-65.5302
-64.6608
-64.6377
-65.1111
-64.4915
-63.7350
-63.4912
-62.4551
-61.6067
-62.0334
-59.8169
-59.6037
-59.2942
-59.1807
-58.9367
-56.5329
-56.5429
-65.1858
-63.4831
-63.1795
-57.1605
-57.2067
-57.2712
-63.5991
-63.4548
-63.4368
-62.9188
-63.1734
-63.7976
-64.2040
-64.4125
-64.6580
-65.6629
-65.9699
-66.2456
-65.7361
-65.0799
-66.9976
-67.1523
-64.1678
-61.7744
-62.5494
-62.0923
-62.6483
-60.1271
-59.8972
-59.7199
-59.2925
-56.7710
-56.7783
-63.6109
-63.8014
-63.5331
-63.2990
-63.0858
-57.2362
-57.2772
-57.3174
-62.8973
-62.6279
-63.3529
-63.9040
-64.3609
-64.5712
-64.7767
-64.9748
-65.1949
-65.6425
-65.2634
-64.9223
-66.2708
-66.4018
-66.5685
-63.9960
-63.5165
-62.6874
-61.4896
-59.5676
-64.6366
-63.5654
-63.9942
-63.7839
-63.4719
-63.2610
-63.0980
-62.8943
-62.8423
-57.2628
-57.4839
-63.2359
-63.6628
-63.9576
-64.2684
-64.7776
-65.0966
-65.0252
-65.1021
-64.9529
-63.3288
-65.7088
-65.8244
-64.3701
-63.9726
-63.3615
-65.3068
-65.3408
-65.3782
-62.3842
-64.6808
-64.2624
-66.0742
-63.8550
-63.7803
-63.6668
-63.4769
-63.2703
-63.1601
-62.5166
-63.0240
-63.0977
-57.6241
-57.7570
-63.8375
-64.1294
-64.4231
-64.5129
-64.7389
-65.0103
-64.6752
-64.8159
-65.1286
-64.2987
-64.1024
-63.1662
-64.6308
-64.8732
-64.8707
-64.8660
-61.9296
-62.8969
-63.8199
-64.3805
-62.8627
-65.7943
-65.3955
-65.4563
-66.2954
-66.3604
-63.6214
-63.6491
-63.6519
-63.6659
-63.4993
-63.3699
-62.7504
-63.3009
-63.3879
-63.4920
-63.7001
-57.8903
-57.9901
-58.1063
-64.3870
-64.5702
-64.5323
-64.3775
-64.5084
-64.1329
-64.0255
-63.6536
-63.0265
-64.4256
-64.3204
-64.0819
-61.9890
-61.6987
-63.1595
-63.7428
-64.5597
-64.6188
-64.7052
-64.7207
-63.9637
-64.0083
-64.7931
-65.6225
-65.7780
-63.4940
-63.5284
-63.6390
-63.6131
-63.5358
-62.9444
-63.4817
-63.5787
-63.6715
-63.8627
-63.9592
-64.0690
-64.1673
-58.0735
-58.1611
-58.2461
-64.4226
-64.1728
-64.1994
-63.8697
-65.0048
-63.4671
-62.8181
-63.9482
-63.7239
-62.0122
-61.7690
-62.7718
-63.2314
-63.6484
-64.1805
-64.2217
-64.3120
-64.4366
-64.5803
-63.0337
-63.9549
-64.8503
-65.0619
-65.2471
-63.3675
-63.5065
-63.5277
-63.4747
-62.8009
-63.5153
-63.6922
-63.8497
-63.9429
-64.1183
-64.2081
-64.3003
-64.2439
-64.3569
-64.4175
-58.2886
-58.2615
-58.2519
-63.7905
-63.8384
-63.3491
-62.6768
-62.7075
-63.4414
-61.9740
-61.7772
-62.9565
-62.8667
-63.2186
-63.8120
-63.8054
-63.8434
-63.9345
-63.1774
-63.0802
-62.9261
-63.0953
-63.7930
-64.0310
-64.2555
-63.3380
-63.3966
-63.3737
-63.3398
-62.7886
-63.5383
-63.7252
-63.9652
-64.1740
-64.3585
-64.4447
-64.3766
-64.4792
-64.5730
-64.6359
-64.6149
-64.2885
-63.9026
-58.2443
-58.4204
-63.2446
-62.5510
-63.2801
-61.9714
-61.7994
-61.6035
-62.5744
-62.8620
-63.0102
-63.4416
-63.4677
-63.5081
-62.8387
-62.7543
-62.6798
-62.5606
-63.1275
-63.3892
-63.6462
-64.1627
-63.2414
-63.2637
-63.2262
-62.6021
-63.3489
-63.5671
-63.7521
-63.9854
-64.2624
-64.4661
-64.6719
-64.6104
-64.7088
-64.8138
-64.9059
-64.6996
-64.2364
-62.7914
-64.0519
-64.2315
-58.1448
-57.9527
-58.2022
-61.8072
-61.6398
-62.8385
-62.6162
-62.7931
-63.1778
-63.1495
-62.6761
-62.5673
-62.4679
-62.4063
-62.3409
-62.2630
-62.8046
-63.0564
-63.3282
-64.0917
-63.1013
-63.1061
-62.4502
-63.1296
-63.3709
-63.5632
-63.7698
-64.0025
-64.2681
-64.4682
-64.5207
-64.7293
-64.9412
-64.9976
-65.0544
-64.6168
-64.4050
-64.0219
-64.1173
-63.3419
-62.4934
-62.4295
-57.7738
-57.7430
-58.1571
-62.4249
-62.6062
-62.5631
-62.9408
-62.5035
-62.3858
-62.2713
-62.1690
-62.0866
-62.0439
-62.3711
-62.5524
-62.8061
-63.5122
-63.8373
-62.9528
-62.9590
-62.9995
-63.1338
-63.3955
-63.5832
-63.7869
-64.0172
-64.2654
-64.3244
-64.5279
-64.7315
-64.9088
-65.1072
-64.9389
-64.6769
-64.2587
-64.0810
-64.1821
-63.3536
-62.5150
-61.9736
-61.7913
-61.6005
-58.2076
-58.1288
-58.1453
-62.7763
-62.3617
-62.2468
-62.1308
-62.0181
-61.9197
-61.8482
-62.1938
-62.2374
-62.3361
-62.5881
-63.2838
-63.7350
-57.2484
-62.2169
-62.9868
-63.1527
-63.4231
-63.6038
-63.7610
-63.9843
-64.1371
-64.3331
-64.5307
-64.7032
-64.8161
-64.8445
-64.7635
-64.8062
-64.2958
-64.1498
-63.6495
-63.3553
-62.1086
-61.9372
-61.7534
-62.7967
-62.9161
-62.3503
-58.1506
-58.1367
-58.1266
-62.0215
-61.9072
-61.7986
-61.7090
-61.6529
-62.0139
-62.0767
-62.1939
-62.8282
-63.1210
-63.9942
-57.0512
-57.3221
-57.4018
-63.1917
-63.4174
-63.5373
-63.7242
-63.8776
-64.1454
-64.3379
-64.4693
-64.6128
-64.6477
-64.7170
-64.5884
-64.3975
-64.1635
-64.5461
-63.6238
-62.2449
-62.0744
-61.9016
-62.8362
-62.9335
-62.3638
-61.9976
-62.2694
-62.1195
-61.9796
-58.0524
-58.0322
-61.6133
-61.5329
-61.8587
-61.8716
-61.9538
-62.0804
-62.7136
-62.9948
-63.8262
-57.3073
-57.3816
-57.4628
-57.5522
-57.6250
-63.5348
-63.6935
-63.9644
-64.1516
-64.2828
-64.4210
-64.5122
-64.5207
-64.4964
-64.5212
-64.2244
-64.0350
-64.4657
-63.0668
-62.1750
-62.0397
-62.8865
-62.9650
-62.6310
-62.0166
-62.3119
-62.1674
-62.0113
-61.8698
-61.7245
-61.5876
-57.9677
-57.9674
-58.1424
-61.7630
-61.8546
-62.3661
-62.6249
-63.4212
-63.6859
-57.3719
-57.4497
-57.5133
-57.5982
-57.6228
-57.7159
-57.8014
-63.9855
-64.1145
-64.2423
-64.3239
-64.3332
-64.3895
-64.4171
-64.1343
-64.0664
-63.4828
-63.2042
-62.8973
-62.0586
-61.9372
-62.9658
-62.6823
-62.0402
-61.9251
-62.2186
-62.0688
-61.9201
-61.7734
-61.6302
-61.5000
-61.3880
-61.6802
-58.1207
-58.1661
-58.3894
-62.3141
-62.9440
-63.3198
-63.5677
-57.4462
-57.5179
-57.5721
-57.6526
-57.6617
-57.7844
-57.8575
-57.9384
-57.9931
-64.1641
-64.1603
-64.2015
-64.3317
-64.4027
-64.0976
-63.9137
-63.4192
-63.0557
-62.0582
-61.9471
-62.8709
-62.6152
-62.5256
-61.9231
-62.2744
-62.1266
-61.9790
-61.8314
-61.6870
-61.5488
-61.4263
-61.3340
-61.6406
-61.6256
-61.6548
-58.3920
-58.4999
-58.8197
-63.2373
-63.4682
-57.5150
-57.5796
-57.6152
-57.6145
-57.6842
-57.8316
-57.9016
-57.9669
-58.0231
-58.0549
-58.0941
-64.0533
-64.1994
-63.8442
-63.9034
-64.4985
-63.2489
-62.8999
-61.9475
-62.5934
-62.5413
-62.4522
-61.8494
-61.7809
-62.1224
-62.0126
-61.8897
-61.7504
-61.6099
-61.4785
-61.3652
-61.6688
-61.6146
-61.6130
-62.0101
-62.1336
-62.3840
-58.8211
-58.9335
-59.0435
-64.5471
-57.6558
-57.8090
-57.8729
-57.9336
-58.0014
-58.0288
-58.0596
-57.9175
-58.1893
-58.2454
-63.7069
-63.6917
-63.4258
-63.1424
-62.7241
-61.8420
-62.4634
-62.3851
-62.3034
-61.7127
-62.0795
-61.9788
-61.8720
-61.7561
-61.6504
-61.5414
-61.4196
-61.3270
-61.6397
-61.6014
-61.6093
-62.0400
-62.2632
-62.4055
-63.0025
-63.1807
-63.3572
-66.5075
-65.5354
-64.9117
-64.4098
-57.9288
-57.9655
-58.0128
-58.0318
-57.8752
-58.1606
-58.2480
-58.1167
-58.1574
-58.1437
-63.3733
-63.0452
-61.8346
-62.3868
-62.3172
-62.2429
-61.6422
-61.5805
-61.9414
-61.8434
-61.7409
-61.6309
-61.5313
-61.4312
-61.3467
-61.8397
-61.6213
-61.5983
-61.9885
-62.0774
-62.2890
-62.8677
-63.0270
-63.1932
-63.3559
-65.6956
-65.5320
-64.8886
-57.9972
-58.0175
-57.8379
-58.1504
-58.2400
-58.2367
-58.1008
-58.1291
-58.2051
-58.1679
-58.0804
-62.3161
-62.2476
-62.1818
-62.1076
-61.5150
-61.9012
-61.8111
-61.7165
-61.6184
-61.5190
-61.4219
-61.3341
-61.2662
-61.6183
-61.5872
-61.6013
-62.0247
-62.2202
-62.3299
-62.9050
-63.0555
-63.2112
-63.3630
-65.6600
-66.7886
-63.4539
-58.1911
-58.2533
-58.2791
-58.2357
-57.8973
-58.2362
-58.2375
-58.2026
-58.0828
-57.8703
-57.8766
-62.0580
-61.4489
-61.3978
-61.7762
-61.6886
-61.5976
-61.4995
-61.4109
-61.3243
-61.2439
-61.6490
-61.5551
-61.5405
-61.9535
-62.0392
-62.2487
-62.3672
-62.9445
-63.0866
-63.2325
-62.7997
-64.5552
-64.9918
-64.8556
-67.9094
-65.5636
-57.8524
-58.2610
-58.2682
-58.2570
-57.8443
-57.8517
-57.8507
-57.8582
-57.6433
-61.7438
-61.6595
-61.5738
-61.4863
-61.3970
-61.3140
-61.2315
-61.1697
-61.5819
-61.5020
-61.5018
-61.9434
-62.1407
-62.2401
-62.8280
-62.9789
-63.1191
-63.2539
-62.7998
