-62.9043
-63.5276
-63.6275
-63.6924
-63.5796
-63.1508
-63.5682
-63.6191
-63.6625
-63.6992
-63.7306
-59.6446
-59.6875
-59.7285
-63.8390
-63.8600
-63.8771
-63.8901
-64.1114
-64.0811
-64.0162
-63.9493
-63.8807
-63.3547
-63.2905
-63.2262
-63.1621
-63.1088
-63.0467
-64.2716
-65.7902
-65.9507
-62.8985
-63.5282
-63.6216
-63.7025
-63.2751
-63.1787
-63.5591
-63.6079
-63.6495
-63.6843
-63.7131
-63.7366
-63.7558
-59.7231
-59.7617
-59.7984
-63.8232
-63.8586
-64.0472
-64.0481
-63.9865
-63.9232
-63.8584
-63.3478
-63.2869
-63.2260
-63.1708
-63.1163
-63.0582
-64.1642
-65.6037
-65.7933
-63.3753
-63.4935
-63.6056
-63.6931
-63.3004
-63.4974
-63.5512
-63.5979
-63.6379
-63.6715
-63.6992
-63.7214
-63.7389
-63.7532
-63.7631
-59.7935
-59.8287
-59.9392
-63.9869
-63.9899
-63.9569
-63.8967
-63.8355
-63.3398
-63.2822
-63.2249
-63.1788
-63.1231
-63.0693
-64.1008
-65.4513
-65.6482
-66.0821
-63.3350
-63.4464
-63.5524
-63.3352
-63.3114
-63.4927
-63.5439
-63.5885
-63.6268
-63.6592
-63.6860
-63.7076
-63.7245
-63.7381
-63.7468
-63.7525
-63.7557
-59.9314
-59.9625
-59.9920
-60.0346
-63.8711
-63.8126
-63.3312
-63.2769
-63.2341
-63.1811
-63.1296
-63.0857
-64.0627
-65.3325
-65.5375
-65.7148
-66.1155
-63.2966
-63.4018
-63.5021
-63.2928
-63.2883
-63.4527
-63.5228
-63.5793
-63.6159
-63.6470
-63.6729
-63.6938
-63.7103
-63.7236
-63.7322
-63.7376
-63.7402
-63.9144
-63.9083
-63.9007
-60.0134
-60.0258
-60.0291
-63.3233
-63.2830
-63.2324
-63.1834
-63.1420
-63.8742
-64.0352
-65.2470
-65.4398
-65.6226
-65.7748
-63.2592
-63.3587
-63.1653
-63.2521
-63.2644
-63.4050
-63.4725
-63.5340
-63.5896
-63.6345
-63.6594
-63.6797
-63.6958
-63.7088
-63.7175
-63.7230
-63.8954
-63.8919
-63.8857
-63.8772
-63.8669
-63.8454
-60.0348
-59.8644
-59.8699
-63.2323
-63.1926
-63.1558
-63.8816
-64.0266
-65.1717
-65.3643
-65.5326
-65.6961
-66.0721
-63.2232
-63.3171
-63.1292
-63.2123
-63.2883
-63.3587
-63.4236
-63.4829
-63.5369
-63.5856
-63.6292
-63.6650
-63.6806
-63.6934
-63.7021
-63.7078
-63.8728
-63.8699
-63.8643
-63.8565
-63.8469
-63.8358
-63.7927
-63.3423
-59.8817
-59.8891
-59.8972
-63.1674
-63.8986
-64.0213
-65.1168
-65.2896
-65.4639
-65.6279
-65.7731
-66.1132
-63.1887
-63.0121
-63.0943
-63.1732
-63.2458
-63.3134
-63.3759
-63.4331
-63.4854
-63.5327
-63.5754
-63.6135
-63.6475
-63.6771
-63.6858
-63.6918
-63.8497
-63.8475
-63.8429
-63.8362
-63.8280
-63.8184
-63.8076
-63.3598
-63.3069
-63.2698
-59.9138
-59.9255
-60.2787
-60.3711
-64.1216
-65.2354
-65.4062
-65.5609
-65.7019
-65.8257
-66.1449
-63.1566
-62.9830
-63.0605
-63.1353
-63.2042
-63.2687
-63.3287
-63.3841
-63.4347
-63.4807
-63.5224
-63.5599
-63.5936
-63.6242
-63.6507
-63.7041
-63.8261
-63.8246
-63.8211
-63.8159
-63.8093
-63.8161
-63.8086
-63.3793
-63.3363
-63.2972
-63.2564
-63.2262
-60.3024
-60.3691
-60.4359
-60.8869
-65.3512
-65.4995
-65.6303
-65.7588
-66.0925
-66.1976
-59.0580
-62.9574
-63.0287
-63.0987
-63.1638
-63.2251
-63.2824
-63.3355
-63.3845
-63.4293
-63.4701
-63.5070
-63.5402
-63.5707
-63.5975
-63.7638
-63.7827
-63.7988
-63.7990
-63.7953
-63.8054
-63.8007
-63.7966
-63.4065
-63.3684
-63.3283
-63.2988
-63.2731
-63.9889
-64.0740
-64.1591
-60.8853
-60.9700
-61.0477
-65.5714
-65.7024
-65.8315
-66.1545
-66.2644
-59.0492
-59.1063
-59.1959
-63.0656
-63.1255
-63.1828
-63.2371
-63.2878
-63.3348
-63.3782
-63.4180
-63.4544
-63.4880
-63.5177
-63.5447
-63.7040
-63.7239
-63.7414
-63.7570
-63.7785
-63.7878
-63.7864
-63.7937
-63.4354
-63.3966
-63.3687
-63.3447
-63.8584
-64.0356
-64.1085
-64.1911
-65.1484
-65.2737
-61.0432
-61.1209
-61.1973
-65.7877
-65.9153
-59.0571
-59.1124
-59.1665
-59.2197
-63.0934
-63.1440
-63.1938
-63.2414
-63.2861
-63.3278
-63.3664
-63.4019
-63.4352
-63.4651
-63.4977
-63.6452
-63.6661
-63.6851
-63.7027
-63.7344
-63.7512
-63.7762
-63.7937
-63.4602
-63.4341
-63.4121
-63.3819
-63.9273
-64.0775
-64.1540
-64.2280
-65.1325
-65.2577
-65.3834
-65.5088
-61.1975
-61.2732
-61.3474
-66.2058
-59.0645
-59.1181
-59.1706
-59.2223
-59.2722
-59.3207
-63.1562
-63.1981
-63.2393
-63.2786
-63.3156
-63.3501
-63.3827
-63.4124
-63.5633
-63.5873
-63.6094
-63.6301
-63.6651
-63.6852
-63.7136
-63.7439
-63.7694
-63.4888
-63.4747
-63.4475
-63.4251
-63.9852
-64.1280
-64.1955
-64.2556
-65.1255
-65.2517
-65.3782
-65.5033
-65.6265
-65.7476
-61.3505
-61.4237
-61.5605
-59.0882
-59.1234
-59.1743
-59.2246
-59.2731
-59.3204
-59.3665
-59.4114
-63.1977
-63.2322
-63.2664
-63.2993
-63.3310
-63.3605
-63.5052
-63.5301
-63.5534
-63.5919
-63.6149
-63.6389
-63.6800
-63.7087
-63.7483
-63.4927
-63.4887
-63.4813
-63.4635
-64.0478
-64.1730
-64.2254
-64.2879
-65.1258
-65.2530
-65.3800
-65.5055
-65.6285
-65.7489
-65.8666
-65.9819
-61.5005
-62.8998
-62.9220
-59.1775
-59.2264
-59.2736
-59.3197
-59.3647
-59.4086
-59.4515
-59.4933
-63.2222
-63.2513
-63.2811
-63.3098
-63.4487
-63.4744
-63.5147
-63.5407
-63.5675
-63.6116
-63.6433
-63.6862
-63.7251
-63.5046
-63.5006
-63.4914
-63.4899
-64.0932
-64.2060
-64.2592
-64.3244
-65.1318
-65.2597
-65.3870
-65.5127
-65.6358
-65.7561
-65.8735
-65.9880
-66.0850
-62.9319
-62.9496
-62.9669
-62.9844
-59.2736
-59.3185
-59.3624
-59.4054
-59.4474
-59.4886
-59.5288
-59.5683
-63.2360
-63.3689
-63.3947
-63.4288
-63.4635
-63.4926
-63.5315
-63.5735
-63.6196
-63.6618
-63.7133
-63.5136
-63.5077
-63.5099
-63.5065
-64.1063
-64.2176
-64.2868
-64.3646
-65.1427
-65.2709
-65.3982
-65.5238
-65.6468
-65.7671
-65.8845
-65.9849
-66.0733
-62.9588
-62.9733
-62.9871
-63.0005
-63.0140
-63.0269
-59.3597
-59.4017
-59.4430
-59.4834
-59.5231
-59.5623
-59.6012
-59.6839
-63.3465
-63.3877
-63.4164
-63.4567
-63.5006
-63.5411
-63.5938
-63.6501
-63.6906
-63.5179
-63.5238
-63.5239
-64.0094
-64.1193
-64.2287
-64.3004
-64.3833
-64.4686
-65.2857
-65.4129
-65.5381
-65.6609
-65.7812
-65.8854
-65.9762
-66.0639
-62.9805
-62.9919
-63.0028
-63.0132
-63.0238
-63.0329
-63.0420
-63.0518
-59.4380
-59.4779
-59.5172
-59.5561
-59.5950
-59.6762
-59.7215
-59.7606
-63.3848
-63.4277
-63.4687
-63.5231
-63.5819
-63.6266
-63.6790
-63.5314
-63.5352
-63.5295
-64.0268
-64.1352
-64.2434
-64.3173
-64.4016
-64.4878
-65.2732
-65.4151
-65.5552
-65.6778
-65.7857
-65.8787
-65.9687
-66.0557
-62.9967
-63.0054
-63.0137
-63.0215
-63.0297
-63.0365
-63.0431
-63.0497
-63.0566
-63.0652
-59.5109
-59.5497
-59.5945
-59.6758
-59.7153
-59.7594
-59.8050
-59.8494
-63.4546
-63.5132
-63.5606
-63.6153
-63.6714
-63.5404
-63.5389
-63.5346
-64.0464
-64.1541
-64.2613
-64.3367
-64.4221
-64.5089
-65.2623
-65.4031
-65.5424
-65.6689
-65.7793
-65.8730
-65.9621
-66.0484
-63.0073
-63.0135
-63.0195
-63.0252
-63.0312
-63.0361
-63.0410
-63.0460
-63.0513
-63.0573
-63.0646
-63.0749
-59.6261
-59.6694
-59.7103
-59.7600
-59.8048
-59.8557
-59.9086
-59.9566
-63.5532
-63.6098
-63.6613
-63.5435
-63.5414
-63.5442
-64.0682
-64.1753
-64.2817
-64.3585
-64.4446
-64.5317
-65.2543
-65.3940
-65.5226
-65.6340
-65.7428
-65.8491
-65.9527
-66.0416
-63.0129
-63.0166
-63.0204
-63.0240
-63.0283
-63.0316
-63.0351
-63.0390
-63.0435
-63.0490
-63.0561
-63.0734
-63.1812
-63.1983
-59.7141
-59.7594
-59.8107
-59.8646
-59.9143
-59.9657
-60.0178
-60.0671
-63.6499
-63.5456
-63.5499
-63.5584
-64.0926
-64.1989
-64.3041
-64.3821
-64.4689
-64.5559
-65.2491
-65.3793
-65.4910
-65.6006
-65.7078
-65.8126
-65.9149
-66.0147
-63.0143
-63.0148
-63.0164
-63.0182
-63.0209
-63.0229
-63.0255
-63.0287
-63.0330
-63.0388
-63.0468
-63.0783
-63.1732
-63.2009
-63.2354
-63.2789
-59.8195
-59.8708
-59.9233
-59.9766
-60.0270
-60.0747
-60.1185
-60.1080
-63.5659
-63.5781
-64.1202
-64.2250
-64.3288
-64.4073
-64.4943
-64.5816
-65.2395
-65.3511
-65.4609
-65.5686
-65.6741
-65.7774
-65.8782
-65.9768
-63.0100
-63.0092
-63.0088
-63.0087
-63.0092
-63.0102
-63.0121
-63.0152
-63.0199
-63.0268
-63.0535
-63.1492
-63.1767
-63.2101
-63.2510
-63.2991
-63.3429
-59.9116
-59.9341
-59.9857
-60.0352
-60.0798
-60.1268
-60.1264
-60.1584
-60.3886
-64.1528
-64.2547
-64.3563
-64.4348
-64.5216
-64.6036
-65.2144
-65.3241
-65.4319
-65.5378
-65.6416
-65.7431
-65.8426
-65.9399
-63.0004
-62.9973
-62.9953
-62.9940
-62.9944
-62.9944
-62.9959
-62.9989
-63.3276
-63.3262
-63.3263
-63.4122
-63.4162
-63.4231
-63.4337
-63.4474
-63.4522
-63.4626
-63.4795
-59.9944
-60.0399
-60.0879
-60.1377
-60.1467
-60.1809
-60.4158
-60.4854
-60.5543
-64.3887
-64.4656
-64.5475
-64.6101
-65.1907
-65.2980
-65.4039
-65.5080
-65.6100
-65.7099
-65.8079
-65.9039
-62.9983
-62.9872
-62.9779
-62.9754
-62.9747
-62.9746
-62.9765
-62.9811
-63.3128
-63.3117
-63.3127
-63.3973
-63.4041
-63.4143
-63.4287
-63.4342
-63.4435
-63.4595
-63.4826
-63.5134
-63.5517
-60.0987
-60.1510
-60.1686
-60.2046
-60.4436
-60.5128
-60.5813
-60.6488
-60.7063
-64.5584
-64.6181
-65.1692
-65.2736
-65.3770
-65.4789
-65.5791
-65.6776
-65.7741
-65.8711
-62.9913
-62.9785
-62.9666
-62.9556
-62.9526
-62.9521
-62.9549
-63.2975
-63.2950
-63.2950
-63.3181
-63.3823
-63.3923
-63.4067
-63.4137
-63.4230
-63.4386
-63.4621
-63.4932
-63.5316
-63.5757
-63.6241
-63.6757
-60.1919
-60.2294
-60.4718
-60.5407
-60.6087
-60.6754
-60.7233
-60.7740
-60.8245
-64.6872
-65.2520
-65.3521
-65.4513
-65.5493
-65.6459
-65.7433
-64.5992
-62.9799
-62.9661
-62.9530
-62.9414
-62.9318
-62.9280
-63.2814
-63.2771
-63.2751
-63.2770
-63.3585
-63.3677
-63.3822
-63.3907
-63.3996
-63.4154
-63.4388
-63.4709
-63.5106
-63.5563
-63.6064
-63.6590
-63.7129
-63.7163
-63.7344
-60.5005
-60.5690
-60.6366
-60.6924
-60.7401
-60.7904
-60.8405
-60.8902
-61.1332
-65.3310
-65.4264
-65.5214
-65.6180
-64.4683
-64.5267
-62.9647
-62.9497
-62.9363
-62.9248
-62.9157
-63.2681
-63.2576
-63.2542
-63.2545
-63.2590
-63.3411
-63.3546
-63.3650
-63.3735
-63.3891
-63.4129
-63.4456
-63.4866
-63.5342
-63.5865
-63.6417
-63.6982
-63.7548
-63.7729
-63.7917
-64.2909
-64.3779
-60.6544
-60.7092
-60.7565
-60.8065
-60.8561
-60.9053
-61.1384
-61.2023
-61.2654
-65.4996
-64.3405
-64.3981
-64.4563
-62.9462
-62.9303
-62.9167
-62.9059
-62.8986
-63.2525
-63.2392
-63.2305
-63.2330
-63.2449
-63.3250
-63.3368
-63.3449
-63.3601
-63.3840
-63.4173
-63.4595
-63.5089
-63.5635
-63.6213
-63.6807
-63.7403
-63.7994
-63.8321
-64.2743
-64.3597
-64.4196
-64.4743
-64.5291
-60.7727
-60.8221
-60.8713
-60.9201
-61.1435
-61.2068
-61.2702
-60.8032
-60.8528
-64.3314
-65.6928
-62.9244
-62.9083
-62.8951
-62.8857
-63.2494
-63.2349
-63.2233
-63.2160
-63.2139
-63.2931
-63.3065
-63.3134
-63.3284
-63.3522
-63.3860
-63.4293
-63.4804
-63.5372
-63.5977
-63.6599
-63.7227
-63.7849
-63.8461
-63.8928
-64.3455
-64.4066
-64.4601
-64.5122
-64.5630
-64.5991
-64.6430
-60.8861
-60.9344
-61.1486
-61.2121
-60.7343
-60.7839
-60.8337
-61.4349
-61.4934
-62.8992
-62.8835
-62.8723
-63.2461
-63.2290
-63.2160
-63.2070
-63.2035
-63.2058
-63.2778
-63.2798
-63.2938
-63.3177
-63.3518
-63.3960
-63.4487
-63.5077
-63.5706
-63.6359
-63.7018
-63.7673
-63.8318
-63.8948
-63.9549
-64.3946
-64.4477
-64.4993
-64.5496
-64.5983
-64.6324
-64.6728
-64.7138
-64.7565
-61.1544
-60.6653
-60.7149
-60.7647
-61.3745
-61.4334
-61.4922
-62.8724
-62.8579
-63.2423
-63.2227
-63.2070
-63.1966
-63.1913
-63.1924
-63.2002
-63.2597
-63.2628
-63.2802
-63.3148
-63.3598
-63.4141
-63.4751
-63.5407
-63.6087
-63.6778
-63.7466
-63.8144
-63.8807
-63.9451
-63.9874
-64.4354
-64.4868
-64.5368
-64.5853
-64.6323
-64.6654
-64.7042
-64.7430
-64.7842
-63.8879
-60.6762
-60.6955
-61.3142
-61.3734
-61.4325
-61.4917
-62.8445
-62.8322
-63.2169
-63.1986
-63.1853
-63.1784
-63.1777
-63.1841
-63.2435
-63.2456
-63.2580
-63.2818
-63.3208
-63.3765
-63.4396
-63.5078
-63.5786
-63.6506
-63.7228
-63.7939
-63.8637
-63.9315
-63.9783
-64.0101
-64.4740
-64.5238
-64.5721
-64.6189
-64.6644
-64.6967
-64.7344
-64.7740
-63.5643
-63.8418
-63.8879
-65.2664
-61.3134
-61.3728
-61.4325
-61.4925
-62.8159
-63.2120
-63.1907
-63.1747
-63.1656
-63.1633
-63.1675
-63.1651
-63.2267
-63.2380
-63.2616
-63.2972
-63.3435
-63.4012
-63.4717
-63.5455
-63.6207
-63.6958
-63.7705
-63.8437
-63.9149
-63.9666
-64.0001
-64.4248
-64.5104
-64.5584
-64.6051
-64.6504
-64.6944
-64.7259
-64.7553
-63.5165
-63.5350
-63.7968
-65.1892
-65.2591
-65.3303
-65.4039
-61.4338
-61.4949
-63.2075
-63.1829
-63.1639
-63.1514
-63.1465
-63.1500
-63.1487
-63.1483
-63.2175
-63.2402
-63.2757
-63.3227
-63.3787
-63.4404
-63.5095
-63.5878
-63.6665
-63.7442
-63.8209
-63.8956
-63.9523
-63.9875
-64.0208
-64.4489
-64.5330
-64.5907
-64.6358
-64.6796
-64.7222
-64.7353
-63.4670
-63.4850
-63.5049
-64.8093
-65.1844
-65.2550
-65.3271
-65.4014
-65.4786
-65.5598
-63.1770
-63.1546
-63.1380
-63.1304
-63.1313
-63.1315
-63.1289
-63.1479
-63.2168
-63.2523
-63.2999
-63.3570
-63.4211
-63.4891
-63.5589
-63.6342
-63.7154
-63.7952
-63.8736
-63.9358
-63.9725
-64.0073
-64.0401
-64.4707
-64.5525
-64.6203
-64.6639
-64.7063
-64.7186
-63.4155
-63.4329
-64.7509
-64.7861
-64.8226
-65.1810
-65.2534
-65.3279
-65.4051
-65.4853
-66.5417
-63.1447
-63.1259
-63.1155
-63.1139
-63.1146
-63.1098
-63.1164
-63.1926
-63.2276
-63.2757
-63.3340
-63.3996
-63.4701
-63.5426
-63.6160
-63.6891
-63.7675
-63.8490
-63.9170
-63.9552
-63.9915
-64.0257
-64.0578
-64.4903
-64.5699
-64.6473
-64.6894
-64.6894
-63.3651
-63.3786
-64.7261
-64.7614
-64.7981
-64.8365
-65.1799
-65.2551
-65.3331
-65.4230
-66.4813
-66.5599
-63.1133
-63.0995
-63.0953
-63.0967
-63.0893
-63.0948
-63.1148
-63.2030
-63.2512
-63.3105
-63.3771
-63.4494
-63.5248
-63.6007
-63.6767
-63.7516
-63.8252
-63.8962
-63.9360
-63.9735
-64.0091
-64.0424
-64.0738
-64.5076
-64.5849
-64.6528
-64.6580
-63.3049
-63.3252
-64.6995
-64.7350
-64.7720
-64.8109
-64.8521
-65.1821
-65.2610
-65.3611
-66.4203
-66.5104
-66.5795
-63.0841
-63.0768
-63.0790
-63.0687
-63.0716
-63.0899
-63.1272
-63.2249
-63.2854
-63.3543
-63.4287
-63.5061
-63.5850
-63.6636
-63.7408
-63.8172
-63.8844
-63.9146
-63.9536
-63.9904
-64.0248
-64.0573
-64.0880
-64.5223
-64.5766
-64.6032
-63.2423
-63.2623
-64.6752
-64.7067
-64.7441
-64.7835
-64.8255
-64.8704
-65.1888
-66.2698
-66.3592
-66.4517
-66.5451
-66.5512
-62.9584
-63.0577
-63.0480
-63.0483
-63.0645
-63.0976
-63.1975
-63.2588
-63.3296
-63.4062
-63.4862
-63.5675
-63.6492
-63.7298
-63.8088
-63.8823
-63.9130
-63.9413
-63.9703
-64.0051
-64.0386
-64.0702
-64.4608
-64.5005
-64.5245
-63.1544
-63.1969
-64.6398
-64.6804
-64.7142
-64.7544
-64.7972
-64.8431
-64.8927
-66.2073
-66.2988
-66.3930
-66.4878
-66.5245
-66.5210
