-61.3790
-61.3938
-61.4091
-61.4248
-61.1363
-61.1578
-61.1794
-61.2014
-61.2238
-61.2464
-61.2694
-61.2926
-61.3162
-61.3402
-61.3644
-61.3890
-61.4140
-61.4393
-61.4648
-61.4902
-61.5154
-61.5403
-61.5662
-61.5923
-61.6195
-61.6470
-61.6751
-61.7034
-61.7320
-61.7632
-61.7949
-61.8268
-61.8590
-61.8927
-61.9433
-61.9942
-62.0454
-62.0970
-62.1489
-62.2011
-61.4521
-61.4665
-61.4815
-61.4968
-61.5126
-61.2257
-61.2470
-61.2686
-61.2905
-61.3128
-61.3354
-61.3583
-61.3815
-61.4050
-61.4289
-61.4530
-61.4775
-61.5022
-61.5274
-61.5528
-61.5785
-61.6046
-61.6306
-61.6563
-61.6820
-61.7075
-61.7349
-61.7625
-61.7919
-61.8226
-61.8536
-61.8857
-61.9174
-61.9666
-62.0163
-62.0663
-62.1168
-62.1674
-62.2185
-62.2698
-61.5245
-61.5386
-61.5531
-61.5681
-61.5835
-61.5994
-61.3139
-61.3351
-61.3567
-61.3786
-61.4008
-61.4233
-61.4462
-61.4693
-61.4927
-61.5165
-61.5406
-61.5649
-61.5894
-61.6143
-61.6397
-61.6654
-61.6913
-61.7175
-61.7442
-61.7709
-61.7970
-61.8229
-61.8525
-61.8826
-61.9131
-61.9439
-61.9909
-62.0403
-62.0892
-62.1384
-62.1881
-62.2379
-62.2881
-62.3387
-61.5963
-61.6100
-61.6242
-61.6388
-61.6539
-61.6693
-61.6851
-61.4012
-61.4224
-61.4439
-61.4658
-61.4879
-61.5103
-61.5330
-61.5560
-61.5794
-61.6030
-61.6268
-61.6511
-61.6757
-61.7006
-61.7258
-61.7512
-61.7770
-61.8032
-61.8296
-61.8570
-61.8865
-61.9162
-61.9444
-61.9729
-62.0177
-62.0651
-62.1131
-62.1613
-62.2105
-62.2593
-62.3084
-62.3577
-62.4075
-61.6675
-61.6808
-61.6946
-61.7088
-61.7235
-61.7386
-61.7541
-61.7700
-61.4874
-61.5086
-61.5301
-61.5518
-61.5739
-61.5963
-61.6189
-61.6416
-61.6649
-61.6885
-61.7123
-61.7365
-61.7610
-61.7858
-61.8108
-61.8362
-61.8618
-61.8881
-61.9169
-61.9460
-61.9752
-62.0047
-62.0488
-62.0946
-62.1410
-62.1868
-62.2338
-62.2816
-62.3296
-62.3787
-62.4273
-62.4763
-61.7381
-61.7511
-61.7645
-61.7783
-61.7926
-61.8073
-61.8224
-61.8379
-61.8538
-61.5727
-61.5939
-61.6153
-61.6370
-61.6590
-61.6811
-61.7036
-61.7265
-61.7497
-61.7732
-61.7969
-61.8210
-61.8453
-61.8700
-61.8949
-61.9203
-61.9484
-61.9766
-62.0051
-62.0340
-62.0769
-62.1227
-62.1689
-62.2154
-62.2614
-62.3085
-62.3548
-62.4009
-62.4482
-62.4961
-62.5450
-61.7791
-61.7923
-61.8058
-61.8197
-61.8340
-61.8755
-61.8902
-61.9054
-61.9209
-61.9368
-61.6572
-61.6782
-61.6994
-61.7210
-61.7429
-61.7651
-61.7877
-61.8104
-61.8334
-61.8569
-61.8805
-61.9045
-61.9287
-61.9532
-61.9807
-62.0083
-62.0360
-62.0642
-62.1062
-62.1512
-62.1964
-62.2419
-62.2876
-62.3337
-62.3801
-62.4261
-62.4730
-62.5202
-62.5668
-62.6132
-61.8780
-61.8597
-61.8730
-61.8866
-61.9006
-61.9150
-61.9298
-61.9450
-61.9605
-62.0030
-62.0189
-61.7404
-61.7614
-61.7827
-61.8042
-61.8261
-61.8483
-61.8707
-61.8934
-61.9163
-61.9397
-61.9633
-61.9871
-62.0136
-62.0406
-62.0678
-62.0952
-62.1368
-62.1809
-62.2251
-62.2696
-62.3145
-62.3596
-62.4051
-62.4508
-62.4967
-62.5430
-62.5888
-62.6357
-62.6828
-61.9471
-61.9590
-61.9712
-61.9839
-61.9970
-62.0106
-61.9951
-62.0100
-62.0252
-62.0405
-62.0565
-62.0729
-61.7980
-61.8439
-61.8652
-61.8866
-61.9084
-61.9305
-61.9529
-61.9754
-61.9984
-62.0216
-62.0474
-62.0737
-62.1003
-62.1270
-62.1685
-62.2117
-62.2550
-62.2987
-62.3425
-62.3868
-62.4313
-62.4760
-62.5211
-62.5664
-62.6120
-62.6579
-62.7041
-62.7497
-62.0145
-62.0263
-62.0383
-62.0508
-62.0636
-62.0769
-62.0904
-62.1045
-62.1186
-62.1333
-62.1199
-62.1360
-62.1523
-61.8791
-61.9002
-61.9216
-61.9432
-61.9652
-62.0118
-62.0341
-62.0567
-62.0819
-62.1075
-62.1334
-62.1597
-62.2013
-62.2435
-62.2860
-62.3287
-62.3717
-62.4151
-62.4586
-62.5025
-62.5466
-62.5910
-62.6357
-62.6807
-62.7260
-62.7714
-62.8172
-62.0793
-62.0909
-62.1027
-62.1150
-62.1276
-62.1405
-62.1537
-62.1674
-62.1816
-62.1960
-62.2108
-62.2260
-62.2416
-62.2576
-61.9591
-61.9802
-62.0015
-62.0232
-62.0450
-62.0672
-62.0920
-62.1172
-62.1674
-62.1941
-62.2351
-62.2764
-62.3179
-62.3598
-62.4020
-62.4444
-62.4871
-62.5301
-62.5733
-62.6169
-62.6606
-62.7047
-62.7490
-62.7937
-62.8385
-62.8837
-62.1432
-62.1545
-62.1662
-62.1782
-62.1904
-62.2032
-62.2163
-62.2299
-62.2437
-62.2579
-62.2725
-62.2874
-62.3028
-62.3184
-62.3344
-62.0619
-62.0825
-62.1035
-62.1023
-62.1266
-62.1514
-62.1763
-62.2043
-62.2445
-62.2851
-62.3259
-62.3920
-62.4332
-62.4748
-62.5166
-62.5588
-62.6011
-62.6438
-62.6867
-62.7299
-62.7733
-62.8171
-62.8611
-62.9053
-62.9499
-62.2061
-62.2172
-62.2288
-62.2404
-62.2526
-62.2652
-62.2781
-62.2914
-62.3050
-62.3191
-62.3333
-62.3481
-62.3631
-62.3785
-62.3942
-62.4104
-62.1393
-62.1600
-62.1835
-62.2074
-62.2316
-62.2606
-62.2791
-62.3189
-62.3588
-62.3990
-62.4396
-62.4803
-62.5214
-62.5627
-62.6043
-62.6717
-62.7138
-62.7561
-62.7987
-62.8416
-62.8848
-62.9282
-62.9719
-63.0158
-62.2681
-62.2788
-62.2901
-62.3019
-62.3139
-62.3263
-62.3390
-62.3521
-62.3656
-62.3794
-62.3934
-62.4079
-62.4228
-62.4379
-62.4535
-62.4711
-62.4889
-62.2187
-62.2422
-62.2658
-62.2965
-62.3349
-62.3736
-62.4125
-62.4518
-62.4912
-62.5116
-62.5519
-62.5924
-62.6333
-62.6743
-62.7156
-62.7571
-62.7990
-62.8410
-62.9096
-62.9521
-62.9949
-63.0380
-63.0813
-62.3288
-62.3397
-62.3510
-62.3624
-62.3744
-62.3866
-62.3992
-62.4121
-62.4253
-62.4389
-62.4528
-62.4670
-62.4817
-62.4968
-62.5138
-62.5310
-62.5486
-62.5664
-62.3002
-62.3329
-62.3706
-62.4085
-62.4467
-62.4851
-62.5239
-62.5629
-62.6021
-62.6417
-62.6814
-62.7214
-62.7437
-62.7845
-62.8256
-62.8668
-62.9083
-62.9501
-62.9922
-63.0344
-63.0769
-63.1465
-62.3889
-62.3997
-62.4107
-62.4222
-62.4339
-62.4459
-62.4583
-62.4711
-62.4842
-62.4976
-62.5113
-62.5253
-62.5401
-62.5566
-62.5733
-62.5903
-62.6077
-62.6253
-62.3697
-62.4066
-62.4439
-62.4813
-62.5191
-62.5570
-62.5953
-62.6338
-62.6726
-62.7116
-62.7509
-62.7904
-62.8303
-62.8703
-62.9106
-62.9511
-62.9919
-63.0164
-63.0579
-63.0997
-63.1417
-63.1839
-62.4481
-62.4587
-62.4697
-62.4809
-62.4925
-62.5044
-62.5168
-62.5293
-62.5422
-62.5554
-62.5689
-62.5833
-62.5994
-62.6156
-62.6322
-62.6490
-62.6677
-62.6995
-62.7317
-62.4796
-62.5163
-62.5534
-62.5906
-62.6282
-62.6661
-62.7041
-62.7424
-62.7810
-62.8198
-62.8588
-62.8982
-62.9377
-62.9775
-63.0176
-63.0579
-63.0984
-63.1392
-63.1803
-63.2215
-63.2477
-62.5062
-62.5167
-62.5276
-62.5388
-62.5503
-62.5621
-62.5742
-62.5867
-62.5995
-62.6125
-62.6267
-62.6421
-62.6579
-62.6740
-62.6904
-62.7122
-62.7432
-62.7747
-62.8063
-62.8384
-62.5881
-62.6247
-62.6615
-62.6986
-62.7360
-62.7736
-62.8115
-62.8496
-62.8880
-62.9265
-62.9654
-63.0045
-63.0438
-63.0834
-63.1233
-63.1633
-63.2036
-63.2442
-63.2849
-63.3260
-62.5634
-62.5739
-62.5846
-62.5957
-62.6071
-62.6188
-62.6308
-62.6431
-62.6557
-62.6698
-62.6848
-62.7002
-62.7157
-62.7317
-62.7569
-62.7873
-62.8178
-62.8489
-62.8801
-62.9118
-62.9438
-62.6952
-62.7317
-62.7683
-62.8053
-62.8425
-62.8799
-62.9175
-62.9555
-62.9937
-63.0320
-63.0707
-63.1096
-63.1487
-63.1881
-63.2276
-63.2675
-63.3075
-63.3479
-63.3884
-62.6196
-62.6299
-62.6407
-62.6517
-62.6630
-62.6747
-62.6865
-62.6988
-62.7126
-62.7273
-62.7422
-62.7574
-62.7728
-62.8019
-62.8314
-62.8613
-62.8916
-62.9221
-62.9530
-62.9843
-63.0159
-63.0478
-62.8010
-62.8372
-62.8737
-62.9105
-62.9475
-62.9848
-63.0223
-63.0601
-63.0980
-63.1363
-63.1746
-63.2133
-63.2522
-63.2914
-63.3308
-63.3704
-63.4102
-63.4503
-62.6749
-62.6852
-62.6958
-62.7067
-62.7179
-62.7295
-62.7413
-62.7552
-62.7695
-62.7841
-62.7989
-62.8183
-62.8468
-62.8756
-62.9049
-62.9343
-62.9643
-62.9945
-63.0250
-63.0559
-63.0871
-63.1186
-63.1505
-62.9053
-62.9415
-62.9779
-63.0144
-63.0514
-63.0884
-63.1258
-63.1633
-63.2011
-63.2391
-63.2774
-63.3158
-63.3546
-63.3935
-63.4326
-63.4721
-63.5117
-62.7290
-62.7393
-62.7500
-62.7609
-62.7720
-62.7837
-62.7974
-62.8114
-62.8256
-62.8400
-62.8639
-62.8917
-62.9199
-62.9485
-62.9773
-63.0065
-63.0360
-63.0659
-63.0960
-63.1266
-63.1574
-63.1886
-63.2201
-63.2518
-63.0083
-63.0444
-63.0807
-63.1171
-63.1538
-63.1907
-63.2279
-63.2653
-63.3029
-63.3407
-63.3788
-63.4171
-63.4557
-63.4944
-63.5334
-63.5726
-62.7823
-62.7925
-62.8032
-62.8140
-62.8259
-62.8393
-62.8529
-62.8666
-62.8825
-62.9093
-62.9366
-62.9641
-62.9920
-63.0202
-63.0488
-63.0776
-63.1067
-63.1363
-63.1662
-63.1963
-63.2268
-63.2576
-63.2887
-63.3202
-63.3519
-63.1101
-63.1460
-63.1822
-63.2185
-63.2550
-63.2918
-63.3288
-63.3661
-63.4035
-63.4412
-63.4791
-63.5173
-63.5556
-63.5942
-63.6329
-62.8345
-62.8448
-62.8555
-62.8675
-62.8806
-62.8938
-62.9074
-62.9284
-62.9546
-62.9812
-63.0082
-63.0354
-63.0629
-63.0908
-63.1191
-63.1477
-63.1765
-63.2058
-63.2353
-63.2651
-63.2953
-63.3257
-63.3565
-63.3876
-63.4189
-63.4507
-63.2107
-63.2464
-63.2824
-63.3186
-63.3550
-63.3917
-63.4286
-63.4656
-63.5029
-63.5404
-63.5782
-63.6161
-63.6543
-63.6927
-62.8857
-62.8961
-62.9084
-62.9213
-62.9343
-62.9486
-62.9740
-62.9996
-63.0256
-63.0519
-63.0785
-63.1055
-63.1329
-63.1605
-63.1884
-63.2167
-63.2452
-63.2742
-63.3034
-63.3330
-63.3628
-63.3929
-63.4233
-63.4541
-63.4852
-63.5165
-63.5481
-63.3100
-63.3456
-63.3814
-63.4175
-63.4538
-63.4903
-63.5270
-63.5640
-63.6012
-63.6385
-63.6761
-63.7140
-63.7519
-62.9364
-62.9487
-62.9614
-62.9742
-62.9944
-63.0191
-63.0442
-63.0696
-63.0953
-63.1214
-63.1478
-63.1746
-63.2016
-63.2290
-63.2567
-63.2847
-63.3130
-63.3416
-63.3705
-63.3998
-63.4294
-63.4592
-63.4893
-63.5197
-63.5505
-63.5815
-63.6128
-63.6445
-63.4080
-63.4436
-63.4793
-63.5152
-63.5514
-63.5877
-63.6244
-63.6613
-63.6982
-63.7355
-63.7730
-63.8107
-62.9883
-63.0007
-63.0156
-63.0395
-63.0637
-63.0883
-63.1132
-63.1384
-63.1640
-63.1899
-63.2161
-63.2425
-63.2693
-63.2965
-63.3239
-63.3517
-63.3797
-63.4080
-63.4367
-63.4657
-63.4949
-63.5245
-63.5543
-63.5845
-63.6149
-63.6456
-63.6766
-63.7079
-63.7395
-63.5049
-63.5403
-63.5759
-63.6118
-63.6479
-63.6841
-63.7206
-63.7574
-63.7943
-63.8315
-63.8689
-63.0393
-63.0605
-63.0840
-63.1078
-63.1319
-63.1563
-63.1810
-63.2060
-63.2314
-63.2571
-63.2830
-63.3093
-63.3359
-63.3629
-63.3900
-63.4175
-63.4454
-63.4734
-63.5019
-63.5306
-63.5595
-63.5888
-63.6184
-63.6482
-63.6784
-63.7089
-63.7396
-63.7706
-63.8018
-63.8334
-63.6006
-63.6359
-63.6715
-63.7073
-63.7433
-63.7795
-63.8159
-63.8525
-63.8894
-63.9265
-63.1049
-63.1278
-63.1512
-63.1748
-63.1987
-63.2230
-63.2475
-63.2724
-63.2976
-63.3231
-63.3489
-63.3750
-63.4014
-63.4280
-63.4550
-63.4823
-63.5099
-63.5378
-63.5659
-63.5944
-63.6232
-63.6522
-63.6815
-63.7111
-63.7410
-63.7712
-63.8016
-63.8324
-63.8634
-63.8947
-63.9263
-63.6952
-63.7306
-63.7661
-63.8018
-63.8377
-63.8739
-63.9102
-63.9468
-63.9836
-63.1708
-63.1938
-63.2170
-63.2405
-63.2643
-63.2885
-63.3129
-63.3376
-63.3627
-63.3879
-63.4135
-63.4395
-63.4656
-63.4922
-63.5190
-63.5461
-63.5734
-63.6011
-63.6291
-63.6573
-63.6858
-63.7146
-63.7437
-63.7730
-63.8027
-63.8327
-63.8629
-63.8934
-63.9242
-63.9552
-63.9865
-64.0182
-63.7889
-63.8241
-63.8596
-63.8953
-63.9312
-63.9674
-64.0038
-64.0404
-63.2354
-63.2583
-63.2815
-63.3049
-63.3287
-63.3527
-63.3770
-63.4016
-63.4265
-63.4516
-63.4770
-63.5028
-63.5288
-63.5552
-63.5818
-63.6087
-63.6359
-63.6633
-63.6911
-63.7191
-63.7475
-63.7761
-63.8049
-63.8341
-63.8635
-63.8932
-63.9233
-63.9535
-63.9841
-64.0149
-64.0460
-64.0774
-64.1090
-63.8816
-63.9169
-63.9524
-63.9882
-64.0241
-64.0603
-64.0967
-63.2986
-63.3214
-63.3445
-63.3679
-63.3915
-63.4155
-63.4398
-63.4642
-63.4890
-63.5140
-63.5394
-63.5649
-63.5908
-63.6170
-63.6435
-63.6703
-63.6973
-63.7246
-63.7521
-63.7800
-63.8081
-63.8366
-63.8653
-63.8942
-63.9235
-63.9530
-63.9827
-64.0128
-64.0432
-64.0738
-64.1048
-64.1359
-64.1674
-63.9386
-63.9736
-64.0090
-64.0446
-64.0804
-64.1165
-64.1529
-63.4944
-63.3833
-63.4063
-63.4296
-63.4532
-63.4771
-63.5012
-63.5256
-63.5503
-63.5752
-63.6005
-63.6259
-63.6517
-63.6778
-63.7041
-63.7307
-63.7576
-63.7847
-63.8121
-63.8399
-63.8678
-63.8961
-63.9246
-63.9534
-63.9824
-64.0118
-64.0414
-64.0713
-64.1016
-64.1321
-64.1628
-64.1939
-64.2252
-64.2568
-64.0299
-64.0651
-64.1006
-64.1364
-64.1725
-64.2089
-63.5536
-63.5752
-63.4666
-63.4899
-63.5135
-63.5373
-63.5614
-63.5857
-63.6104
-63.6353
-63.6604
-63.6857
-63.7115
-63.7374
-63.7636
-63.7901
-63.8168
-63.8438
-63.8711
-63.8987
-63.9265
-63.9546
-63.9830
-64.0117
-64.0406
-64.0698
-64.0993
-64.1291
-64.1592
-64.1895
-64.2202
-64.2511
-64.2824
-64.3139
-64.3459
-64.1210
-64.1566
-64.1923
-64.2285
-64.2650
-63.6116
-63.6332
-63.6549
-63.5489
-63.5724
-63.5962
-63.6203
-63.6445
-63.6690
-63.6939
-63.7191
-63.7444
-63.7700
-63.7958
-63.8220
-63.8483
-63.8749
-63.9019
-63.9290
-63.9565
-63.9843
-64.0123
-64.0405
-64.0691
-64.0979
-64.1270
-64.1564
-64.1861
-64.2161
-64.2464
-64.2771
-64.3080
-64.3393
-64.3709
-64.4028
-64.4352
-64.2125
-64.2484
-64.2847
-61.6178
-63.6681
-63.6897
-63.7115
-63.6066
-63.6300
-63.6538
-63.6778
-63.7021
-63.7266
-63.7514
-63.7764
-63.8017
-63.8273
-63.8531
-63.8792
-63.9055
-63.9320
-63.9589
-63.9860
-64.0134
-64.0410
-64.0690
-64.0972
-64.1257
-64.1544
-64.1835
-64.2129
-64.2426
-64.2725
-64.3028
-64.3335
-64.3645
-64.3959
-64.4277
-64.4598
-64.4923
-64.5253
-61.5559
-61.5960
-61.6361
-63.7231
-63.7447
-63.7667
-63.7888
-63.6864
-63.7101
-63.7341
-63.7583
-63.7829
-63.8077
-63.8327
-63.8579
-63.8835
-63.9092
-63.9353
-63.9616
-63.9881
-64.0149
-64.0420
-64.0693
-64.0970
-64.1248
-64.1530
-64.1815
-64.2102
-64.2393
-64.2687
-64.2984
-64.3285
-64.3590
-64.3897
-64.4209
-64.4526
-64.4845
-61.5897
-61.6285
-61.6673
-61.7060
-61.6136
-61.6536
-63.7767
-63.7985
-63.8204
-63.8427
-63.8651
-63.7652
-63.7892
-63.8134
-63.8379
-63.8627
-63.8877
-63.9129
-63.9385
-63.9643
-63.9903
-64.0165
-64.0432
-64.0700
-64.0971
-64.1244
-64.1520
-64.1799
-64.2081
-64.2367
-64.2655
-64.2946
-64.3242
-64.3540
-64.3843
-64.4150
-64.4460
-64.4776
-61.5287
-61.5674
-61.6062
-61.6449
-61.6836
-61.7223
-61.7611
-61.6704
-63.8289
-63.8507
-63.8729
-63.8952
-63.9177
-63.8189
-63.8429
-63.8672
-63.8918
-63.9165
-63.9416
-63.9668
-63.9924
-64.0182
-64.0442
-64.0705
-64.0972
-64.1240
-64.1512
-64.1786
-64.2063
-64.2343
-64.2626
-64.2913
-64.3203
-64.3497
-64.3795
-64.4096
-64.4402
-64.4712
-61.4668
-61.5056
-61.5443
-61.5830
-61.6218
-61.6605
-61.6992
-61.7379
-61.7766
-61.8153
-63.8796
-63.9016
-63.9238
-63.9463
-63.9689
-63.9918
-63.8954
-63.9197
-63.9444
-63.9691
-63.9943
-64.0196
-64.0452
-64.0710
-64.0972
-64.1235
-64.1502
-64.1772
-64.2045
-64.2321
-64.2599
-64.2881
-64.3167
-64.3456
-64.3749
-64.4046
-64.4348
-64.4654
-61.4040
-61.4428
-61.4816
-61.5204
-61.5591
-61.5979
-61.6366
-61.6753
-61.7140
-61.7527
-61.7914
-61.8301
