-84.0824
-83.6458
-83.6244
-83.5616
-81.8865
-80.8465
-77.3543
-77.2941
-77.1924
-77.1093
-77.0298
-80.1996
-81.1233
-81.7706
-81.4644
-81.7238
-81.9188
-82.2883
-82.3918
-82.4720
-82.5324
-82.5907
-82.6366
-82.6779
-82.7163
-88.7030
-87.8048
-87.2180
-84.4865
-86.6545
-85.6952
-84.8714
-83.1062
-82.8081
-81.8236
-77.3426
-77.2516
-77.1694
-77.0922
-79.7809
-80.6487
-80.9281
-81.3622
-81.3302
-81.5511
-81.7279
-82.0524
-82.1618
-82.2523
-82.3370
-82.4098
-82.4763
-89.0437
-88.1657
-87.3165
-86.8559
-85.9328
-87.3373
-86.3377
-85.4368
-84.6878
-81.7958
-87.6921
-85.1059
-77.1544
-77.0835
-77.2410
-77.1685
-79.1634
-79.8796
-80.4580
-80.9037
-81.2476
-81.2270
-81.4158
-81.5855
-81.7318
-82.0313
-82.1453
-82.2457
-82.3387
-89.1142
-88.2248
-87.5298
-86.7868
-86.3973
-85.6594
-87.8810
-86.7091
-85.7844
-85.0877
-84.5248
-85.1896
-80.5669
-86.9287
-77.4897
-77.3766
-77.0638
-76.9895
-78.9071
-79.5487
-80.0899
-80.5340
-80.8915
-81.1862
-81.1869
-81.3818
-81.5538
-81.7057
-82.0164
-82.1389
-82.2535
-88.2055
-87.2462
-86.5419
-86.0626
-85.7558
-85.2431
-88.1868
-87.0425
-86.1431
-85.4584
-86.7286
-84.5446
-77.1770
-77.0894
-77.0126
-76.9456
-79.3197
-79.8295
-80.2699
-80.6436
-80.9603
-81.2298
-81.2480
-81.4399
-81.6108
-81.7790
-81.9086
-82.1317
-82.1781
-82.2175
-88.5326
-87.1198
-86.1161
-85.4619
-83.2563
-83.2491
-83.2629
-88.5950
-87.2871
-86.3358
-85.5859
-84.9887
-86.2240
-84.9965
-83.1602
-77.2729
-77.4712
-77.4046
-77.1685
-79.4460
-79.9541
-80.3984
-80.7817
-81.1102
-81.3912
-81.6316
-81.3085
-81.4208
-81.5187
-81.6000
-81.6702
-81.8828
-81.9318
-81.9757
-89.5018
-87.0978
-83.2432
-83.1074
-83.0033
-82.9526
-82.9543
-82.9841
-88.4113
-87.2437
-86.3060
-85.5832
-85.0414
-85.8142
-86.6755
-77.5741
-77.3241
-77.2476
-77.1803
-79.2471
-79.7171
-80.1375
-80.5102
-80.8383
-81.1269
-80.9927
-81.1438
-81.1516
-81.2561
-81.3451
-81.4231
-81.4755
-81.5375
-81.7495
-81.7977
-81.8419
-83.1738
-83.0445
-82.9118
-82.7851
-82.6858
-82.6349
-82.6374
-82.6773
-88.5240
-88.2881
-87.1436
-86.2021
-85.4718
-86.0747
-86.3541
-77.4300
-77.3463
-77.2715
-77.2057
-79.1074
-79.5661
-80.3153
-80.6299
-80.2947
-80.5086
-80.6899
-80.8438
-80.9575
-80.9370
-81.0459
-81.1309
-81.2077
-81.2778
-81.3425
-81.5338
-81.5866
-81.6369
-81.6933
-82.6303
-82.5395
-82.4458
-82.3946
-82.3947
-82.4365
-88.7268
-87.5845
-86.6379
-85.8082
-85.2559
-89.6245
-86.9348
-85.2365
-84.7162
-81.3112
-77.5852
-77.5259
-77.4308
-77.3586
-79.6987
-80.0037
-79.7418
-79.9601
-80.1805
-80.3580
-80.5113
-80.6463
-80.7674
-80.7551
-80.8472
-80.9318
-81.0104
-81.0838
-81.1528
-81.3425
-81.4023
-81.4598
-81.5153
-82.2941
-82.2388
-82.1895
-82.1875
-82.2111
-89.2590
-88.0057
-87.0868
-86.3662
-85.7887
-87.3188
-85.9721
-77.6253
-77.5435
-77.4656
-77.3507
-78.9292
-79.2023
-79.4476
-79.6671
-79.8627
-80.0370
-80.1914
-80.3306
-80.4580
-80.5722
-80.5738
-80.6672
-80.7551
-80.8382
-80.9171
-80.9927
-81.0655
-81.2378
-81.3039
-81.3687
-81.4233
-81.9981
-81.9964
-82.0371
-89.0518
-89.3441
-88.3449
-87.5960
-86.5011
-85.4792
-86.0421
-86.2599
-86.0064
-77.7141
-77.6667
-77.4315
-76.9472
-78.6790
-78.9272
-79.1549
-79.3633
-79.5537
-79.7275
-79.8851
-80.0306
-80.1663
-80.2906
-80.4062
-80.4241
-80.5102
-80.6055
-80.6891
-80.7772
-80.8624
-80.9450
-81.1385
-81.1964
-79.5817
-79.4943
-79.4773
-79.7982
-90.8405
-89.2858
-86.6986
-84.9893
-84.1547
-81.9206
-81.9156
-85.9323
-86.1170
-77.7714
-77.0358
-76.9264
-76.8363
-78.4080
-78.6418
-78.8612
-79.0658
-79.2574
-79.4365
-79.5911
-79.7481
-79.8904
-80.0296
-80.1613
-80.2636
-78.8154
-78.7547
-78.7703
-78.8501
-78.9262
-78.9989
-79.0686
-79.1355
-79.2711
-79.3207
-79.3799
-79.4373
-81.7359
-81.6884
-81.6589
-81.6410
-86.0341
-85.9922
-83.6034
-79.7350
-76.8549
-76.7583
-76.6848
-76.6218
-78.3349
-78.5604
-78.7780
-78.9587
-77.7570
-77.8463
-77.9846
-78.1140
-78.2336
-78.3305
-78.4350
-78.5290
-78.5716
-78.6570
-78.7383
-78.8159
-78.8901
-78.9613
-79.0296
-79.0955
-79.2292
-79.2898
-79.3486
-81.3305
-81.2895
-81.2894
-81.2978
-81.3013
-81.3206
-84.4563
-82.2525
-81.5802
-79.0980
-75.6536
-75.6144
-75.6040
-75.6024
-76.8733
-77.0670
-77.2481
-77.4173
-77.5752
-77.7218
-77.8590
-77.9882
-78.1081
-78.2204
-78.3258
-78.4249
-78.5184
-78.5612
-78.6437
-78.7227
-78.7982
-78.8707
-78.9405
-79.0077
-79.0728
-79.2050
-79.2651
-80.5476
-80.7662
-80.9147
-80.9982
-81.0664
-78.6773
-78.6359
-78.6781
-78.6765
-78.6314
-78.5235
-78.3530
-77.3443
-75.5901
-75.5920
-75.5936
-75.5953
-76.7972
-76.9835
-77.1586
-77.3233
-77.4777
-77.6220
-77.7577
-77.8860
-78.0058
-78.1183
-78.2243
-78.3244
-78.4189
-78.5085
-78.5517
-78.6316
-78.7084
-78.7821
-78.8531
-78.9215
-78.9780
-79.0420
-79.1041
-77.7501
-78.0198
-78.1735
-78.2771
-78.3570
-78.4236
-78.4802
-78.5297
-78.4983
-78.4284
-78.3058
-78.1161
-77.3017
-75.5792
-75.5820
-75.5845
-75.5872
-75.7529
-76.9052
-77.0746
-77.2347
-77.3857
-77.5274
-77.6614
-77.7886
-77.9077
-78.0202
-78.1265
-78.2271
-78.3225
-78.4131
-78.4900
-78.5333
-78.6110
-78.6856
-78.7574
-78.8268
-78.8941
-78.9592
-79.0224
-77.3747
-77.7085
-77.9158
-78.0580
-78.1628
-78.2482
-78.3198
-78.3695
-78.3214
-78.2419
-78.1144
-77.6548
-77.2584
-75.7568
-75.5711
-75.5747
-75.5782
-75.5817
-76.8310
-76.9955
-77.1511
-77.2986
-77.4375
-77.5696
-77.6954
-77.8138
-77.9172
-78.0233
-78.1240
-78.2197
-78.3108
-78.3977
-78.4809
-78.5246
-78.6002
-78.6730
-78.7434
-78.8116
-78.8777
-78.9420
-77.0805
-77.4305
-77.6683
-77.8391
-77.9685
-78.0720
-78.1477
-78.2051
-78.1538
-78.0710
-77.9471
-77.5404
-77.2146
-76.8143
-75.5593
-75.5638
-75.5683
-75.5728
-76.7613
-76.9206
-77.0643
-77.2080
-77.3439
-77.4736
-77.5976
-77.7148
-77.8261
-77.9154
-78.0159
-78.1116
-78.2029
-78.2903
-78.3740
-78.4543
-78.4982
-78.5716
-78.6427
-78.7116
-78.7785
-78.8435
-76.8340
-77.1467
-77.3773
-77.6090
-77.7458
-77.8568
-77.9502
-78.0277
-77.9770
-77.8975
-77.7832
-77.4287
-77.1564
-76.8292
-75.5372
-75.5370
-75.5423
-75.5476
-76.6753
-76.8289
-76.9753
-77.1151
-77.2480
-77.3751
-77.4971
-77.6127
-77.7229
-77.8281
-77.9283
-78.0242
-78.1159
-78.2038
-78.2881
-78.3691
-78.4471
-78.4913
-78.5631
-78.6328
-78.7005
-78.7662
-76.7969
-76.9513
-77.1483
-77.3653
-77.5124
-77.6334
-77.7361
-77.8254
-77.7843
-77.6999
-77.5971
-77.3162
-77.1035
-76.8301
-75.5179
-75.5245
-75.5307
-75.5370
-75.5780
-76.7614
-76.9038
-77.0403
-77.1704
-77.2953
-77.4156
-77.5299
-77.6393
-77.7438
-77.8438
-77.9396
-78.0314
-78.1196
-78.2044
-78.2861
-78.3647
-78.4407
-78.4852
-78.5555
-78.6239
-78.6904
-76.6527
-76.7839
-76.9754
-77.1050
-77.2096
-77.4658
-77.5756
-77.6718
-77.6500
-77.5809
-77.3836
-77.2351
-77.0585
-76.8263
-75.5946
-75.5113
-75.5184
-75.5255
-75.5325
-76.6966
-76.8356
-76.9689
-77.0962
-77.2189
-77.3373
-77.4503
-77.5586
-77.6624
-77.7621
-77.8577
-77.9496
-78.0380
-78.1231
-78.2052
-78.2845
-78.3610
-78.4351
-78.4799
-78.5489
-78.6161
-76.4754
-76.6504
-76.8035
-76.9378
-77.0571
-77.1645
-77.4322
-77.5338
-77.5345
-77.4711
-77.2841
-77.1588
-77.0071
-76.8138
-76.5910
-75.4974
-75.5055
-75.5135
-75.5213
-76.6349
-76.7704
-76.8999
-77.0251
-77.1456
-77.2623
-77.3738
-77.4810
-77.5841
-77.6831
-77.7784
-77.8702
-77.9587
-78.0440
-78.1264
-78.2060
-78.2831
-78.3578
-78.4303
-78.4753
-78.5431
-76.3222
-76.4974
-76.6521
-76.7894
-76.9125
-77.0237
-77.1254
-77.4016
-77.4275
-77.3695
-77.1971
-77.0871
-76.9552
-76.7949
-76.6020
-75.4826
-75.4921
-75.5008
-75.5095
-76.5759
-76.7078
-76.8343
-76.9570
-77.0752
-77.1900
-77.3001
-77.4061
-77.5083
-77.6067
-77.7016
-77.7932
-77.8815
-77.9670
-78.0496
-78.1296
-78.2072
-78.2823
-78.3553
-78.4263
-78.4715
-76.1430
-76.3195
-76.4773
-76.6189
-76.7468
-76.8630
-76.9694
-77.0674
-77.3043
-77.2535
-77.0952
-77.0191
-76.9041
-76.7713
-76.6039
-75.4676
-75.4776
-75.4873
-75.4969
-75.5138
-76.6472
-76.7713
-76.8914
-77.0075
-77.1206
-77.2290
-77.3339
-77.4351
-77.5328
-77.6272
-77.7185
-77.8068
-77.8922
-77.9749
-78.0551
-78.1329
-78.2085
-78.2819
-78.3534
-78.4230
-76.0082
-76.1824
-76.3398
-76.4825
-76.6125
-76.7313
-76.8406
-76.9417
-77.0359
-77.1240
-77.0170
-76.9337
-76.8342
-76.7194
-76.5812
-75.4516
-75.4501
-75.4605
-75.4708
-75.4809
-76.5719
-76.7103
-76.8280
-76.9419
-77.0535
-77.1605
-77.2641
-77.3643
-77.4613
-77.5551
-77.6460
-77.7340
-77.8194
-77.9022
-77.9825
-78.0606
-78.1364
-78.2102
-78.2822
-78.3522
-75.8830
-76.0542
-76.2103
-76.3531
-76.4842
-76.6048
-76.7164
-76.8200
-76.9168
-77.0064
-76.9423
-76.8696
-76.7829
-76.6830
-76.5698
-76.4294
-75.4352
-75.4465
-75.4577
-75.4687
-76.5167
-76.6346
-76.7493
-76.8607
-76.9695
-77.0744
-77.1761
-77.2748
-77.3703
-77.4629
-77.5528
-77.6400
-77.7485
-77.8313
-77.9116
-77.9899
-78.0659
-78.1401
-78.2124
-78.2828
-75.7664
-75.9340
-76.0882
-76.2305
-76.3619
-76.4837
-76.5969
-76.7025
-76.8014
-76.8939
-76.8700
-76.8068
-76.7314
-76.6444
-76.5465
-76.4301
-75.4197
-75.4321
-75.4440
-75.4558
-76.4633
-76.5788
-76.6912
-76.8005
-76.9076
-77.0111
-77.1116
-77.2091
-77.3038
-77.3958
-77.4852
-77.5720
-77.6564
-77.7385
-77.8184
-77.8962
-77.9720
-78.0460
-78.1180
-78.1884
-75.6573
-75.8210
-75.9729
-76.1141
-76.2453
-76.3676
-76.4819
-76.5890
-76.6896
-76.7840
-76.8000
-76.7451
-76.6798
-76.6041
-76.5187
-76.4244
-75.4037
-75.4169
-75.4298
-75.4424
-75.4619
-76.5246
-76.6349
-76.7424
-76.8477
-76.9497
-77.0490
-77.1455
-77.2394
-77.3306
-77.4194
-77.5059
-77.5900
-77.6720
-77.7517
-77.8296
-77.9054
-77.9795
-78.0518
-78.1225
-75.5547
-75.7145
-75.8639
-76.0035
-76.1341
-76.2565
-76.3714
-76.4795
-76.5815
-76.6775
-76.7318
-76.6846
-76.6282
-76.5625
-76.4881
-76.4057
-75.3872
-75.4014
-75.4150
-75.4285
-75.4417
-76.4722
-76.5804
-76.6860
-76.7898
-76.9007
-76.9988
-77.0944
-77.1875
-77.2783
-77.3667
-77.4528
-77.5367
-77.6186
-77.6985
-77.7763
-77.8524
-77.9266
-77.9992
-78.0702
-75.4580
-75.6139
-75.7606
-75.8985
-76.0282
-76.1502
-76.2653
-76.3741
-76.4766
-76.5855
-76.6765
-76.6362
-76.5877
-76.5307
-76.4658
-76.3936
-76.3143
-75.3934
-75.4079
-75.4222
-75.4362
-76.4312
-76.5376
-76.6417
-76.7441
-76.8434
-76.9403
-77.0349
-77.1271
-77.2171
-77.3049
-77.3906
-77.4741
-77.5557
-77.6354
-77.7132
-77.7893
-77.8636
-77.9363
-78.0074
-75.3762
-75.5286
-75.6727
-75.8089
-75.9376
-76.0594
-76.1746
-76.2840
-76.3874
-76.4861
-76.5803
-76.5782
-76.5368
-76.4881
-76.4321
-76.3693
-76.3049
-75.3818
-75.3973
-75.4123
-75.4271
-76.3876
-76.4922
-76.5946
-76.6955
-76.7936
-76.8893
-76.9829
-77.0743
-77.1637
-77.2509
-77.3361
-77.4193
-77.5006
-77.5801
-77.6579
-77.7339
-77.8081
-77.8807
-77.9518
-75.2904
-75.4391
-80.0772
-79.1401
-78.8524
-78.7288
-78.6003
-80.4325
-79.2029
-76.4103
-76.3545
-76.2933
-75.3703
-75.3863
-75.4020
-75.4174
-75.4393
-76.4476
-76.5484
-76.6478
-76.7445
-76.8391
-76.9318
-77.0223
-77.1109
-77.1975
-77.2821
-77.3650
-77.4459
-77.5249
-77.6024
-77.6781
-77.7475
-77.8201
-77.8914
-75.1817
-75.3629
-84.6760
-80.4763
-79.8327
-79.5632
-79.9157
-79.1478
-78.7555
-77.0031
-76.9209
-76.8578
-76.8091
-76.7708
-78.1026
-78.1880
-78.2774
-78.3682
-78.4604
-78.5532
-78.6459
-77.0549
-77.1406
-77.2246
-77.3067
-77.3873
-77.4660
-77.5432
-77.6189
-77.6930
-77.7656
-77.8370
-76.7223
-76.9318
-77.0969
-79.1579
-77.0519
-85.2570
-80.9030
-80.5696
-80.3495
-79.9303
-79.4758
-79.0170
-77.2953
-77.1996
-77.1221
-77.0054
-78.3130
-78.3803
-78.4528
-78.5273
-78.6042
-78.6825
-78.7618
-78.8418
-78.9219
-79.0022
-79.0822
-79.1618
-79.2409
-79.3193
-79.3970
-79.4738
-79.5499
-79.6249
-75.5567
-76.9871
-77.1339
-78.7189
-79.0864
-79.5566
-80.1344
-82.2859
-82.2862
-80.0311
-87.1966
-81.0547
-80.5810
-79.4077
-77.5435
-77.4376
-77.3475
-77.2707
-78.6485
-78.6980
-78.7544
-78.7370
-78.8017
-78.8279
-78.8978
-78.9686
-79.0402
-79.1120
-79.1841
-79.2561
-79.3278
-79.3992
-79.4702
-79.5406
-79.6105
-79.6798
-75.6928
-77.0834
-77.2168
-78.3399
-78.8836
-79.1320
-79.2643
-79.6052
-79.6323
-85.0758
-81.0082
-80.6580
-80.2480
-77.7466
-77.6383
-77.5437
-77.4610
-77.3987
-78.8971
-78.9448
-78.9955
-79.0497
-79.1066
-79.1657
-79.2268
-79.2083
-79.2283
-79.2944
-79.3605
-79.4266
-79.4926
-79.5583
-79.6237
-79.6887
-79.7533
-75.5720
-76.8924
-77.0630
-77.2199
-78.5019
-78.8471
-79.0660
-79.2247
-79.3488
-85.5637
-84.3886
-82.9467
-80.6172
-80.2757
-78.1411
-77.8078
-77.7137
-77.6282
-77.5524
-79.0748
-79.1182
-79.1640
-79.2127
-79.2637
-79.3166
-79.3714
-79.4274
-79.4847
-79.5429
-79.6019
-79.5760
-79.6365
-79.6507
-79.7121
-79.7732
-79.8340
-75.5664
-76.7654
-76.8866
-77.0434
-78.1039
-78.4722
-78.7230
-78.9123
-86.6325
-84.8938
-83.9095
-82.7872
-80.5625
-80.2420
-79.9064
-78.0659
-77.8679
-77.7754
-77.6990
-79.2309
-79.2638
-79.3078
-79.3543
-79.4026
-79.4525
-79.5038
-79.5561
-79.6093
-79.6632
-79.7178
-79.7729
-79.8283
-79.8839
-79.9398
-79.9068
-79.9634
-76.1567
-76.0881
-77.5237
-77.6124
-77.8385
-78.1431
-78.4082
-82.1917
-82.7240
-85.2123
-84.3873
-83.5338
-82.6070
-80.4892
-80.1845
-79.8794
-78.0235
-77.9677
-77.9175
-77.8144
-79.3476
-79.3912
-79.4351
-79.4804
-79.5270
-79.5747
-79.6234
-79.6731
-79.7235
-79.7744
-79.8259
-79.8777
-79.9298
-79.9822
-80.0346
-80.0871
-80.1396
-76.1691
-76.0701
-77.4347
-77.4999
-77.5818
-78.6580
-78.7519
-82.6206
-85.4860
-84.7102
-83.9527
-83.1907
-82.4022
-80.3896
-80.0937
-79.8097
-77.9652
-77.8959
-77.8459
-77.8013
-77.7716
-79.3981
-79.4777
-79.5579
-79.6353
-79.6851
-79.7325
-79.7806
-79.8293
-79.8783
-79.9277
-79.9774
-80.0272
-80.0771
-80.1271
-80.1770
-80.2270
