-63.9893
-63.9789
-63.9694
-63.5850
-63.5609
-63.5570
-63.5343
-63.5120
-63.4897
-63.4679
-63.8807
-63.8772
-63.8591
-63.8309
-63.8030
-63.7704
-63.7430
-63.7158
-63.3021
-63.2737
-63.2008
-63.1890
-63.1829
-63.1721
-63.5929
-63.6144
-63.6585
-63.6789
-63.6985
-63.6916
-63.7095
-63.6943
-63.3431
-63.3143
-63.2976
-63.2818
-63.2673
-63.2498
-63.2380
-63.2330
-63.7324
-63.4111
-63.6741
-63.6716
-63.6480
-63.6226
-63.6003
-63.5783
-63.5566
-63.5351
-63.9634
-63.9612
-63.9429
-63.9150
-63.8872
-63.8548
-63.8276
-63.8007
-63.3637
-63.3205
-63.3010
-63.2851
-63.2700
-63.2140
-63.6448
-63.6683
-63.6910
-63.7129
-63.7570
-63.7780
-63.7924
-63.7728
-63.4074
-63.3839
-63.3681
-63.3533
-63.3397
-63.3216
-63.3132
-63.3110
-63.4269
-63.4498
-63.4525
-63.4545
-63.4558
-63.6874
-63.6655
-63.6439
-63.6225
-63.6015
-64.0456
-64.0447
-64.0261
-63.9982
-63.9706
-63.9382
-63.9112
-63.8348
-63.3893
-63.3727
-63.3535
-63.3381
-63.3234
-63.3093
-63.7580
-63.7739
-63.7707
-63.7897
-63.8135
-63.8366
-63.8680
-63.8542
-63.4678
-63.4549
-63.4402
-63.4263
-63.4136
-63.3963
-63.3899
-63.3903
-63.4654
-63.4693
-63.4726
-63.4754
-63.4777
-63.4770
-63.4787
-63.4867
-63.6874
-63.6668
-64.1271
-64.1074
-64.0879
-64.0599
-64.0321
-63.9994
-63.9441
-63.9170
-63.4586
-63.4428
-63.4241
-63.4094
-63.3954
-63.3822
-63.8520
-63.8703
-63.8880
-63.9050
-63.9216
-63.9232
-63.9207
-63.9074
-63.5139
-63.5190
-63.5048
-63.4918
-63.4802
-63.4647
-63.4600
-63.4630
-63.4852
-63.4894
-63.4932
-63.4966
-63.4996
-63.4997
-63.4863
-63.4880
-63.4889
-63.4894
-64.1876
-64.1891
-64.1688
-64.1408
-64.0855
-64.0523
-64.0249
-63.9978
-63.5265
-63.5111
-63.4931
-63.4790
-63.4658
-63.4532
-63.9451
-63.9659
-63.9859
-64.0052
-64.0240
-64.0422
-64.0286
-64.0062
-63.5810
-63.5616
-63.5478
-63.5546
-63.5420
-63.5296
-63.5268
-59.9342
-64.1507
-64.1204
-63.4997
-63.5030
-63.5060
-63.5063
-63.5092
-63.5116
-63.5135
-63.5149
-63.9984
-64.0224
-64.0230
-64.1931
-64.1651
-64.1318
-64.1044
-64.0774
-63.5926
-63.5779
-63.5604
-63.5470
-63.5343
-64.0132
-64.0373
-64.0605
-64.0829
-64.1046
-64.1256
-64.1459
-64.1240
-64.1016
-63.6713
-63.6487
-63.6272
-63.6013
-63.5846
-63.5915
-63.5907
-63.6011
-64.2370
-64.1977
-64.1613
-64.1292
-63.5289
-63.5292
-63.5325
-63.5354
-63.5377
-63.5399
-64.0359
-64.0364
-64.0365
-64.0299
-64.0228
-64.0095
-64.1822
-64.1619
-63.6569
-63.6427
-63.6258
-63.6129
-63.6009
-64.1017
-64.1284
-64.1543
-64.1791
-64.2031
-64.2264
-64.2407
-64.2175
-64.1980
-63.7496
-63.7268
-63.7054
-63.6835
-63.7012
-63.6843
-63.6768
-63.6876
-64.3245
-64.2837
-64.2451
-64.2084
-64.1739
-64.1392
-64.1148
-63.5595
-63.5621
-63.5646
-64.0490
-64.0757
-64.0753
-64.0693
-64.0627
-64.0499
-64.0423
-64.0408
-63.7191
-63.7054
-63.6890
-63.6767
-63.6652
-64.1889
-64.2184
-64.2468
-64.2742
-64.3007
-64.3262
-64.3325
-64.3090
-63.8783
-63.8267
-63.8369
-63.8167
-63.7958
-63.7802
-63.7644
-63.7627
-63.7752
-64.4087
-64.3672
-64.3276
-64.2900
-64.2542
-64.2173
-64.1858
-64.1560
-64.1047
-63.5684
-64.0870
-64.1151
-64.1138
-64.1082
-64.1020
-64.0895
-64.0824
-64.0816
-63.5899
-63.5925
-63.5916
-63.7386
-63.7276
-64.2751
-64.3073
-64.3384
-64.3683
-64.3972
-64.4260
-64.4584
-64.4358
-63.9760
-63.9350
-63.9132
-63.8925
-63.8716
-63.8560
-63.8404
-63.8410
-63.8564
-64.4890
-64.4469
-64.4068
-64.3686
-64.3322
-64.2945
-64.2623
-64.2080
-64.1781
-64.7253
-64.7252
-64.1549
-64.1525
-64.1468
-64.1353
-64.1284
-64.1214
-64.1212
-63.6197
-63.6231
-63.6233
-63.6268
-63.6308
-64.1967
-64.3963
-64.4624
-64.4966
-64.5296
-64.5616
-64.5496
-64.5305
-64.0447
-64.0085
-63.9853
-63.9611
-63.9418
-63.9262
-63.9121
-63.9158
-63.9352
-64.5652
-64.5228
-64.4823
-64.4437
-64.4069
-64.3454
-64.3126
-64.2812
-64.2509
-64.8189
-64.8195
-64.8207
-64.7840
-64.7464
-64.1734
-64.1668
-64.1600
-64.1600
-63.6483
-63.6525
-63.6572
-63.6833
-63.6892
-64.2818
-64.3354
-64.3873
-64.4440
-64.6282
-64.6624
-64.6382
-64.6174
-64.1081
-64.0767
-64.0529
-64.0283
-64.0089
-63.9937
-63.9813
-63.9893
-64.0121
-64.6374
-64.5949
-64.5541
-64.5152
-64.4549
-64.4103
-64.3830
-64.3513
-64.3206
-64.9101
-64.9117
-64.9140
-64.8746
-64.8360
-64.7914
-64.7554
-64.1980
-63.7168
-63.7005
-63.7062
-63.7122
-63.7147
-63.7214
-64.3370
-64.3937
-64.4483
-64.5011
-64.5522
-64.5899
-64.7226
-64.7013
-64.1677
-64.1421
-64.1177
-64.0927
-64.0730
-64.0584
-64.0485
-64.0605
-64.0871
-64.7056
-64.6630
-64.5992
-64.5600
-64.5226
-64.4775
-64.4502
-64.4183
-64.3873
-64.9986
-65.0015
-65.0036
-64.9628
-64.9243
-64.9070
-64.8703
-64.8347
-64.2010
-63.7293
-63.7353
-63.7418
-63.7444
-63.7512
-64.3899
-64.4493
-64.5069
-64.5626
-64.6168
-64.6434
-64.6369
-64.6254
-64.1045
-64.2047
-64.1770
-64.1541
-64.1343
-64.1206
-64.1137
-64.1300
-64.1602
-64.7965
-64.7295
-64.6636
-64.6243
-64.5868
-64.5413
-64.5139
-64.4819
-64.4508
-65.0854
-65.1178
-65.1204
-65.0793
-65.0393
-64.9927
-64.9549
-64.9271
-64.2640
-64.2472
-64.2323
-64.2218
-63.7717
-63.8172
-64.4420
-64.5046
-64.5651
-64.6240
-64.6806
-64.6952
-64.6880
-64.6761
-64.1412
-64.1268
-64.1107
-64.0990
-64.1928
-64.1803
-59.8636
-64.1978
-64.2306
-64.8352
-64.7913
-64.7491
-64.6851
-64.6475
-64.6023
-64.5985
-64.5670
-64.5364
-65.1983
-65.2048
-65.2068
-65.1647
-65.1233
-65.0749
-65.0355
-65.0065
-64.3235
-64.3064
-64.2908
-64.2767
-64.2601
-64.9445
-64.4943
-64.5600
-64.6236
-64.6850
-64.7445
-64.7450
-64.7371
-64.7245
-64.1754
-64.1605
-64.1442
-64.1325
-64.1243
-64.1248
-64.2383
-64.2640
-64.3000
-64.8929
-64.8496
-64.8308
-64.7910
-64.7294
-64.6838
-64.6575
-64.6259
-64.5953
-65.2809
-65.2885
-65.2894
-65.2458
-65.2032
-65.1534
-65.1129
-65.0830
-64.3802
-64.3630
-64.3473
-64.3330
-64.3156
-65.0291
-65.0870
-65.1444
-64.6821
-64.7465
-64.8050
-64.7972
-64.7842
-64.7709
-64.2072
-64.1890
-64.1751
-64.1632
-64.1558
-64.1587
-64.1746
-64.2142
-64.2626
-64.9713
-64.9283
-64.8870
-64.8474
-64.8093
-64.7622
-64.7127
-64.6808
-64.6498
-65.3593
-65.3687
-65.3687
-65.3241
-65.2803
-65.2291
-65.1875
-65.1568
-64.4340
-64.4168
-64.4010
-64.3867
-64.3692
-65.1161
-65.1777
-65.2364
-65.2931
-65.3480
-65.3815
-64.8439
-64.8298
-64.2827
-64.2369
-64.2180
-64.2035
-64.1914
-64.1852
-64.1909
-64.2123
-64.2556
-64.3076
-64.9769
-64.9644
-64.9393
-64.8995
-64.8612
-64.8138
-64.7866
-64.7320
-64.7009
-65.4351
-65.4462
-65.4453
-65.3995
-65.3547
-65.3021
-65.2593
-65.2278
-64.4849
-64.4677
-64.4519
-64.4377
-64.4201
-65.2027
-65.2684
-65.3311
-65.3904
-65.4469
-65.4576
-65.4257
-65.3911
-64.2972
-64.2644
-64.2447
-64.2296
-64.2172
-64.2121
-64.2219
-64.2489
-64.2962
-64.3509
-64.5303
-64.5266
-64.5224
-64.9435
-64.9096
-64.8620
-64.8351
-64.8024
-64.7489
-65.5082
-65.5210
-65.5191
-65.4722
-65.4263
-65.3722
-65.3283
-65.2958
-64.5328
-64.5156
-64.4999
-64.4857
-64.4684
-65.2882
-65.3589
-65.4256
-65.4885
-65.5480
-65.5430
-65.5020
-65.4618
-64.7712
-64.7237
-64.2694
-64.2534
-64.2415
-64.2372
-64.2520
-64.2838
-64.2886
-64.3442
-64.5349
-64.5317
-64.5282
-64.5243
-64.5202
-64.5057
-64.8804
-64.8479
-64.8160
-65.6043
-65.5933
-65.5903
-65.5422
-65.4950
-65.4395
-65.3943
-65.3609
-64.5778
-64.5607
-64.5450
-64.5311
-64.5135
-65.3734
-65.4489
-65.5200
-65.5870
-65.6499
-65.6213
-65.5777
-65.5344
-64.8114
-64.7687
-64.7322
-64.6995
-64.6747
-64.2611
-64.2371
-64.2730
-64.3266
-64.3846
-64.5381
-64.5355
-64.5325
-64.5291
-64.5256
-64.5115
-64.5154
-64.5125
-64.5088
-65.6727
-65.6889
-65.6586
-65.6093
-65.5610
-65.5038
-65.4689
-65.4231
-64.6198
-64.6027
-64.5874
-64.5732
-64.5560
-65.4576
-65.5385
-65.6146
-65.6858
-65.7377
-65.6973
-65.6510
-65.6049
-64.8548
-64.8136
-64.7746
-64.7392
-64.6640
-64.6507
-64.6671
-64.3071
-64.3636
-64.4240
-64.5399
-64.5378
-64.5352
-64.5324
-64.5294
-64.5156
-64.5201
-64.5177
-64.5145
-65.3075
-65.3529
-65.7500
-65.6738
-65.6241
-65.5654
-65.5294
-65.4823
-64.6589
-64.6421
-64.6266
-64.6127
-64.6376
-65.5416
-65.6284
-65.7095
-65.7853
-65.8198
-65.7706
-65.7215
-65.6726
-64.8989
-64.8103
-64.7689
-64.7320
-64.7021
-64.6918
-64.7122
-64.7498
-64.8035
-64.4623
-64.5404
-64.5386
-64.5365
-64.5341
-64.5204
-64.5181
-64.5232
-64.5213
-64.5185
-65.3296
-65.3773
-65.3975
-65.3764
-65.3545
-65.6241
-65.5870
-65.5385
-64.6952
-64.6782
-64.6631
-64.6491
-65.5402
-65.6255
-65.7186
-65.8053
-65.8856
-65.8932
-65.8412
-65.7892
-65.6838
-64.8946
-64.8491
-64.8061
-64.7678
-64.7387
-64.7337
-64.7610
-64.8023
-64.8567
-64.9108
-64.5395
-64.5381
-64.5364
-64.5343
-64.5209
-64.5189
-64.5246
-64.5231
-64.5208
-65.3503
-65.4001
-65.4190
-65.3975
-65.3751
-65.3423
-65.3090
-64.4931
-64.7285
-64.7117
-64.6964
-64.6825
-65.6175
-65.7099
-65.8097
-65.9020
-65.9937
-65.9640
-65.8557
-65.8001
-65.7400
-64.9320
-64.8846
-64.8405
-64.8005
-64.7734
-64.7744
-64.8095
-64.8549
-64.9115
-64.9435
-64.5372
-64.5362
-64.5348
-64.5331
-64.5198
-64.5182
-64.5243
-64.5233
-64.5213
-65.3694
-65.4215
-65.4387
-65.4167
-65.3937
-65.3601
-65.3480
-64.4966
-64.4979
-64.4997
-64.5022
-64.7131
-65.6948
-65.7950
-65.9020
-65.9491
-66.0363
-65.9784
-65.9198
-65.8610
-65.0665
-64.9661
-64.9166
-64.8708
-64.8303
-64.8062
-64.8156
-64.8576
-64.9065
-64.9658
-64.9745
-64.5337
-64.5329
-64.5317
-64.5303
-64.5172
-64.5159
-64.5225
-64.5218
-64.5202
-65.3870
-65.4414
-65.4567
-65.4341
-65.4105
-65.3762
-65.3631
-64.5157
-64.5168
-64.5020
-64.5049
-64.5086
-65.5005
-65.5771
-65.9460
-66.0485
-66.1046
-66.0431
-65.9810
-65.9186
-65.0807
-64.9967
-64.9461
-64.8976
-64.8571
-64.8367
-64.8564
-64.9045
-64.9571
-65.0190
-65.0026
-64.5288
-64.5283
-64.5273
-64.5262
-64.5131
-64.5121
-64.5191
-64.5187
-64.5173
-65.4031
-65.4598
-65.4730
-65.4497
-65.4255
-65.3899
-65.3766
-64.5153
-64.5167
-64.5189
-64.4730
-64.4759
-65.5032
-65.6312
-65.7637
-65.8923
-66.1703
-66.1050
-66.0393
-65.9679
-65.0901
-65.0238
-64.9710
-64.9210
-64.8812
-59.5132
-64.8965
-64.9503
-65.0064
-65.0613
-65.0278
-64.5226
-64.5223
-64.5215
-64.5206
-64.5075
-64.5067
-64.5140
-64.5139
-64.5128
-65.4177
-65.4767
-65.4876
-65.4637
-65.4385
-65.4147
-65.3877
-64.5128
-64.4828
-64.4848
-64.4874
-64.4756
-65.5508
-65.6877
-65.8278
-65.9629
-65.9542
-65.9081
-65.8599
-66.0192
-65.1058
-65.0488
-64.9923
-64.9410
-64.9029
-64.8977
-64.9359
-64.9950
-65.0546
-65.0838
-65.0501
-64.5152
-64.5149
-64.5144
-64.5135
-64.5005
-64.4998
-64.5074
-64.5075
-64.5066
-65.4309
-65.4925
-65.5008
-65.4757
-65.4497
-65.4247
-65.3591
-64.4774
-64.4789
-64.4812
-64.4842
-64.4975
-65.6215
-65.7474
-65.8955
-66.0299
-65.9832
-65.9340
-65.8826
-65.8252
-64.9460
-64.9017
-65.0102
-64.9579
-64.9220
-64.9277
-64.9748
-65.0386
-65.1016
-65.1029
-65.0696
-64.5064
-64.5063
-64.5058
-64.5051
-64.4920
-64.4915
-64.4993
-64.4996
-64.4987
-65.4430
-65.5067
-65.5120
-65.4504
-65.4221
-65.3956
-65.3660
-64.4712
-64.4730
-64.4756
-64.4789
-64.5281
-65.6760
-65.8322
-65.9749
-66.0600
-66.0100
-65.9575
-65.8976
-65.8420
-64.9444
-64.8977
-64.8520
-64.8135
-64.7947
-64.9579
-65.0129
-65.0811
-65.1475
-65.1188
-65.0862
-64.4964
-64.4963
-64.4959
-64.4952
-64.4820
-64.4816
-64.4896
-64.4901
-64.4896
-65.4534
-65.4843
-65.4859
-65.4582
-65.4294
-65.4016
-65.3707
-64.4632
-64.4653
-64.4681
-64.4717
-65.5283
-65.7347
-65.9016
-66.0745
-66.0882
-66.0348
-65.9787
-65.9154
-65.8559
-64.9409
-64.8908
-64.8439
-64.8046
-64.7941
-64.8338
-64.9050
-64.9859
-65.1743
-65.1315
-65.0908
-64.4852
-64.4851
-64.4847
-64.4840
-64.4707
-64.4702
-64.4785
-64.4791
-64.4517
-65.4283
-65.4960
-65.4938
-65.4649
-65.4238
-65.4057
-65.3734
-64.4533
-64.4557
-64.4587
-64.4626
-65.5764
-65.7994
-65.9777
-66.1595
-66.1362
-66.0786
-65.9919
-65.9305
-65.8668
-64.9332
-64.8810
-64.8328
-64.7951
-64.7941
-64.8456
-64.9229
-65.0077
-65.0384
-65.0641
-65.1866
-64.4723
-64.4725
-64.4720
-64.4714
-64.4579
-64.4325
-64.4402
-64.4403
-64.4392
-65.4363
-65.5062
-65.5000
-65.4698
-65.4266
-65.4079
-65.3741
-64.4417
-64.4441
-64.4474
-64.4515
-65.6306
-65.8721
-66.0701
-66.2192
-66.1612
-66.0994
-66.0289
-65.9429
-65.8814
-64.9227
-64.8685
-64.8190
-64.7842
-64.7950
-64.8576
-64.9404
-65.0799
-65.0783
-65.0468
-66.0675
-64.4578
-64.4585
-64.4582
-64.4329
-64.4189
-64.4182
-64.4262
-64.4262
-64.4254
-65.4427
-65.5152
-65.5047
-65.4730
-65.4281
-65.4080
-65.3726
-64.4281
-64.4309
-64.4342
-64.4385
-65.6931
-65.9549
-66.1657
-66.2466
-66.1845
-65.9789
-66.0435
-65.9721
-65.0136
-64.9094
-64.8530
-64.8015
-64.7726
-64.7973
-64.8696
-65.0023
-65.0947
-65.0580
-65.0167
-66.0708
-64.4420
-64.4190
-64.4188
-64.4177
-64.4036
-64.4027
-64.4107
-64.4109
-64.4098
-65.4480
-65.5230
-65.5079
-65.4746
-65.4422
-65.4062
-64.4356
-64.4129
-64.4157
-64.4193
-64.4236
-65.7682
-66.0512
-66.2960
-66.2728
-66.2061
-66.0217
-66.0557
-65.9844
-64.9815
-64.9081
-64.8346
-64.7831
-64.7611
-64.8398
-64.9210
-65.0136
-65.0802
-65.0348
-64.9960
-66.0849
-64.9277
-64.4020
-64.4016
-64.4013
-64.3867
-64.3857
-64.3939
-64.3938
-64.3928
-65.4521
-65.5297
-65.5095
-65.4744
-65.4402
-65.4024
-64.3936
-64.3958
-64.3987
-64.4026
-64.4069
-65.8584
-66.1737
-66.3879
-66.2979
-66.2263
-66.0733
-66.0655
-65.9883
-64.9533
-64.8888
-64.8262
-64.7977
-59.0283
-64.8398
-64.9280
-65.0245
-65.0549
-65.0089
-66.1121
-66.0829
-64.9361
-64.9068
-64.8831
-64.3826
-64.3685
-64.3674
-64.3755
-64.3753
-64.3741
-65.4549
-65.5353
-65.5096
-65.4726
-65.4365
-65.3967
-64.3748
-64.3770
-64.3801
-64.3839
-64.3884
-65.9710
-66.3108
-66.4180
-66.3221
-65.9951
-66.1276
-66.0789
-65.9892
-64.9341
-64.8667
-64.8341
-64.7854
-64.7723
-64.8407
-64.9350
-65.0354
-65.0265
-64.9702
-66.1104
-66.0784
-64.9493
-64.9160
-64.8854
-64.8586
-64.3485
-64.3477
-64.3556
-64.3554
-64.3541
-65.4567
-65.5398
-65.5081
-65.4691
-65.4310
-65.3890
-64.3542
-64.3565
-64.3595
-64.3636
-64.4109
-66.1156
-66.4771
-66.4479
-66.3454
-66.0399
-66.1696
-66.0841
-65.9867
-64.9419
-64.8705
-64.8035
-64.7582
-64.7752
-64.8560
-64.9422
-65.0461
-64.9956
-64.9409
-66.1213
-66.0712
-64.9617
-64.9264
-64.8931
-64.8622
-64.8189
-64.7952
-64.3344
-64.3340
-64.3325
-65.4573
-65.5433
-65.5051
-65.4640
-65.4236
-65.3794
-64.3319
-64.3343
-64.3374
-64.3413
-65.7689
-66.3169
-66.6789
-66.4778
-66.3680
-66.0955
-66.1800
-66.1226
-66.0152
-64.9132
-64.8370
-64.7705
-64.7312
-64.7671
-64.8584
-64.9635
-65.0143
-64.9619
-64.9110
-66.1154
-65.9293
-64.9403
-64.9291
-64.9004
-64.8512
-64.8210
-64.7930
-64.7786
-64.7582
-65.3670
-65.4570
-65.5421
-65.5007
-65.4571
-65.4144
-65.3677
-64.3081
-64.3103
-64.3136
-64.3173
-65.9677
-66.5635
-66.9200
-66.5081
-65.9921
-66.1556
-66.2284
-66.1182
-66.0007
-64.8817
-64.8025
-64.7351
-64.7057
-64.7613
-64.8616
-64.9712
-64.9928
-64.9146
-66.0144
-65.9793
-65.9280
