-50.8587 -50.1748 -49.5881 -42.3378 -42.3624 -42.3757 -49.8299 -50.4713 -51.1665 -51.8575 -50.8173 -53.0157 -53.5100 -53.9884 -53.1857 -52.7507 -53.9568 -53.9265 -53.8123 -55.1718 -53.1326 -52.9881 -52.3098 -50.3724 -50.4064 -50.4623 -50.5391 -50.6366 -43.5957 -50.7552 -51.0037 -51.2846 -51.5439 -51.4459 -51.3580 -51.3436 -51.2827 -51.2423 -51.2160 -51.2318
-50.9105 -50.2919 -49.7856 -42.5791 -42.6036 -42.6162 -50.0136 -50.5839 -51.2141 -51.8523 -50.9347 -53.0606 -53.5395 -53.9963 -54.4429 -52.8206 -54.0707 -54.0058 -53.9362 -55.1992 -53.2928 -53.1791 -52.5742 -50.6266 -50.6142 -50.6591 -50.7250 -50.8112 -43.7984 -50.8711 -51.0856 -51.3392 -51.6171 -51.6951 -51.6084 -51.5919 -51.5317 -51.4820 -51.4457 -51.4389
-50.9860 -50.4254 -49.9875 -42.8190 -42.8392 -42.8511 -50.2000 -50.7111 -51.2863 -51.8715 -51.0638 -53.0368 -53.5796 -54.0236 -54.4527 -52.9107 -53.2221 -54.1479 -54.0678 -53.9352 -53.4424 -53.3640 -53.2403 -52.6653 -50.8176 -50.8547 -50.9120 -50.9879 -51.0824 -44.0578 -51.1847 -51.4116 -51.6667 -51.9364 -51.8517 -51.7755 -51.7726 -51.7144 -51.6760 -51.6544
-51.0804 -50.5721 -43.0486 -43.0530 -43.0694 -43.0811 -50.3897 -50.8488 -51.3787 -51.9209 -51.1950 -53.0127 -53.5373 -54.0497 -54.4781 -53.4513 -53.3061 -53.6086 -54.2027 -54.0963 -53.6008 -53.5415 -53.4416 -52.9235 -51.0194 -51.0533 -51.0999 -51.1659 -51.2500 -44.2520 -51.3013 -51.4993 -51.7305 -51.9858 -52.0879 -52.0127 -51.9498 -51.9479 -51.9047 -51.8747
-51.1895 -50.7261 -43.2767 -43.2816 -43.2958 -43.3060 -50.5797 -50.9953 -51.4807 -51.9941 -51.3308 -53.0128 -53.5116 -54.0008 -54.4713 -54.8792 -53.3953 -53.6786 -54.3476 -54.2560 -52.8737 -53.7068 -53.6333 -53.1757 -53.0321 -51.2473 -51.2869 -51.3448 -51.4168 -51.5082 -44.5004 -51.6007 -51.8081 -52.0423 -52.2937 -52.2473 -52.1757 -52.1190 -52.1301 -52.0948
-51.3095 -50.8863 -43.5000 -43.5051 -43.5188 -43.5266 -50.7731 -51.1469 -51.5980 -52.0767 -51.4693 -53.0355 -53.5087 -53.9729 -54.4268 -54.8653 -53.9837 -53.7711 -54.0469 -54.4142 -54.1996 -53.8781 -53.8184 -53.7300 -53.2741 -51.4402 -51.4769 -51.5242 -51.5876 -51.6695 -44.6863 -51.7227 -51.8995 -52.1126 -52.3457 -52.4721 -52.4014 -52.3440 -52.2942 -52.3129
-51.4380 -51.0508 -43.7180 -43.7237 -43.7363 -43.7452 -50.9672 -51.3020 -51.7245 -52.1711 -51.6117 -53.0755 -53.5249 -53.9674 -54.3803 -54.8261 -54.0663 -53.8768 -54.1256 -54.3992 -54.3963 -54.0470 -53.9906 -53.9236 -53.5133 -51.6322 -51.6627 -51.7043 -51.7590 -51.8322 -51.9206 -44.9241 -52.0037 -52.1927 -52.4139 -52.6413 -52.6215 -52.5635 -52.5127 -52.5283
-51.5729 -51.2183 -43.9313 -43.9372 -43.9494 -43.9588 -43.9780 -51.4642 -51.8532 -52.2696 -51.7561 -53.1296 -53.5568 -53.9793 -54.3953 -54.8045 -55.2013 -54.4124 -54.2169 -54.4776 -54.5798 -53.3833 -54.1676 -54.1029 -54.0325 -53.6290 -51.8474 -51.8829 -51.9307 -51.9962 -52.0759 -45.1025 -52.3157 -52.2858 -52.4868 -52.6986 -52.8403 -52.7782 -52.7268 -52.6833
-51.7130 -51.3877 -44.1398 -44.1470 -44.1598 -44.1699 -44.1867 -51.6316 -51.9890 -52.3849 -51.9020 -53.1949 -53.6020 -54.0018 -54.4046 -54.7987 -55.1820 0.0000 -54.7334 -54.5552 -54.7583 -53.5691 -54.3409 -54.2851 -54.2249 -53.8523 -52.0279 -52.0609 -52.1063 -52.1607 -52.2325 -52.3179 -45.3305 -52.3958 -52.5709 -52.7673 -52.9823 -52.9878 -52.9363 -52.8916
-51.8567 -51.5549 -44.3445 -44.3521 -44.3669 -44.3761 -44.3914 -51.7961 -52.1297 -52.4950 -52.0458 -53.2697 -53.6581 -54.0444 -54.4271 -54.8042 -55.2046 -55.5890 -55.4037 -54.6448 -54.8822 -53.7523 -53.6968 -54.4636 -54.4029 -54.0807 -52.2098 -52.2377 -52.2776 -52.3257 -52.3901 -52.4676 -45.5038 -52.7596 -52.6598 -52.8441 -53.0457 -53.1926 -53.1415 -53.0965
-51.9884 -51.7254 -44.5450 -44.5535 -44.5699 -44.5787 -44.5921 -51.9659 -52.2731 -52.6175 -52.1973 -53.3526 -53.7198 -54.0937 -54.4609 -54.8241 -55.2128 -54.6754 -58.9695 -55.1497 -54.9682 -53.9315 -53.8808 -54.6353 -54.5845 -54.5257 -54.1892 -52.4135 0.0000 0.0000 0.0000 -52.6185 -45.6751 -45.7232 -52.7687 -52.9295 -53.1161 -53.3163 -53.3427 -53.2975
-52.1370 -51.8959 -44.7417 -44.7523 -44.7679 -44.7781 -44.7905 -52.1304 -52.4182 -52.7436 -52.3387 -53.4378 -53.7965 -54.1515 -54.5045 -54.8713 -55.1994 -55.5413 -55.8770 -56.2094 -55.0706 -54.1232 -54.0604 -54.0312 -54.7594 -54.7004 -54.3973 -52.6208 0.0000 -63.4271 -60.9970 -53.1506 -52.8495 -45.8894 -45.9869 -53.0238 -53.1945 -53.3830 -53.5373 -53.4945
-52.2993 -52.0533 -44.9350 -44.9478 -44.9628 -44.9729 -44.9852 -52.2945 -52.5707 -52.8724 -52.4872 -53.5381 -53.8713 -54.2166 -54.5701 -54.8975 -55.2267 -55.5578 -55.8834 -55.3091 -56.4971 -55.3694 -54.2360 -54.1911 -54.9270 -54.8772 -54.8368 -52.8120 -58.1111 -61.4790 -59.4060 -57.7787 -52.9951 -46.0538 -46.0997 -53.3851 -53.2809 -53.4559 -53.6448 -53.6875
-52.4491 -52.2228 -45.1244 -45.1389 -45.1546 -45.1641 -45.1762 -52.4580 -52.7175 -53.0035 -52.6327 -53.6293 -53.9620 -54.2999 -54.6153 -54.9407 -55.2625 -55.5807 -55.1774 -56.2090 -56.4055 -55.4605 -54.4141 -54.3666 -55.0961 -55.0518 -55.0479 -54.7673 -55.3827 -58.2435 -58.7015 -57.7848 -53.3170 -53.2104 -46.2610 -46.3552 -53.3790 -53.5363 -53.7132 -53.8760
-52.6008 -52.4050 -45.3098 -45.3271 -45.3420 -45.3516 -45.3637 -52.6203 -52.8647 -53.1425 -52.7832 -53.7337 -54.0630 -54.3704 -54.6840 -54.9945 -55.3057 -55.6137 -55.9270 -56.2225 -55.6936 -56.7334 -54.5803 -54.5334 -54.4937 -55.2448 0.0000 0.0000 -53.1255 -56.9960 -58.3239 -57.8715 -55.9318 -53.3473 -46.4195 -46.4626 -53.3872 -53.6227 -53.7879 -53.9664
-52.7540 -52.5727 -45.4937 -45.5125 -45.5262 -45.5357 -45.5480 -52.7816 -53.0119 -53.2729 -52.9305 -53.8506 -54.1466 -54.4480 -54.7507 -55.0538 -55.3555 -55.6536 -55.9556 -56.2447 -55.7768 -56.7061 -54.7452 -54.7032 -54.6646 -55.4291 0.0000 0.0000 -53.3061 -56.2881 -57.6027 -57.9972 -56.4826 -53.5764 -46.6273 -46.6182 -46.6853 -53.7212 -53.8689 -54.0363
-52.9058 -52.7390 -45.6777 -45.6911 -45.7070 -45.7165 -45.7288 -52.9415 -53.1589 -53.4101 -53.0828 -53.9596 -54.2355 -54.5346 -54.8199 -55.1184 -55.4106 -55.6997 -55.9864 -55.6872 -55.8760 -56.0651 -54.9019 -54.8707 -54.8532 -54.8337 -61.3083 -63.2803 -56.7532 -55.3988 -57.0312 -57.7370 -56.8901 -55.8108 -46.8823 -46.7713 -46.8145 -54.0839 -53.9565 -54.1121
-53.0570 -52.9001 -45.8564 -45.8692 -45.8846 -45.8941 -45.9063 -53.1020 -53.3026 -53.1733 -53.2352 -54.0631 -54.3364 -54.6139 -54.9055 -55.1811 -55.4702 -55.7513 -56.0294 -55.7473 -56.5813 -56.1467 -55.0605 -55.0312 -55.0284 -55.0044 -56.2635 -60.7451 -57.1512 -53.6321 -56.6499 -57.3885 -57.2231 -56.2722 -53.8690 -46.9739 -46.9631 -47.0037 -54.3105 0.0000
-53.2141 -53.0620 -46.0316 -46.0470 -46.0565 -46.0686 -46.0807 -53.2591 -53.4515 -53.3281 -53.3722 -54.1835 -54.4398 -54.7069 -54.9884 -55.2547 -55.5342 -55.8070 -56.0776 -56.3469 -56.6145 -56.2231 -55.2427 -55.2105 -55.2015 -55.1730 -55.1338 -59.5465 -57.4342 -53.8308 -55.8790 -57.1342 -57.5111 -56.6631 -54.0217 -47.1990 -47.1111 -47.1533 -54.3058 0.0000
-53.3600 -53.2268 -46.2037 -46.2192 -46.2281 -46.2402 -46.2521 -53.4117 -53.6048 -53.4738 -53.5154 -54.2981 -54.5452 -54.8025 -55.0629 -55.3380 -55.5955 -55.8669 -56.1303 -56.3922 -56.6508 -56.3075 -56.5220 -55.3758 -55.3618 -55.3264 -55.2583 -58.8156 -57.4451 -56.9348 -53.9666 -56.9509 -57.4165 -57.0059 -55.7428 -47.4714 -47.3087 0.0000 0.0000 0.0000
-53.5073 -53.3928 -46.3730 -46.3884 -46.3997 -46.4060 -46.4200 -53.5763 -53.7508 -53.6118 -53.6575 -54.4135 -54.6585 -54.9001 -55.1518 -55.4058 -55.6741 -55.9305 -56.1864 -56.4417 -56.2062 -56.9370 -56.6072 -55.5320 -55.5119 -55.4603 -55.4167 -58.4164 -57.4407 -57.0776 -54.1120 -56.2901 -57.2774 -57.3124 -56.6838 -56.0749 -47.5375 0.0000 0.0000 0.0000
-53.6486 -53.5502 -46.5403 -46.5548 -46.5657 -46.5718 -46.5879 -53.7283 -53.8868 -53.7555 -53.7985 -54.5296 -54.7659 -55.0071 -55.2428 -55.4885 -55.7490 -55.9904 -56.2461 -56.4940 -56.7329 -57.0041 -56.7012 -55.6853 -55.6566 -55.6120 -55.5722 -55.5530 -57.9194 -57.1877 -54.6807 -56.2110 -57.1771 -57.5440 -57.0055 -56.4842 -47.8056 0.0000 0.0000 0.0000
-53.7912 -46.7022 -46.7053 -46.7185 -46.7291 -46.7375 -46.7478 -53.8715 -54.0292 -53.8999 -53.9381 -54.6463 -54.8743 -55.1075 -55.3359 -55.5737 -55.8130 -56.0679 -56.3014 -56.5433 -56.7836 -57.0517 -56.7883 -55.8299 -55.7807 -55.7560 -55.7338 -55.7074 -57.8843 -57.2867 -56.9989 -54.4279 -56.6632 -57.4716 -57.3029 -56.8101 -47.9702 0.0000 0.0000 -65.3288
-53.9363 -46.8619 -46.8688 -46.8796 -46.8898 -46.9003 -46.9068 -54.0206 -54.1704 -54.0409 -54.0766 -54.7632 -54.9835 -55.2090 -55.4382 -55.6609 -55.8931 -56.1408 -56.3674 -56.6027 -56.8643 -56.7072 -57.3476 -55.9708 -55.9265 -55.8993 -55.8900 -55.8589 -56.9407 -57.3561 -57.1613 0.0000 -56.6110 -57.4212 -57.5778 -57.1493 -56.3885 -58.0435 -65.1873 -64.4830
-54.0802 -47.0214 -47.0284 -47.0382 -47.0489 -47.0569 -47.0679 -54.1516 -54.3103 -54.1804 -54.2161 -54.8804 -55.0932 -55.3114 -55.5335 -55.7497 -55.9751 -56.2016 -56.4375 -56.6807 -56.9231 -56.7851 -57.3891 -56.0900 -56.0639 -56.0447 -56.0368 -56.0086 -57.0478 -57.4518 -57.3976 0.0000 0.0000 -57.0137 -57.6916 -57.4102 -56.7186 -48.2840 -58.2242 -59.7285
-54.2227 -47.1786 -47.1827 -47.1977 -47.2053 -47.2126 -47.2234 -54.2974 -54.4493 -54.3183 -54.3519 -54.9976 -55.2034 -55.4147 -55.6299 -55.8479 -56.0589 -56.2730 -56.5087 -56.7565 -48.3337 -57.2166 -57.4333 -56.2556 -56.2059 -56.1879 -56.1810 -56.1553 -56.1276 -57.5454 -57.5064 -64.5992 -67.4354 -58.9198 -57.7275 -57.6475 -57.0162 -56.4393 -56.9334 -58.4097
-54.3470 -47.3334 -47.3388 -47.3518 -47.3571 -47.3659 -47.3772 -54.4584 -54.5693 -54.4548 -54.4865 -55.1147 -55.3138 -55.5184 -55.7274 -55.9389 -56.1441 -56.3520 -56.5899 -56.8262 -56.5676 -57.2703 -57.4540 -57.6565 -56.3457 -56.3361 -56.3190 -56.2985 -56.2667 -56.9296 -57.6221 -60.6766 -62.2400 -59.3898 -57.7249 -57.8680 -57.2878 -56.7560 -48.5871 -57.5053
-54.4870 -47.4875 -47.4912 -47.5003 -47.5096 -47.5170 -47.5290 -54.6015 -54.7056 -54.5901 -54.6197 -55.2344 -55.4243 -55.6228 -55.8254 -56.0309 -56.2330 -56.4536 -56.6672 -56.9053 -48.6718 -56.8860 -57.5066 -57.7060 -56.4833 -56.4750 -56.4511 -56.4398 -56.4673 -57.0797 -57.7287 -59.9413 -61.2386 -59.4543 -58.6262 -58.0054 -57.5387 -57.0396 -56.4947 -56.8990
-54.6258 -47.6340 -47.6391 -47.6504 -47.6583 -47.6657 -47.6786 -54.7427 -54.8589 -54.7063 -54.7516 -55.3510 -55.5348 -55.7272 -55.9241 -56.1238 -56.3198 -56.5377 -56.7458 -48.6365 -48.7648 -48.7129 -57.5316 -57.7574 -56.6263 -56.6118 -56.5887 -56.5716 -56.6172 -56.5988 -57.0572 -57.7511 -59.2639 -59.5995 -58.7790 -58.0173 -57.7720 -57.3043 -56.8635 -56.5252
-54.7716 -47.7795 -47.7877 -47.7983 -47.8018 -47.8123 -47.8260 -54.8823 -54.9932 -54.8389 -54.8823 -55.4670 -55.6483 -55.8319 -56.0230 -56.2117 -56.4287 -56.6311 -48.6208 -48.7519 -48.8768 -48.9024 -57.1940 -57.8107 -57.0484 -56.7465 -56.7250 -56.7398 -56.7574 -56.7428 -57.2031 -57.7845 -59.2053 -59.0973 -58.9211 -58.4528 -57.9908 -57.5511 -57.1290 -56.6354
-54.9075 -47.9259 -47.9298 -47.9440 -47.9473 -47.9598 -47.9714 -55.0203 -55.1262 -54.9883 -54.9933 -55.5826 -55.7584 -55.9368 -56.1225 -56.3056 -56.5195 -56.7167 -48.7344 -48.8653 -49.0381 -49.0640 -56.9978 -57.6940 -57.1593 -56.8712 -56.8517 -56.8798 -56.8925 -56.8752 -57.3443 -57.1873 -59.2223 -59.1259 -59.0637 -58.6241 -58.1967 -57.7831 -57.3809 -57.0331
-55.0300 -48.0695 -48.0735 -48.0876 -48.0908 -48.0984 -48.1146 -55.1568 -55.2578 -55.1186 -55.1215 -55.6979 -55.8683 -56.0449 -56.2165 -56.4208 -56.6107 -56.8079 -56.7419 -48.9728 -49.1503 -49.2500 -56.8787 -57.5096 -57.2821 -57.0027 -57.0159 -57.0258 -57.0239 -57.0057 -57.4454 -57.3106 -59.2950 -59.1398 -58.9676 -58.7928 -58.3845 -58.0014 -57.5940 -57.2501
-55.1933 -48.2111 -48.2153 -48.2253 -48.2322 -48.2395 -48.2587 -55.2917 -55.3882 -55.2475 -55.2673 -55.7909 -55.9777 -56.1495 -56.3350 -56.5173 -56.7021 -56.8928 -56.8486 -49.0575 -49.2345 -49.3824 -49.2627 -57.4000 -57.3866 -57.1354 -57.1511 -57.1605 -57.1494 -57.1345 -57.0771 -57.4577 -59.3232 -59.1862 -59.0340 -58.8347 -58.5745 -58.2039 -57.8211 -57.4898
-55.3210 -48.3507 -48.3550 -48.3649 -48.3716 -48.3787 -48.3930 -55.4250 -55.5174 -55.3752 -55.3934 -55.9051 -56.0868 -56.2483 -56.4366 -56.6140 -56.7985 -56.9782 -56.9312 -49.1914 -49.3429 -49.4660 -49.4197 -57.3250 -57.7979 -57.4836 -57.2924 -57.2915 -57.2759 -57.2528 -57.2085 -57.6472 -57.5406 -59.2382 -59.0818 -58.9201 -58.7520 -58.3987 -58.0327 -57.7189
-55.4513 -48.4938 -48.4929 -48.5026 -48.5050 -48.5167 -48.5301 -55.5721 -55.6452 -55.5014 -55.5183 -56.0407 -56.1729 -56.3713 -56.5412 -56.7097 -56.8891 -57.0642 -57.0368 -49.3210 -49.4738 -49.5740 -49.5971 -57.2766 -57.7358 -57.6196 -57.4228 -57.4171 -57.4011 -57.3462 -57.3380 -57.7974 -57.6893 -59.2947 -59.1548 -59.0102 -58.8241 -58.5649 -58.2386 -57.9337
-55.5589 -48.6287 -48.6288 -48.6384 -48.6413 -48.6532 -48.6654 -55.6760 -55.7716 -55.6264 -55.6420 -56.1541 -56.2760 -56.4765 -56.6421 -56.8044 -56.9799 -57.1267 -57.1418 -49.4251 -49.5543 -49.7288 -49.7754 -57.2480 -57.6822 -57.7481 -57.5505 -57.5405 -57.5250 -57.4708 -57.4657 -57.9342 -57.8340 -58.4930 -59.2295 -59.0795 -58.9318 -58.7395 -58.4333 -58.1434
-55.7132 -48.7626 -48.7687 -48.7724 -48.7760 -48.7834 -48.7989 -55.8040 -55.8912 -55.7501 -55.7643 -56.2668 -56.4264 -56.5573 -56.7411 -56.9097 -57.0707 -57.2135 -57.2461 -49.5277 -49.6580 -49.8321 -49.9279 -57.2601 -57.6942 -57.8575 -57.8706 -57.6623 -57.6033 -57.5958 -57.6358 -57.6334 -57.9831 -58.5756 -59.3060 -59.1702 -59.0367 -58.8372 -58.6244 -58.3444
-55.8410 -48.8903 -48.9001 -48.9046 -48.9088 -48.9162 -48.9307 -55.9305 -56.0094 -55.8725 -55.8855 -56.3915 -56.5358 -56.6617 -56.8397 -57.0046 -57.1385 -57.3006 -57.3427 -56.9706 -49.7587 -49.9102 -50.0280 -49.9508 -57.6741 -57.9654 -57.9831 -57.7821 -57.7267 -57.7195 -57.7621 -57.7601 -58.1187 -58.0272 -58.5909 -59.2603 -59.1220 -58.9552 -58.7971 -58.5375
-55.9676 -49.0262 -49.0307 -49.0409 -49.0398 -49.0473 -49.0565 -56.0556 -56.1313 -55.9843 -56.0055 -56.5040 -56.6446 -56.7891 -56.9190 -57.0767 -57.2334 -57.3879 -57.4458 -57.1240 -49.8826 -50.0100 -50.1281 -50.0993 -57.6959 -58.0700 -58.0855 -57.8820 -57.8484 -57.8511 -57.8849 -57.8850 -58.2508 -58.1747 -58.6498 -59.3503 -59.1908 -59.0696 -58.9198 -58.7228
-56.0927 -49.1552 -49.1551 -49.1690 -49.1692 -49.1766 -49.1858 -56.1794 -56.2519 -56.1020 -56.1362 -56.6160 -56.7517 -56.8918 -57.0178 -57.1713 -57.3242 -57.4681 -57.5483 -57.2771 -49.9800 -50.1311 -50.2514 -50.2773 -57.7226 -58.0523 -58.1868 -58.1498 -57.9592 -58.0093 -58.0075 -58.0080 -58.0064 -58.3085 -58.7510 -59.4401 -59.2920 -59.1639 -59.0431 -58.8978
