-55.1946 -55.1140 -54.9735 -54.8541 -54.7424 -54.6386 -54.5381 -54.4594 -54.3672 -54.2447 -54.1776 -53.1011 -56.5695 -56.5588 -59.1842 -59.1617 -59.1431 -59.2990 -59.2290 -59.1564 -59.0863 -56.5195 -56.4884 -56.4829 -56.4781 -56.4730 -56.4722 -56.4724 -53.5329 -53.5746 -53.6122 -54.7355 -54.7848 -54.8014 -54.8425 -54.8794 -54.9120 -54.9404 -58.6640 -58.6083
-55.2849 -55.2083 -55.0888 -54.9725 -54.8645 -54.7478 -54.6774 -54.5863 -54.4800 -54.3736 -54.2670 -53.1439 -53.0688 -53.0095 -53.9052 -53.8275 -53.7713 -53.8094 -59.1486 -59.0747 -59.0041 -56.4227 -53.2559 -53.2866 -53.3168 -53.3464 -53.3854 -53.4289 -53.4716 -53.5132 -53.5536 -58.8495 -58.8833 -58.9108 -58.9320 -58.9280 -58.9009 -58.8657 -58.8228 -58.7719
-55.1797 -55.1084 -54.9717 -54.9075 -54.8497 -54.7993 -54.7519 -54.6841 -54.6005 -54.4965 -54.3922 -53.2148 -53.1916 -53.1196 -54.0645 -51.7235 -51.6934 -51.6948 -51.6493 -51.6140 -51.5630 -50.9516 -50.9507 -53.2592 -56.3740 -56.3726 -56.3741 -56.3781 -56.3817 -56.3844 -56.3860 -58.8497 -58.8852 -58.9125 -58.9324 -58.9457 -58.9531 -58.9555 -58.9536 -58.9451
-59.6034 -59.6334 -59.5186 -54.8792 -54.8258 -54.7796 -54.7361 -54.6722 -54.5918 -51.8619 -51.8617 -51.2059 -51.2096 -51.2019 -51.8388 -51.8129 -51.7851 -54.0285 -53.9175 -53.8041 -53.6680 -52.6436 -52.5644 -52.4833 -52.4184 -52.3336 -52.2660 -52.2166 -56.3768 -56.3750 -58.8367 -58.8771 -58.9080 -58.9302 -58.9446 -58.9523 -58.9513 -58.9392 -58.9237 -58.8937
-59.4205 -59.4626 -53.4455 -53.4944 -53.5469 -53.6040 -53.6625 -53.7195 -53.7623 -53.8038 -54.4838 -53.2996 -53.2702 -53.2239 -54.2627 -54.2179 -54.1723 -54.1922 -54.1225 -54.0281 -53.9320 -52.8433 -52.7656 -52.7035 -52.6045 -52.5212 -52.4366 -52.3328 -52.2452 -52.1544 -52.8566 -52.7544 -52.6934 -52.6747 -58.9248 -58.9139 -58.8986 -58.8799 -58.8586 -58.8041
-53.3262 -53.3999 -53.4307 -59.2874 -59.3332 -59.3937 -59.4553 -59.5067 -59.5002 -59.4872 -59.4691 -56.5270 -56.5380 -56.5477 -59.4740 -59.4837 -54.2337 -54.2561 -54.1823 -54.1052 -53.9834 -52.9043 -52.8585 -52.8094 -52.7595 -52.6914 -52.6227 -52.5365 -52.4487 -52.3591 -53.0776 -52.9792 -52.8754 -52.7437 -52.6308 -52.5376 -52.4182 -52.3193 -52.2391 -58.7383
-59.7570 -59.8489 -59.7459 -59.7193 -59.7191 -59.7417 -59.7724 -59.7964 -59.7616 -59.7236 -59.6832 -56.5943 -56.5978 -56.6299 -59.6276 -59.6121 -59.5829 -59.8280 -59.7181 -59.6006 -59.4811 -56.5285 -56.5202 -52.8023 -52.7532 -52.7031 -52.6347 -52.5672 -52.5164 -52.4644 -53.2925 -53.2201 -53.1417 -53.0356 -52.9249 -52.7875 -52.6700 -52.5498 -52.3959 -52.2291
-60.8603 -60.8985 -60.2339 -60.1421 -60.0939 -60.0809 -60.0836 -60.0828 -60.0096 -59.8984 -59.7958 -56.5925 -56.5749 -56.5886 -59.5741 -59.5384 -59.5091 -59.7697 -59.6558 -59.5318 -59.4034 -56.4578 -56.4483 -56.4389 -56.4296 -56.4204 -56.4113 -56.4070 -56.4034 -52.4576 -53.3054 -53.2582 -53.1822 -53.1007 -53.0374 -51.5213 -51.4938 -51.4437 -51.3851 -51.2824
-61.3525 -61.3545 -61.2955 -60.8027 -60.6602 -60.5711 -60.5204 -60.4832 -60.3947 -60.3204 -60.2586 -56.7995 -56.8093 -59.4696 -59.4388 -59.4150 -59.3970 -59.6845 -59.5780 -59.4581 -59.3302 -56.3951 -56.3906 -56.3864 -56.3824 -53.2773 -53.2908 -53.3303 -53.3723 -53.4125 -54.6609 -54.7370 -54.8037 -54.8631 -54.9167 -54.9660 -51.5088 -51.4708 -51.3985 -51.3293
-61.1026 -60.8909 -60.6987 -60.2524 -60.1344 -60.0827 -60.0689 -60.0589 -59.9987 -59.9494 -59.9103 -56.6145 -56.6331 -59.9494 -59.9988 -60.0636 -54.1173 -54.2737 -54.3064 -54.3328 -54.3538 -53.2262 -53.2744 -53.3206 -53.2213 -53.2517 -53.2809 -53.3194 -53.3619 -53.4025 -54.6798 -54.7578 -54.8243 -54.8820 -54.9331 -54.9788 -55.0136 -55.0307 -54.9812 -55.0150
-60.1481 -60.0245 -59.9100 -59.5842 -59.5376 -59.5489 -53.6861 -53.7109 -53.7643 -53.8169 -53.8694 -52.8196 -52.8711 -54.0483 -54.1134 -54.1805 -54.2494 -54.4292 -54.4713 -54.5057 -54.2958 -53.1655 -53.2121 -53.2593 -53.3075 -53.3566 -53.4071 -53.4651 -53.5306 -53.5969 -55.0176 -55.1442 -55.2349 -55.3054 -55.3681 -55.0100 -55.0347 -55.0502 -55.0072 -55.0413
-53.2387 -53.3314 -53.3973 -53.4013 -53.4619 -53.5296 -53.6002 -53.6680 -53.7198 -53.7709 -53.8215 -52.7687 -52.8209 -54.0037 -54.0703 -54.1367 -54.3066 -54.3948 -54.4361 -54.4676 -54.4886 -53.2979 -53.3329 -53.1910 -53.2371 -53.2841 -53.3325 -53.3899 -53.4573 -53.5264 -54.9701 -55.0973 -55.2134 -55.3269 -55.4415 -55.5019 -55.5389 -55.4880 -55.5497 -55.6087
-53.2058 -53.2998 -53.3582 -53.3592 -53.4183 -53.4849 -53.5546 -53.6211 -53.6712 -53.7204 -53.7692 -52.7125 -52.7636 -53.9468 -54.0125 -54.0806 -54.2588 -54.3555 -54.3973 -54.4253 -54.4379 -53.2550 -53.3154 -53.3673 -53.4023 -53.4350 -53.4646 -53.3054 -53.3695 -54.6757 -54.8900 -55.0144 -55.1310 -55.2485 -55.3692 -55.4721 -55.5710 -55.5528 -55.6248 -55.6959
-53.1714 -53.2620 -53.3168 -53.3150 -53.3728 -53.4383 -53.5070 -53.5718 -53.6200 -53.6671 -53.7136 -52.6535 -52.7030 -53.8853 -53.9492 -54.0153 -54.1994 -54.2977 -54.3432 -54.3718 -54.3775 -53.1956 -53.2565 -53.3201 -53.3865 -53.4436 -53.4802 -53.5200 -53.5678 -54.9332 -55.1428 -54.9100 -55.0128 -55.1193 -55.2494 -55.3344 -55.4425 -55.5044 -55.6709 -55.7668
-53.2554 -53.3448 -53.4056 -53.4071 -53.4684 -53.5306 -53.4576 -53.5208 -53.5668 -53.6116 -53.6556 -52.5924 -52.6402 -53.8205 -53.8818 -53.9452 -54.1381 -54.2344 -54.2813 -54.3056 -53.0692 -53.1167 -53.1824 -53.2526 -53.3204 -53.3926 -53.4691 -53.5349 -53.5927 -55.1855 -55.2959 -55.4071 -55.4789 -55.6182 -60.1390 -60.1599 -60.0066 -60.3393 -60.8116 -61.1629
-53.2631 -53.3704 -53.3992 -53.3973 -53.4615 -53.5353 -53.6139 -53.6514 -53.6982 -53.7376 -53.7742 -52.6618 -52.5748 -53.7518 -53.8099 -53.8697 -54.0767 -54.1662 -54.2140 -54.2372 -52.9648 -53.0227 -53.0849 -53.1527 -53.2278 -53.3123 -53.3944 -53.5006 -53.6940 0.0000 0.0000 0.0000 0.0000 0.0000 0.0000 -60.8025 -60.3498 -60.4057 -60.6716 -60.9625
-53.2562 -53.3603 -53.3697 -53.3650 -53.4280 -53.5011 -53.5793 -53.6532 -53.7105 -53.7689 -53.8300 -52.7042 -52.7506 -54.0023 -54.0605 -54.1190 -54.3654 -54.4850 -59.8553 -59.7539 -56.1198 -56.1575 -56.2034 -56.2607 -56.3343 -56.4322 -56.5679 -56.7614 -56.9405 0.0000 0.0000 0.0000 0.0000 0.0000 0.0000 -52.7715 -52.5947 -52.5049 -52.4534 -52.3102
-53.3713 -53.5759 -63.5777 -61.9671 -61.2676 -60.9541 -60.8212 -60.7450 -60.6323 -60.5591 -60.5208 -56.6134 -56.6708 -60.8209 -60.9428 -61.0772 0.0000 0.0000 0.0000 0.0000 -52.5710 -52.4799 -52.4040 -52.3231 -52.2565 -52.1766 -52.1137 -52.0520 -52.0277 -61.6902 -52.7729 -52.7007 -52.6275 -52.5531 -52.4775 -52.4240 -52.3692 -52.2897 -52.2088 -52.0810
0.0000 0.0000 0.0000 -62.4991 -62.0208 -61.7064 -61.5262 -61.3879 -61.2078 -61.0821 -61.0051 -56.7551 -56.8100 -61.3407 -61.6195 -61.9229 0.0000 0.0000 0.0000 0.0000 -52.4700 -52.3918 -52.3199 -52.2522 -52.1875 -52.1248 -52.0634 -52.0028 -51.9430 -52.8032 -52.7335 -52.6626 -52.5903 -52.5165 -52.4415 -52.3649 -52.2869 -52.2079 -52.1274 -51.9984
0.0000 0.0000 0.0000 -62.7478 -62.4414 -62.2221 -62.0800 -61.9353 -61.7199 -61.5572 -61.4452 -56.8640 -56.9105 -61.7207 -61.9656 -62.1600 -64.2475 0.0000 -60.1003 -59.8156 -56.1998 -56.1256 -56.0675 -56.0211 -55.9829 -55.9504 -55.9219 -55.8965 -55.8745 -52.7784 -52.7095 -52.6395 -52.5680 -52.4947 -52.4203 -52.3438 -52.2659 -52.1863 -52.0575 -51.9736
-61.1672 0.0000 0.0000 -62.8920 -62.7164 -62.5819 -62.5003 -62.3757 -62.1465 -61.9598 -61.8168 -56.9283 -56.9361 -61.8132 -61.9852 -62.3236 0.0000 0.0000 -60.1385 -59.8829 -56.2023 -56.1320 -56.0750 -55.9794 -55.9532 -55.9376 -55.9221 -55.8992 -55.8758 -58.7974 -58.7767 -58.7539 -58.7285 -58.6995 -58.6681 -58.6329 -58.5943 -58.5523 -58.2916 -58.2362
0.0000 0.0000 0.0000 -62.0988 -61.7283 -61.3667 -61.1786 -61.0199 -60.8030 -60.6147 -60.4430 -56.3697 -56.3594 -60.2582 -60.2376 -60.2236 -60.2124 -60.3229 -60.2627 -60.2073 -56.3838 -56.3757 -56.3687 -56.3626 -56.3572 -56.3522 -56.3475 -56.3425 -59.8713 -59.8943 -59.9145 -59.9294 -59.9386 -59.9416 -59.9379 -58.7372 -58.6965 -58.6523 -58.3737 -58.3162
-55.7673 -59.2690 -59.3648 -59.3380 -59.3479 -59.4137 -59.5006 -59.5379 -59.4911 -59.4361 -59.3751 -55.9124 -55.9291 -59.4014 -59.4330 -59.4667 -59.5001 -59.5155 -59.4992 -59.4861 -56.0532 -56.0686 -56.0839 -56.0991 -56.1141 -56.1294 -56.1444 -56.1591 -59.6005 -59.6769 -59.7529 -59.8279 -59.9028 -59.9793 -60.0623 -60.1539 -60.2620 -60.3986 -60.2075 -60.4491
-55.4995 -58.7623 -58.8407 -58.8022 -58.8010 -58.8484 -58.7516 -58.7654 -58.7072 -58.6366 -58.5648 -55.4865 -55.4935 -58.5375 -58.5464 -58.5561 -58.5647 -58.5552 -58.5211 -58.4895 -55.5293 -55.5318 -55.5335 -55.5344 -55.5345 -55.5337 -55.5322 -55.5292 -58.3472 -58.3716 -58.3911 -58.4047 -58.4123 -58.4139 -58.4101 -58.4026 -58.3890 -58.1443 -58.1057 -58.0713
-55.0995 -58.0135 -58.0695 -58.0205 -58.0046 -58.0329 -58.0774 -58.0742 -58.0086 -57.9357 -57.8572 -55.0853 -55.0850 -57.7950 -57.8125 -57.8079 -57.8022 -57.7785 -57.7353 -58.5433 -55.5241 -55.5272 -55.5296 -55.5313 -55.5322 -55.5324 -55.5317 -55.5296 -58.4182 -58.4474 -58.4710 -58.4885 -58.4994 -58.5042 -58.5034 -58.4990 -58.4880 -58.2183 -58.1915 -58.1597
-55.0758 -58.0414 -58.1002 -58.0456 -58.0270 -58.0565 -58.1033 -58.0955 -58.0245 -57.9453 -57.8597 -55.0539 -55.0531 -57.7942 -57.7885 -57.7830 -57.7761 -57.7489 -57.7037 -57.6617 -55.0230 -55.0167 -55.0096 -55.0015 -54.9925 -54.9826 -54.9717 -54.9591 -57.4069 -57.4120 -57.4115 -57.4050 -57.3924 -57.3741 -57.3507 -57.3238 -57.2910 -57.0502 -57.0054 -56.9563
-55.5544 -59.0909 -59.1179 -58.9980 -58.9321 -58.9344 -58.9619 -58.9155 -58.7965 -58.6702 -58.5380 -55.3505 -55.3400 -58.4014 -58.3778 -58.3553 -57.7743 -57.7438 -57.6967 -57.6537 -54.9879 -54.9812 -54.9737 -54.9653 -54.9560 -54.9458 -54.9346 -54.9217 -57.3982 -57.4045 -57.4045 -57.3981 -57.3851 -57.3663 -57.3420 -57.3142 -57.2804 -57.0276 -56.9799 -56.9319
-55.4507 -58.9724 -59.0092 -58.8929 -58.8321 -58.8429 -58.8795 -58.8317 -58.7134 -58.5857 -58.4503 -55.2741 -55.2651 -58.3234 -58.3029 -58.2830 -58.2625 -58.2134 -58.1486 -58.0902 -55.1805 -54.9117 -54.9045 -54.8964 -54.8874 -54.8774 -54.8665 -54.8561 -57.3420 -57.3506 -57.3523 -57.3470 -57.3348 -57.3165 -57.2926 -57.2651 -57.2313 -56.9241 -56.8782 -56.8320
-54.9308 -58.0080 -58.0736 -58.0037 -57.9775 -58.0130 -58.0693 -58.0428 -57.9575 -57.8600 -57.7518 -54.8985 -54.8974 -57.6840 -57.6790 -57.6738 -57.6673 -57.6322 -57.5845 -57.5427 -54.8664 -54.8601 -54.8529 -54.8449 -54.8360 -54.8262 -54.8154 -54.8048 -57.3123 -57.3231 -57.3261 -57.3220 -57.3103 -57.2945 -57.2779 -57.2554 -57.1519 -57.1112 -57.0659 -57.0203
-54.8620 -57.9707 -58.0362 -57.9652 -57.9414 -57.9841 -58.0479 -58.0156 -57.9284 -57.8263 -54.8443 -54.8448 -54.8446 -57.6470 -57.6426 -57.6380 -57.6323 -57.5947 -57.5463 -54.8201 -54.8170 -54.8142 -54.8084 -54.8859 -54.8785 -54.8703 -54.8610 -54.8520 -57.4652 -57.4819 -57.4901 -57.4897 -57.4814 -57.4659 -57.4440 -51.9792 -51.8344 -51.7562 -51.6758 -51.5485
-54.7466 -57.8491 -57.9086 -57.9278 -57.9049 -53.8289 -53.7907 -53.7498 -53.6699 -53.5828 -52.1256 -52.0916 -52.0566 -53.2839 -53.2345 -53.1843 -53.1328 -53.0682 -53.0000 -51.7834 -51.7407 -51.6970 -51.6520 -51.6057 -51.5584 -51.5098 -51.4601 -52.4168 -52.3665 -52.3123 -52.2542 -52.1922 -52.1268 -52.0584 -51.9872 -51.9039 -51.7613 -51.6830 -51.6025 -51.5737
-52.3790 -53.9149 -53.8886 -53.8152 -53.7620 -53.7386 -53.6967 -53.6556 -53.5747 -53.4852 -52.0621 -52.0287 -52.0143 -53.2520 -53.2033 -53.1537 -53.1028 -53.0376 -52.9695 -51.7444 -51.7022 -51.6588 -51.6143 -55.2782 -55.2858 -55.2930 -55.2996 -58.4697 -58.5512 -58.6223 -58.6831 -58.7335 -58.7753 -58.8375 -59.1285 -59.1085 -58.8351 -58.9025 -59.0267 -59.9213
-52.3390 -58.6782 -58.8706 -58.6111 -58.5948 -58.6798 -58.6884 -58.7187 -58.6191 -58.4867 -55.0385 -55.0496 -55.0603 -58.3160 -58.3383 -58.3606 -58.3818 -58.3528 -58.3192 -55.1247 -55.1335 -55.1775 -55.1856 -55.1932 -55.2004 -55.2072 -55.2132 -58.3778 -58.4626 -58.5349 -58.5952 -58.6443 -58.6850 -58.7189 -58.7255 -58.3841 -58.3917 -58.3916 -58.3878 -58.6800
-55.4124 -60.4470 -61.8940 -60.6711 -60.1467 -59.9056 -59.9608 -59.9110 -59.7064 -59.4657 -55.3807 -55.3775 -55.4090 -59.0785 -59.0792 -59.0816 -59.0841 -59.0233 -58.9624 -55.3743 -55.3758 -55.3770 -55.3782 -55.3791 -55.3798 -55.3802 -55.3798 -58.8148 -58.8979 -58.9643 -59.0895 -59.1230 -59.1385 -59.1431 -59.0182 -58.6119 -58.5905 -58.5675 -58.5398 -58.8357
-55.4192 0.0000 0.0000 -61.2864 -60.8986 -60.4900 -60.4088 -60.2606 -59.9811 -59.6687 -55.3423 -55.3331 -55.3611 -59.0560 -59.0517 -59.0498 -59.0477 -58.9787 -58.9130 -55.3125 -55.3125 -55.3124 -55.3121 -55.3116 -55.3108 -55.3077 -55.3029 -58.7416 -58.7886 -58.8440 -58.8819 -58.9017 -58.9088 -58.9045 -58.7997 -58.4132 -58.3844 -58.3531 -58.6625 -58.6583
-54.7720 -58.4861 -58.6797 -58.7117 -58.8292 -58.6466 -58.7954 -58.8153 -58.7030 -58.5157 -55.2210 -55.2224 -58.9234 -58.9221 -58.9278 -58.9333 -58.9330 -58.7794 -58.7058 -55.1827 -55.1821 -55.1742 -55.1715 -55.1692 -55.1660 -55.1618 -55.1557 -58.5245 -58.6003 -58.6498 -58.6744 -58.6779 -58.6667 -58.6299 -58.4837 -58.1111 -58.0631 -58.0124 -58.2458 -51.3013
-55.1908 -60.2491 0.0000 0.0000 -60.6298 -60.4723 -60.2618 -60.0180 -59.7738 -59.5487 -55.1974 -55.1876 -58.9176 -58.8991 -58.8895 -58.8702 -58.8484 -58.7672 -58.6904 -55.1322 -55.1274 -55.1228 -55.1164 -54.8039 -54.8028 -54.8019 -54.7994 -57.8927 -52.0131 -51.9619 -51.9041 -51.8405 -51.7730 -51.6934 -51.5941 -51.4522 -51.3753 -51.2968 -51.2802 -51.1930
-55.1787 0.0000 0.0000 0.0000 -64.5424 0.0000 0.0000 0.0000 -61.1154 -59.9221 -55.2147 -55.1509 -58.9121 -58.8803 -58.9428 -58.9282 -53.0016 -52.8980 -52.8176 -51.5221 -51.4740 -51.4248 -51.3746 -51.3236 -51.2718 -51.2190 -51.1647 -52.2061 -52.1584 -52.1013 -52.0229 -51.9060 -51.8084 -58.6926 -58.2593 -58.2882 -58.3241 -58.3730 -58.8207 -58.8322
-55.0296 -55.0657 0.0000 -56.2357 -64.7118 0.0000 0.0000 0.0000 -54.0007 -53.8568 -52.0282 -51.9695 -53.2584 -53.1896 -53.1235 -53.0581 -52.9882 -52.8825 -52.8003 -51.4912 -51.4557 -51.3891 -51.3043 -55.0929 -55.0946 -55.0976 -55.1002 -58.8102 -58.9444 -59.0416 -59.1141 -59.1681 -59.2175 -59.1447 -58.6892 -58.7502 -58.7654 -59.2491 -59.4447 -59.1058
-52.5097 -52.5607 -54.9945 -55.0502 -55.1187 0.0000 0.0000 0.0000 0.0000 0.0000 -52.0141 -51.9280 -53.2879 -59.4142 -59.1985 -59.1781 -59.1390 -59.0426 -58.9585 -55.1294 -55.1293 -55.1307 -55.1019 -55.1070 -55.1134 -55.1502 -58.9020 -59.1356 -59.3008 -59.4191 -59.5089 -59.5838 -59.6069 -59.5388 -59.0571 -59.1443 -59.2444 -59.8763 -60.0904 -59.6873
