-57.1745 -57.2874 -57.4048 -57.4884 -57.5968 -57.7129 -57.8466 -57.9525 -58.0642 -58.1739 -58.2698 -58.3114 -58.3514 -58.4177 -58.4601 -58.4911 -58.5361 -58.5773 -58.6285 -58.6764 -58.7245 -58.7714 -58.8171 -58.8701 -58.9249 -61.2233 -61.6801 -61.9759 -62.2129 -62.4062 -63.5840 -63.7603 -63.2038 -62.7798 -62.4910 -62.2973 -62.2653 -62.2764 -62.1814 -62.1423
-57.4828 -57.5620 -57.6797 -57.7972 -57.9464 -58.0640 -57.8371 -57.9419 -58.0536 -58.1670 -58.2800 -58.4062 -58.5009 -58.5395 -58.5723 -58.6138 -58.6566 -58.7069 -58.7340 -58.7778 -58.8262 -58.8725 -58.9071 -58.9567 -59.0403 -59.0944 -59.1447 -61.3106 -61.6301 -61.8507 -62.0664 -62.2957 -62.4706 -62.3185 -62.0134 -61.7799 -61.6205 -61.5300 -62.2184 -62.2418
-57.4512 -57.5600 -57.7178 -57.8140 -57.9273 -58.0155 -58.1560 -58.2746 -58.3924 -58.5340 -58.6501 -58.7657 -58.8807 -58.6059 -58.6933 -58.7446 -58.7823 -58.8235 -58.8537 -58.8949 -58.9274 -58.9665 -59.0482 -59.0998 -59.1468 -59.1841 -59.2332 -59.2856 -59.3229 -61.3872 -61.6636 -61.9224 -62.1343 -62.3036 -62.4253 -62.1509 -61.9105 -61.7307 -61.6069 -61.5321
-57.5100 -57.6152 -57.7000 -57.7790 -57.8887 -58.0249 -58.1398 -58.2804 -58.3950 -58.5096 -58.6242 -58.7388 -58.8532 -58.9923 -59.0913 -59.1857 -59.2865 -59.3229 -59.3607 -59.4000 -59.0352 -59.1116 -59.1566 -59.2024 -59.2514 -59.2910 -59.3209 -59.3584 -59.4181 -59.4954 -59.5494 -59.6436 -61.8082 -62.0078 -62.1938 -62.3386 -62.2991 -62.0846 -61.9139 -61.7704
-50.0148 -57.6200 -57.6873 -57.8090 -57.9136 -58.0469 -58.1550 -58.2648 -58.3759 -58.4878 -58.6004 -58.7190 -58.8395 -58.9486 -59.0573 -59.1657 -59.2734 -59.3665 -59.4611 -59.5472 -59.5893 -59.6315 -59.6722 -59.7151 -59.7554 -59.7801 -59.8070 0.0000 0.0000 -70.1824 -60.1071 -60.1375 -59.7373 -59.8022 -61.8968 -62.0789 -62.2442 -62.4004 -62.2810 -62.1018
-50.0503 -50.1166 -57.7215 -57.8368 -57.9315 -58.0292 -58.1305 -58.2348 -58.3646 -58.4789 -58.6163 -58.7052 -58.8122 -58.9194 -59.0265 -59.1336 -59.2408 -59.3967 -59.5091 -59.6033 -59.6923 -59.7311 -59.7655 -59.8013 -59.8047 -59.8486 -59.8892 0.0000 0.0000 -70.3180 -68.4880 -64.6488 -60.2583 -60.2758 -60.3217 -60.3860 -62.7494 -62.9519 -63.1416 -62.4712
-50.1254 -50.1895 -50.2595 -50.3492 -57.9589 -58.0474 -58.1410 -58.2447 -58.3452 -58.4849 -58.5591 -58.6617 -58.7654 -58.8698 -58.9748 -59.0809 -59.2483 -59.3798 -59.4857 -59.5914 -59.6963 -59.7757 -59.8161 -59.8561 -59.8923 -59.9324 -59.9734 0.0000 0.0000 -72.7857 -68.5902 -66.8502 -64.6323 -63.3212 -60.3870 -60.4343 -60.4831 -60.5324 -62.8727 -63.0574
-50.2031 -50.2659 -50.3282 -50.3915 -50.4554 -58.0876 -58.1714 -58.3128 -58.4071 -58.4557 -58.5516 -58.6497 -58.7499 -58.8521 -59.0213 -59.1208 -59.2234 -59.3276 -59.4316 -59.4932 -59.6002 -59.6957 -59.7867 -59.8819 -59.9534 -60.0207 -60.1391 0.0000 0.0000 0.0000 -68.7144 -67.7574 -65.9684 -64.7053 -63.8007 -63.1547 -60.5519 -60.5970 -60.5876 -60.6365
-50.2793 -50.3407 -50.3992 -50.4618 -50.5231 -50.5861 0.0000 -62.2416 -58.4196 -58.4993 -58.5538 -58.6471 -58.8075 -58.9087 -59.0045 -59.1032 -59.2046 -59.2642 -59.3701 -59.4651 -59.5690 -59.6659 -59.7674 -59.8684 -59.9433 -60.0431 0.0000 0.0000 0.0000 -68.7713 -67.9025 -67.4491 -66.8009 -65.6806 -64.7861 -64.0952 -63.5648 -63.0522 -60.6535 -60.6994
-50.3525 -50.4143 -50.4743 -50.5349 -50.5956 -50.6562 -50.7177 -62.3981 -62.1290 -58.5047 -58.5879 -58.6770 0.0000 -58.9506 -59.0339 -59.0837 -59.1834 -59.2555 -59.3466 -59.4487 -59.5423 -59.6426 -59.7426 -59.8313 -59.9327 -60.0702 -60.1590 -60.2752 -65.4468 -65.5212 -65.5948 -65.8033 -65.8680 -65.8607 -65.5194 -64.6930 -64.1659 -63.7390 -63.3939 -63.2208
-50.4267 -50.4864 -50.5460 -50.6054 -50.6653 -50.7253 -50.7844 -50.8431 -59.3278 -60.3803 -60.9908 0.0000 -70.8681 -67.2030 -62.9535 -59.1001 -59.1926 -59.2779 -59.3658 -59.4619 -59.5588 -59.6444 -59.7441 -59.8437 -59.9502 -60.0526 -60.1541 -60.2403 -60.3363 -60.4476 -63.4995 -64.0731 -64.4494 -64.5733 -64.7425 -64.9082 -64.6778 -64.4039 -64.0239 -63.7721
-50.5045 -50.5592 -50.6180 -50.6770 -50.7356 -50.7930 -50.8511 -50.9096 -50.9683 -51.0279 -59.5280 -60.1802 -58.8328 -61.0515 -61.3650 -61.6047 -63.0097 -59.2454 -59.3389 -59.4013 -59.5190 -59.6176 -59.7534 -59.8744 -59.9746 -60.0732 -60.1702 -60.2669 -60.3618 -60.4419 -60.5319 -60.5427 -63.1169 -63.5864 -63.9320 -64.3333 -64.5639 -64.7461 -64.5350 -64.2075
-50.5782 -50.6361 -50.6948 -50.7510 -50.8079 -50.8650 -50.9223 -50.9805 -51.0357 -51.0940 -51.1522 -59.1531 -59.7323 -60.2151 -59.0386 -60.9050 -61.1882 -61.4363 -59.3614 -59.4196 -59.5502 -59.6487 -59.7475 -59.8467 -59.9431 -60.0392 -60.1350 -60.2270 -60.3189 -60.4106 -60.4435 -60.5241 -60.6159 -60.7921 -63.2793 -63.6820 -63.9766 -64.2252 -64.3667 -64.5527
-50.6501 -50.7061 -50.7611 -50.8165 -50.8772 -50.9345 -50.9919 -51.0491 -51.1062 -51.1640 -51.2216 -51.2790 -51.3337 -59.4695 -59.8894 -60.2717 -60.5589 -60.8800 -61.1946 -61.4385 -59.5672 -59.6517 -59.7460 -59.8388 -59.9321 -60.0225 -60.1123 -60.2024 -60.2348 -60.3276 -60.4203 -60.5811 -60.6814 -60.7621 -60.8594 -60.9447 -63.3145 -63.6240 -63.8852 -64.1100
-50.7204 -50.7769 -50.8336 -50.8893 -50.9452 -51.0012 -51.0574 -51.1138 -51.1699 -51.2257 -51.2873 -51.3405 -51.3941 -51.4500 -59.3250 -59.7142 -60.0803 -59.3374 -60.7585 -61.0302 -61.2482 -61.4704 -59.7471 -59.8333 -59.9187 -60.0052 -60.0347 -60.1257 -60.2170 -60.3085 -60.4766 -60.5757 -60.6619 -60.7451 -60.8195 -60.9065 -61.0030 -61.0864 -63.3841 -63.6537
-50.7913 -50.8477 -50.9049 -50.9622 -51.0183 -51.0736 -51.1290 -51.1839 -51.2448 -51.2967 -51.3422 -51.3967 -51.4462 -51.5015 -51.5608 -51.6286 -59.6675 -60.0053 -60.3244 -60.6164 -60.8789 -61.1183 -61.3330 -61.5320 -59.8709 -59.9581 -60.0255 -60.1141 -60.2816 -60.3801 -60.4760 -60.5548 -60.6371 -60.7237 -60.8082 -60.8900 -60.9626 -61.0476 -61.1500 -61.2410
-50.8751 -50.9273 -50.9773 -51.0338 -51.0902 0.0000 0.0000 -51.2704 -51.3130 -51.3545 -51.4084 -51.4563 -51.5139 -51.5757 -51.6316 -51.6871 -51.7422 -59.6492 -59.9050 -60.1941 -60.4988 -60.7461 -60.9750 -61.1134 -61.3167 -59.9620 -60.1251 -60.2219 -60.3157 -60.4045 -60.4801 -60.5618 -60.6235 -60.7015 -60.7828 -60.8677 -60.9563 -61.0471 -61.0696 -61.1586
-59.5464 -51.0073 -51.0587 -51.1114 -51.1660 0.0000 0.0000 -64.3765 -60.2410 -51.4241 -51.4761 -51.5336 -51.5947 -51.6426 -51.6964 -51.7509 -51.8053 -51.8591 -51.9120 -59.8703 -60.1161 -60.3005 -59.6994 -60.7677 -61.1223 -61.3292 -61.5702 -60.2470 -60.3271 -60.3979 -60.4758 -60.5485 -60.6250 -60.7066 -60.7932 -60.8831 -60.9115 -61.0012 -61.0675 -61.1455
-61.8301 -59.6928 -51.1364 -51.1853 -51.2269 -51.2810 -63.3678 -63.4152 -62.4348 -60.3458 -51.5588 -51.6117 -51.6644 -51.7170 -51.7692 -51.8213 -51.8738 -51.9248 -51.9695 -52.0100 -59.8422 -60.0213 -60.2569 -60.4882 0.0000 0.0000 0.0000 -66.7585 -61.6964 -60.3683 -60.4288 -60.5372 -60.6188 -60.7056 -60.7234 -60.8121 -60.9008 -60.9896 -61.0783 -61.1667
0.0000 -61.1655 -59.7727 -51.2502 -51.3002 -51.3500 -51.3962 -60.3037 -61.5198 -61.8672 -60.5443 -51.6824 0.0000 -51.7878 -51.8375 -51.8879 -51.9349 -51.9826 -52.0232 -52.0752 -52.1272 -52.1792 -60.0730 -59.2873 -60.6199 0.0000 0.0000 -72.6603 -66.7991 -66.6343 -60.5051 -60.5723 -60.5570 -60.6375 -60.6838 -60.7702 -60.8929 -60.9805 -61.0682 -61.1556
0.0000 -65.1953 -60.7674 -59.8568 -51.3915 -51.4161 -51.4655 0.0000 0.0000 0.0000 0.0000 0.0000 0.0000 -66.5101 -51.9028 -51.9483 -51.9831 -52.0334 -52.0835 -52.1347 -52.1862 -52.2376 -52.1168 -52.1671 0.0000 0.0000 0.0000 -75.4525 -72.0527 -66.8058 -66.3083 -64.2846 -60.5992 -60.6552 -60.7345 -60.8153 -60.8974 -60.9805 -61.0640 -61.1112
-64.4034 -63.9756 -61.5254 -60.6173 -59.9294 -59.4026 -51.5397 -51.5883 0.0000 0.0000 0.0000 0.0000 0.0000 -66.5951 -63.0183 -60.8930 -52.0460 -52.0959 -52.1456 -52.1952 -52.0703 -52.1199 -52.1694 -52.2176 -62.0224 0.0000 0.0000 -74.5714 -70.4588 -68.9578 -66.4672 -66.3538 -64.3985 -63.1592 -60.7708 -60.8277 -60.9072 -60.9869 -61.0668 -61.1474
-62.8397 -62.6917 -62.5733 -61.2991 -60.6003 -60.0658 -59.6195 -51.6588 -63.8396 -63.9157 -63.9912 -64.0662 -64.1397 -64.2131 -63.9997 -62.2860 -60.9969 -52.1593 -52.0298 -52.0777 -52.1242 -52.1717 -52.2229 -52.2705 -52.3193 -61.0699 -62.0898 -62.7187 -63.1113 -63.4010 -63.6763 -66.5816 -65.7137 -64.5124 -63.6381 -63.0044 -60.9361 -60.9929 -61.0706 -61.1491
-62.5638 -61.9279 -61.9289 -61.7979 -61.2062 -60.6385 -60.1785 -59.7967 -51.7763 -60.8304 -61.8649 -62.4476 -62.8311 -63.1129 -63.3361 -63.1473 -60.5074 -59.8576 -59.1798 -52.1321 -52.1818 -52.2289 -52.2746 -52.5124 -52.5625 -52.6126 -52.6626 -61.2468 -61.8737 -62.3373 -62.7322 -63.0307 -63.2806 -63.4913 -63.6731 -63.8372 -63.4013 -61.0210 -61.0963 -61.1569
-60.5348 -62.0735 -61.6042 -61.6055 -61.6358 -61.1252 -60.6547 -60.2893 -59.9579 -59.7154 -51.9393 -61.0037 -61.6308 -62.0924 -60.7810 -60.9927 -60.9854 -60.4128 -59.9261 -59.4121 -52.2360 -52.4758 -52.5241 -52.5723 -52.6204 -52.6698 -52.7193 -52.7688 -60.8523 -61.4215 -61.8830 -62.2586 -62.5729 -62.8740 -63.1129 -63.3243 -63.5113 -63.6795 -63.8349 -61.1813
-60.4397 -60.5852 -60.7278 -61.3984 -61.3765 -61.5415 -61.1109 -60.7113 -60.3750 -60.0952 -59.8678 -52.0522 -59.3844 -59.8341 -60.1854 -60.4576 -60.6996 -60.8384 -60.3802 -61.3070 -60.7598 -52.5374 -52.5850 -52.6328 -52.6805 -52.7280 -52.7760 -52.8249 -52.8736 -52.9220 -61.1538 -61.5854 -61.9545 -62.2725 -62.5503 -62.7970 -63.0508 -63.2559 -63.4396 -63.6111
-59.8676 -60.5071 -60.6497 -60.7897 -61.3380 -61.2875 -61.4473 -61.0824 -60.7422 -60.4512 -59.1124 -58.9544 -51.9703 -59.0474 -59.6245 -59.9547 -60.2206 -62.0108 -62.2910 -61.8691 -61.4107 -60.9673 -60.6099 -52.6935 -52.7404 -52.7875 -52.8341 -52.8805 -52.9285 -52.9765 -53.0244 -53.0970 -61.3940 -61.7465 -62.0593 -62.3381 -62.5896 -62.8176 -63.0276 -63.2534
-60.0862 -59.9695 -60.5765 -60.7164 -60.8540 -60.9895 -61.2592 -61.4109 -59.7417 -59.5289 -59.3410 -59.1602 -59.0384 -58.9531 -59.0415 -60.7170 -61.1305 -61.4934 -61.8140 -62.0961 -61.9146 -61.5257 -61.1385 -60.8201 -52.7987 -52.8452 -52.8916 -52.9378 -52.9838 -53.0308 -53.0784 -53.1259 -53.1733 -61.2814 -61.6091 -61.9116 -62.1857 -62.4369 -62.6665 -62.8760
-60.2057 -60.1786 -60.0707 -60.6475 -60.7851 -60.9208 -59.6680 -59.7700 -59.9186 -59.7428 -59.5805 -59.4140 -59.2581 -60.2901 -60.1693 -52.4285 -60.6023 -60.9823 -61.3243 -61.6321 -61.9560 -61.9754 -61.6333 -61.2969 -61.0108 -60.7979 -52.9492 -52.9951 -53.0409 -53.0865 -53.1321 -53.1793 -53.2267 -53.2739 -53.3210 -61.5251 -61.8117 -62.0765 -62.3214 -62.5508
-60.1423 -60.2875 -60.2712 -60.1718 -59.3989 -59.5049 -59.6006 -59.6940 -59.8099 -59.9146 -59.7822 -60.9830 -60.7801 -60.5998 -60.4433 -60.3227 -52.5396 -60.4780 -60.9229 -61.2460 -61.5363 -61.8017 -61.9856 -61.6896 -61.3996 -61.1853 -60.9774 -53.0525 -53.0980 -53.1434 -53.1888 -53.2340 -53.2800 -53.3270 -53.3736 -53.4202 -61.4840 -61.7479 -62.0483 -62.2910
-60.0815 -60.2262 -59.1145 -59.1098 -59.3269 -59.4245 -59.5436 -59.6450 -59.7360 -61.3270 -61.3952 -61.2902 -61.0868 -60.9027 -60.7374 -60.5923 -60.4753 -52.6743 -60.5397 -60.8901 -61.1909 -61.4701 -61.7270 -61.9626 -61.7905 -61.5345 -61.3090 -61.1175 -60.9971 -53.1946 -53.2457 -53.2906 -53.3351 -53.3797 -53.4260 -53.4728 -53.5257 -53.5721 -61.7617 -62.0021
-60.8905 -58.9668 -59.0369 -59.1472 -59.1650 -59.3760 -59.4716 -61.0097 -61.1468 -61.2828 -61.4167 -61.4627 -61.3771 -61.1926 -61.0239 -60.8716 -60.7304 -60.6160 -60.5490 -52.7997 -60.7847 -61.1649 -61.4316 -61.6811 -61.9115 -61.8953 -61.6675 -61.4661 -61.2900 -61.1544 -53.2961 -53.3406 -53.3853 -53.4368 -53.4816 -53.5329 -53.5788 -53.6242 -53.6682 -61.7425
-59.3858 -59.4847 -59.4821 -59.0942 -59.1939 -60.5567 -60.8266 -60.9662 -61.1039 -61.2397 -61.3734 -61.5053 -61.5412 -61.4317 -61.2883 -61.1319 -60.9888 -60.8614 -60.7530 -60.6789 -52.9057 -60.8430 -61.1626 -61.4181 -61.6608 -61.8861 -62.0060 -61.7999 -61.6147 -61.4529 -61.3192 -53.4081 -53.4517 -53.4953 -53.5387 -53.5820 -53.6236 -53.6669 -53.7046 -53.7494
-59.2011 -59.3958 -59.5063 -61.0104 -60.4964 -60.6390 -60.6719 -60.9274 -61.0643 -61.1994 -61.3323 -61.4634 -61.5814 -61.6134 -61.5039 -61.3798 -61.2374 -61.1059 -60.9887 -60.8881 -60.8135 -53.0112 -60.9153 -61.1818 -61.4256 -61.6575 -61.8758 -62.0840 -61.9302 -61.8366 -61.6820 -61.5476 -61.4553 -53.5505 -53.5936 -53.6348 -53.6737 -53.7161 -53.7594 -53.8038
-59.0309 -60.6585 -60.9069 -61.1085 -61.1066 -60.6073 -60.7466 -60.7875 -61.0278 -61.1619 -61.2811 -61.4078 -61.5328 -61.6563 -61.6973 -61.5845 -61.4405 -61.3442 -61.2236 -61.1166 -61.0227 -60.9505 -60.9231 -53.1579 -61.1489 -61.4459 -61.7305 -61.9393 -62.1750 -62.1562 -61.9891 -61.9808 -61.7598 -61.6528 -53.6531 -53.6859 -53.7280 -53.7699 -53.8116 -53.8534
-60.2340 -60.4907 -60.7396 -60.9784 -61.2068 -61.2053 -60.7408 -60.8535 -60.8879 -61.1098 -61.2372 -61.3630 -61.4875 -61.6108 -61.7332 -61.7916 -61.6713 -61.5414 -61.4235 -61.3458 -61.2456 -61.1562 -61.0849 -61.0482 -53.2708 -61.2733 -61.5243 -61.7722 0.0000 0.0000 0.0000 0.0000 -64.9276 -61.8734 -61.7614 -61.6966 -53.7806 -53.8220 -53.8634 -53.9049
-60.1101 -60.3447 -60.5882 -60.8256 -61.0544 -61.2740 -61.2134 -61.1388 -60.9360 -60.9894 -61.1974 -61.3229 -61.4475 -61.5714 -61.6943 -61.8184 -61.8931 -61.7669 -61.6441 -61.5343 -61.4645 -61.3738 -61.3555 -61.2781 -61.2262 -53.3708 -61.3733 -61.4911 0.0000 0.0000 0.0000 0.0000 -66.8575 -64.7770 -61.9646 -61.8654 -61.7921 -53.8777 -53.9222 -53.9632
-52.4117 -60.2357 -60.4556 -60.6868 -60.8931 -61.1082 -61.3151 -61.3015 -61.2314 -61.0298 -61.0923 -61.2889 -61.4137 -61.5390 -61.6636 -61.7870 -61.9066 -61.9805 -61.8636 -61.8024 -61.6931 -61.6248 -61.5573 -61.4694 -61.3946 -61.3900 -53.4963 -53.5091 -61.5006 -67.6388 -67.7060 -67.8860 -67.7092 -66.0835 -64.8389 -62.1163 -62.0218 -61.9473 -61.8918 -54.0124
-52.4871 -52.5259 -60.3376 -60.5398 -60.7555 -60.9686 -61.1754 -61.3758 -61.3920 -61.3276 -61.1288 -61.2017 -61.3876 -61.5128 -61.6343 -61.7562 -61.8799 -62.0571 -62.1249 -62.0412 -61.9300 -61.8230 -61.7246 -61.7152 -61.6897 -61.5546 -61.4903 -61.4311 -53.6064 -61.5900 -64.7356 -65.6817 -66.2092 -66.5495 -65.7111 -64.8497 -62.2026 -62.1147 -62.0418 -62.0207
-52.5602 -52.5954 -52.6330 -60.4453 -60.6361 -60.8426 -61.0483 -61.2496 -61.4461 -61.4902 -61.4330 -61.2341 -61.3130 -61.4875 -61.6144 -61.7906 -61.9047 -62.0176 -62.1718 -62.2459 -62.1249 -62.0155 -61.9145 -61.8213 -68.6564 -61.7058 -61.6402 -61.5879 -61.5218 -53.6989 -61.6309 -64.0238 -64.8757 -65.4546 -65.8729 -65.5032 -64.8546 -64.3629 -62.2194 -62.1873
