-74.6899
-73.9660
-72.5418
-71.9645
-71.6499
-71.6767
-70.6512
-70.7369
-71.8412
-71.9176
-71.8568
-73.1754
-72.4596
-72.6225
-72.6487
-73.7255
-74.4116
-72.6546
-72.3156
-72.7083
-72.7853
-71.9029
-71.8568
-71.2448
-71.2964
-71.9398
-71.8616
-71.7617
-71.6645
-71.5802
-71.1801
-71.1425
-71.1176
-71.0466
-71.5156
-71.2589
-71.3174
-71.3773
-71.4375
-75.5076
-74.6936
-72.3275
-71.8772
-72.1191
-71.0512
-70.7663
-72.0877
-72.3866
-72.2188
-72.0446
-71.7685
-71.7381
-72.2026
-72.2072
-73.2324
-73.3437
-72.6935
-72.7138
-72.7253
-72.6887
-73.2322
-73.7432
-75.0715
-72.3144
-72.2649
-72.1279
-71.9517
-71.8546
-71.7522
-71.2596
-71.2217
-71.0996
-71.0701
-71.0510
-71.0741
-71.1217
-71.6625
-71.1209
-71.1760
-76.4936
-73.6084
-72.7066
-71.3965
-71.1362
-72.7729
-72.9628
-72.7200
-72.4835
-72.2367
-71.2605
-71.0657
-71.4363
-71.3754
-71.3383
-72.9823
-73.1789
-73.3250
-72.8723
-72.9716
-72.8414
-73.8180
-74.6816
-72.5348
-72.3594
-71.9920
-71.8725
-71.3597
-71.1743
-71.1379
-71.1101
-71.0763
-71.0632
-71.0717
-71.1134
-70.5941
-71.0833
-71.2109
-76.7994
-73.1281
-71.4344
-73.0813
-75.2160
-73.7626
-72.6509
-72.3062
-71.0629
-70.9885
-70.7675
-71.0630
-71.8370
-72.0608
-72.2185
-72.2414
-73.0163
-72.7453
-72.9410
-73.4124
-74.7053
-72.2734
-72.1014
-71.9301
-71.2352
-71.1940
-71.1613
-71.1379
-71.1078
-71.0959
-71.0674
-71.0430
-70.3331
-70.6294
-70.6765
-70.8343
-70.7787
-71.2655
-82.2830
-75.4700
-73.5354
-71.5905
-70.7817
-70.4827
-70.3110
-71.4087
-71.6076
-71.9752
-72.0511
-72.1216
-72.1431
-72.2577
-73.0316
-73.3905
-73.6009
-72.2085
-71.2748
-71.2566
-71.2081
-71.1740
-71.1384
-71.1028
-71.0713
-71.0055
-70.4777
-65.3187
-70.5139
-71.1192
-70.5599
-70.6116
-70.7379
-70.8064
-74.6638
-71.2540
-70.7459
-70.6886
-70.9117
-71.0283
-71.6601
-71.6809
-71.7181
-72.2406
-72.2548
-71.9602
-71.9578
-72.0291
-73.6138
-71.1889
-71.1012
-71.0346
-70.9866
-70.9402
-71.1858
-71.1344
-71.1566
-71.0884
-70.4449
-70.4166
-65.2129
-70.8087
-70.4244
-70.9346
-71.0027
-70.7762
-70.7584
-70.8382
-70.6612
-70.8120
-70.7800
-71.4868
-71.5900
-71.6550
-71.6026
-72.1500
-72.2260
-72.2701
-72.2921
-72.0422
-71.5735
-71.5481
-72.1886
-72.0820
-71.3005
-71.1807
-71.1074
-71.0492
-70.9957
-70.7094
-70.9638
-70.8773
-70.2174
-70.1813
-70.1455
-70.4742
-65.2055
-70.0633
-70.5500
-70.9221
-71.1826
-70.7165
-70.8301
-70.7894
-72.6408
-71.5737
-71.5378
-71.4399
-71.6050
-71.8059
-71.8905
-72.4999
-72.3603
-72.4874
-72.2629
-72.3151
-71.8865
-72.1300
-71.9406
-71.5012
-72.2139
-72.0562
-71.9194
-71.1886
-71.1188
-71.2226
-71.1110
-70.9859
-70.8728
-70.2084
-70.1720
-69.9697
-70.4829
-70.4617
-65.0384
-70.4917
-70.7371
-70.7804
-70.8195
-70.1834
-70.5041
-70.4473
-70.5292
-71.8629
-71.8802
-71.8884
-71.8851
-72.7042
-73.0554
-72.9588
-73.0068
-72.8565
-72.6906
-73.2840
-73.3227
-72.5956
-71.8437
-72.1572
-71.9956
-72.3538
-72.1780
-72.0301
-71.5903
-71.4083
-71.2745
-71.1121
-70.9551
-70.2207
-70.1823
-70.1480
-70.5121
-70.4985
-70.4846
-69.9770
-65.2174
-70.6830
-70.7198
-70.7625
-70.7643
-70.1591
-70.4919
-71.6006
-71.4376
-71.4655
-71.9341
-71.9475
-72.0221
-76.6782
-76.7005
-73.8292
-73.6441
-73.4607
-73.3441
-73.2664
-73.1905
-72.8097
-72.8108
-73.3136
-73.4379
-72.3138
-72.4641
-72.3493
-72.2267
-71.3365
-71.1038
-70.9045
-70.1740
-70.1330
-69.9322
-70.4939
-70.4891
-70.4800
-70.1401
-70.6647
-70.6294
-70.6375
-70.6702
-70.6621
-70.6633
-69.9216
-71.1253
-71.4835
-71.6709
-71.5667
-71.7003
-72.3320
-74.1865
-73.9439
-73.5177
-73.3688
-73.1018
-73.3189
-73.5053
-72.8217
-72.5263
-72.1093
-71.7372
-70.8409
-70.1180
-69.9031
-70.4840
-70.4871
-70.4886
-70.7225
-70.1232
-70.6516
-70.6050
-70.5696
-70.5378
-70.5174
-70.5171
-70.1069
-70.6257
-70.6776
-71.0876
-71.2233
-71.3637
-71.5347
-72.2059
-73.5839
-73.6934
-73.4456
-72.1093
-71.6810
-72.6147
-72.9489
-73.6430
-72.2927
-71.7027
-70.6243
-69.8753
-69.8600
-70.4769
-70.4926
-70.7560
-70.7547
-70.0953
-70.6433
-70.5931
-70.5477
-70.4419
-70.3762
-69.9386
-69.9825
-70.0285
-70.4510
-70.5305
-70.9022
-71.0335
-71.1674
-70.9979
-71.4873
-72.1172
-72.1892
-71.0118
-71.0350
-71.5776
-72.3900
-72.0277
-72.8669
-73.7209
-72.4104
-70.7914
-70.7886
-70.4748
-70.4947
-70.7962
-70.8273
-70.7713
-70.0620
-70.6370
-70.5838
-70.5118
-70.3775
-70.2800
-69.8238
-69.8570
-69.9004
-69.9463
-70.3268
-70.1824
-70.4827
-70.5831
-70.6650
-70.6815
-70.4448
-70.4313
-70.6590
-71.7989
-71.9934
-72.0919
-71.6205
-70.6035
-70.5777
-70.5545
-70.0124
-72.2693
-72.8916
-70.4570
-70.4393
-70.7942
-71.1651
-71.4837
-71.4782
-70.8925
-70.7807
-70.0294
-70.6359
-70.5786
-70.4543
-70.3074
-69.7852
-69.7502
-69.7386
-69.7708
-69.5573
-69.6235
-70.6116
-70.6910
-70.9685
-70.8175
-70.9181
-71.0125
-70.9381
-70.6764
-71.5369
-71.7347
-72.2000
-72.3122
-70.8988
-71.2565
-71.2213
-70.5802
-70.3227
-70.8414
-70.7460
-70.8854
-70.5454
-70.1493
-70.9408
-71.4554
-71.5255
-72.0068
-71.1257
-70.9516
-70.0964
-70.2393
-70.1735
-69.9802
-69.7844
-69.7418
-69.7013
-69.6653
-64.6675
-69.4533
-69.5174
-69.5873
-70.5916
-70.6973
-70.7143
-71.1542
-71.2438
-71.0152
-71.0688
-72.1889
-72.3949
-72.5339
-73.2938
-72.3009
-72.2916
-71.7885
-71.0222
-71.0292
-70.7036
-70.7982
-71.0862
-70.9011
-71.0084
-73.4605
-72.5871
-72.5084
-72.3275
-71.5486
-70.7226
-69.8268
-70.4560
-70.3526
-69.9052
-69.4158
-69.3670
-69.0645
-69.0523
-69.0398
-64.5191
-69.0803
-69.1310
-69.1776
-70.5136
-70.5951
-70.7450
-71.2213
-71.3933
-71.5084
-74.3582
-74.8929
-73.8917
-73.8933
-72.1454
-72.0944
-71.1499
-70.9619
-70.6663
-70.7545
-70.8375
-70.9239
-72.0660
-73.2608
-72.8846
-72.5315
-72.2391
-70.3947
-70.9847
-70.0343
-69.9498
-69.5407
-69.2064
-69.1742
-68.7702
-68.7521
-69.0384
-64.4935
-69.0665
-69.1119
-69.1642
-70.4007
-70.6229
-70.8372
-71.4272
-71.7522
-74.6986
-73.9154
-72.0611
-71.0817
-70.9708
-70.6517
-70.2966
-70.7165
-70.8268
-70.9343
-72.0616
-73.3503
-72.9298
-72.5510
-71.0249
-71.9427
-70.1853
-69.7501
-69.7378
-69.7198
-69.6967
-69.6681
-69.6394
-69.6002
-68.7330
-64.3571
-68.7352
-68.7815
-68.8243
-70.3338
-70.4487
-70.6723
-70.8726
-71.6833
-74.2359
-71.8790
-70.8493
-70.4634
-70.4470
-70.5382
-70.2003
-70.2554
-70.2900
-70.2670
-70.4790
-73.4815
-73.0312
-71.0964
-70.8547
-70.3450
-69.8185
-69.8121
-69.8001
-69.7830
-69.7661
-69.7383
-69.7053
-69.6673
-69.6192
-64.7069
-69.1489
-69.2000
-69.2536
-69.6400
-69.6337
-69.6572
-70.9480
-71.2228
-71.2281
-69.9292
-69.9120
-70.3409
-70.3363
-70.3647
-70.3990
-69.5819
-69.6466
-69.7708
-70.3748
-73.5538
-70.3002
-70.3947
-70.4161
-70.4233
-69.9018
-69.8755
-69.8700
-69.8533
-69.8314
-69.8044
-69.7723
-69.7288
-69.6881
-69.6567
-69.6549
-69.6843
-69.2558
-69.5363
-69.5279
-69.5326
-69.8487
-69.8648
-69.8474
-69.8334
-69.8159
-69.8060
-69.7999
-69.8065
-69.8185
-69.8168
-69.7134
-69.7879
-69.5632
-69.6301
-69.6779
-69.7630
-69.8303
-70.1613
-70.2493
-70.3486
-70.4171
-70.4716
-70.5220
-70.4879
-70.5117
-69.9475
-69.9364
-69.9202
-69.8989
-69.8714
-69.8333
-69.8053
-69.7660
-69.7274
-69.7225
-69.7567
-69.7922
-69.4606
-69.4535
-69.4605
-69.7376
-69.7279
-69.7052
-69.7001
-69.6927
-69.6890
-69.6986
-69.7169
-69.2133
-69.2564
-69.3209
-69.3847
-69.1917
-69.6190
-69.6662
-69.7532
-69.8162
-70.2675
-70.4528
-70.5529
-70.6296
-70.7001
-70.7582
-70.5602
-70.6007
-70.0253
-70.0323
-70.0387
-70.0305
-70.0043
-69.9897
-69.8769
-69.8382
-69.7978
-69.7896
-70.0847
-70.1057
-69.6666
-69.3455
-69.3173
-69.5888
-69.5871
-69.5757
-69.5824
-69.5873
-69.5952
-69.0800
-69.1454
-69.2101
-69.2572
-69.3244
-69.3895
-69.4735
-69.2421
-69.2619
-69.7332
-69.7404
-69.8718
-70.4125
-70.5463
-70.6198
-70.6781
-70.7322
-70.7825
-70.8403
-70.2796
-70.2774
-70.2735
-70.0255
-70.0239
-70.0216
-69.9955
-70.2468
-70.2057
-70.1991
-70.1982
-70.2154
-69.4806
-69.1879
-69.1559
-69.4218
-69.4332
-69.4532
-69.4836
-68.9471
-69.0141
-69.0833
-69.1554
-69.2242
-69.2734
-69.3418
-69.4071
-69.4939
-69.2565
-69.2406
-69.2537
-69.3847
-69.4360
-70.3840
-70.5089
-70.6044
-70.6578
-70.7073
-70.7530
-70.8063
-70.2548
-70.2416
-70.2840
-70.6209
-70.6065
-70.5932
-70.5768
-70.5542
-70.4957
-64.6823
-70.1524
-69.5937
-69.2954
-69.0225
-69.0068
-69.0057
-68.6922
-68.7909
-68.8554
-68.9310
-69.0088
-69.0881
-69.1685
-69.2448
-69.2997
-69.3714
-69.4399
-69.5232
-69.5191
-69.2030
-69.3681
-69.4077
-69.4434
-69.4754
-69.9603
-70.5991
-70.6472
-70.6912
-70.7313
-70.7788
-71.2121
-70.5564
-70.5782
-70.5992
-70.6150
-70.5862
-70.5452
-70.4678
-70.4035
-64.6986
-69.7909
-69.8503
-68.8897
-69.1304
-68.2856
-68.3469
-68.6474
-68.7487
-68.8777
-68.9295
-69.0126
-69.0952
-69.1774
-69.2543
-69.3084
-69.3853
-69.4312
-69.4592
-69.4588
-69.3482
-69.3954
-69.4333
-69.4670
-69.4957
-69.9569
-70.0565
-70.0995
-71.1190
-71.1346
-71.1829
-71.2060
-70.5245
-70.5402
-70.5548
-70.5693
-70.5355
-70.4760
-70.3837
-69.6589
-64.4605
-69.6923
-69.7837
-68.1390
-68.3973
-68.2467
-68.3193
-68.6117
-68.7306
-68.8602
-69.0014
-69.0241
-69.1078
-69.1913
-69.2680
-69.3235
-69.3446
-69.3497
-69.3765
-69.6216
-69.6542
-69.4095
-69.4336
-69.4712
-69.8644
-69.8874
-70.4449
-70.5128
-70.5085
-70.5205
-70.5260
-71.2022
-70.5303
-70.5161
-70.5067
-70.4509
-70.4012
-70.3575
-69.6685
-69.6434
-64.4245
-69.6398
-69.7109
-68.0950
-68.1509
-68.4772
-68.2943
-68.3836
-68.7262
-68.8633
-69.0040
-69.1310
-69.1269
-69.2082
-69.2734
-69.2552
-69.2604
-69.2639
-69.5745
-69.6251
-69.6544
-69.7821
-69.7916
-69.8177
-69.8399
-69.8588
-70.3828
-70.4684
-70.5149
-70.5274
-70.5454
-70.5861
-70.5410
-70.4315
-70.3693
-70.3140
-69.5837
-69.5825
-69.5847
-69.5914
-64.4395
-69.6525
-69.7203
-68.0659
-68.1414
-68.4576
-68.3015
-68.3955
-68.7309
-68.8733
-69.0104
-69.1353
-69.2642
-69.1888
-69.1917
-69.1713
-69.1749
-69.4971
-70.0109
-70.0487
-70.0639
-70.1173
-69.7922
-69.7943
-69.8120
-69.8270
-69.8492
-70.4097
-70.5151
-70.5569
-70.5687
-70.4769
-70.3821
-69.6968
-69.6310
-68.9806
-69.4844
-69.4853
-69.4909
-69.5024
-69.5379
-69.7500
-69.8978
-67.8977
-67.9736
-68.2584
-68.1327
-68.2206
-68.5267
-68.6603
-69.0295
-69.1406
-69.1950
-69.2501
-69.5394
-69.5002
-69.8885
-69.9389
-70.0154
-70.0475
-70.0562
-70.1053
-70.1257
-69.7659
-69.7697
-69.8380
-69.8833
-70.4397
-70.5438
-70.4693
-70.3603
-70.2740
-70.1766
-68.9043
-68.8660
-68.9719
-68.9531
-68.9367
-69.4773
-69.5207
-69.5482
-69.6417
-69.8082
-67.4559
-67.5254
-67.6004
-68.4912
-68.2671
-68.3312
-68.7064
-68.8184
-69.2711
-69.2930
-69.3324
-69.3681
-69.5597
-69.6019
-69.6387
-69.7007
-69.6944
-69.7112
-69.7481
-70.1526
-69.8327
-69.8636
-69.8826
-69.9153
-70.3657
-70.3232
-70.2516
-70.3277
-69.4561
-69.4229
-69.3690
-68.8548
-68.8293
-68.8053
-68.7839
-68.7663
-68.7550
-68.7622
-69.4491
-69.6632
-67.5023
-67.5748
-67.6442
-67.9870
-67.7875
-68.2137
-68.4592
-68.5364
-69.2133
-69.2123
-69.2580
-69.7951
-69.6022
-69.6476
-69.6819
-69.7423
-70.1556
-69.9340
-68.9623
-69.8790
-69.9831
-69.6693
-69.8119
-69.6746
-69.5299
-69.8879
-69.8362
-69.0260
-68.9959
-68.9493
-69.2207
-68.7044
-68.6716
-68.6394
-68.6086
-68.5806
-68.5575
-68.5474
-68.5890
-68.7117
-68.2025
-68.7671
-68.8365
-68.8833
-68.8672
-68.1611
-68.3795
-68.4521
-68.4927
-68.4764
-68.9451
-69.0449
-69.6365
-70.6103
-70.3855
-70.2557
-69.9311
-69.0874
-70.2562
-70.3695
-70.4232
-69.8745
-69.7004
-69.5272
-69.3718
-68.9377
-68.9716
-68.9665
-68.9360
-68.8888
-68.8211
-68.3255
-68.2815
-68.2361
-68.1894
-68.1416
-68.0930
-68.0454
-68.0270
-68.0584
-68.9281
-69.0142
-69.0943
-69.0692
-69.1612
-69.0326
-68.9917
-69.3901
-69.5281
-70.1847
-69.9005
-69.9649
-69.9794
-69.8867
-69.6915
-69.3458
-69.0865
-70.5207
-70.6231
-70.5638
-70.3313
-70.1105
-69.5128
-69.3270
-68.5339
-68.4975
-68.8753
-68.9045
-68.8739
-68.8261
-68.7579
-68.2813
-68.2129
-68.1671
-68.1198
-68.0713
-68.0218
-67.9729
-63.6769
-67.9762
-69.1862
-69.2638
-69.5374
-69.5556
-69.7228
-69.6498
-69.7321
-70.9052
-72.1598
-71.6895
-68.4046
-70.1378
-69.9064
-69.8520
-69.6606
-69.4125
-69.1889
-69.8436
-68.5567
-68.5022
-68.4659
-68.4288
-68.7724
-68.8094
-68.8086
-68.7617
-68.6935
-68.6336
-68.1426
-68.0963
-68.0486
-67.9338
-67.9080
-67.8810
-63.6223
-67.8900
-69.1205
-69.1330
-69.1601
-69.1914
-69.2366
-69.9308
-69.9619
-70.7866
-73.8526
-70.9574
-71.1390
-70.2210
-69.9431
-69.5449
-69.2318
-68.1097
-68.0642
-68.0240
-67.7251
-67.6824
-68.3563
-68.3184
-68.7018
-68.7365
-68.6882
-68.6189
-68.4358
-67.9812
-67.9624
-67.9400
-67.9135
-67.8622
-67.7990
-63.5584
-67.7815
-69.0815
-68.3642
-68.3398
-68.3212
-68.9903
-69.1679
-69.0540
-70.1491
-69.1978
-69.4814
-69.6171
-69.6201
-69.7132
-70.3105
-70.8870
-71.4926
-70.9642
-70.3529
-68.8547
-68.0534
-68.0011
-67.9565
-67.6672
-67.6066
-67.5622
-67.5175
-67.6446
-67.7094
-67.7312
-68.4595
-68.4336
-67.9798
-67.9205
-67.8726
-67.8107
-67.7601
-67.6346
-63.4703
-67.6130
-68.3290
-68.3043
-69.1486
-69.3218
-69.6248
-70.4665
-70.6439
-68.4605
-68.3843
-69.3311
-69.3275
-69.5273
-69.5385
-69.8781
-70.4434
-71.9971
-69.1835
-69.1624
-69.0886
-69.0244
-68.9622
-68.9077
-68.4263
-67.4527
-67.4573
-67.4578
-67.4580
-67.8296
-67.8745
-67.8214
-67.7644
-67.7023
-67.2551
-67.9533
-67.9088
-67.8623
-67.5630
-67.5182
-67.5306
-68.0934
-68.0547
-68.0172
-67.9809
-67.9458
-67.9109
-67.8792
-67.8479
-67.8179
-67.7900
-67.8782
-67.8559
-67.8340
-67.8122
-67.8257
-68.4744
-68.4667
-68.7160
-68.7698
-68.4301
-68.4726
-68.5231
-68.5763
-68.5908
-68.5833
-68.2763
-68.2652
-68.2270
-68.5915
-67.8205
-67.7754
-67.7138
-67.6457
-67.2001
-67.1510
-67.0996
-67.0461
-66.9910
-66.9567
-67.6925
-68.6080
-67.9661
-67.9277
-67.8907
-67.8553
-67.8213
-67.7887
-67.7575
-67.7278
-67.7001
-67.7928
-67.7718
-67.7510
-67.7306
-67.7103
-67.2977
-67.3251
-67.5352
-67.6155
-67.6999
-68.4833
-68.5406
-68.5817
-68.6146
-68.6226
-68.3168
-68.2861
-68.2758
-68.6158
-68.6692
-68.6523
-68.5797
-68.4751
-67.8940
-67.0944
-67.0432
-66.9897
-66.9342
-66.8793
-66.8662
