-57.7198
-57.6395
-57.3846
-57.2675
-56.9842
-56.8497
-56.6651
-56.4792
-56.2668
-56.0710
-55.9297
-55.8105
-55.6897
-55.5673
-55.4433
-55.3185
-55.1929
-55.0657
-54.9866
-62.2968
-62.0963
-61.8973
-61.6969
-54.2712
-54.1328
-53.9997
-53.8585
-53.7100
-53.5679
-53.4284
-53.2800
-53.1291
-60.9505
-61.5247
-62.3823
-69.9123
-57.7607
-57.5802
-57.5471
-57.3643
-57.3207
-57.0360
-56.9241
-56.6366
-56.4729
-56.2838
-56.0934
-55.8697
-55.6762
-55.5300
-55.4059
-55.2801
-55.1526
-55.0235
-54.8939
-54.7628
-54.6299
-62.0718
-61.8577
-61.6327
-61.4201
-53.9417
-53.8047
-53.6600
-53.5071
-53.3698
-53.2216
-53.0707
-52.9171
-52.7609
-60.9124
-62.1466
-57.6770
-57.6203
-57.4634
-57.4042
-57.2199
-57.1984
-57.0355
-56.9469
-56.6829
-56.5417
-56.2498
-56.0812
-55.8807
-55.6856
-55.4638
-55.2402
-55.1136
-54.9842
-54.8531
-54.7202
-54.5855
-54.4504
-54.3133
-54.1743
-61.6235
-61.3908
-61.1557
-60.9535
-53.4592
-53.3039
-53.1601
-53.0086
-52.8548
-52.6982
-52.5399
-52.3781
-61.9052
-72.9242
-57.6986
-57.5572
-57.4762
-57.3689
-57.2588
-57.1474
-57.0499
-56.9105
-56.7944
-56.7017
-56.5337
-56.3148
-56.1440
-55.8654
-55.6671
-55.4684
-55.2680
-55.0407
-54.8114
-54.6790
-54.5439
-54.4070
-54.2680
-54.1276
-53.9860
-53.8409
-61.4178
-61.1681
-60.9367
-60.6730
-53.0958
-52.9493
-52.7930
-52.6349
-52.4751
-52.3121
-52.1463
-51.9752
-51.8064
-51.6268
-57.7354
-57.5550
-57.4368
-57.3293
-57.2205
-57.0842
-57.0224
-56.8490
-56.7826
-56.6153
-56.5459
-56.3505
-56.3027
-56.1045
-55.9482
-55.7229
-55.4711
-55.2425
-55.0381
-54.8318
-54.5986
-54.3632
-54.2245
-54.0832
-53.9398
-53.7943
-53.6461
-53.4976
-53.3468
-61.0047
-60.7207
-60.3969
-60.1464
-52.5738
-52.4108
-52.2457
-52.0793
-51.9097
-51.7344
-51.5626
-57.3573
-57.3737
-57.3391
-57.2918
-57.2297
-57.0697
-56.9580
-56.8451
-56.7206
-56.6046
-56.5120
-56.3909
-56.2432
-56.1423
-55.9413
-55.8877
-55.6767
-55.5963
-55.2909
-55.0832
-54.8238
-54.6132
-54.3758
-54.1112
-53.8939
-53.7484
-53.5995
-53.4477
-53.2950
-53.1412
-52.9893
-52.8499
-60.5293
-60.2547
-59.9156
-52.1841
-52.0153
-51.8432
-51.6693
-51.4891
-57.0020
-56.9435
-56.9583
-56.8725
-56.8744
-56.9102
-56.8716
-56.8301
-56.7378
-56.5867
-56.4690
-56.3498
-56.2042
-56.1318
-55.9323
-55.8542
-55.6992
-55.5856
-55.4011
-55.2896
-55.1538
-54.8419
-61.6239
-61.4207
-61.2152
-61.0105
-60.8119
-53.4022
-53.2477
-53.0921
-52.9341
-52.7777
-52.6103
-52.4536
-60.5294
-60.1904
-59.8058
-59.3706
-51.6018
-51.4220
-56.7961
-56.6880
-56.5785
-56.4677
-56.5047
-56.4313
-56.4653
-56.3741
-56.3807
-56.4355
-56.3774
-56.3546
-56.2314
-56.0592
-55.9351
-55.8095
-55.6578
-55.5535
-55.4136
-55.2531
-62.1905
-62.0483
-61.8502
-61.6469
-61.4376
-61.2224
-61.0016
-60.7724
-60.5462
-60.3192
-52.8870
-52.7298
-52.5647
-52.3919
-52.2309
-52.0615
-51.8885
-60.3603
-59.9637
-59.4627
-56.7101
-56.6020
-56.4914
-56.3806
-56.2675
-56.1533
-56.0288
-55.9119
-55.8928
-55.8722
-55.9573
-55.8727
-55.8994
-55.9231
-55.8454
-55.8158
-55.6363
-62.3484
-62.2618
-62.1475
-62.0671
-61.9851
-61.9117
-61.8418
-61.6899
-61.4814
-61.2659
-61.0478
-60.8154
-60.5745
-60.3186
-60.0654
-59.8396
-52.3508
-52.1749
-52.0094
-51.8352
-51.6588
-51.4787
-51.3440
-56.6816
-56.5734
-56.4640
-56.3534
-56.2414
-56.1295
-56.0148
-55.8900
-55.7718
-55.6520
-55.5307
-55.4077
-55.3691
-55.3670
-55.3881
-55.2818
-55.2992
-62.2301
-62.1361
-62.0465
-61.9317
-61.8512
-61.7755
-61.7049
-61.6394
-61.5802
-61.5279
-61.3622
-61.1427
-60.9136
-60.6664
-60.4156
-60.1518
-59.8985
-59.6028
-59.2834
-51.7816
-51.6049
-51.4234
-51.2385
-56.6587
-56.5496
-56.4392
-56.3274
-56.2143
-56.1002
-55.9855
-55.8694
-55.7433
-55.6235
-55.5032
-55.3814
-55.2579
-55.1401
-55.0147
-54.8848
-54.8028
-54.8186
-61.9344
-61.8520
-61.7821
-61.7248
-61.6270
-61.5498
-61.4800
-61.4181
-61.3647
-61.3214
-61.2889
-61.2685
-61.0801
-60.8440
-60.6048
-60.3519
-60.1083
-59.7828
-59.4714
-59.1738
-58.8198
-51.1247
-56.6352
-56.5252
-56.4128
-56.3007
-56.1876
-56.0732
-55.9575
-55.8403
-55.7216
-55.5930
-55.4719
-55.3500
-55.2266
-55.1016
-54.9832
-54.8573
-54.7270
-54.5938
-54.4585
-54.3211
-61.5561
-61.4477
-61.3581
-61.2611
-61.2086
-61.1751
-61.1616
-61.1215
-61.0856
-61.0658
-61.0647
-61.0850
-61.1011
-60.8914
-60.6661
-60.4559
-60.1615
-59.9289
-59.6345
-59.2989
-56.6133
-56.5013
-56.3901
-56.2776
-56.1638
-56.0486
-55.9320
-55.8140
-55.6948
-55.5747
-55.4447
-55.3215
-55.1967
-55.0703
-54.9421
-54.8211
-54.6933
-54.5611
-54.4270
-54.2911
-54.1532
-54.0131
-53.8696
-53.7238
-60.9174
-60.8124
-60.7373
-60.6919
-60.6803
-60.6969
-60.7560
-60.8237
-60.8728
-60.9503
-61.0924
-61.1091
-60.9608
-60.7319
-60.5927
-60.4234
-56.5859
-56.4749
-56.3647
-56.2527
-56.1391
-56.0239
-55.9072
-55.7892
-55.6697
-55.5487
-55.4262
-55.2940
-55.1685
-55.0415
-54.9135
-54.7837
-54.6600
-54.5289
-54.3931
-54.2554
-54.1168
-53.9768
-53.8347
-53.6906
-53.5450
-53.3921
-53.2401
-53.0846
-52.9269
-60.1785
-60.1404
-60.1564
-60.2310
-60.3769
-60.6088
-60.9070
-61.2431
-61.6558
-61.5383
-61.5966
-56.5567
-56.4470
-56.3347
-56.2232
-56.1104
-55.9958
-55.8795
-55.7617
-55.6424
-55.5216
-55.3993
-55.2752
-55.1415
-55.0143
-54.8854
-54.7548
-54.6224
-54.4960
-54.3625
-54.2257
-54.0861
-53.9443
-53.8003
-53.6541
-53.5050
-53.3560
-53.2049
-53.0474
-52.8916
-52.7328
-52.5708
-52.4043
-52.2349
-59.5285
-59.6038
-59.8079
-60.2049
-60.9017
-61.9582
-62.6431
-56.5327
-56.4222
-56.3104
-56.1956
-56.0815
-55.9660
-55.8491
-55.7309
-55.6117
-55.4910
-55.3686
-55.2447
-55.1192
-54.9842
-54.8563
-54.7257
-54.5932
-54.4589
-54.3303
-54.1945
-54.0534
-53.9110
-53.7665
-53.6201
-53.4720
-53.3213
-53.1682
-53.0125
-52.8503
-52.6894
-52.5279
-52.3634
-52.1960
-52.0255
-51.8519
-51.6739
-51.4912
-59.0179
-59.7887
-61.8403
-56.5068
-56.3964
-56.2846
-56.1696
-56.0553
-55.9397
-55.8227
-55.7043
-55.5844
-55.4629
-55.3403
-55.2150
-55.0882
-54.9596
-54.8228
-54.6915
-54.5591
-54.4249
-54.2888
-54.1581
-54.0203
-53.8777
-53.7330
-53.5862
-53.4371
-53.2861
-53.1325
-52.9763
-52.8179
-52.6536
-52.4901
-52.3237
-52.1545
-51.9816
-51.8055
-51.6287
-51.4485
-51.2637
-51.0763
-50.8853
-56.4781
-56.3676
-56.2559
-56.1426
-56.0263
-55.9118
-55.7948
-55.6764
-55.5564
-55.4349
-55.3119
-55.1864
-55.0595
-54.9310
-54.8004
-54.6614
-54.5278
-54.3923
-54.2548
-54.1152
-53.9814
-53.8390
-53.6677
-53.5202
-53.3704
-53.2182
-53.0635
-52.9062
-52.7471
-52.5852
-52.4168
-52.2495
-52.0793
-51.9061
-51.7297
-51.5491
-51.3649
-51.1770
-50.9844
-50.7895
-56.4458
-56.3384
-56.2263
-56.1129
-55.9719
-55.8538
-55.7353
-55.6164
-55.4962
-55.3744
-55.2510
-55.1260
-54.9994
-54.8711
-54.7406
-54.6077
-54.4668
-54.3309
-54.1930
-54.0530
-53.9109
-53.7736
-53.6270
-53.4804
-53.3296
-53.1758
-53.0196
-52.8620
-52.7020
-52.5393
-52.3738
-52.2018
-52.0304
-51.8558
-51.6786
-51.4984
-51.3144
-51.1272
-50.9362
-50.7411
-56.3874
-56.2756
-56.1651
-56.0511
-55.9357
-55.8172
-55.6993
-55.5800
-55.4593
-55.3370
-55.2132
-55.0878
-54.9608
-54.8321
-54.7017
-54.5693
-54.4350
-54.2920
-54.1539
-54.0138
-53.8724
-53.7283
-53.5888
-53.4402
-53.2918
-53.1383
-52.9820
-52.8231
-52.6615
-52.4971
-52.3298
-52.1595
-51.9858
-51.8072
-51.6298
-51.4491
-51.2648
-51.0768
-50.8851
-50.6896
-56.3576
-56.2455
-56.1321
-56.0203
-55.9040
-55.7863
-55.6656
-55.5453
-55.4235
-55.3002
-55.1753
-55.0489
-54.9215
-54.7925
-54.6617
-54.5292
-54.3951
-54.2590
-54.1141
-53.9736
-53.8309
-53.6862
-53.5394
-53.3971
-53.2460
-53.0934
-52.9392
-52.7809
-52.6200
-52.4560
-52.2898
-52.1207
-51.9486
-51.7730
-51.5907
-51.4083
-51.2223
-51.0326
-50.8391
-50.6418
-56.3269
-56.2135
-56.1003
-55.9856
-55.8725
-55.7548
-55.6356
-55.5132
-55.3912
-55.2675
-55.1424
-55.0156
-54.8873
-54.7582
-54.6267
-54.4934
-54.3583
-54.2209
-54.0821
-53.9350
-53.7921
-53.6468
-53.4999
-53.3573
-53.2058
-53.0514
-52.8957
-52.7383
-52.5765
-52.4121
-52.2447
-52.0746
-51.9017
-51.7260
-51.5473
-51.3622
-51.1769
-50.9881
-50.7957
-50.5993
-56.2905
-56.1784
-56.0636
-55.9491
-55.8362
-55.7186
-55.5996
-55.4775
-55.3558
-55.2333
-55.1085
-54.9820
-54.8539
-54.7241
-54.5926
-54.4592
-54.3240
-54.1865
-54.0478
-53.9067
-53.7573
-53.6121
-53.4641
-53.3142
-53.1686
-53.0135
-52.8562
-52.6970
-52.5360
-52.3707
-52.2025
-52.0314
-51.8576
-51.6810
-51.5012
-51.3179
-51.1282
-50.9378
-50.7437
-50.5457
-56.2603
-56.1477
-56.0338
-55.9172
-55.8006
-55.6863
-55.5666
-55.4455
-55.3213
-55.1974
-55.0719
-54.9448
-54.8160
-54.6855
-54.5536
-54.4200
-54.2846
-54.1473
-54.0075
-53.8657
-53.7229
-53.5711
-53.4237
-53.2741
-53.1220
-52.9726
-52.8160
-52.6561
-52.4937
-52.3310
-52.1634
-51.9925
-51.8182
-51.6406
-51.4599
-51.2757
-51.0880
-50.8966
-50.6986
-50.4996
-56.2310
-56.1189
-56.0046
-55.8876
-55.7705
-55.6521
-55.5351
-55.4136
-55.2906
-55.1646
-55.0388
-54.9113
-54.7822
-54.6513
-54.5187
-54.3837
-54.2475
-54.1094
-53.9689
-53.8269
-53.6828
-53.5370
-53.3824
-53.2320
-53.0793
-52.9242
-52.7718
-52.6116
-52.4480
-52.2818
-52.1136
-51.9436
-51.7690
-51.5913
-51.4104
-51.2262
-51.0385
-50.8473
-50.6530
-50.4522
-56.2028
-56.0896
-55.9752
-55.8593
-55.7407
-55.6221
-55.5020
-55.3831
-55.2597
-55.1331
-55.0069
-54.8790
-54.7487
-54.6174
-54.4844
-54.3495
-54.2127
-54.0741
-53.9334
-53.7903
-53.6455
-53.4991
-53.3498
-53.1924
-53.0389
-52.8830
-52.7246
-52.5687
-52.4058
-52.2392
-52.0698
-51.8981
-51.7242
-51.5462
-51.3648
-51.1801
-50.9919
-50.8000
-50.6043
-50.4047
-56.1730
-56.0616
-55.9467
-55.8305
-55.7129
-55.5924
-55.4719
-55.3499
-55.2282
-55.1029
-54.9745
-54.8463
-54.7163
-54.5846
-54.4512
-54.3159
-54.1788
-54.0398
-53.8988
-53.7558
-53.6102
-53.4630
-53.3140
-53.1622
-53.0023
-52.8461
-52.6874
-52.5261
-52.3676
-52.2015
-52.0325
-51.8598
-51.6846
-51.5072
-51.3249
-51.1393
-50.9501
-50.7573
-50.5607
-50.3602
-56.1456
-56.0319
-55.9190
-55.8024
-55.6844
-55.5643
-55.4421
-55.3197
-55.1986
-55.0729
-54.9440
-54.8153
-54.6849
-54.5529
-54.4190
-54.2833
-54.1457
-54.0062
-53.8647
-53.7212
-53.5751
-53.4273
-53.2780
-53.1260
-52.9718
-52.8095
-52.6507
-52.4893
-52.3252
-52.1632
-51.9937
-51.8213
-51.6454
-51.4666
-51.2854
-51.0993
-50.9095
-50.7161
-50.5188
-50.3176
-56.1372
-56.0234
-55.9075
-55.7911
-55.6751
-55.5557
-55.4347
-55.3109
-55.1869
-55.0640
-54.9365
-54.8059
-54.6754
-54.5431
-54.4091
-54.2732
-54.1355
-53.9958
-53.8545
-53.7111
-53.5656
-53.4175
-53.2677
-53.1161
-52.9615
-52.8044
-52.6135
-52.4513
-52.2865
-52.1190
-51.9532
-51.7799
-51.6029
-51.4239
-51.2414
-51.0548
-50.8661
-50.6722
-50.4744
-50.2727
-56.0771
-55.9632
-55.8476
-55.7305
-55.6121
-55.4941
-55.3725
-55.2495
-55.1234
-54.9972
-54.8718
-54.7420
-54.6092
-54.4765
-54.3421
-54.2059
-54.0677
-53.9276
-53.7856
-53.6414
-53.4952
-53.3464
-53.1957
-53.0428
-52.8880
-52.7301
-52.5697
-52.4016
-52.2362
-52.0681
-51.8972
-51.7278
-51.5510
-51.3702
-51.1874
-51.0011
-50.8101
-50.6164
-50.4174
-50.2146
-56.0560
-55.9417
-55.8214
-55.7044
-55.5860
-55.4660
-55.3465
-55.2234
-55.0976
-54.9716
-54.8440
-54.7172
-54.5844
-54.4517
-54.3172
-54.1809
-54.0426
-53.9025
-53.7603
-53.6160
-53.4696
-53.3210
-53.1697
-53.0166
-52.8616
-52.7035
-52.5428
-52.3794
-52.2084
-52.0399
-51.8686
-51.6942
-51.5211
-51.3405
-51.1559
-50.9683
-50.7783
-50.5846
-50.3873
-50.1842
-56.0254
-55.9109
-55.7950
-55.6747
-55.5564
-55.4365
-55.3126
-55.1920
-55.0672
-54.9394
-54.8114
-54.6817
-54.5525
-54.4176
-54.2826
-54.1457
-54.0070
-53.8662
-53.7234
-53.5786
-53.4319
-53.2830
-53.1318
-52.9778
-52.8219
-52.6641
-52.5030
-52.3393
-52.1728
-51.9988
-51.8270
-51.6522
-51.4743
-51.2980
-51.1143
-50.9271
-50.7354
-50.5413
-50.3432
-50.1405
-55.9946
-55.8803
-55.7647
-55.6477
-55.5249
-55.4051
-55.2838
-55.1618
-55.0396
-54.9135
-54.7842
-54.6543
-54.5233
-54.3895
-54.2528
-54.1158
-53.9769
-53.8360
-53.6930
-53.5480
-53.4008
-53.2514
-53.0997
-52.9452
-52.7886
-52.6299
-52.4681
-52.3035
-52.1362
-51.9661
-51.7890
-51.6139
-51.4357
-51.2543
-51.0737
-50.8856
-50.6939
-50.4976
-50.2987
-50.0958
-55.9683
-55.8538
-55.7379
-55.6206
-55.5019
-55.3775
-55.2559
-55.1327
-55.0078
-54.8813
-54.7559
-54.6242
-54.4922
-54.3608
-54.2229
-54.0850
-53.9452
-53.8034
-53.6579
-53.5120
-53.3640
-53.2138
-53.0612
-52.9064
-52.7486
-52.5888
-52.4273
-52.2636
-52.0972
-51.9280
-51.7558
-51.5761
-51.3982
-51.2170
-51.0325
-50.8484
-50.6569
-50.4614
-50.2613
-50.0576
-55.9367
-55.8250
-55.7084
-55.5895
-55.4701
-55.3493
-55.2269
-55.0988
-54.9733
-54.8462
-54.7174
-54.5889
-54.4549
-54.3204
-54.1883
-54.0495
-53.9103
-53.7691
-53.6258
-53.4805
-53.3330
-53.1833
-53.0313
-52.8772
-52.7189
-52.5601
-52.3993
-52.2352
-52.0681
-51.8977
-51.7244
-51.5481
-51.3643
-51.1821
-50.9965
-50.8075
-50.6188
-50.4226
-50.2224
-50.0178
-55.9064
-55.7913
-55.6781
-55.5604
-55.4413
-55.3207
-55.1986
-55.0741
-54.9449
-54.8182
-54.6899
-54.5599
-54.4289
-54.2952
-54.1594
-54.0243
-53.8836
-53.7424
-53.5993
-53.4529
-53.3047
-53.1543
-53.0016
-52.8466
-52.6891
-52.5287
-52.3661
-52.2015
-52.0336
-51.8627
-51.6883
-51.5121
-51.3326
-51.1458
-50.9601
-50.7710
-50.5782
-50.3853
-50.1859
-49.9829
-55.8830
-55.7676
-55.6509
-55.5329
-55.4166
-55.2958
-55.1735
-55.0495
-54.9239
-54.7926
-54.6636
-54.5320
-54.3995
-54.2660
-54.1296
-53.9933
-53.8512
-53.7094
-53.5653
-53.4190
-53.2705
-53.1212
-52.9688
-52.8141
-52.6569
-52.4972
-52.3344
-52.1701
-52.0023
-51.8316
-51.6580
-51.4822
-51.3033
-51.1211
-50.9314
-50.7426
-50.5499
-50.3541
-50.1577
-49.9535
-55.8584
-55.7460
-55.6256
-55.5070
-55.3870
-55.2686
-55.1457
-55.0213
-54.8952
-54.7674
-54.6341
-54.5029
-54.3702
-54.2360
-54.1009
-53.9620
-53.8240
-53.6804
-53.5367
-53.3909
-53.2428
-53.0925
-52.9399
-52.7859
-52.6293
-52.4709
-52.3086
-52.1441
-51.9774
-51.8073
-51.6341
-51.4573
-51.2769
-51.0933
-50.9068
-50.7129
-50.5197
-50.3227
-50.1226
-49.9221
-55.8227
-55.7172
-55.6030
-55.4843
-55.3607
-55.2390
-55.1158
-54.9941
-54.8680
-54.7402
-54.6109
-54.4800
-54.3436
-54.2092
-54.0730
-53.9364
-53.7971
-53.6575
-53.5125
-53.3665
-53.2191
-53.0695
-52.9176
-52.7633
-52.6063
-52.4459
-52.2827
-52.1162
-51.9483
-51.7774
-51.6029
-51.4255
-51.2464
-51.0638
-50.8777
-50.6881
-50.4912
-50.2946
-50.0956
-49.8928
-55.7973
-55.6817
-55.5744
-55.4556
-55.3382
-55.2130
-55.0895
-54.9651
-54.8424
-54.7154
-54.5868
-54.4564
-54.3244
-54.1868
-54.0512
-53.9136
-53.7726
-53.6334
-53.4890
-53.3427
-53.1943
-53.0436
-52.8906
-52.7343
-52.5760
-52.4152
-52.2528
-52.0874
-51.9196
-51.7498
-51.5767
-51.4003
-51.2219
-51.0404
-50.8556
-50.6673
-50.4753
-50.2760
-50.0757
-49.8713
