-68.3793
-68.5003
-68.2449
-68.1943
-68.1514
-68.1057
-68.4020
-68.0213
-67.9863
-67.9587
-68.2776
-68.2213
-68.1588
-68.0790
-67.9374
-67.8249
-67.7222
-67.6290
-67.6454
-67.5300
-67.4151
-67.2996
-67.1101
-67.1565
-67.1143
-67.0744
-67.0500
-67.0147
-66.9702
-66.9352
-67.0699
-67.0361
-66.9983
-66.8855
-66.7747
-66.6668
-66.5677
-66.4667
-66.3726
-66.2812
-68.4303
-68.3933
-68.3535
-68.0886
-68.0892
-68.0165
-68.7250
-68.7716
-68.3254
-68.3020
-68.2632
-68.2077
-68.1751
-68.1155
-67.9700
-67.8630
-67.7666
-67.8123
-67.7005
-67.5910
-67.4821
-67.3747
-67.1953
-67.1217
-67.0467
-66.9701
-66.8914
-66.7925
-67.8936
-67.8826
-68.0999
-68.1025
-68.1575
-68.2363
-68.3619
-68.5478
-68.8197
-68.8535
-69.1438
-69.3509
-70.4493
-68.2946
-68.8780
-68.5827
-68.5866
-68.4800
-68.7895
-68.8005
-68.2781
-68.1891
-68.1132
-68.0646
-68.0364
-68.0294
-67.9576
-67.9077
-67.8148
-67.8676
-67.7649
-67.6620
-67.5599
-67.4587
-67.2908
-67.2263
-67.1609
-67.0911
-67.0267
-66.9249
-66.8245
-66.7227
-66.7831
-66.6697
-67.9440
-68.0199
-68.1473
-68.3569
-68.6960
-69.1844
-69.3296
-70.3950
-69.3200
-68.9843
-68.6432
-68.6090
-68.3928
-68.2625
-68.5263
-68.0288
-67.9398
-67.8663
-67.8208
-67.7940
-67.7902
-67.7154
-67.7042
-67.7061
-67.8335
-67.7375
-67.6425
-67.5483
-67.4551
-67.2923
-67.2362
-67.1815
-67.1220
-67.0576
-66.9621
-66.8643
-66.7659
-66.8380
-66.7175
-66.6170
-66.5113
-66.4074
-66.3100
-67.8202
-68.4826
-69.4665
-71.0266
-68.8792
-68.4975
-68.3857
-68.1376
-67.9909
-68.2269
-67.7631
-67.6799
-67.6107
-67.5726
-67.5585
-67.5614
-67.4853
-67.4772
-67.4848
-67.6281
-67.6307
-67.6290
-67.5399
-67.3564
-67.3037
-67.2489
-67.1917
-67.1317
-67.0592
-66.9588
-66.7621
-66.6646
-66.7350
-66.6144
-66.5133
-66.4069
-66.3022
-66.2042
-66.1179
-66.0282
-65.9595
-66.1236
-68.0841
-67.7227
-67.5619
-67.4472
-67.1796
-67.3848
-67.5244
-67.4568
-67.4132
-67.3879
-67.3783
-67.3902
-67.3100
-67.3037
-67.3111
-67.4364
-67.4345
-67.2951
-67.3034
-67.2355
-67.2957
-67.1589
-67.0831
-67.0431
-66.9461
-66.8487
-66.7483
-66.6464
-66.7163
-66.5901
-66.4833
-66.3655
-66.2545
-66.1499
-66.0567
-65.9580
-66.1005
-66.0497
-67.8957
-67.4742
-67.3124
-67.2206
-66.9726
-67.1544
-66.8021
-66.7318
-66.6780
-66.4515
-66.4371
-66.4375
-66.3486
-66.3302
-66.3217
-66.4046
-66.3849
-66.3681
-66.3550
-66.2852
-66.3114
-66.3425
-66.3787
-66.4305
-66.4471
-66.4552
-66.4930
-66.5237
-65.8278
-65.6970
-65.5815
-65.4607
-65.3405
-65.2248
-65.1158
-65.0002
-65.1079
-65.0060
-70.0504
-67.5239
-66.7688
-66.8236
-66.8236
-66.8209
-66.6252
-66.8179
-66.5146
-66.4613
-66.4193
-66.3886
-66.3733
-66.3097
-66.2703
-66.2487
-66.3871
-66.3120
-66.2928
-66.2729
-66.2571
-66.1885
-66.2132
-66.2436
-66.2800
-66.3272
-66.3468
-66.3722
-66.3793
-66.4449
-66.6732
-66.7084
-66.7688
-66.6800
-66.5762
-66.4806
-66.3958
-65.1381
-65.3004
-65.1734
-65.9923
-65.9240
-65.8518
-67.3280
-67.3323
-67.3303
-67.0993
-67.3160
-66.9823
-66.9296
-66.8920
-66.8707
-66.8640
-66.7916
-66.7577
-66.7488
-66.9303
-66.8422
-66.8295
-66.8223
-66.7264
-66.7679
-66.8184
-66.8786
-66.9853
-67.0335
-67.0940
-67.1706
-67.2659
-67.3295
-67.7651
-67.9220
-68.1472
-68.4222
-68.7900
-69.3251
-70.1964
-72.8995
-67.3171
-67.3962
-65.8113
-65.8550
-65.8170
-65.7764
-65.5611
-65.7012
-66.8510
-66.7922
-66.7492
-66.7230
-66.7154
-66.6247
-66.5891
-66.5721
-66.7543
-66.6478
-66.6302
-66.6185
-66.5282
-66.5662
-66.6139
-66.6728
-66.7715
-66.8231
-66.8902
-66.9780
-67.0905
-67.4747
-67.5673
-67.8622
-68.1595
-68.5292
-69.0084
-69.6356
-70.4260
-72.9776
-65.9727
-65.9165
-68.0200
-68.1584
-68.1274
-68.0898
-65.6402
-65.4082
-65.3244
-65.2440
-65.1731
-65.1065
-66.5305
-66.4172
-66.3752
-66.3476
-66.5088
-66.3899
-66.3585
-66.3325
-66.2375
-66.2578
-66.2862
-66.3222
-66.3912
-66.4195
-66.4617
-66.5221
-66.6047
-66.9361
-67.0753
-67.1335
-67.2894
-67.8074
-68.2366
-68.8599
-69.8537
-73.1107
-66.0815
-66.0353
-65.8692
-65.9715
-65.9557
-65.9528
-65.9608
-69.9555
-65.1847
-65.0436
-64.9175
-64.8140
-64.7323
-64.5834
-64.4930
-64.4120
-65.8460
-65.7089
-65.5035
-65.4540
-65.3520
-65.3392
-65.3315
-65.3668
-65.3444
-65.3289
-65.3235
-65.3298
-65.3503
-65.5562
-65.6070
-65.6717
-65.6722
-65.6417
-65.5314
-65.4279
-65.3330
-65.2214
-65.0954
-64.9939
-65.5886
-65.5205
-65.3211
-65.3722
-65.3353
-65.2691
-65.2007
-64.9394
-64.8469
-64.7581
-64.6803
-64.6106
-64.5471
-64.4042
-64.3256
-64.2512
-64.2876
-64.2017
-64.0627
-63.9188
-63.8533
-65.1631
-65.1456
-65.1641
-65.2567
-65.2285
-65.2104
-65.2044
-65.2137
-65.4116
-65.4564
-65.5216
-65.6399
-65.6545
-65.7355
-65.7285
-65.6069
-65.4768
-65.3117
-65.1981
-67.6883
-67.6135
-67.5441
-67.1745
-65.3345
-65.2641
-65.2104
-64.9256
-64.8307
-64.7398
-64.6605
-64.5901
-64.5258
-64.3700
-64.2907
-64.3347
-64.2491
-64.1612
-64.0180
-63.8762
-63.8095
-63.7419
-63.6722
-63.6214
-63.5309
-64.8506
-64.8180
-64.7963
-65.4489
-65.6761
-65.7395
-65.8351
-66.0075
-66.2536
-66.3873
-66.6248
-67.7641
-68.5305
-68.5724
-69.8296
-69.2102
-69.5260
-70.1170
-70.6419
-65.2240
-65.0712
-64.9280
-64.6853
-64.6008
-64.5333
-64.3589
-64.2783
-64.3455
-64.2277
-64.1355
-63.9866
-63.8441
-63.7735
-64.0891
-64.0671
-63.9837
-63.8996
-63.8159
-63.7331
-63.6514
-63.5711
-63.6360
-65.3158
-65.3756
-65.5103
-65.7244
-66.0704
-66.6156
-66.7221
-67.1894
-69.8319
-70.8465
-73.8870
-65.1841
-65.0559
-64.9002
-64.8071
-64.7212
-64.6360
-64.4303
-64.3383
-64.3141
-64.1806
-64.0847
-63.9276
-63.7868
-63.7142
-63.6404
-63.5968
-63.4998
-63.4013
-63.3023
-63.2026
-63.1025
-63.0126
-63.4432
-63.3517
-63.2593
-63.1824
-63.1105
-64.8656
-65.2117
-65.8936
-66.2104
-66.8422
-72.1192
-65.4601
-65.1186
-65.1685
-65.1083
-65.0593
-64.9570
-64.8521
-64.7604
-64.6824
-64.6076
-64.3932
-64.3045
-64.3238
-64.2266
-64.1220
-63.8934
-63.8152
-63.6644
-63.5866
-63.5384
-63.4379
-63.3367
-63.2319
-63.1299
-63.0273
-62.9244
-62.9374
-62.8261
-62.7116
-62.6083
-62.5061
-62.4084
-62.3116
-62.6839
-62.6047
-62.5917
-66.0091
-65.4830
-65.5146
-65.4654
-65.3260
-65.0030
-65.1153
-65.0571
-65.0083
-64.9152
-64.8106
-64.7211
-64.6415
-64.5657
-64.3343
-64.2475
-64.2024
-64.1098
-64.0112
-63.7902
-63.7145
-63.6383
-63.6066
-63.5057
-63.4030
-63.2994
-63.1699
-63.0648
-62.9596
-62.8542
-62.8689
-62.7547
-62.6362
-62.5290
-62.4251
-62.3253
-62.2261
-62.1182
-61.9876
-61.8879
-61.8026
-65.3559
-65.4505
-65.2871
-65.1514
-64.8399
-64.9640
-64.9123
-64.8690
-64.7900
-64.6905
-64.6056
-64.5289
-64.4365
-64.2098
-64.1260
-64.2192
-64.1315
-63.8944
-63.7328
-63.6570
-63.5798
-63.5427
-63.4404
-63.3360
-63.2308
-63.1249
-63.0166
-62.9095
-62.8020
-62.8201
-62.6871
-62.5669
-62.4597
-62.3539
-62.2523
-62.1502
-62.0318
-61.8950
-61.8016
-61.7127
-65.1734
-65.2802
-65.2441
-65.1442
-65.0112
-64.9307
-64.8797
-64.6918
-64.7670
-64.6683
-64.5834
-64.5052
-64.3959
-64.1638
-64.2754
-64.1698
-64.0761
-63.8478
-63.6818
-63.6052
-63.5280
-63.4836
-63.3788
-63.2729
-63.1661
-63.0587
-62.9504
-62.8415
-62.7323
-62.7545
-62.5702
-62.4514
-62.3452
-62.2405
-62.1395
-62.0381
-61.9107
-61.7694
-61.6861
-61.5978
-64.9633
-65.0792
-65.0473
-64.9618
-64.8149
-64.7580
-64.7124
-64.5041
-64.6071
-64.5247
-64.4422
-64.3628
-64.2458
-64.0142
-64.1194
-64.0135
-63.9219
-63.7096
-63.5438
-63.4696
-63.3910
-63.3486
-63.2456
-63.1413
-63.0361
-62.9298
-62.8226
-62.7147
-62.6073
-62.6359
-62.5178
-62.3970
-62.2894
-62.1833
-62.0803
-61.9754
-61.8349
-61.5845
-61.6149
-61.5242
-64.9595
-65.0894
-65.0571
-64.9767
-64.8007
-64.7716
-64.7243
-64.4902
-64.5895
-64.5343
-64.4503
-64.3568
-64.2399
-63.9939
-64.0915
-63.9869
-63.7641
-63.5929
-63.5179
-63.4413
-63.3581
-63.3160
-63.2109
-63.1048
-62.9974
-62.8891
-62.7799
-62.6699
-62.6934
-62.5942
-62.4741
-62.3516
-62.2425
-62.1349
-62.0297
-61.9209
-61.7689
-61.6332
-61.5544
-61.4608
-66.8537
-67.1280
-67.1132
-67.0390
-66.7457
-66.8006
-64.9447
-64.6323
-64.6242
-64.6986
-64.6073
-64.5169
-64.3811
-64.1027
-64.1969
-64.0846
-63.8627
-63.6789
-63.5998
-63.5307
-63.4251
-63.3790
-63.2688
-63.1574
-63.0450
-62.9316
-62.8174
-62.7026
-62.7270
-62.6301
-62.5055
-62.3785
-62.2659
-62.1543
-62.0445
-61.9268
-61.7627
-61.6336
-61.5537
-61.4524
-67.8435
-68.3439
-68.4188
-68.4694
-68.1656
-68.5890
-68.8473
-68.9012
-69.5264
-71.8329
-64.5697
-64.2234
-64.2951
-64.1691
-63.9442
-63.7464
-63.6618
-63.5822
-63.4712
-63.4230
-63.3081
-63.1921
-63.0754
-62.9580
-62.8398
-62.7211
-62.7476
-62.6179
-62.4904
-62.3621
-62.2464
-62.1348
-62.0223
-61.9001
-61.7229
-61.6079
-61.5265
-61.4191
-68.4078
-69.1490
-69.2553
-69.3899
-69.0699
-69.8885
-70.3264
-72.4342
-65.2878
-57.6753
-57.4633
-57.3069
-57.2089
-57.0849
-56.9856
-56.8861
-56.7794
-56.6860
-56.5770
-56.4669
-56.3556
-56.2432
-56.1297
-62.7173
-62.7499
-62.6608
-62.5336
-62.3989
-62.2671
-62.1691
-62.0519
-61.9295
-61.7315
-61.6385
-61.5500
-61.4328
-68.9616
-73.2225
-72.9672
-70.8290
-72.2558
-65.2341
-65.1131
-65.0009
-65.0873
-64.8210
-64.5702
-64.4880
-64.4329
-64.3214
-64.2059
-64.1713
-64.0518
-63.9316
-63.8107
-63.6892
-63.5672
-63.4436
-63.5178
-63.4378
-63.3114
-63.1543
-63.0179
-62.9457
-62.8271
-62.7159
-62.4748
-62.4382
-54.8340
-54.5539
-74.2702
-73.1483
-72.0908
-65.6009
-65.6394
-65.5113
-65.3619
-65.2595
-65.3706
-65.2619
-65.0268
-64.7860
-64.7191
-64.6699
-64.5699
-64.5667
-64.4635
-64.3643
-64.2661
-64.1697
-64.0762
-63.9864
-63.9010
-64.0716
-64.0542
-64.0003
-63.9052
-63.9704
-64.0208
-64.1692
-64.4338
-64.5217
-66.4114
-69.9653
-70.1347
-70.3335
-70.7113
-71.4026
-71.1914
-65.9075
-65.7977
-65.6923
-65.7708
-65.6626
-65.5586
-65.4651
-65.5936
-65.3241
-65.2720
-65.0217
-64.9691
-64.9294
-64.8721
-64.9288
-65.1692
-65.0966
-65.0296
-64.9695
-64.9189
-64.8826
-64.8616
-65.2397
-65.3168
-65.4283
-65.4953
-66.0138
-72.1402
-66.2880
-66.2208
-66.3393
-66.3243
-66.5926
-66.0948
-66.4818
-66.3213
-66.2242
-66.3551
-66.2563
-66.1652
-66.0801
-66.2916
-65.9756
-65.9453
-65.6671
-65.9157
-65.6175
-65.5539
-65.6283
-65.5706
-65.5213
-65.4825
-65.4548
-65.4415
-65.4466
-65.4768
-66.0305
-66.1816
-72.2975
-72.0041
-66.8093
-66.7480
-66.7105
-66.6889
-66.6589
-66.1388
-66.5499
-66.6515
-68.6582
-69.4058
-70.0229
-71.3896
-72.7323
-66.3874
-66.0537
-66.0228
-66.2929
-65.9807
-65.9272
-66.0324
-65.9908
-65.9608
-65.9446
-65.9431
-65.9596
-66.1109
-71.5419
-70.2050
-72.0622
-62.5041
-62.4077
-64.4395
-64.4050
-70.2058
-70.0925
-70.0333
-70.0124
-69.9219
-68.8774
-69.7447
-69.4887
-66.6658
-66.7548
-66.6782
-66.5144
-66.5503
-66.5158
-66.4990
-66.1654
-66.1675
-66.3112
-66.1632
-66.1339
-66.2733
-66.2544
-66.3524
-66.4718
-67.8067
-68.7526
-69.6989
-70.9592
-63.1289
-69.0760
-62.6550
-62.5505
-62.3243
-62.3405
-62.2131
-62.0587
-61.9296
-65.9908
-65.7361
-65.6077
-65.5465
-65.4426
-64.9863
-65.3172
-65.1733
-66.8825
-67.1503
-67.0808
-67.0002
-66.9220
-66.8663
-66.8264
-66.4198
-66.6984
-66.7032
-66.2794
-66.2420
-66.3912
-66.3837
-66.4139
-66.7066
-66.8664
-67.1845
-67.8456
-69.3245
-62.9750
-62.8572
-62.7470
-62.6372
-62.5309
-62.4240
-62.1900
-62.2016
-62.0711
-61.9144
-61.7817
-65.7338
-65.6518
-65.5848
-65.5218
-65.4004
-64.9321
-65.2337
-65.2122
-64.9695
-64.8577
-64.9932
-64.8928
-64.7947
-64.7057
-64.6124
-64.2938
-64.4234
-64.3556
-64.0482
-63.9425
-63.9314
-63.8106
-63.6881
-63.5668
-63.4446
-63.3213
-63.1980
-63.0753
-62.9264
-62.8103
-62.6957
-62.5875
-62.4798
-62.3738
-62.2665
-62.0275
-62.0685
-61.9357
-61.7772
-61.6418
-65.7120
-65.6294
-65.5599
-65.4957
-65.3652
-64.8769
-65.1994
-65.1833
-64.9229
-64.8109
-64.9328
-64.8714
-64.7762
-64.6501
-64.3206
-64.2520
-64.4041
-64.3176
-63.9701
-63.8560
-63.8452
-63.7242
-63.5988
-63.4760
-63.3519
-63.2270
-63.1018
-62.9761
-62.8526
-62.7603
-62.6424
-62.5292
-62.4195
-62.3097
-62.1985
-61.9483
-61.9503
-61.7876
-61.6284
-61.4912
-67.2314
-67.7222
-67.6969
-67.6778
-67.5776
-66.8195
-67.5228
-67.6265
-67.2883
-67.2574
-67.7789
-67.8836
-68.0778
-68.2708
-68.3559
-70.5565
-63.9786
-63.8473
-63.8609
-63.7019
-63.5619
-63.4344
-63.3056
-63.1763
-63.0475
-62.9183
-62.7921
-62.6720
-62.5538
-62.4360
-62.3259
-62.2151
-62.1025
-61.9765
-61.8478
-61.7107
-61.5488
-61.4113
-67.3159
-67.9257
-67.9250
-68.0061
-67.9372
-67.0508
-67.9839
-68.0701
-68.1464
-67.7985
-70.0669
-70.6329
-63.9194
-63.7922
-63.7906
-63.6250
-63.4948
-63.3626
-63.2330
-63.0954
-62.9667
-62.8380
-62.7128
-62.5938
-62.4798
-62.3642
-62.2528
-62.1419
-62.0245
-61.8970
-61.7666
-61.6291
-61.4675
-61.4575
-67.8733
-68.6651
-68.7457
-68.7611
-68.7919
-67.6570
-72.9845
-71.7265
-71.0789
-73.0588
-64.0094
-63.8194
-63.6991
-63.7239
-63.5998
-63.4241
-63.2938
-63.1633
-63.0342
-62.9040
-62.7763
-62.6524
-62.5354
-62.4220
-62.3097
-62.2014
-62.0919
-61.9673
-61.8443
-61.7139
-61.5784
-61.4190
-61.4237
-72.1907
-72.7274
-71.8139
-64.3084
-64.1904
-64.1112
-64.0308
-63.9472
-63.7464
-63.6290
-63.6817
-63.5592
-63.3713
-63.2410
-63.1122
-62.9830
-62.8547
-62.7275
-62.6049
-62.4896
-62.3765
-62.2657
-62.1586
-62.0505
-61.7875
-54.7162
-54.5362
-54.4038
-54.2654
-54.1608
-71.6080
-70.6258
-64.7262
-64.6849
-64.5672
-64.4495
-64.3431
-64.2484
-64.1693
-64.0909
-64.0132
-63.9290
-63.7124
-63.5962
-63.6669
-63.5474
-63.4350
-63.2175
-63.0909
-55.8986
-55.7810
-55.6134
-55.4949
-55.3768
-55.2581
-55.1384
-55.0180
-54.8958
-54.7399
-54.6397
-54.5092
-54.3769
-54.2385
-54.1392
-65.2834
-65.1573
-65.0294
-64.9066
-64.7900
-64.6782
-64.5760
-64.7471
-64.7080
-64.6699
-64.5618
-64.4473
-64.3442
-64.2530
-64.1761
-64.0990
-56.8738
-56.7733
-56.5933
-56.4848
-56.4147
-56.3040
-56.1932
-56.0576
-55.9417
-55.8247
-55.7069
-55.5885
-55.4700
-55.3520
-55.2333
-55.1134
-62.4626
-62.4610
-62.3411
-62.6898
-63.0630
-63.8616
-65.7085
