-67.6108
-67.6395
-67.6751
-67.6607
-67.6996
-67.7302
-67.7503
-67.7486
-67.7465
-67.7412
-68.0404
-67.7320
-67.6203
-67.5653
-67.5133
-67.4676
-62.3169
-62.3245
-68.1422
-67.9851
-68.0780
-67.6386
-67.7429
-67.8487
-67.9597
-68.0760
-68.1928
-68.3118
-68.4329
-67.8327
-67.9144
-68.0009
-68.0922
-68.1792
-68.0650
-68.6630
-68.7551
-68.8410
-68.1822
-68.2384
-67.5583
-67.5346
-67.5666
-67.5911
-67.6269
-67.6633
-67.6773
-67.6732
-67.6689
-67.6635
-67.9573
-67.6509
-67.5412
-67.4870
-67.4358
-67.4004
-62.3781
-62.3414
-68.0173
-67.8716
-67.9441
-67.5400
-67.5240
-67.7406
-67.8481
-67.9566
-68.0672
-68.1764
-68.2862
-67.7461
-67.8044
-67.8884
-67.9775
-67.9214
-68.0198
-68.6624
-68.8111
-68.9225
-69.0273
-69.1058
-62.8452
-67.4720
-67.5003
-67.5307
-67.5621
-67.5942
-67.6022
-67.5957
-67.5890
-67.5824
-67.8706
-67.5666
-67.4586
-67.4146
-67.3641
-67.3194
-62.4327
-62.3556
-67.8920
-67.7563
-67.8103
-67.4385
-67.5321
-67.6291
-67.7299
-67.8311
-67.9304
-68.0304
-68.1329
-68.2381
-67.6864
-67.6288
-67.7147
-67.8061
-67.9032
-68.0045
-68.6753
-68.8507
-69.0313
-69.1941
-62.8632
-67.4195
-67.4433
-67.4691
-67.4960
-67.5234
-67.5257
-67.5164
-67.5071
-67.4979
-67.7805
-67.4795
-67.3826
-67.3292
-67.2789
-67.2342
-62.4439
-62.3670
-67.7653
-67.5284
-67.6811
-67.3359
-67.4223
-67.5123
-67.6025
-67.6918
-67.7845
-67.8780
-67.9743
-67.9303
-67.4307
-67.5085
-67.5920
-67.6814
-67.7769
-67.8771
-68.5115
-68.6817
-68.8490
-69.0045
-62.8849
-67.3689
-67.3874
-67.4080
-67.4297
-67.4522
-67.4483
-67.4359
-67.4237
-67.4117
-67.6977
-67.3996
-67.2942
-67.2406
-67.1900
-67.1450
-62.4523
-62.3751
-67.6387
-67.5226
-67.5520
-67.2282
-67.3059
-67.3850
-67.4654
-67.5478
-67.6324
-67.7203
-67.6742
-67.7660
-67.3045
-67.3792
-67.4599
-67.5468
-67.6403
-67.7389
-68.3385
-68.5033
-68.6561
-68.8071
-62.9097
-67.3266
-67.3375
-67.3511
-67.3665
-67.3829
-67.3721
-67.3559
-67.3492
-67.3340
-67.6034
-67.2809
-67.2034
-67.1492
-67.0980
-67.0517
-66.9263
-62.3818
-67.5138
-67.4039
-67.4207
-67.1115
-67.1784
-67.2502
-67.3233
-67.3986
-67.3515
-67.4314
-67.5136
-67.5993
-67.1694
-67.2406
-67.3179
-67.4019
-67.4926
-67.5893
-68.1540
-68.3129
-68.4831
-68.5991
-59.6900
-61.1886
-61.1388
-61.0881
-67.3147
-67.3220
-67.3021
-67.2892
-67.2685
-67.5073
-67.5093
-67.1692
-67.1114
-67.0558
-67.0023
-66.9568
-66.9249
-62.3861
-67.3865
-67.2797
-67.2806
-66.9871
-67.0464
-67.1107
-67.1764
-67.1284
-67.1979
-67.2701
-67.3465
-67.4258
-67.0252
-67.0923
-67.1657
-67.2460
-67.3335
-67.4263
-67.5300
-68.1120
-68.2773
-68.4535
-59.6947
-61.1694
-61.1180
-61.0671
-61.0156
-60.9651
-60.9044
-60.8426
-67.1991
-67.4265
-67.4206
-67.0819
-67.0204
-66.8734
-66.9099
-66.8633
-66.8286
-62.3876
-67.2531
-67.1478
-67.1381
-66.8587
-66.9101
-66.8591
-66.9166
-66.9764
-67.0387
-67.1038
-67.1730
-67.2454
-66.8718
-66.9341
-67.0029
-67.0788
-67.1599
-67.2516
-67.3521
-67.8983
-68.0577
-68.4056
-59.7002
-61.1528
-61.1009
-61.0505
-60.9974
-60.9433
-60.8815
-60.8202
-60.7576
-60.7505
-60.6371
-67.0082
-66.9410
-66.8792
-66.8221
-66.7712
-66.7300
-62.3851
-67.1173
-67.0145
-66.9945
-66.6262
-66.6702
-66.7174
-66.7672
-66.8193
-66.8740
-66.9323
-66.9932
-67.0580
-66.7091
-66.7659
-66.8294
-66.8991
-66.9762
-67.0633
-67.1596
-67.6704
-67.9828
-68.1594
-59.7056
-61.1385
-61.0859
-61.0327
-60.9790
-60.9240
-60.8619
-60.7992
-60.7357
-60.7274
-60.5905
-60.5336
-60.4606
-60.3872
-60.3133
-66.6874
-66.6358
-62.3827
-66.9859
-66.8829
-66.7504
-66.4984
-66.5337
-66.5725
-66.6140
-66.6580
-66.7044
-66.7545
-66.8072
-66.8639
-66.9251
-66.5869
-66.6440
-66.7084
-66.7796
-66.8609
-67.0788
-67.5724
-67.7259
-68.0076
-61.1751
-61.1222
-61.0692
-61.0155
-60.9612
-60.9049
-60.8424
-60.7790
-60.7151
-60.7068
-60.5911
-60.5135
-60.4397
-60.3645
-60.2893
-60.2153
-60.1426
-58.7359
-60.0658
-66.6664
-66.6222
-66.3738
-66.3984
-66.4272
-66.4591
-66.4937
-66.5311
-66.5721
-66.6159
-66.6637
-66.7151
-66.3990
-66.4489
-66.5060
-66.5701
-66.7620
-66.8512
-67.3956
-67.5534
-67.7297
-61.1589
-61.1056
-61.0520
-60.9979
-60.9431
-60.8860
-60.8230
-60.7393
-60.6959
-60.6871
-60.5712
-60.4931
-60.4188
-60.3441
-60.2692
-60.1940
-60.1199
-58.7176
-60.0390
-59.9533
-59.8778
-59.7588
-66.2788
-66.2912
-66.3093
-66.3315
-66.3576
-66.3878
-66.4212
-66.4578
-66.4999
-66.2023
-66.2435
-66.3977
-66.4571
-66.5269
-66.6836
-66.7859
-67.2628
-67.4234
-61.1417
-61.0886
-61.0346
-60.9800
-60.9246
-60.8664
-60.8038
-60.7407
-60.6768
-60.6675
-60.5512
-60.4727
-60.3981
-60.3232
-60.2480
-60.1519
-60.0789
-58.7175
-60.0163
-59.9298
-59.8521
-59.7909
-59.6687
-59.6044
-59.5390
-59.4723
-66.1976
-66.2100
-66.2283
-66.2523
-66.2817
-65.9987
-66.1286
-66.1701
-66.2830
-66.3491
-66.4264
-66.5166
-66.9478
-67.0918
-61.1214
-61.0680
-61.0142
-60.9597
-60.8843
-60.8473
-60.7848
-60.7215
-60.6570
-60.6463
-60.5304
-60.4518
-60.3773
-60.2809
-60.2063
-60.1318
-60.0584
-58.7165
-59.9937
-59.9078
-59.8294
-59.7673
-59.6457
-59.5794
-59.5121
-59.4435
-59.3749
-59.3055
-59.2348
-59.1629
-66.1710
-65.8896
-65.9083
-65.9966
-66.0375
-66.0892
-66.1521
-66.2263
-66.6117
-66.7371
-61.1005
-61.0465
-60.9920
-60.9377
-60.8829
-60.8248
-60.7626
-60.6990
-60.6347
-60.6242
-60.5092
-60.4306
-60.3347
-60.2603
-60.1857
-60.1112
-60.0377
-58.7149
-59.9707
-59.8855
-59.8066
-59.7438
-59.6232
-59.5562
-59.4884
-59.4195
-59.3494
-59.2781
-59.2055
-59.1512
-59.0778
-58.9575
-58.8821
-65.7748
-65.7913
-65.8221
-65.8646
-65.9199
-66.2584
-66.3613
-61.0828
-61.0072
-60.9726
-60.9172
-60.8616
-60.8019
-60.7384
-60.6744
-60.6099
-60.5987
-60.4625
-60.3853
-60.3120
-60.2383
-60.1644
-60.0902
-60.0165
-58.7126
-59.9472
-59.8625
-59.7832
-59.7193
-59.6006
-59.5336
-59.4652
-59.3955
-59.3248
-59.2723
-59.1996
-59.1257
-59.0624
-58.9311
-58.8538
-58.7753
-58.6978
-58.6191
-58.5393
-65.6138
-65.8975
-65.9664
-61.0668
-61.0117
-60.9564
-60.9002
-60.8429
-60.7817
-60.7174
-60.6524
-60.6129
-60.5530
-60.4392
-60.3616
-60.2882
-60.2144
-60.1404
-60.0664
-59.9932
-58.7088
-59.9228
-59.8391
-59.7593
-59.6944
-59.5768
-59.5093
-59.4409
-59.3715
-59.3202
-59.2481
-59.1863
-59.1122
-59.0369
-58.9092
-58.8294
-58.7506
-58.6709
-58.5901
-58.5083
-58.4255
-58.3424
-58.3023
-61.0522
-60.9964
-60.9397
-60.8822
-60.8243
-60.7624
-60.6980
-60.6110
-60.5926
-60.4893
-60.4182
-60.3399
-60.2656
-60.1914
-60.1172
-60.0431
-59.9698
-58.7042
-59.8973
-59.8139
-59.7342
-59.6690
-59.5529
-59.4854
-59.4363
-59.3663
-59.2952
-59.2348
-59.1617
-59.0873
-59.0118
-58.9351
-58.8051
-58.7256
-58.6452
-58.5639
-58.4811
-58.3971
-58.3119
-58.2613
-67.4550
-67.4232
-67.3921
-67.3614
-67.3311
-60.7221
-60.6575
-60.5921
-60.5729
-60.4685
-60.3981
-60.3199
-60.2457
-60.1711
-60.0963
-60.0214
-59.9473
-58.6993
-59.8715
-59.7884
-59.7081
-59.6421
-59.5270
-59.4790
-59.4104
-59.3524
-59.2820
-59.2106
-59.1379
-59.0634
-58.9878
-58.9106
-58.7818
-58.7018
-58.6206
-58.5379
-58.4541
-58.3622
-58.2764
-58.2314
-67.5362
-67.5024
-67.4680
-67.4325
-67.2956
-67.2412
-67.1806
-67.1193
-67.2727
-67.0286
-66.9455
-60.3005
-60.2259
-60.1508
-60.0757
-60.0009
-59.9267
-58.6961
-59.8485
-59.7651
-59.6838
-59.6361
-59.5210
-59.4525
-59.3951
-59.3253
-59.2547
-59.1829
-59.1100
-59.0360
-58.9608
-58.8844
-58.7582
-58.6776
-58.5885
-58.5058
-58.4221
-58.3373
-58.2514
-58.2048
-67.3775
-67.3528
-67.2316
-67.2083
-67.3904
-67.3338
-67.2720
-67.2084
-67.3617
-67.1075
-67.0169
-66.9169
-66.8211
-66.7264
-66.6342
-66.5467
-59.9067
-58.6929
-59.8257
-59.7422
-59.6809
-59.6124
-59.5098
-59.4406
-59.3707
-59.2998
-59.2278
-59.1548
-59.0813
-59.0068
-58.9312
-58.8542
-58.7214
-58.6415
-58.5608
-58.4788
-58.3956
-58.3112
-58.2252
-58.1388
-67.3058
-60.8578
-60.7997
-60.7409
-60.6814
-67.1476
-67.0974
-67.0469
-67.2070
-66.9877
-67.1169
-67.0283
-66.9312
-66.8336
-66.7363
-66.6404
-66.5486
-62.7251
-62.7342
-66.6633
-66.5483
-59.6015
-59.4877
-59.4176
-59.3468
-59.2755
-59.2031
-59.1297
-59.0553
-58.9722
-58.8948
-58.8163
-58.6913
-58.6110
-58.5299
-58.4480
-58.3651
-58.2810
-58.1955
-58.1176
-67.3406
-67.3096
-67.2788
-63.6028
-63.7147
-63.6908
-63.3628
-60.4713
-60.4496
-60.3431
-60.2684
-66.8259
-66.7454
-66.6661
-66.5885
-66.7753
-66.6853
-62.8543
-62.8242
-66.8661
-66.7425
-66.6806
-66.4054
-66.3459
-66.2859
-66.2260
-59.2032
-59.0977
-59.0217
-58.9445
-58.8669
-58.7881
-58.6643
-58.5831
-58.5010
-58.4180
-58.3340
-58.2577
-58.1730
-58.0872
-67.3986
-67.3658
-67.3326
-63.7405
-63.7654
-63.7733
-63.3414
-67.0900
-67.2420
-66.9995
-66.9108
-66.8320
-66.7479
-66.6652
-59.9550
-59.8996
-59.8246
-62.7877
-62.7908
-66.6727
-66.9260
-66.8667
-66.5902
-66.5332
-66.4407
-66.3734
-66.3015
-66.2255
-66.1441
-66.0587
-65.9709
-65.8850
-58.5917
-58.5080
-58.4243
-58.3492
-58.2649
-58.1796
-58.0932
-58.0058
-67.3883
-67.3696
-63.6829
-63.8359
-63.8172
-63.8326
-63.3302
-67.1524
-67.3047
-67.0572
-66.9654
-66.8832
-66.7946
-66.7061
-66.7143
-66.6292
-66.6041
-62.8453
-62.8199
-66.6534
-59.5685
-59.4963
-59.3788
-66.2053
-66.1718
-66.1401
-66.5310
-66.4645
-66.3923
-66.3148
-66.2314
-66.1418
-66.0445
-65.7671
-65.6596
-65.5460
-65.4292
-58.1610
-58.0737
-57.9791
-67.3637
-67.3431
-63.6661
-63.8512
-63.8317
-63.8462
-63.3546
-67.1522
-67.3230
-67.0940
-67.0224
-66.9602
-66.9697
-66.8804
-66.7916
-66.7616
-66.6787
-62.9053
-62.8774
-66.6840
-66.5702
-66.5070
-66.2584
-66.2067
-66.1559
-66.1060
-59.0657
-58.9896
-58.9124
-65.9149
-65.8722
-66.5142
-66.4414
-66.1266
-66.0422
-65.9517
-65.8206
-65.7114
-65.5917
-65.4588
-67.3404
-67.3179
-63.6838
-63.8664
-63.8461
-63.8594
-63.3712
-67.3060
-67.2816
-67.0531
-66.9806
-67.0184
-66.9503
-66.9409
-66.8755
-66.8122
-66.7534
-62.9670
-62.9378
-66.7785
-66.6634
-66.5952
-66.5487
-66.2863
-66.2295
-66.1704
-66.1092
-66.0460
-65.9811
-65.9620
-65.8979
-65.8341
-58.5820
-58.4558
-58.3720
-65.3675
-65.3370
-66.2171
-66.1504
-66.0817
-67.3200
-67.2951
-63.7021
-63.8821
-63.8608
-63.8730
-63.3879
-67.2686
-67.0713
-67.1128
-67.0400
-66.9780
-66.9674
-66.8999
-66.8125
-66.7453
-66.6821
-62.9747
-62.9555
-66.7734
-66.6870
-66.6452
-66.6286
-66.3977
-66.3428
-66.2838
-66.2222
-66.2067
-66.1419
-66.0742
-65.9751
-65.8990
-65.8195
-65.5426
-65.4589
-65.3744
-65.2898
-65.2063
-58.0037
-57.9146
-67.3061
-67.2786
-63.7224
-63.8997
-63.8772
-63.8881
-63.4057
-67.2349
-67.1334
-67.0770
-67.0029
-66.9811
-66.9088
-66.8371
-66.7666
-66.6980
-66.6333
-62.9819
-62.9615
-66.7125
-66.6253
-66.5786
-66.5587
-66.3311
-66.3027
-66.3237
-66.2977
-66.2435
-66.2139
-66.1839
-66.1197
-66.0459
-65.9679
-65.6901
-65.6060
-65.5192
-65.4295
-65.3367
-65.2410
-65.1412
-67.3072
-67.2759
-63.7481
-63.9227
-63.8987
-63.9078
-63.4693
-67.3139
-67.1007
-67.0904
-67.0122
-66.9453
-66.8710
-66.7974
-66.7250
-66.6543
-66.5875
-62.9895
-62.9677
-66.6535
-66.5650
-66.5137
-66.4891
-66.3357
-66.2579
-66.2263
-66.1942
-66.1615
-66.1283
-66.0947
-66.0606
-66.0262
-65.9907
-65.7602
-65.7231
-65.6867
-65.6175
-65.5303
-65.4387
-65.3451
-60.8061
-60.7456
-59.6468
-59.6693
-59.6160
-59.5914
-59.3655
-60.4183
-67.1364
-67.0788
-66.9970
-66.9267
-66.8489
-66.7719
-66.6959
-66.6221
-66.5520
-63.0005
-62.9766
-66.6017
-66.5115
-66.4780
-66.4486
-66.2251
-66.1891
-66.1531
-66.1167
-66.0799
-66.0426
-66.0047
-65.9664
-65.9278
-65.8881
-65.6626
-65.6215
-65.5812
-65.5416
-65.5019
-65.4646
-65.4287
-60.7946
-60.7337
-59.6350
-59.6861
-59.6325
-59.5904
-59.3857
-60.4122
-60.3092
-60.2389
-59.1813
-60.0892
-60.0134
-59.9371
-59.8605
-59.7837
-59.7071
-63.0098
-62.9831
-66.5684
-66.4737
-63.1209
-66.3738
-66.1520
-66.1119
-66.0721
-66.0325
-65.9930
-65.9535
-65.9140
-65.8746
-65.8311
-65.7860
-65.5722
-65.5176
-65.4721
-65.4274
-65.3825
-65.3400
-65.2988
-60.7822
-60.7211
-59.6526
-59.6856
-59.6318
-59.5959
-59.3794
-59.3451
-59.3033
-59.2603
-59.1808
-60.0758
-59.9998
-59.0091
-59.8462
-59.7690
-58.8615
-58.6590
-58.5988
-59.5117
-59.4280
-58.5106
-59.2752
-59.1646
-59.0886
-59.0118
-58.9342
-65.9014
-65.8482
-65.7951
-65.7422
-65.6890
-65.6371
-65.5858
-65.3660
-65.3153
-65.2649
-65.2172
-65.1714
-65.1275
-60.7886
-60.7277
-59.6515
-59.6903
-59.6362
-59.5933
-59.3725
-59.3440
-59.3017
-59.2582
-59.1787
-60.0604
-59.9847
-59.0068
-59.0435
-58.9859
-58.8622
-58.6575
-58.5968
-59.4964
-59.4127
-58.5064
-59.2586
-59.1482
-59.0714
-58.9939
-58.9155
-58.8361
-58.7556
-58.6742
-58.5918
-58.5082
-58.4240
-58.3388
-58.2212
-58.1339
-65.1274
-65.0584
-64.9914
-64.8461
-60.7706
-60.7094
-59.6534
-59.6839
-59.6294
-59.5860
-59.3670
-59.3381
-59.2957
-59.2521
-59.1729
-60.0411
-59.9657
-59.0046
-59.0402
-58.9791
-58.8567
-58.6543
-58.5940
-58.6343
-58.7158
-58.5015
-59.2416
-59.1316
-59.0546
-58.9768
-58.8981
-58.8184
-58.7377
-58.6561
-58.5734
-58.4895
-58.4048
-58.3190
-58.2013
-58.1134
-58.0245
-57.9346
-57.8279
-57.7537
-60.7603
-60.6984
-59.6479
-59.6769
-59.6221
-59.5781
-59.3609
-59.3313
-59.2883
-59.2269
-59.1649
-60.0229
-59.9473
-58.9952
-59.0291
-58.9677
-58.8457
-58.6448
-58.5841
-58.6181
-58.7031
-58.4914
-59.2193
-59.1103
-59.0335
-58.9559
-58.8774
-58.7980
-58.7176
-58.6361
-58.5537
-58.4701
-58.3851
-58.2987
-58.1819
-58.0938
-58.0046
-57.8991
-57.8260
-57.7368
-60.7455
-60.6830
-59.6452
-59.6727
-59.6174
-59.5727
-59.3569
-59.3264
-59.2826
-59.2068
-59.1612
-60.0017
-59.9257
-58.9861
-59.0181
-58.9558
-58.8442
-58.6347
-58.5735
-58.6056
-58.6880
-58.4780
-59.1929
-59.0847
-59.0079
-58.9303
-58.8297
-58.7497
-58.6687
-58.5867
-58.5037
-58.4196
-58.3343
-58.2482
-58.1324
-58.0441
-57.9402
-57.8679
-57.7793
-57.6897
-60.7299
-60.6672
-59.6422
-59.6684
-59.6129
-59.5678
-59.3537
-59.3259
-59.2650
-59.1858
-59.1395
-59.9631
-59.8868
-58.9630
-58.9928
-58.9301
-58.8475
-58.6108
-58.5487
-58.5783
-58.6653
-58.4487
-59.1468
-59.0384
-58.9605
-58.8819
-58.8025
-58.7220
-58.6406
-58.5579
-58.4741
-58.3890
-58.3036
-58.2173
-58.0857
-58.0145
-57.9277
-57.8397
-57.7507
-57.6542
-69.8229
-71.0555
-59.6458
-59.5897
-59.5312
-59.3351
-59.3030
-59.2580
-59.1786
-59.1319
-59.9422
-59.8659
-58.9544
-58.9826
-58.9195
-58.8555
-58.6022
-58.5398
-58.5677
-58.6523
-58.4514
-59.1234
-59.0154
-58.9372
-58.8584
-58.7786
-58.6979
-58.6163
-58.5336
-58.4498
-58.3650
-58.2790
-58.1756
-58.0788
-57.9914
-57.9035
-57.8146
-57.7186
-57.6263
-71.0912
-72.6131
-64.8952
-64.6705
-65.5427
-59.1717
-59.1244
-59.9218
-59.8453
-58.9457
-58.9724
-58.9089
-58.8446
-58.5934
-58.5306
-58.5569
-58.6389
-58.4709
-59.0996
-58.9919
-58.9134
-58.8341
-58.7541
-58.6730
-58.5911
-58.5081
-58.4239
-58.3389
-58.2370
-58.1678
-58.0822
-57.9687
-57.8803
-57.7852
-57.6937
-57.6011
