-68.0322
-68.9070
-68.7389
-70.2868
-71.2108
-71.5084
-72.6711
-74.2222
-76.8199
-67.2525
-67.0665
-68.4377
-68.4579
-68.6935
-71.0947
-72.8143
-71.1847
-71.2353
-72.1131
-72.9134
-61.1420
-61.2906
-61.4026
-61.5426
-61.6897
-61.8427
-61.9981
-62.1461
-62.3664
-62.4774
-62.0800
-58.9680
-72.9307
-72.5921
-71.5422
-71.5414
-71.4086
-71.1183
-70.9842
-70.8765
-71.1486
-68.2832
-69.1886
-69.2919
-68.9995
-69.0812
-70.2289
-70.6367
-71.5336
-72.9915
-75.4888
-71.1835
-71.1467
-71.0848
-70.9315
-69.5344
-69.3106
-64.3640
-61.4873
-61.6032
-61.6721
-61.7955
-61.9212
-62.0478
-62.1696
-62.2769
-62.3646
-62.1155
-59.1329
-61.4614
-70.9178
-70.6625
-70.3186
-69.5099
-69.6477
-69.5402
-69.5906
-71.3436
-71.4934
-71.5553
-71.3834
-71.1565
-71.5676
-71.2266
-69.5071
-69.0207
-68.6065
-68.2602
-67.7990
-64.6099
-61.6948
-61.7743
-61.8663
-61.9181
-62.0238
-62.1273
-62.2269
-62.3164
-62.3853
-62.1367
-59.3281
-61.7911
-62.5584
-70.1669
-70.8624
-71.0616
-73.7930
-75.7587
-71.3725
-74.3745
-77.6588
-71.2731
-71.0344
-69.9023
-69.6562
-69.7623
-69.4829
-68.9304
-68.3701
-67.8178
-67.2390
-64.7895
-61.8796
-61.9637
-62.0271
-62.1077
-62.1914
-62.2299
-62.3116
-62.3848
-62.4435
-59.9945
-59.5244
-62.1088
-63.3656
-65.0334
-72.1228
-72.1281
-72.9809
-73.9735
-74.8747
-76.3540
-74.5685
-75.5436
-77.9737
-70.1442
-69.7921
-69.5571
-69.2768
-69.2579
-68.9263
-68.3792
-67.7588
-67.1149
-64.9338
-64.0706
-62.1234
-62.2012
-62.2623
-62.3298
-62.3988
-62.4169
-62.4770
-63.7738
-62.3360
-63.1812
-64.3496
-64.2493
-74.5986
-75.1024
-75.9446
-80.3256
-81.2427
-75.5865
-76.2122
-78.2078
-69.8559
-69.4897
-69.2238
-73.5567
-67.8786
-67.2387
-65.1056
-64.4039
-62.2546
-62.3661
-62.4231
-62.4781
-62.5349
-62.5889
-63.2616
-63.3339
-74.7496
-75.3391
-75.7980
-78.9415
-76.4718
-76.2450
-76.6202
-78.7416
-70.7722
-73.2462
-73.7401
-76.7667
-67.4420
-65.3633
-64.7347
-62.8636
-63.1670
-62.6744
-63.3636
-68.5598
-69.8714
-68.4978
-76.0503
-76.1777
-76.0154
-75.1549
-73.8813
-74.0104
-74.0585
-75.2651
-76.6446
-76.0669
-76.5557
-78.4413
-73.8650
-73.9618
-76.1261
-76.7388
-65.6418
-65.6535
-63.0970
-63.2574
-69.1590
-63.5072
-63.8302
-68.7265
-74.0118
-74.6029
-75.5917
-77.1510
-78.1408
-70.5522
-73.8032
-75.3879
-75.4550
-75.1817
-73.5696
-73.6521
-73.5961
-73.5722
-74.5149
-74.6564
-74.0495
-74.0489
-74.6077
-74.0829
-73.9712
-73.8186
-73.1746
-72.8736
-72.8287
-72.8582
-74.1009
-74.4121
-66.0849
-65.5375
-63.4344
-66.1851
-69.0400
-73.4963
-73.8276
-63.9235
-64.1598
-68.7735
-72.1389
-72.8551
-73.5613
-75.1443
-68.6909
-70.7445
-72.7275
-74.8147
-73.6733
-73.9148
-73.8987
-73.4823
-72.5598
-72.5540
-72.4482
-72.3618
-72.9083
-72.7414
-72.4139
-72.3230
-72.3291
-71.7015
-72.2552
-72.0083
-71.4296
-71.0371
-70.7453
-70.3570
-70.1092
-66.3424
-65.7187
-63.4177
-63.4991
-66.6773
-68.3014
-70.0894
-63.9398
-63.9977
-66.7262
-67.8777
-68.0640
-67.9220
-67.8789
-67.7140
-67.4911
-67.2825
-67.2089
-67.0241
-66.8078
-73.6063
-73.4279
-73.2217
-72.4869
-72.3708
-72.2407
-72.1487
-72.5975
-72.4135
-72.1085
-71.9868
-71.8947
-71.3059
-71.7237
-71.3994
-70.8410
-70.3582
-69.9076
-69.2714
-66.5248
-66.0783
-63.6256
-63.6525
-66.1191
-67.2004
-68.2098
-67.6915
-64.1303
-64.1842
-67.0457
-67.7563
-67.5969
-67.4211
-67.3189
-67.1153
-66.8566
-66.5992
-66.1423
-65.7017
-65.3016
-72.9257
-73.1906
-72.9783
-72.3101
-72.1760
-72.0433
-71.9283
-72.2681
-72.0985
-71.8047
-71.6385
-71.4883
-70.9268
-71.2197
-70.8608
-70.2719
-69.7160
-69.1507
-66.5673
-66.2935
-65.8252
-63.8336
-65.8607
-66.6396
-67.4808
-67.5351
-64.1872
-64.3014
-66.5328
-67.2099
-67.3389
-67.1477
-66.9392
-66.6868
-66.4612
-66.1225
-65.7624
-65.3538
-64.9932
-64.5065
-72.6055
-72.9695
-72.8015
-72.1311
-71.9917
-71.8408
-71.6968
-71.9142
-71.7311
-71.4926
-71.3074
-71.1109
-70.5562
-70.6374
-70.3644
-69.7502
-69.1477
-66.7605
-66.3869
-66.1029
-64.0039
-64.0498
-66.3527
-66.9975
-67.6552
-66.6213
-64.3607
-64.4587
-66.7739
-67.2602
-67.0108
-66.7152
-66.4668
-66.2010
-65.9133
-65.6104
-65.2149
-64.7669
-64.3463
-63.8101
-72.4578
-72.8484
-72.5799
-71.9591
-71.8042
-71.6406
-71.4701
-71.6489
-71.4474
-71.2465
-70.9972
-70.7059
-70.2088
-70.1885
-69.8816
-69.2907
-66.9514
-66.5997
-66.2284
-64.1553
-64.2062
-66.2903
-66.7195
-67.2462
-67.0851
-64.3625
-69.9717
-66.9664
-66.9017
-66.6422
-66.3213
-66.0478
-65.7546
-65.4278
-65.0846
-64.7146
-64.2369
-68.3786
-74.1708
-74.9488
-75.8095
-72.2848
-74.9489
-78.2242
-78.6950
-72.9127
-67.5349
-67.5802
-68.1445
-64.9525
-65.0810
-70.1108
-66.8347
-68.9898
-70.1281
-75.4084
-64.2567
-68.5285
-74.1054
-76.3418
-75.9494
-77.8830
-77.2228
-78.9331
-73.0497
-67.5627
-67.9834
-67.8561
-65.2070
-65.5334
-70.2521
-68.6938
-69.4936
-70.2826
-76.5956
-68.8122
-70.7697
-70.6450
-70.4941
-77.1970
-77.0022
-77.0563
-77.3898
-78.2419
-79.5974
-80.7202
-71.9172
-73.1844
-77.4914
-70.0270
-67.9697
-68.2391
-65.3384
-65.4522
-68.9507
-70.3995
-69.1191
-69.8194
-70.4460
-70.6113
-70.4861
-69.1832
-69.9191
-69.7522
-69.5753
-69.6383
-84.7245
-87.6972
-76.6781
-80.1215
-80.8847
-81.7278
-82.4488
-76.2144
-76.9776
-77.1203
-77.2413
-77.9887
-77.0380
-72.5027
-73.3168
-70.1486
-68.0126
-68.3492
-68.0607
-65.5779
-65.5741
-68.6867
-69.5411
-71.0529
-68.7887
-69.1570
-69.4954
-70.1888
-69.9333
-69.6242
-69.3132
-68.9071
-68.3045
-67.5945
-66.1718
-61.4356
-82.1238
-84.0757
-76.1930
-78.4240
-78.7483
-78.5507
-76.7271
-75.0717
-74.8114
-74.1042
-74.6169
-74.6925
-74.6531
-74.5312
-70.9817
-71.6833
-69.6527
-69.4809
-68.3108
-68.4414
-65.6089
-65.6700
-68.1371
-68.8788
-69.6246
-70.3816
-68.8564
-69.1393
-69.4002
-69.4217
-69.0805
-68.6905
-68.1986
-67.6302
-66.8465
-65.7974
-61.6801
-63.5684
-77.1729
-77.3192
-77.3835
-77.3135
-75.0991
-76.4094
-74.9197
-74.9066
-75.7658
-75.6364
-75.3417
-74.8145
-75.3302
-75.7234
-76.1321
-76.3789
-72.7187
-68.5233
-68.2218
-65.7696
-65.8247
-68.4056
-69.0033
-69.5954
-69.8405
-68.8765
-69.0946
-68.9526
-68.7113
-68.2996
-67.8274
-67.2593
-71.3434
-61.9700
-63.4327
-65.8006
-78.2128
-78.2868
-78.7295
-76.2195
-74.6424
-75.6055
-75.6938
-75.5815
-75.6695
-75.5044
-75.0983
-74.8573
-75.2770
-75.7339
-76.2122
-74.8209
-76.9420
-68.6529
-65.9466
-65.9206
-68.1078
-68.5990
-69.0820
-69.4570
-69.3436
-68.8713
-68.7517
-68.3913
-68.0682
-67.6034
-67.0979
-71.6661
-74.2376
-63.5292
-65.4567
-62.7543
-76.1716
-76.2005
-76.2188
-75.7671
-74.5076
-75.3217
-75.3363
-75.2245
-75.2097
-74.9855
-74.5733
-74.3466
-74.5460
-74.7945
-74.5782
-72.0535
-75.3790
-76.6081
-76.4747
-74.0730
-68.4750
-66.0958
-66.0620
-68.3317
-68.7386
-69.1276
-69.0786
-68.7204
-68.6227
-68.2716
-67.8788
-67.4967
-71.2409
-71.8354
-72.7153
-73.1823
-67.0577
-63.8999
-65.9477
-62.8282
-75.1668
-75.8556
-75.7553
-75.3182
-74.2762
-74.9710
-74.9458
-74.8777
-74.7844
-74.5478
-74.1895
-74.0062
-74.1246
-74.1955
-73.6569
-71.4092
-73.5995
-73.7856
-73.7927
-68.7896
-66.2466
-66.2364
-68.1624
-68.5041
-68.8386
-68.9896
-68.1897
-67.8341
-70.0032
-71.4372
-71.9343
-71.7748
-68.6593
-67.2541
-64.0094
-65.7778
-66.0988
-62.9178
-75.3732
-74.9629
-74.0574
-74.6590
-74.6046
-74.5286
-74.4178
-74.1829
-73.8640
-72.9332
-72.9838
-73.0146
-71.1708
-72.9962
-73.2609
-73.0485
-69.0111
-68.6133
-66.3314
-66.3686
-68.3511
-68.6371
-70.0313
-70.9072
-69.5730
-70.0366
-70.5398
-71.5267
-69.3335
-68.5028
-67.4521
-64.1518
-65.6992
-66.1781
-63.1088
-63.4701
-74.6290
-73.8533
-74.3818
-74.2652
-73.4457
-73.3419
-73.1599
-72.9296
-72.8328
-72.8745
-72.7068
-71.3113
-73.0025
-72.7706
-71.5374
-68.8642
-66.5108
-66.4604
-68.9308
-69.4340
-69.8399
-70.4747
-70.9661
-77.6240
-69.8796
-69.9746
-70.4295
-69.5084
-69.1889
-68.5016
-67.6416
-64.3158
-64.3669
-66.0652
-66.4504
-63.2012
-63.4526
-79.6600
-79.5489
-79.4416
-73.6071
-73.0293
-73.4310
-73.3267
-73.2888
-73.1915
-73.0311
-72.8323
-72.7595
-72.7838
-72.4028
-71.5992
-69.0829
-68.7372
-66.9754
-67.0436
-69.5055
-69.7099
-70.2134
-70.6952
-70.0522
-73.5522
-70.1700
-70.0637
-69.3352
-69.1648
-68.5641
-67.8687
-67.0367
-64.5227
-66.0301
-66.4186
-63.4327
-63.2987
-63.4386
-76.2666
-76.1614
-76.0161
-73.2949
-73.2246
-73.1630
-73.0749
-73.7933
-73.9411
-74.4699
-78.6343
-71.8098
-70.7802
-69.5397
-67.1470
-67.2542
-69.4625
-69.7931
-70.0508
-69.6210
-69.9785
-70.3579
-72.9603
-69.3927
-69.2288
-69.1772
-68.6645
-68.0706
-67.4365
-64.6914
-66.0571
-66.3606
-66.7538
-82.4796
-79.7666
-74.3257
-74.4968
-74.8823
-72.1805
-69.8555
-69.6151
-67.3907
-69.5938
-69.9211
-70.2675
-69.2638
-68.7651
-68.2566
-67.7150
-64.8636
-64.8616
-66.3623
-66.6831
-71.8187
-79.2897
-80.0487
-75.6192
-80.0077
-74.6509
-74.7873
-78.2134
-70.2546
-69.9802
-67.6497
-73.0143
-69.8836
-70.6927
-71.4269
-69.0225
-65.0369
-66.4091
-66.6684
-66.9953
-71.9359
-78.6501
-75.7739
-81.1311
-80.0570
-74.8747
-74.9856
-78.3961
-83.3538
-70.3006
-70.2519
-67.8848
-73.1211
-70.6019
-71.1015
-71.5969
-71.7157
-79.8432
-66.4890
-66.6963
-66.9676
-68.3269
-72.0537
-73.4950
-74.0711
-65.8718
-78.3490
-77.3973
-75.1734
-77.8176
-77.9016
-76.9415
-78.0545
-77.9117
-74.8628
-74.3826
-74.3519
-76.3116
-77.1357
-77.3022
-77.0945
-70.3123
-67.8507
-70.6051
-72.4430
-77.0887
-77.3476
-70.8258
-70.6729
-70.9254
-71.1844
-76.7203
-77.2600
-76.1893
-71.7143
-76.2275
-76.6604
-76.5112
-66.7558
-66.9829
-67.2589
-70.6338
-71.8734
-72.2833
-66.1059
-65.5589
-76.8749
-75.1848
-77.4045
-77.5658
-77.4791
-76.6035
-77.4237
-77.2548
-74.7103
-74.3710
-75.7749
-75.5562
-75.8504
-75.2961
-70.5534
-70.2496
-67.9865
-71.2015
-72.4295
-75.9283
-74.9545
-70.8571
-70.7328
-70.9511
-71.1719
-74.4122
-75.7746
-71.4468
-71.6112
-74.2091
-75.3386
-66.9440
-67.0313
-67.2653
-68.5691
-71.0254
-71.2241
-66.2756
-65.8416
-65.3018
-75.0121
-77.2088
-77.2579
-77.1438
-77.0387
-76.2596
-76.8035
-74.7280
-74.3854
-74.3612
-75.1352
-74.7709
-74.6558
-73.7016
-70.4543
-68.0854
-70.4940
-71.5050
-72.4045
-74.6813
-73.4133
-70.8318
-70.7685
-70.9520
-71.1340
-73.7428
-75.0422
-71.3372
-71.4820
-73.1189
-70.9480
-67.1883
-67.3008
-67.5347
-68.8957
-70.6309
-66.5007
-66.0465
-65.5673
-65.0955
-76.7733
-77.0742
-76.9620
-76.7473
-76.6197
-75.9162
-75.7643
-74.7132
-74.3731
-74.9875
-74.5306
-74.0487
-73.6963
-70.6257
-70.3776
-68.2029
-70.8735
-71.6977
-72.4913
-73.1038
-72.6057
-70.8595
-70.7842
-70.9340
-71.0790
-73.2419
-73.8336
-71.2267
-71.3512
-71.0336
-67.2444
-67.4444
-67.5678
-68.8067
-70.3166
-66.7213
-66.2989
-65.8578
-65.3921
-64.9398
-76.6919
-76.7186
-76.5739
-76.3762
-76.2257
-75.5748
-74.5929
-74.6699
-74.3620
-74.4784
-73.9814
-73.4332
-70.7829
-70.5517
-68.2798
-70.4929
-71.1578
-71.8231
-72.4667
-72.9111
-70.8217
-70.8512
-70.7851
-70.9036
-71.0170
-72.8926
-73.1154
-71.1362
-71.0028
-68.2935
-67.4771
-67.6906
-67.8269
-69.0142
-66.9620
-66.5425
-66.1315
-65.7016
-65.2506
-64.7731
-76.4088
-76.3950
-76.2422
-76.0580
-75.8580
-75.2129
-74.5653
-74.6355
-74.4615
-73.9925
-73.5018
-72.7980
-70.5736
-70.4854
-68.3901
-70.7790
-71.3464
-71.9045
-72.4283
-72.8583
-70.8526
-70.8675
-70.7769
-70.8694
-70.9587
-72.6274
-72.6802
-71.0668
-70.7545
-67.5490
-67.6511
-67.9333
-69.1765
-69.1937
-66.7777
-66.3927
-65.9914
-65.5736
-65.1409
-64.6802
-76.1461
-76.0978
-75.9329
-75.7357
-75.5173
-74.2513
-74.5452
-74.4015
-74.0773
-73.5954
-73.0387
-71.3712
-76.2954
-71.4831
-71.9557
-70.8764
-70.7661
-70.8389
-70.9124
-72.4263
-70.9008
-67.6389
-67.7856
-67.9525
-68.1674
-65.8752
-65.4698
-76.6680
-75.8396
-75.7473
-74.1515
-73.6420
-71.4196
-76.3745
-72.5843
-73.3799
-70.8828
-70.7581
-70.8179
-70.8846
-74.4915
-69.4439
-65.7802
-87.6696
-78.7279
-76.0818
-79.3919
-82.9740
-73.9238
-71.6202
-74.2621
-76.4769
-72.9333
-73.5767
-70.8912
-70.7573
-70.8114
-73.6785
-76.0578
-74.3883
-71.7499
-84.1982
-86.3544
-79.8834
-76.0864
-76.2256
-79.5153
-83.9749
-77.2596
-71.8133
-71.6574
-75.1830
-76.5830
-73.2143
-73.7657
-80.6923
-70.9053
-70.7676
-71.8374
-73.8815
-75.4093
-77.6178
-78.1646
-78.6025
-79.3479
-74.2372
-76.0324
-76.0377
-76.3851
-77.6860
-72.1579
-74.7086
-75.9731
-75.8153
