-69.6203
-73.2144
-72.2546
-71.2814
-69.6094
-68.8253
-75.2090
-72.8871
-73.1978
-73.3829
-73.7348
-72.7130
-72.2757
-71.6774
-69.2799
-69.2194
-69.2632
-66.5693
-66.2671
-65.9504
-65.8478
-65.7447
-65.6183
-65.5221
-65.4256
-66.6211
-66.9948
-73.5276
-72.7195
-71.8769
-70.9697
-69.1891
-68.5244
-74.3877
-72.9626
-73.2754
-73.6033
-72.4626
-71.9889
-71.3377
-69.0830
-69.1648
-69.1624
-69.2514
-66.4739
-66.3628
-66.0303
-65.9278
-65.8255
-65.7230
-65.6201
-65.4931
-65.3967
-65.3000
-55.7827
-55.9658
-65.9105
-73.7577
-72.9858
-72.2305
-71.3609
-68.5412
-66.6662
-73.1628
-73.5502
-72.0604
-71.5427
-70.7915
-68.7160
-68.8191
-69.0704
-69.1504
-65.9018
-65.8013
-66.4573
-66.1089
-66.0059
-65.9037
-65.8018
-65.6984
-65.5959
-65.4932
-65.3678
-65.2718
-65.1754
-55.7903
-55.8741
-56.1547
-73.0407
-71.6267
-71.0198
-68.8904
-67.3459
-70.9566
-68.8113
-68.0826
-67.9896
-67.9105
-66.0611
-65.9985
-65.8882
-65.7738
-65.4659
-66.0813
-65.9784
-65.8765
-65.7732
-65.6722
-65.5711
-65.4698
-65.3679
-65.2487
-65.1484
-65.0523
-55.7968
-55.8827
-56.1892
-71.9080
-71.4923
-67.4498
-70.2893
-68.0688
-66.3068
-66.2032
-66.1086
-65.9821
-65.8616
-65.5305
-65.4300
-65.3404
-65.9435
-65.8418
-65.7415
-65.6420
-65.5429
-65.4436
-65.3439
-65.2433
-65.1244
-65.0304
-64.9303
-55.8066
-55.8882
-71.3458
-67.5068
-67.4312
-68.4384
-66.7547
-66.2456
-66.1217
-65.9639
-65.5844
-65.4880
-65.3937
-65.2948
-65.9020
-65.8020
-65.7038
-65.6064
-65.5095
-65.4126
-65.3154
-65.2175
-65.1186
-65.0014
-64.9086
-64.8141
-55.8170
-55.8979
-55.9785
-64.5928
-71.6190
-67.5789
-67.4672
-66.6938
-66.1318
-65.6450
-65.5392
-65.4311
-65.3384
-65.2491
-65.1547
-65.7520
-65.6565
-65.5620
-65.4683
-65.3746
-65.2808
-65.1863
-65.0908
-64.9743
-64.8789
-64.7732
-64.6803
-55.8271
-55.9078
-55.9885
-56.0687
-56.1515
-72.3149
-67.3831
-67.3620
-66.0749
-65.5829
-65.4659
-65.3667
-65.2667
-65.1796
-65.0961
-65.0072
-65.5957
-65.5057
-65.4164
-65.3272
-65.2376
-65.1475
-65.0563
-64.9637
-64.8357
-64.7413
-64.6520
-64.5605
-55.8362
-55.9159
-55.9968
-56.0778
-56.1588
-66.3390
-66.2398
-66.2820
-66.0505
-65.9213
-65.8166
-65.3519
-65.2472
-65.1602
-65.0701
-64.9922
-64.9172
-64.8361
-65.4141
-65.3314
-65.2484
-65.1650
-65.0807
-64.9951
-64.9080
-64.8192
-64.7085
-64.1450
-64.0703
-63.9966
-55.8441
-55.9226
-56.0020
-56.0823
-56.1660
-66.5699
-65.9920
-65.6986
-65.5688
-65.5405
-65.6026
-66.3830
-66.0379
-65.8274
-65.6920
-65.5962
-65.5315
-65.1008
-64.3029
-64.2644
-64.2185
-64.1781
-64.1365
-64.0867
-64.5941
-64.5419
-64.4874
-64.4307
-64.3715
-64.3097
-64.2453
-64.1782
-64.0908
-64.0244
-63.9472
-63.8715
-55.8282
-55.9034
-55.9780
-56.0521
-56.1255
-56.1984
-56.2926
-64.3985
-64.4379
-64.4769
-64.5156
-64.5539
-63.7756
-63.7857
-63.7943
-64.4027
-64.4127
-64.4203
-64.4256
-64.4285
-64.4360
-64.1350
-64.1036
-64.0765
-64.0407
-64.0092
-63.9754
-63.9329
-64.4347
-64.3889
-64.3403
-64.2888
-64.2344
-64.1769
-64.1164
-64.0451
-63.9610
-63.8976
-63.8321
-63.7594
-55.8352
-55.9085
-55.9809
-56.0527
-56.1237
-56.1933
-56.2614
-56.3271
-56.3890
-62.6235
-62.9299
-63.1167
-63.2424
-63.3328
-63.4009
-64.0134
-64.0642
-64.1050
-64.1377
-64.1635
-64.1903
-63.9161
-63.8991
-63.8844
-63.8595
-63.8376
-63.8123
-63.7773
-64.2742
-64.2353
-64.1929
-64.1469
-64.0975
-64.0380
-63.9816
-63.9220
-63.8421
-63.7813
-63.7183
-63.6514
-55.8425
-55.9141
-55.9846
-56.0537
-56.1212
-56.1866
-56.1783
-56.2443
-56.3096
-56.3740
-56.4377
-62.4570
-62.6815
-62.8558
-62.9876
-63.6091
-63.7034
-63.7796
-63.8414
-63.8917
-63.9390
-63.6925
-63.6908
-63.6891
-63.6759
-63.6597
-63.6431
-63.6159
-64.1079
-64.0761
-64.0400
-63.9998
-63.9555
-63.9074
-63.8553
-63.7993
-63.7216
-63.6651
-63.6051
-63.5409
-55.8471
-55.9181
-55.9869
-55.9890
-56.0565
-56.1232
-56.1892
-56.2544
-56.3192
-56.3832
-56.4464
-56.5088
-56.5704
-56.6534
-62.5790
-63.2020
-63.3369
-63.4473
-63.5381
-63.6130
-63.6809
-63.4624
-63.4763
-63.4880
-63.4866
-63.4850
-63.4716
-63.4589
-63.9471
-63.9226
-63.8932
-63.8590
-63.8203
-63.7770
-63.7294
-63.6775
-63.6038
-63.5544
-62.0265
-61.9811
-55.7918
-55.8623
-55.9321
-56.0010
-56.0688
-56.1351
-56.2001
-56.2648
-56.3288
-56.3920
-56.4547
-56.5166
-56.5777
-56.6380
-56.6975
-56.8747
-63.0008
-63.1279
-63.2430
-63.3405
-63.4282
-63.2367
-63.2660
-63.2911
-63.3017
-63.3105
-63.3065
-63.3021
-63.7870
-63.7700
-63.7474
-63.7193
-63.6861
-63.6479
-63.6049
-63.5573
-63.4913
-62.0299
-62.0228
-62.0373
-55.8045
-55.8729
-55.9422
-56.0107
-56.0785
-56.1456
-56.2116
-56.2759
-56.3395
-56.4023
-56.4642
-56.5254
-56.5860
-56.6458
-56.7048
-56.8834
-56.9430
-57.0017
-62.9967
-63.0828
-63.1830
-63.0149
-63.0584
-63.0961
-63.1183
-63.1373
-63.1426
-63.1465
-63.6283
-63.6189
-63.6030
-63.5810
-63.5535
-63.5204
-63.4821
-62.0731
-62.0565
-62.0205
-62.0179
-62.0743
-55.8218
-55.8886
-55.9546
-56.0210
-56.0883
-56.1550
-56.2209
-56.2860
-56.3502
-56.4125
-56.4741
-56.5349
-56.5949
-56.6540
-56.7124
-56.8924
-56.9516
-57.0098
-57.0671
-57.1233
-57.1803
-62.8135
-62.8599
-62.9067
-62.9387
-62.9670
-62.9810
-62.9927
-63.4719
-63.4747
-63.4656
-63.4499
-63.4280
-62.0959
-62.0818
-62.0700
-62.0365
-62.0394
-62.0416
-62.1120
-61.9762
-61.9853
-55.9710
-56.0359
-56.1001
-56.1644
-56.2299
-56.2946
-56.3585
-56.4216
-56.4840
-56.5444
-56.6040
-56.6627
-56.7206
-56.9019
-56.9605
-57.0183
-57.0751
-57.1309
-57.1871
-57.1743
-57.2198
-62.7450
-62.7749
-62.8074
-62.8281
-62.8467
-63.3237
-63.3285
-63.3257
-62.0858
-62.0676
-62.0760
-62.0505
-62.0437
-62.0484
-62.0558
-62.0624
-62.1383
-62.0416
-62.0338
-62.0333
-62.0427
-56.1157
-56.1786
-56.2409
-56.3032
-56.3667
-56.4294
-56.4914
-56.5526
-56.6129
-56.6715
-56.7289
-56.9119
-56.9710
-57.0282
-57.0844
-57.1398
-57.1956
-57.1810
-57.2259
-57.2697
-57.3136
-62.6845
-62.6864
-62.7045
-63.1767
-63.1868
-62.0191
-62.0385
-62.0248
-62.0385
-62.0503
-62.0479
-62.0602
-62.0723
-62.0802
-62.1616
-62.1168
-62.1013
-62.0900
-62.0838
-62.0841
-62.0934
-56.2556
-56.3167
-56.3770
-56.4373
-56.4995
-56.5603
-56.6203
-56.6794
-56.7378
-56.9228
-56.9806
-57.0375
-57.0934
-57.1482
-57.2035
-57.1871
-57.2314
-57.2745
-57.3179
-57.3600
-57.3993
-57.5715
-61.9598
-61.9700
-61.9955
-61.9905
-62.0121
-62.0312
-62.0479
-62.0491
-62.0668
-62.0831
-62.0952
-62.2144
-62.1930
-62.1732
-62.1564
-62.1429
-62.1355
-62.1303
-62.1312
-62.1399
-56.3917
-56.4508
-56.5092
-56.5674
-56.6269
-56.6857
-56.7436
-56.9312
-56.9899
-57.0470
-57.1024
-57.1569
-57.2119
-57.1935
-57.2372
-57.2796
-57.3224
-57.3640
-57.0913
-57.2503
-57.2932
-57.3259
-61.9629
-61.9793
-62.0015
-62.0237
-62.0442
-62.0494
-62.0712
-62.0916
-62.1412
-62.2315
-62.2695
-62.2467
-62.2265
-62.2089
-62.1938
-62.1818
-62.1731
-62.1686
-62.1694
-62.1773
-56.5223
-56.5795
-56.6360
-56.6920
-56.7495
-56.9387
-56.9971
-57.0545
-57.1109
-57.1657
-57.2203
-57.2002
-57.2433
-57.2852
-57.3274
-57.0666
-57.1080
-57.2690
-57.3120
-57.3546
-57.3967
-57.4383
-62.0156
-62.0248
-62.0433
-62.0499
-62.1038
-62.1280
-62.1510
-63.3912
-62.3406
-62.3155
-62.2927
-62.2722
-62.2539
-62.2379
-62.2242
-62.2131
-62.2050
-62.2006
-62.2011
-62.2078
-56.6483
-56.7035
-56.8919
-56.9464
-57.0044
-57.0615
-57.1176
-57.1725
-57.2281
-57.2069
-57.2496
-57.0071
-57.0477
-57.0914
-57.1245
-57.2970
-57.3404
-57.3833
-57.4257
-57.4675
-57.5088
-57.5496
-57.5902
-62.0904
-62.1108
-62.1354
-63.2411
-63.3924
-62.4080
-62.3810
-62.3562
-62.3335
-62.3128
-62.2941
-62.2773
-62.2624
-62.2495
-62.2389
-62.2309
-62.2264
-62.2260
-62.2311
-56.9059
-56.9596
-57.0145
-57.0686
-57.1243
-57.1790
-57.2342
-56.9447
-56.9830
-57.0276
-57.0641
-57.1080
-57.1497
-57.3253
-57.3689
-57.4119
-57.4545
-57.4966
-57.5382
-57.5889
-57.6297
-57.6648
-58.0495
-63.2059
-63.3322
-63.3892
-62.4716
-62.4429
-62.4164
-62.3919
-62.3694
-62.3485
-62.3294
-62.3120
-62.2961
-62.2819
-62.2694
-62.2590
-62.2507
-62.2455
-62.7531
-62.7526
-57.0278
-57.0814
-57.1339
-57.1856
-56.9774
-56.9590
-57.0046
-57.0417
-57.0876
-57.1328
-57.1747
-57.3533
-57.3972
-57.4405
-57.4833
-57.5256
-57.5766
-57.6181
-57.6592
-58.0257
-58.0757
-58.1255
-58.2073
-58.2984
-62.5312
-62.5011
-62.4732
-62.4471
-62.4230
-62.4005
-62.3796
-62.3601
-62.3421
-62.3255
-62.3102
-62.2963
-62.2838
-62.2730
-62.7837
-62.7725
-62.7728
-62.7773
-56.9000
-56.9492
-57.0029
-56.9715
-57.0186
-57.0636
-57.1096
-57.1550
-57.1982
-57.3810
-57.4252
-57.4688
-57.5207
-57.5634
-57.6055
-57.9597
-58.0080
-58.0513
-58.1064
-58.1566
-58.2396
-58.2896
-62.5868
-62.5556
-62.5264
-62.4991
-62.4735
-62.4496
-62.4272
-62.4062
-62.3865
-62.3680
-62.3506
-62.3344
-62.3192
-62.3051
-62.8236
-62.8064
-61.9773
-61.9751
-61.9864
-61.9795
-56.9544
-56.9981
-57.0429
-57.0854
-57.1314
-57.1769
-57.2203
-57.4061
-57.4516
-57.5050
-57.5487
-57.5916
-57.9362
-57.9895
-58.0329
-58.0815
-58.1320
-58.1824
-58.2663
-58.4126
-62.6377
-62.6057
-62.5756
-62.5474
-62.5207
-62.4957
-62.4720
-62.4496
-62.4285
-62.4086
-62.3896
-62.3717
-62.3545
-62.3383
-62.0658
-62.0401
-62.0431
-62.0477
-62.0324
-62.0418
-61.8379
-61.8311
-57.0695
-57.1120
-57.1557
-57.1990
-57.2421
-57.4390
-57.4848
-57.5338
-57.8646
-57.9155
-57.9653
-58.0144
-58.0574
-58.1066
-58.1604
-58.2110
-58.2959
-58.4448
-62.6847
-62.6518
-62.6208
-62.5916
-62.5640
-62.5380
-62.5134
-62.4901
-62.4679
-62.4469
-62.4267
-62.4073
-62.3887
-61.6616
-62.1268
-62.1201
-62.1004
-62.1037
-62.1083
-62.1145
-61.8987
-61.8856
-61.8806
-61.8740
-57.1822
-57.2255
-57.2772
-57.4674
-57.5131
-57.8350
-57.8863
-57.9400
-57.9908
-58.0412
-58.0847
-58.1356
-58.1865
-58.2373
-58.3218
-58.4731
-62.7278
-62.6942
-62.6625
-62.6325
-62.6040
-62.5771
-62.5516
-62.5274
-62.5042
-62.4821
-62.4610
-61.7488
-61.7331
-61.7274
-62.1867
-62.1791
-62.1807
-62.1833
-62.1870
-62.1919
-61.9656
-61.9489
-61.9394
-61.9359
-61.9318
-61.9469
-57.3055
-57.4992
-57.8101
-57.8594
-57.9104
-57.9616
-58.0125
-58.0630
-58.1069
-58.1591
-58.2109
-58.2617
-58.3496
-58.5010
-62.7673
-62.7331
-62.7006
-62.6700
-62.6408
-62.6132
-62.5869
-62.5618
-62.5378
-61.8394
-61.8126
-61.8042
-61.7972
-61.7727
-62.2661
-62.2589
-62.2606
-62.2631
-62.2665
-62.2797
-62.0434
-62.0248
-62.0183
-62.0238
-62.0155
-62.0041
-62.7593
-63.3278
-57.8369
-57.8861
-57.9350
-57.9836
-58.0337
-58.0842
-58.1280
-58.1803
-58.2326
-58.2847
-58.3744
-58.5285
-62.8031
-62.7684
-62.7355
-62.7042
-62.6744
-62.6462
-62.6192
-62.5934
-61.8955
-61.8844
-61.8747
-61.8482
-61.8411
-61.8356
-62.3448
-62.3376
-62.3480
-62.3562
-62.3599
-62.3644
-62.1185
-62.0985
-62.1059
-62.0883
-62.0777
-62.8103
-62.8104
-63.3886
-63.3955
-63.4064
-57.9614
-58.0098
-58.0580
-58.1060
-58.1488
-58.2012
-58.2535
-58.3399
-58.3965
-58.5544
-62.8356
-62.8004
-62.7670
-62.7352
-62.7050
-62.6762
-61.9900
-61.9676
-61.9552
-61.9444
-61.9167
-61.9088
-61.9022
-61.9086
-62.4359
-62.4290
-62.4314
-62.4345
-62.4384
-62.4430
-62.2080
-62.1868
-62.1725
-62.8872
-62.8812
-62.8698
-62.8670
-63.4588
-63.4604
-63.4648
-63.4726
-63.4840
-58.0839
-58.1317
-58.1724
-58.2224
-58.2753
-58.3613
-58.4179
-58.5785
-62.8645
-62.8290
-62.7954
-62.7632
-62.0875
-62.0540
-62.0388
-62.0250
-61.9949
-61.9956
-61.9867
-61.9792
-61.9729
-61.9679
-62.5121
-62.5054
-62.5081
-62.5116
-62.5158
-62.5422
-62.2758
-62.2538
-62.9664
-62.9508
-62.9433
-62.9301
-63.5368
-63.5333
-63.5316
-63.5319
-63.5344
-63.5398
-63.5482
-63.5603
-58.1975
-58.2489
-58.2988
-58.3877
-58.4388
-58.6023
-62.8903
-62.8545
-62.8206
-62.1437
-62.1252
-62.1085
-62.0868
-62.0735
-62.0620
-62.0519
-62.0433
-62.0360
-62.0300
-62.0253
-62.5867
-62.5801
-62.5834
-62.6085
-62.6132
-62.6186
-62.3422
-63.0409
-63.0301
-63.0132
-63.0047
-62.9899
-63.6150
-63.6096
-63.6057
-63.6032
-63.6025
-63.6038
-63.6073
-63.6136
-63.6031
-63.6256
-58.3234
-58.4133
-58.4628
-58.6267
-62.9129
-62.2448
-62.2254
-62.2056
-62.1877
-62.1541
-62.1397
-62.1269
-62.1157
-62.1059
-62.0976
-62.0907
-62.0850
-62.0806
-62.6595
-62.6533
-62.6780
-62.6826
-62.6879
-63.4554
-63.1235
-63.1035
-63.0920
-63.0740
-63.0645
-63.0487
-63.6927
-63.6859
-63.6803
-63.6761
-63.6732
-63.6719
-63.6722
-63.6727
-63.6587
-63.6760
-63.6965
-63.8718
-58.4878
-58.6549
-62.3185
-62.2953
-62.2740
-62.2376
-62.2199
-62.2043
-62.1903
-62.1778
-62.1670
-62.1577
-62.1497
-62.1430
-62.1377
-62.1337
-62.7512
-62.7453
-62.7499
-62.7551
-63.5139
-63.5295
-63.1852
-63.1642
-63.1518
-63.1329
-63.1226
-63.1057
-63.7696
-63.7616
-63.7548
-63.7491
-63.7445
-63.7413
-63.7395
-63.7373
-63.7196
-63.7335
-63.7497
-63.9320
-64.3650
-64.4021
-62.3637
-62.3242
-62.3031
-62.2843
-62.2673
-62.2521
-62.2385
-62.2264
-62.2160
-62.2070
-62.1994
-62.1932
-62.1883
-62.2022
-62.8202
-62.8148
-63.5554
-63.5701
-63.5855
-63.6017
-63.2446
-63.2227
-63.2097
-63.1897
-63.1788
-63.1608
-63.8451
-63.8361
-63.8281
-63.8212
-63.8154
-63.8108
-63.8074
-63.7797
-63.7877
-63.8049
-63.8185
-63.9893
-64.4309
-64.4595
-62.3895
-62.3674
-62.3471
-62.3288
-62.3122
-62.2973
-62.2841
-62.2725
-62.2625
-62.2540
-62.2468
-62.2583
-62.2539
-62.2507
-62.8874
-63.6089
-63.6236
-63.6389
-63.6550
-63.6719
-63.3017
-63.2789
-63.2571
-63.2443
-63.2327
-63.2138
-63.9191
-63.9091
-63.9002
-63.8921
-63.8852
-63.8832
-63.8784
-63.8475
-63.8554
-63.8652
-63.8764
-64.0493
-64.4878
-65.4292
-62.4301
-62.4084
-62.3886
-62.3707
-62.3545
-62.3401
-62.3274
-62.3162
-62.3067
-62.2986
-62.3089
-62.3036
-62.2996
-62.2970
-63.6719
-63.6740
-63.6894
-63.7057
-63.7225
-63.7401
-63.3565
-63.3328
-63.3101
-63.2968
-63.2845
-63.2647
-63.9914
-63.9805
-63.9735
-63.9645
-63.9564
-63.9493
-63.9432
-63.9098
-63.9165
-63.9128
-63.9237
-64.0999
-65.3912
-65.6412
