-67.0631
-67.2650
-67.4604
-67.8199
-68.1234
-68.4168
-68.7004
-68.2368
-68.0032
-67.7710
-77.0416
-74.7079
-79.1076
-75.7162
-74.8980
-74.1040
-74.4644
-77.3678
-78.6602
-78.1833
-76.8725
-67.2925
-67.3123
-67.5092
-67.8165
-68.1063
-68.3848
-68.6527
-68.7512
-67.9660
-67.8740
-77.1146
-74.7839
-78.3984
-75.6383
-74.9017
-74.1900
-74.3312
-76.3254
-77.2826
-77.0800
-76.1458
-67.4074
-65.2731
-67.5492
-67.8196
-68.0938
-68.2200
-68.4862
-68.7429
-68.2315
-68.1330
-72.7675
-77.0844
-77.1649
-77.2770
-77.3846
-77.1871
-74.8589
-81.4585
-83.4230
-78.1519
-75.5836
-74.9112
-74.2627
-72.0331
-75.6372
-76.3065
-76.4248
-75.6453
-67.5024
-65.3583
-67.4557
-67.7003
-67.9730
-68.2387
-68.6754
-68.9335
-68.3538
-68.2524
-68.1535
-72.9528
-74.0978
-75.1689
-75.4166
-77.2592
-74.9327
-78.5443
-81.0286
-76.1879
-75.5435
-74.9231
-74.3252
-72.0768
-74.9950
-75.7668
-76.0063
-75.2885
-67.1855
-65.2062
-67.5245
-67.7066
-68.1758
-68.4421
-68.6991
-68.9474
-68.4761
-68.3732
-68.2890
-72.9876
-73.0983
-73.8409
-74.2695
-75.2686
-75.3979
-75.5763
-77.3283
-75.0057
-74.7876
-79.9053
-76.0963
-75.5108
-74.9342
-74.3778
-72.0314
-74.2884
-75.3572
-75.6754
-75.2166
-67.3048
-65.4007
-67.4908
-67.6790
-68.2240
-68.4800
-68.7260
-68.9665
-68.6785
-68.5776
-68.4650
-71.8275
-73.2345
-73.2371
-73.7317
-73.9882
-74.1761
-77.3930
-75.0729
-74.8560
-79.1404
-76.0187
-75.4657
-74.9402
-74.2664
-72.0703
-74.1813
-74.7322
-76.1395
-75.4956
-67.5958
-65.5096
-67.5727
-67.8255
-68.0733
-68.5984
-68.8395
-69.0623
-68.7908
-68.6741
-68.5615
-71.1273
-72.4021
-73.2032
-73.2875
-73.6424
-73.8781
-77.4500
-75.1307
-74.9162
-78.8158
-75.9471
-75.4206
-74.9248
-74.2928
-73.8605
-73.8378
-74.4634
-68.2083
-67.7607
-67.9201
-68.1141
-68.3356
-68.5559
-69.0734
-68.9232
-68.7349
-68.6246
-70.7955
-71.8912
-72.6882
-73.2434
-73.3293
-73.6015
-77.5130
-75.1814
-74.9661
-78.0317
-75.8717
-75.3685
-74.7220
-74.3099
-73.6610
-73.7295
-74.4012
-71.3704
-66.0784
-67.9533
-68.1208
-68.3423
-68.5482
-68.7412
-68.7409
-68.8143
-68.7063
-70.5988
-71.5424
-72.0279
-72.5809
-72.9980
-73.1003
-77.5567
-75.2265
-75.0008
-76.3488
-75.7811
-75.1032
-74.6865
-74.0385
-73.6558
-72.1811
-74.4559
-81.2160
-81.2205
-71.4500
-66.1088
-68.4099
-68.4727
-68.3298
-68.5269
-68.7239
-68.8382
-68.5067
-68.6705
-68.5824
-71.1276
-71.8060
-72.3520
-72.7858
-73.1295
-73.2313
-77.6003
-75.2790
-75.0169
-76.2024
-75.4568
-75.0368
-74.3469
-73.9947
-74.2936
-72.3253
-74.4868
-81.2806
-71.5289
-66.1668
-68.4055
-68.4988
-68.5346
-68.3994
-68.6029
-68.8023
-68.6106
-68.5355
-68.4652
-71.0212
-71.6478
-72.1736
-72.6228
-72.9774
-73.2652
-77.6519
-75.3061
-75.0155
-75.8110
-75.3730
-74.6442
-74.2715
-73.9813
-79.9070
-76.0596
-70.7073
-66.0381
-68.2091
-68.3746
-68.5862
-68.7883
-68.9523
-68.8332
-68.7142
-68.6396
-68.5660
-70.5952
-71.1396
-72.0484
-72.4727
-72.8301
-73.1292
-77.6877
-75.3157
-74.7921
-75.7183
-74.8976
-74.5611
-74.2432
-78.1813
-75.0240
-70.7368
-66.1074
-68.2355
-68.3972
-68.5904
-68.8052
-69.0189
-69.2010
-68.8240
-68.7492
-68.6752
-70.5649
-71.0616
-71.5062
-72.3511
-72.7061
-73.0103
-77.7296
-75.0297
-74.7866
-75.1691
-74.6411
-74.3722
-74.1087
-84.4937
-78.8021
-76.3892
-73.9379
-70.7487
-66.1705
-68.2562
-68.4154
-68.5831
-68.8082
-69.0159
-69.2212
-69.2454
-69.1610
-68.7780
-70.5546
-71.0131
-71.4326
-71.8038
-72.1400
-72.9085
-83.8001
-82.7366
-81.8403
-81.1362
-80.4966
-80.0385
-76.2296
-74.2067
-74.0572
-74.7657
-74.5397
-74.2925
-74.0498
-77.8911
-77.7954
-77.7093
-77.4366
-76.9403
-75.4730
-73.8158
-70.7620
-68.2189
-68.2858
-68.4413
-68.5985
-68.8058
-69.0080
-69.2086
-69.3026
-69.2323
-69.1605
-70.5584
-70.9849
-71.3772
-71.7369
-72.0568
-72.3453
-72.8584
-78.8253
-78.8820
-78.9445
-79.0063
-79.0731
-79.1336
-79.1934
-79.0007
-75.6012
-74.1140
-73.9827
-74.6429
-74.4292
-74.2028
-73.9802
-77.1102
-77.3635
-77.1904
-76.9310
-75.7891
-75.2319
-73.0523
-70.8032
-70.1373
-66.2755
-68.4599
-68.6139
-68.8047
-69.0032
-69.3104
-69.4915
-69.3986
-69.3266
-71.0926
-71.5400
-71.4708
-71.8734
-72.1954
-72.5173
-72.7835
-74.4218
-76.6473
-77.4515
-77.9069
-78.2053
-78.4234
-78.5000
-77.6595
-75.4559
-74.0398
-73.9125
-74.5273
-74.3238
-74.1154
-73.9107
-76.3708
-76.7991
-76.7643
-76.5153
-75.5072
-73.8505
-72.8807
-71.0227
-70.4071
-66.4023
-68.5844
-68.7360
-68.9136
-69.1085
-69.3020
-69.4916
-69.4501
-69.3685
-69.2892
-71.4397
-71.9106
-71.8647
-72.1798
-72.4683
-72.7328
-72.9714
-74.5461
-75.0188
-76.8211
-77.3128
-77.5610
-77.0395
-77.1211
-75.3609
-73.9823
-73.8534
-74.4237
-74.2261
-74.0314
-73.8413
-75.8795
-76.2972
-76.3838
-75.5479
-75.2578
-73.7532
-72.5690
-71.0884
-70.5260
-66.4744
-68.6151
-68.7603
-68.9214
-69.1089
-69.2937
-69.4713
-69.4824
-69.4042
-69.3290
-71.4316
-71.8499
-72.2281
-72.5887
-72.4330
-72.6916
-72.9283
-73.1445
-74.6659
-75.0104
-75.1533
-76.1454
-76.3882
-76.5734
-75.2229
-73.9521
-73.8168
-74.3436
-74.1459
-73.9586
-73.7784
-75.1848
-75.8971
-76.1294
-75.2731
-75.0353
-73.6629
-72.3893
-71.1787
-70.6532
-66.5526
-68.6560
-68.7931
-68.9322
-69.1128
-69.2796
-69.4447
-69.5139
-69.4393
-69.4508
-71.4286
-71.8008
-72.1586
-72.5039
-72.8285
-72.6842
-72.9188
-73.1348
-73.3357
-74.6864
-74.4625
-74.5975
-75.8746
-76.0662
-75.0274
-73.8741
-73.8072
-74.2949
-74.0918
-73.9092
-73.7331
-74.9972
-75.5887
-75.8039
-75.0492
-74.8393
-74.4123
-71.5856
-66.6657
-68.7383
-68.8512
-68.9665
-69.1146
-69.2683
-69.4253
-69.5545
-72.8572
-72.5852
-73.7555
-73.1726
-73.1882
-74.0086
-74.2452
-74.4094
-74.5240
-74.6172
-74.8586
-73.7598
-73.7291
-74.2749
-74.0700
-73.8822
-73.7051
-74.8656
-75.3579
-75.0467
-74.8617
-71.6871
-69.0657
-69.0552
-68.8885
-68.9942
-69.1212
-69.2711
-69.4196
-69.5684
-76.5470
-73.0753
-74.6154
-73.8078
-72.7921
-72.9303
-74.0451
-74.2281
-74.3622
-74.4606
-73.9074
-72.9786
-73.6450
-74.1668
-74.0567
-73.8851
-73.7059
-74.7900
-75.2012
-74.9035
-74.7426
-71.7717
-69.1469
-69.1296
-69.1991
-69.2836
-69.1485
-69.2871
-69.4293
-69.5765
-69.6286
-76.6112
-73.0595
-80.9047
-77.4134
-73.8194
-73.8413
-73.7101
-72.9740
-74.0576
-74.2051
-74.3174
-73.9115
-72.9906
-72.9221
-74.0718
-73.9526
-73.8551
-73.7162
-74.7409
-75.0876
-73.9540
-74.5801
-76.5130
-76.5779
-78.8160
-78.3913
-71.7940
-71.3170
-67.0495
-69.2816
-69.3581
-69.4320
-69.3206
-69.4578
-69.6006
-69.6619
-76.6538
-73.0041
-73.1908
-78.7682
-77.3596
-76.5075
-73.4277
-73.5823
-73.8800
-73.7399
-73.0061
-74.0549
-74.1774
-73.8873
-73.0043
-72.9379
-72.8736
-73.1792
-73.7800
-72.9684
-73.8824
-74.0994
-73.9824
-74.6278
-75.1782
-74.5797
-77.7521
-77.0752
-71.9770
-71.4921
-67.1485
-69.3696
-69.4456
-69.5241
-69.6345
-69.7565
-69.6406
-69.7481
-76.6696
-72.9707
-73.0762
-76.1317
-76.8115
-76.3030
-75.2458
-73.3919
-73.5315
-73.6676
-73.7593
-74.7800
-74.0461
-73.8510
-72.9992
-72.9487
-72.8865
-72.5279
-72.4752
-72.4254
-73.8980
-74.0198
-73.9976
-74.6598
-74.3894
-74.3388
-76.9282
-72.0570
-71.6282
-67.2375
-69.4451
-69.5284
-69.6151
-69.7238
-69.8489
-69.9785
-76.6966
-75.1526
-72.5636
-74.8342
-75.8152
-76.1405
-75.3492
-73.2276
-73.3544
-73.4810
-73.6098
-73.7347
-74.8046
-73.8100
-72.9804
-72.3328
-72.3254
-72.6060
-72.5547
-72.4744
-73.2065
-73.2769
-74.0583
-74.4672
-74.2763
-75.0295
-76.4836
-72.1953
-71.7431
-67.3253
-69.5207
-69.6095
-69.7024
-69.8078
-69.9328
-70.0421
-76.7307
-74.4837
-72.4892
-74.1671
-75.0840
-75.5470
-75.3743
-74.7357
-73.2061
-73.3233
-73.4387
-73.5542
-72.9028
-73.7389
-72.9311
-72.4006
-72.4107
-72.6579
-72.6088
-72.5562
-73.2807
-73.3293
-73.7308
-74.9436
-75.7058
-75.2496
-76.2265
-72.3005
-71.8886
-67.4136
-69.5970
-69.6920
-69.7879
-69.8772
-69.9837
-70.0886
-74.3467
-77.4814
-77.4035
-75.3010
-74.5264
-72.4229
-72.5498
-74.5702
-75.0501
-75.3184
-74.8325
-74.3192
-73.1906
-72.5691
-72.7138
-72.8597
-73.7419
-72.9788
-73.0051
-72.4606
-72.7380
-72.6902
-72.6390
-74.0582
-74.0986
-76.0773
-72.4092
-72.0189
-69.6312
-69.6732
-69.7679
-69.8483
-69.9219
-70.0261
-70.0243
-70.1101
-74.2456
-75.4920
-75.1608
-74.5217
-72.3668
-72.4720
-74.1942
-74.6517
-74.9427
-74.8874
-73.5179
-72.4433
-72.5783
-72.6845
-72.8188
-72.9553
-73.0014
-73.0315
-73.0594
-74.1349
-73.4050
-73.3467
-74.1784
-74.3097
-75.9454
-72.5203
-72.1521
-69.7348
-67.5365
-69.8197
-69.8609
-69.9625
-70.0642
-70.0315
-70.1114
-73.3720
-74.1123
-74.4520
-74.4774
-73.9089
-72.3879
-73.8928
-73.3502
-73.6624
-73.9083
-73.7004
-73.4570
-72.5798
-72.7059
-72.8313
-72.9567
-73.5089
-73.7768
-73.8069
-74.2127
-74.1598
-73.5183
-74.3590
-74.4822
-78.5755
-78.6568
-78.7348
-78.8096
-69.8239
-67.6128
-69.8696
-69.9025
-70.0009
-69.9510
-70.0243
-70.0982
-72.7533
-73.4818
-73.9541
-73.9389
-73.9009
-71.6519
-71.8156
-73.2825
-73.5735
-73.8286
-73.9023
-73.6884
-72.6222
-72.7431
-73.5721
-73.7171
-73.6239
-73.6416
-73.9521
-74.3530
-74.3020
-74.2374
-75.2350
-74.5984
-75.7345
-76.0649
-77.8627
-77.6899
-72.0096
-67.6895
-69.9191
-69.9439
-69.8712
-69.9338
-69.9996
-70.0677
-70.1424
-72.9652
-73.4417
-72.9029
-72.7574
-71.6849
-71.8446
-73.2220
-73.5410
-73.8018
-74.0129
-74.8691
-74.6372
-73.5407
-73.7359
-73.8702
-73.8086
-73.8152
-74.0616
-74.4455
-74.4024
-74.3280
-75.3124
-75.4533
-75.7970
-75.7641
-75.6495
-76.7149
-72.1236
-67.7664
-69.9701
-69.7903
-69.8405
-69.8948
-69.9523
-70.0164
-70.0881
-71.8618
-72.3273
-72.7238
-72.8984
-71.5683
-71.7214
-73.2095
-74.4519
-74.8100
-75.1068
-75.3165
-75.0792
-73.7217
-73.8530
-73.9782
-73.9545
-73.9500
-73.9424
-74.5579
-74.5119
-74.4354
-75.4082
-75.5312
-76.7048
-76.6283
-75.5496
-75.1883
-72.2357
-67.8446
-69.7883
-69.7384
-69.7752
-69.8215
-69.4427
-69.5580
-69.6842
-71.7216
-72.2029
-72.6018
-72.9341
-73.6913
-72.4611
-72.7301
-74.6999
-75.0423
-75.3308
-75.5720
-75.4528
-75.2034
-73.9724
-74.0897
-74.1058
-74.0890
-74.0749
-74.4148
-74.6278
-74.5591
-75.5255
-75.6294
-76.6400
-76.5148
-76.2862
-75.1485
-72.3507
-67.7465
-69.6896
-69.6199
-69.2559
-69.3737
-69.5019
-69.6271
-69.7522
-71.6480
-72.1076
-73.4799
-73.9520
-74.2144
-72.7337
-72.9147
-74.6031
-75.1689
-75.4442
-75.6782
-75.7897
-75.5362
-74.0805
-74.1923
-74.2510
-74.2274
-74.2036
-74.5384
-74.4817
-74.6843
-75.6562
-75.7436
-75.8303
-76.4431
-76.1980
-75.8363
-71.8948
-69.5642
-69.1277
-69.1888
-69.3186
-69.4464
-69.5730
-69.7000
-70.5379
-70.6599
-73.2090
-73.6756
-74.0825
-74.4385
-72.9222
-73.0837
-74.7461
-75.0609
-75.5491
-75.7758
-75.9696
-75.8601
-75.6112
-74.2909
-74.3936
-74.3648
-74.3358
-74.6647
-74.6027
-74.8049
-75.7994
-75.8733
-75.9463
-76.4156
-76.1645
-74.8540
-82.4445
-79.2494
-74.7960
-74.2057
-70.8477
-69.1628
-67.3960
-69.2659
-69.3937
-69.5196
-69.6445
-71.1738
-73.4442
-73.6897
-74.6895
-74.9764
-73.4192
-73.5237
-73.4007
-75.1994
-75.4705
-75.7189
-76.0865
-76.1907
-75.9306
-74.3931
-74.4986
-74.5128
-75.3182
-75.9752
-76.0188
-76.0805
-76.4284
-76.1765
-74.9064
-74.6288
-74.7657
-74.2538
-73.8085
-70.9761
-69.2707
-67.4862
-69.3437
-69.4694
-69.5933
-69.7162
-75.1017
-73.3242
-73.3306
-74.0264
-73.6334
-77.0441
-77.1786
-77.1684
-75.2082
-75.7888
-76.3367
-76.6616
-77.0876
-77.2252
-76.8386
-75.3828
-74.8003
-74.3111
-74.1083
-73.6341
-71.1052
-69.4337
-67.5771
-69.4221
-69.5455
-69.6673
-69.7882
-75.1617
-70.9736
-72.0443
-74.0909
-73.8316
-81.6942
-76.8958
-77.2506
-76.0100
-76.8278
-76.6128
-75.9931
-74.3782
-74.2659
-74.0185
-73.5725
-72.8592
-69.5448
-67.6679
-69.5007
-69.6218
-69.7120
-69.7840
-75.0520
-74.9676
-72.6981
-70.1505
-71.9635
-75.0882
-77.3683
-77.7876
-75.7459
-73.3620
-78.5101
-78.6414
-78.7498
-78.3740
-76.0930
-75.8948
-79.8794
-77.0890
-75.4954
-79.9372
-79.8781
-79.2078
-75.6972
-76.6077
-77.3545
-74.1146
-74.2608
-73.8572
-73.4559
-72.8946
-69.6474
-67.7574
-69.5444
-69.6132
-69.6842
-69.7536
-73.3062
-74.1165
-72.6047
-71.6722
-73.2471
-74.7472
-77.8188
-77.8080
-76.2454
-73.5850
-77.3027
-78.2704
-78.6333
-78.6534
-78.4982
-75.8420
-78.0112
-76.8842
-75.4946
-77.3065
-78.9006
-78.3484
-77.3319
