-67.3102 -67.0241 -66.9291 -66.7285 -66.6524 -66.6180 -66.3258 -66.0418 0.0000 -76.1094 -72.0467 -70.4285 -70.2075 -66.1566 -66.3457 -66.5616 -66.5328 -70.7456 -71.9270 -72.3981 0.0000 0.0000 -69.7500 -69.4309 0.0000 -72.5257 -71.2503 -70.4345 -69.8165 -69.5341 -69.4413 -68.7445 -68.8910 -69.0958 -69.2801 -69.4669 0.0000 -77.5893 -75.8210 -70.3365
-66.3000 -66.0572 -65.9504 -65.7593 -65.7455 -65.7892 -65.9598 -66.1309 -71.1591 -71.9182 -72.0323 -71.7151 -70.8967 -70.5132 -70.4187 -67.8359 -66.3791 -66.4620 0.0000 -72.4390 0.0000 0.0000 -69.7722 -69.4601 -76.6247 -71.9421 -70.8394 -70.0197 -69.4550 -69.0959 -68.9547 -68.9553 -68.4737 -68.6698 -68.8593 -69.0567 0.0000 -76.4817 -74.9171 0.0000
0.0000 0.0000 -65.4809 -65.0252 -65.0059 -65.0947 -65.2738 -65.4862 0.0000 0.0000 0.0000 -66.7685 0.0000 0.0000 0.0000 -68.2663 0.0000 0.0000 0.0000 -72.1272 0.0000 0.0000 0.0000 -69.5126 0.0000 0.0000 0.0000 -70.0066 -69.2912 0.0000 0.0000 0.0000 0.0000 0.0000 0.0000 -68.8435 0.0000 0.0000 0.0000 0.0000
0.0000 0.0000 -64.9426 -64.6659 -64.5817 -64.6436 -64.8260 -65.0538 0.0000 0.0000 0.0000 -74.0760 0.0000 0.0000 0.0000 -68.3714 0.0000 0.0000 0.0000 -71.9150 0.0000 0.0000 0.0000 -69.6430 0.0000 0.0000 0.0000 -75.3062 -69.3601 0.0000 0.0000 0.0000 0.0000 0.0000 0.0000 -76.1423 0.0000 0.0000 0.0000 0.0000
-72.9830 -72.2483 -71.1418 -64.2377 -64.1288 -64.1509 -64.3137 -64.5406 -70.9483 -71.6334 -71.7449 -71.7827 -71.9280 -72.0346 -72.3223 -68.5079 -76.8255 -76.2977 -75.9168 -71.5721 -76.6937 -75.9689 -75.3816 -74.3120 -74.7941 -74.6900 -74.6788 -73.9408 -69.2785 -74.6905 -74.4521 -74.3270 -74.1732 -73.9753 -73.9259 -73.8651 -73.8343 -73.8394 -73.8666 -73.9056
0.0000 -74.7120 -69.9211 -64.0116 -63.8092 -63.7922 -63.9106 -64.1148 -64.3826 -64.6609 -70.5392 -70.6004 -70.7821 -71.6982 -71.8781 -68.6826 -74.6484 -74.9971 -74.7032 -71.5121 -75.4939 -74.7472 -74.2011 -73.8955 -73.7750 -73.7692 -73.8273 -73.9197 -72.3484 -68.8826 -73.5005 -73.2277 -72.8272 -72.6248 -72.5702 -72.5853 -72.6094 -72.7130 -72.8130 -72.9229
0.0000 -74.2655 -71.8895 -63.9307 -63.6400 -63.5294 -63.6109 -63.7458 -64.0113 -64.2832 -64.5571 -70.3934 -70.6970 -70.9107 -71.0652 -68.5127 -72.1300 -73.9623 -73.7036 -71.4916 -74.4876 -73.7389 -73.2067 -72.9334 -69.3043 -72.9231 -73.0482 -73.2041 -72.9802 -71.9606 -72.6335 -72.3056 -71.9315 -71.7693 -71.7403 -71.7887 -71.8821 -71.9975 -72.1453 -72.2762
0.0000 -74.0547 -72.0472 -69.4185 -63.5694 -63.3918 -63.3586 -63.4917 -63.7055 -63.9565 -64.2284 -64.5432 -64.8474 -70.6629 -70.8010 -68.6049 -71.4832 -72.3334 -72.1519 -70.9547 -72.9263 -73.0192 -72.4783 -72.1883 -69.4443 -72.1971 -72.3574 -72.5553 -72.3812 -72.0562 -71.9418 -71.6747 -71.2740 -71.0952 -71.0689 -71.1380 -71.2617 -71.4099 -71.5707 -71.7357
-73.9921 -72.3899 -70.9739 -69.4341 -63.5814 -63.3211 -63.2448 -63.3101 -63.4800 -63.6987 -64.0049 -64.2851 -64.5655 -64.8398 -68.6638 -68.7144 -71.2083 -71.8365 -71.6278 -70.9395 -72.3626 -71.8899 -71.4388 -71.1696 -71.5626 -71.6197 -71.7814 -71.9964 -71.9671 -71.5928 -71.4288 -71.2977 -70.8488 -70.6143 -70.5490 -70.6024 -70.7287 -70.8912 -71.0729 -71.2616
-72.9274 -71.6879 -70.3978 -69.4962 -68.6675 -63.3651 -63.2043 -63.1885 -63.3223 -63.5590 -63.7881 -64.0475 -64.3149 -64.5857 -64.8542 -65.1172 -70.8083 -70.9402 -71.0695 -70.9337 -71.3256 -71.4528 -71.1449 -70.8379 -70.7054 -70.7319 -70.8727 -71.0799 -71.6782 -71.2702 -71.0484 -70.9952 -70.5942 -70.2958 -70.1674 -70.1751 -70.2773 -70.4345 -70.6216 -70.8226
-71.8165 -70.7107 -69.6228 -69.1609 -68.7475 -63.4358 -63.2320 -63.1560 0.0000 -63.4214 -63.6121 -63.8462 -64.0995 -64.3624 -64.6272 -64.8895 -65.1444 -65.3916 -69.4173 -69.9172 -70.2813 -70.5700 -70.8133 -70.6376 -70.4510 -70.4186 -70.5144 -70.6968 -70.9267 -70.7954 -70.5397 -70.4314 -70.4965 -70.1404 -69.9396 -69.8795 -69.9326 -70.0612 -70.2365 -70.4363
-71.0486 -70.2884 -68.9583 -68.6075 -68.4504 -68.3692 -63.3098 -63.1709 0.0000 0.0000 -71.4720 0.0000 0.0000 0.0000 0.0000 0.0000 0.0000 0.0000 0.0000 0.0000 0.0000 -72.4891 0.0000 0.0000 0.0000 0.0000 0.0000 0.0000 0.0000 0.0000 0.0000 0.0000 -77.4583 0.0000 0.0000 0.0000 0.0000 0.0000 0.0000 -78.3519
-70.5035 -69.6994 -68.5949 -68.2025 -68.0365 -68.0199 -63.4101 -63.2682 -72.9877 -72.4039 -71.4946 -72.6538 -72.6808 -72.8028 0.0000 -78.6797 -77.1740 -75.5325 0.0000 0.0000 0.0000 -72.3657 0.0000 0.0000 0.0000 0.0000 0.0000 0.0000 -78.1195 0.0000 0.0000 0.0000 -76.4309 0.0000 0.0000 0.0000 0.0000 0.0000 0.0000 -77.0574
-70.0363 -69.3970 -68.3612 -67.9541 -67.7158 -67.7425 -67.7684 -63.3770 0.0000 -75.1258 -71.6646 -73.0774 -72.5037 -71.2319 0.0000 -77.3898 -75.1710 -74.2064 0.0000 -78.3305 -76.3244 -72.1848 -73.9080 -76.4685 -75.5586 0.0000 -77.8358 -76.6102 -76.2243 -75.8473 -75.8044 -75.6427 -75.5480 -75.4996 -75.4830 -75.6074 -75.6360 -75.6761 -75.7248 -74.9390
-69.8149 -69.2423 -68.2558 -67.7939 -67.6144 -67.5172 -67.5073 -63.5091 0.0000 -73.8296 -71.4563 -71.6902 -71.3570 -71.2279 -70.9340 -70.8021 -74.2537 -74.0160 0.0000 -78.0419 -74.9148 -73.9317 -73.1567 -72.6984 -72.4337 -72.2873 -73.7322 -73.4500 -73.3795 -73.3340 -74.9134 -74.8459 -74.8312 -74.8527 -75.0000 -75.0619 -75.1329 -75.2101 -75.2916 -74.3432
-69.7039 -69.1651 -68.1915 -67.8258 -67.5238 -67.3744 -67.3202 -67.4052 -72.0295 -71.8314 -71.3433 -70.3917 -70.3911 -70.3076 -70.2232 -70.0426 -70.0223 -70.1431 -72.3059 -73.4073 -73.9988 -73.4737 -72.7669 -72.2713 -71.9810 -71.8180 -71.8170 -71.8148 -71.8585 -71.9302 -72.7468 -72.7675 -72.8182 -72.9512 -73.0327 -73.1645 -73.3008 -74.7647 -74.8764 -73.9484
-69.5656 -69.0965 -68.2951 -67.8417 -67.5077 -67.3085 -67.2036 -67.2464 -63.6562 -69.5562 -70.2070 -70.0166 -69.6909 -69.5554 -69.6217 -69.5237 -69.4712 -69.5393 -69.6803 -69.9094 -72.8628 -72.9966 -72.3623 -72.0877 -71.8496 -71.5575 -71.4632 -71.4366 -71.4653 -71.5328 -71.6249 -71.7866 -71.9088 -72.5487 -72.6436 -72.7473 -72.8565 -72.9687 -73.0824 -73.1889
-69.5067 -69.2034 -68.3462 -67.8974 -67.5480 -67.3046 -67.1529 -67.1439 -67.1804 -68.0145 -68.7685 -69.5118 -69.1680 -69.0281 -69.0378 -69.1894 -69.0786 -69.1025 -69.2216 -69.3497 -69.5488 -69.7936 -72.3106 -71.9264 -71.5680 -71.3225 -71.1790 -71.1840 -71.1727 -71.2181 -71.3457 -71.4533 -71.5767 -71.7092 -71.8463 -71.9854 -72.1244 -72.6517 -72.7664 -72.8752
-69.6170 -69.2180 -68.4194 -67.9842 -67.6223 -67.3529 -67.1525 -67.0939 -67.1830 -66.8340 -67.7551 -68.5389 -68.8390 -68.6353 -68.6202 -68.7174 -68.8349 -68.7945 -68.8228 -68.9649 -69.1503 -69.4089 -69.6153 -69.8694 -71.5879 -71.2973 -71.0959 -70.9779 -70.9377 -71.0204 -71.0982 -71.1838 -71.2954 -71.4236 -71.5616 -71.7050 -71.8507 -71.9840 -72.1094 -72.2361
-69.6170 -69.2442 -68.4976 -68.0768 -67.7142 -67.4263 -67.1901 -67.0890 -67.1244 -66.8012 -67.0944 -67.7631 -68.5081 -68.3893 -68.3042 -68.3530 -68.5202 -68.5576 -68.5620 -68.7043 -68.8677 -69.0570 -69.2671 -69.4819 -69.6958 -69.9468 -71.1225 -71.0006 -70.9022 -70.8675 -70.9088 -70.9726 -71.0687 -71.1837 -71.3131 -71.4531 -71.5854 -71.7182 -71.8518 -71.9829
-69.6507 -69.2984 -68.5960 -68.1934 -67.8347 -67.5328 -67.2700 -67.1287 -67.1133 -66.8987 -66.4600 -67.1925 -67.8996 -68.2661 -68.1131 -68.0992 -68.2107 -68.4031 -68.4505 -68.4919 -68.6008 -68.7707 -68.9686 -69.1789 -69.3935 -69.6079 -69.8561 -70.1073 -70.9307 -70.8440 -70.8128 -70.8290 -70.9094 -71.0027 -71.1190 -71.2293 -71.3521 -71.4811 -71.6129 -71.7456
-69.6988 -69.3645 -68.6997 -68.3127 -67.9613 -67.6556 -67.3752 -67.2016 -67.1396 -67.0989 -66.4761 -66.7907 -67.4196 -68.0742 -68.0221 -67.9784 -67.9908 -68.1382 -68.3442 -68.3506 -68.4138 -68.5446 -68.7192 -68.9162 -69.1576 -69.3745 -69.5909 -69.8040 -70.0122 -70.2570 -70.8266 -70.7975 -70.8119 -70.8606 -70.9535 -71.0496 -71.1573 -71.2753 -71.4092 -71.5365
-69.7536 -69.4357 -68.8041 -68.4364 -68.0912 -67.7901 -67.4992 -67.2965 -67.2024 -67.1552 -66.6755 -66.3220 -67.0422 -67.7062 -68.0379 -67.8641 -67.8491 -67.9400 -68.0929 -68.2943 -68.2974 -68.3787 -68.5188 -68.7243 -68.9242 -69.1349 -69.3493 -69.5635 -69.7756 -69.9827 -70.1845 -70.4230 -70.8004 -70.7934 -70.8247 -70.9093 -71.0070 -71.1111 -71.2177 -71.3372
-69.8299 -69.5255 -68.9214 -68.5679 -68.2360 -67.9350 -67.6694 -67.4182 -67.2613 -67.2126 -66.9308 -64.3099 -66.7875 -67.3743 -67.9064 -67.8606 -67.7650 -67.7947 -67.9113 -68.0907 -68.2524 -68.2795 -68.4033 -68.5510 -68.7304 -68.9297 -69.1357 -69.3477 -69.5596 -69.7689 -69.9743 -70.1622 -70.3394 -70.5498 -70.7930 -70.8141 -70.8671 -70.9665 -71.0657 -70.8792
-69.9000 -69.6091 -69.0307 -68.6953 -68.3709 -68.0745 -67.8085 -67.5486 -67.3730 -67.3311 -67.2294 -66.7006 -66.3690 -67.0745 -67.6161 -67.8725 -67.7517 -67.7199 -67.7857 -67.9228 -68.1393 -68.2687 -68.3161 -68.4240 -68.5750 -68.7552 -68.9526 -69.1586 -69.3679 -69.5786 -69.7681 -69.9527 -70.1422 -70.3121 -70.4747 -70.6740 -70.8087 -70.8277 -70.6658 -70.7652
-69.9740 -69.4654 -69.1277 -68.8076 -68.4953 -68.2059 -67.9440 -67.7233 -67.5377 -67.4397 -67.3574 -66.9671 -64.4665 -66.8532 -67.3594 -67.8490 -67.7896 -67.7028 -67.7144 -67.8324 -67.9903 -68.1887 -68.2865 -68.3484 -68.4635 -68.6181 -68.7986 -69.0099 -69.1965 -69.3847 -69.5830 -69.7640 -69.9408 -70.1128 -70.2789 -70.4138 -70.3275 -70.5235 -70.5986 -70.6724
-70.0348 -69.5451 -69.2357 -68.9322 -68.6310 -68.4018 -68.1438 -67.8836 -67.6852 -67.5656 -67.4515 -67.1847 -66.7469 -66.4207 -67.1614 -67.6331 -67.8471 -67.7359 -67.7207 -67.7662 -67.8809 -68.0514 -68.2540 -68.3236 -68.3970 -68.5187 -68.6899 -68.8523 -69.0393 -69.2170 -69.3963 -69.5748 -69.7509 -69.9248 -69.8434 -70.0118 -70.1760 -70.3361 -70.8265 -71.0134
-70.1129 -69.6382 -69.3426 -69.0518 -68.8278 -68.5598 -68.3085 -68.0435 -67.8363 -67.6986 -67.5160 -67.4198 -66.9872 -64.6282 -67.0084 -67.4547 -67.9099 -67.8353 -67.7491 -67.7444 -67.8171 -67.9501 -68.1283 -68.3333 -68.4091 -68.4728 -68.5920 -68.7301 -68.8853 -69.0517 -69.2240 -69.3991 -69.3446 -69.5209 -69.6965 -69.8676 -70.3553 -70.5574 -70.7476 -70.9288
-70.1919 -69.7309 -69.5320 -69.2686 -68.9822 -68.7171 -68.4693 -68.2016 -67.9864 -67.7847 -67.6122 -67.5036 -67.2234 -66.8649 -66.6662 -67.3412 -67.7522 -67.9176 -67.8144 -67.7649 -67.7921 -67.8877 -68.0874 -68.2519 -68.4278 -68.4445 -68.5125 -68.6178 -68.7515 -68.9039 -69.0478 -69.0283 -69.2070 -69.3846 -69.8839 -70.0999 -70.2980 -70.4855 -70.6661 -70.8401
-69.5162 -69.9634 -69.6851 -69.4131 -69.1358 -68.8733 -68.6284 -68.3541 -68.0688 -67.8879 -67.7332 -67.6081 -67.4409 -67.1280 -64.8148 -67.2501 -67.6253 -68.0055 -67.9121 -67.8246 -67.8856 -67.9184 -68.0217 -68.1552 -68.3150 -68.4391 -68.4618 -68.5320 -68.6206 -68.5798 -68.7413 -68.9112 -69.4876 -69.6751 -69.8623 -70.0481 -70.2306 -70.4075 -70.5809 -70.7510
-69.6283 -69.4788 -69.8228 -69.5561 -69.2843 -69.0294 -68.7774 -68.4164 -68.1734 -68.0198 -67.8594 -67.7228 -67.6543 -67.3547 -67.0695 -66.9566 -67.5370 -67.8921 -68.0137 -68.0063 -67.9395 -67.9230 -67.9701 -68.0628 -68.1985 -68.3536 -68.4412 -68.2849 -68.3788 -68.5038 -68.6499 0.0000 0.0000 0.0000 0.0000 0.0000 0.0000 -70.4137 -70.5146 -70.6806
-69.6924 -69.5545 -69.4094 -69.6941 -69.4281 -69.1751 -68.8086 -68.5086 -68.3051 -68.1515 -67.9888 -67.8818 -67.7691 -67.5665 -67.2921 -64.9976 -67.4938 -67.9221 -68.2625 -68.1577 -68.0082 -67.9419 -67.9350 -67.9931 -68.0899 -68.0356 -68.2104 -68.2932 -68.3553 -68.4537 -68.7731 0.0000 0.0000 0.0000 0.0000 0.0000 0.0000 -77.7923 -70.6596 -70.6093
-69.7559 -69.6258 -69.4889 -69.3466 -69.5714 -69.1661 -68.8908 -68.6369 -68.4343 -68.3185 -68.1576 -68.0159 -67.8916 -67.7697 -67.5049 -67.3868 -67.3374 -67.8819 -68.1956 -68.2769 -68.0897 -67.9703 -67.9206 -67.7391 -67.8363 -67.9702 -68.1300 -68.3033 -68.5515 -68.6367 -68.7829 0.0000 0.0000 0.0000 0.0000 0.0000 0.0000 -77.7234 -75.8124 -74.0216
0.0000 0.0000 0.0000 -69.4864 -69.1013 -69.2522 -69.0268 -68.7766 -68.6188 -68.4764 -68.3056 -68.1572 -68.0338 -68.0578 -67.8526 -67.6170 0.0000 0.0000 -68.1858 -68.3558 -68.1659 -67.9806 -67.7458 -67.7613 -67.8285 -67.9385 -68.0848 -68.4723 -68.6707 -68.7217 -68.8054 0.0000 0.0000 0.0000 0.0000 0.0000 0.0000 -77.9047 -76.2395 -74.9812
0.0000 0.0000 0.0000 -70.2337 -69.1695 -69.0150 -69.1325 -68.9362 -68.7475 -68.5701 -68.4419 -68.4420 -68.3333 0.0000 0.0000 0.0000 0.0000 0.0000 0.0000 -68.2153 -67.9660 -67.8825 -67.8191 -67.8018 -67.8387 -68.1520 -68.2974 -68.4619 -68.6387 -68.7940 -68.8413 0.0000 0.0000 0.0000 0.0000 0.0000 0.0000 -78.1305 -76.7109 -75.4578
-76.7639 -76.7306 -71.9925 -70.2931 -69.8573 -69.1319 -69.0122 -69.0680 -68.8791 -68.7151 0.0000 0.0000 0.0000 0.0000 0.0000 0.0000 0.0000 -76.8242 -74.7797 -68.4619 -68.0716 -67.9862 -67.9080 -68.1256 -68.1512 -68.2176 -68.3207 -68.4535 -68.6112 -68.7812 -68.9028 0.0000 0.0000 0.0000 0.0000 0.0000 0.0000 -78.3364 -77.0630 -75.9783
-75.6807 -75.6606 -71.8158 -70.3196 -70.0983 -69.7585 -69.1007 -68.9485 -69.0109 0.0000 0.0000 0.0000 0.0000 0.0000 -77.6324 -75.8052 -74.6468 -74.2994 -73.9573 -72.5128 -68.0862 -68.4745 -68.3905 -68.3159 -68.2834 -68.2928 -68.3568 -68.4615 -68.5933 -68.7384 -68.8951 0.0000 0.0000 0.0000 0.0000 0.0000 0.0000 -78.5102 -77.3548 -76.3495
-74.6585 -74.8429 -71.7796 -70.4002 -70.2330 -69.9377 -69.6638 -69.0653 -68.9152 -73.7499 0.0000 -77.4795 -76.9288 -75.6413 -75.2144 -74.1492 -73.9263 -73.4969 -73.1269 -73.5794 0.0000 -74.4248 -68.6345 -68.5277 -68.3912 -68.3625 -68.3842 -68.4509 -68.5532 -68.6788 -68.8231 0.0000 0.0000 0.0000 0.0000 0.0000 0.0000 -78.6580 -77.5480 -76.4945
-73.3636 -73.8164 -71.7129 -70.4311 -70.2731 -70.0911 -69.8212 -69.5878 -68.9909 -68.9441 -76.3531 -75.2631 -74.9972 -74.0133 -73.6909 -73.3820 -73.1940 -73.5296 -73.2382 -73.1827 0.0000 0.0000 -68.7641 -68.5722 -68.4776 -68.4231 -68.4107 -68.4468 -68.5237 -68.5999 -68.6158 0.0000 0.0000 0.0000 0.0000 0.0000 0.0000 -78.8077 -77.4819 -76.5406
-73.0845 -71.6840 -71.4423 -70.2840 -70.1282 -70.1357 -69.9564 -69.7205 -69.4845 -69.0126 -72.1276 -73.7046 -73.6471 -73.3721 -73.0239 -72.7072 -73.8142 -73.5655 -73.0374 -72.7176 0.0000 0.0000 -74.1151 -68.6776 -68.5712 -68.4915 -68.4510 -68.4571 -68.3658 -68.4565 -68.5730 0.0000 0.0000 0.0000 0.0000 0.0000 0.0000 -78.9442 -77.2777 -76.3487
