-66.5299
-66.4846
-66.4430
-66.4016
-66.3605
-66.3196
-66.2783
-64.0084
-63.9895
-63.9703
-63.9508
-63.9309
-63.9107
-63.8900
-63.8692
-63.8484
-63.8277
-60.7651
-60.7804
-60.7948
-60.8080
-60.8199
-61.7165
-61.7245
-61.7312
-61.7363
-61.7398
-61.7416
-61.7419
-61.7405
-61.7372
-61.5876
-61.6358
-61.6219
-61.6058
-61.5874
-61.6018
-64.4396
-64.3489
-64.2560
-66.5916
-66.4158
-66.3763
-66.3340
-66.2953
-66.2568
-66.2180
-63.9616
-63.9445
-63.9274
-63.9103
-63.8934
-63.8768
-63.8603
-60.6865
-60.7052
-60.7227
-60.7393
-60.7551
-60.7699
-60.7832
-60.7953
-61.6931
-61.7014
-61.7085
-61.7142
-61.7183
-61.7207
-61.7214
-61.7202
-61.7170
-61.7120
-61.6135
-61.5996
-64.6122
-64.5986
-64.5133
-64.4270
-64.3371
-64.2447
-66.5175
-66.4807
-66.3065
-66.2703
-66.2314
-66.1963
-64.0362
-63.9183
-63.9047
-63.8918
-63.8798
-60.5969
-60.6192
-60.6403
-60.6604
-60.6794
-60.6973
-60.7141
-60.7299
-60.7446
-60.7580
-60.7705
-61.6702
-61.6792
-61.6867
-61.6927
-61.6971
-61.6997
-61.7006
-61.6996
-65.0911
-65.1599
-65.0889
-65.0156
-64.6016
-64.5896
-64.5062
-64.4191
-64.3293
-64.2351
-66.4463
-66.4107
-66.3785
-66.3475
-66.1775
-66.1494
-63.9873
-60.4705
-60.4969
-60.5224
-60.5469
-60.5704
-60.5929
-60.6142
-60.6344
-60.6536
-60.6714
-60.6881
-60.7044
-60.7196
-60.7336
-60.7464
-61.6477
-61.6570
-61.6648
-61.6710
-65.3267
-65.2694
-65.2105
-65.1499
-65.0872
-65.1587
-65.0890
-65.0168
-64.9420
-64.5843
-64.4964
-64.4050
-64.3111
-64.2140
-66.3803
-66.3540
-66.3277
-66.3050
-61.2669
-61.2538
-60.4478
-60.4431
-60.4697
-60.4953
-60.5200
-60.5437
-60.5663
-60.5876
-60.6079
-60.6274
-60.6457
-60.6630
-60.6795
-60.6949
-60.7091
-60.7220
-61.6249
-65.4777
-65.4274
-65.3756
-65.3224
-65.2673
-65.2102
-65.1509
-65.0893
-65.1628
-65.0894
-65.0121
-64.9325
-64.9282
-64.8369
-64.3854
-64.2916
-64.1934
-66.3346
-61.1356
-61.1720
-61.2067
-61.2403
-61.2739
-60.4494
-60.4164
-60.4432
-60.4680
-60.4929
-60.5168
-60.5396
-60.5613
-60.5819
-60.6015
-60.6200
-60.6375
-60.6542
-63.6506
-63.6292
-63.6068
-65.5219
-65.4753
-65.4272
-65.3773
-65.3254
-65.2713
-65.2124
-65.1473
-65.0802
-65.1490
-65.0748
-64.9982
-64.9192
-64.9163
-64.8337
-64.7376
-64.2730
-64.1737
-61.0721
-61.1089
-61.1447
-61.1804
-61.2152
-61.2481
-60.4116
-60.4297
-60.4159
-60.4419
-60.4659
-60.4900
-60.5129
-60.5348
-60.5556
-63.7068
-63.6901
-63.6730
-63.6557
-63.6374
-63.6179
-63.5970
-65.5257
-65.4804
-65.4329
-65.3761
-65.3177
-65.2573
-65.1951
-65.1308
-65.0644
-65.1345
-65.0610
-64.9851
-64.9860
-64.9069
-64.8235
-64.7375
-64.6382
-64.5267
-61.0441
-61.0819
-61.1188
-61.1540
-61.1885
-61.2229
-60.3803
-60.4030
-60.4309
-60.4579
-60.4396
-60.4639
-63.7308
-63.7188
-63.7062
-63.6927
-63.6783
-63.6632
-63.6473
-63.6300
-63.6113
-65.5715
-65.5200
-65.4672
-65.4130
-65.3570
-65.2993
-65.2398
-65.1784
-65.1149
-65.0494
-65.1208
-65.0481
-64.9730
-64.9756
-64.8973
-64.8148
-64.7297
-64.6409
-64.5331
-61.0159
-61.0544
-61.0920
-61.1286
-61.1630
-61.1964
-60.3482
-60.3773
-63.8487
-63.8413
-63.8354
-63.7299
-63.7211
-63.7089
-63.6980
-63.6858
-63.6722
-63.6556
-63.6340
-63.6112
-63.5872
-65.5493
-65.4988
-65.4470
-65.3936
-65.3386
-65.2818
-65.2231
-65.1626
-65.1000
-65.1779
-65.1084
-65.0366
-64.9626
-64.9671
-64.8899
-61.6370
-61.6214
-61.6021
-61.5783
-60.9896
-61.0274
-61.0647
-61.1011
-66.1948
-66.1819
-63.8456
-63.8425
-63.8405
-63.8360
-63.8305
-63.8256
-63.8189
-63.7069
-63.6892
-63.6682
-63.6485
-63.6283
-63.6073
-63.5851
-63.5616
-65.5279
-65.4784
-65.4275
-65.3750
-65.3210
-65.2653
-65.2077
-65.1482
-65.0868
-65.1665
-61.6249
-61.6207
-61.6144
-61.6443
-61.6348
-61.6222
-61.6071
-61.5872
-61.5633
-60.9614
-66.2217
-66.2152
-66.2063
-66.2001
-66.1931
-63.8433
-63.8421
-63.8397
-63.8378
-63.8290
-63.8146
-63.7987
-63.7837
-63.7659
-63.6423
-63.6208
-63.6013
-63.5809
-63.5594
-63.5367
-65.5075
-65.4590
-65.4093
-65.3581
-65.3054
-65.2510
-61.5382
-61.5424
-61.5448
-61.6095
-61.6078
-61.6040
-61.5981
-61.6283
-61.6188
-61.6062
-61.5911
-61.5706
-61.5470
-66.2371
-66.2344
-66.2336
-66.2315
-66.2279
-66.2195
-63.8425
-63.8341
-63.8249
-63.8130
-63.8003
-63.7883
-63.7731
-63.7570
-63.7417
-63.7235
-63.5961
-63.5775
-63.5554
-63.5346
-63.5128
-65.4892
-65.4423
-61.4842
-61.4954
-61.5050
-61.5130
-61.5193
-61.5239
-61.5264
-61.5913
-61.5895
-61.5856
-61.6179
-61.6113
-61.6015
-61.5894
-61.5742
-61.5538
-61.5307
-66.2669
-66.2690
-66.2657
-66.2454
-66.2243
-66.2023
-63.8115
-63.8038
-63.7953
-63.7860
-63.7740
-63.7608
-63.7483
-63.7348
-63.7185
-63.7013
-63.6850
-63.6666
-60.4828
-60.4995
-60.5162
-61.4366
-61.4510
-61.4639
-61.4754
-61.4848
-61.4927
-61.4988
-61.5032
-61.5058
-61.5712
-61.5698
-61.5663
-61.5995
-61.5933
-61.5841
-61.5725
-61.5571
-61.5371
-61.5145
-66.2705
-66.2529
-66.2345
-66.2153
-66.1924
-66.1717
-63.7828
-63.7759
-63.7664
-63.7579
-63.7473
-63.7348
-63.7195
-63.7035
-60.4328
-60.4550
-60.4762
-60.4977
-60.5171
-60.4773
-60.4941
-61.4148
-61.4288
-61.4415
-61.4528
-61.4625
-61.4707
-61.4772
-61.4819
-61.5500
-61.5510
-61.5500
-61.5471
-61.5811
-61.5755
-61.5669
-61.5562
-61.5409
-61.5218
-61.4658
-66.2406
-66.2243
-66.2010
-66.1833
-66.1650
-63.8693
-63.7502
-63.7419
-63.7332
-63.7241
-60.3075
-60.3350
-60.3614
-60.3868
-60.4093
-60.4327
-60.4548
-60.4741
-60.4943
-60.5133
-60.5303
-61.3925
-61.4052
-61.4182
-61.4298
-61.4399
-61.4485
-61.4554
-61.4606
-61.5294
-61.5308
-61.5308
-61.5287
-61.5641
-61.5595
-61.5517
-61.5416
-61.5259
-61.5072
-61.4522
-66.2059
-66.1866
-66.1661
-66.1457
-66.1189
-63.8048
-60.1642
-60.1957
-60.2254
-60.2551
-60.2839
-60.3105
-60.3366
-60.3618
-60.3859
-60.4081
-60.4294
-60.4510
-60.4704
-60.4888
-61.4317
-61.4480
-61.3832
-61.3966
-61.4068
-61.4173
-61.4268
-61.4346
-61.4407
-61.5105
-61.5128
-61.5132
-61.5116
-61.5486
-61.5437
-61.5365
-61.5265
-61.5110
-61.4929
-61.4390
-66.1527
-60.8416
-60.8809
-60.9202
-60.9587
-60.1345
-60.1387
-60.1700
-60.2003
-60.2288
-60.2572
-60.2846
-60.3110
-60.3354
-60.3598
-60.3832
-60.4059
-60.4258
-60.4466
-60.4664
-61.4093
-61.4278
-61.4437
-61.4596
-61.3876
-61.3971
-61.4069
-61.4151
-61.4215
-61.4920
-61.4947
-61.4956
-61.5340
-61.5327
-61.5285
-61.5219
-61.5115
-61.4964
-61.4786
-61.4256
-60.7758
-60.8162
-60.8565
-60.8955
-60.9325
-60.0963
-60.1124
-60.1438
-60.1726
-60.2022
-60.2309
-60.2576
-60.2842
-60.3100
-60.3347
-60.3574
-60.3808
-60.4035
-60.4241
-60.4435
-61.3922
-61.4098
-61.4261
-61.4424
-61.4559
-61.3786
-61.3889
-61.3957
-61.4027
-61.4739
-61.4772
-61.4785
-61.5177
-61.5167
-61.5127
-61.5064
-61.4955
-61.4807
-61.4282
-61.4456
-60.7481
-60.7891
-60.8291
-60.8673
-60.9056
-60.0632
-60.0840
-60.1158
-60.1466
-60.1756
-60.2037
-60.2319
-60.2593
-60.2848
-60.3103
-60.3348
-60.3576
-60.3806
-60.4024
-60.4233
-61.3737
-61.3918
-61.4102
-61.4242
-61.4398
-61.4523
-61.4649
-61.3787
-61.3839
-61.4556
-61.4591
-61.4607
-61.5007
-61.5002
-61.4968
-61.4910
-61.4796
-61.4652
-61.4138
-61.4320
-60.7189
-60.7601
-60.8005
-60.8401
-60.8788
-60.0239
-60.0570
-60.0895
-60.1202
-60.1509
-60.1807
-60.2073
-60.2350
-60.2617
-60.2875
-60.3112
-60.3356
-60.3591
-60.3804
-60.4018
-61.3568
-61.3753
-61.3925
-61.4097
-61.4239
-61.4367
-61.4494
-61.4590
-61.5350
-61.4391
-61.4407
-61.4426
-61.4836
-61.4835
-61.4805
-61.4747
-61.4632
-61.4492
-61.3988
-61.4180
-60.6889
-60.7307
-60.7731
-60.8136
-60.8532
-59.9987
-60.0323
-60.0642
-60.0961
-60.1272
-60.1563
-60.1854
-60.2136
-60.2388
-60.2650
-60.2903
-60.3138
-60.3374
-60.3598
-60.3813
-61.3376
-61.3578
-61.3768
-61.3928
-61.4075
-61.4222
-61.4321
-61.4436
-61.5203
-61.5283
-61.4241
-61.4241
-61.4667
-61.4663
-61.4640
-61.4579
-61.4469
-61.4336
-61.3845
-61.4048
-60.6634
-60.7061
-60.7478
-60.7886
-60.8297
-59.9737
-60.0077
-60.0409
-60.0733
-60.1037
-60.1342
-60.1634
-60.1906
-60.2178
-60.2441
-60.2672
-60.2920
-60.3158
-60.3373
-60.3590
-61.3195
-61.3385
-61.3578
-61.3757
-61.3923
-61.4042
-61.4177
-61.4280
-61.5056
-61.5143
-61.5194
-61.5644
-61.4521
-61.4500
-61.4481
-61.4414
-61.4308
-61.3817
-61.4049
-61.3911
-60.6389
-60.6820
-60.7243
-60.7656
-60.8061
-59.9486
-59.9836
-60.0168
-60.0491
-60.0805
-60.1109
-60.1392
-60.1676
-60.1951
-60.2205
-60.2461
-60.2711
-60.2928
-60.3157
-61.2790
-61.2995
-61.3203
-61.3402
-61.3571
-61.3743
-61.3900
-61.4025
-61.4134
-61.4935
-61.4992
-61.5065
-61.5526
-61.5566
-61.4358
-61.4344
-61.4244
-61.4141
-61.3661
-64.5388
-64.4594
-60.6155
-60.6586
-60.7008
-60.7421
-60.7825
-59.9233
-59.9574
-59.9907
-60.0232
-60.0558
-60.0863
-60.1158
-60.1444
-60.1709
-60.1976
-60.2235
-60.2477
-60.2721
-60.2955
-61.2593
-61.2819
-61.3034
-61.3220
-61.3409
-61.3584
-61.3728
-61.3874
-61.4004
-61.4778
-61.4874
-61.4934
-61.5405
-65.2797
-65.2187
-65.1492
-64.7787
-64.6935
-64.5390
-64.5371
-64.4604
-60.5918
-60.6340
-60.6764
-60.7179
-60.7585
-59.8976
-59.9319
-59.9654
-59.9980
-60.0296
-60.0605
-60.0914
-60.1204
-60.1484
-60.1755
-60.2007
-60.2263
-60.2510
-60.2734
-61.2430
-61.2660
-61.2846
-61.3052
-61.3244
-61.3406
-61.3570
-65.3453
-65.2998
-65.4240
-65.3673
-65.3084
-65.3585
-65.2926
-65.2332
-65.1622
-65.0816
-64.6974
-64.5447
-64.5388
-64.4630
-60.5667
-60.6101
-60.6526
-60.6932
-59.8897
-59.8719
-59.9066
-59.9404
-59.9734
-60.0055
-60.0365
-60.0666
-60.0957
-60.1250
-60.1523
-60.1789
-60.2048
-60.2284
-60.2523
-65.6314
-65.5942
-65.5602
-65.5206
-65.4793
-65.4408
-65.3961
-65.3539
-65.4859
-65.4324
-65.3814
-65.3280
-65.3721
-65.3165
-65.2531
-65.1796
-65.0992
-64.9356
-64.9415
-61.3243
-61.3110
-60.5429
-60.5868
-60.6298
-60.6708
-59.8551
-59.8479
-59.8818
-59.9158
-59.9489
-59.9812
-60.0124
-60.0426
-60.0719
-63.4340
-63.4269
-63.4224
-63.4146
-63.4057
-63.3958
-65.6353
-65.6043
-65.5718
-65.5332
-65.4975
-65.4506
-65.4111
-65.3696
-65.4994
-65.4511
-65.4005
-65.4494
-61.4845
-61.4903
-61.4940
-61.4933
-61.4855
-61.4424
-61.4737
-61.4659
-61.3007
-60.5198
-60.5639
-60.6072
-60.6139
-59.7924
-59.7956
-63.4390
-63.4401
-63.4380
-63.4375
-63.4357
-63.4329
-63.4291
-63.4242
-63.4183
-63.4122
-63.4052
-63.3997
-63.3903
-65.6538
-65.6232
-65.5864
-65.5527
-65.5171
-61.2713
-61.2893
-61.3020
-61.3876
-61.4010
-61.4108
-61.4646
-61.4734
-61.4815
-61.4870
-61.4835
-61.4780
-61.4337
-61.4658
-61.4593
-61.4498
-65.9322
-65.9317
-65.9305
-65.9245
-63.4904
-63.4293
-63.4329
-63.4355
-63.4347
-63.4352
-63.4341
-63.4293
-63.4259
-63.4213
-63.4156
-63.4098
-60.1185
-60.1446
-60.1696
-61.1477
-61.1743
-61.1979
-61.2201
-61.2390
-61.2584
-61.2765
-61.2912
-61.3772
-61.3867
-61.3986
-61.4543
-61.4627
-61.4713
-61.4737
-61.4728
-61.4698
-61.4237
-61.4598
-61.4516
-61.4452
-65.9556
-65.9580
-65.9591
-65.9547
-63.4682
-63.4325
-63.4364
-63.4392
-63.4383
-59.8952
-59.9275
-59.9576
-59.9880
-60.0162
-60.0448
-60.0727
-60.0996
-60.1255
-61.1058
-61.1313
-61.1558
-61.1793
-61.2033
-61.2243
-61.2440
-61.2604
-61.2773
-61.3641
-61.3759
-61.3881
-61.4408
-61.4518
-61.4586
-61.4622
-61.4616
-61.4174
-61.4551
-61.4513
-61.4460
-61.4417
-66.0033
-66.0016
-60.5230
-60.5656
-59.7081
-59.7397
-59.7748
-59.8101
-59.8432
-59.8764
-59.9085
-59.9386
-59.9688
-59.9969
-60.0253
-60.0531
-60.0785
-60.1044
-61.0878
-61.1135
-61.1383
-61.1619
-61.1844
-61.2056
-61.2275
-61.2461
-61.3349
-61.3486
-61.3628
-61.3754
-61.4315
-61.4430
-61.4483
-61.4511
-61.4488
-61.4084
-61.4450
-61.4452
-61.4425
-61.4370
-60.4186
-60.4641
-60.5075
-60.5501
-59.6825
-59.7194
-59.7544
-59.7896
-59.8239
-59.8561
-59.8884
-59.9183
-59.9484
-59.9764
-60.0049
-60.0328
-60.0585
-60.0845
-61.0696
-61.0956
-61.1206
-61.1444
-61.1671
-61.1888
-61.2094
-61.2286
-61.3205
-61.3370
-61.3519
-61.4079
-61.4229
-61.4352
-61.4426
-61.4448
-61.4401
-61.4008
-61.4383
-61.4390
-61.4343
-61.4349
-60.4000
-60.4456
-60.4904
-60.5331
-59.6634
-59.6995
-59.7346
-59.7688
-59.8030
-59.8350
-59.8672
-59.8985
-59.9276
-59.9570
-59.9845
-60.0130
-60.0392
-60.0658
-61.0552
-61.0819
-61.1076
-61.1301
-61.1534
-61.1755
-61.1962
-61.2156
-61.3060
-61.3226
-61.3399
-61.3994
-61.4148
-61.4250
-61.4334
-61.4358
-61.4336
-61.3923
-61.4316
-61.4328
-61.4331
-61.4295
-60.3800
-60.4258
-60.4707
-60.5147
-59.6419
-59.6789
-59.7144
-59.7502
-59.7839
-59.8165
-59.8481
-59.8799
-59.9096
-59.9395
-59.9689
-59.9962
-60.0238
-60.0491
-61.0447
-61.0698
-61.0957
-61.1184
-61.1419
-61.1620
-61.1829
-61.2025
-61.2936
-61.3104
-61.3258
-61.3874
-61.4048
-61.4178
-61.4249
-61.4275
-61.3847
-61.4248
-61.4274
-61.4234
-61.4271
-61.4193
-60.3618
-60.4080
-60.4533
-60.4978
-59.6222
-59.6598
-59.6965
-59.7323
-59.7673
-59.8001
-59.8330
-59.8637
-59.8936
-59.9223
-59.9519
-59.9793
-60.0072
-60.0327
-61.0330
-61.0603
-61.0845
-61.1096
-61.1313
-61.1538
-61.1726
-61.1922
-61.2814
-61.2981
-61.3134
-61.3760
-61.3910
-61.4040
-61.4092
-61.4141
-61.3749
-61.4185
-61.4195
-61.4178
-61.4225
-61.4104
-60.3456
-60.3919
-60.4374
-60.4821
-59.6030
-59.6406
-59.6775
-59.7136
-59.7488
-59.7829
-59.8161
-59.8483
-59.8797
-59.9087
-59.9371
-59.9645
-59.9910
-60.0178
-61.0209
-61.0481
-61.0723
-61.0972
-61.1189
-61.1413
-61.1603
-61.1800
-61.2697
-61.2866
-61.3455
-61.3635
-61.3786
-61.3911
-61.3952
-61.3974
-61.3593
-61.6036
-61.6223
-61.6442
-61.6597
-61.6646
-60.3300
-60.3767
-60.4225
-60.4673
-59.5845
-59.6221
-59.6590
-59.6949
-59.7300
-59.7640
-59.7970
-59.8291
-59.8604
-59.8906
-59.9206
-59.9496
-59.9762
-60.0033
-61.0115
-61.0370
-61.0614
-61.0845
-61.1084
-61.1289
-61.1501
-61.2418
-61.2604
-61.2750
-61.3377
-61.3534
-61.5845
-61.6006
-61.6096
-61.6167
-61.5818
-61.5920
-61.6102
-61.6343
-61.6495
-61.6592
-60.3144
-60.3610
-60.4055
-59.5803
-59.5641
-59.6019
-59.6389
-59.6749
-59.7101
-59.7442
-59.7773
-59.8095
-59.8408
-59.8712
-59.9013
-59.9304
-59.9585
-60.9714
-61.0001
-61.0258
-61.0524
-61.0757
-61.0977
-61.1183
-61.3099
-61.4124
-61.4363
-61.4588
-61.5315
-61.5549
-61.5762
-61.5907
-61.5999
-61.5633
-61.6175
-61.6289
-61.5995
-61.6237
-61.6385
-61.6499
-60.2991
-60.3459
-60.3906
-59.5512
-59.5447
-59.5826
-59.6185
-59.6547
-59.6899
-59.7240
-59.7572
-59.7895
-59.8210
-59.8516
-59.8818
-59.9111
-59.9394
-60.9565
-60.9854
-61.1552
-61.1861
-61.2159
-61.2447
-61.2722
-61.2987
-61.4019
-61.4260
-61.4487
-61.5232
-61.5470
-61.5688
-61.5813
-61.5906
-61.5552
-61.6105
-61.6231
-61.6394
-61.6112
-61.6254
-61.6383
-60.2844
-60.3304
-60.3767
-59.5216
-59.5272
-59.5644
-59.6017
-59.6370
-59.6726
-59.7057
-59.7392
-59.7705
-59.8021
-59.8330
-59.9646
-59.9965
-60.0275
-61.0799
-61.1127
-61.1445
-61.1754
-61.2053
-61.2341
-61.2618
-61.2883
-61.3922
-61.4164
-61.4393
-61.5155
-61.5397
-61.5610
-61.5721
-61.5806
-61.5465
-61.6038
-61.6169
-61.6345
-61.6422
-61.6103
-61.6248
