-55.1394
-55.1823
-55.2201
-55.2560
-55.2932
-55.3367
-55.3800
-55.4199
-55.4572
-55.4943
-55.5343
-55.5748
-55.6150
-55.6559
-55.6964
-55.7365
-55.7746
-55.8121
-55.8493
-55.8872
-55.9248
-55.9619
-56.0006
-56.0400
-56.0793
-56.1178
-56.1550
-56.1913
-56.2271
-56.2632
-56.2994
-56.3353
-56.3709
-56.4068
-56.4425
-56.4778
-56.5129
-56.5488
-56.5843
-56.6193
-55.2107
-55.2527
-55.2938
-55.3306
-55.3653
-55.4007
-55.4431
-55.4850
-55.5243
-55.5603
-55.5959
-55.6337
-55.6726
-55.7119
-55.7514
-55.7907
-55.8294
-55.8662
-55.9024
-55.9383
-55.9746
-56.0108
-56.0466
-56.0834
-56.1218
-56.1598
-56.1975
-56.2329
-56.2680
-56.3026
-56.3374
-56.3725
-56.4071
-56.4413
-56.4758
-56.5102
-56.5443
-56.5784
-56.6129
-56.6471
-55.2860
-55.3218
-55.3625
-55.4018
-55.4376
-55.4712
-55.5050
-55.5457
-55.5860
-55.6242
-55.6589
-55.6932
-55.7292
-55.7673
-55.8056
-55.8438
-55.8818
-55.9187
-55.9546
-55.9895
-56.0241
-56.0588
-56.0938
-56.1285
-56.1635
-56.2006
-56.2373
-56.2733
-56.3079
-56.3416
-56.3752
-56.4089
-56.4426
-56.4760
-56.5091
-56.5419
-56.5750
-56.6083
-56.6414
-56.6742
-55.3608
-55.3950
-55.4296
-55.4680
-55.5058
-55.5403
-55.5727
-55.6053
-55.6443
-55.6832
-55.7207
-55.7541
-55.7872
-55.8217
-55.8591
-55.8962
-55.9331
-55.9693
-56.0049
-56.0398
-56.0735
-56.1068
-56.1400
-56.1737
-56.2076
-56.2412
-56.2763
-56.3115
-56.3460
-56.3798
-56.4124
-56.4452
-56.4776
-56.5100
-56.5422
-56.5740
-56.6054
-56.6374
-56.6697
-56.7016
-55.4337
-55.4669
-55.4998
-55.5325
-55.5694
-55.6059
-55.6393
-55.6710
-55.7025
-55.7396
-55.7772
-55.8138
-55.8461
-55.8780
-55.9114
-55.9476
-55.9835
-56.0189
-56.0536
-56.0880
-56.1218
-56.1543
-56.1864
-56.2183
-56.2511
-56.2838
-56.3161
-56.3489
-56.3824
-56.4157
-56.4486
-56.4807
-56.5123
-56.5435
-56.5745
-56.6055
-56.6362
-56.6666
-56.6972
-56.7284
-55.5048
-55.5372
-55.5692
-55.6007
-55.6319
-55.6674
-55.7025
-55.7354
-55.7659
-55.7963
-55.8316
-55.8678
-55.9035
-55.9347
-55.9662
-55.9980
-56.0329
-56.0675
-56.1013
-56.1348
-56.1679
-56.2006
-56.2320
-56.2629
-56.2940
-56.3255
-56.3570
-56.3879
-56.4181
-56.4504
-56.4824
-56.5147
-56.5462
-56.5765
-56.6066
-56.6364
-56.6661
-56.6957
-56.7254
-56.7547
-55.5745
-55.6059
-55.6372
-55.6683
-55.6979
-55.7278
-55.7621
-55.7961
-55.8281
-55.8575
-55.8868
-55.9203
-55.9552
-55.9896
-56.0206
-56.0513
-56.0817
-56.1151
-56.1480
-56.1807
-56.2130
-56.2448
-56.2761
-56.3065
-56.3366
-56.3668
-56.3968
-56.4271
-56.4562
-56.4850
-56.5154
-56.5468
-56.5780
-56.6087
-56.6379
-56.6669
-56.6955
-56.7239
-56.7529
-56.7815
-55.6402
-55.6734
-55.7038
-55.7340
-55.7633
-55.7918
-55.8204
-55.8534
-55.8865
-55.9174
-55.9458
-55.9740
-56.0057
-56.0394
-56.0728
-56.1037
-56.1333
-56.1626
-56.1938
-56.2255
-56.2570
-56.2879
-56.3185
-56.3486
-56.3782
-56.4076
-56.4366
-56.4653
-56.4937
-56.5216
-56.5492
-56.5780
-56.6083
-56.6383
-56.6680
-56.6965
-56.7243
-56.7518
-56.7796
-56.8074
-55.7043
-55.7372
-55.7690
-55.7984
-55.8272
-55.8549
-55.8822
-55.9097
-55.9418
-55.9736
-56.0035
-56.0308
-56.0580
-56.0880
-56.1203
-56.1533
-56.1836
-56.2121
-56.2399
-56.2692
-56.2998
-56.3300
-56.3598
-56.3891
-56.4180
-56.4473
-56.4755
-56.5034
-56.5304
-56.5573
-56.5840
-56.6108
-56.6378
-56.6670
-56.6959
-56.7245
-56.7523
-56.7789
-56.8060
-56.8328
-55.7684
-55.7989
-55.8308
-55.8613
-55.8896
-55.9166
-55.9432
-55.9694
-55.9960
-56.0269
-56.0574
-56.0863
-56.1126
-56.1386
-56.1671
-56.1990
-56.2308
-56.2604
-56.2875
-56.3140
-56.3416
-56.3709
-56.4000
-56.4286
-56.4567
-56.4851
-56.5133
-56.5405
-56.5668
-56.5924
-56.6180
-56.6437
-56.6698
-56.6955
-56.7229
-56.7507
-56.7781
-56.8053
-56.8316
-56.8576
-55.8354
-55.8599
-55.8904
-55.9211
-55.9504
-55.9768
-56.0027
-56.0282
-56.0534
-56.0791
-56.1088
-56.1380
-56.1660
-56.1912
-56.2161
-56.2436
-56.2746
-56.3052
-56.3339
-56.3595
-56.3849
-56.4108
-56.4390
-56.4669
-56.4944
-56.5218
-56.5493
-56.5763
-56.6022
-56.6270
-56.6515
-56.6758
-56.7011
-56.7260
-56.7506
-56.7761
-56.8027
-56.8291
-56.8558
-56.8817
-55.9009
-55.9244
-55.9487
-55.9786
-56.0082
-56.0357
-56.0607
-56.0855
-56.1098
-56.1344
-56.1590
-56.1874
-56.2155
-56.2424
-56.2665
-56.2907
-56.3173
-56.3471
-56.3765
-56.4040
-56.4285
-56.4527
-56.4770
-56.5040
-56.5307
-56.5575
-56.5841
-56.6104
-56.6362
-56.6606
-56.6843
-56.7076
-56.7316
-56.7556
-56.7795
-56.8031
-56.8266
-56.8522
-56.8781
-56.9040
-55.9637
-55.9876
-56.0108
-56.0347
-56.0636
-56.0919
-56.1175
-56.1414
-56.1650
-56.1888
-56.2123
-56.2357
-56.2629
-56.2897
-56.3156
-56.3386
-56.3628
-56.3879
-56.4165
-56.4443
-56.4709
-56.4944
-56.5175
-56.5403
-56.5660
-56.5918
-56.6179
-56.6435
-56.6687
-56.6926
-56.7160
-56.7386
-56.7616
-56.7846
-56.8075
-56.8303
-56.8529
-56.8753
-56.8997
-56.9250
-56.0235
-56.0485
-56.0714
-56.0941
-56.1176
-56.1454
-56.1717
-56.1959
-56.2187
-56.2416
-56.2644
-56.2868
-56.3092
-56.3352
-56.3608
-56.3855
-56.4086
-56.4318
-56.4555
-56.4826
-56.5090
-56.5348
-56.5572
-56.5792
-56.6009
-56.6250
-56.6503
-56.6754
-56.7001
-56.7233
-56.7461
-56.7685
-56.7908
-56.8130
-56.8349
-56.8568
-56.8787
-56.9004
-56.9222
-56.9454
-56.0821
-56.1063
-56.1301
-56.1525
-56.1742
-56.1973
-56.2233
-56.2482
-56.2711
-56.2929
-56.3150
-56.3368
-56.3582
-56.3795
-56.4043
-56.4287
-56.4532
-56.4755
-56.4977
-56.5199
-56.5455
-56.5706
-56.5954
-56.6169
-56.6378
-56.6585
-56.6817
-56.7060
-56.7300
-56.7531
-56.7751
-56.7969
-56.8187
-56.8405
-56.8618
-56.8828
-56.9038
-56.9249
-56.9460
-56.9678
-56.1423
-56.1625
-56.1858
-56.2093
-56.2304
-56.2513
-56.2735
-56.2976
-56.3214
-56.3430
-56.3643
-56.3854
-56.4061
-56.4265
-56.4467
-56.4703
-56.4939
-56.5180
-56.5394
-56.5606
-56.5809
-56.6053
-56.6293
-56.6528
-56.6736
-56.6935
-56.7138
-56.7356
-56.7588
-56.7814
-56.8033
-56.8243
-56.8454
-56.8668
-56.8878
-56.9083
-56.9286
-56.9489
-56.9693
-56.9906
-56.2028
-56.2194
-56.2399
-56.2624
-56.2851
-56.3052
-56.3251
-56.3458
-56.3688
-56.3914
-56.4123
-56.4325
-56.4525
-56.4722
-56.4916
-56.5107
-56.5332
-56.5567
-56.5798
-56.6003
-56.6199
-56.6392
-56.6621
-56.6849
-56.7073
-56.7274
-56.7467
-56.7663
-56.7868
-56.8087
-56.8298
-56.8507
-56.8711
-56.8920
-56.9126
-56.9329
-56.9529
-56.9726
-56.9922
-57.0128
-56.2617
-56.2776
-56.2937
-56.3140
-56.3363
-56.3577
-56.3769
-56.3949
-56.4148
-56.4367
-56.4584
-56.4783
-56.4976
-56.5165
-56.5352
-56.5535
-56.5716
-56.5941
-56.6165
-56.6385
-56.6577
-56.6762
-56.6946
-56.7159
-56.7376
-56.7589
-56.7786
-56.7975
-56.8162
-56.8352
-56.8555
-56.8757
-56.8959
-56.9165
-56.9366
-56.9566
-56.9764
-56.9957
-57.0148
-57.0346
-56.3179
-56.3343
-56.3495
-56.3649
-56.3858
-56.4071
-56.4272
-56.4450
-56.4614
-56.4807
-56.5015
-56.5226
-56.5413
-56.5595
-56.5775
-56.5951
-56.6124
-56.6303
-56.6520
-56.6733
-56.6941
-56.7120
-56.7296
-56.7469
-56.7669
-56.7875
-56.8079
-56.8277
-56.8457
-56.8637
-56.8805
-56.9001
-56.9195
-56.9398
-56.9599
-56.9793
-56.9987
-57.0178
-57.0364
-57.0556
-56.3716
-56.3888
-56.4038
-56.4184
-56.4339
-56.4545
-56.4748
-56.4936
-56.5093
-56.5247
-56.5434
-56.5636
-56.5836
-56.6012
-56.6184
-56.6354
-56.6519
-56.6687
-56.6863
-56.7069
-56.7271
-56.7464
-56.7634
-56.7800
-56.7965
-56.8151
-56.8348
-56.8551
-56.8743
-56.8917
-56.9081
-56.9242
-56.9426
-56.9621
-56.9819
-57.0014
-57.0201
-57.0386
-57.0569
-57.0756
-56.4239
-56.4404
-56.4565
-56.4705
-56.4842
-56.5005
-56.5202
-56.5394
-56.5557
-56.5705
-56.5849
-56.6033
-56.6226
-56.6415
-56.6580
-56.6742
-56.6901
-56.7059
-56.7227
-56.7394
-56.7590
-56.7776
-56.7958
-56.8121
-56.8278
-56.8434
-56.8609
-56.8804
-56.9000
-56.9188
-56.9349
-56.9504
-56.9658
-56.9836
-57.0028
-57.0218
-57.0406
-57.0585
-57.0762
-57.0942
-56.4758
-56.4906
-56.5060
-56.5212
-56.5340
-56.5479
-56.5641
-56.5828
-56.6002
-56.6148
-56.6285
-56.6421
-56.6603
-56.6785
-56.6963
-56.7118
-56.7270
-56.7419
-56.7579
-56.7739
-56.7897
-56.8078
-56.8254
-56.8427
-56.8581
-56.8731
-56.8880
-56.9050
-56.9240
-56.9428
-56.9608
-56.9757
-56.9905
-57.0056
-57.0227
-57.0410
-57.0592
-57.0772
-57.0944
-57.1117
-56.5271
-56.5399
-56.5540
-56.5685
-56.5826
-56.5951
-56.6086
-56.6247
-56.6420
-56.6574
-56.6707
-56.6834
-56.6967
-56.7142
-56.7313
-56.7481
-56.7626
-56.7768
-56.7917
-56.8072
-56.8224
-56.8370
-56.8540
-56.8707
-56.8871
-56.9019
-56.9161
-56.9306
-56.9472
-56.9655
-56.9832
-57.0000
-57.0142
-57.0284
-57.0434
-57.0593
-57.0768
-57.0941
-57.1113
-57.1281
-56.5766
-56.5890
-56.6007
-56.6143
-56.6281
-56.6408
-56.6536
-56.6664
-56.6821
-56.6972
-56.7114
-56.7235
-56.7359
-56.7487
-56.7651
-56.7813
-56.7969
-56.8104
-56.8244
-56.8392
-56.8539
-56.8681
-56.8816
-56.8977
-56.9137
-56.9292
-56.9434
-56.9570
-56.9716
-56.9872
-57.0045
-57.0206
-57.0364
-57.0501
-57.0645
-57.0786
-57.0933
-57.1100
-57.1265
-57.1430
-56.6251
-56.6365
-56.6478
-56.6587
-56.6717
-56.6847
-56.6972
-56.7092
-56.7212
-56.7356
-56.7493
-56.7623
-56.7737
-56.7854
-56.7977
-56.8132
-56.8284
-56.8430
-56.8558
-56.8701
-56.8843
-56.8982
-56.9112
-56.9240
-56.9392
-56.9543
-56.9690
-56.9824
-56.9962
-57.0100
-57.0246
-57.0401
-57.0553
-57.0701
-57.0844
-57.0979
-57.1113
-57.1248
-57.1406
-57.1563
-56.6732
-56.6823
-56.6932
-56.7033
-56.7137
-56.7262
-56.7388
-56.7506
-56.7619
-56.7726
-56.7857
-56.7982
-56.8101
-56.8212
-56.8321
-56.8438
-56.8586
-56.8729
-56.8865
-56.8999
-56.9135
-56.9270
-56.9396
-56.9519
-56.9639
-56.9783
-56.9924
-57.0062
-57.0198
-57.0329
-57.0459
-57.0586
-57.0731
-57.0873
-57.1023
-57.1160
-57.1287
-57.1414
-57.1539
-57.1687
-56.7197
-56.7283
-56.7370
-56.7467
-56.7556
-56.7662
-56.7777
-56.7905
-56.8012
-56.8116
-56.8207
-56.8327
-56.8443
-56.8557
-56.8660
-56.8761
-56.8876
-56.9014
-56.9149
-56.9287
-56.9417
-56.9546
-56.9669
-56.9786
-56.9900
-57.0012
-57.0146
-57.0279
-57.0415
-57.0545
-57.0668
-57.0784
-57.0898
-57.1034
-57.1175
-57.1319
-57.1450
-57.1570
-57.1688
-57.1806
-56.7645
-56.7727
-56.7803
-56.7886
-56.7970
-56.8052
-56.8155
-56.8273
-56.8390
-56.8489
-56.8573
-56.8660
-56.8770
-56.8882
-56.8987
-56.9083
-56.9177
-56.9288
-56.9418
-56.9551
-56.9687
-56.9810
-56.9929
-57.0040
-57.0149
-57.0255
-57.0358
-57.0482
-57.0610
-57.0743
-57.0866
-57.0977
-57.1080
-57.1183
-57.1315
-57.1453
-57.1588
-57.1714
-57.1826
-57.1937
-56.8070
-56.8154
-56.8226
-56.8293
-56.8369
-56.8443
-56.8521
-56.8628
-56.8742
-56.8847
-56.8932
-56.9001
-56.9085
-56.9188
-56.9296
-56.9393
-56.9481
-56.9569
-56.9675
-56.9798
-56.9935
-57.0061
-57.0176
-57.0281
-57.0384
-57.0485
-57.0582
-57.0676
-57.0793
-57.0920
-57.1044
-57.1157
-57.1254
-57.1348
-57.1446
-57.1576
-57.1705
-57.1832
-57.1951
-57.2056
-56.8480
-56.8560
-56.8633
-56.8696
-56.8752
-56.8822
-56.8891
-56.8968
-56.9078
-56.9184
-56.9278
-56.9341
-56.9403
-56.9484
-56.9587
-56.9686
-56.9772
-56.9854
-56.9934
-57.0034
-57.0163
-57.0292
-57.0409
-57.0510
-57.0606
-57.0701
-57.0792
-57.0880
-57.0966
-57.1085
-57.1203
-57.1318
-57.1415
-57.1503
-57.1592
-57.1691
-57.1810
-57.1931
-57.2049
-57.2163
-56.8875
-56.8946
-56.9023
-56.9083
-56.9137
-56.9186
-56.9248
-56.9311
-56.9400
-56.9502
-56.9600
-56.9669
-56.9725
-56.9780
-56.9865
-56.9958
-57.0049
-57.0127
-57.0200
-57.0271
-57.0379
-57.0501
-57.0622
-57.0725
-57.0815
-57.0904
-57.0989
-57.1071
-57.1151
-57.1239
-57.1349
-57.1459
-57.1556
-57.1645
-57.1725
-57.1817
-57.1909
-57.2018
-57.2131
-57.2241
-56.9260
-56.9319
-56.9388
-56.9455
-56.9505
-56.9547
-56.9592
-56.9650
-56.9717
-56.9807
-56.9901
-56.9982
-57.0034
-57.0082
-57.0134
-57.0218
-57.0302
-57.0385
-57.0453
-57.0518
-57.0588
-57.0698
-57.0813
-57.0921
-57.1011
-57.1093
-57.1172
-57.1249
-57.1322
-57.1402
-57.1485
-57.1586
-57.1680
-57.1767
-57.1847
-57.1931
-57.2016
-57.2100
-57.2200
-57.2304
-56.9638
-56.9680
-56.9740
-56.9804
-56.9858
-56.9899
-56.9931
-56.9976
-57.0030
-57.0101
-57.0188
-57.0271
-57.0329
-57.0371
-57.0413
-57.0466
-57.0543
-57.0618
-57.0692
-57.0751
-57.0811
-57.0885
-57.0990
-57.1094
-57.1189
-57.1269
-57.1343
-57.1413
-57.1480
-57.1551
-57.1628
-57.1703
-57.1790
-57.1871
-57.1950
-57.2032
-57.2111
-57.2188
-57.2266
-57.2356
-57.0002
-57.0038
-57.0077
-57.0136
-57.0193
-57.0236
-57.0264
-57.0289
-57.0333
-57.0396
-57.0462
-57.0543
-57.0600
-57.0647
-57.0680
-57.0723
-57.0772
-57.0840
-57.0908
-57.0970
-57.1020
-57.1087
-57.1155
-57.1254
-57.1343
-57.1428
-57.1499
-57.1563
-57.1624
-57.1687
-57.1758
-57.1827
-57.1891
-57.1963
-57.2035
-57.2113
-57.2193
-57.2264
-57.2335
-57.2409
-57.0353
-57.0384
-57.0412
-57.0455
-57.0507
-57.0556
-57.0583
-57.0603
-57.0626
-57.0676
-57.0735
-57.0797
-57.0857
-57.0900
-57.0935
-57.0968
-57.1004
-57.1049
-57.1109
-57.1167
-57.1219
-57.1275
-57.1336
-57.1399
-57.1484
-57.1563
-57.1640
-57.1700
-57.1755
-57.1809
-57.1874
-57.1937
-57.1997
-57.2045
-57.2109
-57.2178
-57.2255
-57.2327
-57.2396
-57.2459
-57.0696
-57.0716
-57.0740
-57.0762
-57.0807
-57.0851
-57.0887
-57.0903
-57.0916
-57.0942
-57.0996
-57.1047
-57.1099
-57.1137
-57.1171
-57.1198
-57.1228
-57.1256
-57.1297
-57.1350
-57.1398
-57.1449
-57.1504
-57.1558
-57.1612
-57.1685
-57.1756
-57.1823
-57.1873
-57.1920
-57.1976
-57.2034
-57.2089
-57.2132
-57.2172
-57.2231
-57.2301
-57.2373
-57.2439
-57.2497
-57.1028
-57.1038
-57.1053
-57.1068
-57.1094
-57.1133
-57.1168
-57.1188
-57.1195
-57.1202
-57.1241
-57.1287
-57.1330
-57.1360
-57.1388
-57.1412
-57.1438
-57.1459
-57.1480
-57.1518
-57.1561
-57.1603
-57.1657
-57.1706
-57.1750
-57.1794
-57.1858
-57.1920
-57.1977
-57.2017
-57.2066
-57.2117
-57.2167
-57.2205
-57.2239
-57.2272
-57.2338
-57.2401
-57.2462
-57.2521
-57.1343
-57.1351
-57.1356
-57.1362
-57.1376
-57.1400
-57.1430
-57.1453
-57.1459
-57.1460
-57.1474
-57.1513
-57.1551
-57.1569
-57.1591
-57.1609
-57.1633
-57.1649
-57.1662
-57.1677
-57.1710
-57.1743
-57.1794
-57.1839
-57.1879
-57.1909
-57.1948
-57.2004
-57.2054
-57.2102
-57.2141
-57.2186
-57.2230
-57.2264
-57.2296
-57.2322
-57.2361
-57.2415
-57.2470
-57.2525
-57.1642
-57.1650
-57.1647
-57.1645
-57.1646
-57.1656
-57.1677
-57.1697
-57.1708
-57.1703
-57.1703
-57.1723
-57.1756
-57.1777
-57.1779
-57.1792
-57.1806
-57.1824
-57.1830
-57.1838
-57.1845
-57.1872
-57.1912
-57.1956
-57.1992
-57.2019
-57.2041
-57.2075
-57.2119
-57.2160
-57.2203
-57.2242
-57.2279
-57.2313
-57.2335
-57.2356
-57.2386
-57.2420
-57.2466
-57.2516
-57.1930
-57.1934
-57.1926
-57.1914
-57.1906
-57.1907
-57.1909
-57.1925
-57.1932
-57.1930
-57.1919
-57.1930
-57.1946
-57.1971
-57.1964
-57.1960
-57.1965
-57.1978
-57.1985
-57.1985
-57.1986
-57.1988
-57.2016
-57.2055
-57.2091
-57.2114
-57.2130
-57.2145
-57.2170
-57.2206
-57.2240
-57.2284
-57.2318
-57.2345
-57.2361
-57.2376
-57.2398
-57.2426
-57.2452
-57.2493
