-71.3068
-71.0609
-70.8289
-70.6209
-70.4397
-69.9509
-69.7808
-69.6294
-69.4981
-69.3778
-67.5082
-69.3888
-69.5631
-69.3867
-69.5283
-69.7814
-69.8281
-69.8751
-69.9233
-69.9240
-69.9092
-69.8867
-69.8702
-69.8596
-69.8489
-69.8353
-69.8283
-69.8281
-69.8342
-69.7950
-69.8109
-69.8255
-69.8090
-69.7977
-69.8194
-69.8073
-69.7973
-69.8390
-69.8410
-69.8447
-71.2645
-70.9680
-70.5916
-70.3837
-69.7905
-69.6116
-69.4543
-69.3168
-69.1972
-69.2255
-69.4253
-69.6077
-69.7757
-69.9318
-69.9773
-69.8124
-69.8526
-69.8612
-69.8383
-69.8256
-69.8035
-69.7827
-69.7689
-69.7622
-69.7622
-69.7681
-69.7661
-69.7698
-69.7789
-69.7922
-69.7759
-69.7085
-69.6896
-69.6748
-69.6621
-69.6588
-69.6790
-69.7202
-69.7228
-69.7271
-71.0388
-70.7281
-70.4646
-69.7588
-69.5394
-69.2823
-69.1291
-67.2642
-69.2337
-69.4489
-69.6465
-69.8291
-69.9526
-69.9842
-70.0105
-70.1948
-69.7896
-69.7645
-69.7479
-69.7317
-69.7052
-69.6872
-69.6774
-69.6755
-69.6806
-69.6919
-69.7083
-69.7200
-69.7132
-69.6854
-69.6619
-69.6406
-69.5732
-69.5553
-69.5414
-69.5315
-69.5668
-69.6001
-69.6030
-69.6080
-70.3213
-70.0500
-69.6450
-69.3927
-69.1767
-67.1191
-69.0942
-69.3325
-69.5467
-69.6959
-69.8809
-69.9456
-69.9802
-70.0152
-69.9641
-70.0818
-70.0486
-69.6787
-69.6693
-69.6378
-69.6150
-69.6013
-69.5984
-69.6008
-69.6100
-69.6246
-69.6436
-69.6217
-69.5992
-69.5707
-69.5462
-69.5227
-69.4990
-69.4792
-69.4201
-69.4113
-69.4415
-69.4438
-69.2786
-69.3434
-70.4886
-69.1655
-68.9005
-68.9739
-68.8927
-69.1742
-69.4219
-69.6419
-69.8388
-69.9650
-69.9894
-70.0112
-69.9413
-69.8869
-69.8484
-69.9783
-69.9580
-69.9548
-69.5835
-69.5574
-69.5402
-69.5312
-69.5298
-69.5351
-69.5462
-69.5349
-69.5081
-69.4875
-69.4684
-69.4522
-69.4280
-69.4032
-69.3792
-69.3589
-69.3424
-69.2905
-69.1356
-69.1779
-69.2206
-69.2653
-69.3373
-68.9964
-66.6879
-68.6923
-69.2872
-69.5421
-69.7654
-69.9631
-70.0018
-70.0232
-69.9949
-69.9131
-69.8459
-69.7931
-69.7551
-69.8817
-69.8935
-69.8633
-69.8344
-69.4921
-69.4778
-69.4730
-69.4741
-69.4721
-69.4338
-69.4007
-69.3726
-69.3488
-69.3292
-69.3128
-69.3000
-69.2813
-69.2577
-69.0128
-69.0322
-69.0619
-69.1277
-69.1280
-69.1703
-69.2131
-68.7168
-68.7598
-69.1312
-69.4293
-69.3623
-69.5774
-70.0504
-70.0598
-70.0427
-69.9402
-69.8541
-69.7849
-69.7328
-69.6979
-69.8299
-69.8391
-69.8083
-69.7795
-69.7590
-69.7455
-69.4281
-69.4256
-69.3874
-69.3418
-69.2992
-69.2643
-69.2347
-69.2100
-69.1898
-69.1733
-69.1607
-68.9047
-68.9369
-68.9621
-68.9881
-69.0455
-69.0822
-69.1159
-69.0856
-69.0939
-69.1021
-69.5043
-69.7003
-69.9523
-70.1239
-69.7611
-69.7609
-70.0033
-69.8931
-69.8025
-69.7316
-69.6807
-69.6499
-69.6388
-69.7934
-69.7548
-69.7258
-69.7051
-69.6910
-69.6822
-69.6561
-69.5954
-69.2519
-69.2052
-69.1639
-69.1278
-69.0970
-69.0713
-68.7553
-68.7820
-68.8182
-68.8506
-68.8839
-68.9179
-68.9444
-68.9931
-68.9917
-68.9942
-69.0006
-69.0115
-69.8179
-70.1298
-70.2774
-70.3067
-70.2777
-70.0963
-69.6087
-69.4805
-69.7612
-69.6855
-69.6368
-69.6112
-69.6078
-69.6119
-69.7103
-69.6804
-69.6583
-69.6426
-69.6318
-69.5630
-69.4975
-69.4375
-69.3828
-69.0614
-69.0201
-68.9838
-68.6374
-68.6669
-68.6982
-68.7333
-68.7666
-68.7973
-68.8266
-68.8471
-68.8449
-68.8709
-68.8722
-68.8778
-68.8886
-68.9060
-70.5603
-70.6135
-70.5734
-70.2951
-70.1106
-69.7369
-69.8103
-69.3822
-69.3233
-69.6085
-69.5894
-69.5945
-69.5891
-69.5412
-69.6411
-69.6167
-69.5982
-69.5444
-69.4672
-69.3963
-69.3316
-69.2726
-69.2190
-68.7704
-68.5415
-68.5659
-68.5914
-68.6184
-68.6471
-68.6775
-68.7077
-68.7190
-68.7116
-68.7083
-68.7328
-68.7435
-68.7576
-68.7712
-68.7941
-61.7037
-70.4717
-70.5539
-70.3400
-70.1209
-69.8218
-69.8101
-69.7054
-69.6218
-69.2621
-69.2586
-69.2819
-69.5720
-69.5216
-69.4798
-69.5846
-69.5469
-69.4556
-69.3717
-69.2918
-69.2217
-69.1580
-68.5878
-68.6776
-68.7000
-68.7229
-68.5181
-68.5417
-68.5668
-68.5937
-68.5985
-68.5857
-68.5760
-68.5715
-68.5723
-68.6022
-68.6216
-68.6513
-61.5538
-61.6126
-61.6707
-70.6440
-70.3479
-69.6600
-69.9048
-69.8138
-69.7045
-69.6338
-69.5987
-69.5874
-69.5963
-69.2470
-69.2051
-69.4646
-69.4246
-69.4608
-69.3613
-69.2701
-69.1867
-69.1107
-68.4646
-68.5815
-68.6041
-68.6213
-68.6418
-68.6634
-68.6860
-68.4877
-68.4821
-68.4648
-68.4525
-68.4421
-68.4365
-68.4379
-68.4482
-68.4935
-61.3974
-61.4581
-61.5184
-61.5785
-61.6375
-69.5456
-69.8206
-69.9627
-69.8084
-69.7172
-69.6619
-69.6325
-69.6372
-69.6432
-69.5674
-69.4921
-69.1497
-69.0757
-69.3731
-69.2644
-69.1650
-68.2150
-68.3386
-68.4591
-68.5101
-68.5258
-68.5426
-68.5606
-68.5798
-68.6004
-68.5848
-68.5602
-68.3316
-68.3159
-68.3086
-68.3046
-68.3100
-68.3292
-61.2365
-61.3011
-61.3620
-61.4226
-61.4828
-61.5428
-61.6022
-70.1071
-70.0960
-69.8810
-69.7483
-69.4424
-69.6825
-69.7145
-69.6736
-69.5936
-69.5233
-69.4438
-69.2856
-68.8815
-68.8859
-67.8733
-68.2125
-68.3371
-68.4219
-68.4326
-68.4446
-68.4582
-68.4734
-68.4901
-68.4643
-68.4333
-68.4082
-68.3892
-68.3766
-68.3718
-68.1796
-61.0200
-61.0805
-61.1411
-61.2049
-61.2658
-61.3265
-61.3873
-61.4470
-61.5064
-61.5655
-70.3084
-70.0718
-69.9103
-69.8114
-69.7691
-69.5390
-69.7002
-69.6297
-69.5502
-69.3903
-69.2309
-67.7610
-67.8601
-67.8647
-67.9925
-68.1188
-68.3458
-68.3521
-68.3601
-68.3702
-68.3822
-68.3453
-68.3067
-68.2748
-68.2499
-68.2323
-68.2235
-68.2271
-60.8961
-60.9591
-60.9847
-61.0457
-61.1063
-61.1705
-61.2315
-61.2915
-61.3508
-61.4104
-61.4700
-61.5292
-70.3390
-70.1559
-70.0455
-69.9908
-69.8910
-69.7517
-69.4200
-69.5007
-69.3263
-67.6167
-67.7513
-67.8815
-68.0074
-68.2179
-68.0395
-68.0436
-68.0514
-68.2715
-68.2775
-68.2286
-68.1808
-68.1409
-68.1090
-68.0855
-68.0720
-68.0728
-60.7313
-60.7956
-60.8594
-60.9224
-60.9849
-61.0112
-61.0717
-61.1350
-61.1951
-61.2550
-61.3151
-61.3751
-61.4347
-61.4952
-70.5111
-70.3741
-70.2639
-70.0731
-69.9019
-69.6948
-67.3365
-67.3275
-67.6141
-67.7628
-67.9011
-68.0276
-68.1119
-68.1914
-68.1787
-68.1685
-67.9608
-67.9077
-67.8588
-68.0065
-67.9660
-67.9353
-67.9162
-67.9136
-60.5634
-60.6288
-60.6940
-60.7589
-60.8233
-60.8867
-60.9484
-61.0095
-61.0378
-61.0984
-61.1592
-61.2196
-61.2804
-61.3419
-61.4031
-61.4632
-70.7698
-70.5336
-70.3022
-70.0482
-67.2173
-67.3604
-67.4968
-67.6288
-67.6236
-67.9076
-68.0478
-68.0475
-68.0238
-68.0966
-68.0853
-68.0057
-67.9278
-67.6741
-67.6310
-67.5998
-67.7577
-67.7514
-60.3924
-60.4594
-60.5259
-60.5920
-60.6574
-60.7222
-60.7857
-60.8481
-60.9098
-60.9713
-61.0356
-61.0627
-61.1250
-61.1871
-61.2488
-61.3102
-61.3711
-61.4308
-70.6859
-66.9804
-67.1157
-67.2701
-67.4164
-67.5548
-67.6876
-67.8134
-67.9351
-67.8374
-67.9564
-67.9364
-68.0037
-67.9110
-67.8207
-67.7441
-67.6797
-67.6248
-67.4104
-67.4050
-60.1863
-60.2871
-60.3549
-60.4221
-60.4887
-60.5544
-60.6190
-60.6830
-60.7466
-60.8095
-60.8720
-60.9345
-61.0009
-61.0645
-61.1277
-61.1554
-61.2170
-61.2782
-61.3381
-61.3961
-66.8263
-67.1415
-67.3119
-67.4770
-67.6230
-67.7498
-67.8834
-68.0037
-67.9357
-67.8759
-67.6944
-67.7277
-67.7050
-67.6188
-67.5390
-67.4752
-67.4302
-59.9719
-60.0414
-60.0784
-60.1477
-60.2167
-60.3169
-60.3834
-60.4492
-60.5144
-60.5791
-60.6440
-60.7083
-60.7726
-60.8373
-60.9014
-60.9678
-61.0314
-61.0945
-61.1571
-61.1830
-61.2427
-61.3014
-61.3594
-67.0476
-67.2132
-67.5225
-67.6785
-67.8291
-67.9664
-67.9708
-67.8911
-67.8157
-67.6768
-67.5259
-67.2799
-67.2502
-67.3103
-67.2610
-59.7904
-59.8619
-59.9328
-60.0031
-60.0724
-60.1088
-60.1765
-60.2440
-60.3110
-60.4087
-60.4748
-60.5403
-60.6073
-60.6736
-60.7389
-60.8035
-60.8697
-60.9339
-60.9967
-61.0582
-61.1193
-61.1800
-61.2059
-61.2645
-61.3227
-67.4626
-67.4339
-67.5832
-67.7265
-68.0297
-67.9344
-67.8262
-67.6766
-67.4887
-67.3257
-67.1868
-67.0756
-67.0618
-59.5805
-59.6767
-59.7505
-59.8222
-59.8932
-59.9632
-60.0319
-60.1000
-60.1671
-60.2026
-60.2703
-60.3385
-60.4381
-60.5058
-60.5730
-60.6391
-60.7042
-60.7688
-60.8333
-60.8959
-60.9580
-61.0197
-61.0810
-61.1419
-61.2023
-61.2289
-61.2886
-67.7225
-67.8652
-67.8027
-67.8375
-67.7061
-67.5535
-67.4631
-67.2588
-67.0897
-66.9513
-66.8456
-59.4032
-59.4879
-59.5608
-59.6133
-59.7086
-59.7811
-59.8511
-59.9205
-59.9894
-60.0584
-60.1269
-60.1962
-60.2334
-60.3027
-60.3717
-60.4707
-60.5376
-60.6026
-60.6661
-60.7290
-60.7938
-60.8566
-60.9189
-60.9808
-61.0433
-61.1059
-61.1678
-61.2285
-61.2552
-67.9907
-68.1212
-68.0194
-67.8399
-67.3307
-67.0722
-66.8615
-66.8124
-66.6805
-59.2147
-59.2895
-59.3631
-59.4476
-59.5205
-59.5919
-59.6426
-59.7363
-59.8081
-59.8784
-59.9485
-60.0196
-60.0903
-60.1605
-60.2300
-60.2666
-60.3348
-60.4010
-60.4669
-60.5620
-60.6257
-60.6906
-60.7540
-60.8174
-60.8815
-60.9451
-61.0083
-61.0710
-61.1334
-61.1951
-61.2562
-68.7313
-68.1380
-67.6458
-67.2506
-66.9365
-66.5470
-66.3794
-58.9984
-59.0760
-59.1724
-59.2475
-59.3326
-59.4052
-59.4770
-59.5484
-59.6199
-59.6707
-59.7659
-59.8397
-59.9117
-59.9832
-60.0540
-60.1241
-60.1921
-60.2589
-60.2930
-60.3592
-60.4250
-60.4901
-60.5849
-60.6517
-60.7169
-60.7816
-60.8458
-60.9100
-60.9740
-61.0375
-61.1006
-61.1632
-61.2253
-67.9814
-67.3837
-66.9232
-66.5743
-58.7424
-58.8218
-58.9005
-58.9542
-59.0318
-59.1081
-59.1831
-59.2871
-59.3605
-59.4336
-59.5060
-59.5798
-59.6533
-59.7055
-59.8010
-59.8743
-59.9455
-60.0141
-60.0822
-60.1498
-60.2168
-60.2834
-60.3173
-60.3841
-60.4508
-60.5171
-60.6151
-60.6806
-60.7462
-60.8113
-60.8764
-60.9414
-61.0059
-61.0692
-61.1319
-61.1936
-67.0312
-66.4791
-58.5313
-58.6139
-58.6954
-58.7759
-58.8554
-58.9311
-58.9850
-59.0606
-59.1360
-59.2220
-59.3173
-59.3933
-59.4681
-59.5422
-59.6156
-59.6886
-59.7388
-59.8314
-59.9019
-59.9707
-60.0390
-60.1068
-60.1747
-60.2432
-60.3112
-60.3786
-60.4131
-60.4802
-60.5487
-60.6157
-60.7127
-60.7788
-60.8444
-60.9095
-60.9734
-61.0361
-61.0983
-61.1591
-58.2959
-58.3982
-58.4826
-58.5656
-58.6473
-58.7269
-58.8055
-58.8833
-58.9600
-59.0361
-59.0919
-59.1800
-59.2577
-59.3347
-59.4294
-59.5033
-59.5748
-59.6456
-59.7159
-59.7646
-59.8567
-59.9268
-59.9972
-60.0670
-60.1362
-60.2049
-60.2736
-60.3419
-60.4094
-60.4465
-60.5146
-60.5824
-60.6497
-60.7460
-60.8109
-60.8753
-60.9382
-60.9998
-61.0610
-61.1217
-58.2725
-58.3527
-58.4143
-58.5145
-58.5955
-58.6755
-58.7555
-58.8351
-58.9153
-58.9949
-59.0730
-59.1604
-59.2163
-59.2920
-59.3663
-59.4399
-59.5301
-59.6010
-59.6714
-59.7426
-59.7934
-59.8638
-59.9578
-60.0281
-60.0984
-60.1680
-60.2381
-60.3073
-60.3757
-60.4450
-60.4807
-60.5476
-60.6141
-60.6795
-60.7738
-60.8373
-60.8998
-60.9617
-61.0236
-61.0852
-58.2305
-58.3064
-58.3853
-58.4446
-58.5442
-58.6270
-58.7095
-58.7912
-58.8719
-58.9516
-59.0300
-59.1164
-59.1916
-59.2448
-59.3190
-59.3926
-59.4662
-59.5583
-59.6308
-59.7028
-59.7745
-59.8256
-59.8964
-59.9915
-60.0629
-60.1336
-60.2038
-60.2729
-60.3406
-60.4092
-60.4757
-60.5093
-60.5746
-60.6395
-60.7042
-60.7990
-60.8627
-60.9259
-60.9894
-61.0528
-58.1787
-58.2606
-58.3386
-58.4204
-58.5007
-58.5637
-58.6646
-58.7464
-58.8258
-58.9037
-58.9903
-59.0672
-59.1432
-59.2184
-59.2941
-59.3487
-59.4239
-59.4985
-59.5732
-59.6641
-59.7372
-59.8102
-59.8829
-59.9331
-60.0277
-60.0978
-60.1673
-60.2350
-60.3025
-60.3691
-60.4352
-60.5012
-60.5362
-60.6021
-60.6680
-60.7344
-60.8001
-60.8945
-60.9585
-61.0219
-58.1277
-58.2122
-58.2964
-58.3788
-58.4600
-58.5397
-58.5987
-58.6962
-58.7753
-58.8533
-58.9398
-59.0182
-59.0965
-59.1742
-59.2511
-59.3275
-59.3825
-59.4585
-59.5345
-59.6099
-59.6846
-59.7748
-59.8465
-59.9179
-59.9658
-60.0578
-60.1263
-60.1942
-60.2625
-60.3304
-60.3980
-60.4652
-60.5330
-60.6003
-60.6357
-60.7021
-60.7677
-60.8329
-60.9265
-60.9898
-58.0815
-58.1658
-58.2497
-58.3317
-58.4127
-58.4923
-58.5701
-58.6466
-58.7060
-58.8046
-58.8934
-58.9728
-59.0517
-59.1305
-59.2089
-59.2873
-59.3650
-59.4415
-59.4968
-59.5715
-59.6455
-59.7183
-59.8065
-59.8769
-59.9470
-59.9945
-60.0872
-60.1560
-60.2256
-60.2951
-60.3641
-60.4326
-60.5005
-60.5679
-60.6345
-60.6688
-60.7343
-60.7994
-60.8641
-60.9571
-58.0340
-58.1161
-58.1978
-58.2792
-58.3601
-58.4403
-58.5222
-58.6029
-58.6811
-58.7406
-58.8481
-58.9289
-59.0098
-59.0899
-59.1693
-59.2479
-59.3253
-59.4021
-59.4773
-59.5302
-59.6033
-59.6760
-59.7481
-59.8204
-59.9081
-59.9791
-60.0282
-60.1213
-60.1921
-60.2618
-60.3308
-60.3991
-60.4668
-60.5341
-60.6008
-60.6666
-60.7006
-60.7657
-60.8304
-60.8950
-57.9817
-58.0637
-58.1450
-58.2273
-58.3101
-58.3927
-58.4747
-58.5568
-58.6387
-58.7197
-58.8078
-58.8699
-58.9699
-59.0502
-59.1293
-59.2069
-59.2829
-59.3584
-59.4332
-59.5075
-59.5816
-59.6349
-59.7087
-59.7826
-59.8559
-59.9286
-60.0161
-60.0649
-60.1577
-60.2272
-60.2961
-60.3645
-60.4324
-60.4998
-60.5667
-60.6325
-60.6983
-60.7328
-60.7980
-60.8627
-57.9290
-58.0131
-58.0966
-58.1798
-58.2629
-58.3463
-58.4303
-58.5145
-58.5981
-58.6893
-58.7715
-58.8510
-58.9102
-59.0066
-59.0844
-59.1614
-59.2379
-59.3144
-59.3904
-59.4666
-59.5427
-59.6182
-59.6728
-59.7465
-59.8197
-59.8923
-59.9640
-60.0516
-60.0996
-60.1690
-60.2610
-60.3296
-60.3978
-60.4659
-60.5333
-60.5997
-60.6656
-60.7310
-60.7658
-60.8301
-57.8806
-57.9654
-58.0509
-58.1362
-58.2216
-58.3065
-58.3909
-58.4747
-58.5573
-58.6466
-58.7267
-58.8062
-58.8852
-58.9616
-59.0206
-59.1174
-59.1961
-59.2744
-59.3520
-59.4289
-59.5051
-59.5805
-59.6551
-59.7291
-59.7823
-59.8550
-59.9268
-59.9987
-60.0698
-60.1340
-60.2036
-60.2956
-60.3642
-60.4323
-60.4997
-60.5663
-60.6323
-60.6979
-60.7631
-60.8276
-57.8369
-57.9246
-58.0113
-58.0972
-58.1822
-58.2659
-58.3484
-58.4295
-58.5102
-58.5987
-58.6791
-58.7597
-58.8397
-58.9206
-59.0005
-59.0598
-59.1572
-59.2357
-59.3132
-59.3900
-59.4661
-59.5416
-59.6165
-59.6907
-59.7643
-59.8178
-59.8900
-59.9626
-60.0342
-60.1052
-60.1696
-60.2385
-60.3299
-60.3982
-60.4657
-60.5327
-60.5991
-60.6647
-60.7302
-60.7952
-57.7968
-57.8845
-57.9704
-58.0547
-58.1371
-58.2189
-58.3004
-58.3815
-58.4631
-58.5525
-58.6355
-58.7178
-58.7996
-58.8806
-58.9610
-59.0404
-59.1183
-59.1769
-59.2733
-59.3503
-59.4266
-59.5023
-59.5777
-59.6527
-59.7270
-59.8004
-59.8735
-59.9261
-59.9978
-60.0691
-60.1399
-60.2044
-60.2733
-60.3643
-60.4328
-60.5000
-60.5667
-60.6329
-60.6986
-60.7638
-57.7404
-57.8380
-57.9223
-58.0058
-58.0886
-58.1716
-58.2545
-58.3382
-58.4214
-58.5120
-58.5948
-58.6770
-58.7585
-58.8395
-58.9197
-58.9994
-59.0783
-59.1566
-59.2145
-59.2916
-59.3878
-59.4640
-59.5396
-59.6145
-59.6889
-59.7626
-59.8359
-59.9088
-59.9617
-60.0331
-60.1051
-60.1765
-60.2417
-60.3099
-60.4001
-60.4676
-60.5344
-60.6005
-60.6662
-60.7314
