-60.7023
-60.7828
-61.8610
-61.9901
-62.1278
-62.2679
-62.4069
-62.5525
-62.7043
-60.7241
-59.9453
-60.0094
-60.8890
-60.9420
-60.9990
-61.0586
-61.1200
-61.1847
-61.2527
-61.3243
-61.4042
-61.4832
-61.5655
-61.6504
-61.7383
-64.2183
-64.0046
-61.8887
-63.5623
-64.4503
-64.6922
-64.0861
-63.7700
-63.4246
-60.9315
-60.7039
-60.5096
-60.3094
-60.1057
-62.6817
-60.5852
-59.8968
-60.7041
-61.7857
-61.9249
-62.0729
-62.2190
-62.3684
-62.5246
-61.4765
-60.6106
-59.8421
-59.8750
-60.7812
-60.8377
-60.8981
-60.9626
-61.0310
-61.1017
-61.1742
-61.2503
-61.3349
-61.4189
-61.5066
-61.5973
-64.9882
-64.6768
-64.1206
-61.8672
-61.8648
-64.2489
-64.6146
-64.0637
-63.7305
-63.3603
-60.7822
-60.5494
-60.3503
-60.1448
-59.9355
-60.4225
-60.4968
-59.8205
-59.8951
-60.7877
-60.9011
-62.0245
-62.1778
-62.3386
-62.5063
-62.6871
-59.7075
-59.7399
-60.5794
-60.6336
-60.6919
-60.7980
-60.8663
-60.9388
-61.0156
-61.0966
-61.1793
-61.2641
-61.3581
-61.4515
-61.5732
-65.2922
-64.9979
-64.1866
-63.8792
-61.8142
-64.0321
-64.1456
-64.0701
-63.7181
-63.3185
-62.8576
-60.3935
-60.1893
-59.9780
-60.2537
-60.3266
-59.6719
-59.7482
-60.6150
-60.7290
-60.8523
-60.9773
-61.0999
-62.3187
-62.4992
-60.3818
-59.6027
-59.6381
-60.4710
-60.5289
-60.5908
-60.6568
-60.7282
-60.8479
-60.9292
-61.0151
-61.1058
-61.2006
-61.3012
-61.4006
-65.2134
-65.7258
-65.5586
-65.1837
-64.3489
-61.7057
-63.6283
-64.1341
-64.1164
-63.7447
-63.3108
-62.7939
-60.2362
-60.0264
-60.0840
-60.1517
-60.2322
-59.5930
-59.6769
-60.5511
-60.6781
-60.8102
-60.9417
-61.0750
-59.4648
-60.4043
-60.2190
-59.4982
-59.5364
-60.3636
-60.4252
-60.4911
-60.5611
-60.6355
-60.7142
-60.8441
-60.9352
-61.0313
-61.1327
-61.2393
-64.6133
-65.1399
-65.7960
-66.5759
-67.4099
-67.9481
-61.6045
-63.3940
-64.0344
-64.4266
-64.0188
-63.3563
-62.7671
-60.0774
-52.5261
-59.9748
-60.0509
-60.1398
-59.5166
-59.6090
-60.4929
-60.6319
-60.7777
-60.9148
-61.0598
-61.1122
-61.3449
-58.7513
-58.7789
-59.4603
-60.2574
-60.3229
-60.3927
-60.4672
-60.5461
-60.6295
-60.7173
-60.8098
-60.9585
-61.0661
-61.1798
-64.3537
-65.0606
-65.9775
-68.0113
-68.8589
-70.3893
-64.4914
-61.2728
-63.9050
-64.6537
-64.2183
-63.5941
-63.0650
-59.8364
-52.3907
-59.8661
-59.9515
-60.0500
-59.4434
-59.5539
-60.4415
-60.5937
-60.7481
-60.9007
-61.0113
-61.0908
-61.3657
-58.6537
-58.6842
-59.3626
-59.4113
-59.4636
-60.2964
-60.3753
-60.4591
-60.5474
-60.6405
-60.7384
-60.8410
-60.9498
-62.1473
-62.0492
-64.9683
-66.4892
-69.5706
-61.1444
-63.7518
-65.0174
-64.5939
-64.3403
-60.1474
-59.7144
-59.6900
-59.7586
-59.8541
-59.2696
-59.3738
-60.2410
-60.3983
-60.5654
-60.7291
-60.8959
-60.8674
-60.1725
-59.1439
-58.5563
-58.5900
-59.2658
-59.3186
-59.3749
-59.4348
-59.4983
-59.5652
-60.4685
-60.5672
-60.6709
-60.7794
-62.0933
-61.9887
-61.9555
-64.8711
-69.4155
-61.3308
-61.2011
-61.0167
-63.4925
-65.5984
-65.2869
-60.6605
-60.0524
-59.5847
-59.5714
-59.6525
-59.7590
-59.1934
-59.3091
-60.1913
-60.3651
-60.5467
-60.7228
-60.9053
-58.9885
-61.1250
-58.4348
-58.4593
-59.1175
-59.1703
-59.2271
-59.2878
-59.3523
-59.4204
-59.4922
-59.5677
-59.6465
-60.6076
-60.7226
-62.0166
-61.9110
-61.7989
-61.9493
-61.3997
-61.2096
-61.0190
-60.8889
-60.6898
-66.0632
-52.3559
-60.5486
-60.7198
-60.1268
-60.1317
-59.5479
-59.6671
-59.1215
-59.2501
-60.1518
-60.3441
-60.5378
-60.7316
-60.8820
-60.7540
-61.2231
-58.3275
-58.3646
-59.0189
-59.0760
-59.1374
-59.2028
-59.2721
-59.3452
-59.4222
-59.5029
-59.5874
-59.6753
-60.8464
-61.9441
-61.8373
-61.9996
-61.8535
-61.6657
-61.4755
-61.2838
-61.0913
-60.8982
-60.7040
-60.5597
-59.5911
-52.2162
-60.4400
-60.6278
-51.9779
-60.0060
-60.1382
-59.5350
-59.0549
-59.9236
-60.1246
-60.3383
-60.5451
-60.7588
-60.7326
-59.9136
-58.8629
-58.2279
-58.2688
-58.9237
-58.9834
-59.0495
-59.1199
-59.1945
-59.2730
-59.3557
-59.4421
-59.5324
-59.6461
-60.7882
-60.7010
-60.6110
-60.7416
-61.7487
-61.5577
-61.3646
-61.1703
-60.9753
-60.7797
-60.5788
-59.6907
-59.4630
-52.0752
-60.3326
-60.5433
-51.8341
-59.8830
-60.0339
-59.4581
-59.6329
-60.6909
-60.9688
-60.3435
-60.5719
-60.8081
-60.4925
-60.9109
-58.0985
-58.1290
-58.7656
-58.8278
-58.8948
-58.9663
-59.0398
-59.1199
-59.2044
-59.2930
-59.3856
-59.4822
-60.8164
-60.7345
-60.6467
-60.7943
-60.6440
-60.4872
-60.3272
-61.2566
-61.0597
-60.8623
-60.6641
-59.8060
-59.5763
-60.0450
-51.9576
-60.2289
-60.4900
-51.6889
-59.7628
-59.9346
-59.3885
-59.5848
-60.6823
-60.9954
-61.3052
-61.6299
-60.8842
-58.4672
-61.1707
-57.9858
-58.0309
-58.6664
-58.7339
-58.8063
-58.8834
-58.9651
-59.0489
-59.1396
-59.2347
-59.3341
-60.8418
-60.7678
-60.6859
-60.8462
-60.7681
-60.5652
-60.4056
-60.2429
-60.0780
-59.9113
-59.7490
-59.6230
-59.7122
-59.4628
-59.9019
-51.8138
-60.1319
-60.4299
-51.5422
-59.6462
-59.8417
-59.3283
-60.3696
-60.7008
-61.0421
-61.3881
-61.7537
-62.0045
-61.4607
-62.2285
-57.8841
-57.9337
-58.5689
-58.6420
-58.7203
-58.8035
-58.8916
-58.9846
-59.0794
-59.1815
-59.2880
-60.7996
-60.7250
-60.8945
-60.8513
-60.7000
-60.4895
-60.3273
-60.1622
-59.9950
-59.8262
-52.0577
-59.5160
-59.6233
-59.3507
-59.7576
-59.7852
-60.0436
-60.3845
-51.3939
-59.5342
-59.0521
-59.2799
-60.3745
-60.7533
-61.1212
-61.5152
-61.9296
-61.8565
-62.1411
-58.8867
-58.3095
-59.0156
-59.1041
-58.5526
-58.6373
-58.7273
-58.8223
-58.9224
-59.0273
-59.1340
-60.8279
-60.7635
-60.6921
-60.9255
-60.7903
-60.6360
-60.4179
-60.2532
-60.0858
-59.9166
-51.9977
-51.9142
-59.4125
-59.5410
-59.2409
-59.6440
-59.6650
-59.9675
-60.6470
-51.2440
-59.4282
-58.9867
-59.2471
-60.4294
-60.8246
-61.2479
-61.7008
-63.9975
-61.7069
-65.0598
-58.1436
-58.2085
-58.9150
-59.0109
-59.1139
-59.2235
-58.6550
-58.7576
-58.8654
-58.9783
-59.1165
-60.8030
-60.7339
-61.0027
-60.8847
-60.7332
-60.5766
-60.3508
-60.1840
-60.0147
-51.9417
-51.8580
-51.7736
-59.3401
-59.4952
-59.8745
-59.5257
-59.5521
-59.9092
-60.6346
-51.0925
-59.3299
-58.9172
-59.2444
-60.4890
-60.9456
-61.4383
-65.8208
-66.8821
-58.5347
-66.8622
-58.0379
-58.1094
-58.8175
-58.9220
-59.0340
-59.1532
-59.2796
-59.4128
-59.5526
-58.9361
-60.9039
-61.1235
-61.1116
-60.9832
-60.8347
-60.6813
-60.5227
-60.2894
-60.1206
-51.8817
-51.7968
-51.7122
-51.5138
-59.2496
-59.4324
-59.7685
-59.3772
-59.4768
-59.9449
-60.6984
-50.9438
-58.6196
-58.8676
-59.2975
-60.6393
-61.1908
-61.8105
-68.6820
-69.1029
-63.5553
-57.9337
-58.6181
-58.7237
-58.8376
-58.9596
-59.0896
-59.2274
-59.3730
-59.5261
-61.9848
-62.3048
-65.2894
-62.8904
-62.6323
-60.7905
-60.6356
-60.4750
-60.2344
-51.8186
-51.7330
-51.6471
-51.5649
-51.3682
-59.1722
-59.3769
-59.6736
-59.2227
-59.3883
-59.9568
-60.7771
-50.7890
-58.5590
-58.8025
-59.1758
-60.8198
-61.4782
-67.9242
-57.7525
-57.8316
-58.5184
-58.6337
-58.7581
-58.8913
-59.0332
-59.1839
-59.3434
-59.5116
-62.1241
-62.5176
-66.8953
-67.0129
-66.9118
-63.5711
-60.5966
-60.3558
-51.7640
-51.6722
-51.5856
-51.4989
-51.4127
-51.2175
-59.0922
-59.3176
-59.5878
-59.0606
-59.3188
-60.8556
-60.8633
-50.6321
-58.5188
-58.7536
-59.0595
-61.1121
-68.7763
-57.4960
-57.5532
-57.6130
-57.6987
-58.4169
-58.5485
-58.6841
-58.8294
-58.9847
-59.1497
-59.3245
-61.9106
-62.3122
-68.7652
-69.4238
-51.7065
-51.6143
-51.5273
-51.4397
-51.3492
-51.2620
-51.0685
-59.0682
-60.0968
-59.5136
-58.8799
-59.2694
-61.0516
-60.8906
-50.4232
-58.5045
-59.4433
-58.9494
-57.3122
-57.3709
-57.4453
-57.5307
-58.1936
-58.2861
-58.4198
-58.5640
-58.7749
-58.9445
-59.1253
-61.6650
-62.0940
-74.1281
-75.0521
-66.1777
-51.6451
-51.5589
-51.4661
-51.3783
-51.2899
-51.2013
-51.0085
-50.9211
-59.1335
-60.2064
-59.5046
-58.7179
-59.3206
-61.3813
-61.0170
-50.2623
-58.5251
-59.3670
-58.8138
-57.8237
-49.8517
-57.1403
-57.1793
-57.2471
-57.3303
-57.4246
-58.0916
-58.2276
-58.3744
-58.5321
-58.6636
-58.8414
-59.0296
-61.8352
-60.7476
-60.6672
-51.5795
-51.4929
-51.4059
-51.3153
-51.2267
-51.1376
-51.0481
-50.8570
-50.7688
-59.3192
-60.4076
-59.6129
-58.5862
-63.9273
-61.2403
-57.9262
-58.6593
-59.3653
-58.7426
-57.6448
-49.6845
-56.9968
-57.0475
-57.1252
-57.2179
-57.3220
-57.9951
-58.1435
-58.3036
-58.4753
-58.6586
-58.8533
-61.4772
-61.8947
-62.3352
-62.3256
-62.2905
-62.2331
-60.7989
-51.5271
-51.4304
-51.3427
-51.2547
-51.1605
-51.0709
-50.9808
-50.8902
-50.7005
-50.6111
-60.8046
-60.8162
-59.8407
-50.3781
-49.9820
-57.9594
-59.7920
-59.4264
-58.7131
-49.6093
-49.4331
-56.8543
-56.9174
-57.0054
-57.1086
-57.7554
-57.9048
-58.0672
-58.2421
-58.4295
-58.6295
-58.8416
-61.7102
-62.2823
-62.5308
-62.5192
-62.3875
-62.3255
-65.5765
-64.3066
-51.2827
-51.1937
-51.1048
-51.0099
-50.9193
-50.8282
-50.7366
-50.5483
-50.4579
-63.9300
-65.9936
-60.5300
-50.2111
-50.0015
-49.9102
-49.8193
-58.1401
-60.2503
-59.5975
-58.7621
-49.4395
-49.2645
-56.7132
-56.7891
-56.8887
-57.0034
-57.6581
-57.8222
-58.0001
-58.1917
-58.3968
-58.6153
-61.4155
-62.0407
-62.6421
-62.6646
-62.6533
-62.7373
-65.1130
-70.2968
-51.1306
-51.0405
-50.9455
-50.8551
-50.7636
-50.6716
-50.4826
-50.3923
-50.3011
-67.3532
-50.0244
-49.8385
-49.7466
-49.6547
-58.7269
-62.7417
-59.9756
-58.9836
-49.2676
-56.5367
-56.5740
-56.6634
-56.7757
-56.9029
-57.5683
-57.7487
-57.9443
-58.1545
-58.3796
-61.0835
-61.7711
-62.5024
-62.8113
-62.8312
-62.9507
-64.4265
-60.9615
-50.9769
-50.8856
-50.7898
-50.6984
-50.6061
-50.5132
-50.3256
-50.2346
-50.1424
-49.7701
-49.6765
-49.5841
-49.4912
-61.1614
-68.3687
-59.6961
-49.0937
-56.3805
-56.4368
-56.5408
-56.6669
-57.3053
-57.4880
-57.6874
-57.9031
-58.1350
-58.3829
-61.4642
-62.2840
-62.9575
-63.0160
-63.1858
-63.3480
-65.3023
-67.6110
-64.1289
-50.8215
-50.7289
-50.6323
-50.5401
-50.4469
-50.3531
-50.1666
-50.0739
-49.9803
-49.8850
-49.7905
-49.6975
-49.6038
-49.5099
-49.4166
-49.3229
-48.8427
-56.2355
-56.3120
-56.4321
-56.5742
-57.2279
-57.4310
-57.6390
-57.8774
-58.1335
-61.1105
-62.0414
-63.0235
-64.0159
-65.7334
-59.6214
-64.1702
-67.4976
-50.7593
-50.6643
-50.5705
-50.4731
-50.3788
-50.2844
-50.0984
-50.0043
-49.9106
-49.8160
-49.7206
-49.6250
-49.5309
-49.4362
-49.3410
-49.2465
-49.1520
-60.7524
-48.6665
-56.0835
-56.1807
-56.3182
-56.4777
-57.1486
-57.3743
-57.6200
-57.8854
-58.1953
-61.7880
-62.9467
-64.1215
-66.3260
-59.4241
-59.5162
-67.3834
-50.7884
-50.6916
-50.6009
-50.5045
-50.4091
-50.3109
-50.2166
-50.1211
-49.9365
-49.8413
-49.7464
-49.6505
-49.5539
-49.4570
-49.3610
-49.2658
-49.1694
-49.0739
-48.9790
-48.8838
-48.6843
-48.5852
-48.4880
-55.9349
-56.0541
-56.2108
-56.8534
-57.0827
-57.3343
-57.6082
-57.9039
-61.4287
-62.8172
-66.8617
-66.7669
-59.1403
-59.2378
-59.4073
-59.1386
-58.7807
-50.6290
-50.5379
-50.4404
-50.3425
-50.2411
-50.1465
-50.0513
-49.9547
-49.7712
-49.6748
-49.5787
-49.4817
-49.3839
-49.2858
-49.1887
-49.0923
-48.9947
-48.8981
-48.8024
-48.7061
-48.6062
-48.5056
-48.4055
-48.3071
-55.7903
-55.9330
-56.1115
-56.7759
-57.0329
-57.3150
-57.6215
-60.9575
-62.6837
-67.2635
-67.1943
-51.0392
-58.9470
-59.0446
-59.2486
-59.0758
-58.6815
-50.4693
-50.3777
-50.2790
-50.1797
-50.0770
-49.9814
-49.8851
-49.7875
-49.6052
-49.5076
-49.4103
-49.3121
-49.2131
-49.1137
-49.0155
-48.9179
-48.8190
-48.7214
-48.6250
-48.5276
-48.4264
-48.3245
-48.2236
-48.1238
-55.6509
-55.8194
-56.0229
-56.7148
-57.0046
-57.3222
-57.6671
-62.5489
-67.7057
-67.6639
-50.9810
-50.8839
-50.7882
-58.8519
-59.0827
-59.0357
-58.6027
-50.3078
-50.2156
-50.1157
-50.0150
-49.9110
-49.8143
-49.7169
-49.5350
-49.4371
-49.3384
-49.2398
-49.1404
-49.0401
-48.9388
-48.8401
-48.7413
-48.6412
-48.5428
-48.4453
-48.3466
-48.2443
-48.1411
-48.0392
-47.8955
-55.5182
-55.7155
-56.3781
-56.6747
-57.0039
-57.3639
-62.4194
-50.9244
-50.8258
-50.7269
-50.6301
-58.6534
-58.9129
-59.0259
-58.5515
-58.1219
-50.0517
-49.9505
-49.8484
-49.7433
-49.6453
-49.5467
-49.3660
-49.2669
-49.1670
-49.0671
-48.9665
-48.8649
-48.7623
-48.6624
-48.5624
-48.4610
-48.3620
-48.2632
-48.1631
-48.0597
-47.9553
-47.8523
-55.2390
-55.3992
-55.6299
-56.3299
-56.6700
-57.0460
-62.3121
-59.3615
-50.7693
-50.6689
-50.5684
-50.4702
-58.4469
-58.7323
-59.0140
-58.5385
-58.0018
-49.8859
-49.7834
-49.6800
-49.5737
-49.4742
-49.3745
-49.1949
-49.0945
-48.9934
-48.8923
-48.7904
-48.6875
-48.5836
-48.4825
-48.3812
-48.2785
-48.1795
-48.0794
-47.9777
-47.8733
-47.7675
-47.6635
-55.0852
-55.2861
-55.5555
-56.3009
-56.6922
-57.1249
-60.1738
-59.5348
-50.6373
-50.5102
-50.4085
-50.3085
-58.2315
-58.5611
-59.0112
-58.5905
-57.9433
-49.7175
-49.6143
-49.5054
-49.4021
-49.3011
-49.2002
-49.0217
-48.9200
-48.8177
-48.7153
-48.6125
-48.5076
-48.4030
-48.3007
-48.1981
-48.0943
-47.9938
-47.8923
-47.7890
-47.6833
-47.5765
-47.4289
-54.9375
-55.1877
-55.9026
-56.3077
-56.7624
-61.1351
-60.6150
-59.9244
-58.9461
-50.3498
-50.2469
-50.1415
-58.0088
-58.3880
-58.9350
-58.7911
-57.9758
-49.5472
-49.4427
-49.3327
-49.2285
-49.1259
-48.9481
-48.8465
-48.7437
-48.6400
-48.5362
-48.4317
-48.3254
-48.2194
-48.1157
-48.0118
-47.9073
-47.8055
-47.7027
-47.5977
-47.4906
-47.3827
-47.2361
-54.8029
-55.1096
-55.8956
-56.3940
-56.9475
-57.5527
-62.2161
-61.8790
-61.4340
-60.7793
-59.6654
-50.1881
-50.0841
-49.9762
-49.8745
-58.2125
-58.8994
-59.1661
-58.1854
-49.3749
-49.2694
-49.1581
-49.0519
-48.9477
-48.7715
-48.6684
-48.5645
-48.4595
-48.3543
-48.2484
-48.1407
-48.0332
-47.9283
-47.8230
-47.7178
-47.6146
-47.5104
-47.4037
-47.2951
-47.1863
-47.0405
-54.7050
-55.1036
-55.9918
-56.5810
-57.2355
-63.3059
-63.2606
-63.1518
-63.0446
-62.9556
-62.8151
-50.0243
-49.9191
-49.8100
-49.7058
-58.0452
-58.9410
-60.0117
-58.8909
-49.2005
-49.0940
-48.9814
-48.8737
-48.7679
-48.5919
-48.4877
-48.3827
-48.2764
-48.1699
-48.0620
-47.9535
-47.8446
-47.7383
-47.6316
-47.5256
-47.4210
-47.3154
-47.2070
-47.0968
-46.9675
-46.8923
-54.6727
-55.5353
-56.1607
-56.8702
