-55.0132
-54.8813
-54.7435
-54.6050
-43.1656
-43.0244
-42.8831
-42.7399
-42.5942
-42.4202
-42.2778
-42.1332
-41.9864
-41.8359
-41.6815
-41.5281
-41.3743
-41.2161
-41.0576
-40.8997
-40.7419
-40.5381
-40.3873
-40.2350
-40.0817
-39.9239
-39.7646
-39.6092
-39.4279
-39.2625
-39.0858
-38.9217
-38.7544
-38.5841
-38.4168
-38.2481
-38.0789
-37.9154
-37.7457
-37.5762
-55.8661
-56.7084
-57.1382
-58.0467
-42.9209
-42.8052
-42.6609
-42.5137
-42.3650
-42.1881
-42.0426
-41.8949
-41.7445
-41.5910
-41.4331
-41.2740
-41.1166
-40.9548
-40.7934
-40.6314
-40.4683
-40.2652
-40.1109
-39.9536
-39.7961
-39.6327
-39.4677
-39.3077
-39.1177
-38.9462
-38.7659
-38.5995
-38.4260
-38.2504
-38.0798
-37.9054
-37.7352
-37.5644
-37.3890
-51.8746
-58.2642
-60.2987
-42.8872
-42.7070
-42.5848
-42.4340
-42.2829
-42.1043
-41.9517
-41.8016
-41.6505
-41.4967
-41.3394
-41.1781
-41.0136
-40.8519
-40.6868
-40.5222
-40.3557
-40.1353
-39.9846
-39.8265
-39.6640
-39.5020
-39.3341
-39.1634
-38.9670
-38.7976
-38.6196
-38.4372
-38.2666
-38.0866
-37.9051
-37.7317
-37.5516
-37.3790
-37.2009
-51.6758
-51.5921
-60.5845
-42.4884
-42.3622
-42.2052
-42.0493
-41.8659
-41.7094
-41.5543
-41.3998
-41.2428
-41.0814
-40.9162
-40.7477
-40.5799
-40.4127
-40.2434
-40.0721
-39.8513
-39.6957
-39.5338
-39.3657
-39.1990
-39.0263
-38.8502
-38.6441
-38.4677
-38.2845
-38.0984
-37.9215
-37.7356
-37.5486
-37.3727
-37.1872
-37.0082
-51.2384
-51.1455
-51.2184
-51.1368
-42.4117
-42.2894
-42.1345
-41.9737
-41.8114
-41.6257
-41.4643
-41.3038
-41.1425
-40.9816
-40.8167
-40.6473
-40.4743
-40.3002
-40.1303
-39.9567
-39.7801
-39.5596
-39.3982
-39.2323
-39.0585
-38.8864
-38.7086
-38.4970
-38.3104
-38.1281
-37.9405
-37.7484
-37.5638
-37.3719
-37.1828
-36.9995
-36.8101
-50.8416
-50.8804
-50.7994
-50.9543
-51.0854
-51.0238
-50.6703
-50.2216
-49.7133
-42.0561
-41.9008
-41.7368
-41.5685
-41.3793
-41.2143
-41.0495
-40.8820
-40.7153
-40.5452
-40.3708
-40.1931
-40.0126
-39.8394
-39.6616
-39.4283
-39.2593
-39.0913
-38.9215
-38.7417
-38.5637
-38.3805
-38.1581
-37.9652
-37.7794
-37.5850
-37.3881
-37.1945
-36.9948
-36.8044
-36.6121
-43.3297
-43.1857
-50.5182
-50.4298
-50.5937
-50.8279
-51.0575
-51.0030
-50.5586
-50.0145
-41.8170
-41.6584
-41.4943
-41.2993
-41.1263
-40.9579
-40.7886
-40.6166
-40.4437
-40.2697
-40.0900
-39.9047
-39.7189
-39.5395
-39.3575
-39.1234
-38.9496
-38.7747
-38.6003
-38.4144
-38.2302
-38.0109
-37.8075
-37.6083
-37.4182
-37.2166
-37.0144
-36.8125
-36.6089
-36.4125
-43.2686
-43.1226
-42.9745
-42.8252
-50.0364
-50.1907
-50.4524
-50.8183
-51.2355
-51.1888
-50.7068
-50.2041
-41.4097
-41.2429
-41.0476
-40.8690
-40.6947
-40.5211
-40.3441
-40.1643
-39.9857
-39.8027
-39.6125
-39.4213
-39.2323
-39.0440
-38.8093
-38.6298
-38.4476
-38.2681
-38.0762
-37.8850
-37.6545
-37.4442
-37.2410
-37.0437
-36.8343
-36.6263
-36.4178
-36.2077
-43.2093
-43.0613
-42.9117
-42.7601
-42.5779
-42.4236
-49.7394
-50.0161
-50.4535
-51.0706
-51.7477
-52.3907
-52.2763
-52.1026
-40.9833
-40.7887
-40.6062
-40.4242
-40.2460
-40.0641
-39.8787
-39.6930
-39.5060
-39.3114
-39.1157
-38.9188
-38.6725
-38.4883
-38.3003
-38.1102
-37.9246
-37.7263
-37.4973
-37.2851
-37.0684
-36.8597
-36.6547
-36.4372
-36.2225
-36.0087
-43.1545
-43.0061
-42.8553
-42.7018
-42.5458
-42.3593
-42.1993
-42.0383
-49.4924
-50.0133
-50.8366
-51.7256
-53.1769
-54.8486
-56.7394
-40.6956
-40.5188
-40.3363
-40.1496
-39.9627
-39.7764
-39.5853
-39.3912
-39.1989
-39.0011
-38.8008
-38.5966
-38.3479
-38.1593
-37.9639
-37.7658
-37.5702
-37.3638
-37.1213
-36.9015
-36.6803
-36.4634
-36.2501
-36.0239
-35.8051
-43.0958
-42.9477
-42.7971
-42.6434
-42.4872
-42.3280
-42.1393
-41.9756
-41.8090
-41.6413
-49.4073
-50.5923
-51.8566
-53.9613
-40.4250
-40.2410
-40.0565
-39.8677
-39.6719
-39.4793
-39.2832
-39.0821
-38.8816
-38.6814
-38.4758
-38.2646
-38.0122
-37.8191
-37.6154
-37.4112
-37.2064
-36.9623
-36.7349
-36.5059
-36.2767
-36.0508
-35.8288
-35.5951
-43.0087
-42.8895
-42.7364
-42.5829
-42.4262
-42.2669
-42.1046
-41.9140
-41.7470
-41.5765
-41.4029
-41.2317
-50.3411
-52.4424
-40.3358
-40.1476
-39.9560
-39.7663
-39.5771
-39.3760
-39.1727
-38.9717
-38.7644
-38.5538
-38.3490
-38.1391
-37.8698
-37.6658
-37.4670
-37.2556
-37.0436
-36.8290
-36.5722
-36.3361
-36.1014
-35.8619
-35.6238
-35.3900
-42.9529
-42.8018
-42.6790
-42.5231
-42.3642
-42.2037
-42.0410
-41.8748
-41.6821
-41.5120
-41.3384
-41.1607
-40.9827
-40.8044
-55.8657
-40.2494
-40.0601
-39.8682
-39.6702
-39.4704
-39.2745
-39.0713
-38.8590
-38.6490
-38.4366
-38.2169
-38.0048
-37.7902
-37.5206
-37.3083
-37.0999
-36.8828
-36.6618
-36.4051
-36.1660
-35.9230
-35.6801
-35.4305
-35.1818
-42.8983
-42.7452
-42.5912
-42.4633
-42.3039
-42.1421
-41.9766
-41.8092
-41.6148
-41.4431
-41.2693
-41.0926
-40.9118
-40.7294
-40.5437
-40.3573
-40.1676
-39.9747
-39.7772
-39.5791
-39.3774
-39.1725
-38.9675
-38.7609
-38.5436
-38.3199
-38.0994
-37.8726
-37.6483
-37.4266
-37.1578
-36.9395
-36.7186
-36.4957
-36.2641
-35.9920
-35.7425
-35.4936
-35.2403
-34.9797
-42.8468
-42.6922
-42.5351
-42.4048
-42.2442
-42.0810
-41.9149
-41.7460
-41.5744
-41.3753
-41.1998
-41.0207
-40.8393
-40.6553
-40.4701
-40.2798
-40.0853
-39.8902
-39.6917
-39.4892
-39.2818
-39.0738
-38.8652
-38.6521
-38.4378
-38.2186
-37.9871
-37.7546
-37.5242
-37.2880
-37.0008
-36.7837
-36.5580
-36.3233
-36.0933
-35.8163
-35.5614
-35.3038
-35.0449
-34.7806
-42.7977
-42.6412
-42.4821
-42.3211
-42.1864
-42.0211
-41.8533
-41.6832
-41.5099
-41.3340
-41.1322
-40.9506
-40.7669
-40.5798
-40.3898
-40.2010
-40.0087
-39.8091
-39.6050
-39.4001
-39.1921
-38.9788
-38.7607
-38.5469
-38.3280
-38.1036
-37.8783
-37.6436
-37.3990
-37.1618
-36.9185
-36.6259
-36.4003
-36.1676
-35.9217
-35.6800
-35.3825
-35.1145
-34.8467
-34.5754
-42.7522
-42.5956
-42.4360
-42.2732
-42.1076
-41.9665
-41.7972
-41.6248
-41.4483
-41.2696
-41.0886
-40.8824
-40.6967
-40.5072
-40.3145
-40.1186
-39.9221
-39.7260
-39.5251
-39.3153
-39.1005
-38.8850
-38.6662
-38.4413
-38.2176
-37.9925
-37.7608
-37.5251
-37.2856
-37.0346
-36.7855
-36.5344
-36.2367
-36.0019
-35.7599
-35.5070
-35.2164
-34.9365
-34.6585
-34.3802
-50.1859
-49.9174
-49.6532
-42.2257
-42.0603
-41.8914
-41.7456
-41.5719
-41.3947
-41.2147
-41.0310
-40.8221
-40.6339
-40.4423
-40.2471
-40.0480
-39.8448
-39.6416
-39.4355
-39.2288
-39.0171
-38.7960
-38.5693
-38.3419
-38.1123
-37.8807
-37.6446
-37.4056
-37.1600
-36.9116
-36.6576
-36.3966
-36.0810
-35.8351
-35.5873
-35.3347
-35.0729
-34.7609
-34.4703
-34.1810
-50.6503
-50.3993
-50.1288
-49.8352
-49.5154
-49.1781
-41.6700
-41.5198
-41.3419
-41.1611
-40.9755
-40.7868
-40.5746
-40.3802
-40.1826
-39.9822
-39.7777
-39.5690
-39.3581
-39.1462
-38.9301
-38.7117
-38.4881
-38.2554
-38.0155
-37.7755
-37.5375
-37.2915
-37.0407
-36.7850
-36.5233
-36.2637
-35.9944
-35.6731
-35.4175
-35.1551
-34.8912
-34.5837
-34.2845
-33.9863
-51.0421
-50.8161
-50.7435
-50.5082
-50.2526
-49.9689
-49.6456
-49.4151
-48.9380
-41.0524
-40.8671
-40.6757
-40.4805
-40.2615
-40.0610
-39.8570
-39.6482
-39.4356
-39.2190
-39.0002
-38.8486
-38.6247
-38.3976
-38.1666
-37.9298
-37.6843
-37.4334
-37.1838
-36.9310
-36.6701
-36.4040
-36.1307
-35.8608
-35.5250
-35.2593
-34.9914
-34.7148
-34.4356
-34.1054
-33.7934
-50.8493
-50.8716
-50.6820
-50.7218
-50.7911
-50.8952
-50.7335
-50.5598
-50.5848
-50.4065
-50.2222
-50.0315
-40.4457
-40.2466
-40.0244
-39.8178
-39.6064
-39.3930
-39.1746
-38.9507
-38.7261
-38.4988
-38.2655
-38.0267
-37.7858
-37.5397
-37.2858
-37.0273
-36.7650
-36.4967
-36.2255
-35.9470
-35.6624
-35.3753
-35.0353
-34.7627
-34.4746
-34.1862
-33.8507
-33.6118
-50.3120
-50.3264
-50.3765
-50.2862
-50.4363
-50.6580
-50.8884
-51.1745
-51.9103
-52.4872
-53.1328
-53.6280
-55.5633
-39.9838
-39.7783
-39.5689
-39.3528
-39.1316
-38.9057
-38.6767
-38.4441
-38.2089
-37.9700
-37.7250
-37.4720
-37.2165
-36.9565
-36.6930
-36.4224
-36.1442
-35.8587
-35.5697
-35.2779
-34.9802
-34.6308
-34.3539
-34.0554
-33.7513
-33.3932
-42.5057
-49.8052
-49.7635
-49.7740
-49.6814
-49.8226
-50.0558
-50.4173
-50.9632
-53.4201
-54.5371
-55.7008
-39.7329
-39.5220
-39.3078
-39.0886
-38.8645
-38.6323
-38.3943
-38.1543
-37.9125
-37.6639
-37.4107
-37.1522
-36.8855
-36.6127
-36.3426
-36.0655
-35.7779
-35.4818
-35.1771
-34.8763
-34.5048
-34.2150
-33.9181
-33.6210
-33.2584
-42.4700
-42.3097
-42.1460
-41.9775
-41.8048
-48.9907
-49.0627
-49.2678
-49.6555
-50.3362
-55.3002
-39.8934
-39.6872
-39.4757
-39.2596
-39.0390
-38.8128
-38.5826
-38.3473
-38.1059
-37.8575
-37.6056
-37.3505
-37.0878
-36.8172
-36.5434
-36.2619
-35.9779
-35.6905
-35.3950
-35.0885
-34.7738
-34.4570
-34.0833
-33.7820
-33.4703
-33.1535
-42.4274
-42.2659
-42.1024
-41.9359
-41.7665
-41.5662
-41.3915
-41.2123
-41.0288
-48.4838
-49.2382
-51.2557
-40.0529
-39.8444
-39.6341
-39.4241
-39.2090
-38.9895
-38.7627
-38.5302
-38.2928
-38.0490
-37.8002
-37.5482
-37.2920
-37.0257
-36.7136
-36.4348
-36.1459
-35.8504
-35.5578
-35.2546
-34.9444
-34.6251
-34.2993
-33.9684
-33.5843
-33.2671
-32.9385
-51.0106
-50.8512
-50.6865
-41.8960
-41.7242
-41.5493
-41.3437
-41.1652
-40.9836
-40.7646
-40.5750
-40.3814
-40.1819
-39.9781
-39.7702
-39.5575
-39.3386
-39.1164
-38.8899
-38.6618
-38.4300
-38.1924
-37.9472
-37.6942
-37.4363
-37.1735
-36.9074
-36.6334
-36.3504
-36.0586
-35.7603
-35.4557
-35.1451
-34.8280
-34.5046
-34.1710
-33.8365
-33.4290
-33.1064
-32.7707
-52.9514
-54.1789
-56.3639
-41.0842
-40.8985
-40.7090
-40.5156
-40.3191
-40.1213
-39.9194
-39.7130
-39.5020
-39.2847
-39.0619
-38.8354
-38.6041
-38.3655
-38.1209
-37.8712
-37.6196
-37.3628
-37.0984
-36.8259
-36.5515
-36.2698
-35.9789
-35.6786
-35.3677
-35.0514
-34.7324
-34.4009
-34.0585
-33.7099
-33.3620
-32.9533
-32.6150
-51.5423
-51.9848
-61.6779
-41.0326
-40.8476
-40.6588
-40.4662
-40.2700
-40.0687
-39.8630
-39.6528
-39.4383
-39.2199
-38.9994
-38.7735
-38.5431
-38.3083
-38.0658
-37.8168
-37.5612
-37.2977
-37.0272
-36.7499
-36.4713
-36.1884
-35.8956
-35.5941
-35.2848
-34.9637
-34.6383
-34.3040
-33.9567
-33.5981
-33.2325
-32.8640
-32.4475
-50.4117
-50.6773
-51.1779
-52.1350
-53.0910
-59.3339
-40.9841
-40.7984
-40.6088
-40.4154
-40.2182
-40.0174
-39.8128
-39.6036
-39.3897
-39.1715
-38.9477
-38.7174
-38.4814
-38.2404
-37.9968
-37.7496
-37.4956
-37.2349
-36.9651
-36.6867
-36.4004
-36.1073
-35.8101
-35.5041
-35.1924
-34.8695
-34.5353
-34.2011
-33.8567
-33.5007
-33.1283
-32.7485
-32.2983
-42.1583
-41.9940
-41.8268
-41.6572
-41.4842
-52.8535
-40.9430
-40.7556
-40.5644
-40.3691
-40.1698
-39.9666
-39.7604
-39.5500
-39.3350
-39.1152
-38.8905
-38.6608
-38.4257
-38.1846
-37.9380
-37.6874
-37.4287
-37.1632
-36.8909
-36.6119
-36.3264
-36.0328
-35.7328
-35.4260
-35.1096
-34.7828
-34.4458
-34.0979
-33.7509
-33.3912
-33.0196
-32.6328
-32.2447
-42.1147
-41.9494
-41.7811
-41.6098
-41.4358
-41.2586
-41.0786
-40.8953
-40.7085
-40.5181
-40.3240
-40.1260
-39.9233
-39.7158
-39.5031
-39.2855
-39.0629
-38.8353
-38.6025
-38.3647
-38.1226
-37.8745
-37.6201
-37.3609
-37.0965
-36.8245
-36.5455
-36.2584
-35.9621
-35.6567
-35.3443
-35.0269
-34.7014
-34.3652
-34.0140
-33.6497
-33.2829
-32.9036
-32.5134
-32.1162
-42.0742
-41.9079
-41.7387
-41.5666
-41.3913
-41.2133
-41.0322
-40.8476
-40.6595
-40.4676
-40.2717
-40.0718
-39.8680
-39.6600
-39.4478
-39.2314
-39.0101
-38.7835
-38.5516
-38.3149
-38.0722
-37.8221
-37.5652
-37.3012
-37.0320
-36.7570
-36.4763
-36.1880
-35.8908
-35.5840
-35.2670
-34.9429
-34.6129
-34.2710
-33.9185
-33.5538
-33.1825
-32.8073
-32.4150
-32.0037
-42.0327
-41.8665
-41.6978
-41.5262
-41.3515
-41.1728
-40.9908
-40.8053
-40.6162
-40.4233
-40.2265
-40.0257
-39.8206
-39.6113
-39.3979
-39.1795
-38.9568
-38.7291
-38.4962
-38.2577
-38.0139
-37.7641
-37.5080
-37.2454
-36.9755
-36.6987
-36.4158
-36.1244
-35.8236
-35.5127
-35.1929
-34.8646
-34.5284
-34.1869
-33.8336
-33.4676
-33.0874
-32.6984
-32.2997
-31.8873
-41.9871
-41.8198
-41.6496
-41.4763
-41.3004
-41.1215
-40.9393
-40.7537
-40.5648
-40.3727
-40.1767
-39.9768
-39.7728
-39.5647
-39.3524
-39.1354
-38.9133
-38.6848
-38.4502
-38.2098
-37.9634
-37.7106
-37.4513
-37.1850
-36.9113
-36.6300
-36.3432
-36.0522
-35.7533
-35.4449
-35.1265
-34.7973
-34.4565
-34.1069
-33.7494
-33.3788
-32.9940
-32.5955
-32.1900
-31.7730
-41.9447
-41.7768
-41.6060
-41.4327
-41.2567
-41.0774
-40.8948
-40.7087
-40.5191
-40.3257
-40.1284
-39.9271
-39.7215
-39.5116
-39.2970
-39.0777
-38.8533
-38.6236
-38.3884
-38.1475
-37.9018
-37.6498
-37.3912
-37.1256
-36.8544
-36.5761
-36.2896
-35.9945
-35.6935
-35.3827
-35.0603
-34.7274
-34.3832
-34.0268
-33.6632
-33.2906
-32.9054
-32.5045
-32.0864
-31.6641
-41.9078
-41.7404
-41.5697
-41.3957
-41.2187
-41.0384
-40.8548
-40.6677
-40.4770
-40.2826
-40.0844
-39.8821
-39.6756
-39.4647
-39.2493
-39.0291
-38.8040
-38.5738
-38.3381
-38.0966
-37.8494
-37.5965
-37.3368
-37.0701
-36.7959
-36.5144
-36.2249
-35.9268
-35.6196
-35.3064
-34.9835
-34.6505
-34.3069
-33.9511
-33.5819
-33.2034
-32.8147
-32.4100
-31.9901
-31.5549
-41.8696
-41.7016
-41.5306
-41.3567
-41.1793
-40.9986
-40.8145
-40.6269
-40.4357
-40.2407
-40.0418
-39.8388
-39.6316
-39.4200
-39.2038
-38.9827
-38.7566
-38.5261
-38.2902
-38.0486
-37.8011
-37.5475
-37.2874
-37.0203
-36.7459
-36.4638
-36.1735
-35.8747
-35.5666
-35.2502
-34.9258
-34.5910
-34.2447
-33.8858
-33.5136
-33.1270
-32.7331
-32.3265
-31.9027
-31.4603
-41.8504
-41.6819
-41.5104
-41.3359
-41.1583
-40.9775
-40.7932
-40.6054
-40.4139
-40.2188
-40.0197
-39.8165
-39.5848
-39.3727
-39.1568
-38.9361
-38.7105
-38.4795
-38.2431
-38.0010
-37.7528
-37.4983
-37.2367
-36.9678
-36.6916
-36.4075
-36.1156
-35.8158
-35.5067
-35.1877
-34.8583
-34.5210
-34.1737
-33.8140
-33.4425
-33.0570
-32.6560
-32.2444
-31.8169
-31.3720
-41.7737
-41.6044
-41.4322
-41.2569
-41.0785
-40.8969
-40.7120
-40.5235
-40.3304
-40.1335
-39.9329
-39.7286
-39.5200
-39.3069
-39.0891
-38.8664
-38.6386
-38.4287
-38.1904
-37.9462
-37.6960
-37.4394
-37.1761
-36.9060
-36.6298
-36.3459
-36.0538
-35.7529
-35.4427
-35.1228
-34.7924
-34.4508
-34.1013
-33.7411
-33.3673
-32.9790
-32.5755
-32.1562
-31.7274
-31.2804
-41.7787
-41.5807
-41.4080
-41.2322
-41.0532
-40.8710
-40.6853
-40.4966
-40.3044
-40.1084
-39.9076
-39.7027
-39.4938
-39.2805
-39.0626
-38.8398
-38.6120
-38.3788
-38.1402
-37.8957
-37.6452
-37.3886
-37.1258
-36.8562
-36.5791
-36.2943
-36.0010
-35.6986
-35.3866
-35.0646
-34.7331
-34.3906
-34.0362
-33.6723
-33.2975
-32.9084
-32.5075
-32.0897
-31.6540
-31.2065
