-59.2060 -65.9000 -65.8543 -65.8091 -65.7656 -67.7261 -67.6401 -67.5504 -67.4598 -67.3604 -67.2553 -67.1404 -67.0256 -66.8927 -66.7481 -66.5914 -66.3493 -66.3004 -66.0987 -66.0482 -65.7696 -65.3696 -57.4519 -57.4170 -57.3040 -57.2327 -57.1924 -57.0255 -56.9010 -56.8013 -56.7261 -56.4999 -56.1477 -64.3441 -65.5183 -67.6119 -67.0096 0.0000 0.0000 0.0000
-66.0169 -65.9734 -65.9298 -67.7019 -67.6129 -67.5200 -67.4228 -67.3242 -67.2164 -67.1024 -66.9782 -66.8515 -66.7065 -66.5516 -66.3838 -66.1351 -66.0663 -65.8490 -65.6067 -65.5060 -57.6383 -57.6201 -57.5125 -57.4518 -57.3675 -57.2427 -57.1147 -57.0157 -56.9409 -56.7178 -56.3461 -64.2945 -64.8689 -65.6940 -67.0353 -68.6303 -66.2858 -69.8440 -74.7745 0.0000
-67.7892 -67.7010 -67.6111 -67.5167 -67.4184 -67.3155 -67.2107 -67.0966 -66.9753 -66.8427 -66.7092 -66.5577 -66.3959 -66.2226 -65.9726 -65.8934 -65.6747 -65.4536 -57.7795 -57.7873 -57.7235 -57.6805 -57.5235 -57.4381 -57.3544 -57.1929 -57.1546 -56.9075 -56.5611 -64.3768 -64.7367 -65.2278 -65.8574 -66.8319 -67.6399 -67.6586 -65.6458 -68.1400 -68.7403 -69.6976
-67.6295 -67.5346 -67.4361 -67.3334 -67.2291 -67.1168 -66.9966 -66.8669 -66.7331 -66.5956 -66.4406 -66.2760 -66.1008 -65.8582 -65.7755 -65.5916 -58.0423 -57.9782 -57.8888 -57.8476 -57.7098 -57.6425 -57.5361 -57.4174 -57.3296 -57.0854 -56.7499 -64.5278 -64.7592 -65.0763 -65.4880 -66.0048 -66.7780 -66.7931 -66.6937 -66.5689 -64.8170 -66.4439 -66.4107 -66.3658
-67.4715 -67.3696 -67.2636 -67.1552 -67.0381 -66.9151 -66.7828 -66.6466 -66.5030 -66.3515 -66.1878 -66.0169 -65.7891 -58.2885 -58.2520 -58.1409 -58.0779 -58.0386 -57.8757 -57.7859 -57.7472 -57.6310 -57.5003 -57.2705 -56.9506 -64.6619 -64.8704 -65.0877 -65.3623 -65.7019 -66.1225 -66.2631 -66.0890 -65.8734 -65.6155 -65.2818 -63.6652 -63.5485 -55.2992 -55.2089
-67.3158 -67.2061 -67.0947 -66.9757 -66.8509 -66.7175 -66.5808 -66.4377 -66.2888 -66.1319 -65.9208 -58.4258 -58.4337 -58.3243 -58.2631 -58.2256 -58.0647 -57.9770 -57.9132 -57.7994 -57.7111 -57.4715 -57.1330 -64.7328 -64.9080 -65.1241 -65.3727 -65.6109 -65.8985 -65.8767 -65.6725 -65.5694 -65.3064 -64.9831 -64.5866 -63.7297 -63.4150 -55.2688 -55.3399 -63.1323
-67.1608 -67.0480 -66.9279 -66.7999 -66.6698 -66.5346 -66.3953 -66.2558 -66.1225 -58.6266 -58.5935 -58.5287 -58.4446 -58.4090 -58.2745 -58.1642 -58.1022 -57.9903 -57.8776 -57.6167 -57.3549 -64.9746 -64.9938 -65.1184 -65.3206 -65.5617 -65.8347 -65.7887 -65.5706 -65.3336 -65.1872 -64.9061 -64.5701 -63.9566 -63.6810 -55.6524 -55.5664 -62.3471 -63.3917 -63.6613
-67.0139 -66.8940 -66.7671 -66.6392 -66.5093 -66.3816 -66.2706 -58.8352 -58.7680 -58.6871 -58.6473 -58.5642 -58.4560 -58.3476 -58.2873 -58.2018 -58.0420 -57.8077 -57.5239 -65.0835 -65.0717 -65.3118 -65.3567 -65.4978 -65.6664 -65.7205 -65.5747 -65.3437 -65.0917 -64.9205 -64.6252 -64.1561 -63.9226 -55.8808 -55.7924 -63.3993 -63.4581 -62.7139 -63.8728 -64.1549
-66.8736 -66.7499 -66.6285 -66.5125 -59.0826 -59.0297 -58.9506 -58.8603 -58.8285 -58.7407 -58.6341 -58.5273 -58.4688 -58.3850 -58.2270 -57.9947 -57.6885 -65.2597 -65.3011 -65.2913 -65.3828 -65.6526 -65.7060 -65.6447 -65.4612 -65.3483 -65.1721 -64.9201 -64.5561 -64.3446 -64.1277 -56.1002 -56.0116 -55.9320 -63.6514 -63.7278 -63.8683 -63.0815 -64.3196 -64.6066
-66.7520 -66.6469 -59.1995 -59.1962 -59.0947 -59.0409 -59.0000 -58.8718 -58.8089 -58.7036 -58.6467 -58.5645 -58.4083 -58.1779 -57.8737 -65.4328 -65.4605 -65.5113 -65.5000 -65.5877 -65.6909 -65.7833 -65.5282 -65.3392 -65.1376 -64.9938 -64.6601 -64.5459 -64.3394 -64.1315 -56.2213 -56.1459 -63.8204 -63.8964 -63.9777 -64.1085 -64.2744 -63.4323 -63.5832 -65.8703
-59.3865 -59.3599 -59.2598 -59.2078 -59.1791 -59.0172 -58.9631 -58.8767 -58.7967 -58.7406 -58.5860 -58.3330 -58.0552 -65.6017 -65.6193 -65.6581 -65.7113 -65.6960 -65.7790 -65.6991 -65.5347 -65.5123 -65.3227 -65.0465 -64.7281 -64.6134 -64.5462 -64.3576 -56.4318 -56.3536 -63.9897 -64.0351 -64.1268 -64.2076 -64.3374 -64.4832 -64.6569 -64.8532 -64.4524 -66.1628
-59.4464 -59.3714 -59.3444 -59.1949 -59.1313 -59.0539 -58.9681 -58.9133 -58.7604 -58.4603 -58.2087 -65.7672 -65.7766 -65.8055 -65.8480 -65.9008 -65.8805 -65.7922 -65.6357 -65.4709 -65.2973 -65.2534 -64.9689 -64.7326 -64.5594 -64.4670 -56.6383 -56.5582 -56.4847 -64.1911 -64.2486 -64.3370 -64.4193 -64.5438 -64.6799 -64.8385 -65.0145 -65.9485 -64.7032 -65.8732
-59.5065 -59.3588 -59.2833 -59.2205 -59.1196 -59.0831 -58.9315 -58.6332 -58.3834 -65.9296 -65.9325 -65.9534 -65.9863 -66.0289 -66.0806 -65.8955 -65.7463 -65.5899 -65.4259 -65.1566 -65.0038 -64.9779 -64.8139 -64.5840 -56.8228 -56.7411 -56.6853 -64.3575 -64.3974 -64.4580 -64.5398 -64.6132 -64.7329 -64.8636 -65.0118 -65.1411 -66.0680 -66.1844 -64.4843 -63.4538
-59.4457 -59.3959 -59.2604 -59.2330 -59.0997 -58.8029 -58.5548 -66.0889 -66.0865 -66.1006 -66.1258 -66.1599 -66.2018 -66.0941 -65.8635 -65.7147 -65.5595 -65.3161 -65.1706 -65.0214 -64.8689 -64.7146 -64.6852 -56.9344 -56.8650 -64.4315 -64.5427 -64.5967 -64.6616 -64.7372 -64.8013 -64.9091 -65.0313 -65.1490 -65.2928 -66.1914 -66.2143 -65.8879 -62.7594 -63.5864
-59.4586 -59.3965 -59.2486 -58.9453 -58.7231 -66.2453 -66.2384 -66.2469 -66.2657 -66.2926 -66.3265 -66.2142 -66.0710 -65.8429 -65.6958 -65.4739 -65.3351 -65.1928 -65.0477 -64.9011 -64.7561 -57.1047 -57.0666 -64.5967 -64.5997 -64.6374 -64.7845 -64.8527 -64.9287 -64.9853 -65.0818 -65.1675 -65.2967 -65.4378 -66.3164 -66.2582 -63.8156 -63.7783 -62.8871 -62.8395
-59.4107 -59.0941 -58.8642 -66.3984 -66.3884 -66.3919 -66.4053 -66.4260 -66.4533 -66.3369 -66.2001 -66.0583 -65.8332 -65.6292 -65.4969 -65.3609 -65.2226 -65.0827 -64.9439 -57.2951 -57.2194 -57.1654 -64.8132 -64.7731 -64.8149 -64.8730 -64.9984 -65.1070 -65.1645 -65.2315 -65.3246 -65.4405 -65.5680 -66.4373 -66.3129 -63.9826 -63.9470 -63.9132 -63.8820 -62.9586
-59.0124 -66.5504 -66.5358 -66.5357 -66.5443 -66.5597 -66.5812 -66.4613 -66.3302 -66.1948 -66.0548 -65.7825 -65.6559 -65.5257 -65.3935 -65.2598 -65.1267 -57.4817 -57.4036 -57.3371 -64.8436 -64.8497 -65.0075 -64.9889 -65.0445 -65.1101 -65.1837 -65.3116 -65.3971 -65.4809 -65.5850 -65.6985 -66.5460 -64.1777 -64.1459 -64.1117 -64.0793 -64.0485 -64.0196 -63.0823
-66.6829 -66.6778 -66.6825 -66.6934 -66.7086 -66.5865 -66.4608 -66.3312 -66.1388 -66.0147 -65.8122 -65.6874 -65.5606 -65.4324 -65.3045 -65.1807 -57.5854 -57.5189 -64.9285 -64.9936 -65.0109 -65.0445 -65.2222 -65.2117 -65.2739 -65.3406 -65.3749 -65.5493 -65.6336 -65.7290 -65.8314 -66.6598 -64.3265 -64.3004 -64.2728 -64.2416 -64.2119 -64.1838 -64.1564 -63.2071
-66.8200 -66.8271 -66.8304 -66.7126 -66.5915 -66.4670 -66.2873 -66.1681 -66.0462 -65.8460 -65.7242 -65.6011 -65.4782 -65.3580 -57.7664 -57.6974 -57.6330 -65.0670 -65.1470 -65.1699 -65.2051 -65.2493 -65.3033 -65.5042 -65.4779 -65.5214 -65.5986 -65.7798 -65.8700 -65.9656 -66.7317 -64.4754 -64.4479 -64.4242 -64.4006 -64.3719 -64.3447 -64.3181 -64.2890 -63.2714
-66.9532 -66.8391 -66.7222 -66.6024 -66.4335 -66.3187 -66.2014 -66.0816 -65.8845 -65.7661 -65.6477 -65.5313 -57.9439 -57.8725 -57.8092 -65.2210 -65.2110 -65.2997 -65.3256 -65.3613 -65.4043 -65.4548 -65.4966 -65.7015 -65.6665 -65.7365 -65.8155 -66.0015 -66.0960 -64.6577 -64.6247 -64.5954 -64.5702 -64.5487 -64.5286 -64.5023 -64.4764 -64.4486 -64.3492 -62.5076
-66.8531 -66.7372 -66.5780 -66.4668 -66.3537 -66.2385 -66.1208 -65.9274 -65.8131 -65.7004 -58.1182 -58.0444 -57.9822 -65.3762 -65.3566 -65.3561 -65.4503 -65.4776 -65.5130 -65.5548 -65.5888 -65.6415 -65.6740 -65.8845 -65.8735 -65.9457 -66.0248 -66.1176 -64.8034 -64.7738 -64.7436 -64.7166 -64.6932 -64.6735 -64.6564 -64.6314 -64.6048 -64.5030 -64.4879 -63.3263
-66.7208 -66.6129 -66.5033 -66.3922 -66.2788 -66.1642 -65.9748 -65.8656 -65.7605 -58.2154 -58.1522 -58.0908 -65.5037 -65.4952 -65.4999 -65.5980 -65.6257 -65.6599 -65.6876 -65.7320 -65.7822 -65.8129 -65.8677 -66.0858 -66.0748 -66.1468 -66.2306 -64.8691 -64.9176 -64.8912 -64.8632 -64.8382 -64.8165 -64.7981 -64.7825 -64.7578 -64.6538 -64.6387 -63.4362 -63.3352
-66.6512 -66.5433 -66.4338 -66.3230 -66.2119 -66.0273 -65.9246 -58.3848 -58.3192 -58.2588 -65.6516 -65.6356 -65.6338 -65.6417 -65.7420 -65.7700 -65.7912 -65.8287 -65.8712 -65.9188 -65.9476 -65.9995 -66.0570 -66.2823 -66.2684 -64.9957 -65.0009 -64.9811 -64.9968 -65.0091 -64.9831 -64.9597 -64.9395 -64.9220 -64.9056 -64.8834 -64.7868 -63.5451 -63.4458 -63.3521
-66.5863 -66.4787 -66.3710 -66.2641 -66.0853 -58.5512 -58.4833 -58.4239 -65.8000 -65.7769 -65.7689 -65.7710 -65.7809 -65.8830 -65.8989 -65.9300 -65.9662 -66.0066 -66.0520 -66.0792 -66.1280 -66.1819 -66.2412 -66.3073 -65.1289 -65.1332 -65.1116 -65.0940 -65.1110 -65.1275 -65.1031 -65.0811 -65.0615 -65.0434 -65.0280 -64.9077 -63.6524 -63.5549 -63.4567 -64.4306
-66.5274 -66.4232 -66.3213 -58.7147 -58.6447 -58.5862 -65.9485 -65.9188 -65.9047 -65.9015 -65.9063 -65.9172 -66.0206 -66.0353 -66.0650 -66.1000 -66.1387 -66.1819 -66.2074 -66.2535 -66.3042 -66.3599 -65.2159 -65.1949 -65.2649 -65.2425 -65.2229 -65.2064 -65.1932 -65.2172 -65.2229 -65.2016 -65.1816 -65.1642 -65.0224 -63.7581 -63.6625 -63.5662 -64.5573 -64.4409
-66.4801 -66.3844 -58.8062 -58.7459 -58.6881 -66.0609 -66.0409 -66.0327 -66.0327 -66.0391 -66.0505 -66.1436 -66.1683 -66.1970 -66.2303 -66.2675 -66.3087 -66.3328 -66.3762 -66.4241 -66.4763 -65.3417 -65.3217 -65.3275 -65.3730 -65.3526 -65.3345 -65.3189 -65.3066 -65.3332 -65.3416 -65.3202 -65.3010 -65.1315 -63.8582 -63.7685 -63.6741 -64.6824 -64.5678 -64.4536
-58.9798 -58.9030 -58.8460 -66.2032 -66.1778 -66.1644 -66.1600 -66.1621 -66.1693 -66.1705 -66.2743 -66.2982 -66.3259 -66.3579 -66.3931 -66.4323 -66.4553 -66.4964 -66.5415 -66.5907 -65.4657 -65.4464 -65.4526 -65.4331 -65.5512 -65.4628 -65.4462 -65.4319 -65.4209 -65.4478 -65.4345 -65.4212 -65.2422 -65.1331 -63.8683 -63.7803 -64.8057 -64.6931 -64.5807 -64.4686
-59.0016 -66.3456 -66.3149 -66.2967 -66.2879 -66.2859 -66.2893 -66.2872 -66.2975 -66.4020 -66.4252 -66.4517 -66.4824 -66.5162 -66.5535 -66.5750 -66.6141 -66.6567 -65.6122 -65.5903 -65.5694 -65.5756 -65.5568 -65.5388 -65.6610 -65.5730 -65.5577 -65.5446 -65.5342 -65.5600 -65.5334 -65.3373 -65.2448 -63.9660 -63.8799 -63.8068 -64.8165 -64.7061 -64.5958 -64.4857
-66.4525 -66.4296 -65.2148 -66.4104 -66.4100 -66.4049 -66.4116 -66.4218 -66.5271 -66.5493 -66.5749 -66.6038 -66.6366 -66.6722 -66.6924 -66.7291 -66.7697 -65.7320 -65.7106 -65.6904 -65.6969 -65.6784 -65.6611 -65.6448 -65.7706 -65.6828 -65.6687 -65.6561 -65.6460 -65.5998 -65.4417 -65.3394 -64.0646 -63.9783 -63.8931 -64.9375 -64.8298 -64.7216 -64.6134 -64.5055
-66.5457 -66.5357 -65.3791 -66.5235 -66.5270 -66.5337 -66.5436 -66.6494 -66.6709 -66.6954 -66.7230 -66.7544 -66.7884 -66.8075 -66.8423 -66.8803 -65.8503 -65.8294 -65.8096 -65.8163 -65.7983 -65.7813 -65.7655 -65.7507 -65.7368 -65.7924 -65.7785 -65.7663 -65.6980 -65.5957 -65.4450 -64.1491 -64.0678 -63.9921 -65.0507 -64.9501 -64.8455 -64.7392 -64.6333 -64.5279
-66.6544 -65.4829 -65.5128 -66.6469 -66.6535 -66.6630 -66.7693 -66.7899 -66.8134 -66.8399 -66.8699 -66.9024 -66.9205 -66.9534 -65.9878 -65.9666 -65.9464 -65.9272 -65.9339 -65.9164 -65.8997 -65.8842 -65.8696 -65.8561 -65.8433 -65.9007 -65.8873 -65.7964 -65.6949 -65.5111 -64.2425 -64.1623 -64.0820 -65.1639 -65.0639 -64.9651 -64.8633 -64.7593 -64.6559 -64.5531
-65.5716 -65.6221 -66.7648 -66.7711 -66.7802 -66.8869 -66.9067 -66.9292 -66.9546 -66.9833 -67.0142 -67.0314 -67.0625 -66.1021 -66.0814 -66.0616 -66.0430 -66.0500 -66.0326 -66.0164 -66.0011 -65.9869 -65.9734 -65.9611 -65.9487 -65.9982 -65.8965 -65.7951 -65.6091 -64.3060 -64.2557 -64.1769 -65.2647 -65.1779 -65.0796 -64.9825 -64.8837 -64.7820 -64.6811 -64.5812
-65.7233 -65.7284 -65.7356 -65.7448 -67.0023 -67.0212 -67.0428 -67.0669 -67.0944 -67.1241 -67.1403 -66.2363 -66.2148 -66.1946 -66.1753 -66.1570 -66.1642 -66.1472 -66.1314 -66.1164 -66.1022 -66.0891 -66.0768 -66.0648 -66.0234 -65.9971 -65.8962 -65.7093 -65.6160 -64.3202 -64.2695 -65.3728 -65.2787 -65.1942 -65.0976 -65.0023 -64.9065 -64.8073 -64.7093 -64.6125
-65.8347 -65.8278 -65.8365 -65.8745 -67.1337 -67.1544 -67.1774 -67.2037 -67.2320 -67.2473 -66.3469 -66.3260 -66.3064 -66.2874 -66.2695 -66.2766 -66.2603 -66.2447 -66.2299 -66.2161 -66.2030 -66.1909 -66.1790 -66.1188 -66.0234 -65.9977 -65.8094 -65.7167 -64.4089 -64.3357 -64.2702 -65.3870 -65.2945 -65.2023 -65.1180 -65.0246 -64.9320 -64.8356 -64.7405 -64.6424
-65.9202 -65.9334 -65.9643 -65.9830 -67.2639 -67.2859 -67.3110 -67.3283 -67.3525 -66.4561 -66.4359 -66.4164 -66.3980 -66.3805 -66.3877 -66.3714 -66.3564 -66.3418 -66.3282 -66.3153 -66.3033 -66.2915 -66.2129 -66.1195 -66.0250 -65.8434 -65.8175 -64.4983 -64.4249 -64.3526 -65.4623 -65.4037 -65.3125 -65.2229 -65.1410 -65.0498 -64.9604 -64.8670 -64.7751 -64.6789
-66.0239 -66.0594 -66.0775 -67.3718 -67.3927 -67.4161 -67.4332 -66.5848 -66.5640 -66.5442 -66.5251 -66.5070 -66.4900 -66.4972 -66.4813 -66.4662 -66.4519 -66.4387 -66.4260 -66.4142 -66.3975 -66.3062 -66.2144 -66.1217 -66.0282 -65.8503 -64.5876 -64.5148 -64.4422 -65.5639 -65.4781 -65.4221 -65.3334 -65.2459 -65.1665 -65.0776 -64.9910 -64.9015 -64.8075 -64.7192
-66.1480 -66.1706 -67.4780 -67.4979 -67.5202 -67.5365 -66.6908 -66.6705 -66.6512 -66.6325 -66.6148 -66.5979 -66.6052 -66.5896 -66.5748 -66.5606 -66.5474 -66.5352 -66.5235 -66.4884 -66.3988 -66.3083 -66.2172 -66.1255 -65.9476 -64.6258 -64.6045 -64.5325 -65.6653 -65.5806 -65.4969 -65.4427 -65.3567 -65.2714 -65.1948 -65.1084 -65.0246 -64.9346 -64.8476 -64.7635
-66.2573 -67.5828 -67.6016 -67.6226 -67.6382 -66.7957 -66.7757 -66.7568 -66.7383 -66.7210 -66.7045 -66.7119 -66.6964 -66.6818 -66.6680 -66.6549 -66.6426 -66.6312 -66.5784 -66.4902 -66.4013 -66.3118 -66.2216 -66.0437 -64.7121 -64.6432 -64.6228 -65.7680 -65.6833 -65.5997 -65.5184 -65.4397 -65.3826 -65.2990 -65.2170 -65.1424 -65.0578 -64.9743 -64.8916 -64.8118
-67.6791 -67.7038 -67.7237 -66.9200 -66.8993 -66.8797 -66.8609 -66.8430 -66.8259 -66.8096 -66.8171 -66.8018 -66.7875 -66.7739 -66.7610 -66.7487 -66.7372 -66.6677 -66.5808 -66.4934 -66.4053 -66.3166 -66.1387 -66.0549 -64.7298 -64.6617 -65.8709 -65.7863 -65.7034 -65.6217 -65.5423 -65.4649 -65.4109 -65.3295 -65.2509 -65.1764 -65.0967 -65.0179 -64.9394 -64.8641
-67.7977 -67.8237 -67.0222 -67.0017 -66.9825 -66.9639 -66.9462 -66.9294 -66.9135 -66.8984 -66.9060 -66.8917 -66.8783 -66.8655 -66.8535 -66.8406 -66.7558 -66.6707 -66.5846 -66.4979 -66.4108 -66.2328 -66.1503 -64.8154 -64.7487 -64.6886 -65.8301 -65.8069 -65.7257 -65.6459 -65.5685 -65.4928 -65.4414 -65.3634 -65.2878 -65.2154 -65.1394 -65.0653 -64.9912 -57.7204
