0.0000 0.0000 0.0000 0.0000 0.0000 0.0000 0.0000 0.0000 0.0000 0.0000 0.0000 0.0000 0.0000 0.0000 0.0000 0.0000 0.0000 0.0000 0.0000 0.0000 0.0000 0.0000 0.0000 0.0000 0.0000 0.0000 0.0000 0.0000 0.0000 0.0000 0.0000 0.0000 0.0000 0.0000 0.0000 0.0000 0.0000 0.0000 0.0000 0.0000
-57.2336 -57.3356 -66.8941 -74.1837 -74.1234 -68.0063 -57.9468 -65.0805 -66.1957 -66.4247 -65.4680 -65.3954 -65.3253 -58.3313 -58.3617 -58.2173 -58.2484 -58.1863 -58.1220 -58.1774 -57.8676 -57.7201 -57.6922 -57.7023 -57.7135 -64.9856 -65.2072 -65.3306 -65.4545 -65.4782 -65.6023 -63.8172 -63.8950 -63.8653 -63.7989 -63.7604 -63.7226 -63.6848 -63.6531 -63.6301
-57.1557 -57.2557 -69.2224 0.0000 0.0000 -67.9339 -64.7868 -64.9162 -66.0388 -66.3400 -65.3531 -65.2825 -65.2149 -58.2749 -58.1816 -58.1358 -58.1705 -58.0107 -58.0190 -58.0010 -57.6709 -57.6218 -57.5688 -57.6286 -64.9780 -65.0784 -65.1819 -65.3175 -65.4464 -65.5721 -65.5954 -65.7199 -65.8922 -65.8521 -63.7515 -63.6852 -63.6521 -63.6168 -63.5892 -63.5720
-57.0631 -57.1624 0.0000 0.0000 0.0000 -64.6223 -64.7244 -65.8204 -66.0290 -66.0917 -65.1332 -65.0596 -58.2063 -58.2158 -57.9995 -58.0046 -58.0428 -57.9076 -57.9889 -57.7520 -57.4980 -57.5225 -57.5098 -57.5302 -64.9245 -65.0465 -65.2937 -65.4562 -65.5952 -65.5715 -65.5926 -65.7184 -65.7787 -65.7393 -65.7039 -65.6216 -63.5783 -63.5498 -63.5274 -57.9793
-56.9926 -57.0426 -57.1039 0.0000 0.0000 -64.5579 -64.6646 -65.7954 -66.0272 -65.9887 -65.0260 -64.9516 -58.0039 -58.0361 -57.8938 -57.9228 -57.8878 -57.8012 -57.8842 -57.5535 -57.4228 -57.3968 -57.4341 -57.4568 -64.8822 -65.0206 -65.2707 -65.4525 -65.5965 -65.7356 -65.7580 -65.6205 -65.5509 -65.6270 -65.5943 -65.5158 -65.4901 -65.4764 -63.4682 -57.9051
-56.8959 -56.9451 -57.0045 0.0000 -71.6185 -64.4951 -64.6203 -65.7808 -66.0205 -64.9953 -64.9172 -64.8418 -57.9449 -57.8785 -57.8099 -57.8214 -57.6885 -57.6986 -57.6793 -57.3275 -57.3208 -57.2943 -57.3331 -64.9238 -64.8483 -64.9998 -65.1581 -65.4526 -65.6014 -65.7445 -65.8639 -65.6743 -65.6085 -65.6777 -65.4844 -65.4630 -65.3925 -65.3895 -58.2725 -58.3282
-56.7886 -56.8353 -56.9044 0.0000 -64.3294 -64.4335 -64.6079 -64.0702 -65.9033 -64.8857 -64.8062 -64.7304 -64.6581 -64.5899 -57.6767 -57.7160 -57.5834 -57.6422 -57.4088 -57.1819 -57.1738 -57.1958 -57.2551 -64.6687 -64.8170 -64.9823 -65.1484 -65.4533 -65.6098 -65.7570 -65.7589 -65.5669 -65.5011 -65.5601 -65.5367 -65.5224 -65.4595 -65.3069 -58.1946 -58.2774
-56.6928 -56.7161 -56.8201 -64.2185 -64.3147 -64.4302 -65.6414 -65.8785 -65.7915 -64.7741 -64.6938 -64.6169 -64.5439 -64.4761 -64.4091 -57.5612 -57.4767 -57.5116 -57.1838 -57.0798 -57.0464 -57.1099 -64.5805 -64.6046 -64.6748 -64.9567 -65.1309 -65.4459 -65.6195 -65.7364 -65.6521 -65.5694 -65.3926 -65.3373 -65.4237 -65.4193 -65.4316 -58.0871 -58.1747 -58.2263
-56.5957 -56.6211 -64.0613 -64.1349 -64.2419 -64.3651 -65.6277 -65.8967 -65.7719 -64.7258 -64.6421 -64.5622 -64.4282 -64.3602 -64.2934 -64.2410 -57.3938 -57.3068 -56.9824 -56.9768 -56.9674 -57.0075 -64.6249 -64.5784 -64.6603 -64.8295 -64.9982 -65.3029 -65.6149 -65.6113 -65.5339 -65.4590 -65.2824 -65.2303 -65.3094 -65.3178 -65.3469 -58.0340 -58.1224 -58.1804
-56.4818 -56.5089 -63.8719 -64.0508 -64.1666 -64.3115 -65.6290 -65.8283 -65.6785 -64.6051 -64.5248 -64.4478 -64.3721 -64.2964 -64.2337 -64.1289 -64.0906 -64.0742 -56.8783 -56.8473 -56.8878 -56.9299 -64.3898 -64.5595 -64.6508 -64.8258 -64.9984 -65.1691 -65.4189 -65.3528 -65.2728 -65.3326 -65.2665 -65.1133 -65.0872 -65.2193 -57.9018 -57.9809 -58.0693 -65.6857
-56.3840 -56.4131 -63.7829 -63.8791 -63.9976 -65.4066 -65.6434 -65.6986 -64.5685 -64.4787 -64.3980 -64.3211 -64.2496 -64.1788 -64.1193 -64.0701 -64.0373 -64.0270 -56.7833 -56.7420 -56.7831 -64.2590 -64.3635 -64.5469 -64.6461 -64.8265 -65.0034 -65.1759 -65.2909 -65.2362 -65.1630 -65.0891 -65.0231 -64.8660 -64.9725 -57.7777 -57.8446 -57.9401 -57.9848 -65.9823
-56.2854 -56.3654 -63.6966 -63.8060 -63.9322 -65.2648 -65.5401 -65.4387 -64.4415 -64.3464 -64.2650 -64.1893 -64.1134 -64.0491 -63.9949 -63.9543 -63.9322 -56.6580 -56.6783 -56.6706 -56.7134 -64.2819 -64.3347 -64.5419 -64.7356 -64.8317 -65.0123 -65.1049 -65.1585 -65.1077 -65.0515 -64.9820 -64.9225 -64.8634 -64.7532 -57.6433 -57.7610 -57.8816 -65.6415 -66.3732
-56.1612 -56.2678 -63.6131 -63.7354 -63.8828 -65.2817 -65.5641 -65.3448 -64.2120 -64.1123 -64.0263 -64.0520 -63.9757 -63.9143 -63.8645 -63.8297 -63.8164 -56.5751 -56.5466 -56.5896 -64.0949 -64.2774 -64.4009 -64.6020 -64.7244 -64.9177 -65.1200 -64.9819 -64.9338 -64.9755 -64.9334 -64.8747 -64.8241 -64.7822 -57.5259 -57.5885 -57.7038 -65.2284 -65.9321 -66.6140
-56.0583 -63.3888 -63.5312 -63.6670 -63.8659 -65.3279 -65.4446 -65.2734 -64.0915 -63.9897 -63.8970 -63.8170 -63.7386 -63.7756 -63.7286 -63.7005 -63.6985 -56.4408 -56.4364 -56.4814 -64.0609 -64.1637 -64.3720 -64.6232 -64.8304 -64.9309 -64.8551 -64.7949 -64.8737 -64.9109 -64.8806 -64.7677 -64.7287 -64.7044 -57.4426 -57.5333 -57.6449 -65.7208 -66.6570 -66.6144
-55.9579 -63.2924 -63.4538 -63.6003 -65.1253 -65.4075 -65.3337 -65.2310 -63.9692 -63.8657 -63.7688 -63.6801 -63.6082 -63.5468 -63.5003 -63.4749 -56.3293 -56.3283 -56.3494 -56.3968 -64.0354 -64.1494 -64.3753 -64.6422 -64.8648 -64.9744 -64.8931 -64.8089 -64.7132 -64.5366 -64.7367 -64.7269 -64.7110 -57.3355 -57.4254 -57.4768 -65.0770 -66.5496 -67.3712 -66.1844
-55.8565 -63.1810 -63.3795 -63.5349 -65.1680 -65.5269 -65.2387 -65.2223 -63.8450 -63.7401 -63.6398 -63.5479 -63.4765 -63.4173 -63.3755 -63.3585 -56.1993 -56.1723 -56.2364 -63.7811 -64.0180 -64.1388 -64.3761 -64.6477 -64.8777 -64.9427 -64.7719 -64.7034 -64.6342 -64.5967 -64.6533 -64.4640 -64.6075 -57.2793 -57.3713 -57.4049 -66.3158 -67.8957 -67.1983 -65.6005
-55.6095 -63.1485 -63.3086 -63.4878 -65.2633 -65.4503 -65.1693 -63.8300 -63.7188 -63.6118 -63.5039 -63.4142 -63.3436 -63.2874 -63.2515 -56.0872 -56.0875 -56.0848 -56.1318 -63.6474 -63.8989 -64.1283 -64.3727 -64.6520 -64.8640 -64.7930 -64.6206 -64.5541 -64.4968 -64.4760 -64.4398 -64.5696 -57.1407 -57.2231 -57.2900 -66.4066 -68.1381 -68.1974 -66.6090 -57.6526
-55.5048 -62.0700 -62.1940 -63.6578 -65.4217 -65.3536 -65.1374 -63.7037 -63.5906 -63.4811 -63.3729 -63.2812 -63.2097 -63.1573 -63.1291 -55.9742 -55.9496 -55.9967 -63.4097 -63.6448 -63.7796 -64.0198 -64.2544 -64.5170 -64.6898 -64.6187 -64.4630 -64.4054 -64.3598 -64.4536 -64.3189 -64.4709 -57.0824 -57.1837 -57.2469 -71.4441 -69.8234 -68.0892 -65.5908 -57.5819
-62.8610 -63.0227 -63.1658 -63.6994 -63.9536 -63.6956 -63.6175 -63.5751 -63.4591 -63.3419 -63.2402 -63.1483 -63.0752 -63.0277 -63.0091 -55.8602 -55.8354 -55.8837 -63.3864 -63.6580 -63.7930 -64.0411 -64.2810 -64.3762 -64.3926 -64.3105 -64.2848 -64.2297 -64.1892 -64.1713 -64.2053 -56.8955 -57.0304 -57.1347 0.0000 0.0000 -71.4622 -68.2296 -57.4281 -57.5098
-62.7632 -62.9500 -63.1089 -65.4908 -66.0464 -65.2528 -63.6316 -62.3122 -62.2262 -62.1399 -63.1057 -63.0147 -61.8789 -62.8993 -55.7182 -55.7451 -55.7451 -55.7948 -63.3890 -63.6856 -63.8165 -64.0716 -64.3162 -64.2981 -64.2415 -64.1595 -64.0852 -63.9359 -63.8838 -64.0005 -56.7641 -56.8291 -56.9502 -57.0360 0.0000 0.0000 -71.3238 -57.2705 -57.3550 0.0000
-62.7234 -62.8826 -65.2990 -65.8898 -66.5201 -65.2727 -65.4070 -63.3215 -63.2003 -62.0043 -61.9171 -61.8518 -61.8008 -62.7731 -55.6266 -55.5796 -55.6298 -63.1167 -63.4118 -63.5786 -63.8505 -64.1116 -64.2449 -64.1479 -63.9890 -64.0063 -63.9340 -63.7920 -63.7482 -63.7350 -56.6390 -56.7396 -56.8356 -56.9601 0.0000 0.0000 -67.7218 -57.1675 -57.2224 -57.2932
-62.6332 -62.8784 -66.1012 -66.5541 -65.6838 -65.3838 -63.3143 -63.1868 -63.0572 -62.9445 -62.8422 -62.7544 -61.6698 -61.6396 -55.2729 -55.2776 -55.5385 -63.1255 -63.4527 -63.6162 -63.8960 -64.1624 -64.0931 -63.9949 -63.8384 -63.8510 -63.7818 -63.6494 -63.6180 -56.4803 -56.5764 -56.6758 -56.7170 -56.8044 -56.8780 0.0000 -57.0221 -57.0942 -57.1496 -64.3081
-62.5461 -62.8405 -67.4040 -67.6818 -65.7962 -65.5894 -63.1800 -63.0495 -62.9195 -62.8061 -62.7044 -62.6196 -62.5611 -55.3642 -55.3436 -55.1810 -61.7623 -62.0174 -62.2974 -63.6673 -63.9538 -64.0440 -63.9384 -63.8393 -63.7803 -63.6942 -63.6296 -63.5099 -63.4964 -56.3898 -56.5125 -56.5783 -56.6522 -56.7113 -56.8001 -56.8745 -56.9470 -57.0204 -64.2762 -64.2459
-62.5582 -62.9021 -69.4418 -69.3196 -66.1345 -66.0385 -63.0422 -62.9011 -62.7790 -62.6652 -62.5652 -62.4853 -62.4370 -55.2457 -55.2245 -55.2778 -62.8647 -63.2310 -62.3148 -62.4122 -62.6153 -62.5468 -63.7810 -63.6812 -63.6263 -63.4463 -63.4786 -63.4497 -56.2193 -56.3254 -56.4276 -56.4988 -56.5729 -56.6323 -56.7224 -56.7979 -56.8718 -56.9459 -64.2037 -64.2007
-62.5096 -74.0746 0.0000 0.0000 -66.7490 -66.0914 -62.8764 -62.7588 -62.6356 -62.5222 -62.4246 -62.3514 -62.3164 -55.1262 -55.1294 -55.1837 -62.9185 -63.3147 -63.5103 -63.8285 -63.8586 -62.3863 -62.2972 -62.2291 -62.2053 -63.3812 -63.3314 -63.3238 -56.1536 -56.2590 -56.3226 -56.4185 -56.4928 -56.5682 -56.6301 -56.7206 -56.7965 -64.0749 -64.1533 -64.1687
-62.4441 -71.8557 0.0000 0.0000 -67.9874 -66.0600 -62.7230 -62.6134 -62.4894 -62.3767 -62.2828 -62.2188 -55.0008 -54.9809 -55.0095 -62.5868 -63.0031 -63.4237 -63.6060 -63.8261 -63.7007 -63.5819 -63.4714 -63.2618 -62.0144 -61.9761 -61.9513 -55.7297 -56.0877 -56.1627 -56.2405 -56.3240 -56.4130 -56.4899 -56.5520 -56.6277 -63.9496 -64.0162 -64.1185 -64.2323
-62.2601 0.0000 0.0000 0.0000 -69.4989 -62.7612 -62.5754 -62.4407 -62.3387 -62.2289 -62.1404 -62.0888 -54.8786 -54.8594 -54.9137 -62.6617 -63.1177 -63.5597 -63.7226 -63.6676 -63.5397 -63.4193 -63.0717 -63.2081 -63.1247 -63.1001 -62.9936 -55.6564 -55.7423 -55.8010 -55.8779 -56.2420 -56.3336 -56.4104 -56.4871 -56.5501 -63.8739 -63.9779 -64.0946 -64.2152
-62.1907 -62.4660 0.0000 0.0000 0.0000 -62.6147 -62.4552 -62.2878 -62.1865 -62.0792 -61.9984 -54.7231 -54.7305 -54.7616 -62.3077 -61.6923 -63.2651 -63.4968 -63.6424 -63.5032 -63.3746 -63.2529 -63.0501 -63.0444 -62.9689 -62.9666 -55.7468 -55.8573 -55.9317 -55.9979 -55.7891 -55.8681 -55.9428 -56.0316 -56.4080 -63.7257 -63.7468 -63.9545 -64.0786 -64.2039
-62.1011 -62.4165 0.0000 0.0000 0.0000 -62.5008 -62.3518 -62.1813 -62.0574 -61.9768 -61.8580 -54.6225 -54.5813 -54.6385 -62.4164 -62.9418 -63.4380 -63.6256 -63.4778 -63.3373 -63.2049 -62.8544 -62.9721 -62.8800 -62.8176 -55.5955 -55.6786 -55.7862 -55.8465 -55.9139 -55.9932 -56.0744 -56.1612 -55.9330 -62.1392 -62.2010 -62.2475 -63.9321 -64.0693 -64.4508
-62.0343 -62.2757 -62.4323 -62.5934 -62.4996 -62.3418 -62.1883 -62.0481 -61.8945 -61.8206 -61.7671 -54.4802 -54.4898 -62.0725 -62.5867 -63.1531 -63.6345 -63.4598 -63.3082 -63.1648 -63.0306 -62.8362 -62.8002 -62.7168 -62.6758 -55.4986 -55.6085 -55.6615 -55.7607 -55.8290 -55.9109 -55.9920 -56.0807 -56.1594 -63.5480 -63.6617 -62.2408 -62.2712 -62.6178 -62.7105
-61.9941 -62.1904 -61.4022 -62.4393 -62.3453 -62.1755 -62.0241 -61.8830 -61.7306 -61.6420 -54.3405 -54.3271 -54.3628 -62.2199 -62.8829 -63.4954 -63.9609 -63.3661 -63.1357 -62.9871 -62.6322 -62.7292 -62.6270 -62.5585 -55.3029 -55.4282 -55.5099 -55.5907 -55.6739 -55.7444 -55.8273 -55.9096 -55.9992 -63.3362 -63.4438 -63.6539 -63.7926 -63.8533 -64.3475 -64.4480
-61.9620 -62.1110 -62.2991 -62.2821 -62.1087 -62.0291 -61.8569 -61.7159 -61.5961 -61.4897 -54.2102 -54.1980 -54.2595 -62.4676 -63.1895 -63.8004 -63.3622 -63.1823 -63.0226 -62.4864 -62.6878 -62.6177 -62.4573 -62.4115 -55.2300 -55.3450 -55.4222 -55.5041 -55.5857 -55.6727 -55.7428 -55.8264 -63.2022 -63.2967 -63.4334 -63.5788 -63.8018 -64.2297 -64.2602 -64.4805
-61.8923 -62.0363 -62.2373 -61.1936 -61.9428 -61.8517 -61.7207 -61.5437 -61.4327 -61.3463 -54.0742 -54.0926 -61.9520 -62.8197 -63.5885 -64.1697 -63.1870 -62.9939 -62.8297 -62.4683 -62.5417 -62.4240 -62.3529 -55.0500 -55.1693 -55.2522 -55.3487 -55.4165 -55.4836 -55.5858 -55.6583 -55.7421 -63.0987 -63.2836 -63.4356 -63.5872 -64.1316 -64.2508 -64.2755 -64.5025
-61.7966 -61.9663 -62.1553 -61.9590 -61.7729 -61.6010 -61.5370 -61.4040 -61.2701 -53.9323 -53.8923 -53.9621 -62.3432 -63.3014 -64.0990 -64.6145 -63.0078 -62.8070 -62.2439 -62.4572 -62.3444 -62.2398 -62.1949 -54.9736 -55.0920 -55.1598 -55.2584 -55.3428 -55.4273 -55.5146 -55.5890 -62.9400 -63.0766 -63.2863 -63.4462 -63.4751 -64.0601 -64.2740 -64.3980 -64.4661
-61.7091 -61.9005 -61.9939 -61.7911 -61.5985 -61.4227 -61.3544 -61.2334 -61.1426 -53.7973 -53.7846 -61.6458 -62.9293 -63.9508 -64.7014 -63.0417 -62.8236 -62.0477 -62.2361 -62.2768 -62.1472 -62.0623 -54.7733 -54.8961 -54.9770 -55.0669 -55.1669 -55.2538 -55.3386 -55.4092 -62.8705 -62.9989 -63.1742 -63.4046 -63.5011 -63.9665 -64.0867 -64.3100 -64.4659 -64.5680
-61.6277 -61.8383 -61.8275 -61.6183 -61.4213 -61.2396 -61.1206 -61.0478 -53.6260 -53.6423 -53.6552 -62.3500 -63.7894 -64.8127 -65.4401 -62.8570 -62.6327 -62.0282 -62.2268 -62.0718 -61.9533 -61.9036 -54.6955 -54.8172 -54.8826 -54.9732 -55.0749 -55.1635 -55.2504 -55.3352 -62.8866 -62.9914 -63.1808 -63.4222 -63.9931 -64.1292 -64.2577 -64.4133 -64.7288 -64.7652
-61.5577 -61.7828 -61.6581 -61.4398 -61.2366 -61.0507 -60.8929 -60.8596 -53.5121 -53.4826 -53.5499 -63.6279 -64.9538 -65.9180 -66.3088 -62.6644 -61.8152 -62.0380 -62.0218 -61.8650 -61.7687 -54.4926 -54.6164 -54.6933 -54.7877 -54.8788 -54.9819 -55.0736 -55.1615 -62.6725 -62.8728 -63.0026 -63.1978 -63.2539 -64.0238 -64.1598 -64.3169 -64.5283 -65.0734 -64.7254
-61.4912 -61.7216 -61.4879 -61.2659 -61.0587 -60.1298 -60.7151 -60.6552 -53.3479 -53.3709 -63.5584 -65.6949 -66.5782 -67.7353 -66.4716 -62.4606 -61.8249 -62.0052 -61.8102 -61.6584 -54.2854 -54.4112 -54.5041 -54.5973 -54.6917 -54.7850 -54.8772 -54.9836 -62.5012 -62.6988 -62.7937 -63.0288 -63.0436 -63.8632 -64.0700 -64.2156 -64.4564 -64.9946 -64.5742 -64.4941
-61.4356 -61.5551 -61.3126 -61.0829 -60.8700 -60.6812 -60.5339 -53.1678 -53.1733 -53.2389 -69.1912 0.0000 -69.3780 -68.3163 -62.4509 -61.5543 -61.8437 -61.7842 -61.5945 -61.4652 -54.2015 -54.3280 -54.4046 -54.4995 -54.5921 -54.6889 -54.7835 -54.8906 -62.5227 -62.7348 -62.9231 -62.9557 -63.7641 -63.9151 -64.1620 -64.6887 -64.9465 -65.3268 -64.3274 -64.1307
-61.3663 -61.3626 -61.1117 -60.8893 -60.6707 -60.4810 -59.6710 -53.0221 -53.0306 -53.0886 0.0000 0.0000 0.0000 -69.5826 -61.3088 -61.5766 -61.7321 -61.5127 -61.3379 -53.9822 -54.1083 -54.1985 -54.2955 -54.4003 -54.4949 -54.5923 -54.6884 -62.2925 -62.5746 -62.7921 -62.9588 -62.7830 -63.8522 -63.9856 -64.7597 -64.9887 -65.3378 -64.2911 -64.0686 -63.8702
