0.0000 0.0000 0.0000 0.0000 0.0000 0.0000 0.0000 0.0000 0.0000 0.0000 0.0000 0.0000 0.0000 0.0000 0.0000 0.0000 0.0000 0.0000 0.0000 0.0000 0.0000 0.0000 0.0000 0.0000 0.0000 0.0000 0.0000 0.0000 0.0000 0.0000 0.0000 0.0000 0.0000 0.0000 0.0000 0.0000 0.0000 0.0000 0.0000 0.0000
-58.1443 -58.1605 -58.2257 -58.3227 -63.8956 -64.0808 -64.2786 -64.3648 -66.3564 -59.1941 -59.2542 -64.3428 -64.3974 -64.4338 -66.2894 -66.3800 -66.4708 -66.6512 -66.6831 -64.3659 -66.6986 -66.7924 -64.4441 -64.4679 -64.4046 -64.4260 -64.4492 -64.4716 -64.4931 -64.6474 -62.4413 -62.4189 -64.6536 -64.8783 -64.8898 -64.8559 -64.8162 -60.0205 -60.0675 -60.1123
-58.0692 -58.1139 -58.1793 -63.6457 -63.7589 -63.9544 -62.6954 -62.6362 -58.5478 -59.1335 -66.3973 -64.3035 -64.4227 -64.5326 -66.3615 -66.4610 -66.4421 -66.6306 -66.5553 -64.3401 -66.6723 -66.7698 -66.8618 -64.4456 -64.4685 -64.4903 -64.4207 -64.4429 -64.4642 -64.4848 -64.4794 -64.6158 -62.4523 -62.4363 -64.5821 -64.7529 -59.9266 -59.9741 -60.0195 -64.8962
-58.0217 -58.0668 -58.1084 -63.6682 -63.8091 -63.8992 -62.4702 -62.4396 -58.0217 -58.5033 -66.2000 -66.5407 -64.4505 -64.1503 -64.1877 -66.4191 -66.6834 -66.7454 -66.5332 -64.3114 -66.6394 -66.7441 -66.8427 -64.4236 -64.4466 -64.4685 -64.4896 -64.5094 -64.4358 -64.4338 -64.5748 -64.5772 -64.5790 -64.5486 -62.3342 -59.7624 -59.8075 -59.9256 -64.8251 -64.9042
-57.9742 -58.0416 -63.5704 -63.7287 -63.8497 -63.7729 -63.6246 -57.8828 -57.9256 -63.7013 -63.8954 -64.0394 -63.9189 -64.1073 -64.1481 -66.5237 -66.6422 -66.6153 -66.6496 -64.3638 -66.6042 -66.7111 -66.8174 -64.4005 -64.4249 -64.4468 -64.4681 -64.4882 -64.4875 -64.6348 -64.5373 -64.5384 -64.5141 -64.4508 -59.7153 -59.7199 -58.8925 -64.5347 -64.8428 -64.8922
-57.9261 -57.9663 -63.6267 -63.7899 -63.8177 -63.6381 -58.1863 -57.8307 -62.3151 -63.6382 -63.7742 -63.5499 -62.3598 -62.4087 -63.9565 -66.4723 -66.5947 -66.5867 -66.6264 -64.3353 -64.3681 -66.8226 -66.8010 -64.3727 -64.3998 -64.4247 -64.4467 -64.4508 -64.4277 -64.6045 -64.6021 -64.5822 -64.4121 -64.3451 -59.6316 -59.6755 -64.4903 -64.5755 -62.3243 -64.5925
-58.3587 -65.7683 -65.9927 -63.8481 -63.6756 -63.5088 -58.1312 -57.7782 -62.3426 -62.3934 -63.8235 -63.4730 -62.2211 -62.2444 -62.4148 -63.8267 -66.1703 -66.2948 -66.5981 -66.6304 -64.3360 -66.7866 -66.9079 -64.4313 -64.4593 -64.3968 -64.4100 -64.3906 -64.5754 -64.5724 -64.5626 -64.4810 -64.3986 -59.5747 -59.5871 -64.4413 -64.5388 -64.5875 -64.5622 -64.4921
-65.5875 -65.9509 -66.2984 -66.0614 -65.7362 -58.0268 -58.0760 -62.2653 -62.3381 -62.4329 -63.4107 -63.4482 -63.4516 -62.2725 -62.2848 -62.2552 -63.7116 -63.8224 -63.9698 -66.3218 -64.3003 -66.7363 -66.8683 -66.9917 -64.4313 -64.4500 -64.4291 -64.5387 -64.5395 -64.5399 -64.4550 -64.3616 -59.4875 -59.5326 -64.4992 -64.5047 -64.5608 -64.5287 -64.4544 -64.3790
-65.9298 -66.4029 -66.3512 -65.8067 -58.4287 -58.4903 -58.5503 -63.6216 -62.3882 -62.1201 -63.3736 -63.4226 -63.4341 -62.2461 -62.2590 -62.2301 -63.5538 -63.5997 -63.7340 -63.8064 -62.4852 -66.3877 -66.8214 -66.9502 -64.3939 -64.3758 -64.5925 -64.5923 -64.5914 -64.4242 -64.3246 -59.3996 -59.4449 -64.4624 -64.5902 -64.6536 -64.6097 -64.4173 -64.3371 -59.7081
-66.2166 -66.6361 -66.2890 -65.7291 -58.3693 -58.4308 -65.8196 -66.0401 -64.1569 -63.6502 -63.3391 -63.3926 -63.5030 -62.2201 -62.1929 -62.2052 -63.5255 -63.5745 -63.5983 -63.5896 -62.3056 -62.3898 -63.8922 -66.5854 -64.3108 -64.5416 -64.5434 -64.5453 -64.4825 -64.3705 -59.3345 -59.3561 -64.4217 -64.5771 -64.6499 -64.5963 -64.4999 -64.4037 -59.6571 -64.3078
-66.5626 -66.5013 -65.9717 -58.3058 -58.3447 -65.8253 -66.3457 -66.2628 -63.5833 -63.6203 -63.6610 -65.8482 -63.4867 -62.1949 -62.1682 -62.1805 -63.4962 -63.5489 -63.5844 -63.5751 -62.2207 -62.2248 -63.6722 -63.8036 -62.3434 -64.2938 -64.4880 -64.4373 -64.3410 -59.2372 -59.2876 -64.4649 -64.6539 -64.7467 -64.5832 -64.4823 -64.3872 -59.5727 -64.3808 -64.4495
-66.7935 -66.1590 -65.6709 -58.2454 -58.2841 -66.2063 -66.4433 -65.5397 -63.6793 -63.5975 -63.6413 -65.8211 -65.9246 -65.8486 -62.1438 -62.1563 -62.1671 -63.5228 -63.5711 -63.5616 -63.5450 -62.2001 -63.5373 -63.5422 -62.3420 -62.4153 -62.4138 -64.0920 -59.1348 -59.1862 -64.3991 -64.6321 -64.7398 -64.6644 -64.5511 -64.4509 -59.4866 -64.3528 -64.4268 -64.4974
-66.2169 -65.7299 -58.1148 -58.1816 -66.0112 -66.3858 -66.7894 -65.5189 -65.5888 -63.7064 -63.8581 -66.0136 -65.9262 -65.8523 -63.8167 -63.8510 -62.1430 -63.4960 -63.5516 -63.5493 -63.5315 -62.1510 -63.4647 -63.7487 -63.6931 -62.2303 -62.1427 -58.3284 -58.3817 -64.1279 -64.6125 -64.7266 -64.6339 -64.5131 -64.4059 -59.4269 -64.4100 -64.5006 -64.4807 -64.5538
-65.7905 -57.9538 -58.0193 -65.6739 -66.7638 -66.7849 -65.4217 -65.5008 -65.5809 -63.8052 -63.8482 -66.0065 -66.0510 -66.0943 -63.8019 -63.8337 -63.8655 -66.1043 -66.2482 -63.5388 -63.4902 -62.0931 -63.6791 -63.7086 -63.6693 -62.1193 -58.1960 -58.2326 -62.1171 -62.4278 -64.5145 -64.3863 -64.4657 -64.3437 -59.3286 -64.3558 -64.4607 -64.5541 -64.6388 -64.7156
-65.2826 -57.8891 -57.9549 -66.4680 -66.7905 -65.1391 -65.2066 -65.4442 -65.5463 -63.7789 -63.8347 -63.8229 -66.0546 -66.1346 -63.9396 -63.9712 -63.9976 -66.0817 -66.2390 -66.2605 -66.1559 -62.2657 -62.2372 -63.6692 -63.5500 -58.1133 -58.1511 -62.0789 -62.3330 -62.3784 -62.2605 -64.2241 -64.0838 -59.1619 -64.2895 -64.4024 -64.5078 -64.6038 -64.6915 -64.7663
-57.7527 -57.8232 -66.3908 -67.5849 -65.1704 -65.1098 -65.1859 -65.2655 -65.5144 -63.6232 -63.7877 -63.7851 -66.0231 -66.1683 -63.9393 -63.9748 -64.0066 -66.3393 -66.4764 -66.1954 -66.0851 -66.6315 -64.1392 -63.5333 -58.5907 -58.0678 -58.1572 -62.3905 -62.4067 -62.2742 -62.1468 -62.0286 -58.3117 -64.0305 -64.1399 -64.2392 -64.5591 -64.6498 -64.7318 -64.8072
-57.7047 -66.4520 -67.9995 -67.2969 -65.1392 -65.2150 -65.1695 -65.4335 -65.5033 -65.5771 -63.5946 -63.6368 -65.7617 -66.1320 -66.1472 -63.9492 -64.0038 -64.0261 -66.4266 -66.4408 -67.1453 -66.9664 -64.0156 -66.1143 -59.2588 -58.0208 -62.5085 -62.4484 -62.2977 -62.1519 -62.0160 -58.2338 -61.9694 -62.0282 -62.0767 -64.3075 -64.3887 -64.4598 -64.7722 -64.8420
-57.6333 -68.8137 -68.5817 -65.1623 -65.2541 -65.3529 -65.3270 -65.4224 -65.4935 -65.5686 -63.5785 -63.6209 -65.7343 -65.9192 -65.9392 -63.7714 -63.9251 -63.9098 -66.2983 -67.3197 -67.6963 -67.0173 -64.0041 -59.2017 -59.2355 -70.1622 -64.7654 -64.4997 -62.1666 -62.0073 -58.1541 -61.9529 -62.0207 -62.0757 -62.1187 -62.1520 -62.1774 -64.5173 -64.5729 -64.6198
-70.5746 -69.9625 -65.0215 -65.1200 -65.2212 -65.3259 -65.4888 -65.5877 -65.6769 -65.6270 -63.6677 -63.6052 -63.6457 -65.9130 -65.9787 -63.7517 -63.7134 -63.6784 -66.8268 -67.4540 -67.1887 -66.5437 -58.5125 -59.1754 0.0000 0.0000 -64.6099 -64.2995 -64.0115 -58.7823 -61.9388 -62.0170 -62.0786 -62.1261 -62.1622 -62.1892 -62.2037 -62.2089 -62.2123 -64.6060
0.0000 -68.2586 -64.9500 -65.0748 -65.1906 -65.5068 -65.6050 -65.5618 -65.6486 -65.6711 -63.6385 -63.6915 -63.7437 -66.1236 -66.2649 -63.6689 -63.6324 -64.1602 -67.7271 -67.0106 -66.3406 -58.9051 -58.3869 -65.2273 0.0000 -64.7797 -64.3985 -64.0377 -58.6881 -63.9382 -64.1014 -64.2322 -62.1394 -62.1780 -62.1892 -62.1971 -62.2039 -62.2088 -62.1923 -62.1710
0.0000 -64.6262 -64.7383 -64.8575 -65.1481 -65.4612 -65.5711 -65.5333 -65.5540 -65.6492 -65.7492 -63.7214 -63.7140 -66.0916 -66.2040 -66.0389 -63.7097 -65.1601 -64.3839 -66.4041 -58.8069 -58.8661 -69.9096 -65.4548 -65.0403 -64.5648 -64.0945 -58.5922 -63.9453 -64.1340 -64.2779 -64.3889 -64.4276 -64.4631 -62.1913 -62.1997 -62.2043 -62.1832 -62.1614 -61.7749
-64.3753 -64.5807 -64.7020 -64.8269 -65.1437 -65.2313 -65.3199 -65.3941 -65.5094 -65.6188 -65.7233 -63.6968 -63.7526 -66.0434 -66.1235 -66.0182 -65.6087 -64.9350 -64.1927 -58.7541 -58.8414 0.0000 -71.9015 -65.4350 -64.8628 -64.2165 -58.4934 -63.9701 -64.1883 -64.3447 -64.3975 -64.4303 -64.4709 -64.5122 -64.5504 -64.5692 -64.5536 -62.1523 -61.7574 -61.7599
-64.3341 -64.5425 -64.6703 -65.0099 -65.1257 -65.2143 -65.3006 -65.3015 -65.2402 -65.5300 -65.6618 -63.6626 -63.6775 -63.6537 -66.1273 -72.9490 -65.5378 -64.4740 -58.0657 -58.7050 0.0000 0.0000 0.0000 -65.4139 -64.5107 -58.3920 -64.0338 -64.2820 -64.3667 -64.3922 -64.4304 -64.4768 -64.5240 -64.5681 -64.5788 -64.5632 -63.8588 -63.8836 -63.9063 -61.7454
-64.3024 -64.4095 -64.6522 -64.9822 -65.1012 -65.2012 -65.2132 -65.2881 -65.2205 -65.2769 -65.3562 -63.5208 -63.5482 -63.5815 0.0000 0.0000 -65.4393 -57.9248 -57.9938 -58.6561 0.0000 0.0000 -72.2483 -65.3918 -58.2879 -64.1993 -64.3355 -64.3555 -64.3851 -64.4282 -64.4803 -64.5331 -64.5828 -64.5831 -64.5703 -63.8490 -63.8787 -63.9055 -63.9292 -63.9496
-64.2775 -64.3894 -64.8334 -64.9559 -65.0774 -65.1967 -65.2025 -65.2760 -65.2009 -65.2713 -65.2734 -65.1989 -63.2216 -63.1850 0.0000 0.0000 -57.7512 -57.8122 -57.9220 -57.9915 0.0000 0.0000 0.0000 -58.1811 -64.2996 -64.3194 -64.3431 -64.3771 -64.4255 -64.4821 -64.5405 -64.5915 -64.5822 -64.5707 -63.8330 -63.8675 -63.8992 -63.9283 -63.9543 -64.4812
-64.2581 -64.5950 -64.6933 -64.9315 -65.0596 -65.1083 -65.1932 -65.2650 -65.3272 -65.2044 -65.1182 -65.0459 -63.1135 -63.0821 -63.0652 -57.6297 -57.6919 -57.7512 -57.8089 -57.8655 -57.9898 0.0000 -58.0400 -64.1534 -64.3032 -64.3307 -64.3690 -64.4225 -64.4845 -64.5471 -64.5857 -64.5767 -64.5657 -63.8103 -63.8496 -63.8861 -63.9198 -63.9509 -64.5001 -64.4902
-64.2534 -64.5798 -64.6785 -64.9118 -65.0575 -65.0886 -65.1851 -65.2548 -65.2842 -65.0450 -64.9552 -64.8928 -63.0065 -62.9851 -62.9867 -57.5697 -57.6303 -57.6891 -57.7467 -57.8055 -57.8641 -57.9239 -64.1100 -64.1400 -64.1726 -64.2167 -64.4207 -64.4878 -64.5553 -64.5775 -64.5676 -63.7371 -63.7824 -63.8255 -63.8664 -63.9046 -63.9497 -64.5110 -64.5046 -64.4959
-64.5669 -64.5672 -64.6686 -64.9048 -64.9530 -65.0689 -65.1778 -65.2332 -65.1233 -64.8832 -64.7917 -64.7422 -62.9049 -62.9024 -57.4456 -57.5074 -57.5673 -57.6261 -57.6852 -57.7451 -57.8059 -64.0735 -64.1076 -64.1425 -64.1894 -64.2526 -64.3242 -64.3959 -64.4089 -64.5560 -63.7011 -63.7498 -63.7964 -63.8408 -63.8831 -64.5168 -64.5151 -64.5112 -64.5053 -64.4977
-64.5565 -64.5591 -64.6704 -64.7021 -64.9336 -65.0485 -65.1576 -65.0676 -64.9603 -64.8575 -64.6517 -64.6001 -64.5888 -57.3197 -57.3826 -57.4436 -57.5035 -57.5630 -57.6240 -57.6859 -64.0437 -64.0824 -64.1198 -64.1695 -64.2354 -64.3101 -64.3749 -64.3646 -64.3406 -63.5075 -63.5635 -63.7630 -63.8106 -63.8562 -64.5135 -64.5138 -64.5115 -64.5075 -64.4924 -64.4530
-64.5536 -64.6706 -64.6964 -64.6958 -64.9132 -65.0271 -64.9790 -64.8993 -64.7965 -64.7009 -64.5031 -64.4782 -57.6133 -57.2562 -57.3181 -57.3789 -57.4390 -57.5009 -57.5639 -64.0232 -64.0680 -64.1072 -64.1588 -64.2272 -64.3045 -64.3458 -64.3279 -64.2680 -63.4456 -63.4987 -63.5499 -63.5998 -63.6799 -64.5064 -64.5077 -64.5070 -64.5039 -64.4691 -64.0007 -64.0031
-62.7162 -64.6988 -64.6039 -64.6905 -64.7700 -64.8643 -64.7884 -64.7184 -64.6341 -64.5527 -64.3748 -57.4729 -57.5462 -57.1907 -57.2525 -57.3135 -57.3758 -57.4399 -64.0173 -64.0689 -64.1092 -64.1611 -64.2310 -64.2968 -64.3038 -64.2574 -63.3265 -63.3833 -63.4382 -63.4911 -63.5419 -64.2598 -64.2643 -64.2664 -64.2666 -64.4804 -64.4378 -63.9778 -63.9813 -63.9848
-64.6106 -64.7757 -64.7168 -62.7592 -64.6423 -64.6659 -64.5948 -64.5341 -64.4663 -64.4265 -57.3610 -57.4042 -57.4770 -57.1270 -57.1863 -57.2487 -57.3139 -64.0366 -64.0946 -64.1320 -64.1818 -64.2170 -64.2842 -64.2573 -64.1833 -63.2617 -63.3206 -63.3774 -63.4320 -63.4845 -64.2259 -64.2291 -64.2298 -64.2286 -64.1874 -63.7167 -63.7202 -63.7310 -63.9576 -63.9624
-64.6807 -64.6592 -64.8645 -64.6052 -64.4778 -64.4627 -62.5163 -64.3526 -64.3247 -57.2230 -57.2963 -57.3376 -57.4067 -57.4758 -57.1200 -57.1860 -64.1023 -64.1623 -64.1886 -64.1751 -64.2119 -64.2479 -64.1939 -64.1050 -63.1964 -63.2575 -63.3163 -63.3727 -64.1907 -64.1955 -64.1966 -64.1954 -64.1702 -64.1222 -63.6627 -63.6655 -63.6678 -63.6702 -63.6734 -63.6834
-64.7788 -64.8301 -64.6720 -64.4221 -64.2939 -64.1818 -64.2300 -64.2093 -57.0802 -56.7196 -57.2267 -57.2667 -57.3354 -57.4055 -57.0565 -64.2715 -64.3045 -64.2264 -64.1868 -64.2226 -64.2145 -64.1220 -64.0217 -63.1309 -63.1941 -63.2549 -63.3133 -64.1649 -64.1683 -64.1677 -64.1628 -64.1070 -63.6077 -63.6089 -63.6101 -63.6113 -63.6130 -63.6152 -63.6197 -63.6303
-64.7879 -64.6374 -64.4789 -64.3357 -64.1067 -64.0039 -64.0573 -56.8774 -57.0156 -57.0912 -57.1615 -57.2258 -56.8022 -57.3378 -64.6875 -64.4445 -64.2827 -64.2265 -64.2534 -64.1727 -64.0458 -62.9975 -63.0653 -63.1307 -63.1936 -63.2759 -64.1437 -64.1455 -64.1425 -64.1038 -64.0428 -63.5558 -63.5552 -63.5544 -63.5541 -63.5544 -63.5561 -63.5605 -63.5744 -59.3123
-64.4794 -64.4278 -64.2780 -64.1421 -63.9179 -63.8371 -56.7004 -56.8595 -56.9437 -57.0224 -57.0935 -57.1612 -57.1979 -66.5343 -64.6253 -62.3609 -64.3113 -64.2586 -64.1137 -63.9647 -62.9293 -63.0002 -63.0678 -63.1327 -64.0832 -64.1284 -64.1279 -64.1146 -64.0437 -63.4686 -63.5056 -63.5018 -63.4988 -63.4963 -63.4948 -63.4954 -63.5010 -59.1406 -59.2494 -59.4311
-64.5274 -64.3582 -64.2184 -64.0735 -63.8352 -56.5526 -56.6802 -56.7845 -56.8707 -56.9527 -57.0256 -57.0962 -66.4949 -68.7424 -68.0660 -64.5030 -64.2826 -64.0560 -61.9772 -62.8620 -62.9353 -63.0057 -63.0729 -64.0597 -64.1210 -64.1176 -64.0607 -63.3774 -63.4184 -63.4568 -63.4499 -63.4434 -63.4382 -63.4346 -63.4338 -63.4409 -59.0370 -59.2233 -59.3680 -59.3797
-64.3068 -64.0490 -64.0200 -63.9140 -63.8698 -56.5090 -56.6423 -56.7439 -56.7964 -56.8810 -56.9585 -66.8714 -70.7115 -69.0381 -68.4877 -64.3023 -64.0362 -63.8111 -62.8184 -62.8916 -62.9447 -61.9690 -64.0440 -64.1239 -64.0992 -64.0077 -63.3171 -63.3696 -63.4100 -63.3993 -63.3891 -63.3801 -63.3736 -63.3714 -63.3824 -58.9706 -59.1386 -59.2279 -59.2973 -59.3282
-64.0587 -63.8937 -63.6865 -63.7483 -56.3767 -56.5102 -56.5721 -56.6519 -56.7686 -56.8624 -67.6121 -72.1436 -71.8016 -69.7533 -67.5327 -63.9958 -62.6858 -62.7656 -62.8427 -62.9161 -63.9713 -64.0695 -64.1520 -64.0581 -61.4390 -63.2694 -63.3230 -63.3665 -63.3509 -63.3361 -63.3229 -63.3126 -63.3089 -58.7694 -58.9612 -59.1101 -59.1432 -59.2136 -59.2644 -59.3331
-63.8044 -63.6563 -63.4900 -56.2140 -56.2920 -56.4327 -56.4981 -56.5792 -56.6968 -67.5871 0.0000 0.0000 0.0000 -70.5821 -66.7698 -64.5083 -62.7122 -62.7925 -62.8824 -63.9878 -64.0932 -64.1299 -64.0637 -63.1995 -63.2537 -63.3044 -63.3277 -61.4480 -63.2852 -63.2668 -63.2523 -63.2482 -58.6407 -58.8730 -58.9848 -59.0188 -59.0713 -59.1617 -59.2310 -63.3785
