-44.4938 -44.7333 -44.9679 -45.1973 -45.4347 -45.6638 -45.8871 -46.1092 -46.3315 -46.5499 -46.7620 -46.9749 -47.2179 0.0000 0.0000 -60.5230 -56.3097 -56.8395 -57.3182 -57.7536 -58.1518 -58.4548 -58.5888 -58.7029 -58.0454 -58.2192 -59.8846 -59.4287 -59.0928 -58.9117 -51.3390 -51.4937 -51.6631 -51.7793 -51.9387 -60.7152 -62.3258 -62.4965 -62.6652 -62.8316
-44.2182 -44.4695 -44.7111 -44.9533 -45.1946 -45.4329 -45.6553 -45.8890 -46.1165 -46.3363 -46.5524 -46.7706 -54.2177 -54.9832 -55.7280 -56.3641 -56.9268 -57.4173 -57.8580 -58.2170 -58.3362 -58.4495 -58.6254 -57.9481 -57.4611 -60.0977 -59.2380 -58.7184 -50.8469 -51.0328 -51.2107 -51.3450 -51.5201 0.0000 0.0000 -63.5788 -65.2754 -64.5687 -64.2522 -61.8531
-43.9474 -44.2005 -44.4535 -44.7016 -44.9524 -45.1881 -45.4270 -45.6635 -45.8946 -46.1140 -46.3428 -54.0777 -55.1065 -55.9244 -56.5827 -57.1343 -57.6117 -58.0500 -58.2154 -58.3013 -58.3963 -58.5095 -57.8268 0.0000 -64.2997 -59.1400 -50.3509 -50.5504 -50.7381 -50.8725 -51.0537 -51.2925 -51.4982 0.0000 0.0000 -64.0580 -63.2758 -65.1726 -61.5190 -61.3748
-43.6650 -43.9097 -44.1866 -44.4504 -44.6952 -44.9429 -45.1939 -45.4334 -45.6604 -45.8970 -54.4543 -55.7006 -56.5115 -57.1142 -57.6043 -58.0251 -58.2232 -58.2345 -58.2817 -58.3363 -57.4126 -57.4857 -57.5942 0.0000 -49.8361 -49.9337 -50.2338 -50.3769 -50.5745 -50.8151 -51.0264 -51.1560 0.0000 0.0000 0.0000 -64.0211 -63.1027 -61.2079 -61.0428 -60.9147
-43.3816 -43.6505 -43.9222 -44.1806 -44.4417 -44.7027 -44.9580 -45.2011 -45.4377 -57.3009 -57.6019 -57.8981 -58.1835 -58.4644 -58.6468 -58.4965 -58.3873 -58.3328 -58.2058 -57.0900 -57.1884 -57.2296 -57.4006 -57.6009 -49.7154 -49.8630 -50.0615 -50.3100 -50.5121 -50.6998 -50.9145 -58.4363 -58.8907 0.0000 0.0000 -68.0475 -59.6971 -60.6483 -60.5047 -60.3994
-43.0954 -43.3819 -43.6303 -43.9263 -44.1965 -44.4606 -44.7177 -45.0194 0.0000 -62.7436 -60.8631 -60.1761 -59.9195 -59.3847 -58.9632 -58.5601 -58.1819 -58.0100 -56.7704 -56.8028 -56.9750 -57.1857 -57.4091 -56.8677 -57.0291 -49.7997 -49.9993 -50.1955 -50.4203 -58.1445 -58.6545 -59.0484 -59.8273 -60.1653 -60.3476 -60.2490 -59.1707 -59.0951 -59.9729 -59.8989
-42.8126 -43.0954 -43.3818 -43.6667 -43.9382 -44.2050 -52.8543 0.0000 0.0000 -63.4912 -61.6868 -60.5313 -60.0205 -59.0550 -58.2840 -57.8394 -56.1942 -56.4287 -56.5351 -56.7608 -56.9948 -56.3709 -56.5606 -56.7470 -56.9281 -57.0996 -49.9103 -58.8492 -59.0739 -60.3342 -60.5406 -60.7420 -60.6805 -60.4101 -60.0737 -59.8138 -58.7240 -58.6179 -59.4305 -59.4028
-42.5130 -42.8073 -43.1084 -43.3751 -43.6668 -52.3549 -52.5869 0.0000 0.0000 0.0000 -63.7639 -61.4822 -60.4102 -59.1337 -58.3277 -56.1796 -56.1576 -56.3442 -55.6319 -55.6092 -55.8143 -56.0104 -56.1993 -56.6387 -58.6379 -59.1044 -60.7382 -61.1016 -61.4772 -61.8055 -61.2572 -60.7260 -60.1179 -59.6787 -59.3047 -59.1038 -58.9817 -58.1367 -58.1422 -59.0263
-42.2193 -42.5290 -42.8324 -43.1199 -51.8549 -52.1033 -52.3620 0.0000 0.0000 0.0000 0.0000 -62.5899 -60.6279 -56.0475 -55.8359 -55.8284 -55.0919 -55.3056 -55.5145 -55.7207 -55.9243 -56.1358 -59.0486 -61.6460 -61.8710 -62.0905 -62.3047 -60.7625 -62.3758 -61.4196 -60.4361 -59.6293 -59.0979 -58.7537 -58.5514 -58.4174 -58.4648 -51.2976 -51.4163 -51.6973
-41.8767 -42.1904 -42.5538 -51.3400 -51.4742 -51.8854 -52.1784 -52.4944 0.0000 0.0000 0.0000 -63.6125 -55.5014 -54.2119 -54.5051 -54.7313 -54.9543 -55.1720 -55.3877 -55.6018 -55.8147 -56.0567 -65.8705 0.0000 0.0000 0.0000 0.0000 0.0000 -62.0675 -60.0704 -58.9641 -58.3113 -57.9853 -57.9310 -50.8551 -50.9542 -51.0858 -51.2632 -51.2823 -51.6092
-41.6176 -50.5330 -50.8083 -51.0999 -51.4041 -51.7271 -52.0793 -52.4644 -52.7435 0.0000 -54.8654 -53.5654 -53.8730 -54.1202 -54.3536 -54.5849 -54.8140 -55.0377 -55.2590 -55.4781 -55.6920 -55.8609 -56.0579 0.0000 0.0000 0.0000 0.0000 -62.3234 -58.8601 -57.7963 -50.0068 -50.2084 -50.3061 -50.4734 -50.6612 -50.8461 -51.0177 -51.1723 -51.1233 -51.2414
-49.9669 -50.2685 -50.5858 -50.9209 -51.2814 -51.5373 -52.0160 -52.2990 -52.5906 -52.8982 -53.2265 -53.4673 -53.7072 -53.9448 -54.1949 -54.4309 -54.6651 -54.9007 -55.0837 -55.2639 -55.4488 -55.6400 -55.8401 0.0000 0.0000 -64.3677 -59.2719 -49.2021 -49.3878 -49.6189 -49.7991 -50.0072 -50.2041 -50.3997 -50.5164 -50.6537 -50.8040 -50.9384 -50.9724 -51.1428
-49.7213 -50.0722 -50.4451 -50.8511 -51.2612 -51.5582 -51.8648 -52.1895 -52.5354 -52.7906 -53.0436 -53.2999 -53.5422 -53.7864 -54.0422 -54.2435 -54.4341 -54.6306 -54.8318 -55.0401 -55.2569 -55.4739 -55.6999 -48.2972 -48.5337 -48.7159 -48.8673 -48.9996 -49.2094 -49.5116 -49.6684 -49.8040 -49.9820 -50.1341 -50.3312 -50.5233 -50.6772 -50.8364 -51.0173 -51.0438
-49.5811 -49.9958 -50.4513 -50.7965 -51.1194 -51.4608 -51.6769 -52.0835 -52.3457 -52.6065 -52.8663 -53.1247 -53.3471 -53.5359 -53.7382 -53.9632 -54.1861 -54.4184 -54.6579 -54.8997 -55.1430 -55.3853 -47.8546 -48.0505 -48.2852 -48.5178 -48.7449 -48.8678 -48.9482 -49.1114 -49.4173 -49.6285 -49.8183 -49.9964 -50.2246 -50.4170 -50.6043 -50.7771 -50.9567 -50.9827
-49.5849 -50.0106 -50.3460 -50.7020 -51.0747 -51.3438 -51.6115 -51.8792 -52.1484 -52.3954 -52.5957 -52.8078 -53.0310 -53.2581 -53.5001 -53.7514 -54.0243 -54.2881 -54.5521 -54.8131 -55.0700 -55.3233 -47.6991 -47.8720 -48.0385 -48.2482 -48.4580 -48.6874 -48.8016 -48.9925 -49.2982 -49.5098 -49.7225 -49.9243 -50.1219 -50.3144 -50.5037 -50.6808 -50.8649 -50.8968
-49.5818 -49.9456 -50.3073 -50.5758 -50.8452 -51.1175 -51.3913 -51.4452 -51.7953 -52.0244 -52.2686 -52.5265 -52.7959 -53.0736 -53.3468 -53.6272 -53.9211 -54.2026 -54.4805 -54.7551 -55.0220 -47.1699 -47.4051 -47.6595 -47.8583 -48.0955 -48.3301 -48.5580 -48.6977 -48.9124 -49.1218 -49.4269 -49.6435 -49.8505 -50.0531 -50.2509 -50.4421 -50.6287 -50.8020 -50.9822
-49.5464 -49.7979 -50.0567 -50.3186 -50.5224 -50.7209 -50.9453 -51.1919 -51.3200 -51.7416 -52.0370 -52.3400 -52.6463 -52.9531 -53.2582 -53.5485 -53.8430 -54.1492 -54.4382 -54.7225 -46.7393 -47.0099 -47.2723 -47.5254 -47.7717 -48.0115 -48.2425 -48.4772 -48.7069 -48.8432 -49.0576 -49.3638 -49.5726 -49.7855 -49.9871 -50.1846 -50.3774 -50.5658 -50.7399 -50.9213
-49.2543 -49.4611 -49.6086 -49.8003 -50.0370 -50.3045 -50.5972 -50.9075 -51.2295 -51.5590 -51.8923 -52.2251 -52.5555 -52.8819 -53.2034 -53.5082 -53.8144 -45.7827 -46.0805 -46.3661 -46.6438 -46.9138 -47.1792 -47.4379 -47.6903 -47.9364 -48.1723 -48.4072 -48.6366 -48.7728 -48.9875 -49.1974 -49.5058 -49.7202 -49.9240 -50.1241 -50.3205 -50.5110 -50.6970 -50.8693
-48.6464 -48.8281 -49.0705 -49.3582 -49.6729 -50.0137 -50.3693 -50.7305 -51.0932 -51.3136 -51.8137 -52.1682 -52.5167 -44.4293 -44.7559 -45.0721 -45.3776 -45.6839 -45.9843 -46.2746 -46.5561 -46.8291 -47.0957 -47.3555 -47.6097 -47.8587 -48.1013 -48.3335 -48.5648 -48.7925 -48.9234 -49.1364 -49.4469 -49.6560 -49.8696 -50.0708 -50.2672 -50.4573 -50.6430 -50.8141
-48.0327 -48.3340 -48.6812 -49.0580 -49.4510 -49.8462 -50.2472 -50.6462 -42.4990 -42.8814 -43.2446 -43.6078 -43.9649 -44.3101 -44.6437 -44.9661 -45.2852 -45.5931 -45.8933 -46.1872 -46.4707 -46.7460 -47.0145 -47.2801 -47.5393 -47.7916 -48.0372 -48.2717 -48.5046 -48.7319 -48.8625 -49.0748 -49.3839 -49.5921 -49.8052 -50.0087 -50.2080 -50.4025 -50.5912 -50.7639
-47.5956 -48.0135 -48.4547 -48.9042 -40.6160 -41.1151 -41.5360 -41.9533 -42.3553 -42.7427 -43.1046 -43.4975 -43.8558 -44.2016 -44.5362 -44.8667 -45.1910 -45.5029 -45.8072 -46.1050 -46.3921 -46.6706 -46.9435 -47.2087 -47.4667 -47.7178 -47.9716 -48.2121 -48.4418 -48.6717 -48.8962 -49.0200 -49.2301 -49.5425 -49.7564 -49.9600 -50.1595 -50.3549 -50.5437 -50.7278
-38.6002 -39.1362 -39.5783 -40.0048 -40.5107 -40.9547 -41.3945 -41.8173 -42.2221 -42.6222 -43.0149 -43.3926 -43.7563 -44.1070 -44.4528 -44.7880 -45.1120 -45.4261 -45.7285 -46.0245 -46.3156 -46.6006 -46.8775 -47.1462 -47.4074 -47.6617 -47.9093 -48.1506 -48.3806 -48.6100 -48.8342 -48.9572 -49.1659 -49.4763 -49.6816 -49.8925 -50.0920 -50.2875 -50.4778 -50.6624
-38.3819 -38.9143 -39.3696 -39.8084 -40.3554 -40.8200 -41.2675 -41.6957 -42.1133 -42.5255 -42.9209 -43.2780 -43.6672 -44.0281 -44.3775 -44.7153 -45.0422 -45.3589 -45.6654 -45.9618 -46.2534 -46.5409 -46.8178 -47.0880 -47.3506 -47.6063 -47.8553 -48.0979 -48.3339 -48.5586 -48.7839 -49.0043 -49.1196 -49.3254 -49.6385 -49.8505 -50.0520 -50.2493 -50.4421 -50.6281
-38.2237 -38.7164 -39.1887 -39.7414 -40.2257 -40.6990 -41.1501 -41.5834 -42.0150 -42.4311 -42.8302 -43.2135 -43.5884 -43.9522 -44.3031 -44.6430 -44.9722 -45.2910 -45.6006 -45.9005 -46.1940 -46.4808 -46.7612 -47.0321 -47.2958 -47.5522 -47.8029 -48.0477 -48.2855 -48.5166 -48.7371 -48.9583 -49.0743 -49.2810 -49.5949 -49.7988 -50.0102 -50.2091 -50.4037 -50.5927
-38.0320 -38.5346 -39.0980 -39.6084 -40.1133 -40.5942 -41.0539 -41.5057 -41.9375 -42.3530 -42.7521 -43.1432 -43.4982 -43.8890 -51.4808 -51.8153 -52.1397 -52.4558 -52.6277 -52.9186 -53.1883 -53.4632 -53.7423 -54.0225 -54.2837 -54.5379 -54.7836 -55.0239 -55.2560 -55.4790 -55.6610 -55.8740 -55.6053 -55.7879 -55.9654 -56.6908 -56.9417 -57.1535 -50.6612 -50.8523
-37.8671 -38.3831 -38.9927 -39.5206 0.0000 0.0000 0.0000 -54.0786 -52.1497 -51.5248 -51.3790 -51.4302 -51.5785 -51.7799 -52.0149 -52.2659 -52.5248 -52.7886 -53.0529 -53.3097 -53.5597 -53.7911 -54.0345 -54.2997 -54.5408 -54.7787 -55.0109 -55.2388 -55.4605 -55.6766 -55.8807 -56.0422 -56.2417 -55.9176 -56.0883 -56.8281 -57.0692 -57.2839 -57.4870 -57.6804
-37.7426 -38.3552 -38.9053 -39.4367 0.0000 0.0000 0.0000 0.0000 0.0000 -53.5424 -53.0072 -52.7693 -52.7022 -52.5340 -52.8453 -52.9973 -53.1756 -53.3737 -53.5833 -53.7940 -54.0121 -54.1968 -54.4106 -54.6396 -54.8743 -55.0964 -55.3149 -55.5281 -55.7337 -55.9388 -56.1416 -56.2709 -56.4588 -56.0939 -56.2554 -57.0148 -57.1984 -57.4614 -57.6645 -57.8837
-37.7226 -38.2981 -38.8593 -39.3906 -39.9007 0.0000 0.0000 0.0000 0.0000 0.0000 -55.7774 -54.0380 -53.8118 -53.6716 -53.5870 -53.6200 -53.7084 -53.8411 0.0000 0.0000 0.0000 0.0000 -61.2168 -59.2285 -55.2247 -55.4411 -55.6434 -55.8404 -56.0338 -56.2262 -56.4172 -56.6065 -56.7082 -56.8806 -56.4457 -56.5937 -57.4182 -57.6823 -57.8962 0.0000
-37.7100 -38.2862 -38.8388 -39.3684 -39.8862 -40.3827 0.0000 0.0000 0.0000 -55.0258 -53.4821 -52.8369 -52.5112 -52.5103 -52.4068 -52.7703 -52.9689 -53.1893 0.0000 0.0000 0.0000 0.0000 -64.6875 -61.5586 -59.2664 -58.9632 -58.8386 0.0000 0.0000 0.0000 0.0000 0.0000 -67.5680 -63.5049 -60.0290 -59.1195 -57.6425 -57.8122 -58.1081 0.0000
-37.7361 -38.3127 -38.8603 -39.3863 -39.8955 -40.3848 -40.8535 -41.3055 -41.7395 -42.1389 -42.6126 -50.6500 -51.0134 -51.3635 -51.6999 -52.0093 -52.3284 -52.6371 0.0000 0.0000 0.0000 0.0000 -59.2494 -58.6448 -58.3150 -58.1888 -58.0921 0.0000 0.0000 0.0000 0.0000 0.0000 -64.1859 -58.8020 -58.5778 -57.8102 -57.8819 -58.8915 0.0000 0.0000
-37.8160 -38.3686 -38.9074 -39.4347 -39.9304 -40.4078 -40.8731 -41.3216 -41.7508 -42.1623 -42.5430 -42.9545 -43.3332 -43.6964 -44.0471 -44.3865 -44.7198 0.0000 0.0000 -61.5019 -59.6103 -58.5139 -57.8365 -57.4627 -57.2695 -57.1882 -57.2077 -57.2456 -57.3154 -57.4077 -57.5129 -57.6327 -57.7603 -57.8924 -58.0283 -57.3753 -57.5006 -58.4901 -58.7761 0.0000
-37.9296 -38.4603 -38.9829 -39.4934 -39.9824 -40.4540 -40.9140 -41.3554 -41.7774 -42.1841 -42.5821 -42.9466 -43.3424 -43.7014 -44.0486 -44.3861 -44.6804 0.0000 0.0000 -59.2341 -57.2614 -56.5327 -56.2404 -56.1602 -56.1589 -56.2193 -56.3436 -56.4678 -56.6068 -56.7556 -56.9076 -57.0662 -57.2219 -57.3809 -57.5378 -56.9703 -57.0994 -57.2307 -58.1753 -58.3368
-38.0602 -38.5888 -39.0986 -39.5904 -40.0618 -40.5203 -40.9643 -41.3967 -41.8138 -42.2178 -42.6109 -42.9694 -43.3594 -43.7128 -44.0557 -44.3923 -44.7188 -44.9976 -45.3002 -45.6390 -45.9286 -46.2125 -54.5361 -54.7816 -55.0306 -55.2729 -55.5088 -55.7870 -56.0108 -56.2207 -56.4232 -56.6244 -56.8210 -57.0127 -57.1982 -57.3780 -56.8427 -56.9923 -57.9158 -58.0849
-38.2329 -38.7386 -39.2240 -39.6992 -40.1633 -40.6124 -41.0464 -41.4605 -41.8638 -42.2616 -42.6494 -43.0238 -43.3598 -43.7340 -44.0779 -44.4134 -44.7372 -45.0090 -45.3077 -45.6456 -45.9355 -46.2179 -46.4958 -46.7630 -47.0205 -47.2737 -47.5215 -47.7648 -55.2500 -55.5300 -55.8012 -56.0639 -56.3145 -56.5490 -56.7688 -56.5621 -56.1336 -56.2853 -57.0874 -57.2553
-38.4369 -38.9206 -39.3794 -39.8348 -40.2716 -40.7019 -41.1201 -41.5290 -41.9323 -42.3208 -42.6923 -43.0542 -43.3833 -43.7534 -44.0874 -44.4126 -44.7285 -45.0352 -45.2972 -45.5891 -45.9199 -46.1943 -46.4621 -46.7270 -46.9824 -47.2326 -47.4765 -47.7146 -47.9510 -48.1775 -48.3989 -48.6146 -48.8271 -49.0349 -56.1124 -56.3001 -56.4844 -56.0634 -56.2156 -57.0200
-38.6505 -39.1091 -39.5476 -39.9879 -40.4081 -40.8200 -41.2248 -41.6227 -42.0105 -42.3882 -42.7605 -43.1190 -43.4643 -43.7703 -44.1264 -44.4483 -44.7599 -45.0640 -45.3176 -45.6026 -45.9285 -46.2019 -46.4720 -46.7391 -46.9962 -47.2411 -47.4819 -47.7166 -47.9467 -48.1780 -48.3993 -48.6151 -48.8267 -49.0326 -49.2337 -49.4299 -49.6212 -49.6757 -49.8558 -56.9095
-38.9153 -39.3107 -39.7418 -40.1567 -40.5570 -40.9601 -41.3494 -41.7314 -42.1062 -42.4723 -42.8307 -43.1793 -43.5210 -43.8289 -44.1818 -44.4960 -44.8017 -45.0989 -45.3897 -45.6269 -45.9007 -46.2217 -46.4867 -46.7451 -47.0017 -47.2487 -47.4889 -47.7262 -47.9579 -48.1818 -48.4047 -48.6169 -48.8247 -49.0304 -49.3128 -49.5147 -49.7120 -49.9044 -49.9496 -50.1288
-39.2190 -39.5926 -39.9632 -40.3370 -40.7256 -41.1088 -41.4810 -41.8564 -42.2194 -42.5725 -42.9174 -43.2534 -43.6042 -43.9320 -44.2198 -44.5664 -44.8731 -45.1691 -45.4572 -45.6911 -45.9624 -46.2280 -46.5437 -46.8010 -47.0595 -47.3082 -47.5509 -47.7834 -48.0138 -48.2391 -48.4685 -48.6881 -48.9030 -49.1118 -49.3137 -49.5113 -49.7047 -49.8940 -49.9376 -50.1178
-39.5556 -39.9021 -40.2443 -40.5927 -40.9165 -41.2750 -41.6418 -42.0030 -42.3486 -42.6945 -43.0322 -43.3630 -43.6875 -44.0043 -44.3153 -44.6202 -44.9198 -45.2131 -45.4996 -45.7785 -45.9987 -46.2612 -46.5771 -46.8318 -47.0808 -47.3295 -47.5689 -47.8035 -48.0302 -48.2547 -48.4741 -48.6950 -48.9051 -49.1116 -49.3173 -49.5186 -49.7155 -49.9071 -50.0909 -50.1197
-39.8973 -40.2253 -40.5442 -40.8714 -41.1844 -41.4943 -41.8035 -42.1420 -42.4802 -42.8169 -43.1392 -43.4627 -43.7803 -44.0889 -44.3925 -44.6530 -44.9801 -45.2657 -45.5446 -45.8201 -46.0374 -46.2986 -46.5543 -46.8666 -47.1136 -47.3599 -47.5967 -47.8281 -48.0506 -48.2725 -48.4900 -48.7093 -48.9203 -49.1258 -49.3268 -49.5235 -49.7157 -49.9044 -50.0919 -50.1209
