-66.5606 -66.5641 -58.1209 -64.2550 -64.3205 -64.3754 -64.4022 -64.4196 -64.4354 -65.5314 -65.5583 -64.5263 -59.6527 -64.1955 -64.2792 -64.3801 -64.6667 -64.7880 -64.9125 -59.0318 -65.4258 -65.5975 -65.4096 -64.7725 -64.8647 -64.7459 -64.7490 -65.1271 -65.2106 -65.2914 -65.3283 -59.9381 -59.9520 -59.9568 -59.9589 -59.9620 -65.7249 -65.8321 -65.9553 -66.0874
-66.1284 -57.9247 -64.8486 -64.1360 -64.2869 -64.3609 -64.4215 -64.4563 -60.0944 -65.5320 -64.5600 -59.7102 -59.6890 -64.3712 -64.4393 -64.3620 -64.4727 -64.5912 -58.9038 -65.3002 -65.5406 -65.7093 -65.5068 -64.8976 -64.7336 -64.7272 -65.1650 -65.2485 -65.3296 -65.3981 -65.4359 -60.0208 -60.0231 -60.0251 -60.0276 -60.0309 -65.7899 -65.9007 -67.4497 -67.5980
-57.7668 -64.5822 -63.9659 -64.0312 -64.2120 -64.3498 -64.4231 -65.5477 -65.5096 -64.4900 -64.4758 -59.7401 -64.3200 -64.3724 -64.4491 -64.5390 -64.4666 -64.7956 -64.9985 -65.4300 -65.6717 -65.5895 -65.6146 -64.7108 -64.7023 -65.2069 -65.2913 -65.3730 -65.4525 -65.5084 -60.0864 -60.0885 -60.0910 -60.0930 -60.0965 -65.7806 -65.8453 0.0000 -68.1787 -67.9152
-64.4653 -63.9002 -63.9732 -64.0442 -64.1121 -65.2715 -65.2542 -65.4236 -64.4060 -64.4443 -64.3793 -59.7667 -64.3003 -64.3704 -64.4571 -58.5967 -64.9071 -65.1210 -65.1472 -65.3790 -65.5941 -65.3859 -64.6819 -65.1650 -65.2535 -65.3388 -65.4209 -65.5005 -65.5603 -65.5579 -60.1535 -60.1558 -60.1584 -60.1614 -60.1607 -65.8121 0.0000 0.0000 0.0000 -67.9189
-64.3513 -63.9097 -63.9890 -64.0651 -65.2694 -65.2455 -65.1479 -59.7662 -64.1248 -64.3048 -59.7939 -64.2288 -64.2868 -64.3715 -58.4555 -64.8576 -65.0907 -65.3182 -65.5424 -65.5365 -65.1384 -65.0779 -65.0116 -65.2986 -65.3930 -65.4741 -65.5537 -65.5844 -65.6098 -65.5994 -60.2203 -60.2233 -60.2204 -60.2192 -60.2229 -68.1940 0.0000 0.0000 -74.5068 -68.4407
-64.0036 -63.9278 -64.0120 -65.2654 -65.2340 -65.1345 -63.9958 -64.0169 -64.0568 -64.0481 -59.7526 -64.1415 -64.2477 -64.3744 -64.8174 -65.0644 -65.3061 -65.5310 -65.7528 -65.4185 -65.2626 -65.7188 -65.1504 -65.2378 -65.5221 -65.5876 -65.6106 -65.6344 -65.6495 -65.6428 -60.2807 -60.2776 -60.2785 -60.2840 -60.2932 -67.8010 0.0000 0.0000 0.0000 -66.9920
-64.0259 -64.1182 -65.4759 -65.2194 -65.1427 -63.9306 -59.7934 -63.9424 -63.9884 -59.7723 -59.7714 -63.9967 -64.3377 -64.5943 -65.0095 -65.2851 -65.5362 -65.7551 -65.3298 -65.3463 -66.0809 -65.4143 -65.4900 -65.3744 -65.4022 -65.4253 -65.6551 -65.6860 -65.6684 -60.3351 -60.3346 -60.3382 -60.3457 -60.3568 -66.7284 -67.0024 -67.5121 0.0000 -68.2984 -66.0509
-65.4569 -65.4763 -65.4185 -65.3202 -64.0091 -63.8190 -63.8336 -63.8705 -63.8928 -59.7902 -57.9518 -64.2730 -64.5484 -64.8215 -65.0835 -65.3345 -65.7368 -65.2146 -66.1919 -66.1233 -66.2500 -65.5872 -65.6299 -65.6358 -65.4444 -65.4670 -65.4752 -65.4730 -65.6559 -60.3917 -60.3983 -60.4085 -60.4206 -60.3010 -66.2841 -66.9328 -67.4108 -67.4977 -68.3291 -66.5176
-65.4797 -65.4087 -65.2947 -63.9341 -63.8869 -59.8645 -63.8927 -63.8056 -63.8085 -56.4266 -64.2358 -64.5242 -64.8041 -65.0695 -65.3215 -64.8863 -64.9178 -66.0051 -66.2007 -66.3326 -66.4233 -65.6910 -65.6912 -65.6955 -65.6871 -65.6535 -65.4508 -65.4687 -65.4739 -60.4580 -60.4722 -60.3413 -60.3582 -60.3755 -66.3639 -66.9160 -67.8475 -68.0732 -67.6390 -66.7799
-65.4027 -65.2679 -63.8524 -63.8053 -63.7690 -63.7817 -63.8233 -63.8815 -59.9797 -64.2367 -64.5274 -64.8124 -65.0801 -65.3321 -64.7319 -64.7792 -66.0099 -66.2179 -66.1649 -66.2796 -65.5874 -65.7498 -65.7387 -65.6890 -65.6593 -65.6524 -65.6697 -65.5003 -65.5323 -60.4728 -60.3377 -60.4157 -60.4333 -60.4510 -66.9069 -67.2867 -67.5783 -68.6962 -67.5458 -66.3997
-65.2413 -63.7635 -63.7174 -63.6810 -59.8696 -63.7065 -63.7761 -64.1624 -60.1435 -64.7256 -65.0175 -65.1210 -65.3709 -64.5952 -64.6379 -66.0415 -66.2393 -66.4316 -66.2599 -66.3112 -65.6211 -65.5696 -65.5370 -65.5273 -65.6659 -65.6930 -65.7426 -65.7866 -60.4263 -60.3896 -60.4107 -60.4303 -60.8579 -60.6190 -66.7694 -67.1031 -67.6916 -67.9257 -66.4665 -66.3655
-63.6691 -63.6240 -63.5874 -63.5674 -59.8716 -57.4056 -64.2394 -60.2295 -60.3288 -65.1090 -65.3782 -65.6290 -64.6065 -65.8208 -66.0495 -66.2891 -66.4226 -66.4766 -66.2933 -66.2716 -65.5371 -65.5059 -65.5028 -65.5285 -65.5805 -65.6517 -65.2686 -65.3245 -60.5045 -60.5254 -60.8864 -60.6141 -60.5913 -65.9943 -66.9200 -67.3860 -67.7990 -67.7945 -66.8014 -66.5872
-63.5221 -63.4889 -63.4715 -63.4776 -63.5501 -64.3484 -64.7648 -60.4438 -65.2668 -65.5163 -65.6755 -64.4670 -66.0373 -66.3839 -66.5794 -66.4276 -66.4744 -66.2353 -66.1852 -65.5090 -65.4816 -65.4875 -65.5248 -65.5876 -65.0529 -65.1469 -65.2364 -65.2998 -60.9760 -60.9289 -60.7065 -60.6775 -60.6665 -66.3322 -66.8547 -67.2596 -68.4446 -68.0572 -66.5991 -66.3814
-63.3821 -63.3689 -63.3819 -60.0981 -64.5953 -65.0603 -65.3369 -60.6568 -65.6617 -65.7099 -64.3303 -66.0855 -66.5080 -66.6405 -66.6680 -66.6725 -66.5940 -66.1087 -66.0855 -65.4676 -65.4843 -65.5342 -65.6070 -65.0356 -65.1309 -65.2248 -67.2506 -61.0265 -60.7324 -60.6915 -60.5477 -60.8066 -60.8393 -66.8102 -67.6417 -67.8306 -67.7384 -67.6066 -66.3370 -66.1230
-63.2608 -56.9283 -64.4170 -65.1249 -65.5313 -65.8008 -60.8080 -65.7719 -64.1975 -64.1929 -66.5142 -66.6724 -66.7207 -66.7190 -66.6065 -66.5154 -66.4610 -66.2194 -66.2447 -65.4981 -65.5596 -64.9212 -65.0197 -65.1164 -65.1958 0.0000 -67.1873 -60.7258 -60.5705 -60.8102 -60.8567 -61.0320 -61.0707 -67.7418 -67.9089 -67.4521 -67.2652 -66.0474 -65.8260 -60.3985
-56.7613 -65.6166 -60.9245 -66.2562 -66.3159 -66.0573 -60.8109 -64.0532 -65.7040 -66.7566 -66.8813 -66.8402 -66.7299 -66.5716 -66.4596 -66.4026 -66.1822 -66.2208 -65.7017 -64.9429 -65.0457 -65.0052 -65.1034 -65.1434 -65.4459 -66.9215 -65.3617 -60.9265 -60.9826 -61.1183 -61.1193 -61.1757 -67.4704 -67.5686 -67.3256 -67.0671 -67.0265 -60.2153 -60.3316 -60.3184
-66.0864 -66.3707 -66.5896 -66.4751 -66.0932 -60.8390 -60.1893 -65.6964 -67.0457 -67.1055 -67.0136 -66.7760 -66.5761 -66.4394 -66.3756 -66.3873 -66.2365 -65.2734 -64.9262 -65.0308 -65.1361 -65.2366 -65.2274 -65.0642 -66.1616 -65.0499 -66.3121 -61.2520 -61.3672 -61.3070 -61.3657 0.0000 -68.6421 -67.0138 -66.5850 -60.2343 -60.4159 -60.2365 -60.3114 -60.2247
-67.2001 -61.3718 -66.6333 -66.1083 -65.6164 -60.1812 -67.2057 -67.3554 -67.3919 -67.2226 -66.8972 -66.6424 -66.4740 -66.4018 -66.4188 -65.0682 -65.2217 -61.1213 -61.3656 -65.1250 -65.2071 -65.1625 -65.1260 -65.1041 -69.7162 -67.3445 -61.3674 -61.3739 -61.3532 -61.2116 0.0000 0.0000 -67.1684 -60.0420 -60.1573 -60.2402 -60.3038 -60.1157 -60.1921 -60.2879
-67.8911 -61.3874 -66.3134 -64.5406 -60.1661 -61.4419 -67.4746 -67.5811 -67.5476 -67.1425 -66.8128 -66.5963 -66.5082 -66.5250 -65.1613 -65.1749 -65.3274 -61.2748 -61.4825 -65.1511 -65.0843 -65.0339 -65.0137 0.0000 0.0000 0.0000 0.0000 -61.6735 -61.4359 -61.1029 -67.4648 -60.1248 -60.0014 -60.0896 -60.1441 -60.1654 -60.0681 -60.1459 -60.1346 -60.2532
0.0000 -66.9676 -64.3804 -63.6472 0.0000 0.0000 -69.1391 -67.9451 -67.5865 -67.1522 -66.8659 -66.5807 -64.9227 -65.1028 -65.2809 -65.2876 -65.4381 -61.4115 -61.5589 -64.9930 -61.5529 -57.5761 -57.6856 0.0000 0.0000 0.0000 0.0000 -61.7340 -61.2578 -59.7402 -60.0987 -60.0307 -59.8222 -59.9143 -60.0242 -60.1947 -60.0452 -60.1596 -60.1415 -60.0657
-61.8265 -63.7303 -63.6474 -64.2741 0.0000 0.0000 0.0000 -68.9774 -68.1820 -67.0038 -64.6878 -64.8714 -65.0532 -65.2306 -65.2534 -65.4053 -61.3237 -61.4715 -61.5701 -57.3891 -57.5377 -57.6805 -57.7510 -59.3855 -59.5387 0.0000 0.0000 -57.7850 -57.8739 -59.7797 -59.9471 -59.8927 -59.7723 -59.8960 -59.9304 -60.0955 -59.9978 -59.9675 -59.9821 -65.9541
-63.5957 -63.5392 -64.2062 -64.8595 0.0000 0.0000 0.0000 -69.3644 -64.7064 -64.8451 -64.8266 -65.0097 -65.1896 -65.3663 -65.3804 -65.5273 -61.3362 -61.4196 -57.3776 -57.4930 -57.6060 -57.7837 -59.1045 -59.3293 -59.4071 -59.4905 -59.6196 -57.8181 -57.8355 -59.6264 -59.8059 -59.7207 -59.7484 -59.9120 -59.9373 -59.8936 -59.7792 -65.7628 -65.9303 -65.9261
-63.3666 -64.0619 -64.0289 -64.7474 -65.1279 -65.3159 -65.6481 -64.7142 -64.8892 -65.0475 -65.1974 -65.3758 -65.3323 -65.3605 -65.4755 -65.0800 -57.1199 -57.2840 -57.4636 -57.6142 -57.7037 -57.7424 -59.0750 -59.2850 -59.4140 -59.4728 -57.6829 -57.7026 -57.7522 -59.6444 -59.7361 -59.6924 -59.7195 -59.7215 -59.7225 -65.9494 -65.9168 -65.7292 -65.7206 -65.7134
-63.9461 -63.9255 -64.0897 -64.7980 -65.1587 -65.3650 -65.4622 -64.7870 -64.9793 -65.1686 -65.3557 -65.5497 -65.7199 -65.5842 -57.9547 -57.0296 -57.2311 -57.4496 -57.5477 -57.6065 -57.6778 -57.7754 -59.0939 -59.3010 -59.2541 -59.2526 -57.6426 -57.7409 -59.3304 -59.5638 -59.6378 -59.4902 -59.5001 -66.2796 -66.3919 -65.9401 -65.9088 -65.8800 -65.8539 -65.6779
-63.8249 -63.9586 -64.5975 -64.9648 -65.2995 -65.4458 -64.7659 -64.9573 -65.1461 -65.3308 -65.5112 -65.6874 -57.7379 -57.9221 -58.1025 -57.1801 -57.3640 -57.4402 -57.5197 -57.6156 -57.7062 -57.8070 -58.9990 -59.1044 -59.1235 -59.2089 -57.6311 -57.7301 -59.2800 -59.3569 -59.3964 -65.8391 -65.9655 -66.0906 -66.3672 -65.9192 -65.8900 -65.8629 -65.8520 -66.2403
-63.7695 -64.1978 -64.8532 -65.1936 -65.4704 -65.6534 -64.9554 -65.1395 -65.3213 -65.4997 -65.5816 -65.6636 -63.7972 -57.9868 -58.2159 -57.2254 -57.3671 -57.4473 -57.5280 -57.6583 -57.6654 -58.8134 -58.9278 -59.0766 -59.0433 -59.1276 -57.6021 -57.5900 -59.0897 -66.1214 -66.3712 -65.8111 -65.9279 -66.0436 -66.1573 -65.7550 -66.3571 -66.2838 -66.2155 -68.5647
-64.1052 -64.2873 -65.1383 -65.4617 -65.7225 -65.6353 -65.1641 -65.3267 -65.3960 -65.4596 -65.4564 -63.7817 -63.8285 -63.9595 -60.9312 -57.2366 -57.4000 -57.5470 -57.5646 -57.5605 -57.6053 -58.8228 -58.8758 -59.0021 -58.9459 -57.4695 -61.1261 -61.1654 -65.8193 -66.0628 -65.6653 -65.7712 -65.8791 -66.5868 -66.2062 -66.1463 -66.0901 -66.0548 -69.3869 -68.9002
-64.3884 -65.0772 -65.3989 -65.7569 -65.8613 -65.2172 -65.2595 -65.2723 -65.2437 -63.5347 -63.6769 -63.7353 -63.8691 -63.9631 -60.9991 -61.1487 -61.2972 -61.3280 -61.3570 -57.5983 -57.5842 -58.7803 -58.7656 -58.7467 -65.6173 -61.1672 -61.1938 -65.5692 -65.7876 -65.9958 -66.2706 -66.3212 -66.3756 -66.4317 -66.0604 -66.0051 -66.8916 0.0000 0.0000 0.0000
-64.7923 -65.4411 -65.7379 -65.9628 -65.8462 -65.1413 -65.0802 -63.3095 -63.4452 -63.5845 -63.7270 -63.7580 -63.8351 -63.9131 -61.0344 -61.1978 -61.3027 -61.3338 -61.3785 -61.4230 -58.5101 -58.5804 -65.8798 -65.7243 -65.6586 -61.2141 -61.2122 -66.1651 -66.3862 -66.5919 -66.1278 -66.1713 -66.2188 -66.2671 -66.9201 -66.8344 -66.7618 -68.7031 0.0000 0.0000
-65.1306 -65.7501 -65.8603 -65.7075 -65.4311 -63.1028 -63.2372 -63.3732 -63.5106 -63.6389 -63.7177 -63.7122 -63.7873 -60.9200 -61.0968 -61.2585 -61.3209 -61.3386 -61.3988 -61.9205 -65.6054 -65.9114 -65.9689 -65.8905 -65.5567 -61.4635 -61.4608 -66.1659 -66.2837 -66.3926 -65.9694 -66.0057 -66.0664 -67.2463 -66.7730 -66.6972 -66.6328 -68.4410 -68.4670 -68.5244
-65.5924 -65.5174 -65.4571 -63.2374 -63.0120 -63.1567 -63.3099 -63.4490 -63.5289 -63.6031 -63.6008 -63.6704 -63.7426 -60.9829 -61.1291 -61.2752 -61.3098 -61.8493 -61.9629 -62.0025 -65.8081 -66.0492 -66.7002 -66.5026 -61.5569 -61.5461 -61.4578 -65.9986 -66.0916 -66.1776 -65.7940 -67.0322 -67.0525 -66.7065 -66.6323 -66.5723 -66.5264 -68.1654 -68.1693 -67.8398
-65.1534 -62.9938 -63.1657 -63.2569 -63.0846 -63.2354 -63.3394 -63.4211 -63.4942 -63.5680 -63.5641 -63.6319 -63.7016 -61.0169 -61.1747 -61.8048 -61.9002 -61.9817 -62.0860 -66.5648 -66.8328 -66.7872 -66.5993 -66.3730 -61.5447 -61.5072 -65.8864 -65.9516 -65.8786 -66.8648 -66.8586 -66.8703 -66.8976 -66.5706 -66.5196 -66.4860 -67.5308 -67.9728 -67.7992 -67.7992
-62.8569 -63.0585 -63.2009 -63.2958 -63.1341 -63.2194 -63.3012 -63.3793 -63.4576 -63.5316 -63.5276 -63.5949 -60.9098 -61.6089 -61.8594 -61.9683 -62.4102 -62.5392 -62.6154 -66.7739 -66.8370 -66.6454 -66.3401 -66.0471 -61.4927 -61.4547 -65.6662 -67.2054 -67.3138 -66.8717 -66.7061 -66.7341 -66.7834 -66.4875 -66.4722 -66.4746 -67.5483 -67.8048 -67.8325 -67.7228
-62.9351 -63.1338 -63.2451 -62.9988 -63.0840 -63.1692 -63.2549 -63.3387 -63.4177 -63.4224 -63.4901 -64.6072 -61.6223 -62.2295 -62.5070 -62.6025 -62.6731 -62.7249 -62.6753 -66.7295 -66.5722 -66.2646 -65.9780 -61.4681 -61.4241 -61.3948 -67.0805 -67.0867 -67.1202 -66.7360 -66.7686 -66.6708 -66.7591 -66.4981 -66.5191 -66.5513 -67.6634 -67.8957 -67.8385 -67.7143
-63.0260 -63.1262 -63.1567 -62.9465 -63.0316 -63.1168 -63.2026 -63.2889 -63.3754 -64.4475 -64.9171 -66.6670 -62.5278 -62.7276 -62.8614 -62.8936 -62.8165 -62.7307 -62.5367 -66.3957 -66.1522 -65.8611 -65.5964 -61.3810 -61.9643 -61.9677 -66.9158 -66.9443 -67.0114 -66.6964 -66.7791 -66.8885 -66.7256 -66.6069 -66.6479 -66.6902 -67.8389 -67.9654 -67.8414 -59.6526
-62.9797 -63.0376 -63.0698 -62.8914 -62.9767 -63.0623 -63.1488 -63.2569 -67.0880 -69.5778 -69.3432 -63.1502 -63.1801 -63.2287 -63.0791 -62.9025 -62.7697 -62.6139 -66.1774 -65.9850 -65.7000 -65.4311 -66.9696 -62.0838 -62.0227 -66.8419 -66.8593 -66.9393 -67.0587 -66.8012 -66.9222 -67.0589 -66.8965 -66.9346 -66.9593 -66.7749 -67.8134 -59.5767 -59.7461 -59.8567
-62.9069 -62.9493 -62.7486 -62.8338 -62.9195 -63.0063 -63.0943 0.0000 0.0000 0.0000 0.0000 0.0000 -63.2575 -63.2210 -63.0028 -62.7870 -62.6234 -62.4483 -65.7236 -65.4932 -67.0577 -67.5634 -67.6035 -62.1188 -62.0557 -66.9100 -66.9896 -67.1153 -66.9105 -67.0289 -67.1616 -67.2086 -66.9028 -66.8191 -65.2384 -65.8458 -66.0942 -65.9737 -59.8815 -59.9656
-62.7281 -62.8607 -62.6881 -62.7743 -62.8617 -62.9508 -63.0192 0.0000 0.0000 0.0000 0.0000 0.0000 -63.3933 -63.1455 -62.8611 -62.5982 -62.4043 -62.1855 -65.1962 -68.8609 -68.7332 -68.2441 -62.2854 -62.2083 -62.1633 -67.1878 -67.2925 -67.3633 -66.9795 -66.9198 -66.8874 -65.2182 -65.1375 -65.2035 -65.2694 -65.9110 -66.0799 -66.0782 -66.0540 -60.0272
-62.6428 -62.6865 -62.5417 -62.7109 -62.7634 -62.8230 -62.8962 -63.4702 -63.6610 0.0000 0.0000 0.0000 -63.4176 -63.0563 -62.6060 -62.3107 -62.0823 0.0000 0.0000 -69.7526 -69.3053 -68.5365 -62.4345 -62.3660 -62.2615 -67.1235 -66.9740 -66.8851 -64.8567 -64.9866 -65.1201 -65.1024 -65.1748 -65.2461 -65.3162 -65.9832 -66.0814 -66.0819 -66.0352 -60.1226
-62.5700 -62.3746 -62.4228 -62.4789 -62.6279 -62.7049 -56.1159 -56.2466 -56.4253 -56.5516 0.0000 0.0000 -63.2778 -62.6670 -62.1414 -61.8481 -56.5826 0.0000 0.0000 0.0000 0.0000 -68.8597 -62.4293 -62.2215 -66.6714 -66.4538 -64.7834 -64.9401 -64.9011 -65.0372 -65.1749 -65.1527 -65.2283 -65.2984 -65.3702 -66.0274 -66.0311 -65.9991 -66.0821 -66.0381
