-58.0960 -58.0246 -56.6337 -56.5963 -57.8002 -57.7247 -57.5541 -57.4284 -57.3526 -57.2757 -57.1682 -57.0902 -56.9990 -56.9816 -56.9046 -56.8276 -56.7494 -56.6675 -56.5489 -56.5767 -56.5035 -56.4310 -56.3570 -56.2812 -55.7781 -55.7049 -55.6201 -55.5483 -55.8622 -55.7802 -55.6731 -55.5714 -55.4878 -55.4028 -55.3194 -55.2720 -55.1905 -55.1082 -55.0260 -54.9421
-58.0502 -57.9821 -56.6288 -56.5666 -57.7533 -57.7085 -57.6304 -57.3836 -57.3070 -57.2297 -57.1077 -57.0266 -56.9473 -56.8714 -56.8504 -56.7722 -56.6939 -56.6150 -56.4899 -56.4893 -56.4364 -56.3616 -55.8629 -55.7918 -55.7214 -55.6514 -55.9511 -55.8720 -55.7917 -55.7096 -55.6272 -55.4982 -55.4153 -55.3296 -55.2720 -55.1873 -55.1102 -55.0262 -54.9427 -54.8588
-58.0012 -57.9345 -56.6153 -56.5526 -57.7399 -57.6583 -57.5803 -57.4138 -57.2611 -57.1657 -57.0871 -56.9806 -56.8997 -56.8190 -56.7962 -56.7166 -56.6380 -56.5585 -56.4771 -56.3537 -56.3685 -55.8731 -55.8040 -55.7360 -55.6687 -55.9815 -55.8988 -55.8002 -55.7196 -55.6378 -55.5541 -55.4467 -55.3406 -55.2836 -55.1957 -55.1083 -55.0223 -54.9438 -54.8582 -54.7738
-57.9520 -57.8844 -57.8467 -56.5662 -56.5084 -57.6125 -57.5296 -57.4333 -57.1971 -57.1188 -57.0394 -56.9592 -56.8524 -56.7701 -56.6887 -56.6616 -56.5811 -56.5004 -56.4196 -55.9203 -55.8695 -55.8156 -55.7486 -56.0652 -55.9889 -55.9112 -55.8296 -55.7448 -55.6465 -55.5645 -55.4808 -55.4242 -55.2924 -55.2068 -55.1185 -55.0286 -54.9411 -54.8604 -54.7741 -54.6875
-57.9070 -57.8643 -57.7936 -56.5445 -56.4757 -57.5518 -57.4653 -57.3808 -57.2193 -57.0709 -56.9912 -56.9103 -56.8040 -56.7224 -56.6385 -56.6120 -56.5240 -56.4421 -55.9472 -55.8724 -55.7574 -55.7456 -56.0723 -55.9943 -55.9157 -55.8377 -55.7585 -55.6743 -55.5727 -55.4897 -55.4342 -55.3479 -55.2603 -55.1278 -55.0405 -54.9499 -54.8590 -54.7710 -54.6889 -54.6008
-57.8917 -57.8167 -57.7412 -57.6688 -56.4521 -56.3946 -57.4199 -57.3340 -57.2478 -57.0218 -56.9421 -56.8617 -56.7794 -56.6727 -56.5889 -56.5035 -56.0509 -55.9738 -55.8980 -55.8248 -56.1287 -56.0670 -56.0037 -55.9227 -55.8433 -55.7634 -55.6836 -55.6021 -55.5441 -55.4414 -55.3566 -55.2705 -55.1826 -55.0480 -54.9600 -54.8701 -54.7777 -54.6868 -54.5974 -54.5139
-57.8484 -57.7698 -57.6763 -57.5978 -56.4320 -56.3685 -57.3715 -57.2877 -57.2003 -57.0391 -56.8926 -56.8114 -56.7288 -56.6224 -56.5380 -56.0442 -56.0125 -55.9273 -55.8513 -56.1511 -56.0668 -55.9826 -55.9184 -55.8527 -55.7704 -55.6890 -55.6078 -55.5538 -55.4686 -55.3804 -55.2780 -55.1915 -55.1036 -55.0140 -54.8784 -54.7887 -54.6963 -54.6020 -54.5116 -54.4205
-57.7892 -57.7084 -57.6279 -57.5491 -57.4705 -56.3406 -56.2821 -57.2376 -57.1540 -57.0651 -56.8431 -56.7599 -56.6773 -56.1798 -56.0800 -56.0018 -55.9251 -56.2629 -56.1750 -56.0903 -56.0040 -55.9185 -55.8484 -55.7670 -55.6983 -55.6424 -55.5586 -55.4753 -55.3912 -55.3032 -55.2003 -55.1114 -55.0231 -54.9334 -54.7975 -54.7054 -54.6139 -54.5189 -54.4242 -54.3327
-57.7425 -57.6646 -57.5840 -57.5019 -57.4206 -56.3142 -56.2470 -57.1835 -57.1019 -57.0172 -56.7990 -56.2959 -56.2133 -56.1369 -56.0591 -55.9610 -56.2551 -56.2146 -56.1172 -56.0280 -55.9419 -55.8541 -55.7678 -55.6958 -55.6543 -55.5672 -55.4816 -55.3961 -55.3113 -55.2245 -55.1346 -55.0308 -54.9415 -54.8515 -54.7599 -54.6212 -54.5288 -54.4347 -54.3323 -54.2378
-57.6940 -57.6180 -57.5392 -57.4571 -57.3733 -57.2904 -56.2192 -56.1610 -57.0457 -56.9630 -56.4511 -56.2537 -56.1722 -56.0952 -56.3958 -56.2890 -56.2011 -56.1120 -56.0619 -55.9689 -55.8781 -55.7904 -55.7009 -55.6942 -55.5657 -55.4935 -55.4045 -55.3177 -55.2304 -55.1440 -55.0545 -54.9627 -54.8579 -54.7680 -54.6763 -54.5593 -54.4428 -54.3427 -54.2461 -54.1484
-57.6449 -57.5684 -57.4910 -57.4121 -57.3284 -57.2430 -56.1976 -56.1260 -56.5603 -56.4814 -56.4052 -56.2193 -56.1365 -56.4300 -56.3405 -56.2534 -56.1461 -56.0566 -56.0098 -55.9108 -55.8174 -55.7515 -55.6614 -55.5705 -55.4886 -55.4187 -55.3295 -55.2386 -55.1505 -55.0615 -54.9727 -54.8811 -54.7876 -54.6821 -54.5908 -54.4976 -54.3528 -54.2551 -54.1643 -54.0650
-57.5995 -57.5199 -57.4411 -57.3620 -57.2811 -57.1963 -56.1787 -55.7482 -55.6936 -56.4355 -56.3598 -56.6723 -56.4718 -56.3817 -56.2886 -56.1968 -56.1082 -56.0002 -55.9089 -55.8577 -55.7837 -55.6881 -55.5933 -55.5016 -55.4593 -55.3261 -55.2537 -55.1622 -55.0693 -54.9799 -54.8894 -54.7978 -54.7043 -54.5984 -54.4976 -54.4045 -54.2862 -54.1730 -54.0745 -53.9759
-57.5565 -57.4745 -56.9749 -56.8932 -56.8011 -56.7159 -56.6357 -55.7340 -55.6668 -56.3949 -56.7013 -56.6128 -56.4155 -56.3299 -56.2390 -56.1445 -56.0501 -55.9424 -55.8771 -55.8239 -55.7227 -55.6258 -55.5284 -55.4319 -55.3392 -55.2928 -55.1604 -55.0850 -54.9916 -54.8972 -54.8059 -54.7134 -54.6195 -54.5184 -54.4114 -54.3156 -54.2257 -54.0864 -53.9837 -53.8845
-57.0981 -57.0117 -56.9171 -56.8293 -56.7481 -56.6708 -56.5950 -55.7154 -55.9669 -56.7389 -56.6473 -56.5562 -56.4653 -56.2721 -56.1852 -56.0931 -55.9970 -55.9260 -55.8167 -55.7228 -55.6654 -55.5625 -55.4647 -55.3654 -55.2671 -55.2186 -55.0790 -55.0031 -54.9129 -54.8174 -54.7216 -54.6228 -54.5280 -54.4323 -54.3400 -54.2315 -54.1346 -54.0138 -53.8947 -53.7916
-57.0434 -56.9491 -56.8671 -56.7876 -56.7093 -56.6306 -56.5537 -56.8666 -55.9431 -55.8680 -56.5948 -56.5012 -56.4085 -56.2137 -56.1256 -56.0369 -55.9696 -55.8710 -55.7555 -55.6609 -55.6023 -55.4993 -55.3992 -55.3003 -55.1990 -55.0996 -55.0470 -54.9082 -54.8297 -54.7372 -54.6342 -54.5371 -54.4418 -54.3498 -54.2519 -54.1434 -54.0424 -53.9445 -53.8042 -53.6988
-56.9832 -56.9016 -56.8250 -56.7497 -56.6744 -56.9881 -56.8991 -56.8118 -55.9148 -55.8366 -56.5449 -56.4482 -56.3522 -56.2579 -56.0920 -56.0010 -55.9099 -55.8155 -55.7152 -55.5986 -55.5017 -55.4390 -55.3342 -55.2333 -55.1325 -55.0292 -54.9699 -54.8718 -54.7287 -54.6476 -54.5528 -54.4582 -54.3594 -54.2613 -54.1624 -54.0624 -53.9524 -53.8498 -53.7262 -53.6063
-56.9368 -56.8629 -56.7872 -56.7114 -57.0271 -56.9404 -56.8504 -56.7589 -56.6691 -55.8014 -55.7264 -56.3964 -56.2986 -56.2266 -56.0351 -55.9397 -55.8465 -55.7535 -55.6582 -55.5562 -55.4384 -55.3730 -55.2723 -55.1660 -55.0639 -54.9612 -54.8564 -54.7877 -54.6436 -54.5610 -54.4723 -54.3749 -54.2729 -54.1726 -54.0719 -53.9711 -53.8689 -53.7573 -53.6538 -53.5387
-56.8979 -56.8258 -57.1460 -57.0609 -56.9754 -56.8890 -56.8011 -56.7100 -56.6168 -55.7648 -55.6843 -56.3688 -56.2708 -56.1711 -55.9816 -55.8819 -55.7847 -55.6886 -55.5939 -55.4972 -55.3799 -55.2747 -55.2046 -55.0982 -54.9942 -54.8862 -54.7811 -54.6748 -54.6074 -54.4689 -54.3838 -54.2880 -54.1880 -54.0837 -53.9813 -53.8786 -53.7757 -53.6768 -53.5710 -53.4414
-56.8638 -57.1809 -57.0958 -57.0106 -56.9241 -56.8364 -56.7483 -56.6589 -56.5666 -55.7362 -55.6687 -55.5937 -56.2135 -56.1148 -56.0139 -55.8249 -55.7255 -55.6264 -55.5275 -55.4309 -55.3326 -55.2147 -55.1386 -55.0328 -54.9194 -54.8140 -54.7095 -54.6081 -54.5354 -54.4279 -54.2853 -54.1976 -54.0998 -53.9971 -53.8904 -53.7861 -53.6942 -53.5890 -53.4751 -53.3668
-57.2212 -57.1348 -57.0472 -56.9596 -56.8726 -56.7844 -56.6944 -56.6045 -56.5398 -56.4460 -55.6381 -55.5500 -56.1539 -56.0553 -55.9553 -55.7696 -55.6677 -55.5658 -55.4648 -55.3633 -55.2644 -55.1644 -55.0460 -54.9608 -54.8492 -54.7424 -54.6405 -54.5340 -54.4261 -54.3492 -54.1947 -54.1065 -54.0075 -53.9076 -53.8151 -53.7053 -53.5993 -53.4922 -53.3846 -53.2688
-57.1749 -57.0884 -57.0012 -56.9119 -56.8214 -56.7317 -56.6417 -56.5761 -56.4830 -56.3895 -55.6060 -55.5137 -55.4319 -55.9945 -55.8942 -55.7928 -55.6099 -55.5071 -55.4029 -55.2998 -55.1958 -55.0893 -54.9754 -54.8969 -54.7896 -54.6752 -54.5663 -54.4581 -54.3498 -54.2729 -54.1589 -54.0052 -53.9143 -53.8261 -53.7239 -53.6153 -53.5027 -53.3951 -53.2858 -53.1756
-57.1285 -57.0414 -56.9530 -56.8647 -56.7736 -56.6812 -56.6138 -56.5210 -56.4271 -56.3315 -56.2361 -55.4790 -55.3937 -55.9388 -55.8330 -55.7301 -55.5489 -55.4477 -55.3431 -55.2369 -55.1263 -55.0200 -54.9160 -54.8054 -54.7237 -54.6095 -54.4925 -54.3813 -54.2718 -54.1616 -54.0804 -53.9648 -53.8322 -53.7305 -53.6273 -53.5227 -53.4109 -53.2963 -53.1864 -53.0747
-57.0862 -56.9950 -56.9049 -56.8147 -56.7507 -56.6579 -56.5630 -56.4669 -56.3711 -56.2749 -56.1775 -55.4366 -55.3480 -55.8837 -55.7769 -55.6687 -55.5628 -55.3842 -55.2768 -55.1706 -55.0626 -54.9546 -54.8507 -54.7435 -54.6524 -54.5418 -54.4226 -54.3059 -54.1933 -54.0819 -54.0118 -53.8964 -53.7323 -53.6334 -53.5295 -53.4241 -53.3172 -53.2017 -53.0854 -52.9731
-57.0454 -56.9530 -56.8593 -56.7915 -56.6986 -56.6060 -56.5121 -56.4155 -56.3174 -56.2187 -56.1205 -56.0206 -55.3075 -55.2206 -55.7196 -55.6119 -55.5019 -55.3154 -55.2112 -55.1073 -55.0044 -54.8944 -54.7836 -54.6728 -54.5520 -54.4678 -54.3558 -54.2347 -54.1154 -54.0137 -53.9001 -53.8129 -53.6949 -53.5316 -53.4300 -53.3240 -53.2163 -53.1068 -52.9879 -52.8698
-57.0015 -56.9368 -56.8425 -56.7463 -56.6492 -56.5531 -56.4585 -56.3627 -56.2650 -56.1651 -56.0639 -55.9631 -55.2648 -55.1712 -55.6578 -55.5472 -55.4387 -55.3270 -55.1464 -55.0445 -54.9386 -54.8294 -54.7175 -54.6042 -54.4910 -54.3910 -54.2794 -54.1760 -54.0553 -53.9328 -53.8172 -53.7282 -53.6095 -53.4888 -53.3331 -53.2220 -53.1137 -53.0038 -52.8909 -52.7691
-56.9807 -56.8894 -56.7970 -56.7020 -56.6040 -56.5047 -56.4049 -56.3081 -56.2103 -56.1113 -56.0096 -55.9064 -55.8025 -55.1311 -55.0346 -55.4843 -55.3764 -55.2722 -55.0925 -54.9788 -54.8693 -54.7612 -54.6506 -54.5367 -54.4208 -54.2958 -54.2139 -54.0993 -53.9809 -53.8585 -53.7339 -53.6159 -53.5230 -53.4016 -53.2319 -53.1228 -53.0092 -52.8984 -52.7863 -52.6700
-56.9354 -56.8413 -56.7476 -56.6534 -56.5576 -56.4588 -56.3577 -56.2552 -56.1547 -56.0550 -55.9539 -55.8510 -55.7412 -55.0818 -54.9854 -55.4241 -55.3183 -55.2080 -55.0966 -54.9193 -54.8035 -54.6903 -54.5800 -54.4677 -54.3521 -54.2464 -54.1403 -54.0199 -53.9000 -53.7813 -53.6572 -53.5315 -53.4352 -53.3132 -53.1888 -53.0198 -52.9076 -52.7915 -52.6782 -52.5628
-56.8898 -56.7955 -56.7001 -56.6029 -56.5069 -56.4097 -56.3103 -56.2077 -56.1032 -55.9989 -55.8967 -55.7884 -55.6841 -55.0421 -54.9431 -54.8509 -55.2570 -55.1446 -55.0315 -54.8572 -54.7427 -54.6244 -54.5077 -54.4076 -54.2930 -54.1750 -54.0547 -53.9448 -53.8218 -53.6982 -53.5771 -53.4512 -53.3240 -53.2234 -53.0984 -52.9711 -52.8085 -52.6875 -52.5684 -52.4524
-56.8421 -56.7483 -56.6530 -56.5557 -56.4571 -56.3574 -56.2583 -56.1579 -56.0546 -55.9482 -55.8362 -55.7302 -55.6252 -55.5233 -54.9025 -54.8012 -55.1948 -55.0816 -54.9673 -54.7937 -54.6784 -54.5628 -54.4547 -54.3346 -54.2179 -54.1009 -53.9811 -53.8699 -53.7450 -53.6193 -53.4921 -53.3683 -53.2407 -53.1346 -53.0066 -52.8787 -52.7020 -52.5856 -52.4617 -52.3404
-56.7949 -56.7000 -56.6038 -56.5073 -56.4086 -56.3081 -56.2060 -56.1038 -55.9964 -55.8925 -55.7852 -55.6763 -55.5716 -55.4633 -54.8554 -54.7543 -54.6569 -55.0190 -54.9027 -54.7864 -54.6255 -54.5085 -54.3903 -54.2683 -54.1460 -54.0243 -53.9045 -53.7827 -53.6683 -53.5407 -53.4103 -53.2812 -53.1546 -53.0259 -52.9158 -52.7843 -52.6533 -52.4777 -52.3578 -52.2310
-56.7501 -56.6526 -56.5551 -56.4572 -56.3580 -56.2585 -56.1561 -56.0471 -55.9416 -55.8371 -55.7363 -55.6285 -55.5176 -55.4058 -55.2932 -54.7082 -54.6046 -54.9579 -54.8399 -54.7335 -54.5609 -54.4416 -54.3214 -54.2008 -54.0780 -53.9533 -53.8272 -53.7043 -53.5972 -53.4620 -53.3319 -53.1985 -53.0655 -52.9358 -52.8263 -52.6921 -52.5571 -52.3734 -52.2528 -52.1245
-56.7080 -56.6089 -56.5086 -56.4081 -56.3078 -56.2015 -56.0991 -55.9962 -55.8905 -55.7879 -55.6791 -55.5715 -55.4623 -55.3507 -55.2369 -54.6625 -54.5538 -54.4564 -54.7900 -54.6699 -54.5479 -54.3745 -54.2535 -54.1303 -54.0070 -53.8830 -53.7561 -53.6269 -53.5001 -53.3820 -53.2507 -53.1160 -52.9814 -52.8451 -52.7119 -52.6000 -52.4630 -52.3244 -52.1412 -52.0172
-56.6654 -56.5665 -56.4656 -56.3637 -56.2554 -56.1513 -56.0475 -55.9479 -55.8422 -55.7353 -55.6258 -55.5147 -55.4031 -55.2919 -55.1796 -55.0645 -54.5205 -54.4128 -54.7252 -54.6048 -54.4828 -54.3089 -54.1847 -54.0611 -53.9356 -53.8090 -53.6826 -53.5544 -53.4226 -53.3068 -53.1692 -53.0354 -52.8974 -52.7596 -52.6203 -52.5017 -52.3678 -52.2281 -52.0859 -51.9076
-56.6211 -56.5217 -56.4167 -56.3146 -56.2109 -56.1060 -56.0044 -55.8969 -55.7894 -55.6806 -55.5715 -55.4605 -55.3472 -55.2322 -55.1181 -55.0167 -54.4732 -54.3620 -54.6622 -54.5387 -54.4160 -54.2916 -54.1185 -53.9916 -53.8643 -53.7363 -53.6064 -53.4777 -53.3476 -53.2130 -53.0855 -52.9519 -52.8155 -52.6744 -52.5329 -52.3898 -52.2669 -52.1296 -51.9874 -51.7910
-56.5795 -56.4723 -56.3705 -56.2685 -56.1653 -56.0652 -55.9581 -55.8498 -55.7399 -55.6290 -55.5181 -55.4054 -55.2918 -55.1899 -55.0724 -54.9533 -54.4299 -54.3137 -54.2041 -54.4768 -54.3493 -54.2233 -54.0508 -53.9236 -53.7942 -53.6630 -53.5320 -53.3991 -53.2678 -53.1357 -53.0133 -52.8670 -52.7293 -52.5887 -52.4459 -52.3013 -52.1713 -52.0265 -51.8854 -51.7405
-55.9137 -56.4308 -56.3272 -56.2277 -56.1227 -56.0174 -55.9108 -55.8025 -55.6920 -55.5802 -55.4667 -55.3526 -55.2512 -55.1345 -55.0167 -54.8958 -54.7739 -54.2572 -54.1463 -54.4147 -54.2875 -54.1575 -54.0267 -53.8543 -53.7237 -53.5918 -53.4578 -53.3233 -53.1876 -53.0533 -52.9183 -52.7929 -52.6440 -52.5012 -52.3576 -52.2120 -52.0637 -51.9293 -51.7812 -51.6357
-55.8901 -56.3889 -56.2890 -56.1838 -56.0778 -55.9703 -55.8619 -55.7532 -55.6431 -55.5312 -55.4308 -55.3150 -55.1977 -55.0796 -54.9608 -54.8401 -54.7181 -54.2109 -54.0921 -53.9789 -54.2211 -54.0941 -53.9618 -53.7853 -53.6530 -53.5199 -53.3851 -53.2482 -53.1095 -52.9711 -52.8339 -52.7088 -52.5617 -52.4154 -52.2662 -52.1209 -51.9723 -51.8351 -51.6821 -51.5298
-55.8705 -55.7756 -56.2470 -56.1403 -56.0323 -55.9248 -55.8156 -55.7047 -55.5927 -55.4941 -55.3800 -55.2641 -55.1460 -55.0265 -54.9052 -54.7834 -54.6605 -54.5356 -54.0448 -53.9236 -54.1529 -54.0241 -53.8942 -53.7614 -53.5853 -53.4476 -53.3116 -53.1733 -53.0336 -52.8916 -52.7492 -52.6096 -52.4800 -52.3301 -52.1811 -52.0277 -51.8779 -51.7263 -51.5842 -51.4282
-55.8432 -55.7417 -56.2049 -56.0977 -55.9891 -55.8792 -55.7683 -55.6580 -55.5586 -55.4439 -55.3279 -55.2115 -55.0936 -54.9737 -54.8516 -54.7281 -54.6027 -54.4769 -53.9948 -53.8739 -53.7543 -53.9590 -53.8254 -53.6928 -53.5200 -53.3806 -53.2396 -53.0984 -52.9570 -52.8137 -52.6687 -52.5223 -52.3914 -52.2457 -52.0927 -51.9408 -51.7839 -51.6286 -51.4864 -51.3260
-55.8172 -55.7135 -56.1596 -56.0530 -55.9451 -55.8352 -55.7373 -55.6238 -55.5097 -55.3950 -55.2783 -55.1598 -55.0398 -54.9194 -54.7974 -54.6733 -54.5471 -54.4194 -53.9711 -53.8236 -53.6998 -53.8966 -53.7613 -53.6243 -53.4510 -53.3142 -53.1748 -53.0293 -52.8813 -52.7357 -52.5886 -52.4401 -52.2905 -52.1546 -52.0012 -51.8493 -51.6928 -51.5330 -51.3717 -51.2249
