-67.6781 -67.6716 -67.6653 -67.6605 -67.6563 -67.6520 -67.6477 -67.6435 -67.6433 -67.6369 -67.6313 -67.6467 -67.6795 -77.7604 -80.7792 -86.5005 0.0000 -77.5737 -76.6052 -67.6335 -67.6324 -67.6852 -67.6937 -76.5154 -85.7210 0.0000 -81.4673 -79.3580 -79.2757 -75.9880 -75.6783 -75.3122 -67.4932 -75.0125 -75.4663 -75.3723 -67.4909 -75.2097 -75.7983 -75.3766
-67.7053 -67.6988 -67.6928 -67.6885 -67.6841 -67.6796 -67.6760 -67.6731 -67.6676 -67.6644 -67.6735 -67.6706 -67.7573 -77.6945 -79.6874 -80.5073 -77.6557 -76.9765 -76.0161 -67.7167 -67.7222 -67.6612 -75.9528 -76.8879 0.0000 0.0000 0.0000 -79.1930 -76.2142 -75.9384 -75.6173 -75.2600 -67.5464 -75.2701 -75.6724 -75.3167 -67.5456 -75.3507 -75.7349 -75.5242
-67.8002 -67.7252 -67.7200 -67.7156 -67.7110 -67.7070 -67.7022 -67.6874 -67.6842 -67.6905 -67.6872 -67.7242 -76.2688 -77.5332 -78.8879 -77.3776 -76.8884 -76.2314 -67.7559 -67.7603 -67.7652 -67.7708 -76.3066 -76.4403 0.0000 0.0000 0.0000 -76.4225 -76.1650 -75.8791 -75.5629 -75.2167 -75.1281 -75.4938 -75.6668 -75.2479 -75.1151 -75.7783 0.0000 -75.6463
-67.8445 -67.8248 -67.8156 -67.8063 -67.7948 -67.7225 -67.7177 -67.7153 -67.7194 -67.7152 -67.7122 -67.7491 -76.3710 -77.3247 -77.2963 -76.9135 -76.4153 -75.7871 -67.7431 -67.8029 -67.8071 -67.8366 -76.5951 -77.5840 -81.4748 -82.1388 0.0000 0.0000 -76.1350 -75.8500 -75.5384 -67.6504 -75.3551 -75.7280 -75.6200 -67.6292 0.0000 -77.2610 0.0000 -67.7882
-67.8781 -67.8700 -67.8632 -67.8551 -67.8464 -67.8369 -67.8293 -67.8237 -67.7433 -67.7394 -67.7634 -75.6912 -76.4810 -77.2118 -76.8983 -76.5024 -76.0178 -67.7639 -67.7662 -67.7687 -67.7722 -76.2421 0.0000 0.0000 0.0000 0.0000 -81.1974 -76.3375 -76.0792 -75.7979 -75.4942 -67.6974 -75.5569 -75.9045 -75.6506 -67.7889 -82.3373 0.0000 0.0000 0.0000
-67.9128 -67.9137 -67.9087 -67.9021 -67.8936 -67.8919 -67.8928 -67.8853 -67.8740 -67.8638 -67.8917 -75.8683 -76.5304 -76.8485 -76.5189 -76.1273 -75.6657 -67.7847 -67.7866 -67.7894 -67.7931 -75.8406 0.0000 0.0000 0.0000 -87.6041 -76.5352 -76.2268 -76.0085 -75.7495 -67.7418 -75.6455 -75.8289 -76.4264 -76.2640 -75.8467 -80.4933 0.0000 0.0000 0.0000
-67.9422 -67.9435 -67.9455 -67.9485 -67.9538 -67.9290 -67.9286 -67.9263 -67.9534 -68.0028 0.0000 0.0000 -76.5235 -76.4930 -76.1700 -75.7949 -75.3672 -67.8027 -67.8047 -67.8074 -75.4861 -78.7919 -81.1497 -81.6400 0.0000 -78.7196 -76.4641 -76.2289 -75.9758 -75.6370 -67.7952 -76.0306 0.0000 0.0000 0.0000 0.0000 -79.1224 0.0000 -75.7767 -75.7563
-67.9733 -67.9746 -67.9772 -67.9829 -67.9924 -67.9944 -67.9996 -67.9674 -67.9832 0.0000 0.0000 0.0000 0.0000 -76.1700 -75.8566 -75.5002 -67.8172 -67.8183 -67.8197 -67.8261 -75.5202 -78.5464 -80.0587 -80.8941 -80.4962 -76.6144 -76.4115 -76.3422 -76.0911 -76.0852 -68.0574 -75.8772 0.0000 0.0000 0.0000 0.0000 -75.3474 -74.8775 -75.2976 -75.3010
-68.0074 -68.0093 -68.0177 -68.0336 -68.0388 -68.0407 -68.0390 -68.0523 -68.0378 -82.8449 0.0000 0.0000 -80.0035 -75.8738 -75.5714 -75.2352 -67.8307 -67.8307 -67.8353 -67.8605 -75.5159 -78.2380 -79.0869 -79.5945 -76.4949 -76.4538 -76.3224 -76.1937 -76.3310 -67.9529 -76.3059 -80.5157 0.0000 -82.3982 0.0000 0.0000 -75.1570 -74.7283 -75.0991 -75.1133
-68.0479 -68.0652 -68.0676 -68.0584 -68.0654 -68.0754 -68.0825 0.0000 0.0000 0.0000 -82.8559 0.0000 -75.8621 -75.5995 -75.3085 -67.8419 -67.8407 -67.8396 -67.8430 -75.1577 -76.9828 -77.7505 -78.4600 -76.5515 -76.2335 -76.1160 -76.0087 -75.8973 -75.8197 -68.0027 -76.5127 -86.4501 0.0000 0.0000 -75.5147 -75.0358 -74.9602 -74.9091 -74.7505 -74.9174
-68.1039 -68.1058 -68.1078 -68.1120 -68.1032 -68.0965 -68.1345 0.0000 0.0000 0.0000 0.0000 -77.4564 -75.5986 -75.3425 -75.0641 -67.8504 -67.8474 -67.8485 -67.8459 -75.0647 -76.8463 -77.4676 -77.6930 -75.9788 -75.8607 -75.7480 -75.5034 -75.5601 -75.5123 -75.6262 0.0000 0.0000 0.0000 0.0000 0.0000 -74.8465 -74.7651 -74.7151 -74.6162 -74.7064
-68.1413 -68.1445 -68.1498 -68.1523 -68.1532 -68.1800 -79.0563 0.0000 0.0000 0.0000 0.0000 -75.5791 -75.3493 -75.1004 -67.8596 -67.8553 -67.8538 -67.8396 -74.7807 -74.9699 -76.6539 -77.1030 -75.7396 -75.5983 -75.4628 -75.2077 -75.2225 -75.1269 -67.8642 -75.2799 -80.4328 -82.6229 0.0000 0.0000 -74.7695 -74.6692 -74.5884 -74.5444 -74.4910 -74.4715
-68.1614 -68.1645 -68.1702 -68.1907 -68.1943 -84.4832 0.0000 0.0000 -80.9027 -80.9958 -78.7101 -76.4432 -76.2738 -76.0866 -68.1026 -68.1486 -68.1410 -68.1361 0.0000 -74.8502 -76.3671 -74.4998 -74.2674 -74.1354 -73.9140 -73.8757 -73.7439 -73.6084 -67.5516 -73.5880 -75.8553 -75.8196 -75.5525 -74.7189 -74.6091 -74.5087 -74.4334 -74.3946 -74.3069 -74.3525
-68.1771 -68.1800 -68.1850 -68.1902 -68.2493 0.0000 0.0000 0.0000 -79.8499 -78.2705 -76.2655 -76.1184 -75.9603 -75.7892 -68.1048 -68.1247 -68.1922 -83.8162 0.0000 0.0000 -74.5144 -74.2873 -74.1596 -74.0305 -73.7722 -73.6497 -73.5237 -73.3907 -73.3406 -73.4377 -75.3783 -75.3240 -75.3188 -74.5729 -74.4624 -74.3660 -74.2960 -74.1806 -73.9155 -73.9653
-68.2451 -68.2333 -68.1933 -68.2099 -78.7455 0.0000 0.0000 0.0000 -77.8420 -76.0510 -75.9056 -75.7555 -75.5876 -68.0733 -68.1034 -68.1335 -68.1721 0.0000 0.0000 0.0000 0.0000 -74.0593 -73.9451 -73.8351 -73.7184 -73.5988 -73.4714 -67.5636 -73.3600 -74.7180 -75.1547 -74.8383 -74.2621 -74.1535 -74.0477 -73.9629 -73.8283 -73.8211 -73.8525 -73.9028
-68.2813 -68.2926 -68.3020 0.0000 -78.9440 -82.2881 -84.2410 0.0000 -77.0705 -75.6738 -75.5081 -75.3365 -75.1653 -68.0486 -68.0641 -68.0896 -77.5563 -81.5185 0.0000 0.0000 -74.0191 -73.9985 -73.8930 -73.5574 -73.4481 -73.3317 -73.2096 -67.5258 -73.1440 -74.3958 -74.7026 -74.2659 -74.1571 -74.0464 -73.9488 -73.7944 -73.7586 -74.0388 -74.0791 -74.1351
-68.3212 -68.3308 -68.3514 -84.6150 0.0000 0.0000 0.0000 -76.7918 -75.4256 -75.2474 -75.0594 -73.9319 -67.7615 -67.7609 -67.7510 -67.7410 -74.7558 -75.1409 -75.4055 -73.8378 -73.8226 -73.7253 -72.4441 -72.3519 -72.2567 -72.1509 -67.2222 -71.9987 -72.0282 -72.9109 -73.0327 -72.9403 -72.8442 -72.7536 -72.6148 -72.5575 -72.5300 -72.5282 -72.5441 -72.5680
-68.2235 -68.3679 -68.4106 0.0000 0.0000 0.0000 -79.1557 -76.1207 -76.1082 -76.0799 -75.9786 -75.8764 -68.2401 -68.2626 -68.2761 -68.3273 0.0000 0.0000 0.0000 -72.6662 -72.5841 -72.4985 -72.4099 -72.5016 -74.8320 -75.6133 -67.2951 -72.1755 -72.8376 -73.0504 -72.9576 -72.8648 -72.7727 -72.6284 -72.5579 -72.5119 -72.4915 -72.4938 -72.5103 -72.5323
-68.2338 -68.2461 -77.7429 -80.9600 -85.3889 0.0000 -77.4454 -76.0844 -75.9967 -75.9047 -75.8140 -75.7911 -68.2615 -68.2857 -68.3115 -78.8370 -85.6621 0.0000 0.0000 -75.0055 -75.0524 -75.1343 -75.2695 -75.4667 -75.7803 -76.5522 0.0000 0.0000 0.0000 -72.9795 -72.8887 -72.7360 -72.6508 -72.5719 -72.5113 -72.4729 -72.4586 -72.4637 -72.4799 -72.4998
-68.4073 -68.3991 -78.5919 -82.3512 -79.9300 -79.7813 -76.3953 -76.3134 -76.2302 -76.1460 -76.5854 -68.2645 -68.2804 -68.3043 -68.3325 -78.5713 -81.8761 0.0000 0.0000 -75.4238 -75.4939 -75.2703 -75.3403 -75.4484 -76.1012 0.0000 0.0000 0.0000 -72.9020 -72.9146 -72.7628 -72.6785 -72.5950 -72.5245 -72.4709 -72.4395 -72.4302 -72.4370 -72.4523 -72.4701
-68.4894 -77.5895 0.0000 0.0000 0.0000 -76.3192 -76.2255 -76.1465 -76.0680 -75.9911 -75.9542 -68.3423 -68.3641 -68.4191 -77.0314 0.0000 0.0000 -78.4146 -75.7012 -75.7549 -75.8324 -75.9225 -76.0292 -76.1444 -74.9879 -79.3149 -81.3779 0.0000 -72.9083 -72.7929 -72.7091 -72.6239 -72.5474 -72.4825 -72.4357 -72.4108 -72.4053 -72.4251 -72.4393 -72.4547
-68.5120 -81.6751 0.0000 0.0000 0.0000 -76.1668 -76.0896 -76.0131 -75.9382 -75.8875 -68.3411 -68.3616 -68.3852 -68.4117 -77.3370 0.0000 0.0000 0.0000 0.0000 -76.0173 -76.0771 -76.1449 -76.2156 -76.7929 0.0000 0.0000 0.0000 -73.6126 -74.3307 -74.2424 -74.1503 -74.0670 -73.9941 -73.9401 -73.9133 -73.9163 -73.9440 -73.9881 -74.0402 -74.0946
-79.4667 -81.3931 0.0000 0.0000 0.0000 -76.0764 -76.0016 -75.9280 -75.8583 -75.8000 -68.3671 -68.3879 -68.4125 -68.4722 -77.7192 -84.5519 0.0000 0.0000 0.0000 -76.2129 -76.2554 -76.2981 -76.3358 -81.0141 0.0000 0.0000 0.0000 0.0000 -75.7541 -75.7186 -75.7103 -75.7501 -76.1659 -76.5523 -77.3473 -78.8162 0.0000 0.0000 -74.1249 -74.1700
-77.2609 -78.2726 -79.3434 -79.1337 -79.2813 -76.0409 -75.9700 -75.9008 -75.8330 -68.4078 -68.4024 -68.4236 -68.4481 -76.7347 -77.9302 -82.9877 -85.8320 0.0000 0.0000 -76.3613 -76.3852 -76.4046 -76.5298 -80.7897 0.0000 0.0000 0.0000 -76.4059 -76.4093 -76.4410 -76.5171 -76.6634 -76.9192 -77.3302 -78.2742 -78.8855 0.0000 0.0000 -74.0915 -74.1278
-78.4339 -79.4445 -80.7189 -82.2034 0.0000 -76.0545 -75.9831 -75.9153 -75.8530 -68.4280 -68.4447 -68.4668 -68.5000 -77.1578 -78.1793 0.0000 -83.8417 -85.6596 -78.9513 -76.4738 -76.4803 -76.4847 -79.1230 0.0000 -78.4220 -78.5036 -77.3648 -76.2545 -76.2144 -76.1977 -76.2151 -76.2935 -76.4845 -77.1114 -77.9498 0.0000 0.0000 0.0000 -74.0589 -74.0867
-78.3013 -80.0299 -81.5029 0.0000 0.0000 0.0000 -76.0272 -75.9631 -75.9096 -68.4764 -68.4938 -68.5245 -76.5356 -77.4383 -85.6751 0.0000 0.0000 0.0000 -76.5622 -76.5594 -76.5504 -76.7544 -83.2694 0.0000 0.0000 0.0000 0.0000 -74.5432 -74.4531 -74.3640 -74.2810 -74.2139 -74.2847 -74.2827 -74.3038 -75.3266 -75.6338 -74.7724 -74.0263 -74.0292
-78.9561 -80.5784 0.0000 0.0000 0.0000 0.0000 -76.0880 -76.0272 -81.3730 0.0000 -68.5542 -68.5705 -76.9236 -77.1285 0.0000 0.0000 0.0000 0.0000 -76.5621 -76.5527 -76.7235 -76.8569 -83.2799 0.0000 0.0000 0.0000 -76.2685 -76.1971 -76.0868 -76.1185 -76.2085 -76.5125 -76.7521 -76.8263 -77.5759 -81.0881 0.0000 0.0000 0.0000 -73.9118
-79.1315 -80.2101 -81.2892 0.0000 0.0000 -78.7199 -77.2073 0.0000 0.0000 0.0000 -68.6006 0.0000 0.0000 0.0000 -81.5291 0.0000 0.0000 -76.3972 -76.3390 -76.2869 -76.2758 -79.4297 -80.6964 -82.9505 0.0000 0.0000 -74.9795 -74.8940 -76.4142 -76.3872 -76.7320 -76.0613 -76.4301 -76.8653 -77.5138 -81.9392 0.0000 0.0000 0.0000 -72.2432
-78.8613 -79.7277 -80.6299 -79.2599 -80.3329 -77.2341 0.0000 0.0000 0.0000 -68.6328 -79.5174 0.0000 0.0000 0.0000 -79.6038 -80.0838 -80.1805 -76.1417 -76.0418 -75.9404 -75.8591 -78.4035 -76.3535 -81.1271 -82.0398 -77.7283 -76.1432 -76.1789 -76.3787 -76.4980 -76.7199 -76.9736 -77.3263 -77.7831 -76.7586 -80.0274 0.0000 0.0000 0.0000 -72.2128
-77.7474 -78.2045 -78.2128 -78.3603 -79.8375 -77.3079 0.0000 0.0000 0.0000 -68.5892 -79.2195 0.0000 0.0000 -79.4539 -78.6562 -78.9448 -74.7978 -75.6077 -75.6181 -75.6838 -77.4671 -79.1947 -80.4659 0.0000 0.0000 0.0000 0.0000 -74.4573 -74.3204 -76.4201 -76.6019 -76.8870 -77.2672 -77.7547 -80.9290 -81.6989 -73.3153 -73.1801 -72.9906 -72.1833
-77.4750 -77.6848 -78.0118 -77.9260 -75.9900 -77.9583 -79.3348 -79.3615 -79.5192 -76.0144 -76.9045 -77.1072 -78.8008 -78.7783 -78.6648 -78.0370 -75.8109 -76.1542 -76.2231 -76.2450 -78.5473 -79.9299 -82.1353 -87.5266 0.0000 0.0000 0.0000 -76.1390 -76.2341 -76.3755 -76.5820 -76.8745 -77.2551 -77.7643 -80.8999 0.0000 0.0000 0.0000 -72.7737 -72.2439
-77.2143 -77.5313 -77.8803 -77.4492 -75.8473 -76.3479 -78.1500 -78.0235 -68.5638 -76.0579 -76.9963 -78.8612 -78.4794 -78.7169 -78.4557 -76.3146 -76.2610 -76.2355 -76.1802 -77.8737 -78.7442 -79.6399 -80.5076 -84.5583 0.0000 0.0000 -81.1792 -78.5122 0.0000 -76.4343 -76.6567 -76.9621 -77.3598 -77.4843 -80.9427 0.0000 0.0000 0.0000 0.0000 -73.8523
-77.1068 -77.4938 -77.4737 -75.8215 -77.4064 -77.8365 -78.0241 -77.0845 -68.5758 -76.2984 -77.0478 -78.6675 -78.5236 -78.2712 -77.7102 -76.1644 -76.1083 -76.0602 -76.0258 -77.6088 -78.2338 -79.2808 -80.0006 -80.6344 -82.9337 -81.3139 -78.4211 0.0000 0.0000 0.0000 -76.8263 -78.3237 0.0000 0.0000 -79.2268 -81.6609 0.0000 0.0000 -74.5874 -73.6906
-77.0941 -77.3328 -77.1179 -75.6783 -77.3820 -77.5734 -76.9917 -75.7915 -75.7231 -76.3574 -76.9608 -78.2678 -78.0467 -77.6622 -76.0627 -76.0007 -75.9361 -75.8717 -75.8189 -77.4905 -77.9732 -78.4458 -78.9090 -79.2060 -80.6193 -80.3260 0.0000 0.0000 0.0000 0.0000 -78.1930 0.0000 0.0000 0.0000 -78.1997 -79.6525 -80.6647 -82.7675 -73.7225 -73.6388
-76.9782 -77.1488 -76.8439 -77.0694 -77.3345 -76.9091 -76.2253 -68.6074 -75.8314 -76.3543 -76.8471 -77.8501 -77.5707 -77.1912 -75.8862 -75.8118 -75.7379 -75.6680 -76.9076 -77.2834 -77.6545 -78.0173 -78.3206 -78.6783 -78.6871 -77.0828 -81.9502 0.0000 0.0000 -80.8670 -80.7757 0.0000 0.0000 0.0000 -74.5151 -74.8348 -74.7434 -74.3760 -73.6476 -73.5647
-76.9020 -76.9124 -75.5864 -77.0820 -76.8265 -76.3500 -75.6602 -75.4351 -75.8745 -76.3003 -76.6873 -77.4126 -77.1194 -75.7728 -75.6904 -75.6065 -75.5243 -75.4444 -76.7328 -77.0159 -77.2917 -77.5552 -77.8078 -77.9110 -77.7551 -77.9619 -79.1509 -79.4902 -80.0059 -77.1857 -79.9606 0.0000 -75.2618 -74.8457 -74.4339 -74.4026 -74.3757 -73.6771 -73.5965 -73.5142
-76.8446 -76.7190 -76.8616 -76.7727 -76.4040 -75.7834 -68.6358 -75.5086 -75.8707 -76.2167 -76.5341 -77.0410 -75.8130 -75.5954 -75.5043 -75.4136 -75.3238 -76.3148 -76.5316 -76.7385 -76.9317 -77.1065 -77.1634 -77.1743 -76.0042 -77.5616 -77.8775 -77.7371 -77.3245 -74.0162 -74.6207 -74.8787 -74.8037 -74.7171 -74.3867 -74.2206 -74.2140 -73.6264 -73.5465 -73.4649
-76.7372 -75.5038 -76.6943 -76.3924 -76.0089 -75.5175 -68.6377 -75.5037 -75.8055 -76.0598 -76.3162 -76.6396 -75.4607 -75.3652 -75.2698 -75.1752 -75.0792 -76.1061 -74.7336 -74.7952 -74.8808 -74.9053 -74.9639 -74.8881 -74.8856 -75.1059 -75.1314 -74.8202 -74.4966 -74.5831 -74.6764 -74.8139 -74.7277 -74.5218 -74.4159 -74.2055 -74.1149 -73.6092 -73.5297 -73.4484
-76.6100 -75.3892 -76.3477 -76.0342 -75.5789 -75.2802 -75.2269 -74.2915 -74.4473 -74.6162 -74.7662 -74.2454 -74.1153 -74.0379 -73.9973 -73.9182 -73.8357 -74.6384 -74.7282 -74.8098 -74.8403 -74.9000 -74.8242 -74.1448 -74.7746 -74.9147 -74.8432 -74.6467 -73.7887 -74.5784 -74.6299 -74.7228 -74.5294 -74.4326 -74.3245 -74.1643 -73.6505 -73.5728 -73.4937 -73.4131
-74.3183 -75.0168 -74.8094 -74.5648 -74.2697 -68.3971 -74.1543 -74.3264 -74.4884 -74.6268 -74.7591 -74.1681 -74.0916 -74.0152 -73.9371 -73.8557 -74.5390 -74.6197 -74.5830 -74.6450 -74.6732 -74.7322 -74.7268 -74.7024 -74.7348 -74.8343 -74.6888 -74.4945 -73.7440 -74.5216 -74.5687 -74.5257 -74.4359 -74.3398 -74.2270 -74.1028 -73.6031 -73.5261 -73.4480 -73.1808
