-71.0069 -70.9608 -70.9155 -70.8708 -70.8270 -70.7841 -72.4336 -72.3587 -72.2829 -70.3173 -70.2340 -70.1808 -70.1278 -70.0748 -70.6930 -70.1151 -70.0739 -70.0409 -70.0123 -69.9928 -69.9849 -70.6687 -70.7527 -70.9672 -66.6700 -66.7675 -66.9330 0.0000 -67.5682 0.0000 0.0000 -66.3670 -66.7326 -66.6143 -66.4789 -64.2455 -64.2070 -64.1687 -64.1310 -64.0937
-70.8726 -70.8229 -70.7737 -70.7248 -70.6767 -70.6292 -70.5824 -70.5362 -70.0499 -70.0238 -70.5683 -70.5219 -70.4782 -70.4376 -69.9563 -69.9237 -69.8964 -69.8701 -71.0146 -71.0536 -71.1155 -71.2042 -71.4245 -71.6296 -66.9525 -67.1704 -67.5981 0.0000 0.0000 0.0000 -66.9618 -66.5373 -66.5256 -66.5141 -66.3848 -66.2405 -64.1686 -64.1287 -64.0894 -64.0504
-70.1468 -70.0908 -70.0349 -70.0078 -70.1374 -70.0915 -70.0468 -70.4574 -70.4245 -70.3941 -70.3662 -70.3413 -70.3197 -71.3247 -71.3224 -71.3330 -71.3169 -71.1944 -69.7892 -69.7711 -69.7561 -69.8213 -71.7828 -72.5265 -72.9268 -67.3422 -67.5932 0.0000 0.0000 0.0000 -66.8138 -66.4442 -66.4266 -66.4134 -66.2890 -66.1533 -64.1258 -64.0840 -64.0426 -64.0014
-70.4808 -70.4282 -70.3762 -70.3248 -70.2741 -70.2242 -70.1751 -70.1269 -70.0799 -70.0822 -70.2756 -70.2487 -70.2251 -70.2080 -70.1926 -70.1818 -71.6951 -71.6635 -71.5789 -71.4817 -71.4383 -71.2991 -69.9050 -69.9136 -69.8843 -66.6038 -67.4282 0.0000 0.0000 0.0000 -66.6977 -66.3829 -66.3593 -66.3284 -66.2225 -66.0918 -64.0799 -64.0348 -63.9898 -63.9356
-70.4217 -70.3680 -70.3149 -70.2623 -70.2104 -70.1591 -70.1086 -70.0590 -70.0103 -69.9628 -69.9166 -69.8717 -69.8310 -69.7897 -69.7505 -69.7802 -70.0456 -70.0400 -70.0411 -70.0500 -72.4111 -72.4094 -72.3750 -72.3073 -72.2585 -67.1169 -66.1701 -70.4809 -70.7845 -70.8414 -69.0724 -68.6085 -68.6153 -68.6093 -68.4967 -68.3237 -65.4012 -65.3535 -65.3044 -65.2536
-70.3588 -70.3038 -70.2492 -70.1952 -70.1416 -70.0887 -70.0364 -69.9850 -69.9343 -69.8846 -69.8361 -69.7913 -69.7455 -69.7013 -69.6585 -69.6175 -69.5761 -69.5419 -69.6582 -69.6753 -69.6539 -69.7018 -70.1422 -72.3207 -73.5009 -67.8365 0.0000 -69.4828 -69.6516 -69.5922 -69.4672 -69.4032 -69.1146 -69.1116 -69.0035 -68.8398 -65.6909 -65.6570 -65.6235 -65.5907
-70.2479 -70.1911 -70.1347 -70.1236 -70.0682 -70.0134 -69.9590 -69.9053 -69.8523 -69.8024 -69.7513 -69.7011 -69.6521 -69.6041 -69.5574 -69.5100 -69.6098 -69.5665 -69.5707 -69.5345 -69.4783 -69.4190 -69.3220 -69.3169 -69.3022 -65.9961 -69.6367 -69.1572 -69.2266 -69.2300 -69.1484 -69.0735 -68.7850 -68.8211 -68.7792 -68.6858 -65.6664 -65.4522 -65.4684 -65.4929
-70.1793 -70.1209 -70.0627 -70.0047 -69.9470 -69.8896 -69.8327 -69.7762 -69.7225 -69.6672 -69.6126 -69.5587 -69.5054 -69.4530 -69.4016 -69.4745 -69.4097 -69.4371 -69.3784 -69.3169 -69.0204 -68.9137 -68.8856 -68.8493 -68.7904 -65.7531 -69.2156 -69.1945 -68.8679 -68.8900 -68.8148 -68.7365 -68.4518 -68.0865 -68.0489 -67.9652 -65.3037 -65.3027 -65.3079 -65.3207
-70.1511 -70.0474 -69.9871 -69.9271 -69.8671 -69.8074 -69.7480 -69.6911 -69.6324 -69.5740 -69.5159 -69.4582 -69.4009 -69.4659 -69.1861 -69.1136 -69.0407 -69.0079 -68.9391 -68.8628 -68.7858 -68.7132 -68.6630 -68.5926 -68.5198 -65.6268 -68.7261 -68.7539 -68.4844 -68.5057 -68.1388 -68.0616 -67.8127 -67.8098 -67.7631 -67.6689 -65.1444 -65.1299 -65.1201 -65.1163
-70.0793 -70.0169 -69.9546 -69.8922 -69.8298 -69.7675 -69.7076 -69.6456 -69.5337 -69.4592 -69.3840 -69.3065 -69.2327 -69.1564 -69.0797 -69.0025 -68.9629 -68.8885 -68.8082 -68.6821 -68.6014 -68.5239 -68.4633 -68.3809 -68.2990 -65.5196 -68.0276 -65.2588 -67.8848 -67.8938 -67.8404 -67.7505 -67.5052 -67.4802 -67.4204 -67.3119 -64.9403 -64.9085 -64.8788 -65.0321
-70.0029 -69.9384 -69.8586 -69.7841 -69.7113 -69.6360 -69.5600 -69.4834 -69.4060 -69.3281 -69.2475 -69.1705 -69.0908 -69.0105 -68.9294 -68.8841 -68.8049 -68.7213 -68.6338 -68.5139 -68.4603 -68.3934 -68.0156 -67.9337 -67.8504 -65.2883 -67.8261 -65.1884 -67.6871 -67.6781 -67.6283 -67.5251 -67.2778 -67.2313 -67.1565 -67.0313 -64.9336 -64.8645 -64.8213 -64.7785
-69.8763 -69.7993 -69.7217 -69.6455 -69.5664 -69.4866 -69.4059 -69.3242 -69.2416 -69.1580 -69.0737 -68.9883 -68.9018 -68.8141 -68.7595 -68.6705 -68.5813 -66.7530 -66.6409 -66.3920 -66.3081 -66.2296 -66.1409 -66.0508 -65.9597 -64.1181 -65.8508 -64.0039 -65.7913 -65.6433 -65.5756 -65.4735 -65.3657 -65.3707 -65.2881 -65.1712 -63.5585 -63.4938 -63.4281 -63.3619
-68.0622 -67.9842 -67.9072 -67.8282 -67.7484 -67.6681 -67.5869 -67.5050 -67.4226 -67.3393 -67.2555 -67.1708 -67.0854 -66.9992 -66.9354 -66.6708 -66.5857 -66.4995 -66.4138 -66.3288 -66.2502 -66.1607 -66.0703 -65.9784 -65.8698 -64.0817 -65.7607 -63.9643 -65.6889 -65.5487 -65.6451 -65.5482 -65.4426 -65.2846 -65.2026 -65.0855 -64.9561 -63.4394 -63.3711 -63.3026
-67.9992 -67.9205 -67.8412 -67.7612 -67.6805 -67.5992 -67.5158 -67.4343 -67.3508 -67.2666 -67.1816 -67.0958 -66.8373 -66.7767 -66.6954 -66.6108 -66.5242 -66.4378 -66.3511 -66.2730 -66.1831 -66.0922 -66.0001 -65.9069 -65.7993 -64.0450 -65.6754 -64.0296 -65.7525 -65.6194 -65.5569 -65.4624 -65.3555 -65.1975 -65.1141 -64.9979 -64.8693 -63.3828 -63.3123 -63.2401
-67.9356 -67.8562 -67.7760 -67.6950 -67.6135 -67.5299 -67.4481 -67.3644 -67.1088 -67.0281 -66.9467 -66.8646 -66.8032 -66.7205 -66.6375 -66.5509 -66.4444 -66.3773 -66.2908 -66.2077 -66.1166 -66.0243 -65.9307 -65.8211 -65.8799 -64.1114 -65.7488 -63.9921 -65.6610 -65.5326 -65.4668 -65.3765 -65.2683 -65.1103 -65.0251 -64.9094 -64.7812 -63.3253 -63.2514 -63.1762
-67.8729 -67.7925 -67.7114 -67.6297 -67.5472 -67.2977 -67.2182 -67.1380 -67.0571 -66.9756 -66.8934 -66.8314 -66.7484 -66.6657 -66.5791 -66.4915 -66.4046 -66.3176 -66.2344 -66.1432 -66.0508 -66.1046 -65.9952 -65.9038 -65.8132 -64.0763 -65.6714 -63.9539 -65.5723 -65.5066 -65.3783 -65.2906 -65.1818 -65.0233 -66.9214 -66.9627 -67.0386 -65.0652 -65.2938 -65.7180
-67.8109 -67.5638 -67.4858 -67.4074 -67.3284 -67.2487 -67.1685 -67.0875 -67.0059 -66.9235 -66.8405 -66.7779 -66.6952 -66.6089 -66.5212 -66.4337 -66.3445 -66.2634 -66.3172 -66.2256 -66.1330 -66.0226 -65.9305 -65.8388 -65.7468 -64.0409 -65.5959 -67.4407 -67.5415 -67.5882 -67.5560 -67.6073 -67.6484 -67.6443 -67.7964 -67.9612 -68.1833 -65.8294 -66.1522 -66.6099
-67.5956 -67.5166 -67.4394 -67.3602 -67.2806 -67.2003 -67.1193 -67.0376 -66.9552 -66.8722 -66.8091 -66.7262 -66.6404 -66.5527 -66.4463 -66.5192 -66.4320 -66.3475 -66.2559 -68.0362 -68.0884 -68.1643 -68.3525 -68.6942 -69.3858 -66.8972 -72.5720 0.0000 0.0000 -68.0904 -68.0991 -68.2043 -68.3039 -68.4189 -68.5817 -68.8286 -69.1350 -66.3655 -66.6739 -67.1551
-67.5497 -67.4724 -67.3934 -67.3137 -67.2334 -67.1524 -67.0707 -66.9883 -66.9053 -66.8420 -66.7579 -66.6736 -68.5845 -68.5407 -68.5663 -68.5765 -68.6090 -68.6510 -68.7196 -68.8446 -68.9737 -69.2124 -69.5716 -70.1163 -71.2446 -67.5368 0.0000 0.0000 0.0000 -68.5664 -68.6091 -68.7595 -68.7858 -68.7856 -68.7708 -68.8187 -68.8522 -66.0643 -66.2583 -67.4523
-67.5067 -67.4277 -67.3481 -67.2679 -67.1870 -68.8674 -68.8336 -68.8032 -68.8081 -68.7908 -69.0015 -68.9952 -68.9977 -69.0110 -69.0519 -69.1082 -69.1712 -69.2604 -69.3832 -69.5152 -69.7440 -70.0566 -70.7355 -71.3820 -72.2329 -68.3677 0.0000 0.0000 -68.8729 -68.5947 -68.5339 -68.4936 -68.4677 -68.4529 -68.4207 -68.4534 -68.4702 -65.9149 -66.0090 -66.1277
-69.2928 -69.2560 -69.2213 -69.1892 -69.1600 -69.1339 -69.1118 -69.3245 -69.3523 -69.3777 -69.3836 -69.3978 -69.4225 -69.4635 -69.5205 -69.6014 -69.6963 -69.8038 -69.7812 -69.7087 -69.8611 -69.8583 -69.8665 -69.8878 -70.0307 -67.7318 -77.0194 -68.6764 -68.3698 -68.3161 -68.2427 -68.1937 -68.1864 -68.1556 -68.1066 -68.1229 -68.2151 -65.7027 -65.7841 -65.7866
-69.5106 -69.4814 -69.4547 -69.4313 -69.6659 -69.6542 -69.6476 -69.6847 -69.6920 -69.7077 -69.7285 -69.7211 -69.8058 -69.8681 -69.9551 -70.0514 -70.1718 -70.3206 -70.6641 -70.9194 -69.5657 -69.5342 -69.5083 -69.5113 -69.5341 -69.5243 -69.8300 -69.8477 -69.6011 -69.6391 -69.6864 -69.8482 -70.2112 -70.6642 -70.5806 -70.7619 -70.8131 -66.7174 -67.1347 -67.4840
-69.7432 -69.9592 -69.9440 -69.9328 -69.9259 -69.9241 -69.9677 -69.9796 -70.0009 -70.0255 -70.0185 -70.1072 -70.1682 -70.2505 -70.3500 -70.4631 -70.7951 -70.9334 -71.1571 -71.4277 -71.7472 -72.1208 -72.7459 0.0000 0.0000 0.0000 -68.9424 -68.8902 -68.7728 -68.6773 -68.5822 -68.4452 -68.3796 -68.2571 -68.0800 -64.6046 -70.2150 -66.8943 -66.9388 -67.0574
-70.2009 -70.1894 -70.1819 -70.1786 -70.1804 -70.2289 -70.2438 -70.2682 -70.2953 -70.3294 -70.3777 -70.4374 -70.5157 -70.6122 -70.9061 -71.0456 -71.1609 -71.3580 -71.5871 -71.8565 -72.1660 -72.6584 -73.1713 0.0000 0.0000 0.0000 0.0000 -68.1353 -67.9172 -67.6791 -67.3672 -67.3395 -67.6807 -68.1458 -69.5402 -69.6798 -69.8124 -69.8641 -66.6673 -66.7538
-70.3959 -70.3622 -70.3314 -70.3040 -70.2806 -70.3045 -70.2929 -70.2860 -70.2859 -70.2968 -70.3213 -70.3607 -70.5913 -70.6764 -70.7911 -70.9436 -71.0980 -71.3611 -71.7221 -72.1968 -72.6401 -72.9884 -75.6675 -81.5014 0.0000 0.0000 -67.8484 -67.7446 -67.8448 -67.9987 -68.2331 -68.5888 -69.1984 -69.1639 -69.1632 -69.2002 -69.1797 -69.1597 -66.3534 -66.3864
-70.2072 -70.1657 -70.1266 -70.0903 -70.0971 -70.0695 -70.0458 -70.0260 -69.9757 -70.0124 -70.1658 -70.1977 -70.2467 -70.3126 -70.4071 -70.4974 -70.6779 -70.9265 -71.2642 -71.8010 -72.4079 -73.2910 -75.6728 0.0000 0.0000 -68.5031 -68.3727 -68.4754 -68.6368 -68.8563 -69.0073 -68.9259 -68.8458 -68.7952 -68.7347 -68.6938 -68.5956 -68.5048 -65.8899 -65.8441
-70.0196 -69.9707 -69.9239 -69.9168 -69.8761 -69.8390 -69.8034 -69.7379 -69.8815 -69.8700 -69.8734 -69.8913 -69.9200 -69.9709 -70.0129 -70.1323 -70.3006 -70.5412 -70.9312 -71.3805 -72.0623 -72.8854 -73.8366 -76.8282 -68.9695 -68.9987 -68.9498 -68.9880 -68.8700 -68.7811 -68.6677 -68.5660 -68.4455 -68.3483 -68.2578 -68.1141 -67.9736 -67.7840 -65.3889 -65.2462
-69.8224 -69.7669 -69.7485 -69.6975 -69.6476 -69.6027 -69.6789 -69.6445 -69.6184 -69.6013 -69.5989 -69.6041 -69.6275 -69.6748 -69.7196 -69.7441 -69.6665 -69.6080 -69.5161 -69.4225 -69.3787 -69.2860 -68.7563 -69.3580 -69.2620 -69.0899 -68.8087 -68.6852 -68.5737 -68.4378 -68.3098 -68.1741 -67.9961 -67.8634 -67.6973 -67.4983 -67.2743 -66.9985 -64.8666 -63.0362
-69.6481 -69.5881 -69.5644 -69.5077 -69.5677 -69.5188 -69.4431 -69.4409 -69.4128 -69.3991 -69.3975 -69.4090 -69.4421 -69.4712 -69.5668 -69.5790 -69.4871 -69.3835 -69.2746 -69.1966 -68.9875 -68.8731 -68.7541 -69.0482 -68.9305 -68.6627 -68.4939 -68.3669 -68.2180 -68.0742 -67.9212 -67.7567 -67.5779 -67.4053 -67.2206 -66.9634 -66.6677 -64.3650 -63.1652 -63.1619
-69.4911 -69.4626 -69.5083 -69.4559 -69.4044 -69.3276 -69.3219 -69.2960 -69.2821 -69.2817 -69.2942 -69.3277 -69.3563 -69.4500 -72.6013 -72.8960 -74.1123 0.0000 -68.9803 -68.8724 -68.7272 -68.5999 -68.2834 -68.6744 -68.6348 -68.3766 -68.2137 -68.0656 -67.9089 -67.7421 -67.5633 -67.3699 -67.1792 -66.9490 -64.6652 -64.5943 -64.5345 -67.1644 -65.3561 -65.5835
-69.4922 -69.4340 -69.3538 -69.3063 -69.2639 -69.2307 -69.2078 -69.1969 -69.2008 -69.2195 -69.2565 -69.3173 -71.8586 -71.7995 -69.3286 -69.2229 -69.0083 -69.3357 -68.7470 -68.6274 -68.3292 -68.3795 -68.2291 -68.4194 -68.2728 -68.1446 -67.9773 -67.8130 -67.6386 -67.4525 -67.2526 -64.9919 -64.9501 -69.6393 0.0000 0.0000 -67.5837 -67.8018 -65.7868 -66.0116
-69.3721 -69.3251 -69.2847 -69.2498 -69.2247 -69.2110 -69.2080 -69.2227 -69.2515 -69.7093 -69.6136 -69.4853 -69.3757 -69.2552 -69.0357 -68.9738 -68.8388 -69.1176 -68.4154 -68.4733 -68.3501 -68.2230 -68.0701 -68.2166 -68.0573 -67.8867 -67.7158 -67.5364 -65.2754 -65.2185 -67.8925 -68.6282 -69.7723 -74.7655 0.0000 -68.2915 -68.1309 -68.3876 -65.9986 -65.7821
-69.3668 -69.3369 -69.3126 -69.2683 -69.2958 -69.3041 -69.8633 -69.7729 -69.6768 -69.5786 -69.4479 -69.2167 -69.1028 -68.9873 -68.9148 -68.7852 -68.4821 -68.8858 -68.4236 -68.2993 -68.1694 -68.0105 -67.8753 -67.9742 -67.8192 -65.5730 -65.4918 -67.5728 -68.0867 -68.4949 -69.0901 -69.8870 -73.7424 -78.1652 0.0000 -68.7544 -68.1719 -67.8055 -65.3426 -63.6255
-69.4008 -69.3869 -69.3523 -70.0202 -69.9300 -69.8381 -69.7451 -69.6478 -69.5473 -69.2875 -69.1772 -69.0611 -68.9437 -68.8229 -68.7367 -68.5822 -68.4953 -68.6876 -68.2545 -68.1225 -67.9610 -67.8146 -67.6688 -65.7565 -65.7086 -68.0632 -68.2746 -68.5478 -68.9011 -69.2961 -69.9111 -70.7782 -73.7717 0.0000 -68.4525 -68.0581 -67.4122 -65.0846 -65.0495 -63.7754
-70.1837 -70.0930 -70.0019 -69.9099 -69.8145 -69.7212 -69.6232 -69.3985 -69.2858 -69.1445 -69.0272 -68.9083 -68.7863 -68.6761 -68.5532 -68.4332 -68.3160 -68.4666 -68.0581 -67.9394 -65.8571 -65.7869 -67.7611 -68.2601 -68.4728 -68.6632 -68.9147 -69.2291 -69.6228 -70.1413 -70.7388 -73.1637 -74.0003 0.0000 -67.8489 -65.4762 -65.3075 -65.2742 -65.2448 -63.9142
-70.0490 -69.9564 -69.8632 -69.7666 -69.5619 -69.4562 -69.3454 -69.2322 -69.0915 -69.0030 -68.8817 -68.7643 -68.6862 -68.5654 -68.4110 -68.2919 -68.1655 -66.2858 -66.0691 -68.0003 -68.1600 -68.2603 -68.3836 -68.8050 -69.0022 -69.2300 -69.5005 -69.8259 -70.2520 -70.7225 -70.7152 -70.6319 -70.6555 -71.2060 -65.6803 -65.6333 -65.4715 -65.4418 -65.4135 -65.7701
-69.9466 -69.8855 -69.6820 -69.5771 -69.4703 -69.3593 -69.2146 -69.0724 -68.9555 -68.8383 -68.7579 -68.6449 -68.5598 -68.4106 -66.3678 -66.3175 -68.2449 -68.6027 -68.3826 -68.4618 -68.5595 -68.6773 -68.8183 -69.2769 -69.4906 -69.7292 -70.0103 -70.1150 -69.9304 -69.6563 -69.2699 -68.7282 -65.8657 -65.9116 -65.8372 -65.7911 -65.6326 -67.8819 -68.4410 -66.5104
-69.7452 -69.6421 -69.5671 -69.4621 -69.3523 -69.2386 -69.1240 -68.8354 -68.8719 -68.7609 -68.6472 -66.6316 -66.5552 -66.5053 -68.4556 -68.5678 -68.6199 -68.9520 -68.7326 -68.8246 -68.9334 -69.0619 -69.2124 -69.7030 -69.9288 -69.8392 -69.6000 -69.3395 -68.9937 -68.5466 -65.9733 -65.9464 -66.0142 -66.0285 -65.9824 -65.9374 -68.3089 -68.7551 -69.2751 -66.6290
-69.6734 -69.5669 -69.4614 -69.3522 -69.2385 -68.9793 -68.9905 -68.8816 -68.7688 -66.7723 -66.7428 -68.6680 -68.7346 -68.7724 -68.8183 -68.8706 -68.9297 -69.2557 -69.0605 -69.1623 -69.2809 -69.4181 -69.5766 -69.7186 -69.5012 -69.2358 -68.9266 -68.5837 -66.1805 -66.1451 -66.1110 -66.0850 -66.1583 -66.1640 -68.5356 -68.8310 -69.0240 -69.4975 -70.0897 -67.3161
-69.5723 -69.4652 -69.3559 -69.0987 -69.1370 -69.0025 -67.0024 -66.9521 -68.8453 -68.8345 -68.9432 -68.9670 -69.0007 -69.0471 -69.0998 -69.1569 -69.1965 -69.5701 -69.3717 -69.4809 -69.5666 -69.3881 -69.1904 -69.2297 -68.9788 -68.6643 -66.3826 -66.3479 -66.3135 -66.2802 -66.2291 -66.1978 -68.5940 -68.9327 -69.2047 -69.5297 -69.6540 -70.1198 -70.6823 -67.5595
