-59.3138 -59.2435 -59.1728 -59.1017 -59.0301 -58.9581 -58.8863 -58.8151 -58.7435 -58.6714 -58.5989 -58.5318 -58.4711 -58.4102 -58.3490 -58.2875 -58.2293 -58.1714 -58.1132 -58.0519 -57.9932 -57.9341 -57.8746 -57.8149 -57.7544 -57.6929 -57.6311 -57.5692 -57.5089 -57.4502 -57.3911 -57.3318 -57.2709 -57.2093 -57.1475 -57.0854 -57.0240 -56.9625 -56.9008 -56.8394
-59.3293 -59.2593 -59.1889 -59.1180 -59.0470 -58.9770 -58.9066 -58.8357 -58.7644 -58.6951 -58.6355 -58.5757 -58.5156 -58.4552 -58.3965 -58.3395 -58.2823 -58.2249 -58.1672 -58.1089 -58.0472 -57.9885 -57.9296 -57.8691 -57.8084 -57.7474 -57.6863 -57.6285 -57.5706 -57.5124 -57.4535 -57.3930 -57.3322 -57.2712 -57.2105 -57.1501 -57.0894 -57.0290 -56.9688 -56.9184
-59.3451 -59.2753 -59.2051 -59.1362 -59.0669 -58.9973 -58.9271 -58.8566 -58.7970 -58.7381 -58.6790 -58.6196 -58.5608 -58.5049 -58.4486 -58.3921 -58.3354 -58.2781 -58.2206 -58.1627 -58.1045 -58.0455 -57.9825 -57.9225 -57.8623 -57.8036 -57.7468 -57.6896 -57.6321 -57.5733 -57.5136 -57.4539 -57.3938 -57.3453 -57.2856 -57.2259 -57.1664 -57.1068 -57.0468 -56.9867
-59.3610 -59.2929 -59.2247 -59.1562 -59.0872 -59.0178 -58.9559 -58.8979 -58.8397 -58.7812 -58.7225 -58.6670 -58.6118 -58.5564 -58.5007 -58.4446 -58.3880 -58.3311 -58.2739 -58.2164 -58.1573 -58.0981 -58.0386 -57.9759 -57.9198 -57.8638 -57.8077 -57.7512 -57.7035 -57.6446 -57.5853 -57.5262 -57.4674 -57.4086 -57.3496 -57.2911 -57.2328 -57.1738 -57.1150 -57.0566
-59.3764 -59.3089 -59.2446 -59.1763 -59.1123 -59.0551 -58.9978 -58.9402 -58.8824 -58.8264 -58.7720 -58.7175 -58.6627 -58.6077 -58.5523 -58.4966 -58.4404 -58.3839 -58.3264 -58.2682 -58.2099 -58.1515 -58.1056 -58.0502 -57.9915 -57.9357 -57.8789 -57.8209 -57.7630 -57.7045 -57.6464 -57.5884 -57.5303 -57.4723 -57.4147 -57.3568 -57.2986 -57.2411 -57.1837 -57.1260
-59.3959 -59.3287 -59.2626 -59.2061 -59.1534 -59.0966 -59.0397 -58.9832 -58.9297 -58.8760 -58.8221 -58.7680 -58.7135 -58.6589 -58.6042 -58.5490 -58.5053 -58.4478 -58.3901 -58.3322 -58.2741 -58.2197 -58.1650 -58.1101 -58.0549 -57.9945 -57.9372 -57.8797 -57.8220 -57.7649 -57.7076 -57.6502 -57.5932 -57.5364 -57.4793 -57.4220 -57.3655 -57.3089 -57.2520 -57.1962
-59.4157 -59.3586 -59.3029 -59.2470 -59.1907 -59.1382 -59.0849 -59.0322 -58.9793 -58.9264 -58.8852 -58.8313 -58.7771 -58.7227 -58.6684 -58.6125 -58.5558 -58.4990 -58.4419 -58.3860 -58.3322 -58.2782 -58.2239 -58.1688 -58.1122 -58.0554 -57.9950 -57.9383 -57.8819 -57.8253 -57.7687 -57.7127 -57.6567 -57.6003 -57.5441 -57.4884 -57.4325 -57.3764 -57.3218 -57.2669
-59.4536 -59.3987 -59.3436 -59.2884 -59.2474 -59.1952 -59.1427 -59.0946 -59.0419 -58.9889 -58.9356 -58.8821 -58.8283 -58.7740 -58.7182 -58.6622 -58.6060 -58.5497 -58.4965 -58.4435 -58.3902 -58.3366 -58.2813 -58.2254 -58.1693 -58.1129 -58.0570 -57.9975 -57.9417 -57.8859 -57.8309 -57.7756 -57.7199 -57.6648 -57.6098 -57.5546 -57.4996 -57.4457 -57.3915 -57.3372
-59.5075 -59.4528 -59.3985 -59.3472 -59.2957 -59.2439 -59.1920 -59.1396 -59.0869 -59.0386 -58.9857 -58.9325 -58.8780 -58.8228 -58.7674 -58.7119 -58.6576 -58.6056 -58.5533 -58.5008 -58.4476 -58.3926 -58.3374 -58.2819 -58.2263 -58.1712 -58.1158 -58.0604 -58.0020 -57.9476 -57.8930 -57.8381 -57.7839 -57.7296 -57.6750 -57.6211 -57.5680 -57.5146 -57.4609 -57.4068
-59.5475 -59.4964 -59.4456 -59.3947 -59.3435 -59.2922 -59.2406 -59.1887 -59.1364 -59.0838 -59.0306 -58.9808 -58.9262 -58.8715 -58.8166 -58.7648 -58.7134 -58.6618 -58.6100 -58.5567 -58.5025 -58.4481 -58.3932 -58.3386 -58.2840 -58.2294 -58.1746 -58.1207 -58.0668 -58.0126 -57.9550 -57.9015 -57.8479 -57.7940 -57.7412 -57.6888 -57.6361 -57.5830 -57.5296 -57.4761
-59.5933 -59.5431 -59.4927 -59.4421 -59.3913 -59.3402 -59.2890 -59.2375 -59.1858 -59.1322 -59.0782 -59.0239 -58.9745 -58.9215 -58.8709 -58.8202 -58.7692 -58.7178 -58.6644 -58.6109 -58.5571 -58.5031 -58.4495 -58.3955 -58.3415 -58.2876 -58.2346 -58.1814 -58.1279 -58.0745 -58.0215 -57.9647 -57.9115 -57.8599 -57.8081 -57.7561 -57.7036 -57.6509 -57.5981 -57.5457
-59.6396 -59.5897 -59.5397 -59.4894 -59.4390 -59.3883 -59.3373 -59.2856 -59.2326 -59.1793 -59.1258 -59.0720 -59.0212 -58.9709 -58.9257 -58.8753 -58.8236 -58.7709 -58.7180 -58.6648 -58.6116 -58.5586 -58.5056 -58.4524 -58.3995 -58.3472 -58.2946 -58.2418 -58.1894 -58.1370 -58.0844 -58.0320 -57.9772 -57.9261 -57.8747 -57.8228 -57.7707 -57.7184 -57.6670 -57.6163
-59.6859 -59.6364 -59.5866 -59.5367 -59.4866 -59.4363 -59.3841 -59.3316 -59.2789 -59.2261 -59.1743 -59.1249 -59.0752 -59.0253 -58.9752 -58.9231 -58.8762 -58.8239 -58.7713 -58.7189 -58.6666 -58.6141 -58.5615 -58.5100 -58.4586 -58.4067 -58.3545 -58.3029 -58.2512 -58.1992 -58.1478 -58.0974 -58.0467 -57.9919 -57.9405 -57.8890 -57.8374 -57.7868 -57.7367 -57.6865
-59.7321 -59.6829 -59.6335 -59.5839 -59.5333 -59.4815 -59.4295 -59.3774 -59.3251 -59.2758 -59.2272 -59.1783 -59.1291 -59.0788 -59.0272 -58.9754 -58.9233 -58.8768 -58.8251 -58.7733 -58.7214 -58.6697 -58.6191 -58.5683 -58.5172 -58.4662 -58.4152 -58.3641 -58.3126 -58.2624 -58.2125 -58.1625 -58.1121 -58.0610 -58.0059 -57.9548 -57.9052 -57.8557 -57.8061 -57.7555
-59.7851 -59.7362 -59.6802 -59.6291 -59.5778 -59.5264 -59.4749 -59.4243 -59.3763 -59.3282 -59.2799 -59.2314 -59.1811 -59.1302 -59.0790 -59.0275 -58.9760 -58.9246 -58.8732 -58.8276 -58.7770 -58.7270 -58.6768 -58.6263 -58.5761 -58.5259 -58.4756 -58.4249 -58.3757 -58.3264 -58.2770 -58.2270 -58.1765 -58.1259 -58.0753 -58.0221 -57.9733 -57.9242 -57.8741 -57.8233
-59.8311 -59.7816 -59.7310 -59.6803 -59.6224 -59.5714 -59.5232 -59.4758 -59.4283 -59.3805 -59.3320 -59.2820 -59.2317 -59.1813 -59.1306 -59.0798 -59.0290 -58.9781 -58.9271 -58.8774 -58.8277 -58.7841 -58.7343 -58.6848 -58.6352 -58.5854 -58.5358 -58.4876 -58.4390 -58.3902 -58.3407 -58.2907 -58.2407 -58.1908 -58.1424 -58.0939 -58.0410 -57.9913 -57.9412 -57.8907
-59.8751 -59.8250 -59.7748 -59.7245 -59.6749 -59.6282 -59.5743 -59.5273 -59.4800 -59.4313 -59.3818 -59.3321 -59.2822 -59.2322 -59.1823 -59.1323 -59.0819 -59.0318 -58.9829 -58.9338 -58.8845 -58.8350 -58.7858 -58.7433 -58.6941 -58.6455 -58.5979 -58.5501 -58.5021 -58.4530 -58.4037 -58.3542 -58.3052 -58.2573 -58.2094 -58.1613 -58.1118 -58.0620 -58.0078 -57.9577
-59.9181 -59.8684 -59.8186 -59.7715 -59.7253 -59.6790 -59.6324 -59.5855 -59.5296 -59.4806 -59.4314 -59.3820 -59.3327 -59.2833 -59.2339 -59.1844 -59.1357 -59.0874 -59.0388 -58.9900 -58.9413 -58.8927 -58.8439 -58.7950 -58.7539 -58.7069 -58.6597 -58.6123 -58.5638 -58.5152 -58.4664 -58.4182 -58.3709 -58.3235 -58.2759 -58.2269 -58.1778 -58.1283 -58.0785 -58.0244
-59.9611 -59.9127 -59.8672 -59.8215 -59.7756 -59.7296 -59.6823 -59.6340 -59.5855 -59.5368 -59.4809 -59.4322 -59.3833 -59.3344 -59.2855 -59.2379 -59.1904 -59.1427 -59.0945 -59.0464 -58.9984 -58.9502 -58.9017 -58.8549 -58.8081 -58.7611 -58.7211 -58.6731 -58.6251 -58.5769 -58.5298 -58.4832 -58.4364 -58.3892 -58.3408 -58.2923 -58.2433 -58.1941 -58.1448 -58.0956
-60.0069 -59.9619 -59.9167 -59.8713 -59.8258 -59.7782 -59.7304 -59.6824 -59.6342 -59.5859 -59.5377 -59.4894 -59.4340 -59.3859 -59.3391 -59.2921 -59.2449 -59.1975 -59.1504 -59.1030 -59.0553 -59.0077 -58.9616 -58.9153 -58.8689 -58.8219 -58.7741 -58.7263 -58.6860 -58.6398 -58.5938 -58.5478 -58.5012 -58.4534 -58.4054 -58.3571 -58.3084 -58.2596 -58.2109 -58.1643
-60.0557 -60.0110 -59.9661 -59.9203 -59.8731 -59.8258 -59.7783 -59.7306 -59.6829 -59.6352 -59.5875 -59.5396 -59.4926 -59.4463 -59.3928 -59.3461 -59.2993 -59.2527 -59.2060 -59.1591 -59.1127 -59.0671 -59.0214 -58.9755 -58.9288 -58.8815 -58.8342 -58.7868 -58.7410 -58.7031 -58.6576 -58.6115 -58.5645 -58.5173 -58.4696 -58.4213 -58.3731 -58.3250 -58.2791 -58.2337
-60.1044 -60.0600 -60.0138 -59.9671 -59.9203 -59.8732 -59.8261 -59.7790 -59.7318 -59.6845 -59.6372 -59.5913 -59.5455 -59.4996 -59.4534 -59.4073 -59.3540 -59.3078 -59.2614 -59.2160 -59.1713 -59.1264 -59.0810 -59.0346 -58.9878 -58.9410 -58.8942 -58.8491 -58.8038 -58.7585 -58.7125 -58.6740 -58.6275 -58.5805 -58.5330 -58.4854 -58.4378 -58.3925 -58.3477 -58.3026
-60.1524 -60.1064 -60.0602 -60.0138 -59.9673 -59.9207 -59.8740 -59.8273 -59.7806 -59.7341 -59.6890 -59.6437 -59.5982 -59.5526 -59.5070 -59.4615 -59.4157 -59.3698 -59.3182 -59.2740 -59.2296 -59.1851 -59.1392 -59.0930 -59.0466 -59.0006 -58.9560 -58.9113 -58.8664 -58.8208 -58.7746 -58.7282 -58.6814 -58.6430 -58.5961 -58.5493 -58.5047 -58.4604 -58.4158 -58.3720
-60.1981 -60.1524 -60.1065 -60.0604 -60.0143 -59.9682 -59.9220 -59.8758 -59.8303 -59.7857 -59.7409 -59.6959 -59.6508 -59.6058 -59.5607 -59.5155 -59.4702 -59.4266 -59.3829 -59.3318 -59.2875 -59.2421 -59.1966 -59.1511 -59.1059 -59.0617 -59.0175 -58.9731 -58.9279 -58.8823 -58.8364 -58.7901 -58.7434 -58.6967 -58.6500 -58.6153 -58.5719 -58.5278 -58.4845 -58.4416
-60.2437 -60.1982 -60.1527 -60.1071 -60.0614 -60.0157 -59.9699 -59.9256 -59.8815 -59.8372 -59.7926 -59.7481 -59.7036 -59.6590 -59.6141 -59.5699 -59.5268 -59.4836 -59.4402 -59.3961 -59.3512 -59.2989 -59.2538 -59.2096 -59.1663 -59.1227 -59.0787 -59.0339 -58.9888 -58.9435 -58.8976 -58.8514 -58.8052 -58.7590 -58.7157 -58.6724 -58.6383 -58.5957 -58.5533 -58.5108
-60.2886 -60.2439 -60.1989 -60.1537 -60.1085 -60.0635 -60.0199 -59.9763 -59.9324 -59.8884 -59.8444 -59.8003 -59.7562 -59.7118 -59.6685 -59.6259 -59.5831 -59.5402 -59.4964 -59.4519 -59.4074 -59.3628 -59.3194 -59.2692 -59.2262 -59.1831 -59.1388 -59.0942 -59.0494 -59.0040 -58.9582 -58.9126 -58.8669 -58.8241 -58.7813 -58.7382 -58.6958 -58.6538 -58.6218 -58.5808
-60.3334 -60.2892 -60.2448 -60.2004 -60.1565 -60.1134 -60.0702 -60.0268 -59.9832 -59.9397 -59.8961 -59.8524 -59.8085 -59.7661 -59.7240 -59.6817 -59.6393 -59.5956 -59.5516 -59.5076 -59.4634 -59.4208 -59.3784 -59.3359 -59.2931 -59.2421 -59.1983 -59.1542 -59.1093 -59.0640 -59.0188 -58.9735 -58.9314 -58.8891 -58.8465 -58.8046 -58.7630 -58.7213 -58.6806 -58.6416
-60.3782 -60.3343 -60.2904 -60.2480 -60.2058 -60.1632 -60.1202 -60.0771 -60.0341 -59.9910 -59.9477 -59.9044 -59.8628 -59.8211 -59.7793 -59.7373 -59.6938 -59.6503 -59.6066 -59.5629 -59.5211 -59.4791 -59.4371 -59.3947 -59.3516 -59.3083 -59.2648 -59.2131 -59.1686 -59.1239 -59.0792 -59.0376 -58.9957 -58.9536 -58.9122 -58.8710 -58.8298 -58.7895 -58.7508 -58.7121
-60.4229 -60.3798 -60.3381 -60.2964 -60.2545 -60.2123 -60.1701 -60.1275 -60.0849 -60.0420 -59.9996 -59.9585 -59.9172 -59.8759 -59.8341 -59.7910 -59.7479 -59.7047 -59.6617 -59.6203 -59.5788 -59.5372 -59.4952 -59.4526 -59.4098 -59.3667 -59.3230 -59.2791 -59.2351 -59.1838 -59.1426 -59.1013 -59.0596 -59.0186 -58.9779 -58.9371 -58.8971 -58.8589 -58.8206 -58.7814
-60.4685 -60.4273 -60.3860 -60.3445 -60.3029 -60.2612 -60.2195 -60.1777 -60.1354 -60.0939 -60.0532 -60.0124 -59.9715 -59.9299 -59.8872 -59.8445 -59.8017 -59.7595 -59.7185 -59.6775 -59.6363 -59.5946 -59.5525 -59.5102 -59.4676 -59.4243 -59.3808 -59.3373 -59.2942 -59.2538 -59.2133 -59.1645 -59.1239 -59.0837 -59.0433 -59.0037 -58.9658 -58.9280 -58.8895 -58.8457
-60.5157 -60.4748 -60.4337 -60.3925 -60.3513 -60.3100 -60.2686 -60.2270 -60.1869 -60.1470 -60.1067 -60.0662 -60.0247 -59.9824 -59.9402 -59.8978 -59.8563 -59.8157 -59.7751 -59.7343 -59.6930 -59.6514 -59.6095 -59.5674 -59.5245 -59.4814 -59.4384 -59.3958 -59.3559 -59.3159 -59.2755 -59.2358 -59.1964 -59.1484 -59.1091 -59.0716 -59.0342 -58.9965 -58.9531 -58.9095
-60.5626 -60.5219 -60.4812 -60.4404 -60.3996 -60.3586 -60.3175 -60.2782 -60.2389 -60.1994 -60.1598 -60.1185 -60.0767 -60.0348 -59.9929 -59.9521 -59.9119 -59.8717 -59.8314 -59.7905 -59.7492 -59.7078 -59.6662 -59.6237 -59.5810 -59.5384 -59.4964 -59.4569 -59.4173 -59.3775 -59.3382 -59.2991 -59.2600 -59.2215 -59.1848 -59.1392 -59.1021 -59.0593 -59.0163 -58.9731
-60.6094 -60.5690 -60.5287 -60.4882 -60.4476 -60.4074 -60.3686 -60.3296 -60.2906 -60.2514 -60.2106 -60.1696 -60.1285 -60.0870 -60.0469 -60.0072 -59.9674 -59.9274 -59.8869 -59.8461 -59.8051 -59.7640 -59.7218 -59.6796 -59.6373 -59.5959 -59.5569 -59.5177 -59.4783 -59.4394 -59.4008 -59.3621 -59.3239 -59.2877 -59.2514 -59.2150 -59.1735 -59.1219 -59.0791 -59.0403
-60.6560 -60.6161 -60.5760 -60.5358 -60.4965 -60.4580 -60.4195 -60.3808 -60.3418 -60.3013 -60.2608 -60.2202 -60.1795 -60.1407 -60.1015 -60.0621 -60.0225 -59.9823 -59.9419 -59.9014 -59.8607 -59.8189 -59.7771 -59.7353 -59.6944 -59.6558 -59.6171 -59.5781 -59.5396 -59.5014 -59.4631 -59.4252 -59.3894 -59.3535 -59.3175 -59.2767 -59.2349 -59.1930 -59.1545 -59.1084
-60.7025 -60.6629 -60.6230 -60.5846 -60.5465 -60.5084 -60.4702 -60.4312 -60.3911 -60.3510 -60.3108 -60.2707 -60.2323 -60.1939 -60.1554 -60.1166 -60.0768 -60.0368 -59.9968 -59.9564 -59.9150 -59.8736 -59.8321 -59.7919 -59.7537 -59.7154 -59.6768 -59.6388 -59.6009 -59.5630 -59.5255 -59.4900 -59.4545 -59.4189 -59.3788 -59.3375 -59.2961 -59.2574 -59.2215 -59.1855
-60.7489 -60.7094 -60.6718 -60.6342 -60.5965 -60.5586 -60.5197 -60.4800 -60.4402 -60.4004 -60.3610 -60.3231 -60.2850 -60.2469 -60.2085 -60.1697 -60.1306 -60.0912 -60.0511 -60.0101 -59.9691 -59.9281 -59.8883 -59.8506 -59.8127 -59.7745 -59.7369 -59.6994 -59.6619 -59.6247 -59.5896 -59.5544 -59.5192 -59.4799 -59.4390 -59.3980 -59.3592 -59.3237 -59.2881 -59.2519
-60.7954 -60.7582 -60.7209 -60.6836 -60.6461 -60.6073 -60.5679 -60.5286 -60.4891 -60.4504 -60.4128 -60.3752 -60.3374 -60.2994 -60.2609 -60.2224 -60.1837 -60.1445 -60.1043 -60.0636 -60.0230 -59.9838 -59.9464 -59.9089 -59.8712 -59.8339 -59.7969 -59.7598 -59.7228 -59.6881 -59.6533 -59.6184 -59.5798 -59.5394 -59.4988 -59.4599 -59.4248 -59.3895 -59.3540 -59.3167
-60.8437 -60.8068 -60.7699 -60.7327 -60.6939 -60.6550 -60.6160 -60.5769 -60.5389 -60.5017 -60.4644 -60.4270 -60.3893 -60.3512 -60.3131 -60.2748 -60.2360 -60.1963 -60.1566 -60.1169 -60.0783 -60.0413 -60.0042 -59.9669 -59.9300 -59.8933 -59.8566 -59.8200 -59.7856 -59.7511 -59.7166 -59.6787 -59.6387 -59.5985 -59.5595 -59.5247 -59.4899 -59.4549 -59.4181 -59.3811
-60.8919 -60.8552 -60.8183 -60.7797 -60.7411 -60.7025 -60.6638 -60.6265 -60.5896 -60.5527 -60.5157 -60.4783 -60.4406 -60.4029 -60.3650 -60.3265 -60.2871 -60.2478 -60.2085 -60.1709 -60.1349 -60.0986 -60.0616 -60.0251 -59.9888 -59.9524 -59.9161 -59.8820 -59.8479 -59.8138 -59.7766 -59.7370 -59.6972 -59.6581 -59.6237 -59.5892 -59.5545 -59.5184 -59.4935 -59.4568
-60.9398 -60.9028 -60.8646 -60.8264 -60.7881 -60.7498 -60.7131 -60.6766 -60.6401 -60.6034 -60.5663 -60.5291 -60.4918 -60.4543 -60.4160 -60.3770 -60.3381 -60.2991 -60.2621 -60.2264 -60.1907 -60.1547 -60.1191 -60.0833 -60.0473 -60.0112 -59.9775 -59.9437 -59.9099 -59.8735 -59.8342 -59.7949 -59.7556 -59.7216 -59.6992 -59.6650 -59.6296 -59.5935 -59.5572 -59.5226
