-48.3076 -48.3721 -48.4469 -48.5177 -48.5860 -48.6569 -48.7288 -48.8070 -48.8802 -48.9471 -49.0236 -49.1059 -49.1817 -49.2544 -49.3295 -49.4053 -49.4842 -49.5642 -49.6414 -49.7164 -49.7926 -49.8723 -49.9515 -50.0309 -50.1124 -50.1912 -50.2697 -50.3478 -50.4284 -50.5086 -50.5875 -50.6649 -50.7422 -50.8172 -50.8982 -50.9787 -51.0576 -51.1351 -51.2122 -51.2895
-48.4619 -48.5248 -48.5890 -48.6618 -48.7311 -48.7979 -48.8672 -48.9374 -49.0139 -49.0861 -49.1516 -49.2251 -49.3058 -49.3809 -49.4520 -49.5249 -49.5992 -49.6755 -49.7539 -49.8306 -49.9042 -49.9787 -50.0568 -50.1344 -50.2143 -50.2921 -50.3696 -50.4464 -50.5230 -50.6009 -50.6795 -50.7574 -50.8337 -50.9048 -50.9802 -51.0598 -51.1390 -51.2175 -51.2937 -51.3695
-48.6096 -48.6764 -48.7373 -48.8009 -48.8725 -48.9400 -49.0055 -49.0732 -49.1417 -49.2166 -49.2878 -49.3519 -49.4227 -49.5017 -49.5762 -49.6458 -49.7165 -49.7894 -49.8633 -49.9401 -50.0164 -50.0895 -50.1624 -50.2402 -50.3163 -50.3922 -50.4686 -50.5448 -50.6202 -50.6953 -50.7705 -50.8476 -50.9195 -50.9948 -51.0691 -51.1432 -51.2191 -51.2968 -51.3740 -51.4499
-48.7582 -48.8210 -48.8862 -48.9451 -49.0087 -49.0789 -49.1447 -49.2088 -49.2750 -49.3419 -49.4154 -49.4855 -49.5484 -49.6166 -49.6939 -49.7679 -49.8359 -49.9046 -49.9760 -50.0476 -50.1230 -50.1992 -50.2716 -50.3454 -50.4184 -50.4930 -50.5669 -50.6419 -50.7168 -50.7911 -50.8648 -50.9381 -51.0084 -51.0832 -51.1576 -51.2307 -51.3036 -51.3763 -51.4523 -51.5281
-48.9080 -48.9657 -49.0281 -49.0909 -49.1489 -49.2123 -49.2810 -49.3452 -49.4081 -49.4728 -49.5381 -49.6102 -49.6794 -49.7410 -49.8067 -49.8826 -49.9560 -50.0226 -50.0892 -50.1592 -50.2290 -50.3037 -50.3785 -50.4527 -50.5229 -50.5935 -50.6665 -50.7391 -50.8122 -50.8858 -50.9591 -51.0314 -51.0988 -51.1710 -51.2445 -51.3176 -51.3899 -51.4615 -51.5330 -51.6056
-49.0574 -49.1127 -49.1685 -49.2307 -49.2917 -49.3486 -49.4118 -49.4792 -49.5418 -49.6035 -49.6668 -49.7306 -49.8013 -49.8696 -49.9300 -49.9933 -50.0677 -50.1407 -50.2059 -50.2705 -50.3391 -50.4087 -50.4813 -50.5570 -50.6285 -50.6974 -50.7659 -50.8372 -50.9084 -50.9797 -51.0520 -51.1241 -51.1906 -51.2611 -51.3314 -51.4033 -51.4752 -51.5465 -51.6169 -51.6871
-49.2063 -49.2585 -49.3128 -49.3682 -49.4296 -49.4886 -49.5444 -49.6074 -49.6735 -49.7346 -49.7952 -49.8571 -49.9194 -49.9888 -50.0562 -50.1155 -50.1764 -50.2495 -50.3221 -50.3859 -50.4492 -50.5168 -50.5855 -50.6583 -50.7302 -50.8012 -50.8688 -50.9361 -51.0051 -51.0750 -51.1444 -51.2154 -51.2815 -51.3516 -51.4210 -51.4901 -51.5598 -51.6304 -51.7004 -51.7699
-49.3511 -49.4041 -49.4552 -49.5092 -49.5643 -49.6247 -49.6818 -49.7365 -49.7992 -49.8641 -49.9237 -49.9832 -50.0438 -50.1048 -50.1728 -50.2394 -50.2976 -50.3563 -50.4280 -50.4994 -50.5628 -50.6256 -50.6915 -50.7615 -50.8300 -50.9005 -50.9706 -51.0373 -51.1035 -51.1704 -51.2389 -51.3023 -51.3713 -51.4407 -51.5102 -51.5784 -51.6463 -51.7140 -51.7833 -51.8522
-49.4921 -49.5469 -49.5978 -49.6488 -49.7018 -49.7567 -49.8160 -49.8713 -49.9249 -49.9875 -50.0510 -50.1094 -50.1678 -50.2270 -50.2867 -50.3535 -50.4193 -50.4764 -50.5333 -50.6033 -50.6735 -50.7372 -50.7992 -50.8657 -50.9322 -50.9989 -51.0680 -51.1367 -51.2031 -51.2681 -51.3330 -51.3954 -51.4621 -51.5291 -51.5976 -51.6659 -51.7334 -51.8002 -51.8667 -51.9340
-49.6333 -49.6855 -49.7384 -49.7883 -49.8390 -49.8906 -49.9455 -50.0036 -50.0573 -50.1098 -50.1722 -50.2343 -50.2916 -50.3490 -50.4070 -50.4654 -50.5310 -50.5960 -50.6521 -50.7080 -50.7757 -50.8450 -50.9090 -50.9723 -51.0346 -51.0999 -51.1652 -51.2328 -51.3002 -51.3661 -51.4300 -51.4888 -51.5539 -51.6194 -51.6846 -51.7520 -51.8192 -51.8861 -51.9517 -52.0171
-49.7741 -49.8225 -49.8746 -49.9261 -49.9753 -50.0254 -50.0758 -50.1308 -50.1879 -50.2399 -50.2919 -50.3536 -50.4143 -50.4705 -50.5269 -50.5837 -50.6409 -50.7054 -50.7696 -50.8247 -50.8796 -50.9454 -51.0165 -51.0803 -51.1402 -51.2006 -51.2648 -51.3290 -51.3949 -51.4612 -51.5266 -51.5844 -51.6467 -51.7100 -51.7745 -51.8385 -51.9040 -51.9702 -52.0362 -52.1010
-49.9145 -49.9610 -50.0087 -50.0605 -50.1103 -50.1589 -50.2084 -50.2576 -50.3127 -50.3686 -50.4193 -50.4712 -50.5317 -50.5910 -50.6463 -50.7017 -50.7574 -50.8134 -50.8767 -50.9399 -50.9944 -51.0485 -51.1154 -51.1828 -51.2464 -51.3052 -51.3639 -51.4270 -51.4902 -51.5545 -51.6196 -51.6792 -51.7410 -51.8023 -51.8639 -51.9272 -51.9901 -52.0537 -52.1188 -52.1838
-50.0550 -50.0977 -50.1447 -50.1924 -50.2429 -50.2912 -50.3393 -50.3880 -50.4361 -50.4914 -50.5456 -50.5954 -50.6474 -50.7067 -50.7647 -50.8191 -50.8735 -50.9281 -50.9830 -51.0452 -51.1073 -51.1613 -51.2179 -51.2802 -51.3464 -51.4097 -51.4675 -51.5251 -51.5866 -51.6488 -51.7116 -51.7704 -51.8337 -51.8951 -51.9555 -52.0157 -52.0777 -52.1395 -52.2012 -52.2653
-50.1935 -50.2355 -50.2788 -50.3249 -50.3726 -50.4218 -50.4691 -50.5166 -50.5644 -50.6126 -50.6668 -50.7196 -50.7686 -50.8205 -50.8787 -50.9354 -50.9889 -51.0424 -51.0959 -51.1497 -51.2109 -51.2720 -51.3287 -51.3821 -51.4424 -51.5074 -51.5704 -51.6272 -51.6839 -51.7437 -51.8000 -51.8612 -51.9237 -51.9861 -52.0470 -52.1065 -52.1657 -52.2260 -52.2868 -52.3473
-50.3271 -50.3720 -50.4134 -50.4568 -50.5017 -50.5495 -50.5975 -50.6440 -50.6909 -50.7376 -50.7859 -50.8393 -50.8905 -50.9387 -50.9906 -51.0479 -51.1033 -51.1559 -51.2085 -51.2610 -51.3136 -51.3739 -51.4370 -51.4910 -51.5436 -51.6019 -51.6657 -51.7286 -51.7845 -51.8401 -51.8933 -51.9533 -52.0134 -52.0748 -52.1361 -52.1966 -52.2552 -52.3134 -52.3722 -52.4320
-50.4584 -50.5042 -50.5472 -50.5882 -50.6316 -50.6754 -50.7232 -50.7699 -50.8159 -50.8621 -50.9078 -50.9563 -51.0089 -51.0586 -51.1060 -51.1579 -51.2142 -51.2683 -51.3201 -51.3718 -51.4233 -51.4750 -51.5372 -51.5972 -51.6507 -51.7024 -51.7589 -51.8216 -51.8839 -51.9392 -51.9889 -52.0452 -52.1044 -52.1636 -52.2238 -52.2840 -52.3440 -52.4016 -52.4590 -52.5163
-50.5943 -50.6338 -50.6784 -50.7196 -50.7601 -50.8033 -50.8471 -50.8939 -50.9394 -50.9850 -51.0304 -51.0751 -51.1239 -51.1756 -51.2239 -51.2705 -51.3224 -51.3778 -51.4307 -51.4816 -51.5325 -51.5831 -51.6365 -51.6959 -51.7548 -51.8077 -51.8588 -51.9135 -51.9752 -52.0364 -52.0864 -52.1401 -52.1949 -52.2533 -52.3116 -52.3705 -52.4298 -52.4887 -52.5460 -52.6025
-50.7293 -50.7641 -50.8060 -50.8493 -50.8892 -50.9298 -50.9719 -51.0159 -51.0615 -51.1062 -51.1513 -51.1958 -51.2395 -51.2887 -51.3395 -51.3865 -51.4324 -51.4842 -51.5387 -51.5905 -51.6406 -51.6907 -51.7430 -51.7937 -51.8520 -51.9099 -51.9624 -52.0127 -52.0658 -52.1264 -52.1813 -52.2361 -52.2891 -52.3423 -52.3999 -52.4574 -52.5152 -52.5735 -52.6314 -52.6883
-50.8609 -50.8969 -50.9318 -50.9751 -51.0165 -51.0560 -51.0966 -51.1376 -51.1817 -51.2263 -51.2704 -51.3149 -51.3585 -51.4013 -51.4508 -51.5008 -51.5465 -51.5916 -51.6435 -51.6971 -51.7479 -51.7997 -51.8490 -51.8985 -51.9485 -52.0058 -52.0627 -52.1147 -52.1643 -52.2106 -52.2700 -52.3289 -52.3838 -52.4360 -52.4880 -52.5444 -52.6011 -52.6579 -52.7152 -52.7722
-50.9881 -51.0276 -51.0617 -51.0990 -51.1413 -51.1811 -51.2202 -51.2605 -51.3005 -51.3447 -51.3884 -51.4320 -51.4759 -51.5185 -51.5610 -51.6103 -51.6595 -51.7040 -51.7484 -51.8003 -51.8531 -51.9055 -51.9539 -52.0026 -52.0517 -52.1008 -52.1572 -52.2131 -52.2646 -52.3083 -52.3581 -52.4164 -52.4746 -52.5293 -52.5807 -52.6319 -52.6867 -52.7427 -52.7985 -52.8549
-51.1135 -51.1538 -51.1903 -51.2240 -51.2634 -51.3045 -51.3432 -51.3819 -51.4217 -51.4615 -51.5051 -51.5478 -51.5911 -51.6342 -51.6759 -51.7187 -51.7674 -51.8152 -51.8590 -51.9027 -51.9546 -52.0093 -52.0580 -52.1058 -52.1543 -52.2026 -52.2509 -52.3063 -52.3613 -52.4070 -52.4550 -52.5033 -52.5609 -52.6181 -52.6727 -52.7233 -52.7738 -52.8271 -52.8822 -52.9373
-51.2401 -51.2775 -51.3161 -51.3505 -51.3839 -51.4249 -51.4646 -51.5027 -51.5412 -51.5802 -51.6202 -51.6628 -51.7049 -51.7477 -51.7899 -51.8308 -51.8740 -51.9219 -51.9685 -52.0117 -52.0551 -52.1093 -52.1605 -52.2082 -52.2560 -52.3037 -52.3512 -52.3988 -52.4532 -52.5020 -52.5522 -52.5997 -52.6472 -52.7033 -52.7596 -52.8141 -52.8640 -52.9137 -52.9655 -53.0199
-51.3657 -51.4003 -51.4382 -51.4752 -51.5082 -51.5436 -51.5837 -51.6221 -51.6598 -51.6980 -51.7361 -51.7763 -51.8179 -51.8596 -51.9020 -51.9432 -51.9833 -52.0269 -52.0741 -52.1194 -52.1620 -52.2084 -52.2591 -52.3094 -52.3568 -52.4039 -52.4508 -52.4976 -52.5444 -52.5925 -52.6456 -52.6954 -52.7423 -52.7892 -52.8437 -52.8991 -52.9535 -53.0026 -53.0516 -53.1019
-51.4894 -51.5242 -51.5584 -51.5961 -51.6310 -51.6636 -51.7008 -51.7398 -51.7772 -51.8146 -51.8523 -51.8895 -51.9300 -51.9706 -52.0121 -52.0539 -52.0941 -52.1334 -52.1776 -52.2240 -52.2682 -52.3129 -52.3566 -52.4065 -52.4565 -52.5032 -52.5496 -52.5959 -52.6366 -52.6824 -52.7348 -52.7872 -52.8366 -52.8829 -52.9292 -52.9821 -53.0367 -53.0909 -53.1393 -53.1876
-51.5899 -51.6461 -51.6794 -51.7148 -51.7514 -51.7844 -51.8166 -51.8553 -51.8934 -51.9301 -51.9671 -52.0042 -52.0411 -52.0812 -52.1211 -52.1622 -52.2036 -52.2428 -52.2813 -52.3259 -52.3717 -52.4176 -52.4589 -52.5027 -52.5519 -52.6017 -52.6475 -52.6933 -52.7334 -52.7785 -52.8236 -52.8754 -52.9269 -52.9758 -53.0215 -53.0672 -53.1187 -53.1725 -53.2259 -53.2742
-51.7282 -51.7680 -51.7999 -51.8320 -51.8685 -51.9036 -51.9355 -51.9693 -52.0074 -52.0443 -52.0807 -52.1172 -52.1536 -52.1908 -52.2301 -52.2694 -52.3102 -52.3508 -52.3892 -52.4270 -52.4722 -52.5202 -52.5620 -52.6027 -52.6465 -52.6957 -52.7447 -52.7898 -52.8293 -52.8739 -52.9184 -52.9629 -53.0139 -53.0646 -53.1131 -53.1582 -53.2033 -53.2534 -53.3064 -53.3590
-51.8647 -51.8697 -51.9192 -51.9510 -51.9839 -52.0196 -52.0529 -52.0845 -52.1198 -52.1570 -52.1931 -52.2292 -52.2652 -52.3008 -52.3382 -52.3767 -52.4157 -52.4561 -52.4957 -52.5334 -52.5745 -52.6192 -52.6636 -52.7043 -52.7444 -52.7889 -52.8375 -52.8856 -52.9244 -52.9686 -53.0126 -53.0566 -53.1004 -53.1505 -53.2005 -53.2485 -53.2930 -53.3375 -53.3863 -53.4385
-51.9975 -52.0045 -52.0391 -52.0687 -52.0995 -52.1336 -52.1683 -52.2001 -52.2314 -52.2680 -52.3043 -52.3398 -52.3755 -52.4109 -52.4457 -52.4834 -52.5211 -52.5600 -52.6000 -52.6385 -52.6785 -52.7172 -52.7612 -52.8050 -52.8446 -52.8844 -52.9294 -52.9773 -53.0187 -53.0623 -53.1060 -53.1495 -53.1928 -53.2359 -53.2853 -53.3345 -53.3820 -53.4260 -53.4699 -53.5174
-52.0941 -52.1368 -52.1420 -52.1853 -52.2157 -52.2461 -52.2809 -52.3143 -52.3453 -52.3775 -52.4138 -52.4492 -52.4845 -52.5197 -52.5545 -52.5889 -52.6265 -52.6634 -52.7022 -52.7418 -52.7823 -52.8186 -52.8578 -52.9012 -52.9439 -52.9830 -53.0228 -53.0624 -53.1093 -53.1553 -53.1985 -53.2415 -53.2845 -53.3272 -53.3697 -53.4183 -53.4667 -53.5138 -53.5572 -53.6006
-52.2091 -52.2662 -52.2735 -52.2766 -52.3307 -52.3603 -52.3919 -52.4258 -52.4578 -52.4884 -52.5220 -52.5575 -52.5922 -52.6272 -52.6618 -52.6959 -52.7306 -52.7674 -52.8039 -52.8425 -52.8847 -52.9211 -52.9567 -52.9965 -53.0393 -53.0809 -53.1200 -53.1536 -53.1986 -53.2449 -53.2902 -53.3328 -53.3753 -53.4177 -53.4598 -53.5017 -53.5494 -53.5972 -53.6438 -53.6867
-52.3229 -52.3563 -52.4018 -52.4064 -52.4451 -52.4739 -52.5027 -52.5355 -52.5685 -52.5993 -52.6296 -52.6643 -52.6989 -52.7333 -52.7678 -52.8018 -52.8352 -52.8702 -52.9063 -52.9427 -52.9840 -53.0224 -53.0579 -53.0928 -53.1332 -53.1754 -53.2163 -53.2495 -53.2880 -53.3330 -53.3789 -53.4234 -53.4653 -53.5073 -53.5491 -53.5906 -53.6320 -53.6789 -53.7260 -53.7721
-52.4352 -52.4683 -52.5279 -52.5349 -52.5374 -52.5860 -52.6150 -52.6436 -52.6769 -52.7087 -52.7388 -52.7697 -52.8044 -52.8383 -52.8724 -52.9066 -52.9399 -52.9725 -53.0078 -53.0433 -53.0827 -53.1205 -53.1579 -53.1927 -53.2271 -53.2681 -53.3098 -53.3444 -53.3825 -53.4206 -53.4658 -53.5110 -53.5547 -53.5961 -53.6375 -53.6787 -53.7197 -53.7606 -53.8068 -53.8531
-52.5459 -52.5791 -52.6117 -52.6596 -52.6639 -52.6982 -52.7257 -52.7538 -52.7838 -52.8161 -52.8468 -52.8765 -52.9086 -52.9425 -52.9759 -53.0097 -53.0433 -53.0760 -53.1081 -53.1435 -53.1815 -53.2179 -53.2552 -53.2915 -53.3258 -53.3600 -53.4012 -53.4369 -53.4762 -53.5139 -53.5519 -53.5968 -53.6414 -53.6843 -53.7252 -53.7660 -53.8067 -53.8471 -53.8875 -53.9330
-52.6567 -52.6885 -52.7210 -52.7531 -52.7886 -52.7916 -52.8353 -52.8633 -52.8905 -52.9218 -52.9533 -52.9830 -53.0124 -53.0454 -53.0786 -53.1117 -53.1452 -53.1781 -53.2101 -53.2426 -53.2805 -53.3146 -53.3512 -53.3881 -53.4234 -53.4570 -53.4860 -53.5269 -53.5680 -53.6063 -53.6436 -53.6818 -53.7261 -53.7701 -53.8122 -53.8526 -53.8929 -53.9330 -53.9730 -54.0128
-52.7667 -52.7964 -52.8290 -52.8607 -52.9103 -52.9150 -52.9450 -52.9713 -52.9988 -53.0266 -53.0577 -53.0882 -53.1174 -53.1471 -53.1803 -53.2127 -53.2457 -53.2789 -53.3110 -53.3457 -53.3784 -53.4124 -53.4464 -53.4828 -53.5193 -53.5534 -53.5806 -53.6159 -53.6568 -53.6974 -53.7348 -53.7716 -53.8100 -53.8537 -53.8972 -53.9385 -53.9784 -54.0182 -54.0578 -54.0972
-52.8753 -52.9048 -52.9355 -52.9673 -52.9979 -53.0360 -53.0394 -53.0788 -53.1056 -53.1323 -53.1613 -53.1917 -53.2212 -53.2501 -53.2807 -53.3132 -53.3452 -53.3780 -53.4108 -53.4454 -53.4761 -53.5092 -53.5426 -53.5766 -53.6127 -53.6488 -53.6757 -53.7081 -53.7447 -53.7852 -53.8252 -53.8617 -53.8980 -53.9365 -53.9797 -54.0226 -54.0632 -54.1026 -54.1419 -54.1810
-52.9826 -53.0122 -53.0407 -53.0726 -53.1033 -53.1549 -53.1598 -53.1626 -53.2110 -53.2379 -53.2639 -53.2939 -53.3237 -53.3525 -53.3810 -53.4125 -53.4443 -53.4762 -53.5087 -53.5439 -53.5747 -53.6048 -53.6382 -53.6710 -53.7053 -53.7410 -53.7700 -53.8020 -53.8344 -53.8721 -53.9119 -53.9510 -53.9869 -54.0228 -54.0615 -54.1041 -54.1465 -54.1864 -54.2253 -54.2640
-53.0892 -53.1182 -53.1469 -53.1766 -53.2076 -53.2368 -53.2775 -53.2812 -53.3164 -53.3422 -53.3683 -53.3953 -53.4247 -53.4537 -53.4821 -53.5107 -53.5425 -53.5736 -53.6055 -53.6410 -53.6721 -53.7023 -53.7327 -53.7655 -53.7978 -53.8323 -53.8614 -53.8952 -53.9270 -53.9595 -53.9978 -54.0370 -54.0751 -54.1106 -54.1460 -54.1849 -54.2269 -54.2688 -54.3080 -54.3464
-53.1950 -53.2230 -53.2518 -53.2795 -53.3105 -53.3397 -53.3937 -53.3985 -53.4014 -53.4454 -53.4715 -53.4968 -53.5250 -53.5536 -53.5820 -53.6101 -53.6395 -53.6707 -53.7013 -53.7365 -53.7683 -53.7986 -53.8282 -53.8589 -53.8911 -53.9229 -53.9514 -53.9862 -54.0190 -54.0509 -54.0831 -54.1219 -54.1605 -54.1977 -54.2328 -54.2678 -54.3067 -54.3483 -54.3896 -54.4281
-53.3002 -53.3271 -53.3553 -53.3833 -53.4119 -53.4416 -53.4701 -53.5133 -53.5173 -53.5485 -53.5733 -53.5989 -53.6241 -53.6528 -53.6808 -53.7087 -53.7365 -53.7666 -53.7971 -53.8311 -53.8626 -53.8939 -53.9234 -53.9524 -53.9835 -54.0090 -54.0407 -54.0749 -54.1094 -54.1416 -54.1733 -54.2060 -54.2444 -54.2825 -54.3188 -54.3535 -54.3880 -54.4271 -54.4681 -54.5090
