-67.7872 -67.7613 -67.7451 -67.7420 -67.7543 -66.2444 -66.3434 -66.4256 -66.4918 -66.5598 -66.6508 -66.7212 -66.7923 -66.8640 -66.9569 -67.0233 -67.0945 -66.8798 -66.9686 -67.0376 -67.1065 -67.1563 -67.2248 -67.3014 -67.3671 -67.4324 -67.5154 -69.2042 -69.1505 -69.0986 -69.0483 -68.2420 -68.1797 -68.1394 -68.1003 -68.0627 -68.0197 -67.9854 -66.6105 -66.5985
-67.7003 -67.6774 -67.6656 -67.6682 -67.6868 -68.0638 -68.1407 -68.2211 -68.2801 -68.3144 -68.2671 -68.2208 -66.7486 -66.8424 -66.9142 -66.9813 -66.7674 -66.8573 -66.9274 -66.9973 -67.0481 -67.0988 -67.1963 -67.2632 -67.3295 -67.4137 -69.1602 -69.1047 -69.0508 -68.9986 -68.9566 -68.1339 -68.0816 -68.0411 -68.0019 -67.9572 -67.9214 -66.5366 -66.5241 -66.5122
-67.6137 -67.5944 -67.5876 -67.5964 -67.9381 -68.0105 -68.0921 -68.1703 -68.2315 -68.2204 -68.1728 -68.1267 -68.0816 -68.0168 -67.9669 -67.9246 -67.5352 -69.1865 -66.8871 -66.9579 -67.0095 -67.0798 -67.1581 -67.2255 -67.3109 -69.1180 -69.0604 -69.0043 -68.9500 -68.8973 -68.0887 -68.0246 -67.9824 -67.9415 -67.9023 -67.8577 -66.5067 -66.4494 -66.4370 -66.4640
-67.5278 -67.5126 -67.5115 -67.5268 -67.8809 -67.9591 -68.0451 -68.1206 -68.1746 -68.1258 -68.0779 -68.0316 -67.9663 -67.9211 -67.8713 -67.8288 -69.0614 -69.1561 -69.2484 -69.3385 -69.3139 -69.2671 -69.2022 -69.1390 -69.0775 -69.0175 -68.9594 -68.9028 -68.8478 -68.7948 -67.9784 -67.9244 -67.8817 -67.8407 -67.8014 -67.7570 -66.3743 -66.3613 -66.3887 -64.7843
-67.4426 -67.4323 -67.4375 -67.4594 -67.8275 -67.9094 -67.9997 -68.0719 -68.0799 -68.0307 -67.9831 -67.9366 -67.8703 -67.8251 -67.7754 -67.7331 -69.0319 -69.1278 -69.2215 -69.2827 -69.2179 -69.1682 -69.1026 -69.0387 -68.9764 -68.9157 -68.8568 -68.7996 -68.7442 -67.9330 -67.8670 -67.8226 -67.7798 -67.7386 -67.6925 -66.2990 -66.2855 -66.2726 -64.6803 -65.1380
-67.3587 -67.3539 -67.3657 -67.3941 -67.7747 -67.8617 -67.9558 -68.0243 -67.9846 -67.9358 -67.8881 -67.8207 -67.7741 -67.7291 -67.6796 -68.9042 -69.0042 -69.1016 -69.1963 -69.1866 -69.1365 -69.0683 -69.0018 -68.9370 -68.8739 -68.8125 -68.7529 -68.6950 -68.6389 -67.8204 -67.7641 -67.7194 -67.6763 -67.6351 -66.2664 -66.2092 -66.1957 -66.2220 -64.6454 -65.1143
-67.2763 -67.2778 -67.2964 -67.3310 -67.7242 -67.8159 -67.9118 -67.9400 -67.8895 -67.8405 -67.7923 -67.7245 -67.6780 -67.6270 -67.5833 -68.8773 -68.9786 -69.0771 -69.1578 -69.0893 -69.0362 -68.9671 -68.8995 -68.8337 -68.7697 -68.7074 -68.6471 -68.5886 -68.5404 -67.7165 -67.6597 -67.6147 -67.5715 -67.5303 -66.1326 -66.1186 -66.1457 -64.5660 -65.0298 -65.1084
-67.1959 -67.2040 -67.2296 -67.5863 -67.6761 -67.7722 -67.8651 -67.8449 -67.7947 -67.7456 -67.6962 -67.6283 -67.5817 -67.5305 -69.2632 -68.8521 -68.9546 -69.0542 -69.0603 -69.0066 -68.9344 -68.8640 -68.7955 -68.7287 -68.6637 -68.6007 -68.5396 -68.4806 -67.6695 -67.6006 -67.5536 -67.5084 -67.4653 -66.0564 -66.0789 -66.0637 -64.4636 -64.5162 -64.9949 -66.8518
-67.1178 -67.1331 -67.1656 -67.5353 -67.6304 -67.7307 -67.8018 -67.7502 -67.6997 -67.6494 -67.5799 -67.5317 -67.4849 -67.4334 -68.7218 -68.8286 -68.9322 -69.0326 -68.9614 -68.9042 -68.8309 -68.7593 -68.6896 -68.6218 -68.5559 -68.4921 -68.4304 -68.3705 -67.5524 -67.4934 -67.4470 -67.4544 -66.0629 -65.9992 -65.9836 -64.3475 -64.4082 -64.8800 -64.9696 -66.8169
-67.0425 -67.0652 -67.1043 -67.4889 -67.5873 -67.6916 -67.7069 -67.6550 -67.6041 -67.5528 -67.4830 -67.4344 -67.3871 -69.1079 -68.6986 -68.8066 -68.9113 -68.9347 -68.8766 -68.8001 -68.7254 -68.6526 -68.5818 -68.5129 -68.4461 -68.3814 -68.3190 -67.5641 -67.4896 -67.4378 -67.3878 -67.3405 -65.9193 -65.8848 -65.9095 -64.3044 -64.7637 -64.8543 -66.7179 -66.7820
-66.9705 -67.0006 -67.0458 -67.4436 -67.5464 -67.6544 -67.6123 -67.5603 -67.5074 -67.4356 -67.3854 -67.3363 -67.2828 -69.0898 -68.6770 -68.7862 -68.8917 -68.8517 -68.7719 -68.6939 -68.6179 -68.5439 -68.4719 -68.4020 -68.4082 -68.3392 -68.2724 -67.4383 -67.3745 -67.3223 -67.2725 -65.8255 -65.8039 -65.7885 -64.1996 -64.2659 -64.7377 -66.6005 -66.6829 -66.7402
-66.9019 -66.9390 -66.9898 -67.4007 -67.5079 -67.5689 -67.5170 -67.4632 -67.4097 -67.3375 -67.2866 -67.2370 -67.1830 -68.5430 -68.6570 -68.7672 -68.8095 -68.7466 -68.6651 -68.5857 -68.5084 -68.5115 -68.4343 -68.3595 -68.2874 -68.2181 -67.3820 -67.3114 -67.2318 -67.1801 -65.7450 -65.7272 -65.7060 -64.0931 -64.1607 -64.6195 -66.4792 -66.5764 -66.6413 -66.7051
-66.8365 -66.8801 -66.9358 -67.3601 -67.4711 -67.4753 -67.4207 -67.3652 -67.3112 -67.2383 -67.1867 -67.1366 -68.9350 -68.5234 -68.6386 -68.7497 -68.7244 -68.6394 -68.6399 -68.5545 -68.4713 -68.3908 -68.3131 -68.2379 -68.1649 -68.0944 -67.2339 -67.1676 -67.1136 -67.0619 -65.6457 -65.6237 -65.6455 -64.0542 -64.1173 -64.5895 -66.4595 -66.5412 -66.6060 -66.6759
-66.7739 -66.8235 -67.2097 -67.3214 -67.4071 -67.3794 -67.3224 -67.2663 -67.1913 -67.1378 -67.0857 -67.0348 -68.9208 -68.5055 -68.6218 -68.7742 -68.7014 -68.6098 -68.5206 -68.4338 -68.3502 -68.2685 -68.1897 -68.1133 -68.0085 -67.9383 -67.1042 -67.0480 -66.9937 -65.5639 -65.5456 -65.5620 -63.9462 -64.0069 -64.4695 -66.3364 -66.4402 -66.5060 -66.5707 -66.6406
-66.7140 -66.7690 -67.1684 -67.2842 -67.3178 -67.2812 -67.2229 -67.1660 -67.0903 -67.0362 -66.9832 -68.7794 -69.0063 -68.5747 -68.6912 -68.6784 -68.5828 -68.4902 -68.3996 -68.3116 -68.2262 -68.1437 -68.0321 -67.9558 -67.8823 -67.0460 -66.9829 -66.9264 -65.4816 -65.4626 -65.4347 -63.8333 -63.8986 -63.9630 -66.2115 -66.3240 -66.4051 -66.4708 -66.5413 -66.6052
-66.6563 -66.7159 -67.1306 -67.2491 -67.2280 -67.1811 -67.1222 -67.0442 -66.9890 -66.9972 -66.9402 -68.8571 -68.4309 -68.5533 -68.6382 -68.5599 -68.4626 -68.3678 -68.2758 -68.1864 -68.0679 -67.9850 -67.9050 -67.8279 -67.7537 -66.9292 -66.8598 -66.8029 -65.3738 -65.3550 -63.7229 -63.7891 -63.8547 -66.0847 -66.1991 -66.3032 -66.3699 -66.4354 -66.5060 -66.5696
-66.6004 -66.6642 -67.0931 -67.1512 -67.1354 -67.0811 -67.0882 -67.0053 -66.9449 -66.8858 -68.7100 -68.8407 -68.4110 -68.5346 -68.5401 -68.4386 -68.3395 -68.2432 -68.1166 -68.0272 -67.9404 -67.8565 -67.7756 -67.6977 -66.8707 -66.7941 -66.7269 -65.2902 -65.2707 -65.2957 -63.6784 -63.7448 -63.8109 -66.0723 -66.1878 -66.2681 -66.3346 -66.4059 -66.4706 -66.5338
-66.5461 -66.6137 -67.0578 -67.1304 -67.1076 -67.0417 -66.9775 -66.8940 -66.8333 -66.7736 -68.6864 -68.8259 -68.3928 -68.5247 -68.4184 -68.3149 -68.1803 -68.0833 -67.9893 -67.8985 -67.8104 -67.7254 -67.6436 -67.5650 -66.7257 -66.6592 -65.2063 -65.1860 -65.1734 -63.5666 -63.6339 -63.7008 -65.9436 -66.0611 -66.1654 -66.2329 -66.2994 -66.3705 -66.4349 -66.4950
-66.5582 -66.6278 -67.0685 -67.0283 -66.9969 -66.9309 -66.8452 -66.7819 -66.7201 -68.5332 -68.6732 -68.2453 -68.3769 -68.4027 -68.2596 -68.1552 -68.0536 -67.9549 -67.8596 -67.7671 -67.6778 -67.5918 -67.4992 -66.6731 -66.5928 -66.5305 -65.1010 -65.0876 -63.4565 -63.5218 -63.5894 -65.2381 -65.9325 -66.0512 -66.1304 -66.1978 -66.2639 -66.3351 -66.3962 -66.4586
-66.5004 -66.9183 -66.9449 -66.9260 -66.8857 -66.8184 -66.7319 -66.6679 -66.6053 -68.5215 -68.6627 -68.2308 -68.3501 -68.2438 -68.1344 -68.0278 -67.9243 -67.8241 -67.7270 -67.6225 -67.5324 -67.4456 -67.3624 -66.5322 -66.4621 -65.0226 -65.0015 -63.3424 -63.4112 -63.4768 -65.1281 -65.8017 -65.9226 -66.0269 -66.0954 -66.1625 -66.2343 -66.2964 -66.3597 -66.4220
-66.4439 -66.8795 -66.8416 -66.8225 -66.7726 -66.6838 -66.6174 -66.5526 -68.3530 -68.5131 -68.6171 -68.1849 -68.2330 -68.1183 -68.0065 -67.8978 -67.7926 -67.6793 -67.5809 -67.4859 -67.3945 -67.3067 -66.4792 -66.3894 -64.9369 -64.9151 -64.9298 -63.2967 -63.3631 -63.4321 -65.0879 -65.7920 -65.9142 -65.9919 -66.0602 -66.1270 -66.1955 -66.2602 -66.3232 -66.3850
-66.3895 -66.7757 -66.7372 -66.7182 -66.6585 -66.5688 -66.5017 -66.4360 -68.3107 -68.4630 -68.6134 -68.1995 -68.1075 -67.9901 -67.8759 -67.7537 -67.6466 -67.5428 -67.4428 -67.3464 -67.2537 -67.1650 -66.3342 -66.2692 -64.8285 -64.8068 -63.1808 -63.2511 -63.3180 -64.9764 -65.6591 -65.7836 -65.8876 -65.9569 -66.0248 -66.0972 -66.1595 -66.2235 -66.2861 -66.3475
-66.3348 -66.6495 -66.6320 -66.6133 -66.5430 -66.4525 -66.3614 -66.2955 -68.3088 -68.4624 -68.0299 -68.1025 -67.9793 -67.8471 -67.7311 -67.6182 -67.5089 -67.4032 -67.3015 -67.2037 -67.1099 -67.0203 -66.1962 -64.7413 -64.7191 -63.0637 -63.1348 -63.2026 -64.8638 -64.9361 -65.6508 -65.7766 -65.8527 -65.9216 -65.9892 -66.0579 -66.1231 -66.1865 -66.2487 -66.3147
-66.2447 -66.5434 -66.5262 -66.4984 -66.3821 -66.3122 -66.2438 -68.1367 -68.3115 -68.4659 -68.0511 -67.9618 -67.8360 -67.7137 -67.5947 -67.4794 -67.3678 -67.2603 -67.1569 -67.0575 -66.9627 -66.1405 -64.6538 -64.6306 -64.6424 -63.0172 -63.0887 -64.7498 -64.8233 -65.5156 -65.6439 -65.7474 -65.8175 -65.8862 -65.9554 -66.0216 -66.0861 -66.1491 -66.2158 -66.2700
-66.4497 -66.4367 -66.3962 -66.3584 -66.2652 -66.1943 -66.1248 -68.1425 -68.3188 -68.4879 -67.9637 -67.8313 -67.7024 -67.5768 -67.4550 -67.3371 -67.2232 -67.1137 -67.0085 -66.9079 -66.8237 -65.9973 -64.5418 -64.5188 -62.8984 -62.9706 -63.0427 -64.7092 -64.7829 -65.5088 -65.6384 -65.7124 -65.7822 -65.8466 -65.9191 -65.9848 -66.0487 -66.1161 -66.1773 -66.2310
-66.3209 -66.3065 -66.2902 -66.2202 -66.1468 -66.0749 -67.9480 -68.1397 -68.3084 -67.8931 -67.8336 -67.6977 -67.5651 -67.4362 -67.3115 -67.1909 -67.0748 -66.9632 -66.8563 -66.7663 -65.9409 -64.4489 -64.4286 -62.7781 -62.8514 -62.9243 -64.5936 -64.6686 -65.3707 -65.5036 -65.6064 -65.6772 -65.7426 -65.8105 -65.8825 -65.9475 -66.0158 -66.0777 -66.1321 -65.4566
-66.2134 -66.1994 -66.1834 -66.1017 -66.0181 -65.9451 -67.9631 -68.1566 -68.3558 -67.8436 -67.7001 -67.5602 -67.4239 -67.2917 -67.1638 -67.0405 -66.9220 -66.8085 -66.7121 -66.6086 -64.3669 -64.3381 -62.6563 -62.7307 -62.8044 -64.4806 -64.5529 -64.6359 -65.3662 -65.4993 -65.5713 -65.6376 -65.7064 -65.7793 -65.8454 -65.9146 -65.9773 -66.0386 -66.0925 -65.4142
-66.1053 -66.0919 -66.0665 -65.9726 -65.8971 -67.7719 -67.9848 -68.1796 -68.3767 -67.7108 -67.5630 -67.4186 -67.2784 -67.1427 -67.0118 -66.8856 -66.7647 -66.6615 -66.5512 -64.3190 -64.2438 -64.2223 -62.6086 -62.6833 -64.3621 -64.4358 -64.5123 -65.2250 -65.3628 -65.4645 -65.5317 -65.6016 -65.6698 -65.7423 -65.8127 -65.8762 -65.9382 -65.9928 -65.3124 -65.3196
-65.9870 -65.9741 -65.9295 -65.8512 -65.7742 -67.7986 -68.0139 -68.2405 -67.7307 -67.5744 -67.4215 -67.2727 -67.1284 -66.9890 -66.8547 -66.7259 -66.6152 -66.4973 -66.3857 -64.1600 -64.1264 -62.4847 -62.5607 -62.6359 -64.3212 -64.3952 -64.4797 -65.2230 -65.3566 -65.4294 -65.4959 -65.5651 -65.6383 -65.7099 -65.7743 -65.8371 -65.8984 -65.2097 -65.2695 -65.2772
-65.8776 -65.8652 -65.8079 -65.7281 -67.5940 -67.8338 -68.0508 -68.2667 -67.5953 -67.4334 -67.2754 -67.1219 -66.9734 -66.8301 -66.6926 -66.5737 -66.4477 -66.3281 -64.5794 -64.0340 -62.3594 -62.4366 -62.5129 -64.2011 -64.2803 -64.3544 -65.0787 -65.2216 -65.3216 -65.3894 -65.4597 -65.5283 -65.6061 -65.6717 -65.7353 -65.7974 -65.8520 -65.1667 -65.1752 -65.2346
-65.7676 -65.7342 -65.6845 -65.6031 -67.6353 -67.8785 -68.1290 -68.2830 -67.4554 -67.2876 -67.1242 -66.9659 -66.8128 -66.6657 -66.5380 -66.4029 -66.2746 -64.5246 -63.9482 -63.9449 -62.3107 -62.3881 -64.0795 -64.1603 -64.2357 -64.9313 -65.0788 -65.2128 -65.2818 -65.3533 -65.4230 -65.5015 -65.5681 -65.6327 -65.6955 -65.7568 -65.0629 -65.1234 -65.1324 -65.1917
-65.6568 -65.6236 -65.5594 -65.4760 -67.6879 -67.9695 -68.1820 -68.1270 -67.3107 -67.1366 -66.9676 -66.8039 -66.6464 -66.5088 -66.3639 -66.2260 -66.0957 -64.3631 -63.8194 -62.1809 -62.2619 -63.9562 -64.0385 -64.1193 -64.1949 -64.9316 -65.0799 -65.1733 -65.2461 -65.3169 -65.3859 -65.4637 -65.5294 -65.5930 -65.6549 -64.9581 -65.0218 -65.0302 -65.0889 -65.1465
-65.5453 -65.5123 -65.4323 -67.4738 -67.7535 -68.0351 -68.2387 -67.3461 -67.1606 -66.9799 -66.8047 -66.6358 -66.4873 -66.3316 -66.1831 -66.0425 -64.2691 -63.7385 -62.0521 -62.1342 -62.2133 -63.9151 -63.9975 -64.0785 -64.7811 -64.9337 -65.0639 -65.1379 -65.2100 -65.2800 -65.3534 -65.4252 -65.4899 -65.5582 -65.6174 -64.9164 -64.9761 -64.9851 -65.0434 -65.1533
-65.4120 -65.3912 -65.3031 -67.5502 -67.8717 -68.1124 -68.0711 -67.1978 -67.0046 -66.8168 -66.6353 -66.4750 -66.3072 -66.1470 -65.9951 -64.1749 -64.1415 -61.9265 -62.0024 -62.0848 -63.7900 -63.8741 -63.9567 -64.0336 -64.7835 -64.9337 -65.0289 -65.1021 -65.1733 -65.2475 -65.3291 -65.3930 -65.4545 -65.5144 -64.8101 -64.8705 -64.8802 -64.9394 -64.9975 -65.1083
-65.2993 -65.2622 -67.3153 -67.6444 -67.9667 -68.2025 -67.9043 -67.0434 -66.8419 -66.6466 -66.4732 -66.2920 -66.1189 -65.9544 -65.7994 -64.0456 -63.5168 -61.8713 -61.9524 -63.6628 -63.7491 -63.8331 -63.9154 -64.6297 -64.7841 -64.9190 -64.9936 -65.0659 -65.1516 -65.2177 -65.2875 -65.3502 -65.4106 -64.7076 -64.7640 -64.8241 -64.8343 -64.8932 -65.0025 -65.0015
-65.1863 -65.1311 -67.4246 -67.8006 -68.0788 -68.0541 -67.0985 -66.8823 -66.6719 -66.4841 -66.2879 -66.1003 -65.9217 -65.7531 -63.9495 -63.9147 -61.7434 -61.8209 -63.5339 -63.6221 -63.7079 -63.7918 -63.8703 -64.6351 -64.7919 -64.8980 -64.9695 -65.0441 -65.1112 -65.1816 -65.2451 -65.3062 -65.3656 -64.6564 -64.7174 -64.7282 -64.7878 -64.7864 -64.8964 -65.9654
-65.0731 -67.1608 -67.5609 -67.9385 -68.2094 -67.8847 -66.9402 -66.7136 -66.5099 -66.2971 -66.0931 -65.8987 -65.7149 -63.8532 -63.8165 -61.9422 -61.6878 -61.7707 -63.4931 -63.5810 -63.6666 -63.7505 -64.4950 -64.6549 -64.7873 -64.8601 -64.9358 -65.0038 -65.0697 -65.1391 -65.2012 -65.2611 -64.5526 -64.6096 -64.6702 -64.6223 -64.6817 -64.7903 -65.8666 -65.9315
-64.9596 -67.3190 -67.7726 -68.1022 -68.0717 -67.6972 -66.7743 -66.5533 -66.3221 -66.0997 -65.8874 -65.6864 -65.4975 -63.7183 -63.6823 -61.5576 -61.6369 -63.3590 -63.4519 -63.5578 -63.6417 -63.7238 -64.4979 -64.6640 -64.7498 -64.8267 -64.8959 -64.9626 -65.0325 -65.0954 -65.1560 -64.4428 -64.5055 -64.5027 -64.5160 -64.5761 -64.6352 -65.7673 -65.8336 -65.8971
-67.0119 -67.5669 -67.9765 -68.2941 -67.9029 -67.5064 -66.6179 -66.3661 -66.1231 -65.8905 -65.6698 -65.4619 -63.6198 -63.5815 -61.7554 -61.5014 -63.2519 -63.3407 -63.4289 -63.5147 -63.5985 -64.3365 -64.5080 -64.6385 -64.7169 -64.7871 -64.8549 -64.9203 -64.9889 -65.0504 -65.1093 -64.3366 -64.3949 -64.4565 -64.4696 -64.5295 -65.6677 -65.7355 -65.8002 -67.0998
-67.2466 -67.8192 -68.2217 -68.1519 -67.7230 -66.7076 -66.4333 -66.1670 -65.9114 -65.6679 -65.4382 -63.5213 -63.4810 -61.6314 -61.3869 -63.1197 -63.2045 -63.2978 -63.3859 -63.4714 -63.5518 -64.3475 -64.5211 -64.6064 -64.6778 -64.7465 -64.8128 -64.8817 -64.9439 -65.0035 -64.2268 -64.2907 -64.3484 -64.3622 -65.4375 -65.5079 -65.6371 -65.7031 -66.9850 -67.1647
