0.0000 0.0000 0.0000 0.0000 0.0000 0.0000 0.0000 0.0000 -58.1339 -52.6468 -43.7420 -43.9201 -44.1003 -44.2763 -44.4497 -44.6222 -44.7929 -44.9635 -45.1314 -45.2961 -45.4578 -45.6161 -45.7717 0.0000 0.0000 0.0000 0.0000 0.0000 0.0000 -65.5749 -64.2359 -63.0274 -62.4198 -61.9901 -61.6840 -61.1878 -60.1992 -59.4995 -58.9073 -58.5676
0.0000 0.0000 0.0000 0.0000 0.0000 0.0000 0.0000 0.0000 -43.2506 -43.4381 -43.6270 -43.8101 -43.9911 -44.1698 -44.3485 -44.5251 -44.6989 -44.8704 -45.0387 -45.2038 -45.3658 -52.8978 -53.1800 0.0000 0.0000 0.0000 0.0000 0.0000 0.0000 0.0000 -72.1004 0.0000 -63.3129 -62.8328 -61.9629 -60.2568 -59.0003 -58.1970 -55.6122 -55.6802
0.0000 0.0000 0.0000 0.0000 0.0000 0.0000 -51.8224 -42.9311 -43.1298 -43.3232 -43.5128 -43.7003 -43.8861 -44.0691 -44.2462 -44.4236 -44.6008 -44.7740 -44.9441 -52.5657 -52.9301 -53.2894 -53.6255 -53.9381 0.0000 0.0000 0.0000 0.0000 -73.1176 -65.4009 0.0000 0.0000 -69.9378 -63.5667 -60.0593 -57.9407 -55.2686 -55.2974 -55.3610 -58.4007
0.0000 0.0000 0.0000 0.0000 0.0000 -42.3995 -42.6069 -42.8111 -43.0098 -43.2063 -43.4032 -43.5953 -43.7792 -43.9603 -44.1433 -44.3233 -51.8811 -52.3351 -52.7894 -53.1968 -53.5553 -53.8800 -54.1778 -54.3719 0.0000 0.0000 0.0000 0.0000 0.0000 -65.2257 0.0000 0.0000 0.0000 -54.8738 -54.9025 -54.9621 -59.7337 -59.7945 -59.9174 -60.0458
0.0000 0.0000 0.0000 -41.8436 -42.0578 -42.2705 -42.4802 -42.6886 -42.8959 -43.0972 -43.2906 -43.4805 -43.6666 -43.8559 -51.7062 -52.3893 -52.9058 -53.3326 -53.6853 -53.9952 -54.2740 -54.5372 -54.2250 -54.2499 -54.2827 0.0000 0.0000 0.0000 0.0000 -65.0401 -59.5534 -54.5121 -54.5677 -54.6322 -64.8337 -62.7709 -62.6596 -61.7043 -60.8591 -60.3430
-41.0816 -41.2564 -41.4824 -41.7041 -41.9224 -42.1437 -42.3635 -42.5767 -42.7819 -42.9825 -43.1780 -43.3980 -53.4783 -53.6728 -53.8760 -54.0746 -54.2690 -54.4795 -54.6737 -54.8634 -54.1247 -54.0853 -54.0757 -54.0327 -54.0069 0.0000 0.0000 0.0000 -54.0770 -54.0994 -54.1604 -54.2316 0.0000 0.0000 -66.3403 -63.8014 -62.5360 -61.5792 -61.8642 -61.4657
-40.8798 -41.1146 -41.3420 -41.5709 -41.8039 -42.0290 -42.2465 -42.4580 -42.6655 0.0000 0.0000 -58.9461 -56.8472 -56.0141 -55.6664 -55.5240 -55.4864 -55.5322 -55.6014 -53.8470 -53.7347 -53.6570 -53.6081 -53.5833 -53.5796 -53.5937 -53.6215 -53.6674 -53.7277 -53.8034 -53.8913 0.0000 0.0000 0.0000 0.0000 -63.9889 -63.5218 -62.2162 -61.6448 -61.1155
-40.6723 -40.9157 -41.1555 -41.3959 -41.6301 -41.8550 -42.0760 0.0000 0.0000 0.0000 0.0000 -61.3466 -59.2284 -57.9984 -57.2728 -56.8688 -56.4698 -53.5776 -53.3986 -53.2810 -53.2003 -53.1537 -53.1353 -53.1392 -53.1664 -53.2127 -53.2778 -53.3633 -53.4655 -46.3461 -46.4460 0.0000 0.0000 0.0000 0.0000 -65.3328 -62.2002 -61.6250 -61.1711 -60.7000
-40.5586 -40.8053 -41.0512 -41.2884 -41.5249 0.0000 0.0000 0.0000 0.0000 0.0000 0.0000 0.0000 -60.7525 -59.5028 -58.6171 -56.7171 -53.0774 -52.8874 -52.7716 -52.6972 -52.6587 -52.6529 -52.6780 -52.7301 -52.8092 -52.9160 -45.7730 -45.9311 -46.0899 -46.2461 -46.3998 0.0000 0.0000 0.0000 -64.6448 -62.4359 -61.7298 -61.1672 -60.7309 -60.3048
-40.4387 -40.6893 -40.9417 -41.1883 0.0000 0.0000 0.0000 0.0000 0.0000 0.0000 0.0000 0.0000 -61.7680 -60.6271 -52.8548 -52.5225 -52.3202 -52.1917 -52.1226 -52.1219 -52.1507 -52.2221 -45.0518 -45.2215 -45.3916 -45.5589 -45.7232 -45.8848 -55.0412 -55.2071 -55.3706 -55.5311 -64.8225 -65.0100 -64.9409 -61.7520 -61.1066 -60.5972 -58.0645 -57.8484
-40.3236 -40.5820 -40.8326 -41.0810 -41.3219 0.0000 0.0000 0.0000 0.0000 0.0000 0.0000 0.0000 0.0000 -52.2180 -51.8685 -51.6500 -51.5429 -51.5233 -44.3214 -44.4572 -44.6407 -44.8214 -44.9984 -45.1722 -45.3433 -45.5109 0.0000 0.0000 -60.7227 -58.5592 -57.6940 0.0000 0.0000 -65.4528 -61.7511 -60.9006 -60.2597 -57.6847 -57.4573 -57.2932
-40.2053 -40.4690 -40.7255 -40.9783 -41.2254 0.0000 0.0000 0.0000 0.0000 0.0000 0.0000 -52.0697 -51.3924 -51.0316 -50.8812 -43.6277 -43.8253 -44.0207 -44.2128 -44.4005 -44.5888 -44.7694 -44.9467 0.0000 0.0000 0.0000 0.0000 0.0000 0.0000 0.0000 0.0000 0.0000 0.0000 -61.9033 -60.6894 -59.8161 -57.2654 -57.0322 -56.8519 -56.7197
-40.0531 -40.3226 -40.5839 -40.8368 -41.0873 -41.3370 0.0000 0.0000 0.0000 -52.9528 -50.8832 -42.7320 -42.9443 -43.1579 -43.3662 -43.5700 -43.7688 -43.9640 -44.1556 -44.3446 -44.5314 0.0000 0.0000 0.0000 0.0000 0.0000 0.0000 0.0000 0.0000 0.0000 0.0000 -64.7220 -62.4919 -60.4456 -57.1411 -56.7895 -56.5286 -56.3432 -56.2149 -56.1290
-39.9264 -40.1990 -40.4636 -40.7225 -40.9796 -41.2296 0.0000 -41.7616 -41.9456 -42.1769 -42.4041 -42.6262 -42.8453 -43.0587 -43.2678 -43.4720 -43.6712 -43.8659 -44.0568 -44.2440 -44.4307 0.0000 0.0000 0.0000 0.0000 0.0000 0.0000 0.0000 0.0000 0.0000 -66.5174 -64.7899 -60.2288 -56.6004 -56.1945 -55.9214 -55.7405 -55.6242 -55.5557 -55.5231
-39.8094 -40.0827 -40.3505 -40.6162 -40.8756 -41.1309 -41.3816 -41.6266 -41.8661 -42.0982 -42.3250 -42.5480 -42.7655 -42.9780 -43.1859 -43.3911 -43.5938 -43.7914 -43.9893 -44.1810 -44.3681 0.0000 0.0000 0.0000 -56.6994 -54.5706 0.0000 0.0000 0.0000 0.0000 0.0000 -56.5987 -55.8638 -55.4134 -55.1523 -55.0005 -54.9217 -54.8948 -54.9075 -54.9510
-39.6907 -39.9710 -40.2507 -40.5240 -40.7910 -41.0494 -41.3005 -41.5433 -41.7802 -42.0123 -42.2426 -42.4695 -42.6917 -42.9090 -43.1213 -43.3274 -43.5295 -43.7260 -43.9201 -44.1104 -44.2978 -44.4867 -56.2597 -44.8454 -45.0233 -45.1962 -45.3664 0.0000 0.0000 -57.5385 -55.4588 -54.6317 -54.2670 -54.1551 -46.6171 -46.7634 -46.9075 -47.0498 -47.1901 -47.3290
-39.5891 -39.8804 -40.1613 -40.4333 -40.6982 -40.9556 -41.2101 -41.4588 -41.7032 -41.9420 -42.1740 -42.4011 -42.6229 -42.8396 -43.0521 -43.2604 -43.4644 -43.6627 -43.8588 -44.0512 -44.2405 -44.4264 -44.6109 -44.7903 -44.9665 -45.1423 -45.3123 -45.4778 -45.6413 -45.8011 -45.9592 -46.1090 -46.2624 -46.4135 -46.5624 -46.7065 -46.8580 -47.0019 -47.1436 -47.2835
-39.4890 -39.7815 -40.0661 -40.3439 -40.6134 -40.8753 -41.1312 -41.3825 -41.6282 -41.8681 -42.1005 -42.3295 -42.5533 -42.7730 -42.9889 -43.2000 -43.4067 -43.6088 -43.8053 -43.9991 -44.1881 -44.3736 -44.5555 -44.7366 -44.9125 -45.0848 -45.2548 -45.4219 -45.5901 -45.7519 -45.9120 -46.0695 -46.2245 -46.3770 -46.5204 -46.6658 -46.8109 -46.9539 -47.1023 -47.2414
-39.3997 -39.6947 -39.9810 -40.2589 -40.5291 -40.7919 -41.0514 -41.3072 -41.5568 -41.8006 -42.0384 -42.2706 -42.4968 -42.7170 -42.9299 -43.1403 -43.3462 -43.5476 -43.7431 -43.9373 -44.1288 -44.3170 -44.5011 -44.6845 -44.8628 -45.0380 -45.2101 -45.3791 -45.5452 -45.7083 -45.8671 -46.0283 -46.1833 -46.3358 -46.4858 -46.6336 -46.7761 -46.9107 -47.0510 -47.1893
-39.3116 -39.6107 -39.9013 -40.1839 -40.4594 -40.7282 -40.9899 -41.2447 -41.4929 -41.7351 -41.9713 -42.2038 -42.4312 -42.6539 -42.8726 -43.0864 -43.2954 -43.4999 -43.6967 -43.8905 -44.0816 -44.2694 -44.4538 -44.6348 -44.8150 -44.9901 -45.1621 -45.3310 -45.4971 -45.6604 -45.8198 -45.9781 -53.3483 -53.5075 -53.6868 -53.8247 -53.9775 -54.1181 -54.2634 -54.4058
-39.2322 -39.5327 -39.8242 -40.1091 -40.3881 -40.6598 -40.9248 -41.1830 -41.4349 -41.6801 -41.9193 -42.1528 -42.3811 -42.6042 -42.8218 -43.0345 -43.2426 -43.4463 -43.6454 -43.8396 -51.2791 -51.4744 -51.6466 -51.8360 -52.0355 -52.2223 -52.4065 -52.5871 -52.7640 -52.9380 -53.1017 -53.2692 -53.4341 -53.5964 -53.7601 -53.9157 -54.0985 -54.2470 -54.3769 -54.5183
-39.1617 -39.4632 -39.7571 -40.0447 -40.3253 -40.5986 -40.8644 -41.1233 -48.9732 -49.2178 -49.4568 -49.6906 -49.9194 -50.1434 -50.3623 -50.5746 -50.7837 -50.9884 -51.1746 -51.3681 -51.5503 -51.7392 -51.8877 -52.0701 -52.2491 -52.4413 -52.5905 -52.7633 -52.9332 -53.0993 -53.2553 -53.4221 -53.5809 -53.7375 -53.8918 -54.0437 -54.1938 -54.3424 -54.4688 -54.6459
-48.0599 -48.1288 -48.2622 -48.4230 -48.6045 -48.7979 -48.9987 -49.2038 -49.4109 -49.6185 -49.8258 -50.0319 -50.2362 -50.4368 -50.6368 -50.8337 -51.0263 -51.2171 -51.4041 -51.5867 -51.7542 -51.9340 -52.1112 -52.2857 -52.4573 -52.6419 -52.8128 -52.9803 -53.1511 -53.3125 -53.4267 -53.5827 -53.7367 -53.8885 -54.0384 -54.1861 -54.3314 -54.4753 -54.6175 -54.7335
-49.4212 -49.2832 -49.2614 -49.3002 -49.3848 -49.4993 -49.6348 -49.7851 -49.9458 -50.1135 -50.2861 -50.4602 -50.6378 -50.8163 -50.9935 -51.1718 -51.3487 -51.5242 -51.6977 -51.8683 -52.0195 -52.1880 -52.3558 -52.5213 -52.6843 -52.8605 -53.0314 -53.1946 -53.3547 -53.5111 -53.6655 -53.8077 -53.9581 -54.1063 -54.1952 -54.3305 -54.4714 -54.6112 -54.7537 -54.8866
-50.6779 -50.3888 -50.2334 -50.1760 -50.1733 -50.2148 -50.2887 -50.3863 -50.5001 -50.6283 -50.7660 -50.9110 -51.0590 -51.2130 -51.3695 -51.5282 -51.6895 -51.8497 -52.0062 -52.1651 -52.3197 -52.4557 -52.6113 -52.7774 -52.9315 -53.0835 -53.2547 -53.4109 -53.5647 -53.7156 -53.8633 -53.9916 -54.1361 -54.2790 -54.4203 -54.5600 -54.6980 -54.8351 -54.9785 -55.0347
-51.7901 -51.4063 -51.1574 -51.0212 -50.9452 -50.9238 -50.9403 -50.9893 -51.0618 -51.1523 -51.2534 -51.3690 -51.4922 -51.6223 -51.7572 -51.8980 -52.0457 -52.1917 -52.3397 -52.4886 0.0000 -59.3305 -52.9385 -53.0345 -53.1797 -53.3236 -53.4814 -53.6316 -53.7792 -53.9238 -54.0651 -54.1926 -54.3319 -54.4697 -54.6068 -54.7425 -54.8768 -55.0196 -55.1526 -55.3074
-52.7587 -52.3253 -52.0155 -51.8205 -51.6855 -51.6118 -51.5823 -51.5883 -51.6160 -51.6718 -51.7449 -51.8323 -51.9307 -52.0383 -52.1555 -52.2767 -52.4031 -52.5362 0.0000 0.0000 0.0000 -61.7361 -59.5481 -58.3542 -57.6557 -57.2395 -56.9917 -56.9046 -56.8492 -54.1655 -54.2776 -54.3971 -54.5349 -54.6705 -54.8034 -54.9413 -55.0759 -55.2227 0.0000 0.0000
-53.6013 -53.1470 -52.7997 -52.5470 -52.3896 -52.2748 -52.1961 -52.1654 -52.1654 -52.1899 -52.2346 -52.2955 -52.3701 -52.4585 -52.5539 -52.6591 0.0000 0.0000 0.0000 0.0000 0.0000 0.0000 -60.9565 -59.7742 -58.9557 -58.3987 -58.0205 -57.8278 -57.6884 -57.5955 -57.5447 -57.4906 -57.5003 -57.5314 -57.5766 -55.1751 -55.2662 0.0000 0.0000 0.0000
-54.3349 -53.8771 -53.5143 -53.2356 -53.0349 -52.8888 -52.7917 -52.7311 -52.7023 -52.6997 -52.7188 -52.7561 -52.8087 -52.8802 0.0000 0.0000 0.0000 0.0000 0.0000 0.0000 0.0000 0.0000 -62.0777 -60.8070 -59.9912 -59.3818 -58.9310 -58.6024 -58.4723 -58.3192 -58.2128 -58.1297 -58.0660 -58.0741 -58.0898 -58.1184 -58.1652 -58.2533 0.0000 0.0000
-54.9794 -54.5306 -54.1436 -53.8515 -53.6241 -53.4808 -53.3607 -53.2769 -53.2243 -53.1985 -53.1952 -53.2137 -53.2598 -53.3069 0.0000 0.0000 0.0000 0.0000 0.0000 0.0000 0.0000 0.0000 0.0000 -61.5700 -60.8078 -60.1986 -59.7195 -59.3477 -59.1860 -58.9952 -58.8606 -58.7353 -58.6215 -58.5830 -58.5699 -58.5721 -58.5926 -58.6508 0.0000 0.0000
-55.1966 -55.0370 -54.7316 -54.4345 -54.1952 -54.0372 -53.9020 -53.8003 -53.7295 -53.6865 -53.6741 -53.6763 0.0000 0.0000 0.0000 0.0000 0.0000 0.0000 0.0000 0.0000 0.0000 0.0000 0.0000 -62.2663 -61.5656 -60.9836 -60.4937 -60.1154 -59.7953 -59.7224 -59.4650 -59.3003 -59.1313 -59.0626 -59.0196 -58.9942 -58.9880 -59.0067 -59.0847 0.0000
-54.5299 -54.4508 -54.4442 -54.4662 -54.5134 -54.5276 -54.4154 -54.3053 -54.2304 -54.1681 -54.1311 0.0000 0.0000 0.0000 0.0000 0.0000 0.0000 0.0000 0.0000 0.0000 0.0000 0.0000 0.0000 0.0000 -62.0859 -61.5724 -61.1132 -60.7317 -60.4213 -60.4268 0.0000 0.0000 -59.4456 -59.2841 -59.2137 -59.1586 -59.1182 -59.0651 -59.0500 -59.0813
-53.7888 -53.8230 -53.8682 -53.9577 -54.0608 -54.1771 -54.3431 -54.4962 -54.6427 -54.6243 -54.5692 0.0000 0.0000 0.0000 0.0000 0.0000 0.0000 0.0000 0.0000 0.0000 0.0000 0.0000 0.0000 0.0000 -62.5241 -62.0200 -61.5830 -61.2248 -60.9097 -60.6760 0.0000 0.0000 -66.2519 -62.8860 -59.6045 -59.5322 -59.4829 -59.4345 -59.4044 -59.3860
-53.0206 -53.1284 -53.2591 -53.4205 -53.5820 -53.7466 -53.9113 -54.1366 -54.3192 -54.4913 -54.6610 -54.8287 0.0000 0.0000 0.0000 0.0000 0.0000 0.0000 0.0000 0.0000 0.0000 0.0000 0.0000 0.0000 0.0000 -62.3637 -61.9263 -61.2585 -60.9466 -60.6809 -60.4313 -65.6690 -65.7939 -64.5333 -63.0658 -62.4292 -59.8588 -59.8121 -59.7786 -59.7254
-52.1832 -52.4359 -52.6707 -52.8801 -53.1003 -53.3151 -53.5234 -53.7835 -54.0001 -54.2001 -54.3947 0.0000 0.0000 0.0000 0.0000 0.0000 0.0000 0.0000 0.0000 0.0000 0.0000 -68.7001 -68.2064 0.0000 -65.4335 -62.3293 -61.9416 -61.6140 -61.3217 -61.0594 -60.8310 -60.7616 -63.9498 -62.6250 -62.5433 -62.4189 -62.3255 -62.2545 -60.0913 -60.0610
-48.5570 -48.8814 -49.2427 -51.9650 -52.2972 -52.6097 -52.9021 -53.1740 -53.5026 0.0000 0.0000 0.0000 0.0000 0.0000 0.0000 0.0000 0.0000 0.0000 0.0000 -67.1243 -67.1171 -66.5670 -65.9765 -65.4975 -65.1156 -64.5038 -62.2730 -61.9648 -61.6851 -61.4309 -61.2040 -61.1322 -60.9906 -62.2634 -62.3472 -62.2630 -62.2032 -62.1551 -62.1201 -60.4400
-48.3909 -48.7215 -49.0405 -49.3479 -49.6370 -49.9109 -50.1772 -52.8339 0.0000 0.0000 0.0000 0.0000 0.0000 0.0000 0.0000 0.0000 0.0000 0.0000 0.0000 -67.0841 -66.9844 -66.4149 -65.8927 -65.4547 -65.0836 -64.7934 -62.5758 -62.2849 -62.0181 -61.7750 -61.5517 -61.3533 -61.3399 -61.1873 -61.9978 -62.0669 -62.0894 -62.0633 -62.0447 -62.0347
-48.1402 -48.4557 -48.8990 -49.2096 -49.5019 -49.7957 -50.0735 -50.3355 -50.5905 0.0000 0.0000 0.0000 0.0000 0.0000 0.0000 0.0000 0.0000 0.0000 0.0000 -67.2424 -66.5794 -66.4551 -65.9876 -65.5941 -65.2238 -64.9351 -64.2269 -62.5794 -61.6487 -61.5483 -61.4741 -61.3720 -61.4746 -61.4970 -61.4299 -61.7999 -61.8856 -61.9345 -61.9334 -61.9140
-48.0491 -48.3656 -48.6728 -48.9710 -49.3883 -49.6734 -49.9605 -50.2406 -50.4980 0.0000 0.0000 0.0000 0.0000 0.0000 0.0000 0.0000 0.0000 0.0000 0.0000 0.0000 -66.6199 -66.6464 -66.2237 -65.8502 -65.3955 -64.5834 -63.6897 -61.4517 -61.3393 -61.2729 -61.2186 -61.1727 -61.1383 -61.3003 -61.3472 -61.3580 -61.3585 -61.6979 -61.7660 -61.7848
-47.9679 -48.2850 -48.5929 -48.8918 -49.1807 -49.4524 -49.8518 -50.1320 -50.4062 -50.6647 0.0000 0.0000 0.0000 0.0000 0.0000 0.0000 0.0000 0.0000 0.0000 0.0000 -66.7758 -66.3303 -66.1752 -65.6072 -64.5789 -61.6994 -61.5343 -61.2658 -61.0618 -61.0128 -60.9776 -60.9484 -60.9290 -61.0485 -61.1278 -61.1552 -61.1944 -61.2349 -61.5499 -61.6349
