0.0000 0.0000 0.0000 0.0000 0.0000 -60.6556 -60.5753 -60.4736 -60.3067 -60.1381 -59.9670 -59.7923 -59.6012 -59.4291 -59.1767 -59.0607 -58.8737 -58.6760 -58.4663 -58.2440 -56.6301 -56.5763 -56.5259 -56.4790 -56.4353 -56.3130 -56.0884 -55.8509 -55.5963 -55.3349 -55.0409 -54.7247 -54.3893 -46.6219 -46.4661 -46.3081 -46.1471 -45.9838 -45.8182 -45.6504
0.0000 0.0000 0.0000 0.0000 0.0000 0.0000 -60.5478 -60.5080 -60.4720 -60.3767 -60.2113 -60.0182 -59.8649 -59.6925 -59.5129 -59.3492 -59.1729 -58.9881 -58.7934 -58.5871 -58.3671 -58.1312 -56.4240 -56.3828 -56.3477 -56.3191 -56.2973 -56.2814 -56.0828 -55.8427 -55.5859 -55.3085 -55.0059 -54.6705 -54.2927 -53.8679 -46.0855 -45.9213 -45.7542 -45.5848
0.0000 0.0000 0.0000 0.0000 0.0000 0.0000 -60.5265 -60.4654 -60.4373 -60.4137 -60.3943 -60.2808 -60.1323 -59.9627 -59.7985 -59.6460 -59.4841 -59.3143 -59.1358 -58.9474 -58.7473 -58.5335 -58.3029 -58.0518 -56.2237 -56.2016 -56.1900 -56.1902 -56.1996 -56.2217 -56.1899 -55.9683 -55.7323 -55.4775 -55.1940 -54.8689 -54.4796 -53.9863 -45.6927 -45.5214
0.0000 0.0000 0.0000 0.0000 0.0000 0.0000 0.0000 -60.3987 -60.3765 -60.3601 -60.3188 -60.3243 -60.3346 -60.2309 -60.0886 -59.9501 -59.8042 -59.6515 -59.4916 -59.3230 -59.1451 -58.9563 -58.7551 -58.5366 -58.2970 -58.0292 -55.8125 -55.8937 -56.0055 -56.1022 -56.1688 -56.2642 -56.3911 -56.3441 -56.1830 -56.0191 -55.8520 -55.6837 -55.5195 -55.3415
0.0000 0.0000 0.0000 0.0000 0.0000 0.0000 0.0000 -60.3403 -60.2895 -60.2354 -60.2273 -60.2525 -60.2648 -60.8821 -60.9760 -60.8917 -60.7688 -60.6437 -60.5170 -60.3901 -60.2620 -60.1389 -60.0081 -59.8756 -59.7391 -59.5937 -59.4301 -59.0155 -55.4355 -55.5477 -55.7054 -55.9278 -56.2292 -56.6291 -57.1523 -57.8277 -58.6920 -59.7414 -63.3299 0.0000
0.0000 0.0000 0.0000 0.0000 0.0000 0.0000 0.0000 0.0000 -60.5578 -60.5793 -60.6116 -60.6448 -60.6759 -60.7236 -60.8331 -60.9551 -61.0720 -60.9605 -60.8679 -60.7520 -60.6371 -60.5242 -60.4143 -60.3083 -60.2070 -60.1105 -59.9089 -59.9210 -59.6948 -59.2041 -58.5097 -55.1869 -55.4324 -55.7797 -56.2609 -56.9295 -57.8212 -58.9993 0.0000 0.0000
0.0000 0.0000 0.0000 0.0000 0.0000 0.0000 -60.3850 -60.3815 -60.3877 -60.4041 -60.4324 -60.4530 -60.4820 -60.5446 -60.6585 -60.7950 -60.9916 -61.1818 -61.2476 -61.1507 -61.0570 -60.9681 -60.8859 -60.8133 -60.7534 -60.7105 -60.6654 -60.0743 -60.5576 -60.7959 -60.7384 -60.5838 -60.4336 -54.8264 -55.2249 -55.8109 -56.7058 -57.9983 -59.8103 0.0000
0.0000 0.0000 0.0000 0.0000 -60.2699 -60.2420 -60.2208 -60.2073 -60.2027 -60.2087 -60.2269 -60.2356 -60.2568 -60.3769 -60.4875 -60.6282 -60.8039 -61.0199 -61.2798 -61.5823 -61.5143 -61.4548 -61.4067 -61.3740 -61.3235 -61.3402 -61.3971 -61.5096 -60.3964 -61.0285 -61.7604 -62.7579 -64.1342 0.0000 -54.0609 -54.4701 -55.1930 -56.4575 -58.5860 0.0000
0.0000 0.0000 -62.6151 -62.7766 -62.8290 -62.7416 -62.6517 -60.0564 -60.0249 -60.0171 -60.0126 -60.0569 -60.0604 -60.1331 -60.2357 -60.3722 -60.5511 -60.7816 -61.0737 -61.4339 -61.8610 -61.9617 -61.9022 -61.9134 -61.9541 -62.0329 -62.1643 -62.3699 -60.1731 -60.8842 -62.5084 -65.6477 0.0000 0.0000 0.0000 -45.8670 -53.3114 -54.0699 -56.1670 -60.6032
-62.6215 -62.6187 -64.0306 -64.3248 -64.7304 -65.3245 -66.2258 -67.7408 0.0000 0.0000 -59.8879 -59.8513 -59.7444 -59.8857 -59.9660 -60.0820 -60.2443 -60.4638 -60.7619 -61.1581 -61.6229 -62.2407 -62.4500 -62.5055 -62.6084 -62.7443 -62.9545 -63.2364 -63.6717 -60.3738 -61.4706 0.0000 0.0000 0.0000 0.0000 -45.8306 -45.6560 -45.4814 -45.3021 -45.1224
-64.0790 -64.1410 -64.6297 -64.9824 -65.4805 -66.2569 0.0000 0.0000 0.0000 0.0000 -59.8401 -59.7537 -59.7033 -59.7164 -59.7557 -59.8251 -59.9410 -60.1220 -60.3569 -60.7510 -61.3182 -62.0752 -63.0003 -63.1180 -63.2525 -63.4505 -63.7770 -66.2704 0.0000 0.0000 -60.7746 0.0000 0.0000 0.0000 0.0000 0.0000 -45.6281 -45.4469 -45.2664 -45.0822
-64.7912 -64.6874 -64.8243 -65.6896 0.0000 0.0000 0.0000 0.0000 0.0000 0.0000 0.0000 -59.8275 -59.7829 -59.7737 -59.7560 -59.7720 -59.7934 -59.9137 -60.1216 -60.4659 -61.0025 -61.8326 -63.0101 -63.7260 -63.9480 -66.2003 0.0000 0.0000 0.0000 0.0000 -59.7673 -61.5024 0.0000 0.0000 0.0000 0.0000 -45.5949 -45.4136 -45.2330 -45.0499
-65.3612 -65.3123 -67.0709 0.0000 0.0000 0.0000 0.0000 0.0000 0.0000 0.0000 0.0000 -59.9695 -59.9325 -59.9441 -59.9041 -59.9434 -60.0391 -60.1580 -60.3160 -60.5946 -61.0620 -61.8930 -63.2467 -66.2463 0.0000 0.0000 0.0000 0.0000 0.0000 0.0000 0.0000 -60.1845 0.0000 0.0000 0.0000 0.0000 -45.5441 -45.3697 -45.1917 -45.0075
-67.2481 0.0000 -67.2456 0.0000 0.0000 0.0000 0.0000 0.0000 0.0000 0.0000 0.0000 -60.0038 -60.0472 -60.0963 -60.1835 -60.2872 -60.4341 -60.6287 -60.9126 -61.2835 -61.7994 -63.3702 0.0000 0.0000 0.0000 0.0000 0.0000 0.0000 0.0000 0.0000 0.0000 -57.8328 0.0000 0.0000 -45.8153 -45.6447 -45.4701 -45.2919 -45.1101 -44.9220
0.0000 0.0000 -63.2454 -68.0558 0.0000 0.0000 0.0000 0.0000 0.0000 0.0000 -60.2863 -60.4285 -60.4603 -60.5130 -60.6090 -60.7621 -61.0263 -61.3690 -61.7407 -62.7882 0.0000 0.0000 0.0000 0.0000 0.0000 0.0000 0.0000 0.0000 0.0000 -46.5779 -46.4204 -46.2645 -46.1013 -45.9352 -45.7661 -45.5948 -45.4205 -45.2429 -45.0588 -44.8744
0.0000 0.0000 0.0000 -63.1774 0.0000 0.0000 0.0000 0.0000 -60.4973 -60.7246 -60.7394 -60.9484 -61.0263 -61.1520 -61.2984 -61.5261 -62.5835 -63.0652 0.0000 0.0000 0.0000 0.0000 0.0000 0.0000 0.0000 0.0000 0.0000 -46.8476 -46.6936 -46.5370 -46.3778 -46.2203 -46.0554 -45.8880 -45.7185 -45.5463 -45.3709 -45.1909 -45.0058 -44.8206
0.0000 0.0000 0.0000 -62.8135 -62.4613 0.0000 -60.9065 -60.9028 -60.8940 -61.1902 -61.2434 -61.5466 -61.6996 -61.8520 -62.2177 -62.8040 0.0000 0.0000 0.0000 0.0000 0.0000 0.0000 0.0000 0.0000 0.0000 -47.1123 -46.9624 -46.8048 -46.6511 -46.4952 -46.3415 -46.1804 -46.0165 -45.8481 -45.6779 -45.5045 -45.3278 -45.1477 -44.9614 -44.7749
-65.5645 0.0000 0.0000 0.0000 -61.0572 -61.2639 -61.2588 -61.2595 -61.3174 -61.6552 -61.7797 -62.1611 -62.3710 -62.7599 0.0000 0.0000 0.0000 0.0000 0.0000 0.0000 0.0000 0.0000 0.0000 -47.3650 -47.2192 -47.0712 -46.9210 -46.7633 -46.6092 -46.4526 -46.2963 -46.1345 -45.9701 -45.8031 -45.6332 -45.4603 -45.2841 -45.1017 -44.9194 -44.7336
-59.7771 0.0000 -59.9113 -60.0777 -60.6214 -60.9133 -61.2723 -61.6275 -62.0216 -62.0989 -62.6291 -62.9630 0.0000 0.0000 0.0000 0.0000 0.0000 0.0000 0.0000 0.0000 -47.7549 -47.6150 -47.4728 -47.3286 -47.1822 -47.0333 -46.8764 -46.7220 -46.5672 -46.4098 -46.2545 -46.0920 -45.9270 -45.7592 -45.5884 -45.4143 -45.2369 -45.0532 -44.8695 -44.6823
-59.1954 -59.2883 -59.4161 -59.5926 -60.0954 -60.3807 -60.7432 -61.2080 -62.2084 -62.7230 0.0000 0.0000 0.0000 0.0000 0.0000 0.0000 0.0000 0.0000 -47.9891 -47.8535 -47.7161 -47.5759 -47.4337 -47.2871 -47.1409 -46.9925 -46.8361 -46.6839 -46.5294 -46.3773 -46.2170 -46.0539 -45.8881 -45.7193 -45.5476 -45.3725 -45.1909 -45.0097 -44.8250 -44.6367
-58.6592 -58.7124 -58.7959 -59.1660 -59.3532 -59.6217 -60.0017 -60.5351 -61.6144 -62.7722 0.0000 0.0000 0.0000 0.0000 0.0000 0.0000 -48.2178 -48.0851 -47.9507 -47.8145 -47.6735 -47.5328 -47.3901 -47.2454 -47.0985 -46.9493 -46.7925 -46.6401 -46.4852 -46.3322 -46.1716 -46.0083 -45.8423 -45.6734 -45.5015 -45.3264 -45.1449 -44.9639 -44.7794 -44.5918
-58.0638 -58.0698 -58.0983 -58.3667 -58.4724 -58.6449 -58.9124 -59.3302 -60.2437 -61.4207 -63.3939 0.0000 0.0000 0.0000 -48.4441 -48.3136 -48.1785 -48.0460 -47.9116 -47.7752 -47.6363 -47.4949 -47.3516 -47.2063 -47.0588 -46.9030 -46.7522 -46.5990 -46.4434 -46.2902 -46.1291 -45.9650 -45.7981 -45.6283 -45.4552 -45.2768 -45.0977 -44.9156 -44.7304 -44.5416
-57.5430 -57.4910 -57.4292 -57.5854 -57.5859 -57.6251 -57.7224 -57.9179 -58.4730 -59.3189 -61.3109 0.0000 -48.6644 -48.5320 -48.4050 -48.2761 -48.1453 -48.0127 -47.8780 -47.7414 -47.6018 -47.4601 -47.3164 -47.1706 -47.0226 -46.8665 -46.7152 -46.5613 -46.4101 -46.2511 -46.0912 -45.9267 -45.7596 -45.5893 -45.4158 -45.2359 -45.0566 -44.8740 -44.6880 -44.4985
-49.9709 -49.8619 -49.7516 -49.6702 -49.5568 -49.4422 -49.3264 -49.2095 -49.1119 -48.9932 -48.8730 -48.7498 -48.6261 -48.5005 -48.3731 -48.2439 -48.1127 -47.9796 -47.8444 -47.7076 -47.5674 -47.4252 -47.2810 -47.1347 -46.9862 -46.8321 -46.6802 -46.5261 -46.3749 -46.2159 -46.0542 -45.8897 -45.7225 -45.5521 -45.3784 -45.1980 -45.0181 -44.8349 -44.6482 -44.4578
-49.9427 -49.8334 -49.7231 -49.6417 -49.5279 -49.4131 -49.2972 -49.1796 -49.0823 -48.9634 -48.8429 -48.7206 -48.5965 -48.4704 -48.3426 -48.2128 -48.0810 -47.9473 -47.8117 -47.6734 -47.5327 -47.3929 -47.2483 -47.1018 -46.9464 -46.7967 -46.6446 -46.4900 -46.3382 -46.1784 -46.0160 -45.8508 -45.6827 -45.5115 -45.3336 -45.1567 -44.9765 -44.7929 -44.6057 -44.4150
-49.9129 -49.8039 -49.6938 -49.6129 -49.4988 -49.3839 -49.2674 -49.1713 -49.0527 -48.9336 -48.8128 -48.6902 -48.5657 -48.4393 -48.3111 -48.1810 -48.0527 -47.9188 -47.7830 -47.6441 -47.5032 -47.3603 -47.2154 -47.0682 -46.9126 -46.7623 -46.6096 -46.4600 -46.3022 -46.1419 -45.9789 -45.8132 -45.6444 -45.4726 -45.2942 -45.1168 -44.9361 -44.7521 -44.5644 -44.3729
-49.8771 -49.7678 -49.6572 -49.5763 -49.4624 -49.3476 -49.2311 -49.1351 -49.0167 -48.8975 -48.7767 -48.6587 -48.5342 -48.4078 -48.2796 -48.1494 -48.0173 -47.8833 -47.7467 -47.6074 -47.4662 -47.3230 -47.1776 -47.0301 -46.8746 -46.7242 -46.5712 -46.4215 -46.2635 -46.1029 -45.9396 -45.7736 -45.6043 -45.4282 -45.2535 -45.0757 -44.8945 -44.7101 -44.5220 -44.3304
-49.8431 -49.7335 -49.6549 -49.5419 -49.4280 -49.3129 -49.2023 -49.1068 -48.9891 -48.8702 -48.7493 -48.6265 -48.5017 -48.3751 -48.2464 -48.1157 -47.9831 -47.8485 -47.7109 -47.5712 -47.4295 -47.2857 -47.1398 -46.9847 -46.8359 -46.6848 -46.5370 -46.3809 -46.2221 -46.0608 -45.8968 -45.7300 -45.5603 -45.3839 -45.2086 -45.0302 -44.8486 -44.6642 -44.4763 -44.2847
-49.8101 -49.7004 -49.6295 -49.5166 -49.4027 -49.2873 -49.1706 -49.0757 -48.9581 -48.8392 -48.7183 -48.5955 -48.4706 -48.3436 -48.2147 -48.0838 -47.9510 -47.8161 -47.6780 -47.5381 -47.3961 -47.2520 -47.1059 -46.9509 -46.8019 -46.6505 -46.5026 -46.3462 -46.1873 -46.0257 -45.8613 -45.6939 -45.5193 -45.3465 -45.1710 -44.9923 -44.8104 -44.6251 -44.4363 -44.2466
-49.7911 -49.6815 -49.6035 -49.4905 -49.3763 -49.2606 -49.1436 -49.0490 -48.9311 -48.8119 -48.6908 -48.5678 -48.4428 -48.3159 -48.1871 -48.0560 -47.9224 -47.7862 -47.6473 -47.5064 -47.3635 -47.2186 -47.0715 -46.9161 -46.7663 -46.6140 -46.4654 -46.3081 -46.1483 -45.9859 -45.8209 -45.6531 -45.4784 -45.3053 -45.1297 -44.9513 -44.7696 -44.5846 -44.3959 -44.2065
-49.7642 -49.6537 -49.5754 -49.4615 -49.3466 -49.2304 -49.1132 -49.0186 -48.9003 -48.7805 -48.6588 -48.5350 -48.4092 -48.2813 -48.1516 -48.0198 -47.8860 -47.7490 -47.6096 -47.4683 -47.3248 -47.1801 -47.0260 -46.8789 -46.7297 -46.5841 -46.4299 -46.2736 -46.1148 -45.9533 -45.7888 -45.6213 -45.4471 -45.2743 -45.0984 -44.9190 -44.7362 -44.5500 -44.3633 -44.1698
-49.7330 -49.6221 -49.5438 -49.4296 -49.3143 -49.1977 -49.0800 -48.9858 -48.8680 -48.7486 -48.6271 -48.5036 -48.3782 -48.2507 -48.1213 -47.9900 -47.8564 -47.7199 -47.5813 -47.4408 -47.2982 -47.1533 -46.9991 -46.8517 -46.7021 -46.5561 -46.4012 -46.2438 -46.0838 -45.9212 -45.7554 -45.5826 -45.4118 -45.2380 -45.0612 -44.8813 -44.6985 -44.5122 -44.3255 -44.1319
-49.7044 -49.5938 -49.5163 -49.4024 -49.2875 -49.1713 -49.0543 -48.9615 -48.8438 -48.7243 -48.6027 -48.4790 -48.3532 -48.2254 -48.0953 -47.9632 -47.8282 -47.6908 -47.5513 -47.4097 -47.2661 -47.1206 -46.9664 -46.8184 -46.6680 -46.5216 -46.3664 -46.2093 -46.0496 -45.8869 -45.7214 -45.5488 -45.3782 -45.2045 -45.0277 -44.8477 -44.6651 -44.4826 -44.2933 -44.1004
-49.6785 -49.5678 -49.4907 -49.3765 -49.2613 -49.1451 -49.0536 -48.9356 -48.8177 -48.6978 -48.5756 -48.4512 -48.3247 -48.1961 -48.0654 -47.9328 -47.7967 -47.6590 -47.5197 -47.3783 -47.2349 -47.0814 -46.9359 -46.7884 -46.6450 -46.4926 -46.3376 -46.1800 -46.0204 -45.8580 -45.6883 -45.5211 -45.3509 -45.1777 -45.0015 -44.8219 -44.6387 -44.4552 -44.2647 -44.0707
-49.6516 -49.5414 -49.4639 -49.3495 -49.2345 -49.1177 -49.0268 -48.9091 -48.7910 -48.6710 -48.5485 -48.4240 -48.2973 -48.1686 -48.0381 -47.9052 -47.7695 -47.6320 -47.4922 -47.3504 -47.2068 -47.0543 -46.9095 -46.7625 -46.6199 -46.4682 -46.3140 -46.1573 -45.9976 -45.8321 -45.6610 -45.4923 -45.3208 -45.1464 -44.9689 -44.7886 -44.6084 -44.4223 -44.2327 -44.0392
-49.6146 -49.5406 -49.4278 -49.3137 -49.1989 -49.0824 -48.9931 -48.8761 -48.7585 -48.6386 -48.5162 -48.3918 -48.2654 -48.1377 -48.0080 -47.8753 -47.7403 -47.6036 -47.4645 -47.3233 -47.1800 -47.0280 -46.8831 -46.7352 -46.5917 -46.4389 -46.2836 -46.1256 -45.9644 -45.7955 -45.6295 -45.4618 -45.2913 -45.1180 -44.9415 -44.7618 -44.5823 -44.3970 -44.2085 -44.0163
-49.5878 -49.5141 -49.4011 -49.2872 -49.1718 -49.0557 -48.9685 -48.8527 -48.7361 -48.6168 -48.4951 -48.3711 -48.2451 -48.1170 -47.9868 -47.8533 -47.7176 -47.5801 -47.4401 -47.2980 -47.1451 -47.0014 -46.8555 -46.7143 -46.5636 -46.4111 -46.2562 -46.0986 -45.9379 -45.7698 -45.6049 -45.4378 -45.2687 -45.0966 -44.9213 -44.7466 -44.5649 -44.3789 -44.1886 -43.9946
-49.5626 -49.4900 -49.3775 -49.2641 -49.1494 -49.0335 -48.9485 -48.8333 -48.7164 -48.5968 -48.4745 -48.3500 -48.2234 -48.0948 -47.9636 -47.8295 -47.6934 -47.5555 -47.4150 -47.2725 -47.1201 -46.9765 -46.8308 -46.6901 -46.5396 -46.3869 -46.2329 -46.0764 -45.9174 -45.7512 -45.5877 -45.4214 -45.2513 -45.0775 -44.9004 -44.7240 -44.5404 -44.3544 -44.1677 -43.9773
-49.5393 -49.4673 -49.3551 -49.2419 -49.1274 -49.0118 -48.9293 -48.8145 -48.6973 -48.5771 -48.4543 -48.3293 -48.2021 -48.0730 -47.9410 -47.8066 -47.6702 -47.5321 -47.3912 -47.2479 -47.0966 -46.9546 -46.8180 -46.6712 -46.5224 -46.3713 -46.2177 -46.0602 -45.8940 -45.7313 -45.5660 -45.3977 -45.2266 -45.0555 -44.8860 -44.7094 -44.5295 -44.3463 -44.1575 -43.9666
-49.5179 -49.4467 -49.3345 -49.2213 -49.1066 -48.9909 -48.9119 -48.7966 -48.6785 -48.5573 -48.4337 -48.3080 -48.1803 -48.0508 -47.9181 -47.7848 -47.6498 -47.5131 -47.3734 -47.2221 -47.0820 -46.9399 -46.8026 -46.6543 -46.5040 -46.3512 -46.1955 -46.0370 -45.8723 -45.7128 -45.5508 -45.3859 -45.2184 -45.0473 -44.8759 -44.6973 -44.5152 -44.3297 -44.1441 -43.9541
