-63.5977 -63.7267 -64.0248 -64.0513 -63.9084 -63.7052 -63.5130 -63.2045 -63.1552 -60.8742 -64.7805 -65.7152 -66.7421 -67.6371 -68.7839 -69.9371 -69.2691 -63.9735 -65.2249 -66.4499 -69.8944 -73.0084 0.0000 0.0000 -67.2473 -67.7018 -69.0879 -69.4163 -69.1881 -68.5835 -66.3009 -66.5562 -68.1516 -63.4571 -63.3335 -63.3886 -63.1977 -63.0572 -62.8149 -62.1776
-63.6333 -63.8946 -63.9978 -63.9608 -63.7697 -63.6151 -63.3245 -63.1747 -63.1228 -63.9014 0.0000 0.0000 0.0000 -67.5273 -67.7435 -67.3706 0.0000 0.0000 -65.4419 -66.4206 -69.9420 -72.0518 -73.9028 0.0000 0.0000 -67.5715 -68.7982 -69.0338 -68.6640 -68.0328 -62.6978 -62.7291 -62.6072 -63.1123 -63.1365 -63.2386 -63.1131 -62.9727 -62.6374 -61.9339
-63.9322 -64.0447 -63.9471 -63.7460 -63.5577 -63.3844 -63.2526 -63.2455 -63.4173 -69.3335 0.0000 0.0000 0.0000 0.0000 -66.5211 -66.2882 -70.1439 0.0000 -65.4128 -66.6143 -69.9958 -71.5980 -73.1562 0.0000 0.0000 -67.4276 -68.5123 -63.8106 -63.6171 -63.2423 -62.5129 -62.5349 -62.5466 -63.0077 -63.0434 -62.9785 -62.9422 -62.6083 -62.4203 -61.9585
-64.0784 -64.0734 -63.8782 -63.6963 -63.5079 -63.2226 -63.1822 -61.0729 -63.9894 -69.3600 0.0000 0.0000 0.0000 0.0000 -65.7197 -68.9585 -69.8163 0.0000 0.0000 -66.7211 -70.0639 -71.3812 -72.7153 -74.1378 0.0000 0.0000 -63.6202 -63.5315 -63.3597 -62.4018 -62.4541 -62.4987 -62.4705 -62.8752 -62.9037 -62.9134 -62.7093 -62.5708 -62.3955 -62.0290
-64.1992 -64.0270 -63.8205 -63.6335 -63.3454 -63.3025 -63.1347 -63.4350 -64.1546 -68.2112 -76.2781 0.0000 0.0000 -71.1843 -67.9180 -68.6981 -69.5028 -70.3508 0.0000 -66.8243 -70.1527 -71.2930 0.0000 0.0000 0.0000 -63.9030 -63.4752 -63.4178 -63.2757 -62.3656 -62.3780 -62.4147 -62.4444 -62.8597 -62.8847 -62.7070 -62.6793 -62.5441 -62.0184 -62.0512
-64.1379 -63.9368 -63.7548 -63.4712 -63.4320 -63.2582 -63.2728 -63.8322 -66.8809 -68.1077 -70.6783 -70.6497 -68.7706 -64.8103 -69.6314 -68.3163 -69.1548 -70.0375 0.0000 0.0000 0.0000 0.0000 0.0000 -63.9366 -63.8645 -63.6164 -63.3980 -63.2784 -63.1446 -62.3586 -62.3957 -62.4270 -62.4528 -62.8519 -62.6905 -62.6930 -62.6561 -62.5256 -62.0472 -62.0884
-64.2454 -63.8985 -63.5935 -63.5537 -63.3878 -61.2395 -63.6428 -64.1567 -67.1416 -68.0938 -68.3191 -68.0395 -64.7746 -68.7998 -69.5400 -67.6383 -68.0859 -69.4080 -70.5718 0.0000 0.0000 -64.0365 -63.9458 -63.7970 -63.7028 -63.4766 -63.3597 -63.2576 -63.1266 -62.3813 -62.4136 -62.4414 -62.3067 -62.6712 -62.6824 -62.6821 -62.6564 -66.5691 -65.5872 -65.6889
-64.2365 -63.9495 -63.9171 -63.7502 -63.3555 -63.5177 -63.9534 -66.5207 -67.2922 -67.9560 -67.6492 -64.8188 -67.9184 -68.5988 -69.3789 -67.4997 -67.9063 -68.3298 -68.8191 -64.1186 -63.9684 -63.8838 -63.8160 -63.7427 -63.5496 -63.4556 -63.3533 -63.2412 -63.0692 -62.4040 -62.4337 -62.3040 -62.3192 -62.6876 -66.7654 -66.8322 -66.7815 -66.5462 -65.6417 -65.7310
-64.3176 -64.2919 0.0000 0.0000 -63.4504 -63.8271 -64.2334 -66.7768 -67.4286 -67.4674 -67.3246 -64.5569 -67.9032 -68.4990 -69.0988 -67.3416 -63.4163 -63.3198 -63.3558 -63.3987 -63.9263 -63.8585 -63.7864 -63.6240 -63.5312 -63.4381 -63.3378 -63.2362 -63.0362 -62.4291 -62.3195 -65.7282 -65.8105 -66.6753 -66.7552 -66.8151 -66.7551 -66.5325 -65.6936 -65.7721
0.0000 0.0000 0.0000 0.0000 0.0000 -64.0731 -64.5141 -66.9117 -67.2937 -67.0914 -64.5561 -67.3302 -67.7006 -63.7958 -63.8649 -63.1559 -63.2269 -63.2860 -63.3367 -63.3730 -63.8252 -63.8331 -63.7576 -63.6023 -63.5159 -63.4242 -63.3267 -63.2200 -66.7909 -65.5887 -65.6780 -65.7622 -65.8382 -66.6793 -66.7502 -66.8034 -66.7371 -66.5260 -65.7434 -65.8122
0.0000 -75.7307 0.0000 0.0000 0.0000 -64.2801 -66.5363 -66.9666 -66.9493 -64.5872 -63.4383 -63.4973 -63.6078 -63.6703 -63.7697 -63.1540 -63.2197 -63.2737 -63.3162 -63.3545 -63.3851 -63.7775 -63.6745 -63.5890 -63.5229 -68.0467 -67.8652 -67.1109 -66.7618 -65.6365 -65.7190 -65.7954 -65.8668 -65.9297 -66.7495 -66.7964 -66.7258 -66.5252 -65.7914 -65.8516
0.0000 0.0000 0.0000 0.0000 0.0000 0.0000 -66.6260 -63.4454 -62.2750 -62.0930 -63.4247 -63.4786 -63.5884 -63.6884 -63.7705 -63.1557 -63.2154 -63.2646 -63.3033 -63.3350 -63.3572 -63.7591 -68.5023 -68.3513 -68.1929 -68.0275 -67.3478 -67.0699 -66.7513 -65.6837 -65.7599 -65.8304 -65.8947 -65.9541 -66.7527 -66.7936 -66.7202 -65.7785 -65.8379 -65.8902
0.0000 0.0000 -75.8041 0.0000 0.0000 0.0000 -63.3663 -63.3601 -62.1772 -63.3496 -63.4358 -63.5320 -63.6249 -63.7068 -63.7740 -63.7579 -63.2136 -63.2584 -63.3104 -67.3332 -67.4555 -67.5801 -68.4724 -68.3271 -68.1772 -67.5355 -67.3045 -67.0431 -66.7503 -65.7304 -65.8009 -65.8658 -65.9250 -65.9797 -66.7589 -66.7944 -66.7192 -65.8311 -65.8832 -65.9280
0.0000 0.0000 0.0000 0.0000 0.0000 0.0000 -63.4224 -62.2303 -63.3500 -63.4151 -63.4967 -63.5800 -63.6569 -63.7244 -63.7795 -63.7856 -66.8789 -67.0349 -67.1735 -67.2965 -67.4257 -67.5140 -68.4526 -67.8366 -67.6938 -67.4948 -67.2732 -67.0271 -66.7562 -65.7767 -65.8417 -65.9016 -65.9560 -66.0046 -66.7679 -66.7983 -66.7221 -65.8820 -65.9274 -65.9654
0.0000 0.0000 0.0000 -72.5936 -65.0294 -63.5796 -62.3505 -62.2049 -63.4457 -63.4795 -63.5515 -63.6216 -63.7033 -67.9891 -68.1857 -68.2372 -66.8825 -67.0297 -67.1602 -67.2782 -67.3889 -67.4931 -67.2183 -67.8333 -67.6573 -67.4640 -67.2517 -67.0194 -66.7672 -65.8225 -65.8825 -65.9377 -65.9877 -66.0321 -66.7772 -66.8047 -66.7284 -65.9313 -65.9705 -66.0025
0.0000 0.0000 -64.9614 -64.8357 -63.6938 -62.6099 -62.4541 -63.6674 -63.7281 -63.5950 -67.4515 -67.6360 -67.8387 -68.0300 -68.2047 -68.2619 -66.8908 -67.0292 -67.1537 -67.2679 -67.3775 -67.0968 -67.1599 -67.8012 -67.6288 -67.4414 -67.2380 -67.0181 -66.7821 -65.8679 -65.9232 -65.9740 -66.0198 -66.0604 -66.7907 -66.8115 -66.7373 -65.9793 -66.0124 -66.0392
-64.8217 -64.6783 -64.6400 -64.4289 -63.7036 -62.5730 -63.7266 -68.2850 0.0000 -69.1141 0.0000 -67.7416 -67.9004 -68.0704 -68.2265 -68.2884 -66.9035 -67.0342 -67.1543 -66.9172 -66.9954 -67.0762 -67.1459 -67.2509 -67.6072 -67.4258 -67.2308 -67.0221 -66.8001 -65.9129 -65.9639 -66.0105 -66.0523 -66.0893 -66.8057 -66.8225 -66.7487 -66.0260 -66.0536 -66.0758
-64.5129 -64.3923 -64.2275 -67.7183 -65.7376 0.0000 -69.0332 0.0000 -78.1013 0.0000 0.0000 0.0000 -67.9820 -68.1383 -68.2511 -68.3170 -66.9209 -67.0455 -66.8271 -66.9118 -66.9904 -67.0682 -67.1356 -67.1926 -67.5916 -67.4160 -67.2289 -67.0302 -66.8205 -65.9575 -66.0044 -66.0471 -66.0853 -66.1189 -66.8222 -66.8353 -66.7602 -66.0715 -66.0942 -66.1121
-68.6457 -68.3845 -67.6169 -65.6496 0.0000 0.0000 0.0000 0.0000 -76.3647 0.0000 0.0000 0.0000 -68.0355 -68.1770 -68.3075 -68.3800 -66.9429 -66.7405 -66.8303 -66.9140 -66.9889 -67.0638 -67.1287 -67.1759 -67.2739 -67.4112 -67.2314 -67.0417 -66.8429 -66.0017 -66.0448 -66.0839 -66.1187 -66.1490 -66.1748 -66.8497 -66.0904 -62.3472 -62.3281 -62.3060
-67.9098 -67.1196 -65.6546 -71.2793 -74.5371 0.0000 0.0000 0.0000 0.0000 0.0000 0.0000 -69.8005 -68.0875 -68.2166 -68.3365 -68.4133 -66.7032 -66.7950 -66.8397 -66.9192 -66.9905 -67.0533 -67.1163 -67.1701 -67.2148 -67.4107 -67.2376 -67.0561 -66.8668 -66.0457 -66.0852 -66.1208 -66.1523 -66.1797 -66.2026 -62.7068 -62.3860 -62.3665 -62.3456 -62.3219
-67.2326 -65.4474 -67.6598 -69.9449 -72.9672 -74.5387 0.0000 0.0000 0.0000 0.0000 -69.2050 -68.8242 -68.1391 -68.2581 -67.9668 -68.0262 -67.9422 -66.7903 -66.8931 -66.9278 -66.9949 -67.0547 -67.1153 -67.1671 -67.2026 -67.3159 -67.2469 -67.0729 -66.8921 -66.0893 -66.1254 -66.1578 -62.5153 -62.4990 -62.4806 -62.7147 -62.4069 -62.3855 -62.3622 -62.3378
-67.3133 -65.5128 -68.7815 -69.9593 -70.8573 -71.4378 -74.5719 0.0000 0.0000 -69.2760 -69.0548 -68.6815 -67.7089 -67.4499 -67.5147 -68.0528 -67.9685 -66.8070 -66.8879 -66.9800 -67.0476 -67.0587 -67.1168 -67.1584 -67.2005 -67.2347 -67.2589 -67.0916 -66.9184 -62.5715 -62.5600 -62.5465 -62.5310 -62.5135 -62.4939 -62.7230 -62.4271 -62.4042 -62.3794 -61.8077
-65.5463 -68.0076 -68.8373 -69.6170 -70.2246 -70.6256 -70.8623 -70.9911 -71.0727 -69.1762 -68.9120 -68.6154 -67.4142 -67.4793 -67.5367 -67.5812 -67.4949 -66.8255 -66.9022 -66.9722 -67.0361 -67.1119 -67.1623 -67.1602 -67.2007 -67.2263 -67.2731 -63.0333 -62.6026 -62.5915 -62.5786 -62.5637 -62.5469 -62.5282 -62.5075 -62.7316 -62.4469 -62.4225 -62.3963 -62.3684
-68.1638 -68.8219 -68.9091 -69.4605 -69.8801 -70.1333 -69.5526 -69.2945 -69.2745 -69.0977 -68.4398 -68.1904 -67.4505 -67.5083 -67.5590 -67.6010 -67.5169 -66.4503 -66.5094 -66.9846 -67.0447 -67.0982 -67.1658 -67.2157 -63.1749 -63.1352 -63.1170 -63.0431 -62.6239 -62.6113 -62.5970 -62.5808 -62.5628 -62.5429 -62.5212 -62.7406 -62.4663 -62.4405 -62.4131 -62.3840
-68.4540 -68.9941 -69.5223 -69.3738 -69.0717 -69.2598 -69.1367 -69.2247 -69.2156 -68.6098 -68.3853 -68.1876 -67.4857 -67.5369 -67.5815 -67.6152 -67.5391 -66.4683 -66.5237 -66.5734 -66.6172 -63.1970 -63.1882 -63.1849 -63.1737 -63.1593 -63.1166 -63.0533 -62.6449 -62.6310 -62.6153 -62.5978 -62.5787 -62.5577 -62.5350 -62.7500 -62.4854 -62.4584 -62.4298 -62.2683
-68.2055 -68.6199 -69.0175 -69.3691 -69.6499 -69.6203 -69.7874 -69.1707 -68.7368 -68.5427 -68.3575 -67.4690 -67.5198 -67.5650 -67.6042 -67.6326 -67.5614 -66.4873 -66.5393 -63.0292 -63.0221 -63.0120 -62.9991 -62.9834 -63.1567 -63.1614 -63.1408 -63.0869 -62.6657 -62.6504 -62.6334 -62.6149 -62.5946 -62.5727 -62.5490 -62.5309 -62.5042 -62.4760 -62.4463 -62.2898
-68.4035 -68.7520 -69.0789 -69.1471 -69.3944 -69.5968 -69.7538 -69.3725 -69.3686 -68.5301 -68.3421 -67.5080 -67.5530 -67.5928 -67.6243 -67.6507 -63.5238 -63.0533 -63.0418 -63.0363 -63.0280 -63.0169 -63.0030 -62.9865 -62.9705 -62.9571 -63.1226 -63.0967 -62.7074 -62.6921 -62.6515 -62.6319 -62.6106 -62.5877 -62.5632 -62.5506 -62.5227 -62.4937 -61.9702 -62.3112
-68.5603 -68.8545 -68.9397 -69.1907 -69.4076 -69.1450 -69.2634 -69.3439 -69.3199 -69.1498 -68.9755 -68.0774 -67.5855 -67.6192 -63.6032 -63.5853 -63.5338 -63.0637 -63.0508 -63.0439 -63.0344 -63.0223 -63.0075 -62.9902 -62.9705 -62.9512 -62.9294 -62.8967 -62.7267 -62.7103 -62.6923 -62.6730 -62.6266 -62.6028 -62.5776 -62.5508 -62.5415 -62.5114 -62.4801 -62.3323
-68.5173 -68.7731 -69.0152 -69.2362 -69.0119 -69.1448 -69.2497 -69.3246 -69.3100 -69.1483 -68.9908 -63.8710 -63.8606 -63.8471 -63.6194 -63.5939 -63.5438 -63.4400 -63.0601 -63.0520 -63.0413 -63.0281 -63.0125 -62.9944 -62.9741 -62.9542 -62.9320 -62.8972 -62.5474 -62.5267 -62.5046 -62.6889 -62.6673 -62.6188 -62.5924 -62.5650 -62.5600 -62.5290 -62.4968 -66.1283
-68.6456 -68.8724 -69.0873 -68.8884 -69.0332 -69.1529 -69.2468 -69.3133 -64.3657 -64.2870 -64.2116 -63.8917 -63.8794 -63.8642 -63.8468 -63.8272 -63.7778 -63.4541 -63.0698 -63.0604 -63.0486 -63.0345 -63.0180 -62.9992 -62.9782 -62.9578 -62.9324 -62.9067 -62.5564 -62.5430 -62.5201 -62.4749 -62.4703 -62.6589 -62.6336 -62.5793 -62.5784 -66.4586 -66.1791 -66.1696
-68.7610 -68.9645 -68.7810 -68.9295 -69.0582 -69.1655 -64.4067 -64.3887 -64.3679 -64.2922 -64.2218 -63.9120 -63.8979 -63.8812 -63.8625 -63.8417 -63.7936 -63.6951 -63.2886 -63.0721 -63.0564 -63.0413 -63.0239 -63.0044 -62.9828 -62.9591 -62.9361 -62.9110 -62.5739 -62.5511 -62.5357 -62.5105 -62.4841 -62.4339 -65.9837 -66.4988 -66.5767 -66.4938 -66.2226 -66.2116
-68.5340 -68.6923 -68.8390 -64.3980 -64.4098 -64.4141 -64.4110 -64.3918 -64.3723 -64.2989 -64.2332 -63.9320 -63.9161 -63.8981 -63.8782 -63.8563 -63.8093 -63.7150 -63.3044 -63.2942 -63.2817 -63.2669 -63.0304 -63.0101 -62.9880 -62.9639 -62.9406 -62.9126 -62.5913 -62.5675 -62.5425 -62.5163 -66.0227 -66.0150 -66.0049 -65.9924 -66.0588 -65.5418 -66.3361 -66.2540
-64.3539 -64.3797 -64.3999 -64.4138 -64.4213 -64.4223 -64.4079 -64.3964 -64.3789 -64.3073 -63.9667 -63.9516 -63.9342 -63.9149 -63.8939 -63.8711 -63.8252 -63.7346 -63.3204 -63.3094 -63.2961 -63.2805 -63.2629 -63.2431 -62.9971 -62.9694 -62.9457 -62.9173 -62.6085 -62.5839 -66.0394 -66.0342 -66.0268 -66.0385 -66.0274 -66.0139 -66.0879 -66.0654 -65.8287 -65.8086
-64.3856 -64.4055 -64.4203 -64.4297 -64.4334 -64.4314 -64.4152 -64.4021 -64.3842 -64.3179 -63.9877 -63.9708 -63.9521 -63.9318 -63.9097 -63.8859 -63.8410 -63.7538 -63.3410 -63.3250 -63.3111 -63.2950 -63.2769 -63.2566 -63.2342 -63.2098 -63.1834 -66.6982 -66.0739 -66.0718 -66.0675 -66.0612 -66.0527 -66.0418 -66.0509 -66.0363 -66.1172 -66.0948 -65.8635 -65.8410
-64.4151 -64.4299 -64.4402 -64.4456 -64.4459 -64.4412 -64.4234 -64.4089 -64.3900 -64.3294 -64.0093 -63.9901 -63.9699 -63.9485 -63.9255 -63.9009 -63.8569 -63.7729 -63.3621 -63.3412 -63.3266 -63.3099 -63.2912 -63.2704 -63.2477 -67.3031 -67.3037 -67.3072 -66.6304 -66.1090 -66.0964 -66.0890 -66.0792 -66.0674 -66.0533 -66.0595 -66.1468 -66.1231 -65.8991 -65.8770
-64.4428 -64.4532 -64.4595 -64.4614 -64.4588 -64.4440 -64.4324 -64.4165 -64.3967 -64.3417 -64.0306 -64.0099 -63.9879 -63.9652 -63.9415 -63.9163 -63.8733 -63.7920 -63.7104 -63.3577 -63.3424 -63.3251 -67.3037 -67.3165 -67.3253 -67.3300 -67.3308 -67.3345 -66.6831 -66.6828 -66.6799 -66.6743 -66.1065 -66.0936 -66.0784 -66.0608 -66.0638 -65.9548 -65.9330 -65.9096
-64.4691 -64.4755 -64.4783 -64.4772 -64.4720 -64.4553 -64.4420 -64.4249 -64.4043 -64.3547 -64.0516 -64.0298 -64.0068 -63.9827 -63.9583 -63.9319 -63.8897 -63.8108 -63.7307 -63.3745 -67.2973 -67.3173 -67.3335 -67.3458 -67.3544 -67.3591 -67.3599 -67.3567 -66.7367 -66.7357 -66.7323 -66.7263 -66.7174 -66.7058 -66.1040 -66.0852 -65.3052 -65.9662 -65.9668 -65.9420
-64.4940 -64.4971 -64.4968 -64.4929 -64.4784 -64.4671 -64.4523 -64.4341 -64.4125 -64.3682 -64.0726 -64.0501 -64.0262 -64.0009 -63.9746 -63.9481 -63.9062 -63.8295 -68.1794 -67.3074 -67.3301 -67.3494 -67.3651 -67.3770 -67.3853 -67.3899 -67.3907 -67.3878 -66.7908 -66.7893 -66.7854 -66.7789 -66.7697 -66.7579 -66.7431 -66.7248 -66.7032 -66.0012 -65.9757 -65.9743
-64.5179 -64.5180 -64.5149 -64.5086 -64.4923 -64.4793 -64.4631 -64.4439 -64.4218 -64.3826 -64.0936 -64.0702 -64.0455 -64.0195 -63.9922 -68.5335 -68.4959 -68.3611 -68.2296 -67.3427 -67.3646 -67.3832 -67.3983 -67.4099 -67.4179 -67.4223 -67.4231 -67.4202 -66.8454 -66.8434 -66.8390 -66.8321 -66.8226 -66.8105 -66.7956 -66.7772 -66.7557 -66.6719 -66.6450 -65.9793
-64.5409 -64.5382 -64.5328 -64.5243 -64.5064 -64.4920 -64.4748 -64.4547 -64.4318 -64.3974 -64.1142 -64.0901 -64.0647 -68.5784 -68.5770 -68.5726 -68.5338 -68.4056 -68.2801 -67.3793 -67.4004 -67.4184 -67.4329 -67.4441 -67.4518 -67.4560 -67.4567 -67.4539 -66.9003 -66.8978 -66.8929 -66.8857 -66.8760 -66.8636 -66.8487 -66.8302 -66.8088 -66.7340 -66.7011 -66.6657
