-70.3958 -68.7648 -68.8261 -68.6689 -68.8563 -69.0944 -69.4843 -70.5239 0.0000 0.0000 -69.2478 -68.8039 -69.0393 -68.9284 -69.1430 -69.4176 0.0000 0.0000 0.0000 -65.2915 -64.6694 -64.6330 -65.4346 -65.3994 -65.3648 -65.3312 -65.2964 -65.4214 -65.3942 -65.3608 -65.4016 -65.3664 -65.3717 -65.3780 -65.3847 -65.3925 -65.4041 -65.3921 -66.1567 -66.0727
0.0000 -68.6562 -68.7275 -68.1937 -69.1433 -69.4552 -69.6027 -70.5763 0.0000 0.0000 -70.4447 0.0000 0.0000 -68.9937 -69.3488 -69.6151 0.0000 0.0000 0.0000 -66.3220 -65.5811 -65.5465 -65.5126 -65.4793 -65.4470 -65.4156 -65.3858 -65.5208 -65.4896 -65.5226 -65.5179 -65.5094 -65.4748 -65.4814 -65.4896 -65.5000 -65.5179 -65.5356 -66.2852 -66.3153
0.0000 -68.5953 -68.6498 -68.1108 -68.1814 -68.2665 -68.3579 -69.0276 -72.5659 -71.7439 -69.4810 -73.3955 -72.7127 -68.4645 -67.4110 -67.4964 0.0000 0.0000 0.0000 -66.4141 -65.6723 -65.6402 -65.6089 -65.5787 -65.5495 -65.5213 -65.6626 -65.6373 -65.6100 -65.6625 -65.6599 -65.6573 -65.6479 -65.6164 -65.6286 -65.6439 -65.6678 -65.6924 -66.1289 -67.6698
0.0000 -68.5449 -68.5835 -68.6908 -68.8264 -69.0111 -69.6839 -70.7293 0.0000 0.0000 -69.5101 -75.3791 0.0000 -68.7796 -69.2132 -69.7254 0.0000 0.0000 0.0000 -66.5226 -66.0604 -65.7487 -65.7208 -65.6941 -65.6685 -65.8147 -65.7911 -65.7713 -65.8173 -65.8174 -65.8187 -65.8227 -65.8366 -65.7817 -66.7045 -66.7723 -66.8517 -68.3130 -69.8295 -72.1939
0.0000 -69.3929 -70.1296 -69.4248 -69.5083 -69.6782 -69.8620 -70.7698 0.0000 0.0000 0.0000 -77.0399 0.0000 -69.9460 -69.5054 -69.7846 0.0000 0.0000 0.0000 -66.6422 -66.1820 -65.8671 -65.8428 -65.8199 -65.9715 -65.9510 -65.9318 -65.9883 -65.9898 -66.0055 -66.7600 -66.8423 -67.0329 -68.3381 -67.7766 -68.0459 -68.4194 -68.8919 -69.4327 -72.0582
0.0000 -70.1475 -70.2542 -69.5518 -69.6658 -69.7913 -69.9078 -70.8127 0.0000 0.0000 0.0000 0.0000 0.0000 -70.1780 -69.6304 -69.8369 0.0000 0.0000 0.0000 -66.7684 -66.3098 -65.9969 -65.9762 -66.1396 -66.1283 -66.1311 -66.8019 -66.8952 -66.9231 0.0000 0.0000 0.0000 0.0000 0.0000 -67.9468 -68.0007 -68.3298 -68.7159 -69.1962 -71.3680
0.0000 -70.1838 -70.2965 -69.6026 -69.7258 -69.8447 -69.9595 -70.8590 -79.5526 -75.6824 -78.9079 -81.0354 0.0000 -70.3139 -69.7133 -69.8943 0.0000 0.0000 0.0000 -66.9188 -66.4650 -66.1687 -66.9586 -66.9660 -66.9587 -68.0142 -69.0593 -76.3186 0.0000 0.0000 0.0000 0.0000 -72.2346 -70.2934 -67.9358 -68.1845 -68.4895 -68.8845 -68.5621 -70.1857
-75.4285 -70.2324 -70.3509 -69.6720 -69.7864 -69.9035 -70.0150 -70.9095 0.0000 -76.6291 -77.3130 -78.1647 -79.2667 -71.2821 -69.7797 -69.9427 0.0000 0.0000 0.0000 -67.2463 -66.7586 -66.6328 -67.2953 -67.3821 -67.5085 -67.7682 -68.0143 -70.4980 -71.7411 -71.5198 -71.4014 -70.0342 -70.0524 -69.9281 -68.2620 -67.9424 -68.1362 -68.4268 -68.7306 -69.7114
0.0000 -70.2874 -70.4104 -69.7442 -69.8488 -69.9636 -70.0722 -70.9617 0.0000 -74.9158 -75.0707 0.0000 0.0000 -71.2879 -69.8025 -69.9806 0.0000 0.0000 0.0000 -68.6770 -68.3952 -68.0035 -68.0955 -68.1534 -68.3018 -68.5941 -69.0414 -69.0567 -71.9942 -72.3061 -71.6016 -71.8371 -72.0946 -72.2516 -71.6080 -66.4551 -66.4643 -66.4261 -66.3756 -66.7258
0.0000 -70.3414 -70.4678 -69.8046 -69.9093 -70.0227 -70.1295 -71.0206 0.0000 -76.0261 -74.6430 0.0000 0.0000 -71.3020 -69.8893 -70.0417 0.0000 0.0000 0.0000 -69.1297 -68.6405 -68.2335 -68.3275 -68.4381 -68.6716 -68.7168 -68.9251 -68.9114 -70.4550 -71.1989 -73.2070 0.0000 0.0000 0.0000 0.0000 -65.9952 -65.6100 -65.4591 -64.0193 -64.1526
-81.5019 -70.3881 -70.5185 -69.8601 -69.9659 -70.0796 -70.1869 -71.1009 -80.2531 -76.1117 -75.6889 -76.7027 -78.3843 -71.4593 -69.9367 -70.0914 0.0000 0.0000 0.0000 -69.1928 -68.7459 -68.4447 -68.5384 -68.7438 -68.8695 -69.0303 -68.2266 -68.5738 -74.0699 0.0000 0.0000 0.0000 0.0000 -68.7861 -65.2035 -64.2528 -64.2064 -64.2033 -64.1627 -64.1005
0.0000 -70.4231 -70.5593 -69.9152 -70.0176 -70.1336 -70.2427 -71.1471 0.0000 0.0000 -75.6896 -74.2232 0.0000 -71.4907 -69.9803 -70.1402 0.0000 0.0000 0.0000 -69.1798 -68.7676 -68.5019 -68.7394 -69.1012 -70.0682 0.0000 0.0000 -68.7099 -71.2873 0.0000 -65.7233 -65.6441 -65.5497 -65.3625 -65.2584 -64.5809 -64.3728 -64.3344 -64.2926 -64.2423
0.0000 -70.4468 -70.5864 -69.9556 -70.0633 -70.1841 -70.2972 -71.2643 0.0000 0.0000 -75.2197 -75.7032 -76.1990 -71.5126 -70.0201 -70.1717 0.0000 0.0000 0.0000 -69.0820 -68.7168 -68.4844 -68.8539 -69.1570 -70.0864 0.0000 0.0000 -65.0366 -65.5145 -65.9285 -65.8063 -65.6456 -65.5497 -65.4640 -65.3739 -65.0281 -64.5025 -64.4628 -64.4307 -66.2623
0.0000 -70.3846 -70.6021 -69.9844 -70.1015 -70.2301 -70.3501 -71.3107 0.0000 0.0000 -74.9276 -75.8615 -75.1992 -71.5248 -70.0520 -70.2080 0.0000 0.0000 0.0000 -68.8319 -68.5782 -68.9397 -68.8093 -69.6153 -70.0804 0.0000 0.0000 -65.1637 -65.6122 -65.9628 -65.9295 -65.8648 -65.7802 -65.7371 -65.4779 -66.5249 -66.0995 -66.3962 -66.6966 -66.9108
-74.3674 -70.4497 -70.5268 -69.9391 -70.1282 -70.2697 -70.4008 -71.3603 -77.9054 -79.8782 -74.6685 -75.9896 -74.2490 -71.5200 -70.0876 -70.2416 0.0000 0.0000 0.0000 -67.1052 -68.2443 -68.7260 -68.6786 -69.5459 -70.0428 -74.9570 0.0000 -65.2857 -65.5147 -65.7353 -66.0264 -68.3557 -69.2172 -70.7385 -73.1506 0.0000 -65.5927 -65.9138 -66.2986 -66.7795
-72.9338 -70.4239 -70.5969 -70.0159 -70.0775 -70.2971 -70.4467 -71.4138 0.0000 0.0000 -74.4731 0.0000 -73.4127 -71.5089 -70.1139 -70.2764 0.0000 0.0000 0.0000 -66.8213 -66.6576 -68.1832 -68.7174 -69.3253 -69.9527 -73.7750 0.0000 -65.5802 -67.4323 -68.1479 0.0000 0.0000 0.0000 0.0000 0.0000 0.0000 -66.1465 -65.2674 -65.6184 -66.1007
-71.8580 -70.3576 -70.5579 -70.0256 -70.1735 -70.3234 -70.3907 -71.4717 0.0000 0.0000 -74.2337 0.0000 -73.0814 -71.4826 -70.1338 -70.3082 0.0000 0.0000 0.0000 -66.5472 -66.6376 -66.4705 -66.5877 -68.8123 -69.6996 -71.8353 0.0000 0.0000 -68.9924 -71.9349 0.0000 0.0000 0.0000 0.0000 -64.9720 -64.9539 -65.0514 -64.4801 -64.7413 -65.1469
-73.6750 -70.2467 -70.4807 -69.9923 -70.1834 -70.3797 -70.5467 -71.3670 -78.6229 -76.1834 -74.1855 -74.2587 -72.7961 -71.4366 -70.1453 -70.3365 0.0000 0.0000 0.0000 -66.1766 -66.2474 -66.2573 -66.1757 -66.3710 -66.6139 -71.6613 0.0000 0.0000 -63.9472 -64.0753 -64.3812 -64.3238 -64.2530 -64.2039 -64.1034 -64.0808 -64.0312 -63.5502 -63.6603 -63.8702
0.0000 -70.0754 -70.3389 -69.9182 -70.1534 -70.3925 -70.6003 -71.5828 -77.8750 -75.0533 -73.9230 -76.5192 -72.5129 -71.3563 -70.1406 -70.3684 0.0000 0.0000 0.0000 -65.7667 -65.8936 -65.7940 -65.6948 -65.8455 -66.0432 -66.6577 -68.0298 -68.5344 -67.0831 -68.0369 -68.2129 -69.1576 -69.3594 -69.5404 -70.2939 -70.3280 -71.5882 -62.5775 -62.5044 -62.4003
0.0000 -69.8186 -70.1110 -69.7764 -70.0756 -70.3829 -70.6456 -71.6735 0.0000 0.0000 -73.6448 -75.0205 -73.6046 -71.2476 -70.1245 -70.3911 0.0000 0.0000 0.0000 -65.3258 -65.4644 -65.2789 -65.1518 -65.2416 -65.3649 -65.8039 -66.5709 -67.2324 -66.6031 -68.3663 -69.0336 -70.2540 0.0000 0.0000 0.0000 0.0000 0.0000 0.0000 -59.3200 -59.1987
-72.1584 -69.4434 -69.7503 -69.5174 -69.9047 -69.9434 -70.6879 -71.7670 0.0000 0.0000 -73.5639 -75.1670 -73.9101 -71.0895 -70.7224 -70.3948 0.0000 0.0000 0.0000 -64.9225 -64.9344 -64.7227 -64.5522 -64.5624 -64.5895 -64.6447 -65.3002 -65.6963 -65.2939 -66.5123 -68.3681 0.0000 0.0000 0.0000 0.0000 -59.8622 -59.7306 -59.5928 -59.2616 -59.1398
-74.8408 -68.9131 -69.1920 -69.0470 -69.5307 -70.1545 -70.3746 -71.1242 -76.5612 -70.0367 -73.0378 -74.7857 0.0000 0.0000 -70.4314 -70.4059 0.0000 0.0000 0.0000 -64.4722 -64.3821 -64.1308 -63.9123 -63.8344 -63.7525 -63.6692 -63.9557 -63.9704 -63.4146 -63.4878 -63.5720 -60.2535 -60.1585 -60.0341 -59.9099 -59.7841 -59.6530 -59.5076 -59.2048 -59.0823
0.0000 -67.1153 -67.1575 -66.9997 -68.6720 -69.5526 -70.4957 -71.5961 0.0000 -69.3408 -69.2344 -74.7324 0.0000 0.0000 -64.4163 -69.9128 0.0000 0.0000 0.0000 -63.9602 -63.8164 -63.5301 -63.2598 -63.0939 -62.7429 -60.5976 -60.6343 -60.5602 -60.2631 -60.2368 -60.1931 -60.0932 -60.0747 -59.9670 -59.9583 -59.8308 -59.6967 -59.5503 -59.2620 -59.1410
0.0000 -66.8041 -66.8248 -66.5682 -66.6055 -66.6643 -66.7418 -71.6289 0.0000 -68.5389 -68.4894 -69.0790 -70.4454 -71.2346 -70.3419 -70.0163 0.0000 0.0000 0.0000 -63.3133 -61.2019 -60.9994 -60.8939 -60.7291 -60.6286 -60.5263 -60.5732 -60.4963 -60.3929 -60.2940 -60.2490 -60.1505 -60.1233 -60.0180 -59.8983 -59.7692 -59.6340 -59.4888 -59.2135 -59.0928
-67.5323 -66.3918 -66.3885 -66.1369 -66.1464 -66.1719 -66.2103 -66.5054 -67.7712 -67.5988 -67.5376 -68.0023 -68.9551 -69.6004 -68.8571 -70.2108 0.0000 0.0000 0.0000 -61.2396 -61.1336 -60.9528 -60.8470 -60.7924 -60.6923 -60.5906 -60.6320 -60.5559 -60.3534 -60.2480 -60.1994 -60.0998 -60.0629 -59.9590 -59.8409 -59.7107 -59.5752 -59.4322 -59.2160 -59.0448
-66.9709 -66.0587 -66.0300 -65.7720 -65.7469 -65.7339 -65.7291 -65.9416 -66.8249 -66.6405 -66.5676 -66.9631 -67.3953 -67.6977 -67.4492 -68.4689 0.0000 0.0000 0.0000 -61.3102 -61.2025 -61.0211 -60.9158 -60.7521 -60.6518 -60.5501 -60.5281 -60.5103 -60.3790 -60.2036 -60.1519 -60.0509 -60.0067 -59.9026 -59.7858 -59.6553 -59.5201 -61.6290 -61.7205 -61.6597
-66.4268 -65.7151 -65.6556 -65.3883 -65.3290 -65.2748 -65.2207 -65.3447 -65.9238 -65.7318 -65.5472 -65.6467 -65.6392 -65.4558 -64.8877 -61.5198 -61.7236 -61.6699 -61.5308 -61.2704 -61.1610 -60.9815 -60.8760 -60.7134 -60.6131 -60.5131 -60.4923 -60.4611 -60.3360 -60.1608 -60.1060 -60.0037 -59.8992 -62.0890 -62.1801 -62.1887 -62.2675 0.0000 -62.3924 -62.3154
-65.9408 -65.3386 -65.2472 -64.9648 -64.8628 -64.7567 -64.6303 -64.6359 -64.9253 -64.6440 -62.1800 -62.1327 -62.0580 -61.9200 -61.6214 -61.4532 -61.6136 -61.5584 -61.4650 -61.2302 -61.1210 -60.9432 -60.8377 -60.6762 -60.5773 -60.4761 -60.4506 -60.4141 -60.2939 -62.2424 -62.3172 -62.4018 -62.4307 -65.6534 -67.7128 -72.4531 0.0000 0.0000 0.0000 -62.9298
-65.4246 -64.9639 -64.8407 -64.5359 -64.3042 -64.1730 -62.1971 -62.1994 -62.3395 -62.2476 -62.1139 -62.0862 -62.0054 -61.8712 -61.5879 -61.4208 -61.5448 -61.4922 -61.4139 -61.1912 -61.0822 -60.9061 -60.8007 -60.6416 -60.5418 -62.5085 -62.5902 -62.7669 -62.7531 -62.5927 -65.0955 -65.5909 -66.3186 -67.8022 -69.9435 -73.0990 0.0000 -70.5934 -70.4579 -63.9822
0.0000 -62.7012 -62.5958 -62.4142 -62.3316 -62.2507 -62.1687 -62.2601 0.0000 -72.4346 0.0000 -62.0405 -61.9570 -61.8076 -61.5552 -61.3891 -61.4879 -61.4331 -61.3575 -61.1532 -61.0445 -62.9451 -62.8966 -62.8541 -62.8474 -62.8361 -62.9991 -65.2601 -65.4710 -65.3462 -65.9547 -66.7326 -67.6338 -68.8102 -69.1206 -68.9234 -75.1742 0.0000 0.0000 -64.5169
0.0000 -62.6495 -62.5690 -64.7323 -64.9627 -65.6826 -67.2934 -70.6903 0.0000 -65.9143 -62.2419 -62.0117 -61.9119 -61.7673 -61.5232 -61.3560 -61.4387 -63.5310 -67.1325 0.0000 -63.3790 -63.2342 -63.2560 -63.1490 -65.0693 -65.1823 -65.5377 0.0000 0.0000 -66.0892 -66.7768 0.0000 0.0000 -69.5129 -71.2563 -73.1361 -74.7270 0.0000 0.0000 0.0000
-67.9156 -65.3507 -65.6398 -66.0570 -66.4448 -67.3866 -69.1107 -70.7592 0.0000 0.0000 -62.1012 -64.6918 -65.5512 -67.4383 -70.4186 0.0000 0.0000 -67.1067 -73.2812 0.0000 -63.6607 -65.4383 -65.5026 -65.4425 -65.5553 -68.5490 -71.8592 0.0000 0.0000 -66.9915 -71.2225 0.0000 0.0000 -69.9330 -71.7851 -73.1335 -74.4067 0.0000 0.0000 0.0000
0.0000 -66.2156 -66.3297 -66.4877 -66.5728 -67.1545 -68.3966 -70.4934 0.0000 0.0000 -69.9427 0.0000 0.0000 -69.3882 -70.4925 -78.8354 -80.3349 -71.4552 -73.2061 0.0000 -66.2063 -65.8452 -65.9472 -67.9174 -68.8715 -69.9867 -71.9004 0.0000 0.0000 -66.1951 -66.1777 -66.7340 -66.6819 -66.1497 -66.3496 -66.3191 -66.2370 -66.2880 -65.4795 -65.4562
0.0000 -65.8636 -65.9458 -66.2542 -66.4914 -67.2423 -68.7288 -70.3893 0.0000 0.0000 -72.7822 -81.5991 -74.4616 -70.2141 -70.5625 -76.5071 -70.9274 -72.3422 -73.1539 0.0000 -66.6101 -68.1882 -68.6344 -68.6656 -68.3754 -68.4290 -68.5127 -70.4445 -70.8189 -69.6841 -70.7316 0.0000 0.0000 -68.7402 -70.2172 -72.4147 -73.0652 0.0000 0.0000 0.0000
-66.6338 -66.0054 -66.2875 -66.6891 -67.0274 -67.8167 -69.2167 -70.4823 -80.2064 -71.3231 -73.7458 -74.5723 -69.7618 -70.6680 -70.6332 -70.4742 -71.6113 -72.8507 -73.1220 0.0000 -69.3124 -69.0169 -69.2966 -69.3731 -70.1054 -70.6667 -71.3485 0.0000 0.0000 0.0000 0.0000 0.0000 0.0000 -69.4234 -69.5555 -71.2555 -74.6670 0.0000 0.0000 0.0000
-66.9784 -66.4864 -66.8519 -67.3152 -67.6412 -68.3728 -69.6172 -70.6033 -74.5808 -71.6377 -73.7114 0.0000 0.0000 -68.0633 -67.4643 -68.1621 -68.2007 -68.2562 -67.8696 -68.3768 -67.7772 -67.1526 -67.1059 -69.4033 -69.2951 -69.7755 -70.7106 0.0000 0.0000 0.0000 0.0000 -67.9569 -68.0177 -68.0643 -68.0737 -69.2679 -71.2375 0.0000 0.0000 0.0000
0.0000 -67.0326 -67.4293 -67.9024 -68.1644 -68.8192 -69.9154 -70.7289 0.0000 0.0000 -73.9796 0.0000 0.0000 -71.2704 -70.6186 -72.4661 -74.2675 0.0000 0.0000 -67.8165 -67.3978 -67.0601 -66.7254 -66.6536 -66.3918 -66.3280 -66.2644 -66.9860 -67.1040 -67.0419 -66.8832 -66.7101 -66.5877 -66.4310 -66.0853 -66.0443 -62.6585 -62.5900 -62.4970 -62.3387
0.0000 -67.5454 -67.9468 -68.4002 -68.5820 -69.1488 -70.1562 -70.8346 0.0000 0.0000 -73.3368 -73.7095 -73.5624 -72.2397 -71.5043 -73.6308 -75.1919 -78.0916 0.0000 0.0000 -70.2375 -69.8495 -69.5208 -69.7911 -69.8714 -70.7997 -71.9747 0.0000 0.0000 -71.9819 -73.5629 0.0000 -63.0657 -65.9092 -66.4982 -68.4293 -71.9648 0.0000 0.0000 0.0000
0.0000 -68.0016 -68.3914 -68.8126 -68.9295 -69.4078 -70.3389 -70.9439 0.0000 0.0000 -74.1193 -74.2472 -73.0247 -72.9436 -72.0388 -73.9966 -75.3956 -77.5469 0.0000 0.0000 -71.1246 -70.7544 -70.4458 -70.8400 -70.8694 -71.5370 -71.9913 0.0000 0.0000 -73.9174 -75.2356 0.0000 -67.0400 -67.7317 -68.8221 -70.2610 -72.1863 0.0000 0.0000 0.0000
0.0000 -68.4000 -68.7701 -69.1710 -69.2010 -69.6188 -70.4921 -71.0373 0.0000 0.0000 -73.9831 -73.9907 -72.9455 -72.8174 -71.7917 -73.7373 -74.9783 -75.5958 -77.7230 -72.9675 -71.8259 -71.4865 -71.0976 -71.3605 -71.1265 -71.4901 -71.8794 0.0000 0.0000 0.0000 -72.9952 -67.8997 -68.2798 -69.0686 -70.1210 -71.0245 -72.4590 0.0000 0.0000 -66.1469
