0.0000 -65.1434 -62.3936 0.0000 -64.0695 -63.1878 -63.0143 -62.6786 -62.0361 -61.9235 -61.8528 -61.8071 -61.7800 -61.7583 -61.6809 -61.7846 -61.8126 -61.8483 -61.8069 -61.8561 -59.9928 -60.0672 -60.1385 -60.2162 0.0000 0.0000 0.0000 -69.6959 -68.7808 -67.6444 -67.3504 -67.1562 -67.0852 -66.7848 -66.7312 -66.6506 -66.6476 -66.6584 -66.6785 -66.7075
0.0000 0.0000 -63.6146 -63.5705 -62.7348 -62.2385 -61.7642 -61.7121 -61.2919 -61.2516 -61.2418 -61.2539 -61.2772 -59.2775 -59.3431 -59.3604 -59.4819 -59.5610 -59.6413 -59.6735 -59.7560 -59.8532 -59.9372 -60.0312 -60.3708 0.0000 0.0000 0.0000 -69.4983 -68.9289 -68.4812 -67.7324 -67.5701 -67.2676 -67.1798 -67.0670 -67.0378 -67.0244 -67.0238 -67.0321
-57.5614 -64.5734 -62.3684 -61.4674 -61.2000 -60.9401 -58.5580 -58.5032 -58.5016 -58.5854 -58.6730 -58.7633 -58.8698 -58.9606 -59.0424 -59.1327 -59.1859 -59.3153 -59.4072 -59.4534 -59.5455 -59.6377 -59.7300 0.0000 0.0000 0.0000 0.0000 0.0000 -70.9883 -69.4779 -69.0801 -68.7526 -68.0213 -67.6834 -67.5771 -67.5132 -67.3981 -67.3660 -67.3486 -67.3411
-57.5065 -57.5466 -57.7048 -57.7600 -57.8349 -57.9649 -58.0498 -57.9965 -58.0886 -58.1955 -58.3068 -58.4184 -58.5299 -58.6410 -58.7433 -58.8469 -58.9512 -59.0223 -59.1585 -59.2613 -59.3205 -59.4216 -62.0525 0.0000 0.0000 0.0000 0.0000 0.0000 0.0000 0.0000 -69.5185 -69.2259 -68.9740 -68.4519 -67.9283 -67.8529 -67.7993 -67.6826 -67.6409 -67.6212
-56.6595 -56.7960 -56.9315 -57.0620 -57.2563 -57.3710 -57.5384 -57.5512 -57.6714 -57.7954 -57.9285 -58.0611 -58.1916 0.0000 0.0000 -65.6377 -64.0538 -63.3441 -62.9202 -62.8114 -62.7191 -62.5910 -62.9839 0.0000 0.0000 -73.0404 -71.0179 -70.1577 0.0000 0.0000 -71.0317 -69.6006 -69.3709 -69.1707 -68.6553 -68.1581 -68.0959 -67.7700 -67.6211 -67.5652
-53.6962 -56.0376 -56.2495 -56.4456 -56.6260 -56.8472 -57.0004 -57.1086 -57.2606 -57.4083 -57.5555 0.0000 0.0000 -66.2192 0.0000 0.0000 -65.7934 -64.8719 -64.2959 -63.8402 -63.6817 -63.5260 -63.7423 -63.8653 -64.1334 -67.7130 -67.7819 -67.8888 0.0000 0.0000 -71.3454 -69.9231 -69.7001 -69.5112 -68.9778 -68.0995 -67.9381 -67.4745 -66.1464 -66.1678
-56.5786 -56.5613 -56.5338 -54.0824 -54.2243 -54.3638 -54.4964 -54.6282 -54.7677 0.0000 0.0000 0.0000 0.0000 0.0000 0.0000 0.0000 -68.8588 -65.9484 -65.3212 -64.8641 -64.4456 -64.2829 -64.5769 -64.3960 -64.5970 -64.6375 -64.6223 -64.6170 -64.6237 0.0000 0.0000 -70.9818 -69.9748 -68.3112 -67.7622 -66.1838 -66.2819 -67.9063 -67.6972 -67.8384
-57.3447 -57.2603 -57.2090 -57.1462 -57.1425 -57.1590 -57.1799 -57.1400 0.0000 0.0000 0.0000 -67.9239 -68.8730 -67.1109 -65.7626 -68.7651 -65.5406 -65.8687 -65.8571 -65.1475 -64.9765 -64.8805 -65.2270 -65.1267 -64.8986 -65.1031 -65.0931 -65.0759 0.0000 0.0000 0.0000 -68.5356 -66.2974 -67.9649 -67.9345 -68.1001 -68.2296 -68.4054 -68.3161 -68.2198
-58.0518 -57.9180 -57.8242 -57.7604 -57.6756 -57.6564 -57.5609 -57.5776 -63.5783 -73.2106 -71.3411 -68.5370 -68.6056 -66.9076 -65.5753 0.0000 0.0000 -67.2768 -65.6294 -64.6597 -64.2648 -64.5254 -65.2470 -62.1132 -62.0394 -62.1011 -65.5185 -65.4974 -67.1394 -67.1321 -71.1974 -69.1953 -69.1789 -68.9582 -68.6883 -68.5285 -68.3847 -68.3150 -68.2018 -68.0995
-58.6292 -58.5446 -58.4102 -58.3097 -58.2376 -58.1425 -58.2208 0.0000 0.0000 -64.0614 -70.2203 -70.0248 -68.1104 -66.9216 -65.6570 -64.8710 0.0000 -68.1857 -66.7698 -65.9554 -65.5081 -65.3289 -65.8347 -65.9049 -66.0769 -65.7946 -65.7933 -65.9557 -65.9261 -65.8916 -65.8708 -68.7255 -68.7376 -68.7753 -68.3263 -68.3781 -68.2494 -68.1125 -68.0496 -67.9406
-58.4045 0.0000 0.0000 -59.2198 0.0000 0.0000 -67.8405 0.0000 0.0000 -71.0882 0.0000 0.0000 0.0000 -66.8891 -66.0884 -65.1702 -72.5783 -68.5498 -67.6769 -65.1868 -65.2073 -65.2323 -65.7483 -65.8490 -65.8502 0.0000 0.0000 0.0000 -70.0664 -66.2281 -66.0905 -65.9608 -65.5223 -65.4921 -67.5292 -67.6793 -67.8669 -67.9357 -67.8119 -67.7501
-58.2571 0.0000 0.0000 -68.8928 0.0000 0.0000 0.0000 -65.9054 0.0000 0.0000 0.0000 0.0000 -69.3103 -67.1118 -66.3977 -65.5063 -64.7602 -65.0726 -64.9662 -64.9877 -65.0163 -65.0480 -65.5329 -65.6686 -67.7010 0.0000 0.0000 0.0000 -72.4430 -70.0774 -68.9464 -66.2025 -65.7532 -65.8044 -65.6291 -65.5105 -65.5011 -67.7081 -67.5848 -67.5176
-58.0470 -58.2251 0.0000 0.0000 -66.0831 0.0000 0.0000 -66.6506 0.0000 -72.2610 -69.9485 -69.1105 -68.0657 -67.6382 -65.4039 -65.5003 -65.0652 -64.0174 -63.6320 -64.7799 -64.9037 -67.6997 -68.6172 -68.8034 -68.9743 0.0000 0.0000 0.0000 -72.3859 -71.6174 -69.9198 -69.0666 -67.9532 -66.0115 -65.9169 -65.8474 -65.7596 -65.7500 -65.7437 -67.2151
-60.8155 -58.0560 0.0000 0.0000 -67.1600 0.0000 0.0000 -69.8456 -65.8648 -70.0478 -68.0621 -65.0486 -65.2727 -65.2067 -65.0713 -65.0303 -65.0542 -64.4399 -64.0557 -63.6970 -68.6519 -68.7165 -69.8386 -70.0353 -70.1010 -70.6896 0.0000 0.0000 -72.5618 -71.4753 -70.5220 -69.4450 -68.3381 -68.0872 -67.6754 -66.0816 -66.0876 -65.9646 -65.9549 -65.9488
-62.3778 0.0000 -61.7313 -73.3725 -71.4504 -66.3046 -69.7924 -67.6484 -64.7449 -64.8495 -64.7416 -64.6573 -64.8289 0.0000 -67.2978 -66.4407 -65.7119 -64.8165 -64.4340 -64.1100 -63.7961 -63.5575 -69.3791 -69.5565 -69.7235 -69.8784 0.0000 -76.4869 -72.0494 -70.8086 -69.9211 -69.1487 -67.8319 -67.5898 -67.2070 -67.0385 -66.9145 -66.7470 -66.1878 -66.1785
0.0000 0.0000 -72.3112 -66.9770 -69.3117 -64.5410 -64.4211 -64.3940 -64.2620 -64.1682 0.0000 0.0000 0.0000 0.0000 0.0000 -66.7155 -66.0312 -65.1465 -64.7807 -64.4619 -64.1522 -63.9102 -63.9876 -67.8163 -68.4291 -68.8691 0.0000 -72.3643 -71.0390 -70.0103 -69.1599 -68.4656 -67.1025 -67.0626 -66.7249 -66.5761 -66.4751 -66.3676 -66.2873 -66.2400
0.0000 0.0000 -69.1240 -64.0352 -63.8141 -63.8593 -63.8149 -63.8264 -63.7646 -63.8085 0.0000 0.0000 -74.5993 0.0000 0.0000 -67.1153 -66.3181 -65.3959 -65.1024 -64.7917 -64.5179 -64.2454 -64.3377 -64.1622 -67.7631 -68.1146 -68.9122 -69.2673 -69.4572 -69.1338 -68.2930 -67.6618 -66.7924 -66.2928 -66.1683 -66.0597 -65.9925 -65.9470 -65.8948 -65.8609
-63.6377 -63.4312 -63.3070 -63.2368 -63.2079 -63.1874 -63.1401 -63.2508 -63.3166 -63.3370 -63.3427 -70.4783 -63.6538 0.0000 0.0000 -67.3586 -66.5880 -65.6856 -65.3481 -65.0997 -64.8312 -64.5589 -64.6706 -64.4939 -64.3357 -64.1974 -68.1004 -68.6147 -68.9293 -67.9129 -67.1765 -66.6786 -65.9988 -65.8436 -65.6563 -65.4877 -65.4661 -65.4626 -65.4458 -65.4582
-62.3285 -62.3030 -62.3138 -62.3424 -62.3993 -62.4628 -62.5387 -62.5631 -62.7268 -62.7892 -62.9021 -63.0907 -63.1629 -63.2943 0.0000 -73.0441 -66.9431 -65.9542 -65.6329 -65.3404 -65.1271 -64.8828 -64.9844 -64.8094 -64.6513 -64.5075 -64.3806 -68.3372 -67.0552 -66.2185 -65.7798 -65.5190 -65.0849 -65.0405 -65.0192 -64.8713 -64.9061 -62.9299 -63.0167 -63.1097
-58.3996 -58.6031 -58.7918 -58.9703 -59.1412 -59.3056 -59.4659 -59.6243 -59.7988 -59.9356 -60.0907 -60.2442 -60.3945 -60.5372 0.0000 -68.7569 -67.0559 -66.1862 -65.8874 -65.6137 -65.4061 -61.4225 -61.6565 -61.7619 -61.8680 -61.9714 -62.0718 -62.2049 -62.2801 -62.3822 -62.4563 -62.5243 -62.5920 -62.5348 -62.6188 -62.6468 0.0000 0.0000 -70.9405 -69.1998
-57.7293 -57.9901 -58.2282 -58.4504 -58.6557 -58.8546 -59.0432 -59.2263 -59.4019 -59.5566 -59.7310 -59.8965 -60.0588 -60.2129 -60.3791 -60.4186 -60.5352 -60.5437 -60.6746 -60.8037 -60.9304 -61.0528 -61.3137 -61.4558 -61.6671 -61.7770 -61.8848 -61.9908 -62.1046 -62.1977 -62.2833 -62.3586 -62.4326 -62.3857 -62.4791 0.0000 0.0000 0.0000 0.0000 -70.6247
-58.6019 -57.3907 -57.6735 -57.9335 -58.1765 -58.4038 -58.6189 -58.8255 -59.0248 -59.2141 -59.3876 -59.5678 -59.7397 -59.9069 -60.0714 -60.1451 -60.2743 -60.3034 -60.4432 -60.5803 -60.7145 -60.8445 -61.1034 -61.2298 -61.3652 -61.4982 -61.6288 -61.7570 -61.8943 -61.9859 -62.0866 -62.1694 -62.2503 -62.2142 -62.3123 -62.6560 0.0000 0.0000 0.0000 0.0000
-57.9635 -58.1526 -58.3315 -58.5024 -58.6682 -57.9831 -58.2232 -58.4507 -58.6686 -58.8751 -59.0624 -59.2586 -59.4408 -59.6196 -59.7947 -59.8875 -60.0307 -60.0759 -60.2227 -60.3682 -60.5098 -60.6468 -60.9043 -61.0448 -61.1755 -61.3129 -61.4478 -61.5801 -61.7196 -61.8138 -61.9172 -62.0059 -62.0923 -62.0653 -62.1670 -62.4593 0.0000 0.0000 0.0000 -78.2376
-57.3479 -57.5865 -57.8078 -58.0155 -58.2129 -58.4029 -58.5848 -58.7630 -58.3280 -58.5520 -58.7527 -58.9586 -59.1530 -59.3425 -59.5261 -59.6375 -59.7335 -59.8537 -60.0092 -60.1609 -60.3082 -60.4528 -60.7090 -60.8549 -60.9900 -61.1317 -61.2706 -61.4069 -61.5331 -61.6436 -61.7394 -61.8445 -61.9366 -61.9180 -62.0232 -62.2843 -62.4314 0.0000 0.0000 0.0000
-56.7637 -57.0468 -57.3066 -57.5479 -57.7748 -57.9907 -58.1959 -58.3934 -58.5840 -58.7689 -58.9309 -59.0971 -58.8770 -59.0767 -59.2269 -59.3959 -59.4700 -59.6376 -59.8003 -59.9590 -60.1134 -60.2633 -60.5176 -60.6692 -60.8170 -60.9547 -61.0977 -61.2371 -61.3600 -61.4758 -61.5770 -61.6856 -61.7829 -61.7726 -61.8809 -61.9879 -62.2687 -70.6994 -68.4959 -67.2751
-56.1948 -56.5145 -56.8069 -57.0770 -57.3566 -57.5959 -57.8221 -58.0384 -58.2440 -58.4409 -58.6318 -58.7978 -58.9720 -59.1455 -59.2704 -59.1633 -59.2529 -59.4277 -59.5974 -59.7623 -59.9230 -60.0788 -60.3332 -60.4885 -60.6396 -60.7819 -60.9278 -61.0642 -61.1901 -61.3112 -61.4174 -61.5196 -61.6316 -61.6293 -61.7408 -61.8508 -62.1137 -62.2453 -62.3866 -62.4551
-53.7512 -53.8988 -56.3651 -56.6606 -56.9360 -57.1952 -57.4371 -57.6670 -57.8870 -58.0979 -58.2898 -58.4793 -58.6649 -58.8778 -59.0160 -59.1723 -59.2434 -59.3987 -59.5499 -59.5719 -59.7380 -59.8992 -60.1532 -60.3127 -60.4680 -60.6201 -60.7608 -60.8940 -61.0238 -61.1496 -61.2606 -61.3676 -61.4827 -61.4881 -61.6027 -61.7157 -61.9648 -62.0978 -62.2328 -62.3103
-53.7504 -53.9086 -54.0479 -54.1888 -54.4049 -56.8344 -57.0933 -57.3391 -57.5734 -57.7971 -58.0011 -58.2030 -58.3982 -58.5890 -58.7415 -58.9072 -58.9935 -59.1559 -59.3139 -59.4680 -59.6184 -59.7649 -60.0308 -60.1403 -60.2997 -60.4556 -60.5915 -60.7274 -60.8598 -60.9914 -61.1068 -61.2184 -61.3278 -61.3494 -61.4670 -61.5829 -61.8216 -61.9550 -62.0824 -62.1744
-46.4443 -46.5749 -54.0526 -54.1910 -54.3292 -54.4685 -54.6084 -57.0276 -57.2747 -57.5101 -57.7247 -57.9374 -58.1431 -58.3416 -58.5053 -58.6801 -58.7797 -58.9491 -59.1138 -59.2740 -59.4303 -59.5822 -59.8174 -59.9678 -60.1152 -60.2597 -60.4012 -60.5337 -60.6704 -60.8046 -60.9237 -61.0722 -61.1857 -61.2133 -61.3338 -61.4523 -61.6829 -61.8168 -61.9458 -62.0433
-53.8424 -46.6094 -46.7385 -46.8663 -54.3433 -54.4769 -54.6112 -54.7467 -54.8831 -57.2374 -57.4618 -57.6836 -57.8979 -58.0860 -58.2760 -58.4609 -58.5731 -58.7489 -58.9197 -59.0858 -59.2474 -59.4046 -59.6399 -59.7946 -59.9461 -60.0946 -60.2399 -60.3759 -60.5159 -60.6534 -60.7782 -60.8972 -61.0146 -61.1332 -61.1722 -61.2933 -61.5164 -61.6505 -61.7808 -61.8837
-53.9298 -54.0339 -54.1421 -46.9001 -47.0259 -47.1504 -54.6599 -54.7600 -54.8901 -55.0214 -55.1473 -55.2785 -57.6645 -57.8613 -58.0586 -58.2507 -58.3735 -58.5556 -58.7321 -58.9035 -59.0702 -59.2322 -59.4677 -59.6265 -59.7819 -59.9340 -60.0829 -60.2286 -60.3655 -60.5060 -60.6354 -60.7591 -60.8801 -60.9997 -61.0440 -61.1684 -61.3866 -61.5212 -61.6526 -61.7607
-54.0577 -54.1289 -54.2268 -54.3290 -54.4355 -47.1830 -47.3056 -47.4268 -54.9437 -55.0673 -55.1865 -55.3121 -55.4107 -55.5287 -57.8511 -58.0480 -58.1822 -58.3694 -58.5509 -58.7274 -58.8989 -59.0653 -59.3010 -59.4635 -59.6225 -59.7781 -59.9303 -60.0793 -60.2191 -60.3625 -60.4960 -60.6234 -60.7478 -60.8713 -60.9129 -61.0455 -61.1694 -61.3956 -61.5280 -61.6411
-56.4325 -56.4524 -54.3505 -54.4208 -54.5178 -54.6188 -54.7231 -47.4583 -47.5778 -47.6952 -47.8116 -55.3276 -55.4496 -55.5629 -55.6824 -55.8028 -55.9143 -58.1914 -58.3770 -58.5577 -58.7333 -58.9041 -59.1399 -59.3059 -59.4683 -59.6271 -59.7823 -59.9343 -60.0830 -60.2231 -60.3604 -60.4911 -60.6188 -60.7451 -60.7921 -60.9270 -61.0531 -61.2727 -61.4061 -61.5246
-56.7194 -56.7321 -56.7008 -56.7254 -54.6377 -54.7075 -54.8030 -54.9019 -55.0042 -47.7255 -47.8417 -47.9569 -48.0695 -55.5821 -55.6962 -55.8119 -55.8953 -56.0146 -56.1341 -58.4380 -58.6184 -58.7938 -58.9855 -59.1539 -59.3194 -59.4810 -59.6391 -59.7939 -59.9453 -60.0878 -60.2288 -60.3624 -60.4932 -60.6221 -60.6743 -60.8034 -60.9387 -61.1551 -61.2893 -61.4103
-56.9604 -56.9678 -56.9809 -56.9990 -57.0219 -57.0492 -54.9506 -55.0182 -55.1117 -55.2030 -55.2725 -47.9861 -48.0987 -48.2105 -48.3206 -55.8341 -55.9126 -56.0265 -56.1417 -56.2573 -56.3734 -56.5622 -58.8794 -59.0527 -59.2217 -59.3868 -59.5482 -59.6588 -59.8118 -59.9625 -60.1009 -60.2375 -60.3710 -60.5025 -60.5594 -60.6907 -60.8271 -61.0400 -61.1752 -61.3006
-57.1985 -57.2015 -57.2099 -57.2236 -57.2420 -57.2648 -57.2910 -57.3207 -55.2290 -55.2896 -55.3796 -55.4732 -55.5639 -48.2388 -48.3490 -48.4583 -48.5600 -56.0516 -56.1609 -56.2717 -56.3833 -56.4956 -56.6459 -56.7604 -59.0808 -59.2489 -59.4127 -59.5730 -59.7298 -59.8833 -60.0252 -60.1648 -60.2532 -60.3862 -60.4477 -60.5809 -60.7118 -60.9284 -61.0646 -61.1931
-57.4338 -57.4325 -57.4365 -57.4459 -57.4604 -57.4790 -57.5011 -57.5267 -57.5556 -57.5778 -55.4936 -55.5572 -55.6407 -55.7290 -55.8198 -48.5106 -48.5876 -48.6946 -48.8001 -56.2982 -56.4043 -56.5117 -56.6572 -56.7677 -56.8789 -56.9904 -59.2822 -59.4446 -59.6035 -59.7590 -59.9093 -60.0459 -60.1849 -60.3214 -60.3868 -60.5223 -60.6554 -60.8140 -60.9576 -61.0886
-57.6660 -57.6606 -57.6608 -57.6662 -57.6766 -57.6915 -57.7096 -57.7313 -57.7494 -57.7742 -57.8028 -55.6747 -55.7514 -55.8106 -55.8948 -55.9482 -56.0392 -48.7461 -48.8268 -48.9314 -49.0346 -56.5398 -56.6794 -56.7851 -56.8918 -56.9994 -57.1076 -57.2160 -57.3250 -59.6393 -59.7920 -59.9309 -60.0719 -60.2105 -60.2801 -60.4172 -60.5519 -60.7573 -60.9022 -61.0367
-57.8950 -57.8858 -57.8823 -57.8842 -57.8909 -57.9020 -57.9164 -57.9345 -57.9482 -57.9695 -57.9946 -58.0184 -58.0446 -55.9247 -56.0029 -56.0277 -56.1123 -56.1992 -56.2882 -48.9821 -49.0604 -49.1628 -49.2703 -49.3701 -56.9153 -57.0181 -57.1220 -57.2265 -57.3318 -57.4375 -57.5430 -59.8251 -59.9630 -60.1035 -60.2427 -60.3154 -60.4516 -60.6551 -60.7932 -60.9368
-58.1524 -58.1081 -58.1012 -58.0996 -58.1029 -58.1104 -58.1215 -58.1361 -58.1456 -58.1636 -58.1854 -58.2053 -58.2284 -58.2537 -58.2815 -56.1388 -56.2177 -56.2764 -56.3594 -56.4445 -56.5316 -49.2127 -49.2953 -49.3956 -49.4947 -49.5923 -57.1464 -57.2464 -57.3474 -57.4492 -57.5514 -57.6507 -57.7468 -57.8707 -60.1406 -60.2169 -60.3545 -60.4897 -60.6949 -60.8390
