-41.8599 -41.6739 -41.4920 -41.3208 -41.1579 -41.0034 -40.8727 -48.0627 -48.2713 -48.6243 -49.0713 -49.5438 -50.0703 -50.6073 -51.1397 -51.7017 -54.4526 -54.3852 -55.6557 -56.3222 -56.7798 -56.9898 -57.2051 -57.2421 -57.5125 -58.0261 -58.5511 -59.0549 -59.9557 -59.7585 -58.4800 -58.5529 -67.0945 -65.7273 0.0000 0.0000 0.0000 0.0000 -58.6233 -58.5300
-41.5409 -41.3432 -41.1538 -40.9776 -40.8087 -40.6457 -40.5041 -47.6690 -47.8468 -48.2454 -48.7346 -49.2549 -49.8306 -50.4144 -50.9890 -53.8769 -54.4473 -54.3447 -55.7067 -56.4260 -56.8767 -57.0523 -57.1948 -57.1693 -57.5570 -58.0843 -59.7123 -59.8070 -59.5296 -57.5082 -58.1376 0.0000 0.0000 -69.5279 0.0000 0.0000 -58.4467 -58.3291 -58.2315 -58.1538
-41.2227 -41.0134 -40.8163 -40.6267 -40.4462 -40.2761 -40.1202 -47.2663 -47.4255 -47.8511 -48.3896 -48.9990 -49.6018 -50.2402 -50.9104 -53.9062 -54.4909 -54.3398 -55.8187 -56.5647 -56.9796 -57.1958 -57.2124 -57.0885 -57.6776 -59.2756 -59.4121 -59.3550 -57.1961 -57.0674 0.0000 0.0000 0.0000 0.0000 -58.3140 -58.1423 -58.0286 -57.9207 -57.8380 -57.7698
-40.8905 -40.6721 -40.4609 -40.2607 -40.0741 -39.8978 -39.7328 -39.5958 -46.9855 -47.4165 -48.0391 -48.7171 -49.4293 -50.0918 -53.2632 -54.0076 -54.5984 -54.3590 -55.9801 -56.7660 -57.1854 -57.3534 -57.2494 -56.5014 -58.8219 -58.9795 -59.0919 -56.8987 -56.7393 -58.5485 -58.8129 0.0000 0.0000 -58.0973 -57.8966 -57.7016 -57.5645 -57.4923 -57.4137 -57.3590
-40.5503 -40.3199 -40.0970 -39.8873 -39.6884 -39.5038 -39.3291 -39.1869 -46.5258 -46.9909 -47.6822 -48.4461 -49.2411 -50.0337 -53.4154 -54.2070 -54.7868 -54.4221 -56.2064 -57.0220 -57.5305 -60.5330 -59.2581 -58.3484 -58.5093 -58.6570 -56.5974 -56.4146 -58.2779 -58.5898 -58.4614 -58.1419 -57.8653 -57.6400 -57.4417 -57.2561 -57.1286 -57.0658 -56.9933 -56.9591
-40.2005 -39.9558 -39.7231 -39.4999 -39.2884 -39.0957 -38.9113 -38.7580 -46.0463 -46.5492 -47.3000 -48.1975 -49.0888 -52.7395 -53.7063 -54.5391 -55.1001 -54.4979 -56.5394 -60.1358 -61.5309 -61.0546 -58.8911 -58.0447 -58.2001 -58.2831 -56.1092 -57.9794 -58.4337 -58.3668 -57.9799 -57.6494 -57.3686 -57.1351 -56.9563 -56.8070 -56.6745 -56.6004 -56.6000 -59.4575
-39.8359 -39.5901 -39.3381 -39.0954 -38.8739 -38.6685 -38.4746 -38.3095 -45.5448 -46.0869 -46.9551 -47.9777 -48.9934 -53.1395 -54.3977 -55.0732 -55.5413 -54.6727 -57.1200 -61.7738 -63.0638 -61.9515 -58.5047 -57.7670 -57.8490 -55.7410 -57.7381 -58.2288 -58.3355 -57.8739 -57.4716 -57.1247 -56.8447 -56.6199 -56.4462 -56.3305 -56.2314 -56.1953 -59.2895 0.0000
-39.4926 -39.2121 -38.9457 -38.6928 -38.4520 -38.2285 -38.0236 -37.8462 -45.0262 -45.6036 -46.6295 -47.7666 -52.1213 -53.8274 -55.1874 -56.2744 -59.8036 -56.1486 -56.9553 -66.7436 -65.7594 -64.0136 -55.1177 -57.4923 -55.1865 -57.4154 -58.0524 -58.3534 -57.8210 -57.3351 -56.9168 -56.7300 -56.3955 -56.1385 -55.9528 -55.8349 -55.7983 -54.3473 -54.5472 0.0000
-39.1204 -38.8179 -38.5421 -38.2678 -38.0082 -37.7749 -37.5574 -37.3575 -37.2040 -45.0973 -46.3451 -47.7024 -53.1473 -54.9789 0.0000 0.0000 -62.8359 -55.7237 0.0000 0.0000 0.0000 0.0000 -54.5922 -54.5710 -54.8650 -57.9980 -58.3697 -57.8891 -57.2663 -56.7489 -56.4953 -56.0684 -55.7420 -55.5204 -55.3973 -53.8231 -54.0315 -55.5280 -55.6616 0.0000
-38.7593 -38.4431 -38.1311 -37.8364 -37.5581 -37.2989 -37.0701 -36.8563 -36.6902 -44.5682 -46.1452 -52.3364 -54.8477 0.0000 0.0000 0.0000 0.0000 -53.6214 0.0000 0.0000 0.0000 0.0000 -57.4041 -54.3022 -58.7602 -58.6626 -58.1265 -57.3208 -56.6574 -56.2954 -55.7345 -55.3253 -55.0124 -53.2818 -53.4870 -55.1135 -55.2278 -55.3347 -57.1246 -58.5856
-38.3826 -38.0494 -37.7242 -37.4038 -37.1027 -36.8225 -36.5658 -36.3449 -36.1605 -44.0036 -46.1375 -57.7035 -57.8305 -57.0117 0.0000 0.0000 -53.5487 -50.1246 -50.5653 -50.9382 0.0000 0.0000 -53.7295 -60.4674 -61.2631 -58.6906 -57.6433 -56.7204 -56.2043 -55.3962 -54.8640 -52.7439 -52.9533 -54.7240 -54.8208 -54.9174 -55.0208 -56.8674 -58.6589 -58.4788
-38.0075 -37.6547 -37.3067 -36.9554 -36.6280 -36.3166 -36.0431 -35.8048 -35.6009 -43.4086 0.0000 -62.0631 -61.5779 -60.0684 -55.6773 -53.6299 -49.6115 -50.1790 -50.6075 -50.9201 -51.1398 -51.0086 0.0000 0.0000 -63.0814 -58.4105 -57.1329 -56.3858 -55.0610 -54.3265 -52.3997 -54.3691 -54.4828 -54.5695 -54.6450 -54.7121 -56.5875 -58.9659 -58.7019 -58.2817
-37.5908 -37.2072 -36.8294 -36.4576 -36.1000 -35.7776 -35.4709 -35.2104 -34.9800 -42.7787 0.0000 0.0000 0.0000 0.0000 -55.2059 -49.1531 -49.8159 -50.3140 -50.6627 -50.8941 -50.5795 -50.3389 0.0000 0.0000 0.0000 -58.2445 -56.7173 -54.7554 -51.8031 -54.2587 -54.2459 -54.3444 -54.3852 -54.4077 -54.4276 -56.3232 -59.4407 -59.1774 -58.5874 -57.8580
-37.2820 -36.8780 -36.4676 -36.0674 -35.6671 -35.3103 -34.9691 -34.6742 -34.4190 -34.2325 0.0000 0.0000 -54.6855 0.0000 -49.1131 -49.5591 -50.1003 -50.4791 -50.5704 -50.1682 -49.8703 -49.6699 0.0000 0.0000 0.0000 -58.3960 -51.1500 -54.0162 -54.2572 -54.3461 -54.3334 -54.2789 -54.2243 -54.1801 -56.1181 -66.2175 -64.0671 -61.9493 -59.6396 -55.5335
-36.9341 -36.5008 -36.0660 -35.6370 -35.2070 -34.7937 -34.4266 -34.0868 -33.8047 -33.5916 0.0000 0.0000 -46.9269 -48.7064 -49.9463 -50.8162 -50.4287 -50.3196 -49.7952 -49.4178 -49.1764 -49.0623 -47.2722 0.0000 -50.2874 -55.6988 -55.1269 -54.9614 -54.7418 -54.5015 -54.2711 -54.0827 -53.9365 -55.8759 0.0000 0.0000 -66.1277 -62.3005 -55.0377 -54.3518
-36.5979 -36.1377 -35.6788 -35.2133 -34.7446 -34.2925 -33.8711 -33.4987 -33.1803 -32.9313 -40.6861 -46.0144 -48.8547 -50.1730 -51.1041 -51.6819 -50.2436 -49.5053 -49.0075 -48.7115 -46.2365 -46.7540 -48.7828 -54.9850 0.0000 -60.3060 -56.3986 -55.5621 -54.9307 -54.4220 -54.0165 -53.7073 -53.3965 0.0000 0.0000 0.0000 0.0000 -54.5193 -53.5164 -50.8021
-36.2813 -35.8057 -35.3078 -34.8125 -34.3065 -33.8091 -33.3301 -32.8955 -32.5305 -32.2509 -32.1061 -49.2490 -50.8271 0.0000 -53.4121 -51.7508 -49.4231 -48.6992 -48.3180 -45.6621 -46.2412 -46.6607 0.0000 0.0000 0.0000 -62.5912 -56.7408 -55.6347 -54.7013 -53.9013 -53.2868 -52.8474 -52.5684 -52.4241 -52.3993 0.0000 -53.9816 -49.9893 -53.8786 -54.7987
-36.0057 -35.4957 -34.9846 -34.4486 -33.8981 -33.3502 -32.8123 -32.3221 -31.9025 -31.5708 -31.3496 0.0000 0.0000 0.0000 -53.1857 -51.1265 -48.6902 -48.1539 -45.1410 -45.7775 -46.2210 -46.5240 -46.7367 0.0000 0.0000 0.0000 -56.2879 -54.9466 -53.8151 -52.9352 -52.3078 -51.9065 -51.7001 -51.6712 -51.7863 -49.0751 -49.3815 0.0000 -69.1571 -64.3061
-35.7552 -35.2346 -34.6997 -34.1440 -33.5616 -32.9555 -32.3673 -31.7937 -31.3077 -30.9152 -30.6421 0.0000 0.0000 0.0000 -53.4435 -50.9319 -43.6495 -44.6973 -45.4184 -45.8776 -46.1485 -46.3230 -46.4672 0.0000 0.0000 -56.2164 -55.7389 -54.0884 -52.7540 -51.8020 -51.2036 -50.9103 -50.8820 -48.1061 -48.3746 -51.9595 0.0000 0.0000 0.0000 -66.7154
-35.5345 -35.0231 -34.4795 -33.9074 -33.2974 -32.6571 -31.9956 -31.3461 -30.7779 -30.3193 -29.9933 -29.8046 0.0000 0.0000 -55.4369 -43.7447 -45.1970 -45.2775 -45.8380 -47.6698 -47.3089 -46.7222 -46.4289 -56.1849 -57.9702 -57.5396 -55.1735 -53.0080 -51.4221 -50.4629 -50.0335 -50.0525 -47.2976 -51.0009 -51.6168 -52.2194 -52.7914 0.0000 0.0000 -67.9190
-35.3378 -34.8457 -34.3220 -33.7641 -33.1494 -32.4849 -31.7712 -31.0556 -30.4086 -29.8690 -29.4548 -29.2128 -29.1457 -43.3374 -44.5861 0.0000 0.0000 -49.0357 -47.9429 -47.0139 -46.0761 -45.7056 -45.3263 0.0000 0.0000 0.0000 -54.5898 -51.4815 -49.6634 -49.0184 -46.1083 -49.9976 -50.7507 -51.4535 -52.0982 -52.7010 -53.2565 0.0000 0.0000 -54.5939
-35.1725 -34.6944 -34.2229 -33.7093 -33.1425 -32.4849 -31.7432 -30.9903 -30.2793 -29.6618 -29.1816 -28.8601 -28.7263 0.0000 0.0000 0.0000 0.0000 -47.7404 -46.7594 -45.5371 -45.0518 -44.4699 -44.1126 0.0000 0.0000 0.0000 -53.9605 -48.7978 -44.7535 -49.0620 -50.0420 -50.8608 -51.5694 -52.2021 -52.7791 -52.8043 -52.9821 -53.1671 -53.3698 -53.8128
-35.0033 -34.5712 -34.1553 -33.7308 -33.2634 -32.6660 -31.9536 -31.1991 -30.4727 -29.8032 -29.2650 -28.9297 -28.8201 0.0000 0.0000 0.0000 -52.2237 -45.5668 -45.2414 -44.5994 -43.6739 -43.0840 -42.7777 -42.6896 0.0000 0.0000 -43.2555 -49.7788 -50.4136 -51.0119 -51.5781 -52.1156 -52.6233 -52.0223 -52.1448 -52.3112 -52.5094 0.0000 0.0000 0.0000
-34.8169 -34.4115 -34.0581 -33.7510 -33.4207 -32.9430 -32.2671 -31.5243 -30.8410 -30.2550 -29.9106 -29.8801 -30.0827 -30.0377 0.0000 0.0000 -47.3441 -45.5040 -44.5534 -43.1164 -42.0918 -41.5307 -41.3194 -41.3506 -41.5484 0.0000 0.0000 -55.5414 -53.7843 -53.3340 -53.3335 -53.5271 -51.3062 -51.4100 -51.5717 -51.7762 -52.0006 -52.2566 0.0000 0.0000
-34.5717 -34.1821 -33.8708 -33.6389 -33.4190 -33.0222 -32.3926 -31.8447 -31.6370 -31.7740 -32.2797 -33.1530 -33.9397 -33.4165 -32.7693 0.0000 0.0000 0.0000 -43.2960 -41.3925 -40.2971 -39.8350 -39.7762 -39.9595 0.0000 0.0000 0.0000 -58.0464 -56.1861 -53.5141 -50.3196 -50.3045 -50.4113 -50.5993 -50.8389 -51.1118 -51.4053 -51.7115 0.0000 0.0000
-34.2364 -33.8276 -33.5082 -33.2790 -33.1002 -32.7735 -32.3579 -32.4785 -33.6326 -35.7352 -38.5072 -41.8297 -46.5236 -42.6728 -39.2023 0.0000 0.0000 0.0000 -41.9111 -39.5492 -38.5194 -38.3114 -38.5640 -33.2559 0.0000 0.0000 0.0000 0.0000 -53.0113 -49.0212 -49.0416 -49.2233 -49.4954 -49.8183 -50.1691 -50.5341 -50.9046 -51.2749 0.0000 -56.0350
-33.8426 -33.3629 -32.9684 -32.6636 -32.4829 -32.2951 -32.2207 -33.2225 -36.5559 -43.8288 -41.7066 -39.3695 -40.5796 -39.9145 -40.8821 0.0000 0.0000 0.0000 -41.2668 -31.8803 -31.9560 -32.0758 -32.3464 -32.7234 0.0000 0.0000 -49.1318 -47.5633 -47.3199 -47.5199 -47.8873 -44.3973 -45.0130 -45.5941 -46.1442 -46.6670 -47.1647 -47.6398 -48.0944 -51.3898
-33.4308 -32.8606 -32.3472 -31.9461 -31.7150 -31.6189 -31.7348 -33.2026 -38.0429 -44.2327 -38.3613 -37.2767 -36.5787 -36.4785 -38.5323 -43.5128 -38.2970 -32.9249 -31.2397 -31.0663 -31.2696 -37.6586 -38.0422 -38.6936 -39.4904 -40.3398 0.0000 -54.8559 -51.8125 -50.4559 -49.9861 -49.9179 -50.0413 -50.2663 -50.5465 -50.8568 -51.1832 -51.5167 -51.8514 -52.1827
-33.0338 -32.3843 -31.7810 -31.2549 -30.9278 -30.7991 -30.8958 -32.2228 -37.1432 -43.4681 -39.4921 -32.7378 -31.7825 -32.2199 -38.6922 0.0000 0.0000 0.0000 0.0000 -40.5263 -39.1779 -39.0251 -39.3927 -39.9811 -40.6578 0.0000 0.0000 -56.0293 -53.1649 -51.7002 -51.0488 -50.8265 -50.8334 -50.9720 -51.1815 -51.4354 -51.7151 -52.0098 -52.3099 -52.6111
-32.7074 -31.9978 -31.3090 -30.7023 -30.2321 -29.9778 -29.9685 -30.9528 -34.8143 -46.0513 -39.8015 -37.1816 -30.8975 -36.2371 -39.8183 0.0000 0.0000 0.0000 0.0000 -42.9343 -41.5331 -41.0709 -41.1334 -41.4659 -41.9339 0.0000 0.0000 0.0000 -54.7167 -53.2779 -52.4658 -52.0624 -51.9118 -51.9178 -52.0224 -52.1948 -52.4037 -52.6392 -52.8841 -53.1393
-32.5011 -31.7556 -31.0271 -30.3455 -29.7670 -29.3666 -29.2550 -29.9061 -32.6373 -39.9417 -44.7175 -38.5152 -38.9537 -39.4514 -43.1132 -41.1432 0.0000 0.0000 0.0000 -45.0237 -43.7022 -42.4957 -42.8573 -42.9596 -43.2318 0.0000 0.0000 0.0000 -54.9289 -54.6742 -53.8208 -53.3066 -53.0329 -52.9243 -52.9286 -53.0101 -53.1452 -53.3154 -53.4965 -53.7033
-32.4194 -31.6795 -30.9343 -30.2196 -29.5759 -29.0656 -28.8095 -29.1593 -30.7184 -34.2095 -40.5828 -41.9350 -38.6184 -41.0938 -41.7317 -34.8880 -37.6335 -37.1683 -38.0235 -39.1153 -40.2234 -41.2530 -42.1982 -43.0688 -43.8762 -44.6293 -45.6897 -46.3920 -47.0520 -47.6744 -48.2631 -48.8216 -49.3285 -49.8107 -50.2719 -50.7145 -51.0891 -51.4951 -51.8867 -52.2690
-32.4657 -31.7359 -31.0133 -30.2921 -29.6319 -29.0648 -28.7222 -28.8463 -29.5624 -31.2659 -34.6237 -39.6387 -43.4904 -40.8007 -35.6331 -31.8509 0.0000 0.0000 -48.1539 -45.7246 -38.9596 -40.2275 -41.3519 -42.3579 -43.2691 -44.1027 -44.8721 -45.5865 -46.5010 -47.1718 -47.7998 -48.3511 -48.9054 -49.4301 -49.9166 -50.3758 -50.8160 -51.2384 -51.6444 -52.0349
-32.6119 -31.9087 -31.2193 -30.5388 -29.8888 -29.3328 -28.9939 -29.0111 -29.4011 -30.2388 -31.8087 -34.0093 -35.5501 -34.7197 -32.5967 -30.8178 0.0000 0.0000 -48.6739 0.0000 -45.5761 -45.4377 -45.6576 -41.7389 -42.7271 -43.6236 -44.4437 -45.1729 -45.8698 -46.5242 -47.3483 -47.9591 -48.5360 -49.0830 -49.6026 -50.0974 -50.5597 -50.9957 -51.4147 -51.8168
-32.8387 -32.1869 -31.5428 -30.8787 -30.2603 -29.7485 -29.4167 -29.3869 -29.7191 -30.3200 -31.1228 -32.0780 -32.7353 -32.5691 -31.7757 -30.9209 0.0000 0.0000 0.0000 0.0000 -52.2059 -46.4899 -46.3488 -46.5323 -46.8484 -47.2417 -47.6849 -44.8280 -45.5551 -46.2312 -46.8644 -47.4620 -48.2165 -48.7757 -49.3076 -49.8147 -50.2984 -50.8055 -51.2432 -51.6559
-33.1364 -32.5143 -31.8853 -31.2824 -30.7274 -30.2628 -29.9656 -29.9107 -30.1785 -30.7440 -31.3954 -31.9632 -32.3083 -32.3202 -31.9643 -31.3568 0.0000 -45.2271 -45.1464 -45.7265 -46.3216 -51.1869 -49.9867 -47.6022 -47.7545 -47.9983 -48.3031 -48.6516 0.0000 0.0000 -58.1408 -53.2780 -47.8758 -48.4191 -49.1155 -49.6282 -50.1187 -50.5884 -51.0385 -51.4704
-33.4499 -32.8794 -32.3064 -31.7592 -31.2623 -30.8533 -30.5835 -30.5370 -30.7474 -31.2331 -31.8792 -32.4687 -32.8008 -32.7956 -32.4393 -31.8580 -31.3195 -41.8038 0.0000 0.0000 0.0000 -52.5836 -51.4691 -50.7491 -48.7437 -48.8732 -49.0727 -49.3211 0.0000 0.0000 -58.4825 -56.6044 -54.6236 -53.9489 -52.4645 -52.0871 -52.5443 -50.3888 -50.8427 -51.2789
-33.8203 -33.2888 -32.7803 -32.2864 -31.8495 -31.5031 -31.2703 -31.2335 -31.4111 -31.7991 -32.3595 -32.9412 -33.2924 -33.2710 -32.9190 -32.4310 -32.0074 -40.2754 0.0000 0.0000 0.0000 -53.6737 -52.7070 -52.0083 -51.5551 -49.7157 -49.8086 -49.9816 0.0000 0.0000 0.0000 -57.9989 -56.2614 -55.1939 -54.5708 -53.7706 -53.4353 -53.3156 -53.6867 -53.8685
-34.2240 -33.7646 -33.2835 -32.8552 -32.4743 -32.1756 -31.9923 -31.9617 -32.0967 -32.4040 -32.8316 -33.2858 -33.5713 -33.5939 -33.3658 -33.0260 -32.7106 -32.5161 0.0000 0.0000 0.0000 -54.5229 -51.0693 -51.3016 -51.6084 -51.9490 -52.3022 -50.6947 0.0000 -61.4415 -60.3367 -58.6655 -56.9988 -56.1415 -55.5355 -55.4019 -54.5061 -54.2477 -54.1404 -54.1405
-34.6512 -34.2310 -33.8240 -33.4418 -33.1118 -32.8527 -32.7183 -32.6811 -32.7745 -33.0035 -33.3106 -33.6260 -33.8435 -33.8991 -33.7964 -33.5964 -33.3864 -33.2601 -33.2629 -47.5407 -48.2295 -48.8790 -49.4135 -50.0006 -50.5511 -51.0672 -51.5554 -52.0178 -51.5023 0.0000 0.0000 -59.6936 -58.4959 -57.5574 -56.8625 -56.3636 -56.1980 -55.3983 -55.1862 -55.0822
