-35.1294 -34.7302 -34.3855 -34.0270 -33.7514 -33.5375 -33.4067 -33.3810 -33.4360 -33.5849 -33.8107 -34.0253 -34.1910 -34.2581 -34.2366 -34.1407 -34.0345 -33.9608 0.0000 0.0000 0.0000 0.0000 -56.8184 -55.3134 -54.9033 -54.8817 -55.0265 -55.2473 0.0000 0.0000 0.0000 -60.3421 -59.3164 -58.4671 -57.7991 -57.2950 -56.9189 -56.7536 -56.4248 -55.8869
-35.6074 -35.2166 -34.9226 -34.6297 -34.3803 -34.1955 -34.0829 -34.0372 -34.0713 -34.1731 -34.3234 -34.4785 -34.6086 -34.6817 -34.7028 -34.6895 -34.6443 -34.6228 -34.6916 0.0000 0.0000 0.0000 -59.1106 -57.5807 -56.7764 -56.4218 -56.3116 -55.9587 -56.0757 0.0000 0.0000 -60.9248 -60.0356 -59.2553 -58.6256 -58.0680 -57.6667 -57.3747 -57.2081 -56.9592
-36.0835 -35.7702 -35.4570 -35.2341 -34.9991 -34.8392 -34.7266 -34.6755 -34.6902 -34.7503 -34.8558 -34.9702 -35.0663 -35.1481 -35.1925 -35.2244 -35.2373 -35.2469 -35.2877 0.0000 0.0000 0.0000 -59.5985 -57.6492 -57.1252 -56.8312 -55.1068 -55.3673 -55.6346 0.0000 -65.2217 -63.6018 -60.3074 -58.9989 -58.5684 -58.2275 -57.9463 -57.7257 -57.5527 -57.4230
-36.5718 -36.2850 -35.9731 -35.7806 -35.6307 -35.4467 -35.3443 -35.2927 -35.2777 -35.3257 -35.3959 -35.4799 -35.5691 -35.6384 -35.7018 -35.7599 -35.7928 -35.8472 -35.9058 -51.1725 -51.6688 -52.1734 -52.6377 -52.9827 -53.4359 -53.8661 -54.2754 -54.6629 -55.0351 0.0000 0.0000 0.0000 -61.1607 -60.4545 -59.8702 -59.3807 -59.0066 -58.7124 -58.4771 -58.3113
-37.0519 -36.7901 -36.5580 -36.3194 -36.1913 -36.0374 -35.9356 -35.8821 -35.8636 -35.8871 -35.9438 -35.9979 -36.0818 -36.1399 -36.2174 -36.2813 -36.3485 -36.4142 -36.4891 0.0000 0.0000 0.0000 0.0000 -61.3807 -60.2396 -58.8958 -58.4266 -58.3208 -57.0861 0.0000 0.0000 0.0000 -61.6670 -61.0386 -60.4923 -60.0167 -59.6467 -59.3385 -59.1025 -58.9072
-37.5279 -37.2937 -37.0860 -36.8315 -36.7235 -36.6348 -36.5054 -36.4570 -36.4272 -36.4458 -36.4693 -36.5254 -36.5865 -36.6529 -36.7189 -36.8071 -36.8853 -36.9727 -37.0478 -37.1843 0.0000 0.0000 0.0000 -60.8405 -60.1637 -59.7889 -59.6763 -59.6017 -58.2427 0.0000 0.0000 0.0000 -62.1312 -61.5703 -61.0681 -60.6332 -60.2440 -59.9403 -59.6869 -59.4923
-37.9938 -37.7648 -37.5900 -37.4135 -37.2288 -37.1573 -37.0613 -36.9992 -36.9810 -36.9729 -37.0077 -37.0312 -37.1044 -37.1481 -37.2392 -37.3104 -37.4109 -37.4920 -37.5869 -37.7041 0.0000 0.0000 0.0000 -60.2558 -56.6488 -56.7252 -56.9217 -57.1390 -57.3837 0.0000 0.0000 -68.8385 -65.4486 -62.0002 -61.5577 -61.1800 -60.7962 -60.4820 -60.2546 -60.0332
-38.4482 -38.2601 -38.0841 -37.9160 -37.7186 -37.6549 -37.6171 -37.5273 -37.5074 -37.5015 -37.5197 -37.5483 -37.6005 -37.6568 -37.7355 -37.8140 -37.9124 -37.9946 -38.1273 -38.1921 -53.7093 -54.2102 -54.6690 -60.7831 -59.4578 -59.1213 -59.0494 -59.1768 -59.4209 -59.7181 -60.9908 -62.1135 -62.4162 -62.0971 -61.7736 -61.4702 -61.1941 -61.0068 -60.7622 -60.5654
-38.8913 -38.7213 -38.5586 -38.4048 -38.2840 -38.1332 -38.1046 -38.0861 -38.0160 -38.0085 -38.0278 -38.0450 -38.1011 -38.1448 -38.2257 -38.2986 -38.3956 -38.5329 -38.6029 -38.6624 0.0000 0.0000 0.0000 0.0000 -59.3375 -58.9353 -58.8053 -58.8903 -59.1184 -59.4230 -60.3213 -60.9033 -61.3949 -62.1571 -62.2432 -61.5493 -61.7407 0.0000 -61.2301 -61.0793
-39.3399 -39.1692 -39.0202 -38.8881 -38.7618 -38.5971 -38.5719 -38.5648 -38.5154 -38.5010 -38.5167 -38.5317 -38.5860 -38.6250 -38.6995 -38.7741 -38.8701 -38.9942 -39.0547 -39.1136 -39.2884 0.0000 0.0000 0.0000 -59.3881 -58.9234 -58.7271 -58.7394 -58.9183 -59.2032 -59.3046 -60.1035 -60.5758 -60.9799 -61.2195 0.0000 0.0000 0.0000 -61.9627 -61.7599
-39.7624 -39.6078 -39.4637 -39.3427 -39.2273 -39.1447 -39.0141 -39.0190 -39.0323 -38.9825 -38.9903 -39.0116 -39.0498 -39.0985 -39.1631 -39.2348 -39.3650 -39.4302 -39.4848 -39.6388 -39.7442 0.0000 0.0000 0.0000 -59.6102 -58.6008 -58.4337 -58.4033 -58.5166 -58.7371 -59.0523 -59.3940 -60.1686 -61.6127 -61.9402 0.0000 0.0000 0.0000 -67.5413 -62.1260
-40.1818 -40.0334 -39.9045 -39.7884 -39.6856 -39.6005 -39.4491 -39.4587 -39.4724 -39.4980 -39.4517 -39.4698 -39.5160 -39.5508 -39.6127 -39.6889 -39.7895 -39.8558 -39.9021 -40.0813 -40.1921 -55.8833 -56.3088 -56.7019 -57.0186 -57.1823 -57.5100 -57.8223 -58.1320 -58.4261 0.0000 0.0000 0.0000 0.0000 -66.0358 0.0000 0.0000 0.0000 -67.4146 -62.4029
-40.5812 -40.4419 -40.3176 -40.2123 -40.1229 -40.0430 -39.9796 -39.8829 -39.8986 -39.9304 -39.9019 -39.9149 -39.9623 -39.9935 -40.0523 -40.1550 -40.2038 -40.2640 -40.4053 -40.5087 -40.6175 -40.7782 0.0000 0.0000 0.0000 -60.0251 -59.6287 -59.2921 -59.1819 -59.2368 0.0000 0.0000 0.0000 0.0000 -67.0488 -67.0692 -62.9528 -63.0806 -63.1693 -63.2919
-40.9728 -40.8517 -40.7318 -40.6278 -40.5456 -40.4684 -40.4101 -40.2930 -40.3115 -40.3447 -40.3762 -40.3534 -40.3896 -40.4258 -40.5171 -40.5609 -40.6042 -40.6587 -40.8194 -40.9229 -41.0294 -41.1357 0.0000 0.0000 0.0000 -60.2667 -59.8716 -59.6008 -59.2293 -59.2237 0.0000 -61.6174 -61.7316 -61.8675 -61.8319 -62.1469 -62.3322 -62.4314 -62.5167 -62.6987
-41.3509 -41.2376 -41.1263 -41.0313 -40.9556 -40.8812 -40.8288 -40.7990 -40.7080 -40.7450 -40.7813 -40.7751 -40.8060 -40.8431 -40.9180 -40.9556 -40.9887 -41.1335 -41.2219 -41.3198 -41.4305 -41.5298 0.0000 0.0000 0.0000 -60.0416 -59.6113 -59.3956 -59.2532 -59.2265 -59.2965 -60.8918 -61.0983 -61.3141 -61.4022 -61.5801 -61.9589 -62.1768 -62.2684 -62.4487
-41.7232 -41.6135 -41.5127 -41.4220 -41.3530 -41.2828 -41.2401 -41.2046 -41.1737 -41.1353 -41.1703 -41.2102 -41.2181 -41.2708 -41.3034 -41.3396 -41.3640 -41.5219 -41.6186 -41.7077 -41.8121 -41.9087 -42.0200 -57.6234 -57.9686 0.0000 -60.5911 -60.2879 -60.0759 -59.9771 -59.9786 -60.4099 -67.4226 -67.8118 -67.6563 -67.7812 -65.1763 -65.2253 -65.1987 -65.3976
-42.0811 -41.9817 -41.8898 -41.8009 -41.7285 -41.6742 -41.6355 -41.5923 -41.5740 -41.5106 -41.5448 -41.5904 -41.6853 -41.6529 -41.6743 -41.7087 -41.8196 -41.8948 -42.0003 -42.0878 -42.1797 -42.2779 -42.3888 0.0000 0.0000 0.0000 -60.8478 -60.5374 -60.3339 -60.1921 -60.1563 -60.2300 -60.6799 -64.1652 -64.3167 -64.2461 -64.5732 -64.7411 -64.2577 -64.4437
-42.4299 -42.3352 -42.2513 -42.1737 -42.0964 -42.0517 -42.0135 -41.9770 -41.9584 -41.9539 -41.9081 -41.9587 -42.0399 -42.0222 -42.0372 -42.0652 -42.1937 -42.2702 -42.3670 -42.4526 -42.5391 -42.6434 -42.7420 0.0000 0.0000 0.0000 -61.4051 -60.7857 -60.5712 -60.4119 -60.3474 -60.3827 -60.5196 -63.0357 -63.1936 -63.2329 -63.4802 -63.6691 -63.7101 -63.9117
-42.7453 -42.6813 -42.6037 -42.5385 -42.4635 -42.4182 -42.3847 -42.3512 -42.3303 -42.3236 -42.2633 -42.3424 -42.3820 -42.4108 -42.3907 -42.4936 -42.5534 -42.6334 -42.7234 -42.8056 -42.8906 -42.9955 -43.0865 0.0000 0.0000 0.0000 -65.5292 -60.7410 -60.5238 -60.3879 -60.2899 -60.2949 -60.3352 -60.6046 -62.3975 -62.5529 -62.7190 -63.0117 -63.1612 -63.4353
-43.0741 -42.9894 -42.9479 -42.8835 -42.8174 -42.7745 -42.7433 -42.7114 -42.6932 -42.6866 -42.7219 -42.6739 -42.7127 -42.7403 -42.7706 -42.8511 -42.9072 -42.9827 -43.0681 -43.1498 -43.2325 -43.3303 -43.4207 -43.5128 -59.2164 -59.4325 -59.6148 -59.7505 -60.0221 -60.2830 -60.2904 -60.3930 -60.4421 0.0000 0.0000 -69.4073 -68.5086 -66.5889 -66.7054 -66.6823
-43.3954 -43.3172 -43.2517 -43.2161 -43.1620 -43.1212 -43.0897 -43.0603 -43.0447 -43.0376 -43.0624 -42.9949 -43.0329 -43.0594 -43.1721 -43.1953 -43.2532 -43.3193 -43.4012 -43.4832 -43.5654 -43.6543 -43.7475 -43.8362 -53.8345 -56.3647 -57.5740 -58.2639 -58.8517 -59.3357 -59.7546 0.0000 0.0000 0.0000 0.0000 -68.0151 -67.4061 -67.7841 -68.1727 -68.0008
-43.7122 -43.6371 -43.5755 -43.5441 -43.4990 -43.4589 -43.4233 -43.3969 -43.3878 -43.4077 -43.3915 -43.3882 -43.3421 -43.4333 -43.4943 -43.5680 -43.5920 -43.6501 -43.7279 -43.8118 -43.8929 -43.9737 -44.0668 0.0000 0.0000 0.0000 -67.7704 -62.9441 -57.7266 -58.3855 -58.9358 0.0000 0.0000 0.0000 0.0000 0.0000 0.0000 0.0000 0.0000 -71.3331
-44.0180 -43.9459 -43.8845 -43.8280 -43.8256 -43.7851 -43.7487 -43.7320 -43.7532 -43.7337 -43.7120 -43.7087 -43.6441 -43.7493 -43.8090 -43.8848 -43.9578 -43.9760 -44.0443 -44.1285 -44.2098 -44.2855 -44.3702 0.0000 0.0000 0.0000 -68.0475 -65.4010 -63.3241 -62.7948 -60.0978 -58.8490 -63.8212 -64.0633 -64.2829 0.0000 0.0000 0.0000 0.0000 -70.3818
-44.3184 -44.2494 -44.1888 -44.1398 -44.1036 -44.1049 -44.0717 -44.0561 -44.0685 -44.0482 -44.0237 -44.0183 -44.0814 -44.0545 -44.1162 -44.1915 -44.2640 -44.2919 -44.3567 -44.4347 -44.5168 -44.5914 -44.6703 0.0000 0.0000 0.0000 -68.2627 -66.4631 -64.5698 -63.6645 -63.1374 -60.7604 -60.8383 -59.3223 -59.7400 0.0000 0.0000 0.0000 0.0000 -68.1041
-44.6076 -44.5484 -44.4852 -44.4422 -44.4070 -44.3717 -44.3868 -44.3980 -44.3745 -44.3530 -44.3294 -44.3159 -44.3950 -44.3505 -44.4156 -44.4887 -44.5607 -44.6310 -44.6607 -44.7336 -44.8124 -44.8868 -44.9599 -55.4730 -63.5113 -63.7785 -63.6999 -63.9020 -63.8841 -64.0863 -63.8501 -63.4528 -62.9927 -61.3463 -61.3691 -61.2304 -60.0070 -62.9877 -66.1548 -66.3691
-44.9373 -44.8377 -44.7760 -44.7359 -44.7009 -44.6729 -44.7238 -44.6939 -44.6713 -44.6486 -44.6261 -44.6742 -44.6992 -44.7214 -44.7063 -44.7773 -44.8492 -44.9168 -44.9964 -45.0294 -45.1009 -45.1740 -45.2452 0.0000 0.0000 0.0000 -65.8759 -65.3725 -64.8242 -64.7004 -64.7034 -63.7852 -63.4917 -63.3780 -62.9116 -61.6842 -61.6665 -61.7526 -60.4012 -61.2994
-45.2199 -45.1671 -45.0592 -45.0210 -44.9897 -44.9640 -44.9615 -44.9821 -44.9591 -44.9354 -44.9143 -44.9751 -44.9907 -45.0202 -44.9886 -45.0573 -45.1291 -45.1954 -45.2742 -45.3160 -45.3859 -45.4518 -45.5240 0.0000 0.0000 0.0000 -64.2035 -63.7984 -63.6440 -63.5091 -63.6423 -63.8309 -64.0362 -64.3579 -63.8094 -63.4304 -63.0816 -62.0405 -62.1383 -62.2340
-45.4977 -45.4412 -45.3906 -45.2995 -45.2725 -45.2733 -45.2385 -45.2078 -45.2389 -45.2141 -45.2569 -45.2672 -45.2813 -45.3061 -45.3436 -45.3292 -45.4007 -45.4677 -45.5458 -45.6281 -45.6628 -45.7256 -45.7974 0.0000 0.0000 0.0000 -62.9837 -62.6130 -62.5399 -62.5454 -62.7902 -63.0769 -63.5519 0.0000 0.0000 0.0000 -63.6794 -63.5236 -62.3729 -62.4819
-45.7677 -45.7096 -45.6649 -45.5737 -45.5482 -45.5415 -45.5096 -45.4771 -45.4521 -45.4849 -45.5408 -45.5509 -45.5682 -45.5878 -45.6200 -45.5935 -45.6643 -45.7334 -45.8103 -45.8904 -45.9713 -45.9938 -46.0631 -61.5594 -61.8193 -62.0861 -61.7521 -61.6916 -61.7542 -61.8408 -62.1581 -62.5361 -62.9427 0.0000 0.0000 0.0000 -70.0665 -65.8507 -64.0444 -63.9708
-46.0346 -45.9712 -45.9365 -45.9022 -45.8404 -45.8024 -45.7727 -45.7392 -45.7148 -45.8093 -45.8168 -45.8274 -45.8471 -45.8636 -45.8931 -45.9300 -45.9229 -45.9919 -46.0686 -46.1448 -46.2256 -46.2587 -46.3265 0.0000 0.0000 0.0000 -61.5015 -61.2114 -61.0836 -61.2307 -61.5471 -61.9514 -62.3708 0.0000 0.0000 0.0000 -70.6594 -68.6591 -66.9318 -64.4233
0.0000 -46.2407 -46.2004 -46.1934 -46.1593 -46.0567 -46.0283 -45.9944 -45.9702 -46.0085 -46.0853 -46.0995 -46.1191 -46.1355 -46.1598 -46.1901 -46.1763 -46.2455 -46.3191 -46.3932 -46.4722 -46.5488 -46.5813 0.0000 0.0000 0.0000 -61.1395 -60.7556 -60.7115 -60.8420 -61.0686 -61.4466 -61.8614 -67.8304 -68.1643 0.0000 -70.7709 -69.4647 -68.2328 -67.1768
0.0000 0.0000 -46.4575 -46.4459 -46.4082 -46.3755 -46.2773 -46.2447 -46.2794 -46.2661 -46.2735 -46.3653 -46.3834 -46.3997 -46.4196 -46.4479 -46.4967 -46.4914 -46.5630 -46.6352 -46.7126 -46.7935 -46.8679 0.0000 0.0000 -66.1779 -61.0172 -60.5351 -60.4395 -60.5176 -60.7058 -61.0696 -61.4862 -62.0978 0.0000 0.0000 0.0000 -69.9262 -68.9930 -68.1278
0.0000 0.0000 -46.7320 -46.6939 -46.6530 -46.6207 -46.5943 -46.4879 -46.5323 -46.5189 -46.5264 -46.5439 -46.6409 -46.6573 -46.6761 -46.7026 -46.7501 -46.7245 -46.8003 -46.8712 -46.9473 -47.0308 -47.1032 -63.5587 -63.4156 -63.6658 -60.9220 -60.4247 -60.2191 -60.3037 -60.4513 -60.7767 -61.1774 0.0000 0.0000 0.0000 0.0000 -70.2358 -69.5090 -68.7628
-60.3897 -57.9443 -46.9771 -46.9351 -46.8923 -46.8606 -46.8332 -46.7823 -46.7784 -46.7652 -46.7726 -46.7906 -46.8060 -46.9084 -46.9261 -46.9517 -46.9971 -47.0338 -47.0314 -47.1023 -47.1795 0.0000 0.0000 0.0000 -65.8812 -61.6182 -60.8655 -60.4740 -60.1559 -60.1825 -60.3377 -60.5702 -60.9365 0.0000 0.0000 0.0000 0.0000 -70.4653 -69.8842 -69.2417
-58.2894 -55.8971 -47.2123 -47.1772 -47.1268 -47.0954 -47.0673 -47.1086 -47.0185 -47.0084 -47.0140 -47.0310 -47.0454 -47.1534 -47.1705 -47.1982 -47.2381 -47.2742 -47.2497 -47.3277 -47.4030 0.0000 0.0000 0.0000 -64.5588 -64.2516 -60.4956 -60.4332 -60.1571 -60.0709 -60.2397 -60.4273 -60.7466 0.0000 0.0000 0.0000 0.0000 -70.6463 -69.8820 -69.4112
-57.0819 -55.1728 -47.4431 -47.4092 -47.3586 -47.3246 -47.3535 -47.3479 -47.3445 -47.2459 -47.2508 -47.2653 -47.2789 -47.2939 -47.4113 -47.4387 -47.4733 -47.5094 -47.5468 -47.5386 -47.6233 0.0000 0.0000 0.0000 -63.6184 -63.3243 -61.0074 -60.5929 -60.2190 -60.0819 -60.1912 -60.3392 -60.6266 -60.9457 -65.8765 -66.0154 -67.5134 -67.7796 -68.0446 -68.2058
-56.4079 -47.7050 -47.6694 -47.6347 -47.5968 -47.5494 -47.5856 -47.5821 -47.5795 -47.5772 -47.4817 -47.4937 -47.5064 -47.5214 -47.5402 -47.6735 -47.7058 -47.7391 -47.7750 -47.7540 -47.8369 -64.8861 -65.1640 -65.4245 -62.9800 -62.6815 -61.0974 -60.7119 -60.3988 -60.0668 -60.1115 -60.3007 -60.5439 -60.8445 -61.2411 -64.6916 -65.1270 -65.5852 -65.9766 -67.3792
-55.9662 -47.9228 -56.4083 0.0000 0.0000 0.0000 -47.8130 -47.8113 -47.8105 -47.8089 -47.8139 -47.7182 -47.7284 -47.7440 -47.7635 -47.7885 -47.9336 -47.9634 -47.9981 -48.0401 -48.0362 -59.5328 -61.9895 -63.2059 -62.5626 -62.2539 -61.1733 -60.8453 -60.5273 -60.3061 -60.0933 -60.3450 -60.4824 -60.7575 -61.1512 -61.7738 -64.2812 -64.8397 -65.3322 -65.7681
-55.8014 -48.1246 0.0000 0.0000 0.0000 0.0000 -48.0358 -48.0360 -48.0368 -48.0358 -48.0400 -47.9391 -47.9450 -47.9627 -47.9813 -48.0058 -48.1563 -48.1854 -48.2165 -48.2587 -48.2410 -57.2857 -59.8732 0.0000 0.0000 -61.9877 -61.1672 -60.9607 -60.6762 -60.4220 -60.2018 -60.2335 -60.4927 -60.7299 0.0000 -61.4132 -63.6854 -64.1904 -64.7490 -65.2689
-55.7612 -48.3320 -62.2487 0.0000 0.0000 -64.8460 -48.2542 -48.2573 -48.2574 -48.2580 -48.2616 -48.2745 -48.1573 -48.1762 -48.1940 -48.2179 -48.2441 -48.4035 -48.4284 -48.4708 -48.5155 -48.5118 -58.4097 0.0000 0.0000 0.0000 -61.2658 -60.9642 -60.8102 -60.5827 -60.4273 -60.2960 0.0000 0.0000 0.0000 0.0000 -61.5104 -64.7962 -65.0798 -64.7990
