-63.7601 -63.7873 -63.8078 -63.8218 -63.8296 -63.8316 -63.8086 -57.9036 -63.7141 -63.6974 -64.7338 -64.8257 -65.4832 -65.6537 -65.8275 -66.0103 -66.7036 -66.7881 -66.5544 -66.1834 -65.7476 -67.0542 -66.0386 -65.3926 -65.4898 -63.0197 -62.6350 -62.3709 -62.6243 -56.4370 -56.4160 -56.3023 -56.2273 -56.1245 -63.2038 -63.1952 -63.0831 -55.9050 -55.8113 -55.7432
-63.7677 -63.7914 -63.7904 -63.8010 -63.8052 -63.8028 -63.7962 -63.7860 -57.8327 -57.8490 -63.6461 -64.6738 -64.7719 -64.8264 -65.5567 -65.7354 -65.9247 -66.6346 -66.6205 -66.3436 -65.9559 -65.5165 -66.3270 -65.9048 -66.4867 -66.4567 -62.9360 -62.3294 -62.3033 -62.5443 -56.3516 -56.2892 -56.1698 -56.0659 -56.0446 -63.1188 -63.0736 -62.9581 -55.7443 -55.6759
-63.7606 -63.7809 -63.7948 -63.8025 -63.8032 -63.7987 -63.7895 -63.7701 -63.7513 -57.7579 -57.7181 -63.5599 -63.5334 -64.6642 -64.7663 -65.5156 -65.6998 -65.8998 -66.6500 -66.4948 -66.1637 -65.7745 -64.8758 -66.3412 -66.5087 -67.5838 -68.3790 -62.4856 -62.2482 -62.4671 -62.4546 -56.2254 -56.1549 -56.0367 -55.9337 -62.9669 -63.0250 -62.9582 -62.9614 -55.6079
-63.7733 -63.7905 -63.8018 -63.8061 -63.8007 -63.7944 -63.7473 -63.7292 -63.7066 -63.6802 -63.6465 -57.5700 -63.5031 -63.4711 -64.5950 -64.7037 -65.4620 -65.6571 -65.8702 -66.5995 -66.3765 -66.0359 -65.6511 -64.8342 -66.1592 -69.3892 0.0000 -62.4261 -62.3962 -62.3969 -62.3784 -56.1309 -56.0958 -55.9761 -55.9004 -55.8007 -62.8687 -62.9414 -62.8384 -62.7135
-63.8069 -63.8024 -63.8059 -63.7750 -63.7720 -63.7624 -63.7473 -63.7267 -63.7013 -63.6715 -63.6383 -63.6034 -57.4423 -63.4398 -63.4029 -64.5153 -64.6279 -65.4044 -65.6137 -65.8450 -66.5327 -66.2965 -66.1231 -65.2633 -64.9711 0.0000 0.0000 -62.9524 -62.3375 -62.1163 -62.3076 -62.2743 -56.0325 -55.9600 -55.8406 -55.7365 -55.6672 -62.7711 -62.7582 -62.6203
-63.7662 -63.7928 -63.8052 -63.7846 -63.7788 -63.7673 -63.7502 -63.7276 -63.7000 -63.6675 -63.6297 -63.5899 -63.5486 -57.3349 -63.3731 -63.3313 -64.4315 -64.5473 -65.3406 -65.6912 -65.9709 -66.5746 -66.4528 -66.1409 -65.3276 -64.7006 -63.5613 -62.9029 -62.3837 -62.2358 -62.2352 -62.2038 -62.1715 -55.8996 -55.8239 -55.7034 -55.5825 -55.5131 -62.5854 -62.6549
-63.7630 -63.7874 -63.8082 -63.8430 -63.7880 -63.7747 -63.7557 -63.7302 -63.7005 -63.6658 -63.6264 -63.5834 -63.5378 -63.4903 -57.2254 -63.3017 -63.2553 -64.4174 -64.5529 -65.3881 -65.6485 -66.2765 -66.4363 -66.4659 -65.5635 -65.3027 -65.8949 -63.2704 -62.6136 -62.1811 -61.9719 -62.1379 -62.1010 -62.1907 -55.7637 -55.6228 -55.5468 -55.4485 -55.3781 -62.5065
-63.7615 -63.7838 -63.8015 -63.8146 -63.8231 -63.7830 -63.7623 -63.7361 -63.7047 -63.6682 -63.6269 -63.5768 -63.5328 -63.4810 -63.4274 -57.1288 -63.2902 -63.2416 -63.1876 -64.4458 -65.2966 -65.5800 -66.0161 -66.2238 -65.8978 -65.7697 -65.7569 -66.1009 -63.0300 -62.2411 -62.0818 -62.0769 -62.0346 -61.9123 -61.9959 -55.6072 -55.4850 -55.3852 -55.3122 -55.2399
-63.7616 -63.7805 -63.7949 -63.8058 -63.8121 -63.8137 -64.2099 -63.7443 -63.7113 -63.6732 -63.6304 -63.5831 -63.5892 -63.5393 -63.4817 -63.4220 -57.0612 -57.0439 -63.1487 -63.0877 -64.2580 -65.1195 -65.4431 -65.9309 -66.1898 -65.9745 -66.1441 -66.8568 -66.4994 -62.8355 -62.1213 -61.8368 -61.8958 -61.8518 -61.8182 -61.8866 -55.4680 -55.3450 -55.2467 -55.1725
-63.7610 -63.7772 -63.7900 -63.7988 -63.8032 -63.8031 -63.7984 -64.2073 -63.7201 -63.6809 -63.6919 -63.6478 -63.5948 -63.5375 -63.4757 -63.4107 -63.3434 -63.2755 -56.8646 -63.0047 -62.9433 -64.1422 -65.0240 -65.4001 -65.8694 -65.7340 -66.1285 -66.8216 -68.0603 -68.2964 -62.3989 -61.9266 -61.8437 -61.7959 -61.7486 -61.8121 -61.7694 -55.2813 -55.1814 -55.1052
-63.7619 -63.7753 -63.7859 -63.7927 -63.7952 -63.7935 -63.7873 -63.8301 -64.2579 -63.7752 -63.7037 -63.6529 -63.5973 -63.5374 -63.4729 -63.4044 -63.2847 -63.2136 -63.1450 -56.6962 -62.9052 -62.8402 -64.0046 -64.9374 -65.3756 -65.4161 -65.8820 -66.3784 -67.8177 -69.4774 0.0000 -61.9222 -61.6288 -61.7431 -61.6897 -61.6367 -61.6930 -61.6464 -55.1370 -55.0372
-63.6429 -63.7752 -63.7825 -63.7873 -63.7882 -63.8362 -63.8335 -63.8219 -63.8059 -63.8219 -64.1966 -63.6593 -63.6018 -63.5399 -63.4250 -63.3570 -63.2851 -63.2109 -63.1271 -63.0528 -56.5716 -62.8103 -62.7417 -62.6718 -64.8466 -65.3595 -65.5371 -65.9732 -67.4316 0.0000 0.0000 -62.2209 -61.7862 -61.6898 -61.6320 -61.5764 -61.6212 -61.5694 -61.5163 -54.9906
-63.6596 -63.6515 -63.6328 -63.8320 -63.8361 -63.8318 -63.8230 -63.8096 -63.7916 -63.7691 -63.7496 -64.1671 -63.5822 -63.4986 -63.4328 -63.3634 -63.2822 -63.2057 -63.1265 -63.0470 -62.9654 -56.4465 -62.7121 -62.6399 -62.5666 -64.7380 -65.1282 -66.0420 -67.5946 -74.4584 0.0000 -62.2643 -61.7444 -61.7598 -61.5793 -61.5195 -61.4587 -61.4972 -61.4418 -61.3791
-63.7336 -63.7214 -63.7051 -63.6804 -63.8295 -63.8230 -63.8124 -63.7975 -63.7781 -63.7542 -63.6766 -63.6454 -64.0812 -64.0107 -63.4355 -63.3651 -63.2907 -63.2126 -63.1311 -63.0484 -62.9618 -62.8750 -56.3192 -62.6105 -62.4633 -62.5058 -64.7691 -65.4295 -66.5995 -70.0850 0.0000 0.0000 -61.8883 -61.5835 -61.5298 -61.4643 -61.4010 -61.4292 -61.3690 -61.3102
-63.7441 -63.7511 -63.7280 -63.7009 -63.6691 -63.1111 -63.8023 -63.7416 -63.7164 -63.6927 -63.6645 -63.6326 -63.5966 -64.0406 -63.9641 -63.3916 -63.3022 -63.2227 -63.1397 -63.0532 -62.9652 -62.8736 -62.7906 -56.2425 -62.5544 -62.5034 -62.4347 -63.6513 -65.9522 0.0000 0.0000 0.0000 -62.0031 -61.5569 -61.5938 -61.4138 -61.3466 -61.2784 -61.3005 -61.2356
-63.7215 -63.7515 -63.7525 -63.7234 -63.6898 -63.6087 -63.5616 -63.7461 -63.7068 -63.6823 -63.6537 -63.6130 -63.5765 -63.5361 -64.0065 -63.9238 -63.8356 -63.2357 -63.1515 -63.0636 -62.9736 -62.8040 -62.8123 -62.7365 -62.6635 -56.0734 -62.4158 -62.1285 -63.5611 -67.7920 0.0000 0.0000 -61.9633 -61.5282 -61.4167 -61.3665 -61.2953 -61.2231 -61.1517 -61.1666
-64.5954 -63.7255 -63.7387 -63.7013 -63.6663 -63.6271 -63.5832 -63.5340 -62.9493 -63.6647 -63.6356 -63.6026 -63.5655 -63.5206 -63.4802 -63.9686 -63.8811 -63.7868 -63.1662 -63.0865 -63.0029 -62.9245 -62.8430 -62.7596 -62.6749 -62.5823 -55.8927 -62.3158 -62.0362 -61.9577 0.0000 0.0000 -61.9257 -61.7549 -61.3889 -61.4249 -61.2456 -61.1699 -61.0946 -61.1018
-64.1294 -64.5811 -64.5963 -63.6738 -63.6754 -63.6522 -63.6070 -63.5493 -63.4945 -62.8833 -64.2353 -63.5927 -63.5553 -63.5140 -63.4692 -63.4206 -63.3845 -63.8466 -63.6477 -63.6566 -63.0392 -62.9583 -62.8727 -62.7839 -62.6855 -62.5877 -62.4833 -55.7288 -61.9895 -61.9024 -62.1065 -62.0939 -61.8902 -61.7221 -61.3612 -61.2595 -61.1989 -61.1209 -61.0418 -60.9633
-64.0983 -64.0903 -64.0971 -64.6048 -63.6493 -63.6394 -63.6260 -63.5750 -63.5192 -63.4584 -63.3927 -62.7829 -63.7636 -63.5040 -63.4589 -63.4191 -63.3672 -63.3163 -63.8230 -63.7323 -63.6359 -62.9913 -62.9025 -62.8046 -62.6952 -62.5826 -62.4678 -62.3522 -55.5389 -61.8273 -61.6463 -61.8943 -61.8556 -61.6903 -61.4979 -61.2238 -61.2523 -61.0733 -60.9921 -60.9099
-64.1080 -64.1023 -64.1067 -64.0880 -64.6044 -64.6020 -63.6054 -63.5975 -63.5465 -63.4849 -63.4184 -63.3468 -62.7096 -63.6764 -63.7075 -63.3213 -63.3682 -63.3247 -63.2768 -63.8083 -63.7105 -63.6059 -62.9508 -62.8113 -62.6979 -62.5798 -62.4564 -62.3267 -62.1081 -55.3718 -61.6228 -61.7486 -61.7623 -61.6600 -61.4879 -61.1964 -61.0950 -61.0299 -60.9452 -60.8595
-64.1220 -64.1053 -64.1083 -64.0975 -64.0835 -64.6085 -64.6023 -64.5907 -63.5542 -63.5141 -63.4469 -63.3747 -63.3060 -62.6397 -63.5968 -63.6272 -63.6599 -63.3303 -63.2818 -63.2290 -63.7796 -63.6593 -63.5329 -63.3981 -62.7019 -62.5785 -62.4474 -62.2400 -62.1177 -61.8256 -55.2772 -61.5130 -61.6364 -61.6263 -61.4712 -61.3060 -61.0622 -61.0786 -60.8999 -60.8119
-64.8821 -64.1091 -64.1124 -64.1068 -64.0927 -64.0745 -64.0518 -64.5979 -64.5828 -63.5051 -63.4867 -63.4146 -63.2525 -63.2624 -63.1807 -62.5325 -63.5498 -63.5792 -63.2838 -63.2185 -63.1485 -63.7145 -63.5864 -63.4489 -63.3028 -62.5274 -62.3813 -62.2612 -62.1393 -62.0132 -61.7224 -61.6064 -55.1378 -61.5128 -61.4520 -61.2953 -61.0337 -61.0473 -61.0086 -60.8394
-64.9322 -64.1207 -64.1141 -64.1156 -64.1014 -64.0837 -64.0615 -64.0346 -64.5999 -64.5823 -64.5585 -63.4448 -63.3826 -63.3089 -63.2292 -63.1443 -62.4597 -63.4529 -63.4674 -63.4822 -63.1306 -63.0547 -63.0001 -63.3975 -63.2663 -63.1282 -62.9848 -62.2879 -62.1644 -62.0356 -61.7449 -61.6162 -61.6639 -54.9644 -61.3790 -61.2809 -61.0100 -60.9701 -60.9776 -60.7976
-64.8621 -64.0873 -64.1239 -64.1237 -64.1096 -64.0922 -64.0709 -64.0546 -64.0242 -64.4799 -64.5771 -64.5604 -64.5382 -63.3567 -63.2760 -63.1881 -63.0866 -62.3612 -62.3009 -63.3343 -63.3449 -63.3552 -62.8668 -62.7920 -63.3468 -63.2099 -63.0670 -62.9179 -62.2095 -62.0637 -61.7740 -61.6420 -61.5118 -61.5580 -54.7380 -61.2981 -61.1921 -60.9444 -60.9484 -60.8339
-64.7779 -64.0018 -64.0285 -64.0837 -64.1170 -64.1095 -64.0893 -64.0651 -64.0389 -64.0127 -63.9821 -64.5845 -64.5655 -64.5392 -63.3175 -63.2216 -63.1197 -63.0115 -62.2543 -62.1880 -63.0968 -63.1117 -63.1286 -64.1693 -62.7115 -63.2980 -63.1561 -63.0074 -62.8521 -62.6888 -61.9630 -61.6755 -61.5390 -61.5634 -61.5232 -54.5957 -61.1803 -60.9226 -60.8079 -60.8016
-63.8169 -63.1285 -63.9351 -63.9881 -64.0285 -64.0665 -64.0034 -64.0808 -64.0607 -64.0370 -64.0074 -63.9718 -64.5816 -64.5491 -64.5087 -64.4549 -63.1559 -63.0474 -62.9321 -62.7284 -62.0070 -61.9432 -62.9835 -62.9994 -63.0484 -63.5817 -63.2514 -63.1040 -62.9481 -62.7867 -62.6159 -61.7143 -61.6544 -61.6651 -61.5383 -61.4068 -54.4323 -61.0207 -60.7819 -60.7717
-63.8073 -63.6412 -63.0880 -63.0703 -63.9217 -63.9578 -64.0002 -64.0451 -64.0814 -64.0579 -64.0298 -63.9883 -63.9397 -64.5490 -64.5149 -64.4725 -64.4206 -62.9987 -62.8921 -62.7793 -62.6590 -61.9026 -61.8357 -62.8494 -62.8656 -62.8836 -63.5547 -63.2074 -63.0530 -62.8930 -62.7229 -62.4757 -62.2954 -61.5582 -61.5667 -61.4285 -61.2700 -54.2906 -60.7605 -60.6440
-63.8038 -63.6409 -63.0726 -62.9740 -63.0289 -63.0031 -63.8908 -63.9308 -63.9732 -64.0143 -64.0370 -63.9968 -63.9509 -63.8986 -63.8394 -64.3556 -64.3203 -64.2766 -64.1976 -62.8336 -62.7155 -62.5901 -61.7966 -61.7257 -61.6549 -62.7244 -62.7422 -63.5394 -63.5117 -63.1132 -62.9464 -62.7690 -62.4192 -62.2318 -61.6027 -61.4607 -61.3110 -61.1284 -60.9533 -60.6184
-63.7918 -63.6372 -63.0593 -63.0346 -63.0153 -62.9879 -62.9585 -62.9275 -63.8394 -63.8714 -63.9056 -63.9422 -63.9600 -63.9109 -63.7545 -63.6989 -64.3366 -64.3038 -64.2613 -64.2086 -64.0310 -62.6530 -62.5222 -62.3827 -61.6126 -61.5393 -62.5749 -62.5928 -62.7216 -63.5575 -64.6298 -62.9011 -62.5528 -62.3643 -62.1697 -61.5340 -61.3503 -61.1760 -60.9895 -60.7118
-63.6981 -63.6362 -63.0520 -63.0177 -62.9981 -62.9712 -62.9365 -62.8976 -62.8571 -62.8147 -63.7531 -63.7848 -63.7186 -63.7597 -63.7778 -63.7271 -63.6669 -64.3176 -64.2892 -64.2517 -64.2029 -64.0596 -62.5922 -62.4560 -62.3100 -61.4957 -61.4898 -61.4130 -62.5330 -62.5585 -63.4913 -64.7695 -64.5557 -62.5077 -62.3148 -62.2759 -62.0676 -61.2335 -61.0435 -60.7510
-64.2795 -64.1437 -63.0460 -63.0080 -62.9846 -62.9489 -62.9092 -62.8681 -62.8256 -62.7813 -62.6587 -62.6120 -63.5627 -63.5994 -63.6403 -63.6850 -63.7006 -63.6434 -63.5787 -64.2792 -64.2489 -64.2071 -64.1077 -63.8745 -62.3911 -62.3245 -61.4495 -61.3694 -61.2896 -62.3712 -62.3958 -63.3139 -64.8785 -64.9171 -65.0057 -62.4322 -62.2265 -62.0058 -61.1406 -60.9470
-64.0888 -64.1444 -64.0116 -63.4639 -62.9584 -62.9250 -62.8827 -62.8393 -62.7945 -62.6724 -62.6280 -62.5822 -62.5346 -62.4856 -63.4674 -63.5083 -63.5546 -63.6068 -63.6206 -63.5565 -64.2741 -64.2549 -64.2241 -64.3049 -64.0623 -63.7789 -62.2631 -62.0890 -61.2445 -61.1604 -61.0757 -62.2233 -62.2526 -64.5156 -65.4736 -66.1446 -67.0099 -62.1842 -61.9830 -61.7271
-64.0647 -64.1403 -64.0073 -63.4476 -63.4204 -63.3972 -62.8578 -62.7353 -62.6910 -62.6460 -62.5999 -62.5524 -62.5036 -62.4526 -62.4006 -62.3471 -63.3638 -63.4113 -63.4659 -63.5283 -63.5404 -64.2746 -64.4023 -64.3922 -64.3648 -64.1720 -63.8728 -62.2058 -62.0222 -61.1145 -61.0275 -60.9399 -62.0403 -62.0740 -64.4005 -65.9797 -68.6834 -70.0050 -62.2073 -61.9367
-64.0399 -64.1245 -63.9969 -63.4306 -63.4016 -63.3764 -63.2594 -63.2268 -62.6684 -62.6207 -62.5725 -62.5233 -62.4722 -62.4204 -62.3670 -62.3124 -62.2562 -62.1987 -63.2536 -63.3109 -63.4819 -63.5617 -63.5759 -64.4401 -64.4576 -64.4565 -64.3299 -64.0190 -63.6442 -61.9673 -60.9815 -60.8918 -60.8012 -60.7088 -61.7644 -62.9990 -68.0195 0.0000 0.0000 0.0000
-64.0094 -64.1063 -63.9834 -63.4127 -63.2929 -63.2715 -63.2423 -63.2089 -63.1740 -62.5977 -62.5462 -62.4946 -62.4421 -62.3884 -62.3336 -62.2776 -62.2203 -62.1594 -62.1016 -62.1166 -63.2388 -63.3148 -63.4038 -63.5060 -64.4897 -64.5466 -64.5917 -64.5625 -64.2494 -63.8601 -63.3627 -61.7025 -60.7530 -60.6965 -60.5164 -61.6618 -61.7371 0.0000 0.0000 0.0000
-63.9759 -63.9459 -63.8740 -63.3137 -63.2776 -63.2549 -63.2243 -63.1902 -63.1546 -63.1167 -63.0778 -62.4686 -62.4135 -62.3576 -62.3010 -62.2433 -62.1845 -62.2000 -62.1398 -62.0772 -62.0143 -61.9501 -63.1270 -63.2232 -63.3374 -64.4514 -64.6737 -64.7949 -64.8935 -64.6107 -64.2297 -63.7098 -61.7415 -60.6512 -60.5824 -60.4101 -60.3218 -61.8135 0.0000 -64.6259
-64.6312 -63.8238 -63.8582 -63.7485 -63.2611 -63.2314 -63.2052 -63.1704 -63.1336 -63.0958 -63.0564 -63.0151 -62.9726 -62.3290 -62.2698 -62.2099 -62.2250 -62.1642 -62.1014 -62.0386 -61.9741 -61.9075 -61.8395 -61.7703 -63.0169 -63.1479 -64.2467 -64.7564 -65.0986 -65.3432 -65.2841 -64.9753 -64.5104 -63.7481 -60.5388 -60.3592 -60.2594 -60.2099 -61.5339 -61.6923
-65.6378 -65.5295 -65.5184 -63.7336 -63.2414 -63.2126 -63.1850 -63.1487 -63.1119 -63.0736 -63.0336 -62.9921 -62.9490 -62.9045 -62.9448 -62.2546 -62.1922 -62.1281 -62.0646 -61.9989 -61.9322 -61.8644 -61.7955 -61.7254 -61.6541 -61.5815 -62.9281 -63.1189 -64.6443 -65.6274 -66.2107 -66.2260 -66.2400 -66.1612 -66.0726 -61.7192 -60.2053 -60.0904 -60.1210 -60.0221
-65.8083 -65.7106 -65.5915 -65.4869 -63.9934 -63.1842 -63.1579 -63.1264 -63.0890 -63.0501 -63.0098 -62.9679 -62.9242 -62.9663 -62.9211 -62.8741 -62.8238 -62.0945 -62.0250 -61.9592 -61.8907 -61.8214 -61.7512 -61.6800 -61.6078 -61.5344 -61.4598 -61.3839 -62.9604 -64.6250 -66.0625 -67.8934 0.0000 0.0000 0.0000 -69.4905 0.0000 -60.0032 -59.9893 -59.9010
-65.9801 -65.8942 -65.7926 -65.7278 -64.8824 -64.7292 -63.9387 -63.9087 -63.0624 -63.0253 -62.9846 -63.0274 -62.9851 -62.9412 -62.8959 -62.8475 -62.7970 -62.7447 -61.9924 -61.9214 -61.8504 -61.7790 -61.7071 -61.6344 -61.5610 -61.4866 -61.4534 -61.3788 -61.3029 -62.2608 -64.5933 -67.3666 0.0000 0.0000 0.0000 0.0000 0.0000 -60.0232 -59.8455 -59.7752
