0.0000 0.0000 0.0000 0.0000 0.0000 0.0000 0.0000 0.0000 0.0000 0.0000 0.0000 0.0000 0.0000 0.0000 0.0000 0.0000 0.0000 0.0000 0.0000 0.0000 0.0000 0.0000 0.0000 0.0000 0.0000 0.0000 0.0000 0.0000 0.0000 0.0000 0.0000 0.0000 0.0000 0.0000 0.0000 0.0000 0.0000 0.0000 0.0000 0.0000
-55.6222 -55.5859 -55.5519 -55.5184 -55.4850 -55.4491 -55.4177 -55.3872 -55.3585 -55.3305 -55.3042 -55.2778 -55.2530 -55.2292 -55.2041 -55.1781 -55.1559 -55.1436 -55.1242 -55.1045 -55.0844 -55.0641 -55.0485 -55.0364 -55.0364 -55.0565 -55.0788 -55.2444 -55.2720 -55.3033 -55.3294 -55.3598 -55.2336 -55.4311 -55.4717 -55.5061 -63.2378 -63.5442 -63.6332 -63.3172
-55.5420 -55.5053 -55.4704 -55.4365 -55.4028 -55.3692 -55.3373 -55.3067 -55.2749 -55.2467 -55.2192 -55.1926 -55.1675 -55.1440 -55.1189 -55.0926 -55.0698 -55.0504 -55.0309 -55.0180 -54.9979 -54.9774 -54.9616 -54.9499 -54.9562 -54.9768 -54.9994 -55.0190 -55.1918 -55.2102 -55.2364 -55.2653 -55.3042 -55.3357 -55.3703 -55.4197 -63.1689 -63.5238 -63.5991 -55.5611
-55.4716 -55.4240 -55.3882 -55.3539 -55.3199 -55.2860 -55.2534 -55.2225 -55.1928 -55.1646 -55.1370 -55.1074 -55.0817 -55.0575 -55.0325 -55.0014 -54.9830 -54.9633 -54.9436 -54.9237 -54.9034 -54.8827 -54.8737 -54.8619 -54.8684 -54.8897 -54.9133 -54.9385 -55.1101 -55.1375 -55.1580 -55.1858 -55.2100 -55.2418 -55.2761 -55.3248 -63.0595 -63.4490 -63.3964 -55.4758
-55.3919 -55.3538 -55.3164 -55.2707 -55.2363 -55.2021 -55.1688 -55.1376 -55.1073 -55.0789 -55.0508 -55.0237 -54.9978 -54.9736 -54.9457 -54.9192 -54.8952 -54.8754 -54.8505 -54.8355 -54.8151 -54.7942 -54.7778 -54.7657 -54.7792 -54.8011 -54.8253 -54.8510 -55.0208 -55.0495 -55.0784 -55.1065 -55.1313 -55.1641 -55.1889 -55.2313 -62.9746 -63.4452 -63.2133 -55.3799
-55.3113 -55.2731 -55.2351 -55.1993 -55.1637 -55.1281 -55.0834 -55.0519 -55.0210 -54.9923 -54.9639 -54.9364 -54.9099 -54.8855 -54.8607 -54.8342 -54.8098 -54.7867 -54.7668 -54.7467 -54.7213 -54.6998 -54.6881 -54.6759 -54.6824 -54.7042 -54.7283 -54.7617 -54.7872 -54.9586 -54.9905 -55.0201 -54.9014 -55.0842 -55.1176 -55.1463 -62.9478 -63.4136 -63.0414 -55.2858
-55.2233 -55.1852 -55.1470 -55.1109 -55.0811 -55.0460 -55.0109 -54.9785 -54.9339 -54.9049 -54.8762 -54.8484 -54.8213 -54.7965 -54.7717 -54.7450 -54.7200 -54.6998 -54.6801 -54.6601 -54.6364 -54.6152 -54.5983 -54.5803 -54.5918 -54.6139 -54.6384 -54.6644 -54.6896 -54.8654 -54.8990 -54.9305 -54.9620 -54.9962 -55.0337 -55.0679 -63.0484 -63.5644 -62.9650 -55.2014
-55.1397 -55.1018 -55.0631 -55.0263 -54.9903 -54.9549 -54.9196 -54.8863 -54.8600 -54.8300 -54.8005 -54.7595 -54.7318 -54.7068 -54.6819 -54.6550 -54.6293 -54.6089 -54.5889 -54.5688 -54.5485 -54.5275 -54.5105 -54.4945 -54.5014 -54.5239 -54.5424 -54.5738 -54.5992 -54.6253 -54.7982 -54.8314 -54.8709 -54.9045 -54.9428 -54.9791 -63.0889 -63.5443 -62.9003 -55.1357
-55.0552 -55.0175 -54.9785 -54.9408 -54.9044 -54.8686 -54.8332 -54.7996 -54.7670 -54.7363 -54.7065 -54.6772 -54.6546 -54.6161 -54.5912 -54.5640 -54.5377 -54.5170 -54.4968 -54.4766 -54.4562 -54.4349 -54.4176 -54.4054 -54.4127 -54.4359 -54.4572 -54.4841 -54.5029 -54.5280 -54.7047 -54.7403 -54.7718 -54.8035 -54.8498 -54.8865 -63.0321 -63.4840 -62.7726 -55.0545
-54.9700 -54.9326 -54.8931 -54.8546 -54.8177 -54.7814 -54.7457 -54.7114 -54.6786 -54.6476 -54.6179 -54.5883 -54.5592 -54.5325 -54.5066 -54.4849 -54.4453 -54.4243 -54.4038 -54.3834 -54.3630 -54.3415 -54.3238 -54.3114 -54.3187 -54.3422 -54.3683 -54.3959 -54.4222 -54.4435 -54.6127 -54.6412 -54.6747 -54.7125 -54.7489 -61.6215 -63.0030 -63.3664 -62.6066 -54.9630
-54.8757 -54.8385 -54.8070 -54.7676 -54.7302 -54.6934 -54.6574 -54.6224 -54.5893 -54.5576 -54.5277 -54.4980 -54.4689 -54.4419 -54.4158 -54.3880 -54.3599 -54.3376 -54.3098 -54.2893 -54.2688 -54.2470 -54.2290 -54.2164 -54.2238 -54.2476 -54.2741 -54.3019 -54.3284 -54.3549 -54.3867 -54.5603 -54.5916 -54.6156 -54.5071 -62.3024 -63.0735 -63.1907 -54.8243 -54.8705
-54.7954 -54.7519 -54.7119 -54.6717 -54.6336 -54.6045 -54.5682 -54.5325 -54.4991 -54.4667 -54.4365 -54.4065 -54.3770 -54.3495 -54.3236 -54.2962 -54.2680 -54.2450 -54.2233 -54.2019 -54.1736 -54.1516 -54.1332 -54.1204 -54.1279 -54.1520 -54.1788 -54.2069 -54.2335 -54.2605 -54.2927 -54.4634 -54.5033 -54.5383 -54.5739 -62.3378 -63.1535 -62.9775 -54.7260 -54.7780
-54.7073 -54.6699 -54.6306 -54.5902 -54.5450 -54.5067 -54.4698 -54.4333 -54.4079 -54.3748 -54.3444 -54.3141 -54.2842 -54.2561 -54.2298 -54.2024 -54.1745 -54.1513 -54.1295 -54.1081 -54.0866 -54.0635 -54.0439 -54.0234 -54.0309 -54.0554 -54.0824 -54.1109 -54.1376 -54.1651 -54.1976 -54.2318 -54.4061 -54.4443 -54.4803 -62.4211 -63.5306 -63.0381 -54.6345 -63.3524
-54.6183 -54.5807 -54.5417 -54.5008 -54.4614 -54.4230 -54.3941 -54.3424 -54.3078 -54.2737 -54.2428 -54.2208 -54.1904 -54.1617 -54.1351 -54.1077 -54.0795 -54.0557 -54.0339 -54.0127 -53.9917 -53.9685 -53.9486 -53.9345 -53.9412 -53.9577 -53.9851 -54.0138 -54.0406 -54.0684 -54.1008 -54.1353 -54.3075 -54.3494 -54.3861 -62.5102 -63.7684 -62.9797 -54.5731 -64.5230
-54.5285 -54.4906 -54.4519 -54.4106 -54.3703 -54.3314 -54.2936 -54.2568 -54.2246 -54.1899 -54.1493 -54.1183 -54.0873 -54.0576 -54.0394 -54.0119 -53.9835 -53.9590 -53.9369 -53.9156 -53.8946 -53.8717 -53.8520 -53.8380 -53.8450 -53.8693 -53.8962 -53.9240 -53.9426 -53.9710 -54.0044 -54.0386 -54.2063 -54.2519 -54.2911 -62.7306 -64.2044 -61.8921 -54.4664 -66.7359
-54.4381 -54.3997 -54.3613 -54.3196 -54.2784 -54.2390 -54.2005 -54.1633 -54.1276 -54.0932 -54.0645 -54.0332 -54.0015 -53.9618 -53.9344 -53.9065 -53.8776 -53.8613 -53.8388 -53.8174 -53.7963 -53.7732 -53.7532 -53.7393 -53.7471 -53.7724 -53.7999 -53.8283 -53.8544 -53.8822 -53.9062 -53.9406 -53.9754 -54.1539 -54.1951 -63.1462 -63.5091 -62.6455 -54.3558 0.0000
-54.3471 -54.3078 -54.2692 -54.2277 -54.1857 -54.1457 -54.1064 -54.0689 -54.0325 -53.9976 -53.9650 -53.9340 -53.9059 -53.8747 -53.8470 -53.8191 -53.7896 -53.7541 -53.7310 -53.7090 -53.6969 -53.6735 -53.6531 -53.6391 -53.6470 -53.6728 -53.7014 -53.7309 -53.7578 -53.7866 -53.8199 -53.8535 -53.8868 -54.0535 -54.0979 -64.0168 -66.0449 -62.5596 -54.2562 -54.3035
-54.2554 -54.2150 -54.1760 -54.1349 -54.0924 -54.0516 -54.0114 -53.9735 -53.9364 -53.9011 -53.8677 -53.8362 -53.8043 -53.7734 -53.7506 -53.7225 -53.6930 -53.6661 -53.6423 -53.6196 -53.5877 -53.5637 -53.5426 -53.5376 -53.5459 -53.5725 -53.6019 -53.6306 -53.6583 -53.6888 -53.7238 -53.7584 -53.7930 -53.8308 -54.0133 -66.0319 -66.9901 -54.1119 -54.1620 -54.2097
-54.1628 -54.1212 -54.0820 -54.0412 -53.9982 -53.9565 -53.9157 -53.8771 -53.8394 -53.8037 -53.7694 -53.7378 -53.7058 -53.6739 -53.6453 -53.6182 -53.5885 -53.5611 -53.5373 -53.5147 -53.4978 -53.4734 -53.4516 -53.4262 -53.4337 -53.4596 -53.4985 -53.5290 -53.5576 -53.5894 -53.6259 -53.6628 -53.7000 -53.7407 -53.9495 -68.7241 0.0000 -53.8765 -54.0610 -54.1094
-54.0693 -54.0266 -53.9870 -53.9466 -53.9031 -53.8605 -53.8192 -53.7798 -53.7415 -53.7053 -53.6701 -53.6382 -53.6059 -53.5735 -53.5443 -53.5164 -53.4870 -53.4605 -53.4363 -53.4136 -53.3917 -53.3674 -53.3454 -53.3301 -53.3377 -53.3640 -53.3864 -53.4158 -53.4431 -53.4851 -53.5222 -53.5597 -53.5981 -53.6405 0.0000 0.0000 0.0000 -53.9122 -53.7782 -53.6908
-53.9751 -53.9317 -53.8910 -53.8510 -53.8071 -53.7637 -53.7217 -53.6814 -53.6428 -53.6058 -53.5697 -53.5375 -53.5050 -53.4721 -53.4421 -53.4139 -53.3843 -53.3562 -53.3321 -53.3112 -53.2892 -53.2648 -53.2425 -53.2270 -53.2348 -53.2616 -53.2911 -53.3209 -53.3484 -53.3723 -53.4078 -53.4430 -53.4865 -53.5372 -53.5807 0.0000 -53.7749 -53.8185 -53.7341 -53.9138
-53.7567 -53.7165 -53.7940 -53.7537 -53.7102 -53.6659 -53.6233 -53.5820 -53.5430 -53.5053 -53.4685 -53.4357 -53.4031 -53.3696 -53.3388 -53.3103 -53.2806 -53.2519 -53.2274 -53.2044 -53.1828 -53.1610 -53.1383 -53.1227 -53.1306 -53.1579 -53.1879 -53.2180 -53.2459 -53.2785 -53.3147 -53.3503 -53.3776 -53.4174 -53.4567 -53.5060 -53.6764 -53.7238 -53.7700 -53.8189
-53.7854 -53.7404 -53.6967 -53.5360 -53.4912 -53.5674 -53.5240 -53.4815 -53.4421 -53.4037 -53.3665 -53.3328 -53.3001 -53.2660 -53.2344 -53.2055 -53.1756 -53.1463 -53.1214 -53.0982 -53.0763 -53.0521 -53.0295 -53.0170 -53.0252 -53.0530 -53.0834 -53.1138 -53.1421 -53.1754 -53.2122 -53.2481 -53.2854 -53.3258 -53.3656 -53.3948 -53.5639 -53.6137 -53.6745 -53.7217
-53.6891 -53.6434 -53.5985 -53.5574 -53.5146 -53.4688 -53.4241 -53.2615 -53.3403 -53.3011 -53.2634 -53.2288 -53.1959 -53.1614 -53.1288 -53.0995 -53.0695 -53.0397 -53.0144 -52.9906 -52.9686 -52.9443 -52.9212 -52.9055 -52.9143 -52.9465 -52.9773 -53.0079 -53.0363 -53.0705 -53.1079 -53.1440 -53.1822 -53.2232 -53.2633 -53.3040 -53.4709 -53.5224 -53.5627 -53.4778
-53.4749 -53.4283 -53.4993 -53.4573 -53.4151 -53.3691 -53.3238 -53.2795 -53.2382 -53.1981 -53.0428 -53.1238 -53.0906 -53.0557 -53.0221 -52.9924 -52.9622 -52.9319 -52.9061 -52.8819 -52.8597 -52.8352 -52.8117 -52.7957 -52.8045 -52.8335 -52.8697 -52.9005 -52.9293 -52.9644 -53.0022 -53.0388 -53.0778 -53.1193 -53.1600 -53.2018 -53.2463 -53.4190 -53.4737 -53.5173
-53.3790 -53.3316 -53.2851 -53.2416 -53.1996 -53.2678 -53.2217 -53.1769 -53.1349 -53.0945 -53.0556 -53.0186 -52.9847 -52.8340 -52.9147 -52.8844 -52.8539 -52.8231 -52.7965 -52.7719 -52.7495 -52.7248 -52.7009 -52.6846 -52.6934 -52.7230 -52.7551 -52.7867 -52.8257 -52.8573 -52.8953 -52.9323 -52.9721 -53.0143 -53.0555 -53.0983 -53.1434 -53.3142 -53.3696 -53.4172
-53.2821 -53.2340 -53.1868 -53.1417 -53.0994 -53.0536 -53.0067 -52.9611 -53.0298 -52.9890 -52.9496 -52.9117 -52.8778 -52.8425 -52.8067 -52.7758 -52.6323 -52.6008 -52.6861 -52.6608 -52.6381 -52.6132 -52.5888 -52.5721 -52.5811 -52.6111 -52.6437 -52.6754 -52.7053 -52.7429 -52.7890 -52.8274 -52.8692 -52.9119 -52.9499 -52.9936 -53.0392 -53.0900 -53.2640 -53.3161
-53.1840 -53.1355 -53.0875 -53.0406 -52.9980 -52.9528 -52.9052 -52.8588 -52.8142 -52.7728 -52.7325 -52.6933 -52.7690 -52.7336 -52.6972 -52.6659 -52.6349 -52.6036 -52.5752 -52.5491 -52.4126 -52.5006 -52.4755 -52.4584 -52.4674 -52.4978 -52.5308 -52.5627 -52.5928 -52.6315 -52.6712 -52.7096 -52.7592 -52.8036 -52.8469 -52.8918 -52.9381 -52.9894 -53.1611 -53.2105
-53.0851 -53.0359 -52.9871 -52.9389 -52.8954 -52.8508 -52.8027 -52.7555 -52.7094 -52.6676 -52.6267 -52.5866 -52.5514 -52.5156 -52.4783 -52.5541 -52.5229 -52.4914 -52.4628 -52.4364 -52.4132 -52.3876 -52.3618 -52.2315 -52.3528 -52.3834 -52.4165 -52.4487 -52.4790 -52.5187 -52.5587 -52.5975 -52.6408 -52.6852 -52.7372 -52.7847 -52.8335 -52.8843 -53.0519 -53.1082
-52.9862 -52.9356 -52.8857 -52.8367 -52.7917 -52.7477 -52.6989 -52.6509 -52.6037 -52.5612 -52.5196 -52.4790 -52.4428 -52.4070 -52.3691 -52.3354 -52.3035 -52.2713 -52.3485 -52.3215 -52.2982 -52.2729 -52.2470 -52.2291 -52.2379 -52.2687 -52.1866 -52.3337 -52.3639 -52.4043 -52.4448 -52.4838 -52.5281 -52.5730 -52.6179 -52.6656 -52.7245 -52.7800 -52.8312 -53.0057
-52.8871 -52.8345 -52.7838 -52.7334 -52.6866 -52.6427 -52.5940 -52.5451 -52.4973 -52.4534 -52.4112 -52.3701 -52.3328 -52.2971 -52.2585 -52.2239 -52.1917 -52.1592 -52.1287 -52.1005 -52.0764 -52.0503 -52.1299 -52.1117 -52.1210 -52.1529 -52.1868 -52.2187 -52.2492 -52.1717 -52.2117 -52.3689 -52.4137 -52.4593 -52.5049 -52.5531 -52.6042 -52.6690 -52.7225 -52.8963
-52.7868 -52.7322 -52.6809 -52.6298 -52.5802 -52.5359 -52.4879 -52.4382 -52.3896 -52.3443 -52.3016 -52.2599 -52.2215 -52.1859 -52.1467 -52.1109 -52.0784 -52.0456 -52.0146 -51.9857 -51.9614 -51.9353 -51.9078 -51.8885 -51.8964 -52.0346 -52.0690 -52.1015 -52.1333 -52.1753 -52.2156 -52.2550 -52.2999 -52.2187 -52.3906 -52.4388 -52.4916 -52.5464 -52.5965 -52.6654
-52.6853 -52.6288 -52.5768 -52.5250 -52.4735 -52.4281 -52.3805 -52.3302 -52.2807 -52.2339 -52.1907 -52.1484 -52.1087 -52.0729 -52.0334 -51.9966 -51.9636 -51.9307 -51.8991 -51.8696 -51.8450 -51.8188 -51.7908 -51.7711 -51.7792 -51.8101 -51.8429 -51.8734 -52.0151 -52.0578 -52.0987 -52.1396 -52.1856 -52.2316 -52.2779 -52.3259 -52.2466 -52.4319 -52.4813 -52.5371
-52.5826 -52.5249 -52.4716 -52.4191 -52.3668 -52.3195 -52.2722 -52.2208 -52.1706 -52.1220 -52.0784 -52.0355 -51.9945 -51.9583 -51.9188 -51.8807 -51.8474 -51.8142 -51.7821 -51.7521 -51.7271 -51.7007 -51.6723 -51.6523 -51.6605 -51.6920 -51.7253 -51.7560 -51.7874 -51.8285 -51.8670 -51.9062 -52.0683 -52.1153 -52.1632 -52.2125 -52.2670 -52.3199 -52.3692 -52.2860
-52.4804 -52.4211 -52.3652 -52.3119 -52.2589 -52.2096 -52.1629 -52.1107 -52.0591 -52.0087 -51.9646 -51.9211 -51.8788 -51.8423 -51.8028 -51.7635 -51.7296 -51.6962 -51.6636 -51.6330 -51.6076 -51.5812 -51.5524 -51.5319 -51.5403 -51.5724 -51.6062 -51.6371 -51.6696 -51.7114 -51.7501 -51.7904 -51.8351 -51.8799 -51.9258 -52.0958 -52.1521 -52.2055 -52.2566 -52.3139
-52.4684 -52.4084 -52.3507 -52.2965 -52.1510 -52.0983 -52.0512 -51.9996 -51.9472 -51.8951 -51.8494 -51.8053 -51.7617 -51.7246 -51.6853 -51.6446 -51.6103 -51.5766 -51.5436 -51.5124 -51.4865 -51.4600 -51.4309 -51.4098 -51.4184 -51.4512 -51.4856 -51.5167 -51.5502 -51.5928 -51.6317 -51.6731 -51.7185 -51.7642 -51.8110 -51.8592 -51.9131 -51.9629 -52.1418 -52.2007
-52.3682 -52.3056 -52.2437 -52.1849 -52.1302 -52.0763 -52.0285 -51.8893 -51.8353 -51.7813 -51.7334 -51.6881 -51.6438 -51.6055 -51.5662 -51.5243 -51.4894 -51.4553 -51.4219 -51.3902 -51.3637 -51.3372 -51.3077 -51.2861 -51.2949 -51.3284 -51.3633 -51.3946 -51.4292 -51.4727 -51.5117 -51.5542 -51.6004 -51.6470 -51.6946 -51.7443 -51.7992 -51.8495 -51.9018 -51.9585
-52.2609 -52.1954 -52.1348 -52.0781 -52.0224 -51.9671 -51.9119 -51.8612 -51.8076 -51.7538 -51.7040 -51.5720 -51.5254 -51.4847 -51.4457 -51.4029 -51.3669 -51.3324 -51.2986 -51.2663 -51.2392 -51.2127 -51.1828 -51.1607 -51.1697 -51.2038 -51.2393 -51.2708 -51.3066 -51.3510 -51.3901 -51.4338 -51.4807 -51.5283 -51.5766 -51.6286 -51.6848 -51.7348 -51.7893 -51.8477
-52.1523 -52.0838 -52.0227 -51.9640 -51.9075 -51.8514 -51.7999 -51.7496 -51.6953 -51.6409 -51.5833 -51.5365 -51.4904 -51.4487 -51.4096 -51.2817 -51.2433 -51.2078 -51.1737 -51.1407 -51.1130 -51.0865 -51.0562 -51.0335 -51.0427 -51.0776 -51.1136 -51.1452 -51.1823 -51.2271 -51.2668 -51.3117 -51.3596 -51.4085 -51.4580 -51.5117 -51.5679 -51.6188 -51.6754 -51.7358
-52.0426 -51.9730 -51.9093 -51.8485 -51.7913 -51.7343 -51.6804 -51.6307 -51.5759 -51.5208 -51.4669 -51.4193 -51.3725 -51.3291 -51.2847 -51.2402 -51.2014 -51.1657 -51.1310 -51.0145 -50.9850 -50.9585 -50.9278 -50.9046 -50.9139 -50.9495 -50.9862 -51.0179 -51.0563 -51.1016 -51.1421 -51.1889 -51.2378 -51.2874 -51.3377 -51.3934 -51.4494 -51.5013 -51.5600 -51.6225
