-51.5696 -51.6238 -51.6963 -51.7633 -51.8250 -51.8963 -51.9680 -52.0387 -52.2188 -52.2976 -52.3774 -52.4496 -52.5274 -52.6058 -52.6831 -52.9454 -60.0192 -61.4816 -61.7173 0.0000 -63.0331 -59.8704 -53.3216 -53.6230 -60.2173 -60.4788 -60.7549 -60.9893 -61.9829 -61.7380 -54.0331 -54.3126 -54.3999 -54.4860 -54.5704 -54.6526 -54.7405 -62.3773 -62.6992 -62.9676
-51.4515 -51.5097 -51.5847 -51.6496 -51.7152 -51.7872 -51.8605 -51.9304 -52.1097 -52.1930 -52.2719 -52.3472 -52.4278 -52.5073 -52.5855 -52.6626 -59.2566 -60.3993 -61.3896 0.0000 -59.6567 -59.9139 -53.2355 -53.3120 -59.2763 -59.5265 -60.8022 -60.9346 -60.6901 -61.4676 -53.9438 -54.0271 -54.3108 -54.3992 -54.4873 -54.5754 -62.1576 -62.5078 -62.8920 -64.2480
-51.3318 -51.3956 -51.4717 -51.5344 -51.6039 -51.6772 -51.7517 -51.8207 -52.0025 -52.0872 -52.1651 -52.2455 -52.3269 -52.4078 -52.4874 -59.5094 -59.4665 -60.3011 -59.7241 -52.8934 -59.6680 -53.0650 -53.1470 -59.7575 -59.3448 -59.5895 -59.7765 -59.6213 -59.4130 -53.9599 -53.8524 -53.9351 -54.2191 -54.3091 -54.4008 -54.4965 -62.2447 -62.6833 -70.1790 -70.6382
-51.2105 -51.2800 -51.3540 -51.4178 -51.4910 -51.5659 -51.6409 -51.7096 -51.7868 -51.9782 -52.0571 -52.1424 -52.2252 -52.3076 -52.3874 -59.8107 -60.4778 -59.3549 -59.5062 -58.8219 -59.7314 -52.9751 -53.0572 -59.8219 -60.1786 -59.6683 -59.6762 -59.4265 -53.3706 -53.6185 -53.6976 -53.5895 -53.8595 -54.2145 -54.3115 -61.9544 -62.4002 0.0000 0.0000 -71.4786
-51.0876 -51.1630 -51.2348 -51.3013 -51.3765 -51.4531 -51.5273 -51.5974 -51.6796 -51.8673 -51.9494 -52.0372 -52.1225 -52.2058 -59.2998 -60.2637 -60.5035 -59.0769 -52.6218 -58.8478 -52.7950 -52.8823 -59.5814 -59.9649 -60.3116 -59.7618 -59.4741 -59.2211 -53.2864 -53.5337 -53.6137 -53.5092 -53.7670 -53.8481 -60.2189 -60.4824 -62.4025 0.0000 0.0000 0.0000
-51.0696 -51.0465 -51.1146 -51.1844 -51.2607 -51.3390 -51.4123 -51.4876 -51.5711 -51.6479 -51.8416 -51.9308 -52.0187 -52.1024 -59.8561 -60.8599 -60.2493 -58.7398 -59.2011 -59.5716 -52.7020 -52.7872 -59.7036 -60.1606 -60.4688 -59.5621 -59.2502 -53.1258 -53.2011 -53.2776 -53.5289 -53.4280 -53.5033 -60.0594 -60.3200 -60.5801 -60.6787 -60.4474 -60.3117 -54.5629
-50.9530 -51.0298 -51.0995 -51.1766 -51.2576 -51.2249 -51.2958 -51.3764 -51.4593 -51.5369 -51.7322 -51.8237 -51.9138 -51.9974 -60.7904 -61.1400 -59.9185 -52.3412 -58.6730 -52.5202 -52.4684 -59.3854 -59.9183 -60.3714 -60.5234 -60.0677 -59.0133 -53.0389 -53.1164 -53.1931 -53.4440 -53.5256 -53.4244 -60.1413 -60.4761 -60.6613 -60.4436 -60.2431 -54.0999 -54.1682
-50.8284 -50.9104 -50.9811 -51.0620 -51.1448 -51.2183 -51.2947 -51.3841 -51.4692 -51.4285 -51.6208 -51.7154 -51.8066 -60.6757 -62.1247 -61.0536 -59.2379 -58.9731 -58.8064 -52.4232 -52.3725 -59.6089 -60.2047 -60.6075 -60.2630 -59.7686 -52.8728 -52.9514 -53.0304 -53.1085 -53.3579 -53.4433 -59.2144 -60.3200 -60.5803 -60.4430 -60.1953 -53.9504 -54.0212 -54.0892
-50.7019 -50.7817 -50.8560 -50.9386 -51.0239 -51.1046 -51.1864 -51.2772 -51.3608 -51.4402 -51.5314 -51.7413 -51.7014 -62.3750 -62.5542 -60.9567 -52.0565 -59.1133 -52.1057 -52.3228 -59.2455 -59.2447 -60.5305 -60.5488 -59.9526 -52.8583 -52.7831 -52.8638 -52.9433 -53.0232 -53.1031 -59.7685 -59.3811 -59.6633 -60.4726 -60.1620 -53.7947 -53.8704 -53.9408 -54.0092
-50.5656 -50.6428 -50.7296 -50.8139 -50.9011 -50.9811 -51.0689 -51.1591 -51.2445 -51.3375 -51.4315 -51.6405 -67.2675 -66.8812 -66.4916 -62.2030 -51.9557 -59.3887 -52.1349 -52.0932 -59.6695 -59.6261 -60.8907 -60.2418 -59.5782 -52.7667 -52.8489 -52.7748 -52.8564 -52.9368 -53.0200 -59.9843 -59.6071 -59.6952 -60.1633 -59.9189 -53.7121 -53.7886 -53.8591 -60.1033
-50.4407 -50.5099 -50.5921 -50.6784 -50.7649 -50.8452 -50.9385 -51.0388 -51.1287 -51.2242 -51.3230 -51.5308 0.0000 0.0000 -71.1009 -51.9009 -59.8374 -52.1011 -52.1953 -59.4012 -60.3106 -60.9907 -60.6994 -59.8509 -52.5884 -52.6739 -52.7582 -52.6853 -52.7681 -52.8522 -59.0442 -60.3291 -60.6240 -59.4165 -59.8350 -53.5485 -53.6277 -53.7047 -53.7791 -60.1500
-50.3055 -50.3812 -50.4673 -50.5562 -50.6419 -50.7273 -50.8166 -50.9043 -50.9975 -51.0936 -51.1915 -51.2939 0.0000 0.0000 -51.5739 -51.7901 -60.4135 -51.9981 -52.0915 -61.3417 -61.4091 -63.2198 -60.5987 -60.3153 -52.4944 -52.5815 -52.6662 -52.5954 -52.6803 -58.8191 -59.4091 -59.7504 -60.3759 -59.0855 -53.1987 -53.4624 -53.5415 -53.6205 -60.0549 -60.1615
-50.1678 -50.2476 -50.3350 -50.4266 -50.5114 -50.6031 -50.6977 -50.7874 -50.8841 -50.9834 -51.0806 -51.1666 -51.3757 -51.4771 -51.4616 -59.8410 -51.7871 -51.8907 -61.2726 -63.4537 -62.5000 -63.0921 -60.0949 -52.4775 -52.5786 -52.6771 -52.7704 -52.6652 -52.5937 -59.3043 -59.7692 -59.7466 -59.9346 -53.0118 -53.1136 -53.3739 -53.4541 -59.9154 -60.1118 -59.9452
-50.0280 -50.1120 -50.2020 -50.2941 -50.3790 -50.4770 -50.5706 -50.6648 -50.7635 -50.8661 -50.9623 -51.0592 -51.1593 -51.3767 -51.3584 -61.1591 -51.6785 -51.7833 -64.6601 -64.9254 -62.9392 -62.9747 -52.2783 -52.3754 -52.4796 -52.5798 -52.6751 -52.7700 -60.1980 -60.9688 -61.3784 -59.3768 -53.0384 -53.1280 -53.0260 -53.2833 -59.7528 -60.0113 -59.8780 -53.6014
-49.8854 -49.9734 -50.0663 -50.1577 -50.2475 -50.3485 -50.4411 -50.5395 -50.6418 -50.7446 -50.8404 -50.9415 -51.0455 -51.2626 -60.9811 -51.3531 -51.5819 -66.7291 -66.9380 0.0000 0.0000 -61.4806 -52.1756 -52.1313 -52.3772 -52.4829 -52.5831 -61.1198 -61.1180 -61.7274 -60.9949 -59.7261 -52.9740 -53.2692 -53.1663 -58.8577 -59.9034 -59.7956 -53.4411 -53.5171
-49.7411 -49.8323 -49.9283 -50.0188 -50.1150 -50.2149 -50.3100 -50.4111 -50.5173 -50.6181 -50.7178 -50.8211 -50.9277 -51.1358 0.0000 -51.2442 -51.4736 0.0000 0.0000 0.0000 0.0000 -51.8350 -52.0691 -52.0291 -52.2757 -52.3836 -52.4874 -63.2163 -64.1645 -62.3071 -60.2214 -52.7938 -52.9090 -53.1713 -59.6488 -60.0582 -60.9856 -53.5287 -53.6182 -53.4351
-49.5968 -49.6902 -49.7883 -49.8779 -49.9807 -50.0794 -50.1786 -50.2828 -50.3903 -50.4898 -50.5935 -50.7005 -50.8063 -50.9067 -51.1288 -51.1232 -59.7476 -59.2131 -51.4356 0.0000 0.0000 -51.7402 -51.9736 -52.0823 -52.1861 -52.3009 -66.4106 -66.1416 -66.2435 -62.2235 -52.6076 -52.7008 -52.8134 -53.0777 -60.9733 -59.9573 -53.3463 -53.4352 -53.5248 -53.6157
-49.4506 -49.5471 -49.6442 -49.7340 -49.8403 -49.9376 -50.0404 -50.1483 -50.2591 -50.3614 -50.4678 -50.5781 -50.6822 -50.7894 -51.0091 -51.0050 -60.8131 -51.2046 -51.3400 -51.4297 -51.5329 -51.6357 -51.7372 -51.9828 -51.9447 0.0000 -71.8106 -70.9229 0.0000 -52.4407 -52.5130 -52.6304 -52.7175 -59.8147 -61.0152 -52.9776 -53.2509 -53.3439 -53.4387 -53.5304
-49.3023 -49.4025 -49.4988 -49.5998 -49.7049 -49.8055 -49.9115 -50.0232 -50.1277 -50.2342 -50.3444 -50.4543 -50.5581 -50.6649 -50.7735 -65.6327 -60.6146 -51.1054 -51.2115 -51.3157 -51.4199 -51.5235 -51.6277 -51.8722 -51.8407 0.0000 0.0000 0.0000 -63.9097 -52.3204 -52.4155 -52.5313 -59.6720 -60.0853 -60.4064 -52.8838 -52.9682 -53.2516 -53.3479 -53.4362
-49.1512 -49.2551 -49.3506 -49.4583 -49.5621 -49.6672 -49.7773 -49.8887 -49.9941 -50.1047 -50.2183 -50.3269 -50.4369 -50.5512 -50.6647 0.0000 -50.8634 -51.0025 -51.0900 -51.1951 -51.3001 -51.4037 -51.5094 -51.7529 -51.8635 -61.7010 -51.9195 0.0000 -52.2816 -52.2212 -52.3414 -59.5239 -60.3373 -59.4813 -52.8788 -52.9755 -52.8766 -53.1578 -53.2518 -53.3401
-48.9996 -49.1034 -49.2023 -49.3139 -49.4170 -49.5266 -49.6407 -49.7509 -49.8607 -49.9746 -50.0891 -50.1973 -50.3136 -50.4267 -50.5403 -50.6552 -50.7704 -50.8746 -50.9827 -51.0896 -51.1957 -51.3074 -51.4167 -51.5259 -51.7793 -51.7140 -51.8167 -51.9211 -52.1785 -52.1194 -59.3703 -60.9009 -59.6109 -52.5165 -52.6052 -52.8783 -52.7845 -53.0580 -53.1532 -53.2417
-48.8460 -48.9486 -49.0545 -49.1650 -49.2722 -49.3852 -49.5015 -49.6109 -49.7256 -49.8428 -49.9563 -50.0701 -50.1875 -50.3009 -50.4193 -50.5248 -50.6692 -50.7557 -50.8647 -50.9733 -51.0823 -51.1919 -51.3030 -51.4154 0.0000 -51.6083 -51.7140 -51.8186 -52.0722 -52.2071 -62.1893 -60.1059 -52.3265 -52.4175 -52.5085 -52.7808 -52.6875 -52.7706 -53.0522 -53.2034
-48.6895 -48.7915 -48.9041 -49.0137 -49.1257 -49.2425 -49.3581 -49.4715 -49.5895 -49.7087 -49.8216 -49.9415 -50.0582 -50.1768 -50.2732 -50.4194 -50.5228 -50.6353 -50.7454 -50.8552 -50.9680 -51.0806 -51.1915 -51.2964 -51.4037 -51.5104 -51.6217 -51.7261 -51.8305 0.0000 -62.0996 -52.1320 -52.2254 -52.3181 -52.4126 -52.6779 -52.7762 -52.6700 -52.9487 -53.1179
-48.5270 -48.6310 -48.7481 -48.8575 -48.9742 -49.0973 -49.2124 -49.3307 -49.4520 -49.5706 -49.6887 -49.8097 -49.9276 -50.0511 -50.1648 -50.2843 -50.3998 -50.5128 -50.6242 -50.7382 -50.8524 -50.9675 -51.0758 -51.1841 -51.2928 -51.4028 -51.5093 -51.6127 -51.7533 0.0000 -51.9331 -52.0288 -52.1232 -52.2202 -52.3123 -52.3994 -52.6708 -52.5670 -52.9185 -53.0322
-48.3630 -48.4741 -48.5905 -48.7050 -48.8253 -48.9460 -49.0630 -49.1855 -49.3094 -49.4273 -49.5513 -49.6716 -49.7953 -49.9000 -50.0512 -50.1536 -50.2702 -50.3834 -50.4976 -50.6131 -50.7311 -50.8441 -50.9534 -51.0642 -51.1750 -51.2849 -51.3899 -51.4990 -51.6301 -51.7293 -51.8274 -51.9236 -52.0232 -52.1181 -52.2075 -52.2943 -52.5627 -52.5303 -52.6323 -62.2561
-48.1980 -48.3161 -48.4322 -48.5520 -48.6760 -48.7965 -48.9187 -49.0448 -49.1687 -49.2914 -49.4172 -49.5395 -49.6681 -49.7903 -49.9095 -50.0299 -50.1466 -50.2607 -50.3799 -50.4998 -50.6178 -50.7289 -50.8429 -50.9564 -51.0688 -51.1769 -51.2877 -51.4249 -51.5274 -51.6283 -51.7267 -51.8292 -51.9284 -52.0206 -52.1103 -52.1976 -52.4727 -52.6481 -62.6528 -52.9147
-48.0292 -48.1525 -48.2698 -48.3946 -48.5214 -48.6419 -48.7698 -48.8987 -49.0226 -49.1513 -49.2768 -49.4055 -49.5192 -49.6765 -49.7781 -49.8986 -50.0156 -50.1352 -50.2567 -50.3799 -50.4943 -50.6098 -50.7255 -50.8405 -50.9515 -51.0636 -51.1765 -51.3121 -51.4157 -51.5166 -51.6212 -51.7226 -51.8168 -51.9084 -51.9971 -52.0961 -52.2573 0.0000 -52.4802 0.0000
-47.8613 -47.9845 -48.1073 -48.2356 -48.3626 -48.4884 -48.6195 -48.7490 -48.8769 -49.0079 -49.1355 -49.2692 -49.4002 -49.5191 -49.6437 -49.7646 -49.8842 -50.0069 -50.1335 -50.2536 -50.3706 -50.4886 -50.6072 -50.7204 -50.8340 -50.9499 -51.0916 -51.1979 -51.3016 -51.4081 -51.5128 -51.6094 -51.7030 -51.7939 -51.8906 -52.0490 -52.1506 -52.2505 -52.3516 -52.4529
-47.6902 -47.8136 -47.9422 -48.0738 -48.2008 -48.3327 -48.4666 -48.5965 -48.7303 -48.8615 -48.9951 -49.1177 -49.2532 -49.3816 -49.5062 -49.6283 -49.7526 -49.8808 -50.0066 -50.1252 -50.2460 -50.3677 -50.4841 -50.5985 -50.7177 -50.8352 -50.9749 -51.0814 -51.1899 -51.2980 -51.3968 -51.4928 -51.5860 -51.6850 -51.7830 -51.9456 -52.0480 -52.1514 -52.2541 -52.3603
-47.5151 -47.6412 -47.7748 -47.9081 -48.0386 -48.1749 -48.3102 -48.4437 -48.5802 -48.7142 -48.8269 -48.9928 -49.1118 -49.2408 -49.3666 -49.4925 -49.6208 -49.7527 -49.8742 -49.9975 -50.1217 -50.2430 -50.3577 -50.4794 -50.5998 -50.7463 -50.8557 -50.9664 -51.0777 -51.1791 -51.2777 -51.3733 -51.4745 -51.5749 -51.7358 -51.8410 -51.9469 -52.0518 -52.1592 -52.2647
-47.3356 -47.4678 -47.6046 -47.7387 -47.8752 -48.0143 -48.1507 -48.2899 -48.4267 -48.5655 -48.6974 -48.8343 -48.9676 -49.0972 -49.2255 -49.3537 -49.4896 -49.6171 -49.7423 -49.8688 -49.9952 -50.1125 -50.2349 -50.3582 -50.4807 -50.6244 -50.7370 -50.8510 -50.9560 -51.0573 -51.1554 -51.2590 -51.3619 -51.5210 -51.6292 -51.7377 -51.8453 -51.9535 -52.0610 -52.1658
-47.1529 -47.2914 -47.4311 -47.5672 -47.7093 -47.8504 -47.9896 -48.1317 -48.2713 -48.3936 -48.5680 -48.6860 -48.8197 -48.9514 -49.0833 -49.2184 -49.3526 -49.4797 -49.6088 -49.7396 -49.8618 -49.9838 -50.1100 -50.2363 -50.3870 -50.5015 -50.6187 -50.7273 -50.8315 -50.9322 -51.0383 -51.1438 -51.2428 -51.4123 -51.5235 -51.6338 -51.7430 -51.8527 -51.9599 -52.0674
-46.9692 -47.1122 -47.2534 -47.3957 -47.5399 -47.6822 -47.8271 -47.9700 -48.1152 -48.2582 -48.3959 -48.5345 -48.6699 -48.8050 -48.9408 -49.0809 -49.2102 -49.3422 -49.4763 -49.6039 -49.7273 -49.8551 -49.9850 -50.1106 -50.2595 -50.3800 -50.4924 -50.5996 -50.7029 -50.8115 -50.9197 -51.0214 -51.1901 -51.3041 -51.4173 -51.5280 -51.6396 -51.7494 -51.8598 -51.9689
-46.7834 -46.9292 -47.0720 -47.2201 -47.3665 -47.5116 -47.6610 -47.8071 -47.9408 -48.0969 -48.2403 -48.3795 -48.5181 -48.6554 -48.7995 -48.9347 -49.0688 -49.2055 -49.3390 -49.4646 -49.5939 -49.7269 -49.8564 -50.0114 -50.1355 -50.2519 -50.3623 -50.4684 -50.5798 -50.6909 -50.7955 -50.9620 -51.0789 -51.1948 -51.3079 -51.4207 -51.5336 -51.6465 -51.7584 -51.8702
-46.5940 -46.7421 -46.8896 -47.0407 -47.1890 -47.3409 -47.4907 -47.6425 -47.7998 -47.9365 -48.0805 -48.2229 -48.3647 -48.5094 -48.6508 -48.7873 -48.9265 -49.0662 -49.1952 -49.3272 -49.4614 -49.5952 -49.7234 -49.8844 -50.0049 -50.1187 -50.2278 -50.3421 -50.4562 -50.5637 -50.6700 -50.8487 -50.9676 -51.0832 -51.1976 -51.3140 -51.4299 -51.5452 -51.6599 -51.7742
-46.4002 -46.5504 -46.7038 -46.8584 -47.0088 -47.1661 -47.3193 -47.4660 -47.6240 -47.7723 -47.9184 -48.0644 -48.2105 -48.3595 -48.4973 -48.6389 -48.7841 -48.9179 -49.0529 -49.1882 -49.3264 -49.4580 -49.6261 -49.7509 -49.8684 -49.9807 -50.0980 -50.2152 -50.3259 -50.4355 -50.6128 -50.7345 -50.8527 -50.9687 -51.0887 -51.2076 -51.3268 -51.4447 -51.5619 -51.6765
-46.2028 -46.3559 -46.5145 -46.6707 -46.8292 -46.9864 -47.1455 -47.3189 -47.4542 -47.6035 -47.7543 -47.9020 -48.0585 -48.1996 -48.3438 -48.4924 -48.6326 -48.7702 -48.9093 -49.0498 -49.1849 -49.3270 -49.4897 -49.6112 -49.7267 -49.8472 -49.9677 -50.0818 -50.1947 -50.3704 -50.4950 -50.6161 -50.7350 -50.8578 -50.9803 -51.1032 -51.2244 -51.3443 -51.4622 -51.5808
-45.9998 -46.1591 -46.3223 -46.4794 -46.6447 -46.8055 -46.9670 -47.1269 -47.2800 -47.4342 -47.5875 -47.7441 -47.8954 -48.0397 -48.1914 -48.3385 -48.4788 -48.6220 -48.7647 -48.9040 -49.0490 -49.2210 -49.3466 -49.4655 -49.5893 -49.7134 -49.8310 -49.9475 -50.0622 -50.2491 -50.3733 -50.4962 -50.6214 -50.7477 -50.8737 -50.9984 -51.1211 -51.2430 -51.3643 -51.4831
-45.7918 -45.9583 -46.1237 -46.2897 -46.4545 -46.6021 -46.7886 -46.9474 -47.1030 -47.2621 -47.4199 -47.5806 -47.7273 -47.8806 -48.0348 -48.1781 -48.3263 -48.4730 -48.6147 -48.7626 -48.9102 -49.0742 -49.1969 -49.3242 -49.4520 -49.5732 -49.6934 -49.8117 -49.9966 -50.1251 -50.2519 -50.3788 -50.5089 -50.6384 -50.7665 -50.8922 -51.0182 -51.1424 -51.2639 -51.3828
-45.5807 -45.7528 -45.9179 -46.0917 -46.2605 -46.4387 -46.6029 -46.7624 -46.9249 -47.0846 -47.2546 -47.4053 -47.5597 -47.7205 -47.8690 -48.0212 -48.1724 -48.3176 -48.4674 -48.6204 -48.7936 -48.9204 -49.0514 -49.1831 -49.3083 -49.4324 -49.5549 -49.7383 -49.8703 -50.0010 -50.1299 -50.2638 -50.3968 -50.5285 -50.6579 -50.7875 -50.9148 -51.0395 -51.1615 -51.2833
