-58.9614 -59.1435 -59.1324 -59.0988 -58.8519 -55.2279 -55.2160 -55.1999 -58.8334 -58.8520 -58.8809 -58.9158 -58.9730 -58.9850 -63.2448 -58.5868 -63.7579 -62.3748 -62.2626 -58.1262 -62.1398 -62.0799 -61.9778 -55.6874 -62.2409 -62.2356 -62.3006 -62.3467 -59.5650 -59.6207 -62.5561 -62.8168 -62.7253 -62.4597 -62.3368 -55.3335 -55.2676 -61.9013 -61.4916 -61.4817
-59.0506 -59.0422 -59.0147 -58.9640 -55.2815 -55.2712 -55.2730 -58.8228 -58.8514 -58.8730 -58.9055 -58.9876 -58.9959 -59.5596 -59.7778 -56.9013 -62.2116 -62.1696 -58.0382 -62.0682 -62.0529 -62.0109 -55.8072 -62.3836 -62.3776 -62.3975 -62.4792 -62.5303 -62.5771 -62.6146 -62.5696 -59.7817 -62.4816 -62.3975 -62.2853 -55.3922 -55.3401 -61.9589 -61.5932 -61.5920
-58.9631 -58.9426 -55.4396 -55.4158 -55.3197 -58.7828 -58.8106 -58.8405 -58.8724 -58.8971 -58.9380 -59.0082 -59.5533 -59.6995 -59.6779 -59.1651 -59.1487 -59.1326 -57.9522 -61.9475 -61.9545 -55.8869 -61.9545 -62.4101 -62.4757 -62.5508 -62.6562 -62.7064 -62.7417 -62.6968 -62.8179 -62.5854 -62.5039 -59.6552 -54.7974 -55.4501 -62.0184 -61.6225 -61.6481 -61.7584
-58.8796 -55.4695 -55.4641 -55.3695 -58.7559 -58.7952 -58.8271 -58.8609 -58.9011 -58.9273 -59.0199 -59.5496 -59.6588 -59.6360 -56.4948 -59.1447 -59.1290 -59.1147 -56.5557 -59.1031 -55.0705 -61.9047 -61.9562 -62.4471 -62.5291 -62.6638 -62.7620 -62.8394 -62.8222 -62.9600 -62.7331 -62.6609 -62.5655 -55.6392 -55.5790 -62.1493 -59.5217 -61.6449 -61.7063 -61.8059
-55.5137 -55.5097 -55.5049 -58.7371 -58.7679 -58.8107 -58.8455 -58.8864 -58.9138 -58.9519 -59.5301 -59.6319 -59.1584 -59.1413 -56.4870 -59.1261 -59.1119 -56.5101 -59.0938 -55.1394 -59.1411 -59.1784 -59.4461 -62.4876 -62.5798 -62.7271 -62.8175 -62.8283 -62.7565 -62.9511 -62.8057 -62.7421 -55.7821 -55.7205 -62.3441 -62.1593 -61.7097 -61.7482 -59.4518 -59.7428
-55.5543 -55.5670 -58.9192 -58.7492 -58.7829 -58.8326 -58.8695 -58.9073 -58.9362 -59.4449 -59.6124 -59.1579 -59.1379 -59.1238 -59.1233 -59.1097 -59.0986 -56.4813 -55.2002 -59.1378 -59.1753 -59.2215 -59.5008 -59.5581 -59.6171 -62.7793 -62.8029 -62.7524 -62.9487 -62.8317 -62.8095 -55.9093 -55.8619 -62.5647 -62.4060 -62.2088 -61.8086 -61.8440 -61.9155 -62.9872
-55.7044 -58.8978 -58.7327 -58.7660 -58.8064 -58.8514 -58.8895 -58.9152 -59.4126 -59.5938 -59.1581 -59.1363 -59.1177 -56.3750 -59.1075 -59.0957 -59.0901 -53.9749 -59.1328 -59.1704 -59.2163 -59.5218 -59.5561 -59.6151 -59.7002 -59.7283 -59.7212 -62.9517 -62.8423 -62.8323 -56.0110 -55.9792 -62.7276 -62.5887 -62.3810 -61.8979 -61.9298 -61.9413 -62.6302 -62.9527
-62.3943 -58.9230 -58.7522 -58.7877 -58.8352 -58.8731 -58.8995 -59.3904 -59.0893 -59.1585 -59.1373 -59.1156 -59.0991 -56.3547 -59.0929 -59.0880 -53.9960 -59.1099 -59.1626 -59.2089 -59.2596 -59.5519 -59.6111 -59.6713 -59.7273 -59.7251 -59.7200 -59.8148 -59.8312 -55.2772 -56.0791 -62.8532 -62.7543 -62.5874 -62.3447 -61.9659 -61.9985 -62.7219 -63.1791 -62.9399
-62.6041 -62.5599 -62.0056 -58.8064 -58.8439 -58.8941 -59.3602 -59.0696 -59.0751 -59.1394 -59.1162 -59.0963 -59.0849 -59.0894 -59.0846 -55.3907 -56.3922 -59.1389 -59.1993 -59.2498 -59.5694 -59.6047 -59.6652 -59.6978 -59.7262 -59.7260 -59.8300 -59.8424 -55.3606 -55.3416 -59.9021 -59.9238 -62.7896 -62.5575 -61.9698 -62.0043 -62.0444 -63.3248 -63.1874 -55.8527
-62.7763 -62.7400 -62.1468 -62.0786 -62.9129 -59.3294 -59.0448 -59.0516 -59.5430 -59.1229 -59.0992 -59.0798 -56.2546 -59.0813 -55.4513 -59.0998 -56.3778 -59.1849 -59.2368 -59.2904 -59.6205 -59.6568 -59.6945 -59.7235 -59.7287 -59.6985 -59.8629 -55.4363 -55.4244 -59.9275 -59.9934 -59.9717 -59.9242 -59.7231 -62.0050 -62.0426 -63.5013 0.0000 0.0000 0.0000
-62.7039 -62.2120 -62.2379 -63.0547 -63.1272 -62.3684 -59.0529 -59.0445 -59.1303 -59.1072 -59.0843 -59.0690 -56.2249 -55.5109 -59.0948 -56.3252 -59.1525 -59.2199 -59.2743 -59.3298 -59.6443 -59.6876 -59.6931 -59.7276 -59.7032 -59.8732 -55.5199 -55.4905 -55.4907 -60.0756 -60.0847 -60.0301 -59.9789 -59.5111 -59.5460 -59.6617 0.0000 0.0000 0.0000 0.0000
-62.5646 -62.1094 -63.0125 -62.4794 -62.4929 -62.4203 -62.3531 -62.2678 -59.1308 -59.0928 -59.0714 -59.0640 -55.5704 -59.0933 -59.1141 -56.3115 -59.1894 -59.2556 -59.3116 -59.6550 -59.6766 -59.6862 -59.6934 -59.7034 -59.8774 -55.5972 -55.5822 -55.5716 -60.1040 -60.1202 0.0000 -63.9692 -59.5145 -59.5489 -59.6393 -60.9818 -61.8663 -66.1276 0.0000 -65.6918
-59.0031 -62.7771 -62.2996 -62.3412 -62.3976 -62.4150 -62.3959 -63.4541 -62.3623 -62.2235 -59.0799 -54.0652 -59.0925 -59.1112 -59.1376 -56.2985 -59.2364 -59.2920 -59.3482 -59.6894 -59.6764 -59.6876 -59.6975 -59.7253 -55.6697 -55.6602 -55.6430 -61.6097 0.0000 0.0000 0.0000 -64.1575 -62.5735 -62.4258 -60.7981 -61.3475 -60.6508 -60.5976 -60.4425 -55.9477
-59.4009 -58.8908 -58.9156 -62.2047 -62.2707 -62.3010 -62.3231 -63.4681 -62.3831 -62.2526 -56.8322 -57.3948 -59.1087 -59.1322 -56.2426 -59.1991 -59.2719 -59.3292 -59.6754 -59.6642 -59.6788 -59.6624 -59.7204 -59.9243 -55.7348 -55.7267 -61.2275 -61.4259 0.0000 -66.2065 -66.1165 -62.6005 -62.6067 -65.0107 -66.3113 0.0000 -63.9643 -60.2383 -55.2429 -55.2279
-62.2312 -62.1786 -58.9080 -58.9330 -58.9692 -62.1915 -62.2234 -62.3799 -62.3159 -62.2631 -62.2090 -62.1942 -62.1623 -62.1426 -56.2275 -59.2365 -59.3072 -59.3595 -59.6799 -59.6701 -59.6573 -59.6805 -59.7478 -55.8074 -55.8045 -60.6417 -61.2431 -61.2630 -60.7932 -64.8927 -62.4924 -62.5256 -62.6752 -65.0551 -64.3366 -63.7213 -63.4261 -62.8222 -56.0799 -55.2884
-58.8491 -62.2224 -62.1773 -58.9285 -58.9646 -58.9882 -59.3635 -57.0411 -62.2276 -62.1971 -57.3550 -62.2447 -62.2349 -62.2173 -57.4620 -62.2898 -59.3386 -59.3573 -59.6868 -59.6504 -59.6770 -59.7410 -55.8791 -55.8816 -60.4505 -60.9089 -61.2543 -60.6512 -60.4280 -60.2111 -59.5794 -62.4433 -64.0808 -63.9801 -63.7960 -63.2282 -62.8169 -56.1996 -56.1758 -56.1328
-58.8438 -58.8690 -58.8953 -62.1817 -62.1656 -58.9877 -56.0148 -59.0878 -59.0789 -62.1416 -57.2631 -62.2143 -62.2414 -57.4094 -62.2967 -62.3802 -62.3567 -62.9791 -59.6684 -59.6703 -59.6996 -55.9491 -55.9630 -60.3718 -60.7457 -61.0686 -61.1455 -60.5022 -60.1858 -59.5716 -59.6420 -60.3539 -60.3171 -60.2558 -63.0130 -62.7222 -56.2702 -56.2507 -56.2296 -56.2227
-62.1112 -62.0687 -58.8928 -58.9333 -62.2082 -57.1518 -63.0429 -59.0898 -59.0848 -59.0912 -62.1579 -62.1840 -62.2152 -57.3647 -62.3377 -62.3914 -62.3812 -62.9707 -62.9051 -62.9032 -55.8958 -56.0484 -60.3357 0.0000 0.0000 -67.9461 -64.6010 -60.1600 -59.5620 -59.6291 -60.2857 -60.2540 -60.2024 -60.1243 -59.8689 -55.5145 -56.3141 -56.2985 -56.2780 -56.2779
-62.1572 -62.1151 -62.0782 -58.9358 -55.9163 -59.3952 -63.0986 -62.2715 -62.1850 -59.1057 -59.1463 -59.1712 -62.1965 -57.3189 -62.3084 -62.3367 -62.9849 -63.0317 -62.9785 -57.0442 0.0000 0.0000 0.0000 0.0000 0.0000 -65.0464 -64.4755 -62.5278 -62.4581 -60.2270 -60.1998 -60.1572 -60.0934 -59.8581 -59.6765 -55.5696 -55.5587 -55.5469 -56.3458 -56.3308
-62.1883 -62.1561 -62.1264 -57.2716 -62.1267 -59.4454 -59.1094 -59.1010 -62.2325 -57.1162 -62.2069 -59.1857 -56.0437 -59.2308 -62.2552 -62.2397 -62.9680 -63.0226 -57.1289 -65.4355 -66.4389 0.0000 0.0000 -66.4508 -65.9185 -64.6231 -62.7333 -62.7316 -62.6545 -63.5543 -63.3173 -60.0663 -59.9856 -59.7045 -55.6337 -55.6239 -55.6135 -55.6001 -55.6068 -55.5968
-62.0896 -62.1407 -57.3480 -62.1994 -62.1958 -63.2360 -62.2932 -59.1089 -59.1102 -59.1463 -62.2578 -62.2434 -57.1883 -59.2522 -59.2600 -59.6335 -62.9617 -57.1901 -64.0868 -65.4387 -65.3230 -66.2977 -66.1729 -65.7985 -64.5157 -64.2900 -62.8403 -62.8303 -63.7402 -63.5171 -63.2809 -63.0174 -62.4199 -55.6961 -55.6868 -55.6774 -55.6669 -55.6726 -55.6634 -55.6553
-61.9978 -57.3739 -62.1233 -62.2284 -63.2603 -63.3079 -62.3400 -62.2400 -62.1823 -59.1646 -59.1863 -55.9406 -57.1879 -62.1894 -59.2690 -59.6566 -56.1237 -56.1110 -64.5280 -65.0934 -65.1621 -65.1623 -64.9510 -63.8545 -64.1786 -62.7629 -62.8174 -63.7907 -63.6486 -63.4382 -63.1953 -62.6116 -56.6695 -56.6356 -56.6035 -55.7309 -55.7179 -55.7280 -55.7204 -55.7132
-56.0534 -58.8992 -62.0676 -62.1862 -63.3775 -63.3430 -62.3812 -62.2801 -56.9622 -62.2418 -59.1952 -55.9047 -59.1993 -62.2257 -62.2490 -57.3517 -56.1734 -60.2097 -60.5177 -60.6254 -65.0275 -64.8747 -64.5917 -63.6805 -62.7061 -62.4358 -63.6352 -63.5735 -63.4819 -63.3284 -63.0657 -62.5178 -56.7475 -56.7150 -56.6836 -56.6515 -56.6433 -55.7836 -55.7772 -55.8961
-58.8797 -58.9204 -58.9621 -59.0265 -63.4876 -62.4167 -62.3568 -62.3626 -56.9750 -62.2530 -62.1817 -56.9925 -59.2071 -59.2492 -56.2127 -57.4221 -63.8385 -64.4013 -60.5667 -60.5958 -60.5992 -60.5303 -63.6189 -62.6632 -62.3895 -62.4451 -63.1441 -63.0728 -63.2667 -63.1209 -62.6466 -56.8524 -56.8209 -56.7900 -56.7602 -56.7274 -56.7225 -56.6979 -56.6735 -55.9582
-58.9026 -58.9442 -58.9895 -59.5833 -59.7205 -62.3534 -62.3090 -62.3173 -62.2952 -62.2479 -56.9282 -57.0159 -62.1646 -57.2507 -56.2623 -60.0167 -60.2113 -64.6809 -64.8674 -64.8551 -60.5123 -60.1204 -60.1243 -62.6924 -62.3983 -63.0683 -63.0116 -62.9266 -62.8088 -62.6710 -56.8619 -56.9204 -56.8907 -56.8617 -56.8300 -56.8255 -56.8006 -56.7763 -56.9184 -56.8953
-58.9258 -58.9699 -59.0341 -59.7209 -59.7593 -59.1880 -59.1775 -56.7790 -62.2066 -62.1382 -56.8825 -62.1810 -62.2066 -57.5446 -63.5755 -63.9889 -60.3190 -60.5028 -60.5415 -64.6605 -64.4497 -63.5519 -59.7173 -59.5793 -59.9234 -62.9541 -62.8794 -62.7825 -62.6678 -56.9263 -56.9125 -56.8983 -56.8838 -56.9307 -56.8987 -56.8994 -56.8759 -56.8552 -57.0034 -63.3740
-58.9500 -58.9961 -59.0651 -59.8939 -59.7982 -59.1966 -59.1818 -55.6628 -59.1377 -62.0699 -56.8207 -62.1701 -57.3751 -63.5184 -63.8941 -64.1790 -64.5568 -64.7250 -60.4937 -60.4445 -60.0722 -62.7070 -62.7514 -62.9794 -59.8879 -59.8742 -59.8494 -62.6596 -62.5763 -56.9754 -56.9624 -56.9490 -56.9359 -56.9179 -56.9304 -56.9714 -56.9496 -57.1085 -57.1093 -63.5200
-58.9746 -59.0223 -59.9033 -60.0860 -59.8132 -59.1921 -59.1749 -59.1430 -59.1382 -55.6569 -55.7379 -57.4062 -62.5104 -63.7693 -64.1810 -64.4346 -64.7369 -64.6790 -64.4883 -60.4000 -59.6760 -59.7279 -62.4258 -62.9247 -62.8510 -59.8325 -59.8071 -59.7810 -56.0690 -57.0249 -57.0120 -56.9995 -56.9865 -56.9965 -56.9868 -56.9769 -57.1522 -57.1427 -63.5949 -63.6799
-58.9993 -59.0483 0.0000 0.0000 -59.2375 -59.1866 -55.5167 -59.1428 -59.1395 -55.6245 -56.2278 -59.3591 -63.5574 -63.9594 -64.3568 -64.6343 -64.7141 -64.6097 -64.3976 -62.6605 -62.7138 -59.7610 -59.8269 -59.8235 -62.7881 -62.6981 -62.6050 -56.1911 -56.1137 -56.1110 -56.1081 -57.0504 -57.0324 -57.0510 -57.0425 -57.0337 -57.2186 -63.4164 -63.5272 -63.6097
-59.0237 -59.6891 0.0000 0.0000 -62.9418 -62.3490 -55.4969 -59.1431 -59.1423 -54.0727 -59.3146 -59.4414 -60.0500 -60.2230 -64.3935 -64.6133 -64.6802 -64.4735 -63.4091 -62.7364 -62.7873 -62.8412 -62.7905 -59.7925 -59.7805 -59.7640 -57.2769 -57.1621 -57.1462 -56.1558 -56.1536 -56.1498 -56.1682 -57.1062 -57.0983 -57.2908 -57.3061 -63.4923 -63.5914 -63.6502
-59.4908 -59.7013 0.0000 0.0000 -62.8048 -62.5268 -62.2497 -59.1437 -54.0493 -59.2438 -59.3898 -59.9814 -60.1634 -60.3270 -60.4090 -60.4610 -64.4809 -64.2793 -62.7219 -62.8075 -63.3422 -62.7975 -62.7412 -62.6763 -62.6072 -59.7541 -56.2848 -56.2022 -57.2029 -57.1875 -57.1724 -56.1911 -56.2172 -56.2186 -56.3854 -57.3568 -63.4627 -63.5792 -63.6269 -63.6805
-59.5624 -60.0436 0.0000 0.0000 -62.7228 -56.5095 -62.3523 -57.6610 -54.7444 -59.3124 -59.4599 -60.0966 -60.2749 -60.4063 -60.4503 -60.4697 -60.3909 -62.6492 -62.7416 -62.8296 -62.7789 -62.7555 -62.6991 -62.6356 -62.5814 -57.3892 -56.2519 -56.2454 -56.2447 -56.2438 -57.2265 -57.2420 -57.2325 -56.2681 -56.4437 -60.4156 -63.5500 -63.6123 -63.6540 -62.9238
-59.6010 -60.0396 -59.9732 -62.6749 -62.5062 -56.4126 -57.7940 -57.7249 -56.5396 -62.4903 -60.0280 -60.2167 -60.3646 -60.4870 -60.4923 -60.4345 -60.0205 -59.6950 -59.7496 -63.2276 -62.6921 -62.6743 -62.6473 -62.6098 -57.4613 -57.4485 -57.3221 -57.3087 -56.2881 -56.2878 -56.2803 -57.3040 -57.2944 -57.5093 -57.5249 -60.4649 -60.5262 -60.5586 -63.6778 -62.9795
-59.6240 -60.0265 -59.2930 -59.2084 -62.1190 -57.7856 -57.7709 -56.4631 -62.4938 -62.6827 -64.0658 -64.3607 -60.4786 -60.4918 -60.4954 -60.0738 -59.6783 -59.7362 -59.9710 -59.7141 -59.7186 -62.5960 -62.5769 -57.5216 -57.5176 -57.3893 -57.3761 -57.3631 -57.3501 -57.3328 -56.3556 -56.3596 -56.3628 -57.5841 -63.5599 -63.6520 -60.5502 -60.5801 -60.2111 -60.2938
-60.0570 -59.3711 -59.2799 -59.1856 -53.9529 -56.4511 -62.1639 -56.3871 -62.5725 -62.8223 -64.4355 -64.7890 -64.8995 -64.7631 -60.4451 -59.6610 -59.7215 -59.9562 -59.6949 -59.7036 -59.7085 -59.7112 -57.5683 -57.5660 -57.5629 -57.4349 -57.4295 -57.4174 -57.4049 -57.3825 -57.4147 -57.4079 -56.6046 -60.4351 -60.5001 -63.7101 -63.7074 -62.8768 -60.2511 -60.3334
-59.4599 -59.3635 -59.2633 -56.5171 -53.9102 -59.2255 -59.2644 -55.3647 -62.5091 -64.0736 -64.7635 -65.1751 -65.1837 -64.7982 -63.6196 -59.7041 -59.7648 -59.9636 -59.6867 -59.6954 -59.7016 -59.7135 -56.5078 -56.5108 -57.4792 -57.4752 -57.4709 -57.4660 -57.4531 -57.4810 -57.4746 -57.7193 -57.7405 -63.6239 -60.5446 -60.5636 -60.5845 -62.9535 -63.0624 -63.1741
-62.6780 -62.3847 -59.2493 -56.5399 -59.2218 -59.2509 -55.2767 -59.3506 -59.4944 -64.3246 -64.9985 -65.2951 -65.2235 -64.0354 -62.7457 -62.7975 -63.1323 -59.6674 -59.6802 -59.6902 -59.7022 -56.5494 -56.5536 -56.5571 -56.4549 -56.4566 -57.5117 -57.5066 -57.4921 -57.5370 -57.5341 -57.7946 -63.6438 -63.7347 -63.7311 -60.5782 -60.1683 -60.2476 -60.3278 -63.2512
-62.6919 -62.3727 -57.9403 -59.2222 -59.2427 -59.2742 -55.2455 -59.4259 -60.1671 -60.5713 -60.7248 -65.3529 -64.4135 -62.7219 -62.8572 -63.2041 -63.1841 -62.5103 -62.4753 -59.6898 -56.5894 -56.5947 -56.5993 -56.4940 -56.4967 -56.4990 -56.5008 -56.5096 -57.5830 -57.5850 -57.8607 -63.6668 -63.7561 -63.7892 -63.7581 -62.8336 -62.9397 -60.2866 -60.3103 -60.4381
-62.6917 -58.1014 -62.1070 -55.9101 -62.0398 -59.2928 -55.2060 -59.4723 -60.5592 -60.8112 -60.8620 -60.5205 -64.3202 -62.6995 -63.1350 -63.2087 -62.5507 -62.5200 -62.4900 -57.7787 -56.6338 -56.6397 -56.6448 -56.5350 -56.5382 -56.5407 -56.5424 -56.5357 -56.5812 -57.9139 -57.9479 -63.7326 -63.8360 -63.8143 -63.7754 -62.9053 -63.0109 -63.1204 -63.2243 -60.4498
-58.2783 -62.4180 -62.1258 -62.0903 -62.0746 -55.9730 -59.3552 -59.5202 -60.9777 -60.9957 -60.9007 -60.4702 -59.6755 -59.7487 -63.0572 -63.1362 -62.4861 -62.5213 -62.5169 -57.8398 -57.8301 -57.8204 -56.5714 -56.5755 -56.5796 -56.5833 -56.5794 -56.6210 -56.6288 -56.8694 -60.5100 -63.8108 -63.8173 -63.7896 -62.8605 -62.9770 -63.0850 -63.1806 -63.2482 -63.2899
