-54.5940 -54.5654 -54.5349 -54.5048 -54.4814 -54.4576 -54.4285 -54.4011 -53.7705 -53.7461 -54.3279 -54.3015 -54.2773 -53.6440 -53.6190 -53.5903 -53.5629 -53.5373 -53.5118 -53.4875 -53.4629 -53.4399 -53.4171 -54.0253 -54.0020 -53.9776 -53.9552 -53.9348 -53.9152 -53.8961 -53.8773 -53.8602 -53.8435 -53.8224 -53.1543 -53.1357 -53.1178 -53.1014 -53.7355 -53.7199
-54.5678 -54.5391 -54.5079 -54.4760 -54.4496 -54.4254 -54.3998 -53.7733 -53.7450 -54.3181 -54.2935 -53.6660 -53.6383 -53.6148 -53.5908 -53.5611 -53.5313 -53.5051 -53.4785 -53.4536 -53.4285 -53.4125 -54.0003 -53.3584 -53.9529 -53.9300 -53.9072 -53.8862 -53.8654 -53.8456 -53.8259 -53.8063 -53.7837 -53.1314 -53.1119 -53.0928 -53.0784 -53.6920 -53.6773 -53.6614
-54.5401 -54.5108 -54.4795 -54.4471 -54.4189 -53.8069 -53.7804 -54.3374 -54.3071 -54.2822 -53.6667 -53.6382 -53.6091 -53.5840 -53.5595 -53.5305 -53.4999 -53.4714 -53.4442 -53.4182 -53.9954 -53.9760 -53.9472 -53.9255 -53.9042 -53.8815 -53.8581 -53.8361 -53.8146 -53.7935 -53.7698 -53.7468 -53.1076 -53.0878 -53.0680 -53.0679 -53.6484 -53.6332 -53.6178 -53.6032
-54.5111 -54.4813 -54.4506 -54.4192 -53.8078 -53.7813 -54.3344 -54.3042 -53.7000 -53.6642 -53.6372 -53.6089 -53.5789 -53.5513 -53.5265 -53.4986 -53.4673 -53.4370 -53.4085 -53.9733 -53.9464 -53.9209 -53.8981 -53.8759 -53.8543 -53.8315 -53.8075 -53.7844 -53.7622 -53.7359 -53.1113 -53.0850 -53.0630 -53.0426 -53.6247 -53.6065 -53.5886 -53.5747 -53.5592 -53.5422
-54.4811 -54.4506 -53.8513 -53.8184 -54.3545 -54.3247 -54.2987 -53.6980 -53.6654 -53.6343 -53.6066 -53.5779 -53.5472 -53.5172 -53.4918 -53.4653 -53.4332 -53.9802 -53.9538 -53.3430 -53.8958 -53.8707 -53.8478 -53.8251 -53.8030 -53.7800 -53.7553 -53.7298 -53.7027 -53.0877 -53.0631 -53.0394 -53.0169 -53.5835 -53.5646 -53.5459 -53.5292 -53.5132 -53.4974 -53.5305
-54.4528 -53.8582 -53.8272 -54.3572 -54.3223 -53.7404 -53.6985 -53.6704 -53.6367 -53.6030 -53.5744 -53.5456 -53.5142 -53.4825 -53.4556 -53.4295 -53.9672 -53.9346 -53.9019 -53.8721 -53.8455 -53.8197 -53.7960 -53.7724 -53.7500 -53.7269 -53.6990 -53.6702 -53.0678 -53.0421 -53.0170 -52.9963 -53.5429 -53.5223 -53.5046 -53.4855 -53.4668 -53.4501 -53.4836 -53.4699
-53.8667 -54.3884 -54.3565 -54.3243 -53.7345 -53.6985 -53.6682 -53.6394 -53.6067 -53.5720 -53.5407 -53.5114 -53.4801 -53.4474 -53.4180 -53.9512 -53.9189 -53.8846 -53.8531 -53.8229 -53.7946 -53.7677 -53.7427 -53.7184 -53.6952 -53.6684 -53.1306 -53.0478 -53.0213 -52.9949 -52.9870 -53.5044 -53.4816 -53.4614 -53.4417 -53.4222 -53.4473 -53.4338 -53.4210 -53.4067
-54.3896 -54.3556 -54.3222 -53.7421 -53.7075 -53.6709 -53.6363 -53.6067 -53.5754 -53.5399 -53.5055 -53.4756 -53.4447 -53.9591 -53.9289 -53.3515 -53.8700 -53.8361 -53.8031 -53.7724 -53.7426 -53.7146 -53.6879 -53.6618 -53.6343 -53.0566 -53.0292 -53.0006 -52.9732 -53.4929 -53.4674 -53.4422 -53.4204 -53.3980 -53.3775 -53.4010 -53.3845 -53.3697 -53.3561 -53.3411
-54.3564 -53.7820 -53.7472 -53.7133 -53.6791 -53.6416 -53.6035 -53.5726 -53.5421 -53.5065 -53.4698 -53.4383 -53.9468 -53.9125 -53.8757 -53.8476 -53.8204 -53.7864 -53.7517 -53.7204 -53.6891 -53.6604 -53.6300 -53.6007 -53.0343 -53.0082 -52.9809 -52.9519 -53.4581 -53.4307 -53.4059 -53.3802 -53.3563 -53.3329 -53.3551 -53.3370 -53.3192 -53.3033 -53.2853 -53.2266
-53.7895 -53.7541 -53.7185 -53.6833 -53.6481 -53.6109 -53.5723 -53.5374 -53.5059 -53.4716 -53.4411 -53.9301 -53.3815 -53.8623 -53.8268 -53.7955 -53.7679 -53.7352 -53.6998 -53.6669 -53.6345 -53.6019 -53.5697 -53.0128 -52.9847 -52.9582 -52.9342 -53.4241 -53.3952 -53.3686 -53.3416 -53.3154 -53.2907 -53.3086 -53.2897 -53.2709 -53.2519 -53.2314 -53.1747 -53.1545
-53.7613 -53.7249 -53.6883 -53.6516 -53.6158 -53.5789 -53.5395 -53.5008 -53.4684 -53.9569 -53.9199 -53.3634 -53.8459 -53.8130 -53.7770 -53.7426 -53.7138 -53.6827 -53.6464 -53.6110 -53.5752 -53.0348 -52.9938 -52.9636 -52.9339 -52.9228 -53.3903 -53.3617 -53.3322 -53.3036 -53.2758 -53.2490 -53.2648 -53.2422 -53.2222 -53.2027 -53.1795 -53.1212 -53.1366 -53.1183
-53.7316 -53.6940 -53.6567 -53.6189 -53.5821 -53.5450 -53.5054 -53.4648 -53.9429 -53.9085 -53.8694 -53.8296 -53.7951 -53.7620 -53.7257 -53.6887 -53.6586 -53.6287 -53.5901 -53.5508 -53.0091 -52.9757 -52.9439 -52.9127 -53.3817 -53.3528 -53.3266 -53.2966 -53.2661 -53.2371 -53.2089 -53.2215 -53.1971 -53.1737 -53.1524 -53.1293 -53.0703 -53.0818 -53.0632 -53.0445
-53.7003 -53.6622 -53.6238 -53.5853 -53.5470 -53.5094 -53.4827 -53.9342 -53.3961 -53.8574 -53.8210 -53.7807 -53.7430 -53.7092 -53.6732 -53.6352 -53.6018 -53.5693 -53.5307 -52.9948 -52.9595 -52.9247 -52.8925 -53.3487 -53.3188 -53.2887 -53.2601 -53.2301 -53.1988 -53.2064 -53.1789 -53.1529 -53.1275 -53.1031 -53.0442 -53.0202 -53.0297 -53.0075 -52.9885 -52.9676
-53.6677 -53.6289 -53.5894 -53.5503 -53.5106 -53.9707 -53.9322 -53.3974 -53.8418 -53.8065 -53.7717 -53.7305 -53.6895 -53.6550 -53.6195 -53.5799 -53.5408 -53.5076 -52.9845 -52.9454 -52.9085 -52.8758 -53.3174 -53.2852 -53.2532 -53.2219 -53.1926 -53.1620 -53.1669 -53.1377 -53.1090 -53.0823 -53.0558 -52.9952 -52.9689 -52.9779 -52.9546 -52.9315 -52.9105 -52.8884
-53.6350 -53.5942 -53.5541 -53.5139 -53.9650 -53.9232 -53.8816 -53.8387 -53.7940 -53.7544 -53.7187 -53.6791 -53.6367 -53.5992 -53.5626 -53.5211 -53.0011 -52.9684 -52.9348 -52.8946 -52.8677 -53.2886 -53.2532 -53.2192 -53.1861 -53.1535 -53.1236 -53.1293 -53.0976 -53.0670 -53.0371 -53.0094 -52.9477 -52.9193 -52.9248 -52.9016 -52.8779 -52.8507 -52.8270 -52.8033
-53.6015 -53.5582 -54.0025 -53.9609 -53.4381 -53.8735 -53.8326 -53.7907 -53.7452 -53.7009 -53.6642 -53.6262 -53.5829 -53.5403 -53.5019 -52.9925 -52.9517 -52.9155 -52.8822 -53.3024 -53.2613 -53.2233 -53.1862 -53.1517 -53.1175 -53.0841 -53.0886 -53.0594 -53.0267 -52.9944 -52.9636 -52.9011 -52.9014 -52.8740 -52.8472 -52.8207 -52.7936 -52.7659 -52.7423 -52.6899
-53.5668 -54.0009 -53.9567 -53.4464 -53.8681 -53.8247 -53.7823 -53.7403 -53.6951 -53.6482 -53.6084 -53.5710 -53.5257 -53.4793 -52.9803 -52.9424 -52.9008 -52.8614 -53.2780 -53.2399 -53.1966 -53.1565 -53.1176 -53.0825 -53.0473 -53.0480 -53.0168 -52.9870 -52.9540 -52.8902 -52.8559 -52.8532 -52.8238 -52.7945 -52.7630 -52.7360 -52.7083 -52.6810 -52.6548 -52.6294
-54.0037 -53.9554 -53.9077 -53.8635 -53.8190 -53.7747 -53.7306 -53.6880 -53.6435 -53.5959 -53.5505 -53.5102 -53.0331 -52.9686 -52.9281 -52.8900 -52.8513 -53.2486 -53.2128 -53.1748 -53.1306 -53.0885 -53.0485 -53.0445 -53.0097 -52.9759 -52.9430 -52.9125 -52.8501 -52.8134 -52.8075 -52.7740 -52.7417 -52.7087 -52.6776 -52.6496 -52.6228 -52.5931 -52.5654 -52.5391
-53.4928 -53.9090 -53.8606 -53.8142 -53.7690 -53.7236 -53.6780 -53.6342 -53.5901 -53.5409 -53.4901 -53.0031 -52.9635 -52.9183 -52.8745 -52.8466 -53.2292 -53.1842 -53.1449 -53.1082 -53.0632 -53.0189 -53.0104 -52.9726 -52.9370 -52.9018 -52.8674 -52.8075 -52.7726 -52.7641 -52.7267 -52.6899 -52.6554 -52.6227 -52.5907 -52.5629 -52.5344 -52.5035 -52.4745 -52.4473
-53.9082 -53.8622 -53.8129 -53.7639 -53.7177 -53.6712 -53.6246 -53.5786 -53.5324 -53.4836 -52.9946 -52.9507 -52.9108 -52.8664 -53.2476 -53.2059 -53.1642 -53.1184 -53.0755 -53.0381 -52.9948 -52.9799 -52.9390 -52.8990 -52.8624 -52.8262 -52.7624 -52.7553 -52.7204 -52.6814 -52.6417 -52.6039 -52.5689 -52.5363 -52.5036 -52.4731 -52.4440 -52.4124 -52.3820 -52.3529
-53.8593 -53.8131 -53.7641 -53.7135 -53.6652 -53.6176 -53.5695 -53.5198 -53.4730 -52.9944 -52.9452 -52.8969 -52.8559 -53.2334 -53.1842 -53.1390 -53.0969 -53.0512 -53.0046 -52.9663 -52.9563 -52.9095 -52.8657 -52.8238 -52.7604 -52.7213 -52.7085 -52.6720 -52.6367 -52.5960 -52.5564 -52.5176 -52.4825 -52.4288 -52.4136 -52.3816 -52.3518 -52.3185 -52.2871 -52.2561
-53.8089 -53.7619 -53.7141 -53.6625 -53.6112 -53.5619 -53.5115 -53.0377 -52.9883 -52.9429 -52.8943 -52.8463 -53.2126 -53.1692 -53.1195 -53.0706 -53.0277 -52.9825 -52.9345 -52.9237 -52.8852 -52.8373 -52.7914 -52.7229 -52.6813 -52.6652 -52.6250 -52.5866 -52.5496 -52.5103 -52.4696 -52.4310 -52.3763 -52.3572 -52.3220 -52.2886 -52.2570 -52.2244 -52.1898 -51.7769
-53.7599 -53.7096 -53.6616 -53.6103 -53.5557 -53.5039 -53.0332 -52.9845 -52.9355 -52.8895 -52.8523 -53.1961 -53.1458 -53.1015 -53.0532 -53.0019 -52.9569 -52.9128 -52.8936 -52.8490 -52.8098 -52.7636 -52.6904 -52.6449 -52.6232 -52.5816 -52.5390 -52.4986 -52.4621 -52.4229 -52.3825 -52.3264 -52.3022 -52.2654 -52.2292 -52.1930 -52.1620 -52.1272 -51.7206 -52.0716
-53.7106 -53.6557 -53.6066 -53.5551 -53.4996 -53.0318 -52.9826 -52.9328 -52.8828 -53.2355 -53.1862 -53.1328 -53.0778 -53.0324 -52.9855 -52.9333 -52.9134 -52.8695 -52.8212 -52.7726 -52.7323 -52.6638 -52.6126 -52.5863 -52.5395 -52.4955 -52.4528 -52.4106 -52.3741 -52.3351 -52.2926 -52.2506 -52.2095 -52.1720 -52.1339 -52.0974 -52.0639 -51.6682 -52.0028 -51.9767
-53.6598 -53.6029 -53.5485 -53.1204 -53.0353 -52.9814 -52.9305 -52.8799 -53.2234 -53.1702 -53.1202 -53.0678 -53.0121 -52.9619 -52.9154 -52.8916 -52.8399 -52.7948 -52.7474 -52.6742 -52.6296 -52.6063 -52.5534 -52.5031 -52.4537 -52.4094 -52.3655 -52.3229 -52.2833 -52.2445 -52.2011 -52.1580 -52.1153 -52.0760 -52.0382 -51.6441 -51.6142 -51.9390 -51.9071 -51.8800
-53.6067 -53.5483 -53.0856 -53.0364 -52.9858 -52.9309 -52.8794 -53.2141 -53.1596 -53.1048 -53.0527 -53.0012 -52.9450 -52.8899 -52.8704 -52.8205 -52.7664 -52.7184 -52.6497 -52.5968 -52.5672 -52.5233 -52.4711 -52.4172 -52.3682 -52.3218 -52.2779 -52.2331 -52.1908 -52.1518 -52.1080 -52.0628 -52.0192 -51.9796 -51.5942 -51.5594 -51.8732 -51.8426 -51.8097 -51.7815
-53.5532 -53.0940 -53.0374 -52.9839 -52.9336 -52.8890 -53.2052 -53.1499 -53.0949 -53.0387 -52.9836 -52.9314 -52.8761 -52.8460 -52.7961 -52.7474 -52.6917 -52.6189 -52.5705 -52.5359 -52.4593 -52.4364 -52.3862 -52.3312 -52.2811 -52.2335 -52.1878 -52.1419 -52.0974 -52.0570 -52.0123 -51.9672 -51.9227 -51.5444 -51.5082 -51.8075 -51.7752 -51.7445 -51.7107 -51.6811
-53.0947 -53.0458 -52.9882 -52.9299 -53.2585 -53.2035 -53.1431 -53.0842 -53.0285 -52.9715 -52.9139 -52.8604 -52.8330 -52.7749 -52.7201 -52.6693 -52.5957 -52.5387 -52.5062 -52.4320 -52.3970 -52.3492 -52.3010 -52.2459 -52.1934 -52.1310 -52.0960 -52.0492 -52.0024 -51.9603 -51.9164 -51.8672 -51.4967 -51.4570 -51.7456 -51.7089 -51.6752 -51.6447 -51.6100 -51.5801
-53.0555 -52.9974 -52.9375 -53.2526 -53.1942 -53.1394 -53.0799 -53.0179 -52.9605 -52.9031 -52.8703 -52.8138 -52.7598 -52.7012 -52.6228 -52.5715 -52.5344 -52.4756 -52.4012 -52.3693 -52.3125 -52.2604 -52.2144 -52.1581 -52.0921 -52.0510 -52.0026 -51.9548 -51.9062 -51.8630 -51.8169 -51.4527 -51.4090 -51.6838 -51.6459 -51.6085 -51.5734 -51.5434 -51.5086 -51.4771
-53.0134 -52.9419 -53.2555 -53.1921 -53.1286 -53.0729 -53.0155 -52.9523 -52.8910 -52.8588 -52.7996 -52.7395 -52.6830 -52.6079 -52.5468 -52.5065 -52.4532 -52.3732 -52.3352 -52.2829 -52.2265 -52.1710 -52.1231 -52.0589 -52.0107 -51.9581 -51.9076 -51.8580 -51.8094 -51.7617 -51.4098 -51.3649 -51.6281 -51.5831 -51.5442 -51.5061 -51.4705 -51.4391 -51.4049 -51.3996
-52.9778 -53.2626 -53.1801 -53.1302 -53.0657 -53.0047 -52.9478 -52.8855 -52.8461 -52.7870 -52.7267 -52.6641 -52.5880 -52.5307 -52.4841 -52.4228 -52.3490 -52.3095 -52.2482 -52.1947 -52.1399 -52.0805 -52.0209 -51.9779 -51.9182 -51.8627 -51.8101 -51.7606 -51.7088 -51.3607 -51.3199 -51.5750 -51.5283 -51.4816 -51.4412 -51.4028 -51.3647 -51.3335 -51.3253 -51.2912
-53.2586 -53.2089 -53.1290 -53.0679 -53.0016 -52.9358 -52.8774 -52.8427 -52.7769 -52.7122 -52.6509 -52.5722 -52.5087 -52.4648 -52.4036 -52.3209 -52.2815 -52.2246 -52.1634 -52.1059 -52.0509 -51.9904 -51.9354 -51.8856 -51.8240 -51.7665 -51.7119 -51.6595 -51.3161 -51.2693 -51.5198 -51.4741 -51.4266 -51.3791 -51.3377 -51.2974 -51.2584 -51.2508 -51.2163 -51.1809
-53.1960 -53.1341 -53.0763 -52.9912 -52.9361 -52.8692 -52.8301 -52.7706 -52.7047 -52.6208 -52.5587 -52.4955 -52.4439 -52.3818 -52.3047 -52.2558 -52.1939 -52.1380 -52.0761 -52.0145 -51.9589 -51.8988 -51.8392 -51.7878 -51.7290 -51.6686 -51.6113 -51.2733 -51.5105 -51.4608 -51.4167 -51.3713 -51.3232 -51.2757 -51.2313 -51.1908 -51.1747 -51.1404 -51.1059 -51.0656
-53.1352 -53.0674 -53.0180 -52.9364 -52.8948 -52.8257 -52.7566 -52.6945 -52.6170 -52.5472 -52.4938 -52.4300 -52.3627 -52.2966 -52.2354 -52.1714 -52.1056 -52.0478 -51.9870 -51.9224 -51.8649 -51.8057 -51.7417 -51.6889 -51.6326 -51.5677 -51.2324 -51.4595 -51.4086 -51.3581 -51.3117 -51.2665 -51.2186 -51.1700 -51.1236 -51.1049 -51.0640 -51.0282 -50.9914 -50.9494
-53.0731 -53.0028 -52.9367 -52.9028 -52.8155 -52.7546 -52.6845 -52.6030 -52.5408 -52.4853 -52.4132 -52.3475 -52.2810 -52.2124 -52.1486 -52.0864 -52.0188 -51.9561 -51.8962 -51.8309 -51.7693 -51.7102 -51.6461 -51.5884 -51.5331 -51.1964 -51.4119 -51.3567 -51.3050 -51.2534 -51.2047 -51.1607 -51.1117 -51.0618 -51.0357 -50.9931 -50.9514 -50.9120 -50.8740 -50.8330
-53.0096 -52.9385 -52.8899 -52.8403 -52.7555 -52.6837 -52.5978 -52.5265 -52.4740 -52.4083 -52.3183 -52.2642 -52.1979 -52.1291 -52.0609 -51.9977 -51.9226 -51.8629 -51.8022 -51.7368 -51.6714 -51.6124 -51.5489 -51.4849 -51.1650 -51.3705 -51.3093 -51.2524 -51.1995 -51.1469 -51.0966 -51.0515 -51.0022 -50.9731 -50.9227 -50.8794 -50.8353 -50.7927 -50.7562 -50.7146
-52.9443 -52.8958 -52.8218 -52.7504 -52.6919 -52.5891 -52.5234 -52.4632 -52.3915 -52.3114 -52.2546 -52.1795 -52.1130 -52.0436 -51.9718 -51.8992 -51.8402 -51.7699 -51.7056 -51.6418 -51.5741 -51.5126 -51.4487 -51.1222 -51.3289 -51.2694 -51.2048 -51.1472 -51.0923 -51.0394 -50.9866 -50.9398 -50.9114 -50.8602 -50.8086 -50.7611 -50.7159 -50.6729 -50.6358 -50.5941
-52.8995 -52.8270 -52.7524 -52.6637 -52.5945 -52.5382 -52.4433 -52.3845 -52.2959 -52.2424 -52.1741 -52.0981 -52.0257 -51.9567 -51.8770 -51.8136 -51.7483 -51.6767 -51.6084 -51.5448 -51.4766 -51.4099 -51.0940 -51.2826 -51.2236 -51.1666 -51.0999 -51.0408 -50.9839 -50.9296 -50.8752 -50.8459 -50.7970 -50.7455 -50.6906 -50.6419 -50.5958 -50.5510 -50.5131 -50.4708
-52.8301 -52.7563 -52.6696 -52.5929 -52.5284 -52.4702 -52.3768 -52.2919 -52.2302 -52.1563 -52.0899 -52.0150 -51.9368 -51.8669 -51.7942 -51.7192 -51.6522 -51.5825 -51.5095 -51.4449 -51.3761 -51.0582 -51.2464 -51.1805 -51.1164 -51.0610 -50.9948 -50.9316 -50.8731 -50.8174 -50.7810 -50.7293 -50.6807 -50.6265 -50.5716 -50.5207 -50.4736 -50.4272 -50.3877 -50.3458
-52.7601 -52.6725 -52.5977 -52.5315 -52.4522 -52.3772 -52.2964 -52.2116 -52.1494 -52.0721 -52.0012 -51.9307 -51.8504 -51.7754 -51.7035 -51.6264 -51.5550 -51.4868 -51.4127 -51.3423 -51.0317 -51.2059 -51.1415 -51.0766 -51.0076 -50.9515 -50.8873 -50.8207 -50.7603 -50.7216 -50.6649 -50.6107 -50.5603 -50.5061 -50.4506 -50.3974 -50.3493 -50.3014 -50.2605 -50.2040
