-65.7583
-66.1212
-66.1513
-66.2249
-66.2498
-66.2409
-66.2326
-66.2251
-66.2025
-66.2422
-66.2322
-66.2925
-66.3579
-66.4299
-66.7682
-66.8483
-66.9126
-66.8018
-66.8526
-66.9046
-66.9560
-66.8690
-66.9739
-67.0675
-67.1504
-67.2295
-67.3231
-67.6391
-67.6746
-67.7321
-67.7969
-67.7715
-67.7141
-67.9038
-67.9299
-67.9868
-68.0456
-64.1033
-64.1338
-64.1551
-65.5713
-65.9071
-65.9804
-66.1622
-66.2313
-66.2965
-66.3435
-66.3310
-66.3043
-66.3214
-66.3696
-66.3780
-66.4326
-66.4903
-66.8153
-66.8599
-66.9081
-66.8049
-66.8435
-66.8856
-66.9290
-66.8029
-66.8845
-66.9780
-67.0790
-67.1595
-67.2374
-67.5478
-67.6220
-67.6708
-67.7554
-67.6808
-67.7751
-67.6967
-67.7520
-67.9424
-68.0347
-64.1268
-64.1516
-64.1761
-65.5399
-65.8618
-65.9330
-66.0030
-66.0262
-66.2390
-66.3009
-66.3595
-66.4012
-66.4300
-66.4740
-66.5244
-66.5100
-66.5776
-66.8928
-66.9287
-66.9642
-66.8298
-66.8548
-66.8835
-66.9328
-66.7968
-66.8556
-66.9227
-67.0032
-67.0821
-67.1595
-67.4811
-67.5558
-67.6309
-67.6959
-67.6247
-67.6661
-67.7697
-67.7135
-67.7714
-67.9628
-64.1216
-64.1505
-64.1761
-65.6566
-65.9726
-65.8929
-65.9598
-66.0258
-66.0467
-66.1065
-66.3087
-66.3530
-66.4365
-66.5440
-66.6300
-66.6785
-66.6601
-66.7064
-66.9983
-67.0474
-66.9041
-66.9195
-66.9371
-66.9559
-66.8079
-66.8539
-66.9168
-66.9684
-67.0401
-67.1129
-67.4083
-67.4808
-67.5548
-67.6530
-67.5899
-67.6311
-67.6829
-67.7784
-67.7153
-67.7756
-64.1290
-64.1589
-64.1881
-65.8737
-65.9473
-66.0072
-66.0691
-65.9887
-66.0504
-66.0683
-66.1250
-66.1696
-66.2518
-66.4997
-66.6095
-66.7197
-66.8295
-66.8100
-67.1003
-67.1232
-66.9768
-67.0049
-67.0158
-67.0267
-66.8684
-66.9038
-66.9376
-66.9701
-67.0122
-67.0912
-67.3750
-67.4412
-67.5101
-67.5867
-67.5322
-67.5850
-67.6528
-67.7068
-67.7922
-67.8569
-64.1085
-64.1574
-64.1880
-65.8860
-65.9324
-65.9949
-66.0456
-66.1001
-66.1575
-66.2155
-66.0908
-66.1369
-66.2206
-66.3226
-66.4273
-66.6764
-66.7849
-66.8933
-67.1791
-67.2272
-67.0742
-67.0824
-67.0892
-67.0957
-66.9480
-66.9769
-67.0032
-67.0266
-67.0531
-65.3498
-67.3557
-67.4118
-67.4894
-67.5579
-67.4993
-67.5483
-67.6084
-67.6630
-67.7163
-67.8126
-64.1641
-64.1129
-64.1427
-65.9328
-65.9630
-65.9982
-66.0492
-66.0902
-66.1364
-66.1872
-66.2403
-66.2872
-66.1936
-66.2940
-66.3971
-66.5008
-66.6042
-66.8509
-67.2032
-67.2178
-67.1256
-67.1813
-67.1874
-67.1907
-67.0200
-67.0450
-67.0840
-67.1020
-67.1222
-67.1451
-67.3917
-67.4327
-67.4827
-67.5409
-67.4745
-67.5323
-67.5853
-67.6407
-67.6982
-67.7503
-67.8246
-64.1605
-64.1454
-65.8519
-65.9319
-66.0198
-66.0565
-66.0965
-66.1266
-66.1630
-66.2059
-66.2475
-66.3302
-66.3874
-66.3534
-66.4545
-66.5563
-66.6581
-66.9918
-67.0784
-67.0702
-67.1324
-67.1930
-67.2522
-67.0954
-67.1180
-67.1372
-67.1525
-67.1690
-67.2218
-67.4585
-67.4857
-67.5207
-67.5713
-67.4970
-67.5284
-67.5720
-67.6353
-67.6850
-67.7391
-67.7986
-64.1702
-64.2000
-65.7814
-65.8469
-65.9251
-66.0112
-66.0934
-66.1739
-66.1939
-66.2204
-63.3732
-66.3231
-66.4147
-66.4693
-66.5681
-66.5328
-66.6323
-66.9600
-67.0422
-66.9628
-66.9621
-67.1619
-67.2197
-67.1020
-67.1740
-67.2294
-67.2420
-67.2560
-67.2716
-67.5053
-67.5394
-67.5597
-67.6026
-67.5236
-67.5495
-67.5860
-67.6241
-67.6650
-67.7097
-67.7770
-64.1797
-64.2070
-65.6499
-65.7814
-65.8465
-65.9227
-66.0070
-66.0874
-66.1740
-66.2432
-63.4108
-66.3442
-66.4214
-66.5070
-66.5557
-66.6498
-66.7467
-66.9333
-67.0135
-66.9367
-67.0013
-66.9996
-67.0556
-67.0749
-67.1486
-67.2150
-67.2757
-67.3358
-67.3600
-67.5934
-67.6072
-67.6241
-67.6491
-67.5797
-67.6022
-67.6350
-67.6684
-67.7033
-67.7409
-67.7831
-64.2003
-64.2240
-57.8839
-65.6991
-65.8262
-65.8903
-65.9644
-66.0467
-66.1255
-66.2110
-63.4260
-66.3797
-66.4913
-66.5312
-66.6082
-66.6485
-66.7360
-67.0553
-67.1322
-66.9168
-66.9788
-67.0413
-67.0372
-66.9258
-66.9951
-67.1920
-67.2524
-67.3126
-67.3727
-67.6517
-67.6958
-67.7103
-67.7325
-67.6306
-67.6456
-67.6927
-67.7237
-67.7556
-67.7894
-67.8266
-64.2384
-64.2589
-57.5619
-57.8065
-58.0270
-65.8285
-65.8934
-65.9664
-66.0475
-66.1133
-63.4035
-66.3131
-66.4236
-66.5361
-66.6489
-66.7571
-66.7888
-67.0957
-67.0184
-67.0766
-67.1369
-67.1983
-67.1209
-66.9490
-67.0175
-67.0815
-67.1419
-67.1639
-67.3522
-67.6276
-67.6864
-67.7466
-67.8127
-67.7135
-67.7160
-67.7388
-67.7679
-67.7980
-67.8463
-67.8810
-64.2823
-64.3012
-57.3422
-57.5121
-57.7299
-57.9481
-58.1967
-65.9021
-65.9734
-66.0421
-66.1327
-66.2385
-66.3597
-66.4708
-66.5827
-66.6949
-66.8069
-67.0999
-67.0339
-67.0801
-67.1310
-67.1855
-67.2412
-67.1260
-67.0064
-67.0693
-67.1273
-67.1871
-67.2450
-67.5111
-67.7035
-67.7634
-67.8292
-67.7679
-67.8117
-67.8489
-67.8696
-67.8976
-67.9278
-67.9607
-64.3448
-64.3472
-64.4478
-65.2368
-57.5104
-57.6784
-57.8986
-58.1157
-58.3293
-65.9753
-66.0676
-66.1766
-66.2880
-66.4094
-66.5199
-66.6311
-66.7425
-67.0749
-66.9850
-67.0636
-67.1401
-67.1932
-67.2392
-67.1190
-67.1861
-67.1878
-67.1181
-67.1749
-67.2341
-67.4970
-67.5539
-67.6119
-67.8086
-67.7487
-67.7925
-67.8461
-67.9000
-67.9610
-67.9918
-68.0236
-64.3859
-59.8486
-65.5608
-64.5261
-65.5992
-65.2447
-57.6993
-57.8453
-58.0604
-58.2700
-58.4615
-66.1166
-66.2298
-66.3406
-66.4612
-66.5707
-66.6810
-67.0072
-66.9648
-67.0031
-67.0809
-67.1566
-67.2289
-67.1301
-67.1893
-67.2466
-67.2395
-67.2937
-67.2250
-67.4860
-67.5421
-67.5995
-67.6624
-67.6056
-67.6481
-67.8287
-67.8822
-67.9364
-67.9978
-68.0670
-59.8118
-59.8428
-65.6439
-65.6387
-64.6127
-65.6893
-65.5502
-65.3022
-57.8644
-58.0043
-58.2165
-58.4325
-58.6042
-66.2861
-66.3955
-66.5150
-66.6233
-66.9428
-66.9037
-66.9855
-67.0235
-67.1004
-67.1740
-67.0798
-67.1631
-67.2410
-67.3088
-67.2966
-67.3471
-67.6071
-67.5360
-67.5901
-67.6519
-67.5960
-67.6383
-67.6900
-67.7416
-67.9204
-67.9755
-68.0385
-64.4508
-59.9148
-65.7754
-65.7600
-65.7495
-64.6825
-65.7529
-65.7676
-65.5396
-65.3740
-58.0246
-58.1660
-58.3813
-58.5745
-58.7696
-66.4526
-66.5703
-66.8827
-66.8458
-66.9278
-67.0084
-67.0461
-67.1208
-67.0310
-67.1150
-67.1937
-67.2665
-67.3380
-67.3463
-67.6109
-67.6593
-67.7137
-67.7734
-67.5893
-67.6308
-67.6818
-67.7331
-67.7850
-67.8381
-68.0182
-63.5463
-64.4931
-65.9146
-65.8933
-65.8753
-65.8613
-64.7776
-65.8519
-65.8563
-65.7583
-65.6199
-65.5129
-58.1882
-58.3301
-58.5220
-58.7383
-58.9318
-66.8284
-66.7924
-66.8735
-66.9541
-67.0335
-67.0694
-66.9836
-67.0681
-67.1476
-67.2214
-67.2942
-67.3658
-67.5761
-67.6416
-67.7074
-67.7735
-67.7113
-67.7502
-67.6769
-67.7271
-67.7781
-67.8307
-67.8854
-64.4205
-64.5051
-66.0895
-66.0319
-66.0087
-65.9890
-65.9738
-64.8733
-65.9548
-65.9467
-65.9689
-65.8568
-65.7507
-65.6590
-58.3526
-58.4935
-58.6600
-58.9074
-59.0548
-66.8241
-66.9033
-66.9824
-67.0594
-66.9380
-67.0229
-67.1030
-67.1775
-67.2512
-67.3240
-67.5959
-67.6027
-67.6693
-67.7401
-67.6951
-67.7447
-67.7990
-67.8467
-67.7747
-67.8259
-67.8796
-64.4382
-64.4660
-66.2348
-66.2039
-66.1772
-66.1529
-66.1310
-66.1135
-64.9695
-66.0542
-66.0661
-66.0943
-66.0753
-65.9754
-65.8782
-65.8229
-58.5126
-58.6850
-58.8287
-59.0160
-59.2035
-66.9356
-67.0117
-66.9321
-66.9796
-67.0600
-67.1351
-67.2093
-67.2829
-67.5522
-67.5680
-67.6322
-67.7036
-67.6596
-67.7122
-67.7711
-67.8296
-67.8064
-67.8440
-67.8773
-64.4570
-64.4843
-66.3777
-66.3460
-66.3149
-66.2878
-66.2628
-66.2400
-66.2218
-65.0764
-66.2081
-66.2282
-66.2542
-66.2776
-66.1842
-66.0893
-66.0261
-66.1448
-58.6810
-58.8174
-58.9794
-59.1635
-59.3496
-66.8907
-66.9759
-67.0190
-67.0944
-67.1691
-67.2432
-67.5093
-67.5822
-67.5977
-67.6680
-67.6267
-67.6784
-67.7402
-67.7994
-67.8583
-67.9175
-67.8992
-64.4842
-64.5029
-64.6170
-66.4856
-66.4521
-66.4226
-66.3952
-66.3698
-66.3470
-63.6451
-65.1865
-66.3446
-66.3650
-66.3887
-66.4414
-66.4057
-66.3144
-66.4269
-66.2429
-66.1725
-58.8299
-58.9182
-59.1256
-59.2823
-59.4686
-67.0179
-67.0560
-67.1307
-67.2051
-67.4679
-67.5413
-67.6148
-67.6351
-67.5947
-67.6473
-67.7081
-67.7700
-67.8296
-67.8894
-67.8852
-64.5023
-64.5297
-64.7211
-64.7300
-64.7625
-66.5568
-66.5272
-66.4997
-66.4637
-63.7293
-66.4516
-66.4648
-66.4818
-66.5015
-66.5236
-66.5736
-66.5887
-66.6874
-66.4951
-66.4123
-66.3546
-66.3158
-58.9778
-59.0388
-59.2461
-59.4041
-59.6121
-59.7885
-67.1691
-67.4285
-67.5021
-67.5759
-67.6534
-67.5636
-67.6171
-67.6786
-67.7394
-67.8016
-67.8171
-67.8660
-64.5151
-64.5447
-64.7732
-64.7783
-64.8411
-64.8502
-66.6582
-66.6289
-66.5913
-63.8140
-66.5750
-66.5866
-66.6011
-66.6180
-66.6369
-66.6578
-66.7061
-66.9315
-66.7365
-66.6557
-66.5739
-66.5139
-66.4627
-66.3018
-59.0991
-59.1846
-59.3897
-59.5461
-59.7462
-59.9859
-67.4651
-67.5387
-67.6163
-67.5854
-67.5878
-67.6499
-67.7114
-67.7725
-67.8355
-67.8977
-64.5509
-64.5561
-64.1436
-64.8873
-64.8901
-64.8968
-64.9579
-64.9662
-66.7183
-63.8979
-66.7001
-66.7081
-66.7215
-66.7359
-66.7525
-66.7708
-66.7919
-66.9113
-66.9266
-66.8853
-66.8069
-66.7270
-66.6663
-66.4777
-66.4473
-66.4431
-59.2424
-59.3025
-59.5307
-59.6870
-59.8936
-60.1000
-67.5812
-67.5521
-67.6111
-67.6223
-67.6842
-67.7459
-67.8077
-67.8722
-64.5593
-64.5909
-64.1125
-64.2058
-64.9493
-64.9998
-65.0045
-65.0641
-65.0647
-63.0014
-66.8246
-66.8311
-66.8409
-66.8540
-66.8688
-66.8851
-66.9029
-66.9989
-67.0283
-67.0341
-67.0246
-66.9496
-66.8709
-66.6723
-66.6306
-66.5938
-66.5752
-66.5650
-59.3835
-59.4724
-59.7187
-59.8257
-60.0321
-60.2190
-67.5800
-67.6470
-67.6582
-67.7202
-67.7825
-67.8457
-64.5677
-64.5996
-64.0761
-64.1727
-64.2641
-65.0626
-65.0861
-65.1105
-65.1097
-65.1762
-65.2020
-66.9534
-66.9616
-66.9719
-66.9850
-66.9997
-67.0158
-66.9688
-67.1321
-67.1357
-67.1403
-67.1314
-67.0841
-66.8630
-66.8190
-66.7750
-66.7341
-66.7121
-66.6912
-66.8443
-59.5524
-59.6050
-59.8331
-59.9463
-60.1480
-60.3509
-67.6845
-67.6958
-67.7583
-67.8217
-64.5752
-64.6085
-64.0699
-64.1428
-64.2375
-64.3228
-65.1193
-65.1418
-65.2100
-65.2214
-65.2970
-65.3257
-65.3782
-67.0905
-67.1010
-67.1141
-67.1286
-67.0791
-67.2233
-67.2385
-67.2412
-67.2451
-67.2343
-67.0614
-67.0019
-66.9567
-66.9104
-66.8701
-66.8477
-66.9832
-66.9657
-66.9657
-59.6847
-59.7264
-59.9502
-60.0787
-60.2808
-60.4590
-67.7355
-67.7990
-64.5838
-64.6166
-64.0730
-64.1390
-64.2054
-64.2982
-64.3818
-65.1769
-65.2477
-65.2763
-65.3429
-65.3674
-65.4492
-65.4798
-65.5334
-67.2281
-67.2410
-67.1890
-67.3342
-67.3280
-67.3429
-67.3451
-67.3470
-67.1957
-67.1926
-67.1321
-67.0853
-67.0408
-67.0019
-67.1447
-67.1151
-67.0940
-67.0862
-66.9714
-59.8265
-59.8350
-60.0832
-60.2110
-60.4122
-60.5557
-64.5928
-64.6257
-64.0839
-64.1413
-64.2046
-64.2729
-64.3593
-64.4368
-65.2304
-65.3135
-65.3512
-65.4426
-65.4921
-65.5718
-65.6014
-65.6328
-67.3532
-66.0458
-67.4447
-67.4371
-67.4307
-67.4453
-67.4458
-67.2909
-67.3052
-67.3010
-67.2536
-67.2093
-67.1667
-67.2981
-67.2739
-67.2448
-67.2255
-67.1220
-67.1060
-67.0782
-59.9594
-59.9673
-60.1908
-60.3182
-59.7224
-59.8493
-64.6916
-64.1525
-64.2154
-64.2714
-64.3372
-64.4260
-64.4936
-65.2997
-65.3896
-65.4828
-65.5202
-65.6125
-65.6413
-65.7220
-65.7523
-65.7585
-66.2497
-67.5457
-67.5380
-67.5313
-67.5446
-67.3862
-67.3994
-67.4098
-67.4018
-67.3710
-67.3292
-67.4624
-67.4220
-67.3996
-67.3744
-67.2615
-67.2346
-67.2215
-67.1834
-67.1921
-60.0909
-60.0984
-59.5617
-59.6510
-66.7280
-64.7731
-64.2260
-64.2861
-64.3347
-64.4028
-64.4907
-64.5685
-65.3794
-65.4704
-65.5624
-65.6002
-65.6915
-65.7637
-65.7921
-65.8252
-65.9479
-65.0418
-67.6468
-67.6388
-67.6307
-67.4836
-67.4956
-67.5047
-67.5110
-67.5033
-67.4868
-67.6253
-67.5822
-67.5441
-67.5265
-67.4070
-67.3745
-67.3548
-67.3399
-67.2972
-67.2968
-67.3100
-59.4852
-59.4830
-66.8623
-66.8383
-64.9412
-64.3007
-64.3577
-64.4035
-64.4662
-64.5596
-64.6462
-65.4619
-65.5519
-65.6426
-65.7330
-65.7690
-65.8587
-65.8648
-66.0360
-66.0505
-65.1163
-67.7462
-67.7370
-67.5672
-67.5921
-67.6002
-67.6057
-67.6122
-67.6049
-67.7952
-67.7407
-67.7001
-67.6670
-67.5538
-67.5173
-67.4933
-67.4736
-67.4582
-67.4137
-67.4098
-64.4981
-64.4807
-66.9531
-66.9688
-66.9457
-66.8007
-64.3763
-64.4248
-64.4663
-64.5469
-64.6484
-64.7262
-65.5452
-65.6338
-65.7220
-65.8118
-65.8489
-65.8901
-66.0688
-66.0869
-66.1523
-65.2070
-66.2040
-67.6699
-67.6741
-67.6953
-67.6999
-67.7056
-67.7124
-67.8899
-67.8951
-67.8536
-67.8182
-67.6880
-67.6599
-67.6324
-67.6092
-67.5901
-67.5752
-67.5305
-67.5260
-64.5532
-67.0721
-67.0567
-67.0327
-67.0113
-66.9044
-64.5159
-64.5023
-64.5463
-64.6343
-64.7306
-65.5431
-65.6290
-65.7160
-65.8027
-65.8910
-65.9332
-66.0573
-66.1298
-66.1892
-66.2519
-65.2904
-66.1669
-67.7752
-67.7757
-67.7936
-67.7984
-67.8046
-67.9983
-67.9887
-67.9945
-67.9670
-67.8328
-67.7896
-67.7593
-67.7446
-67.7225
-67.7046
-67.6910
-67.6472
-64.6359
-67.2012
-67.1726
-67.1575
-67.1341
-67.1127
-66.9595
-63.7535
-64.5912
-64.6278
-64.7191
-64.8136
-65.6292
-65.7132
-65.7984
-65.8835
-65.9244
-66.1014
-66.1751
-66.1918
-66.2616
-66.2989
-65.2869
-66.2707
-66.2914
-67.8723
-67.8908
-67.8962
-68.0907
-68.0956
-68.0869
-68.0962
-67.9753
-67.9299
-67.8966
-67.8676
-67.8545
-67.8338
-67.8177
-67.8062
-64.7208
-67.3202
-67.2986
-67.2705
-67.2560
-67.2332
-67.0768
-64.3367
-66.1395
-64.7498
-64.7158
-64.8049
-64.8972
-65.7159
-65.7977
-65.8811
-65.9193
-66.0932
-66.1648
-66.2366
-66.2526
-66.3212
-66.2751
-65.3685
-66.3711
-66.3885
-66.4276
-67.9872
-68.1826
-68.1868
-68.1923
-68.1876
-68.0930
-68.0684
-68.0331
-68.0013
-67.9736
-67.9625
-67.9439
-67.9300
-64.8233
-67.3051
-67.4079
-67.3938
-67.3663
-67.3525
-67.3217
-64.4206
-67.1814
-66.2420
-66.2624
-64.7887
-64.8959
-64.9813
-65.8030
-65.8439
-65.9193
-66.0888
-66.1586
-66.2286
-66.2987
-66.3683
-66.2693
-66.3417
-65.4197
-66.4682
-66.4850
-66.5044
-68.2739
-68.2773
-68.2822
-68.2914
-68.1823
-68.1774
-68.1678
-68.1342
-68.1040
-68.0780
-68.0693
-68.0531
-64.9078
-67.2502
-67.3543
-67.4546
-67.4869
-67.4601
-67.4388
-64.5732
-67.2934
-67.3023
-66.3506
-66.3652
-64.9670
-64.9620
-65.0451
-65.8523
-65.9237
-66.0897
-66.1562
-66.2243
-66.2928
-66.3605
-66.3159
-66.3365
-66.4053
-65.4852
-66.5172
-66.5812
-66.7343
-66.7652
-68.3714
-68.3800
-68.2836
-68.2654
-68.2696
-68.2613
-68.2334
-68.2051
-68.1814
-68.1755
-64.9914
-67.1980
-67.3027
-67.4042
-67.5023
-67.5784
-67.5443
-64.6567
-67.5393
-67.4122
-66.4700
-66.4512
-66.4596
-66.4751
-65.0673
-65.0978
-65.9103
-66.0957
-66.1588
-66.2242
-66.2904
-66.3564
-66.3116
-66.3841
-66.4546
-66.4682
-65.5443
-66.6014
-66.8108
-66.8286
-66.8593
-66.9051
-68.3702
-68.3653
-68.3564
-68.3607
-68.3529
-68.3313
-68.3054
-68.2844
-65.0743
