-54.9778
-55.1338
-55.0436
-54.9529
-54.8625
-62.4292
-62.4532
-62.5022
-62.5653
-62.6435
-62.7369
-62.2276
-61.0481
-61.0859
-61.0401
-60.8815
-60.7169
-60.5473
-60.3756
-60.2119
-53.3972
-53.3222
-53.2486
-53.1744
-53.0942
-53.0181
-52.9471
-52.8713
-52.7966
-52.7216
-52.6450
-52.5674
-52.4899
-52.4150
-59.1863
-59.2790
-59.4198
-59.6062
-60.9177
-61.2283
-54.9958
-54.9088
-54.8218
-62.6006
-62.6089
-62.6454
-62.6987
-62.7655
-62.8423
-62.4096
-62.4214
-62.4659
-62.5103
-62.3197
-60.9131
-60.7540
-60.5647
-60.4062
-60.2696
-53.5397
-53.4671
-53.3949
-53.3221
-53.2481
-53.1733
-53.0980
-53.0244
-52.9516
-52.8779
-52.8024
-52.7263
-52.6512
-59.3467
-59.3506
-59.4373
-59.5614
-59.7124
-59.8800
-60.0667
-61.5452
-55.0145
-61.5163
-61.4977
-61.4998
-61.5156
-62.8790
-62.9418
-63.0179
-62.5679
-62.6060
-62.6511
-62.5541
-62.3662
-62.1743
-61.9806
-60.6464
-60.5034
-53.7526
-53.6803
-53.6096
-53.5384
-53.4666
-53.3934
-53.3199
-53.2465
-53.1745
-53.1023
-53.0293
-52.9551
-52.8805
-52.8074
-59.4805
-59.4977
-59.5762
-59.6846
-59.8145
-59.9581
-60.1020
-60.2772
-60.4680
-61.6431
-61.6358
-61.6408
-61.6550
-61.6795
-61.7119
-62.7251
-62.7323
-62.7712
-62.7718
-62.6005
-62.4211
-62.2374
-62.0523
-61.8743
-61.7230
-54.1095
-53.8194
-53.7499
-53.6800
-53.6089
-53.5369
-53.4645
-53.3931
-53.3223
-53.2515
-53.1793
-53.1064
-53.0331
-52.9619
-59.6219
-59.6471
-59.7187
-59.8147
-59.9278
-60.0533
-60.1780
-60.3311
-60.4979
-60.6774
-61.7711
-61.7767
-61.7886
-61.8109
-61.8403
-61.5305
-61.5407
-61.5558
-62.8056
-62.6390
-62.4701
-62.2991
-62.1308
-61.9744
-54.3247
-54.2523
-54.1819
-54.1112
-53.8194
-53.7489
-53.6782
-53.6071
-53.5375
-53.4678
-53.3978
-53.3266
-53.2549
-53.1837
-53.1137
-59.7627
-59.7916
-59.8565
-59.9418
-60.0405
-60.1374
-60.2593
-60.3936
-60.5400
-60.6978
-60.7023
-61.9072
-61.9186
-61.9368
-61.6679
-61.6558
-61.6648
-61.6237
-61.4950
-61.3647
-62.5209
-62.3591
-62.2062
-62.0776
-54.4631
-54.3939
-54.3251
-54.2555
-54.1847
-54.1128
-54.0408
-53.7478
-53.6793
-53.6107
-53.5416
-53.4716
-53.4011
-53.3317
-59.9260
-59.9012
-59.9311
-59.9898
-60.0658
-60.1521
-60.2365
-60.3440
-60.4623
-60.5914
-60.7199
-60.8214
-59.2169
-62.0436
-62.0582
-61.7728
-61.7762
-61.7834
-61.6647
-61.5404
-61.4143
-61.2878
-61.1641
-61.0506
-54.6665
-54.5978
-54.5313
-54.4646
-54.3971
-54.3274
-54.2567
-54.1855
-54.1153
-54.0455
-53.7514
-53.6831
-53.6143
-53.5450
-53.4774
-60.0505
-60.0366
-60.0661
-60.1190
-60.1863
-60.2622
-60.3359
-60.4311
-60.5361
-60.6504
-60.7600
-60.8918
-59.3686
-59.3881
-61.9101
-61.8910
-61.8937
-61.8297
-61.7106
-61.5897
-61.4680
-61.3484
-61.2341
-61.1355
-54.5493
-54.4843
-54.6661
-54.6002
-54.5335
-54.4656
-54.3973
-54.3283
-54.2600
-54.1912
-54.1266
-54.0568
-53.9867
-53.6913
-53.6249
-60.1955
-60.1897
-60.2179
-60.2659
-60.3254
-60.3825
-60.4592
-60.5428
-60.6393
-60.7423
-60.8421
-60.9592
-59.5010
-59.5163
-59.5036
-62.0054
-61.9893
-61.8754
-61.7821
-61.6649
-61.5480
-61.4345
-61.3310
-54.7445
-54.6791
-54.6161
-54.5527
-54.4890
-54.4238
-54.6057
-54.5383
-54.4716
-54.4055
-54.3391
-54.2716
-54.2031
-54.1339
-54.0654
-54.0224
-60.3226
-60.3218
-60.3484
-60.3918
-60.4421
-60.4936
-60.5615
-60.6378
-60.7221
-60.8040
-60.9026
-61.0074
-59.6573
-59.6413
-59.6277
-59.6160
-62.0464
-61.9351
-61.8226
-61.7099
-61.5991
-61.4944
-61.4038
-54.8642
-54.8012
-54.7391
-54.6767
-54.6137
-54.5492
-54.4843
-54.4191
-54.3550
-54.5398
-54.4773
-54.4117
-54.3458
-54.2788
-54.2125
-61.7031
-61.6619
-61.6688
-61.7115
-60.5141
-60.5495
-60.6031
-60.6638
-60.7317
-60.8066
-60.8776
-60.9669
-61.0609
-59.7802
-59.7635
-59.7490
-59.7361
-59.7267
-61.9852
-61.8764
-61.7686
-61.6645
-61.5695
-55.0482
-54.9848
-54.9239
-54.8628
-54.8012
-54.7384
-54.6748
-54.6108
-54.5470
-54.4838
-54.4205
-54.3571
-54.5453
-54.4802
-54.4150
-54.3509
-61.8370
-61.8115
-61.8241
-61.8607
-61.9136
-61.9602
-60.6926
-60.7460
-60.8061
-60.8637
-60.9344
-61.0321
-61.1155
-59.8973
-59.8807
-59.8650
-59.8512
-59.8393
-61.4205
-61.9327
-61.8302
-61.7338
-61.6499
-55.1658
-55.1048
-55.0449
-54.9846
-54.9240
-54.8615
-54.7987
-54.7356
-54.6731
-54.6108
-54.5485
-54.4860
-54.4234
-54.3598
-54.2974
-54.4891
-61.9677
-61.9565
-61.9805
-62.0234
-62.0761
-62.1165
-62.1806
-62.2531
-62.3352
-60.9454
-61.0096
-61.0800
-61.1827
-59.9980
-59.9790
-59.9620
-59.9470
-59.9335
-61.4528
-61.5670
-61.8952
-61.8075
-55.3436
-55.2820
-55.2232
-55.1642
-55.1048
-55.0443
-54.9827
-54.9208
-54.8587
-54.7975
-54.7361
-54.6742
-54.6131
-54.5513
-54.4892
-54.4277
-54.3898
-60.8057
-62.0930
-62.1164
-62.1595
-62.2008
-62.2639
-62.3292
-62.3971
-62.4714
-62.5385
-62.6303
-61.1513
-61.2422
-60.1114
-60.0919
-60.0741
-60.0576
-60.0421
-61.5135
-61.6144
-61.7211
-61.8856
-55.4571
-55.3979
-55.3400
-55.2817
-55.2232
-55.1629
-55.1022
-55.0412
-54.9800
-54.9200
-54.8596
-54.7990
-54.7384
-54.6775
-54.6162
-54.5561
-60.9571
-60.9160
-60.9024
-60.9065
-60.9223
-62.3255
-62.3832
-62.4494
-62.5259
-62.5942
-62.6720
-62.7549
-62.8432
-62.9714
-61.4694
-60.2024
-60.1830
-60.1656
-60.1505
-61.5807
-61.6676
-61.7605
-61.7798
-55.5714
-55.5146
-55.4574
-55.4000
-55.3417
-55.2816
-55.2222
-55.1621
-55.1025
-55.0430
-54.9834
-54.9238
-54.8642
-54.8042
-54.7441
-54.6849
-61.0698
-61.0349
-61.0236
-61.0275
-61.0319
-61.0506
-61.0758
-61.1047
-62.6474
-62.7104
-62.7948
-62.8880
-62.9804
-63.1016
-61.6398
-61.6173
-61.5976
-60.2846
-60.2687
-61.6668
-61.7433
-61.8252
-61.8712
-61.6768
-55.6275
-55.5712
-55.5140
-55.4563
-55.3975
-55.3384
-55.2792
-55.2207
-55.1620
-55.1032
-55.0446
-54.9859
-54.9267
-54.8679
-54.8096
-61.1722
-61.1425
-61.1325
-61.1355
-61.1386
-61.1545
-61.1754
-61.2007
-61.2301
-61.2535
-62.8852
-62.9704
-63.0880
-63.1879
-61.7911
-61.7739
-61.7537
-61.7349
-61.7177
-63.7156
-61.8046
-61.8763
-61.9454
-61.7621
-61.5806
-55.6833
-55.6271
-55.5694
-55.5114
-55.4530
-55.3950
-55.3372
-55.2793
-55.2213
-55.1637
-55.1058
-55.0475
-54.9899
-54.9555
-61.2734
-61.2479
-61.2401
-61.2424
-61.2421
-61.2556
-61.2732
-61.2950
-61.3125
-61.3404
-61.3730
-61.4099
-61.4667
-63.2524
-61.9086
-61.9009
-61.8958
-61.8878
-61.8728
-61.8571
-63.9561
-64.0662
-61.9977
-61.8465
-61.6762
-61.6826
-55.7378
-55.6808
-55.6236
-55.5661
-55.5092
-55.4521
-55.3949
-55.3380
-55.2811
-55.2240
-55.1666
-55.1101
-61.4174
-61.3746
-61.3520
-61.3438
-61.3369
-61.3431
-61.3544
-61.3695
-61.3882
-61.4001
-61.4253
-61.4551
-61.4882
-61.5387
-61.5775
-60.6531
-62.0135
-62.0071
-62.0039
-62.0031
-62.0046
-64.0881
-64.1897
-64.2971
-64.1097
-63.8549
-61.7383
-61.5557
-55.7907
-55.7342
-55.6777
-55.6216
-55.5653
-55.5090
-55.4530
-55.3970
-55.3406
-55.2846
-55.2289
-61.5109
-61.4730
-61.4528
-61.4450
-61.4369
-61.4415
-61.4507
-61.4623
-61.4784
-61.4884
-61.5112
-61.5371
-61.5663
-61.6110
-61.6455
-60.7536
-60.7313
-60.7104
-60.6909
-62.1093
-62.1099
-64.1645
-64.2871
-64.4107
-64.2787
-64.0354
-63.9189
-63.6405
-61.4069
-55.8433
-55.7878
-55.7324
-55.6769
-55.6214
-55.5664
-55.5115
-55.4559
-55.4007
-55.3458
-61.6039
-61.5699
-61.5515
-61.5437
-61.5343
-61.5363
-61.5437
-61.5545
-61.5597
-61.5754
-61.5954
-61.6183
-61.6568
-61.6840
-61.7142
-60.8523
-60.8295
-60.8083
-60.7883
-60.7695
-60.7519
-64.2212
-64.3314
-64.4518
-64.3951
-64.1986
-64.0369
-63.7688
-63.4677
-63.1650
-55.8964
-55.8417
-55.7872
-55.7327
-55.6785
-55.6240
-55.5692
-55.5152
-55.5067
-61.6960
-61.6654
-61.6473
-61.6316
-61.6284
-61.6304
-61.6359
-61.6444
-61.6468
-61.6608
-61.6782
-61.6982
-61.7325
-61.7565
-61.7831
-60.9497
-60.9266
-60.9046
-60.8840
-60.8647
-60.8466
-62.1292
-62.1659
-62.2053
-64.4671
-64.2821
-64.0899
-63.8667
-63.6079
-63.3232
-63.0509
-55.9499
-55.8957
-55.8423
-55.7888
-55.7350
-55.6812
-55.6279
-61.8295
-61.7855
-61.7576
-61.7415
-61.7260
-61.7220
-61.7224
-61.7262
-61.7327
-61.7324
-61.7447
-61.7596
-61.7770
-61.8075
-61.8285
-61.8518
-61.0449
-61.0216
-60.9995
-60.9785
-60.9587
-60.9398
-62.1964
-62.2282
-62.2626
-62.2460
-62.1011
-61.8367
-63.9107
-63.6722
-63.4300
-63.1976
-63.0079
-56.0030
-55.9504
-55.8976
-55.8445
-55.7916
-55.7389
-61.9133
-61.8742
-61.8491
-61.8273
-61.8175
-61.8129
-61.8123
-61.8146
-61.8110
-61.8172
-61.8273
-61.8398
-61.8547
-61.8814
-61.8998
-61.9201
-61.1382
-61.1147
-61.0924
-61.0712
-61.0510
-61.0319
-62.2644
-62.2915
-62.3209
-62.2987
-62.1558
-61.8997
-61.8565
-61.6897
-63.4988
-63.2748
-63.0926
-63.0372
-56.0573
-56.0051
-55.9525
-55.9004
-55.8485
-61.9976
-61.9619
-61.9383
-61.9167
-61.9067
-61.9014
-61.8996
-61.9006
-61.8945
-61.9005
-61.9087
-61.9191
-61.9408
-61.9548
-61.9704
-61.9879
-61.2294
-61.2058
-61.1833
-61.1619
-61.1414
-61.1219
-61.1034
-62.3552
-62.3805
-62.3509
-62.2127
-61.9640
-61.9237
-61.7640
-61.5985
-61.4347
-61.2896
-55.3697
-63.1522
-56.1111
-56.0593
-56.0081
-56.0247
-62.0813
-62.0481
-62.0257
-62.0040
-61.9937
-61.9877
-61.9849
-61.9846
-61.9773
-61.9816
-61.9881
-61.9968
-62.0158
-62.0275
-62.0407
-62.0557
-61.3190
-61.2951
-61.2724
-61.2507
-61.2299
-61.2102
-61.1913
-62.4183
-62.4400
-62.4048
-62.2716
-62.0300
-61.9908
-61.8374
-61.6796
-61.5214
-61.3759
-55.0731
-61.2817
-63.3115
-56.1652
-56.1146
-62.2076
-62.1644
-62.1333
-62.1058
-62.0900
-62.0791
-62.0720
-62.0682
-62.0581
-62.0580
-62.0609
-62.0659
-62.0729
-56.1977
-62.0989
-62.1102
-62.1231
-62.1373
-61.3830
-61.3600
-61.3379
-61.3167
-61.2967
-61.2774
-62.4810
-62.4995
-62.4579
-62.3293
-62.0963
-62.0599
-61.9127
-61.7610
-61.6080
-61.4632
-61.3593
-61.3406
-61.3893
-61.4681
-56.2196
-62.2871
-62.2471
-62.2179
-62.1907
-62.1746
-62.1630
-62.1552
-62.1502
-62.1379
-62.1371
-62.1386
-62.1420
-62.1474
-56.3095
-56.2808
-62.1784
-62.1892
-62.2015
-61.4692
-61.4461
-61.4238
-61.4023
-61.3817
-61.3619
-62.5416
-62.5571
-62.5131
-62.3889
-62.2592
-62.1284
-61.9870
-61.8413
-61.6937
-61.5513
-61.4395
-61.4039
-61.4387
-61.5066
-61.5876
-62.3660
-62.3286
-62.2955
-62.2741
-62.2581
-62.2461
-62.2373
-62.2233
-62.2175
-62.2154
-62.2153
-62.2170
-62.2576
-56.4195
-56.3915
-56.3192
-56.2913
-62.2648
-55.9262
-61.5301
-61.5077
-61.4850
-61.4642
-61.4441
-62.6039
-62.6164
-62.5689
-62.4486
-62.3232
-62.1966
-62.0606
-61.9203
-61.7778
-61.6385
-61.5221
-61.4716
-61.4936
-61.5504
-61.6195
-61.6791
-62.4090
-62.3770
-62.3561
-62.3400
-62.3276
-62.3181
-62.3024
-62.2964
-62.2928
-62.2911
-62.2912
-62.3300
-56.5282
-56.5006
-56.4290
-56.3794
-56.2415
-56.0386
-61.6111
-61.5886
-61.5668
-61.5459
-61.5257
-62.6656
-62.6756
-62.6254
-62.5088
-62.3872
-62.2642
-62.1330
-61.9980
-61.8610
-61.7252
-61.6054
-55.5675
-61.5513
-61.5993
-61.6579
-61.7105
-61.7058
-62.4571
-62.4366
-62.4204
-62.4076
-62.3974
-62.3801
-62.3738
-62.3692
-62.3663
-62.3650
-62.4018
-56.6354
-56.6083
-56.5153
-56.4659
-56.3288
-56.1490
-61.6913
-61.6687
-61.6469
-61.6258
-61.6054
-62.7259
-62.7339
-62.6818
-62.5691
-61.5345
-62.3318
-62.2055
-62.0752
-61.9424
-61.8106
-61.6900
-55.6641
-61.6128
-61.6524
-61.7019
-61.7486
-61.7650
-61.4910
-62.5158
-62.4994
-62.4861
-62.4676
-62.4572
-62.4500
-62.4443
-62.4403
-62.4378
-62.4730
-56.7413
-56.6925
-56.6220
-56.5953
-56.4371
-56.2583
-61.7705
-61.7474
-61.7253
-61.7040
-61.6834
-61.6636
-62.7913
-62.7377
-62.6284
-61.6202
-62.3995
-62.2776
-62.1521
-62.0242
-61.8962
-61.7759
-61.5718
-61.6769
-61.7084
-61.7497
-61.7909
-61.8286
-61.5807
-61.3039
-62.5769
-62.5632
-62.5436
-62.5331
-62.5249
-62.5182
-62.5131
-62.5388
-62.5422
-56.8674
-56.7976
-56.6838
-56.6357
-56.5661
-56.3662
-61.8487
-61.8254
-61.8029
-61.7812
-61.7601
-61.7400
-62.8482
-62.7938
-62.6882
-61.7041
-62.4667
-62.3494
-62.2288
-62.1056
-61.9815
-61.8623
-61.6796
-61.7433
-61.7664
-61.8004
-61.8364
-61.8753
-61.6680
-61.4179
-61.1501
-62.6386
-62.6180
-62.6075
-62.5986
-62.5901
-62.5840
-62.6093
-57.0176
-56.9705
-56.9013
-56.7881
-56.7187
-56.6717
-56.4728
-61.9266
-61.9029
-61.8799
-61.8575
-61.8364
-61.8165
-62.9063
-62.8506
-62.7484
-61.7871
-62.5338
-62.4206
-62.3042
-62.1852
-62.0648
-61.9477
-61.7896
-61.7949
-61.8262
-61.8534
-61.8844
-61.9186
-61.7529
-61.5103
-61.2661
-55.1813
-62.6910
-62.6792
-62.6697
-62.6616
-62.6547
-62.6794
-57.1188
-57.0723
-57.0036
-56.8911
-56.8222
-56.7541
-56.5780
-62.0033
-61.9796
-61.9568
-61.9350
-61.9137
-61.8931
-62.9654
-62.9090
-62.8095
-61.8692
-62.6003
-62.4907
-62.3780
-62.2627
-62.1460
-62.0312
-61.8934
-61.8251
-61.8867
-61.9081
-61.9348
-61.9498
-61.8211
-61.6102
-61.3858
-55.2993
-55.2021
-62.7502
-62.7401
-62.7312
-62.7237
-62.7480
-57.1970
-57.1510
-57.1046
-56.9493
-56.9681
-56.8354
-56.6821
-62.0800
-62.0567
-62.0339
-62.0118
-61.9904
-61.9698
-63.0258
-62.9683
-62.8710
-61.9502
-62.6667
-62.5600
-62.4505
-62.3385
-62.2251
-62.1127
-61.9913
-56.2183
-61.9337
-61.9489
-61.9708
-61.9967
-61.9017
-61.7400
-61.5327
-61.3265
-55.3412
-55.2592
-62.8092
-62.7996
-62.8183
-62.8150
-57.2955
-57.2501
-57.2259
-57.0282
-57.0909
-56.9375
-56.7633
-62.1567
-62.1332
-62.1103
-62.0880
-62.0663
-62.0454
-63.0856
-63.0276
-62.9327
-62.0306
-62.7329
-62.6288
-62.5222
-62.4135
-62.3030
-62.1927
-62.0705
-56.3025
-61.9936
-62.0037
-62.0224
-62.0800
-62.0164
-61.8344
-61.6415
-61.4431
-55.4775
-55.3954
-55.3581
-62.8669
-62.8856
-62.8814
-57.3929
-57.3481
-57.3244
-57.1710
-57.1909
-57.0384
-56.8650
-62.2322
-62.2085
-62.1855
-62.1631
-62.1413
-62.1200
-63.1450
-63.0864
-62.9938
-62.1096
-62.7988
-62.6976
-62.5938
-62.4740
-62.3660
-62.2579
-62.1588
-62.0430
-62.0505
-62.0937
-62.1102
-62.1309
-62.0928
-61.9204
-61.7089
-61.5236
-55.6041
-55.5007
-55.4413
-55.3168
-62.9527
-62.9476
-57.4893
-57.4451
-57.4004
-57.3125
-57.3109
-57.1161
-56.9653
-62.3057
-62.2823
-62.2594
-62.2369
-62.2150
-62.1936
-62.1729
-63.1451
-63.0543
-62.1872
-62.8639
-62.7512
-62.6502
-62.5470
-62.4415
-62.3357
-62.2904
-62.1301
-62.1332
-62.1201
-62.1310
-62.1462
-62.1324
-61.9718
-61.8019
-61.6265
-61.4677
-55.6333
-55.5523
-55.4723
-55.3481
-63.0147
-57.5848
-57.5410
-57.4966
-57.4308
-57.4080
-57.2143
-57.0425
-62.3779
-62.3543
-62.3314
-62.3090
-62.2871
-62.2658
-62.2449
-63.2032
-63.0999
-62.2516
-62.9142
-62.8175
-62.7190
-62.6183
-62.5206
-62.4169
-62.3313
-62.1746
-62.1388
-62.1751
-62.1823
-62.1945
-62.2035
-62.0504
-61.8899
-61.7241
-61.5652
-55.7641
-55.6836
-55.6257
-55.4804
-55.3786
-57.6792
-57.6572
-57.5918
-57.5050
-57.5039
-57.3111
-57.1618
-62.4488
-62.4252
-62.4021
-62.3796
-62.3576
-62.3362
-62.3039
-63.2456
-63.1583
-62.3255
-62.9767
-62.8835
-62.7908
-62.6925
-62.5919
-62.4900
-62.3891
-62.2578
-62.1919
-62.2313
-62.2354
-62.2453
-62.2566
-62.1272
-61.9752
-61.8178
-61.6627
-55.8714
-55.7913
-55.7333
-55.5889
-55.4876
-55.4099
