-42.2144 -42.6001 -42.9164 -43.2205 -43.5891 -43.9115 -44.2342 -44.5475 -44.8573 -45.1568 -45.4496 -45.7753 -46.0614 -46.3391 -46.6104 -46.8742 -47.1333 -47.3889 -47.6377 -47.8283 -48.1180 -48.3529 -48.5847 -48.8120 -49.0345 -49.2538 -49.4673 -49.6703 -49.8736 -50.0715 -50.2719 -50.4623 -50.6489 -50.8356 -51.0190 -51.1990 -51.3738 -51.5466 -51.7149 -51.8848
-42.0386 -42.3730 -42.6937 -43.0834 -43.4026 -43.7386 -44.0736 -44.3995 -44.7136 -45.0179 -45.3519 -45.6517 -45.9415 -46.2218 -46.4945 -46.7623 -47.0274 -47.2863 -47.5409 -47.7401 -48.0353 -48.2743 -48.5064 -48.7335 -48.9559 -49.1736 -49.3806 -49.5881 -49.7940 -49.9967 -50.2018 -50.3967 -50.5878 -50.7743 -50.9574 -51.1371 -51.3117 -51.4843 -51.6540 -51.8227
-41.8069 -42.1410 -42.4649 -42.8744 -43.2293 -43.5826 -43.9217 -44.2502 -44.5697 -44.8870 -45.2223 -45.5247 -45.8179 -46.1030 -46.3844 -46.6634 -46.9370 -47.2022 -47.4128 -47.7091 -47.9518 -48.1882 -48.4206 -48.6519 -48.8790 -49.1015 -49.3134 -49.5247 -49.7306 -49.9326 -50.1365 -50.3306 -50.5214 -50.7093 -50.8939 -51.0751 -51.2530 -51.4257 -51.5967 -51.7661
-41.5690 -41.9177 -42.3525 -42.7053 -43.0715 -43.4276 -43.7701 -44.1009 -44.4323 -44.7554 -45.0964 -45.4049 -45.7072 -46.0029 -46.2929 -46.5725 -46.8441 -47.1075 -47.3212 -47.6204 -47.8691 -48.1133 -48.3514 -48.5834 -48.8105 -49.0325 -49.2440 -49.4564 -49.6644 -49.8683 -50.0740 -50.2702 -50.4634 -50.6531 -50.8394 -51.0221 -51.2013 -51.3756 -51.5479 -51.7178
-41.3455 -41.6972 -42.1653 -42.5342 -42.9091 -43.2713 -43.6223 -43.9686 -44.3144 -44.6717 -44.9930 -45.3019 -45.6043 -45.9032 -46.1948 -46.4787 -46.7552 -47.0235 -47.2408 -47.5401 -47.7914 -48.0369 -48.2763 -48.5105 -48.7395 -48.9634 -49.1788 -49.3942 -49.6051 -49.8170 -50.0195 -50.2175 -50.4114 -50.6008 -50.7866 -50.9689 -51.1477 -51.3221 -51.4943 -51.6641
-41.1236 -41.5935 -41.9820 -42.3784 -42.7661 -43.1400 -43.4987 -43.8530 -44.1973 -44.5558 -44.8816 -45.1993 -45.5115 -45.8140 -46.1079 -46.3935 -46.6704 -46.8994 -47.2018 -47.4623 -47.7176 -47.9668 -48.2100 -48.4476 -48.6795 -48.9005 -49.1202 -49.3349 -49.5450 -49.7561 -49.9577 -50.1557 -50.3510 -50.5429 -50.7314 -50.9163 -51.0976 -51.2756 -51.4488 -51.6204
-41.0082 -41.4302 -41.8369 -42.2395 -42.6291 -43.0076 -43.3824 -43.7429 -44.0904 -44.4489 -44.7797 -45.1052 -45.4196 -45.7268 -46.0250 -46.3149 -46.5966 -46.8317 -47.1389 -47.4002 -47.6546 -47.9026 -48.1445 -48.3809 -48.6133 -48.8362 -49.0583 -49.2765 -49.4898 -49.7037 -49.9082 -50.1087 -50.3043 -50.4961 -50.6844 -50.8690 -51.0501 -51.2279 -51.4012 -51.5724
-40.8419 -41.2804 -41.6969 -42.1061 -42.4995 -42.8918 -43.2723 -43.6392 -44.0125 -44.3573 -44.6966 -45.0246 -45.3411 -45.6478 -45.9466 -46.2377 -46.5221 -46.7620 -47.0716 -47.3362 -47.5942 -47.8455 -48.0904 -48.3290 -48.5622 -48.7862 -49.0086 -49.2255 -49.4377 -49.6505 -49.8542 -50.0544 -50.2510 -50.4438 -50.6330 -50.8185 -51.0006 -51.1795 -51.3551 -51.5262
-40.6888 -41.1342 -41.5702 -41.9860 -42.3958 -42.7919 -43.1750 -43.5452 -43.9238 -44.2778 -44.6198 -44.9498 -45.2691 -45.5779 -45.8780 -46.1715 -46.4582 -46.7004 -47.0104 -47.2759 -47.5344 -47.7863 -48.0320 -48.2718 -48.5056 -48.7301 -48.9530 -49.1710 -49.3843 -49.5983 -49.8038 -50.0051 -50.2023 -50.3957 -50.5853 -50.7713 -50.9538 -51.1336 -51.3101 -51.4820
-40.5696 -41.0180 -41.4544 -41.8817 -42.2988 -42.6994 -43.0865 -43.4603 -43.8460 -44.2011 -44.5452 -44.8776 -45.1991 -45.5105 -45.8149 -46.1111 -46.3647 -46.6790 -46.9519 -47.2175 -47.4767 -47.7302 -47.9775 -48.2189 -48.4504 -48.6796 -48.9037 -49.1228 -49.3420 -49.5522 -49.7585 -49.9604 -50.1585 -50.3527 -50.5431 -50.7299 -50.9133 -51.0934 -51.2703 -51.4410
-40.4528 -40.9095 -41.3595 -41.7972 -42.2161 -42.6185 -43.0079 -43.4074 -43.7777 -44.1349 -44.4800 -44.8133 -45.1365 -45.4534 -45.7606 -46.0585 -46.3142 -46.6290 -46.9026 -47.1690 -47.4283 -47.6810 -47.9277 -48.1688 -48.4017 -48.6318 -48.8570 -49.0772 -49.2972 -49.5083 -49.7154 -49.9181 -50.1168 -50.3116 -50.5025 -50.6898 -50.8736 -51.0541 -51.2313 -51.4020
-40.3504 -40.8181 -41.2774 -41.7183 -42.1405 -42.5456 -42.9431 -43.3426 -43.7143 -44.0728 -44.4189 -44.7532 -45.0803 -45.3972 -45.7043 -46.0032 -46.2611 -46.5764 -46.8516 -47.1195 -47.3803 -47.6344 -47.8822 -48.1240 -48.3568 -48.5868 -48.8118 -49.0322 -49.2528 -49.4647 -49.6722 -49.8755 -50.0748 -50.2701 -50.4616 -50.6495 -50.8339 -51.0148 -51.1924 -51.3638
-40.2677 -40.7511 -41.2137 -41.6555 -42.0792 -42.4928 -42.8909 -43.2898 -43.6599 -44.0175 -44.3642 -44.7040 -45.0327 -45.3510 -45.6595 -45.9288 -46.2496 -46.5327 -46.8090 -47.0779 -47.3399 -47.5952 -47.8441 -48.0870 -48.3209 -48.5520 -48.7777 -48.9985 -49.2190 -49.4309 -49.6385 -49.8425 -50.0425 -50.2384 -50.4305 -50.6188 -50.8034 -50.9846 -51.1625 -51.3343
-40.2288 -40.7106 -41.1719 -41.6135 -42.0423 -42.4559 -42.8690 -43.2538 -43.6241 -43.9820 -44.3318 -44.6699 -44.9978 -45.3153 -45.6229 -45.8920 -46.2115 -46.4934 -46.7680 -47.0359 -47.2985 -47.5546 -47.8044 -48.0453 -48.2830 -48.5151 -48.7418 -48.9677 -49.1850 -49.3980 -49.6064 -49.8106 -50.0107 -50.2066 -50.3985 -50.5869 -50.7718 -50.9533 -51.1314 -51.3035
-40.2062 -40.6851 -41.1425 -41.5865 -42.0164 -42.4291 -42.8401 -43.2228 -43.5925 -43.9532 -44.3014 -44.6382 -44.9642 -45.2804 -45.5899 -45.8615 -46.1827 -46.4673 -46.7441 -47.0136 -47.2760 -47.5315 -47.7810 -48.0221 -48.2596 -48.4909 -48.7170 -48.9420 -49.1588 -49.3710 -49.5788 -49.7824 -49.9813 -50.1762 -50.3674 -50.5550 -50.7391 -50.9203 -51.0959 -51.2704
-40.2063 -40.6794 -41.1342 -41.5770 -42.0042 -42.4144 -42.8224 -43.2032 -43.5750 -43.9340 -44.2806 -44.6162 -44.9432 -45.2601 -45.5675 -45.8378 -46.1586 -46.4426 -46.7179 -46.9859 -47.2474 -47.5021 -47.7507 -47.9906 -48.2272 -48.4591 -48.6858 -48.9120 -49.1301 -49.3435 -49.5519 -49.7558 -49.9556 -50.1516 -50.3438 -50.5324 -50.7176 -50.8994 -51.0754 -51.2503
-40.2279 -40.6961 -41.1509 -41.5861 -42.0084 -42.4279 -42.8216 -43.2028 -43.5707 -43.9261 -44.2712 -44.6073 -44.9329 -45.2486 -45.5286 -45.8518 -46.1404 -46.4215 -46.6957 -46.9627 -47.2238 -47.4795 -47.7289 -47.9695 -48.2067 -48.4384 -48.6648 -48.8903 -49.1074 -49.3196 -49.5275 -49.7310 -49.9304 -50.1258 -50.3174 -50.5055 -50.6901 -50.8713 -51.0467 -51.2210
-40.2696 -40.7380 -41.1844 -41.6125 -42.0274 -42.4415 -42.8336 -43.2099 -43.5738 -43.9273 -44.2714 -44.6040 -44.9263 -45.2394 -45.5181 -45.8398 -46.1272 -46.4084 -46.6831 -46.9512 -47.2128 -47.4682 -47.7167 -47.9557 -48.1914 -48.4218 -48.6471 -48.8707 -49.0856 -49.2966 -49.5048 -49.7087 -49.9086 -50.1045 -50.2968 -50.4856 -50.6709 -50.8528 -51.0289 -51.2038
-40.3335 -40.7884 -41.2277 -41.6512 -42.0597 -42.4704 -42.8571 -43.2288 -43.5874 -43.9400 -44.2815 -44.6119 -44.9304 -45.2401 -45.5159 -45.8373 -46.1253 -46.4057 -46.6788 -46.9438 -47.2017 -47.4537 -47.6971 -47.9367 -48.1733 -48.4050 -48.6351 -48.8568 -49.0736 -49.2856 -49.4927 -49.6947 -49.8932 -50.0879 -50.2788 -50.4663 -50.6503 -50.8287 -51.0060 -51.1814
-40.4270 -40.8667 -41.2876 -41.6979 -42.1126 -42.5074 -42.8879 -43.2547 -43.6118 -43.9611 -44.3001 -44.6235 -44.9382 -45.2222 -45.5484 -45.8423 -46.1279 -46.4049 -46.6748 -46.9379 -47.1955 -47.4485 -47.6931 -47.9343 -48.1697 -48.3986 -48.6256 -48.8445 -49.0588 -49.2685 -49.4741 -49.6779 -49.8776 -50.0733 -50.2654 -50.4542 -50.6395 -50.8191 -50.9965 -51.1705
-40.5252 -40.9526 -41.3696 -41.7761 -42.1812 -42.5602 -42.9319 -43.2937 -43.6452 -43.9852 -44.3155 -44.6376 -44.9543 -45.2407 -45.5656 -45.8538 -46.1340 -46.4076 -46.6771 -46.9404 -47.1970 -47.4471 -47.6894 -47.9279 -48.1607 -48.3887 -48.6169 -48.8372 -49.0527 -49.2637 -49.4701 -49.6719 -49.8695 -50.0633 -50.2535 -50.4401 -50.6234 -50.8018 -50.9802 -51.1555
-40.6454 -41.0578 -41.4598 -41.8545 -42.2527 -42.6324 -42.9967 -43.3485 -43.6893 -44.0240 -44.3519 -44.6702 -44.9804 -45.2589 -45.5766 -45.8630 -46.1450 -46.4211 -46.6901 -46.9504 -47.2033 -47.4505 -47.6901 -47.9286 -48.1616 -48.3895 -48.6160 -48.8343 -49.0478 -49.2570 -49.4615 -49.6627 -49.8612 -50.0557 -50.2465 -50.4337 -50.6175 -50.7955 -50.9720 -51.1457
-40.7879 -41.1807 -41.5687 -41.9626 -42.3370 -42.7025 -43.0581 -43.4085 -43.7506 -44.0792 -44.3991 -44.7105 -45.0145 0.0000 0.0000 -56.5298 -46.1635 -46.4342 -46.6982 -46.9560 -47.2103 -47.4579 -47.7015 -47.9386 -48.1680 -48.3957 -48.6153 -48.8322 -49.0462 -49.2561 -49.4618 -49.6631 -49.8597 -50.0524 -50.2415 -50.4271 -50.6093 -50.7872 -50.9642 -51.1380
-40.9381 -41.3131 -41.6980 -42.0773 -42.4373 -42.7895 -43.1333 -43.4734 -43.8064 -44.1311 -44.4509 -44.7608 0.0000 0.0000 0.0000 -59.0045 -56.9067 -55.7293 -55.0978 -46.9736 -47.2245 -47.4677 -47.7068 -47.9404 -48.1719 -48.4025 -48.6254 -48.8431 -49.0530 -49.2587 -49.4604 -49.6581 -49.8557 -50.0497 -50.2401 -50.4270 -50.6085 -50.7869 -50.9622 -51.1344
-41.0954 -41.4689 -41.8347 -42.1956 -42.5493 -42.8922 -43.2270 -43.5564 -43.8780 -44.1946 -44.5041 -44.8081 0.0000 0.0000 0.0000 -60.2584 -58.4918 -57.2717 -56.4702 -55.9611 -55.6513 -55.4685 -55.4002 -47.9560 -48.1838 -48.4101 -48.6282 -48.8417 -49.0542 -49.2633 -49.4683 -49.6694 -49.8632 -50.0531 -50.2396 -50.4226 -50.6018 -50.7818 -50.9587 -51.1324
-41.3137 -41.6313 -41.9759 0.0000 -57.5344 -42.9989 -43.3279 -43.6501 -43.9640 -44.2720 -44.5730 -44.8699 -45.1603 0.0000 0.0000 -61.1358 -59.5952 -58.4571 -57.6264 -57.0349 -56.6254 -56.3364 -56.1636 -56.0682 -56.0335 -56.0680 -48.6431 -48.8561 -49.0647 -49.2690 -49.4691 -49.6654 -49.8616 -50.0551 -50.2452 -50.4320 -50.6109 -50.7867 -50.9596 -51.1294
-41.5787 -41.8724 -42.1741 0.0000 0.0000 0.0000 0.0000 -58.6634 -53.3502 -44.3575 -44.6497 -44.9410 -45.2250 0.0000 -59.8534 -58.4233 -57.8072 -57.6080 -57.5806 -57.6420 -57.4933 -57.1591 -56.9224 -56.7626 -56.6636 -56.6351 -56.6251 -56.6500 -56.7027 -56.7820 -49.4828 -49.6787 -49.8708 -50.0592 -50.2442 -50.4260 -50.6071 -50.7870 -50.9637 -51.1357
-41.8530 -42.1316 -42.4166 0.0000 0.0000 0.0000 0.0000 -58.6159 -55.8553 -53.7823 -52.6851 -45.0204 -45.2945 -45.5667 -45.8362 -55.7867 -56.0430 -56.2948 -56.5312 -56.7622 -56.9719 -57.1910 -57.4056 -57.4333 -57.3145 -57.2200 -57.1657 -57.1454 -57.1532 -57.1841 -57.2362 -57.3073 -57.3962 -57.5009 -50.2569 -50.4365 -50.6146 -50.7897 -50.9621 -51.1302
-42.1406 -42.3999 -42.6721 -53.8746 -54.2220 -54.5579 -54.8844 -55.1668 -55.4557 -55.3850 -54.2092 -53.4620 -53.0485 -45.6421 -45.9025 -46.1584 -46.4128 -54.1852 -54.8864 -55.4393 -55.8776 -56.2545 -56.5889 -56.8933 -57.1992 -57.4658 -57.7039 -57.6507 -57.6264 -57.6248 -57.6439 -57.6812 -57.7345 -57.8022 -57.8821 -57.9653 -58.0690 -50.8012 -50.9725 -51.1399
-42.4278 -42.6883 -42.9361 -43.1794 -43.4238 -52.3620 -53.1847 -53.8197 -54.3346 -54.7747 -55.1799 -54.6162 -54.0678 -53.7172 -53.5341 -53.5176 -46.4773 -46.7205 -46.9610 -47.1957 -54.9354 0.0000 0.0000 0.0000 0.0000 0.0000 0.0000 -67.3684 -58.0970 -58.0710 -58.0654 -58.0778 -58.1060 -58.1482 -58.2020 -58.2572 -58.3318 -58.4159 -58.5091 -58.6041
-42.7303 -42.9707 -43.2010 -43.4392 -43.6676 -43.8979 -51.8463 -52.6540 -53.3322 -53.9023 -54.4122 -54.8567 -55.0075 -54.5825 -54.2886 -54.1017 -54.0385 -54.0860 -47.0224 -47.2511 -47.4783 0.0000 0.0000 0.0000 0.0000 0.0000 0.0000 -67.5695 -66.2804 -58.5236 -58.4865 -58.4785 -58.4866 -58.5090 -58.5446 -58.5774 -58.6316 -58.6949 -58.7662 -58.8386
-43.0282 -43.2620 -43.4789 -43.6965 -43.9198 -44.1365 -44.3516 -44.5642 -52.5298 -53.1668 -53.7321 -54.2341 -54.6941 -55.1114 -55.0241 -54.7860 -54.6319 -54.5554 -54.5493 -54.6129 -47.5366 -47.7617 -57.9948 -58.2153 -58.4309 -58.6422 -58.8494 -58.9998 -59.1907 -59.3813 -59.5686 -58.8824 -58.8673 -58.8729 -58.8912 -58.9075 -58.9456 -58.9925 -59.0610 -59.1036
-43.3447 -43.5522 -43.7581 -43.9685 -44.1710 -44.3779 -44.5855 -44.7889 -44.9907 -45.1901 -53.1835 -53.7090 -54.1920 -54.6394 -55.0409 -55.4306 -55.2512 -55.1158 -55.0417 -55.0064 -55.0347 -55.1474 -48.0347 -48.2449 -55.7599 -56.9398 -57.4672 -57.8590 -58.2113 -58.5251 -58.8074 -59.0680 -59.3138 -59.2347 -59.2259 -59.2498 -59.2643 -59.2977 -59.3538 -59.4068
-43.6468 -43.8412 -44.0405 -44.2358 -44.4350 -44.6247 -44.8185 -45.0167 -45.2099 -45.4032 -45.5930 -53.3218 -53.7889 -54.2377 -54.6555 -55.0620 -55.4452 -55.6806 -55.5632 -55.4843 -55.4724 -55.4869 -55.5412 -55.6455 -48.5032 -48.7037 -48.9002 -56.8533 -57.3179 -57.7281 -58.0918 -58.4188 -58.7186 -58.9975 -59.1979 -59.4428 -59.5834 -59.6048 -59.6246 -59.6926
-43.9509 -44.1348 -44.3176 -44.5083 -44.6915 -44.8790 -45.0622 -45.2443 -45.4315 -45.6170 -45.8022 -45.9862 -46.1678 -53.9373 -54.3410 -54.7471 -55.1367 -55.5091 -55.8536 -55.9693 -55.9295 -55.9062 -55.9050 -55.9394 -56.0119 -56.1117 -48.9496 -49.1400 -49.3289 -57.0675 -57.4603 -57.8290 -58.1712 -58.4879 -58.7704 -59.0452 -59.2705 -59.4986 -59.7162 -59.9652
-44.2530 -44.4251 -44.6027 -44.7743 -44.9538 -45.1287 -45.3060 -45.4816 -45.6560 -45.8308 -46.0114 -46.1887 -46.3645 -46.5384 -54.1372 -54.5068 -54.8832 -55.2522 -55.6000 -55.9422 -56.2942 -56.3390 -56.3147 -56.3051 -56.3329 -56.3752 -56.4385 -56.5413 -49.3767 -49.5611 -49.7426 -57.2187 -57.7013 -58.0359 -58.3403 -58.6349 -58.9222 -59.1779 -59.3839 -59.6475
-44.5560 -44.7151 -44.8808 -45.0501 -45.2096 -45.3821 -45.5476 -45.7171 -45.8861 -46.0525 -46.2192 -46.3925 -46.5616 -46.7274 -46.8948 -47.0601 -54.7107 -55.0539 -55.3906 -55.7291 -56.0801 -56.4080 -56.7252 -56.6908 -56.6851 -56.7012 -56.7270 -56.7851 -56.8658 -56.9655 -57.0931 -49.9656 -50.1399 -50.3356 -57.9947 -58.2838 -58.5754 -58.8631 -59.0989 -59.3491
-44.8538 -45.0079 -45.1602 -45.3160 -45.4768 -45.6282 -45.7933 -45.9513 -46.1140 -46.2762 -46.4362 -46.5953 -46.7592 -46.9203 -47.0801 -47.2412 -47.4002 -54.9445 -55.2429 -55.5771 -55.9023 -56.2251 -56.5426 -56.8459 -57.0538 -57.0484 -57.0499 -57.0808 -57.1283 -57.1904 -57.2742 -57.3771 -57.5006 -50.3528 -50.5201 -50.6858 -58.3121 -58.5849 -58.8191 -59.1003
-45.1513 -45.2921 -45.4412 -45.5851 -45.7338 -45.8874 -46.0305 -46.1903 -46.3397 -46.4971 -46.6533 -46.8062 -46.9581 -47.1114 -47.2695 -47.4224 -47.5756 -47.7280 -47.8805 -55.4776 -55.7740 -56.0806 -56.3832 -56.6867 -56.9724 -57.2441 -57.3849 -57.3964 -57.4228 -57.4595 -57.5147 -57.5852 -57.6711 -57.7646 -57.8834 -50.7264 -50.8876 -51.0500 -58.6381 -58.8817
-45.4427 -45.5795 -45.7128 -45.8550 -45.9936 -46.1350 -46.2817 -46.4194 -46.5722 -46.7173 -46.8670 -47.0164 -47.1634 -47.3067 -47.4538 -47.6066 -47.7547 -47.8986 -48.0470 -48.1971 -55.7186 -55.9890 -56.2701 -56.5545 -56.8386 -57.1069 -57.3682 -57.6412 -57.7298 -57.7491 -57.7845 -57.8325 -57.8931 -57.9581 -58.0443 -58.1435 -58.2583 -51.0887 -51.2422 -51.3981
