-71.5129 -71.4512 -71.3930 -71.3396 -71.2889 -71.1778 -71.1095 -71.0344 -70.9672 -70.9000 -70.8318 -70.5425 -70.4717 -70.6109 -70.5713 -70.5213 -70.4702 -70.3446 -70.2606 -70.2899 -70.2137 -70.1432 -70.0776 -70.0066 -69.9375 -69.8405 -69.5875 -69.4889 -69.5590 -69.4839 -69.3970 -69.3014 -69.2025 -69.1008 -68.9975 -68.9362 -68.8788 -68.7563 -68.6227 -68.4805
-71.3538 -71.3122 -71.2526 -71.1966 -71.0957 -71.0255 -70.9520 -70.8775 -70.8068 -70.7356 -70.6632 -70.3782 -70.3030 -70.4330 -70.3863 -70.3287 -70.2695 -70.1334 -70.0441 -70.0570 -69.9744 -69.8965 -69.8221 -69.7423 -69.6608 -69.5548 -69.3071 -69.1972 -69.2395 -69.1469 -69.0422 -68.9283 -68.8091 -68.6841 -68.5553 -68.4602 -68.3613 -68.1998 -68.0293 -67.8180
-71.2177 -71.1755 -71.1142 -71.0555 -70.9484 -70.8753 -70.8003 -70.7227 -70.6481 -70.5726 -70.3005 -70.2155 -70.1361 -70.2573 -70.2032 -70.1385 -70.0717 -69.9250 -69.8316 -69.8299 -69.7412 -69.6561 -69.5683 -69.4845 -69.3917 -69.2613 -69.0333 -68.9127 -68.9301 -68.8222 -68.7030 -68.5736 -68.4402 -68.3033 -68.2137 -60.1615 -60.0933 -60.0185 -59.9437 -59.8616
-71.1033 -71.0403 -70.9779 -70.8747 -70.8042 -70.7257 -70.6464 -70.5694 -70.4917 -70.4123 -70.1372 -70.0550 -70.1551 -70.0843 -70.0229 -69.9514 -69.8211 -69.7218 -69.6247 -69.6101 -69.5157 -69.4240 -69.3295 -69.2441 -69.1205 -69.0009 -68.7756 -68.6496 -68.6536 -68.5496 -60.5367 -60.4393 -60.3668 -60.2951 -60.2291 -60.1628 -60.0890 -60.0148 -59.9402 -59.8583
-70.9717 -70.9062 -70.8417 -70.7364 -70.6622 -70.5815 -70.4998 -70.4194 -70.3377 -70.2553 -69.9836 -69.8979 -69.9898 -69.9231 -69.8472 -69.7697 -69.6309 -69.5278 -69.4461 -69.4022 -69.3043 -69.2064 -69.1127 -69.0263 -68.9107 -68.8118 -60.7672 -60.6952 -60.6445 -60.5761 -60.5062 -60.4352 -60.3637 -60.2923 -60.2256 -60.1592 -60.0855 -60.0113 -59.9297 -59.8621
-70.8429 -70.7754 -70.6760 -70.6009 -70.5210 -70.4382 -70.3563 -70.2732 -70.1883 -70.1032 -69.8349 -69.7462 -69.8315 -69.7606 -69.6809 -69.6000 -69.4550 -69.3536 -69.3263 -69.2336 -69.1514 -61.1174 -61.0512 -60.9840 -60.9169 -60.8481 -60.7632 -60.6925 -60.6417 -60.5732 -60.5032 -60.4322 -60.3608 -60.2950 -60.2223 -60.1553 -60.0807 -60.0057 -59.9232 -67.7988
-70.7179 -70.6254 -70.5469 -70.4698 -70.3876 -70.3029 -70.2187 -70.1334 -70.0470 -69.7854 -69.6969 -69.7709 -69.6910 -69.6217 -69.5475 -69.4311 -61.4537 -61.3625 -61.3071 -61.2421 -61.1774 -61.1125 -61.0464 -60.9810 -60.9140 -60.8454 -60.7608 -60.6902 -60.6390 -60.5704 -60.5003 -60.4287 -60.3566 -60.2893 -60.2158 -68.1216 -68.0768 -68.0477 -67.9809 -67.9893
-70.5988 -70.5029 -70.4246 -70.3448 -70.2622 -70.1784 -70.0945 -70.0103 -69.9275 -69.6763 -69.5976 -69.6858 -61.6809 -61.6196 -61.5580 -61.4883 -61.4233 -61.3585 -61.3041 -61.2391 -61.1743 -61.1096 -61.0434 -60.9783 -60.9113 -60.8428 -60.7584 -60.6870 -60.6346 -60.5651 -60.4941 -68.3566 -68.3131 -68.3085 -68.2809 -68.2739 -68.1569 -67.9931 -67.9111 -67.7747
-70.4730 -70.3942 -70.3179 -70.2417 -70.1635 -70.0887 -70.0179 -61.9867 -61.9246 -61.8350 -61.7732 -61.7377 -61.6771 -61.6170 -61.5557 -61.4853 -61.4204 -61.3579 -61.3011 -61.2363 -61.1716 -61.1056 -61.0405 -60.9745 -60.9068 -60.8376 -68.5890 -68.5403 -68.6005 -68.5691 -68.5375 -68.4792 -68.4025 -68.2916 -68.2176 -68.1139 -60.0605 -59.9779 -59.9047 -59.8279
-70.3931 -70.3267 -62.2831 -62.2234 -62.1624 -62.1025 -62.0423 -61.9819 -61.8940 -61.8327 -61.7709 -61.7358 -61.6758 -61.6147 -61.5468 -61.4823 -61.4176 -61.3630 -61.2978 -61.2324 -61.1657 -61.1002 -68.9822 -68.9363 -68.8921 -68.8487 -68.6962 -68.6370 -68.6437 -68.5479 -68.4456 -68.3491 -60.3427 -60.2697 -60.2016 -60.1283 -60.0520 -59.9680 -59.8973 -59.8204
-62.3943 -62.3363 -62.2779 -62.2192 -62.1598 -62.1001 -62.0400 -61.9796 -61.8916 -61.8302 -61.7943 -61.7337 -61.6736 -61.6126 -61.5434 -61.4780 -61.4128 -61.3573 -69.2393 -69.1878 -69.1385 -69.1055 -69.0789 -69.0138 -68.9220 -68.8234 -68.6112 -68.5317 -68.5471 -60.5471 -60.4757 -60.4044 -60.3362 -60.2632 -60.1950 -60.1168 -60.0372 -59.9684 -59.8937 -59.8183
-62.3918 -62.3337 -62.2757 -62.2169 -62.1574 -62.0976 -62.0375 -61.9772 -61.8894 -61.8280 -61.7915 -61.7302 -61.6693 -61.6074 -69.4567 -69.3977 -69.3468 -69.3630 -69.3262 -69.2414 -69.1574 -69.0755 -68.9954 -68.9176 -68.8393 -60.8204 -60.7326 -60.6647 -60.6110 -60.5409 -60.4698 -60.4020 -60.3302 -60.2583 -60.1870 -60.1141 -60.0356 -59.9665 -59.8918 -59.8165
-62.3895 -62.3314 -62.2733 -62.2145 -62.1550 -62.0951 -62.0343 -61.9465 -61.8847 -61.8227 -69.7298 -69.6861 -69.6504 -69.5796 -69.5345 -69.4448 -69.3683 -69.3283 -69.2374 -69.1581 -69.0851 -61.0833 -61.0175 -60.9513 -60.8837 -60.8147 -60.7271 -60.6592 -60.6052 -60.5360 -60.4660 -60.3997 -60.3255 -60.2574 -60.1852 -60.1123 -60.0340 -59.9636 -59.8896 -59.8136
-62.3872 -62.3289 -62.2699 -62.2104 -62.1503 -62.0898 -69.9931 -69.7769 -69.7280 -69.8397 -69.8003 -69.7292 -69.6553 -69.5418 -69.4543 -69.3715 -69.3505 -61.3391 -61.2738 -61.2085 -61.1432 -61.0777 -61.0119 -60.9456 -60.8780 -60.8097 -60.7236 -60.6567 -60.6038 -60.5345 -60.4649 -60.3951 -60.3239 -60.2557 -60.1833 -60.1051 -60.0322 -59.9607 -59.8853 -59.8093
-62.3823 -70.2952 -70.2435 -70.1930 -70.1459 -70.1023 -70.0508 -69.8057 -69.7259 -69.8032 -69.7324 -69.6663 -69.6011 -61.5849 -61.5203 -61.4555 -61.3997 -61.3334 -61.2682 -61.2030 -61.1377 -61.0725 -61.0077 -60.9426 -60.8761 -60.8084 -60.7225 -60.6558 -60.6026 -60.5303 -60.4641 -60.3934 -60.3207 -60.2524 -60.1792 -60.1012 -60.0304 -59.9566 -59.8813 -59.8053
-70.3867 -70.3461 -70.2914 -70.2146 -70.1381 -70.0622 -69.8249 -69.7507 -69.6787 -61.8329 -61.7718 -61.7108 -61.6437 -61.5794 -61.5147 -61.4500 -61.3930 -61.3278 -61.2637 -61.1997 -61.1354 -61.0711 -61.0063 -60.9412 -60.8749 -60.8072 -60.7215 -60.6548 -60.5981 -60.5278 -60.4611 -60.3888 -60.3169 -60.2483 -60.1753 -60.0975 -60.0275 -59.9537 -59.8803 -59.8064
-70.3748 -70.3043 -70.2340 -70.1627 -70.0936 -62.0745 -61.9875 -61.9261 -61.8893 -61.8282 -61.7671 -61.7058 -61.6381 -61.5736 -61.5099 -61.4473 -61.3903 -61.3262 -61.2623 -61.1983 -61.1342 -61.0699 -61.0051 -60.9399 -60.8736 -60.7903 -60.7169 -60.6493 -60.5947 -60.5245 -60.4566 -60.3852 -60.3169 -60.2446 -60.1689 -60.0970 -60.0288 -59.9561 -59.8828 -59.8091
-70.3351 -62.3089 -62.2498 -62.1900 -62.1301 -62.0697 -61.9826 -61.9212 -61.8844 -61.8233 -61.7626 -61.7022 -61.6350 -61.5717 -61.5082 -61.4525 -61.3887 -61.3248 -61.2610 -61.1971 -61.1330 -61.0683 -61.0031 -60.9374 -60.8707 -60.7850 -60.7139 -60.6463 -60.5914 -60.5250 -60.4532 -60.3836 -60.3169 -60.2462 -60.1712 -69.0269 -71.1446 -75.6213 0.0000 0.0000
-62.3627 -62.3042 -62.2450 -62.1852 -62.1251 -62.0387 -61.9776 -61.9172 -61.8815 -61.8216 -61.7615 -61.6959 -61.6331 -61.5700 -61.5059 -61.4510 -61.3872 -61.3235 -61.2593 -61.1950 -61.1304 -61.0656 -61.0003 -60.9322 -60.8652 -60.7819 -60.7112 -60.6440 -60.5903 -60.5244 -60.4553 -68.3820 -68.6961 -69.1941 -69.9334 -71.2485 -73.3949 0.0000 0.0000 0.0000
-62.3580 -62.2992 -62.2400 -62.1808 -62.1217 -62.0363 -61.9763 -61.9159 -61.8802 -61.8204 -61.7602 -61.6943 -61.6316 -61.5677 -61.5043 -61.4489 -61.3849 -61.3208 -61.2566 -61.1923 -61.1278 -61.0630 -60.9952 -60.9293 -60.8632 -60.7816 -60.7123 -60.6464 -68.5934 -68.7589 -69.0001 -69.3333 -69.8171 -70.4185 -71.3090 -72.6709 -74.3688 0.0000 0.0000 0.0000
-62.3544 -62.2966 0.0000 0.0000 0.0000 -62.0348 -61.9748 -73.3009 0.0000 0.0000 0.0000 0.0000 0.0000 -72.7945 0.0000 0.0000 0.0000 0.0000 0.0000 0.0000 -61.1233 -61.0591 -60.9951 -60.9306 -60.8653 -68.7299 -68.8006 -68.9484 -69.2500 -69.4937 -69.8074 -70.2381 -70.7683 -71.3954 -72.4011 -73.5475 -75.2143 0.0000 0.0000 0.0000
-73.7886 -77.6476 0.0000 0.0000 0.0000 0.0000 0.0000 -77.2163 0.0000 0.0000 0.0000 0.0000 0.0000 0.0000 0.0000 0.0000 0.0000 0.0000 0.0000 0.0000 -72.3591 0.0000 0.0000 -69.0861 -69.1833 -69.2018 -69.3337 -69.5267 -69.8840 -70.1716 -70.5275 -71.0024 -71.5525 -72.2391 -73.1368 -74.1334 -74.6888 -75.4760 0.0000 0.0000
-75.8462 -78.2988 0.0000 0.0000 0.0000 0.0000 0.0000 -78.0401 0.0000 0.0000 0.0000 0.0000 0.0000 0.0000 0.0000 0.0000 0.0000 0.0000 0.0000 0.0000 -78.4624 0.0000 0.0000 0.0000 0.0000 0.0000 -69.8452 -70.0672 -70.4667 -70.7840 -71.1629 -71.6514 -72.1932 -72.8639 -73.6979 -74.8349 -75.8941 -73.3460 -73.2801 -73.2151
-76.7313 -78.5057 0.0000 0.0000 0.0000 0.0000 0.0000 -78.2434 0.0000 0.0000 0.0000 0.0000 0.0000 0.0000 0.0000 0.0000 0.0000 0.0000 0.0000 0.0000 0.0000 0.0000 0.0000 0.0000 0.0000 0.0000 -70.3225 -70.5647 -70.9986 -71.3287 -71.7162 -72.2624 -72.7498 -73.4289 -74.1319 -75.1964 0.0000 0.0000 0.0000 -68.2513
-77.4198 -78.6450 -82.7598 0.0000 0.0000 0.0000 0.0000 -78.4193 0.0000 0.0000 -80.1302 -81.8701 0.0000 0.0000 -80.0943 -81.8939 0.0000 0.0000 -79.9869 -76.8878 -82.2585 0.0000 0.0000 0.0000 0.0000 0.0000 -70.7668 -71.0227 0.0000 -71.8135 -72.2901 -72.7348 -73.2062 -73.8462 -74.4805 -75.4885 0.0000 0.0000 0.0000 0.0000
-75.0213 -75.1520 -75.2470 -75.2686 -75.2923 -75.3259 -75.3845 -75.2915 -75.5918 -75.7603 -76.0218 -76.3966 -76.9260 -77.6574 -78.6741 -80.0230 -80.2560 -78.2805 -76.5079 -77.2035 -80.4341 0.0000 0.0000 0.0000 0.0000 -71.2375 -71.1749 0.0000 0.0000 0.0000 -72.7268 -73.1098 -73.5937 -74.1927 -75.0431 -75.7326 0.0000 0.0000 0.0000 0.0000
-74.7348 -74.8348 -74.8854 -74.9131 -74.9269 -74.9555 -75.0136 -74.9639 -75.2211 -75.4122 -75.6893 -76.0849 -76.6378 -77.3745 -78.3548 -79.2376 -77.1687 -78.2091 -76.6722 -77.6550 -78.3211 -78.4454 -78.3931 -78.3354 -71.5292 -71.6336 0.0000 0.0000 0.0000 0.0000 -73.1054 -73.4723 -73.9924 -74.4870 -75.3135 -75.9433 0.0000 0.0000 0.0000 0.0000
-74.4902 -74.5751 -74.6106 -74.6334 -74.6549 -74.6966 -74.7747 -74.7840 -74.9991 -75.2694 -75.5901 -76.0284 -76.6161 -77.3556 -78.2898 -76.5137 -77.3067 -76.1027 -76.9509 -77.2104 -77.5222 -77.2132 -76.7511 -71.6218 -74.4972 -78.7083 0.0000 0.0000 0.0000 0.0000 0.0000 -73.7740 -74.2656 -74.9726 -75.5282 -76.1286 0.0000 0.0000 0.0000 0.0000
-74.3047 -74.3886 -74.4274 -74.4609 -74.5049 -74.5775 -74.6931 -74.7686 -75.0176 -75.3254 -75.6892 -76.1667 -76.7725 -77.4929 -76.1268 -76.7526 -77.4875 -76.3222 -76.8397 -76.3039 -76.2846 -75.7168 -71.7650 -74.6025 -76.6497 -79.0079 0.0000 0.0000 0.0000 0.0000 0.0000 0.0000 -73.7255 -74.2417 -74.7200 -75.4503 -76.6378 -78.0047 -79.7253 -70.8338
-74.1974 -74.2964 -74.3561 -74.4128 -74.4902 -74.6025 -74.7578 -74.8970 -75.1882 -75.5191 -75.9165 -76.4161 -77.0128 -75.8989 -76.4090 -76.9972 -75.9326 -76.5593 -76.0535 -75.4566 -75.2130 -71.8609 -74.6978 -75.9471 -77.5490 -78.7836 -79.7948 0.0000 0.0000 0.0000 0.0000 -74.3991 0.0000 -73.6976 -74.1657 -74.8402 -75.7747 -77.2159 -78.7856 -71.2361
-74.2024 -74.3275 -74.4087 -74.5002 -74.6075 -74.7589 -74.9583 -75.1475 -75.4480 -75.7899 -76.2047 -76.7091 -75.7677 -76.1953 -76.6808 -75.6860 -76.1477 -75.8751 -75.3373 -71.7454 -71.9708 -74.7787 -75.6740 -76.7575 -77.1107 -78.0256 -78.9224 -80.0239 -80.7483 -79.5025 0.0000 0.0000 0.0000 0.0000 -73.8426 -74.5242 -75.4463 -76.7791 -71.3791 -71.5934
-74.2889 -74.4440 -74.5589 -74.7037 0.0000 0.0000 0.0000 0.0000 0.0000 -76.1286 -82.4820 0.0000 0.0000 0.0000 0.0000 -75.9152 -75.6576 -75.2646 -71.9967 -72.1279 -74.8176 -75.5508 -75.8437 -76.0859 -76.3888 -77.2420 -78.0635 -79.1378 -77.7879 -80.7865 0.0000 0.0000 0.0000 0.0000 -73.7674 -74.4681 -75.3662 -71.4678 -71.6269 -71.9171
-74.4347 -74.6473 -76.0354 -80.6331 0.0000 0.0000 0.0000 0.0000 0.0000 -76.9641 -82.6228 0.0000 0.0000 0.0000 0.0000 -75.5013 -75.1264 -79.9545 0.0000 -74.9882 -74.9417 -75.0959 -75.2424 -75.4415 -75.9758 -76.5038 -76.1087 -76.7488 -77.7243 -80.0335 0.0000 0.0000 0.0000 0.0000 0.0000 -74.5832 -71.5830 -71.7550 -71.9291 -72.2116
-75.6691 -76.0361 -80.2508 -80.7073 0.0000 0.0000 0.0000 0.0000 0.0000 -80.8672 -82.1275 0.0000 0.0000 0.0000 0.0000 0.0000 -78.1150 0.0000 0.0000 0.0000 0.0000 -74.5933 -74.7186 -74.9053 -75.4188 -75.8849 -76.1238 -76.8857 -78.0321 -80.8276 0.0000 0.0000 0.0000 0.0000 0.0000 -71.7400 -71.8190 -72.0420 -72.0773 -71.9401
-76.0607 -79.7736 -80.2296 -80.8134 0.0000 0.0000 0.0000 0.0000 0.0000 -80.5102 -81.8166 0.0000 0.0000 0.0000 0.0000 0.0000 -78.1915 0.0000 0.0000 0.0000 0.0000 0.0000 -74.3358 -74.5222 -75.0406 -75.5644 -76.3199 -77.3362 -77.6253 -78.1546 -81.6862 0.0000 0.0000 0.0000 -72.3610 -72.0073 -71.8777 -71.6328 -71.4526 -71.2477
-79.3419 -79.7970 -80.2107 -80.7708 -82.6852 0.0000 0.0000 0.0000 0.0000 -76.4664 -76.8196 -77.0429 -81.8215 0.0000 0.0000 0.0000 -79.0282 -80.7552 0.0000 0.0000 0.0000 -73.9626 -74.1210 -74.3615 -74.9595 -75.5194 -75.9754 -75.9682 -75.9258 -75.8987 -75.8507 -75.8111 -72.2471 -72.0469 -71.8506 -71.5744 -71.3587 -71.0809 -70.8498 -70.5847
-75.9106 -75.9077 -75.9139 -75.9210 -75.9312 -76.0736 -76.0899 -76.0961 -76.1363 -75.9493 -76.2500 -76.3971 -76.5979 -76.8894 -77.2931 -77.7867 -78.6349 -79.9129 -81.4518 -81.5754 0.0000 -73.9102 -74.1287 -74.5958 -75.0681 -75.0582 -74.8808 -72.5667 -72.4071 -72.2871 -72.1554 -71.9869 -71.7886 -71.5833 -71.3078 -71.0820 -70.7976 -70.5547 -70.2822 -73.2346
-79.4517 -79.8525 -80.2843 -80.7148 -83.7544 0.0000 0.0000 0.0000 0.0000 -75.4986 -75.7592 -75.8805 -76.0652 -76.3466 -76.7423 -77.1099 -78.1222 -79.3065 -79.6057 -73.7580 -73.7927 0.0000 0.0000 0.0000 0.0000 -72.4579 -72.3386 -72.2118 -72.0793 -71.9397 -71.7783 -71.5791 -71.3694 -71.1663 -70.8852 -70.6409 -70.3371 -72.9074 -73.1349 -73.3885
-79.5134 -79.8938 -80.3010 -80.7067 0.0000 0.0000 0.0000 0.0000 0.0000 -75.1413 -75.3808 -75.5150 -75.7233 -76.0337 -76.4298 -76.7366 -77.8970 -73.6199 -73.6896 -78.8379 -82.3111 0.0000 0.0000 0.0000 0.0000 0.0000 -72.0488 -71.9105 -71.7670 -71.6046 -71.4077 -71.1989 -70.9959 -70.7195 -70.4746 -72.8034 -72.9043 -73.1222 0.0000 -73.5655
-79.5698 -79.9307 -80.3199 -80.7056 0.0000 0.0000 0.0000 0.0000 0.0000 -74.9130 -75.1641 -75.3146 -75.5700 -75.9305 -73.4438 -73.4015 -73.5954 -78.3444 -78.9624 -79.6264 -81.3731 0.0000 0.0000 0.0000 0.0000 -71.9429 -71.7715 -71.6228 -71.4630 -71.2698 -71.0622 -70.8625 -72.5421 -72.6735 -72.8244 -72.9199 -73.1623 0.0000 0.0000 0.0000
