-56.1937 -56.0851 -55.9752 -55.8640 -55.7514 -55.6379 -55.5275 -55.4158 -55.3030 -55.1890 -55.0699 -54.9508 -54.8292 -54.7062 -54.5843 -54.4579 -54.3303 -54.2034 -54.0747 -53.9447 -53.8140 -53.6838 -53.5506 -53.4150 -53.2779 -53.1407 -52.9986 -52.8545 -52.7110 -52.5661 -52.4191 -52.2705 -52.1205 -51.9680 -51.8121 -51.6572 -58.9526 -58.8602 -58.8020 -58.7724
-56.1866 -56.0780 -55.9694 -55.8627 -55.7548 -55.6458 -55.5356 -55.4242 -55.3089 -55.1916 -55.0728 -54.9490 -54.8276 -54.7064 -54.5872 -54.4634 -54.3380 -54.2100 -54.0838 -53.9561 -53.8265 -53.6961 -53.5609 -53.4233 -53.2853 -53.1495 -53.0107 -52.8700 -52.7275 -52.5835 -52.4380 -52.2906 -52.1409 -51.9887 -59.3020 -59.2127 -59.1506 -59.1143 -59.1003 -59.1076
-56.1863 -56.0821 -55.9767 -55.8702 -55.7625 -55.6511 -55.5378 -55.4231 -55.3072 -55.1899 -55.0728 -54.9516 -54.8327 -54.7124 -54.5906 -54.4715 -54.3484 -54.2224 -54.0966 -53.9678 -53.8366 -53.7037 -53.5683 -53.4331 -53.2984 -53.1649 -53.0268 -52.8870 -52.7456 -52.6026 -52.4574 -52.3104 -59.6500 -59.5588 -59.4798 -59.4462 -59.4215 -59.4141 -59.4233 -59.4490
-56.1933 -56.0892 -55.9815 -55.8720 -55.7613 -55.6494 -55.5362 -55.4229 -55.3094 -55.1947 -55.0786 -54.9612 -54.8402 -54.7217 -54.6019 -54.4835 -54.3601 -54.2324 -54.1048 -53.9756 -53.8454 -53.7154 -53.5839 -53.4486 -53.3142 -53.1814 -53.0440 -52.9050 -52.7642 -52.6217 -59.9831 -59.8934 -59.8245 -59.7744 -59.7381 -59.7091 -59.7164 -59.7267 -59.5435 -59.3090
-56.1949 -56.0879 -55.9797 -55.8704 -55.7607 -55.6513 -55.5407 -55.4287 -55.3155 -55.2016 -55.0871 -54.9714 -54.8512 -54.7331 -54.6120 -54.4894 -54.3675 -54.2401 -54.1145 -53.9880 -53.8600 -53.7306 -53.5999 -53.4654 -53.3314 -53.1985 -53.0619 -60.4137 -60.3065 -60.2182 -60.1479 -60.0937 -60.0538 -60.0270 -60.0126 -59.9959 -59.8558 -59.6321 -59.4033 -59.1695
-56.1933 -56.0870 -55.9814 -55.8746 -55.7666 -55.6574 -55.5471 -55.4365 -55.3247 -55.2118 -55.0976 -54.9815 -54.8631 -54.7403 -54.6193 -54.4972 -54.3779 -54.2532 -54.1285 -54.0027 -53.8758 -53.7473 -53.6173 -53.4833 -53.3498 -60.7231 -60.6202 -60.5336 -60.4625 -60.4055 -60.3608 -60.3278 -60.3052 -60.2933 -60.1664 -59.9373 -59.7298 -59.5071 -59.2767 -59.0461
-56.1972 -56.0929 -55.9875 -55.8809 -55.7738 -55.6657 -55.5566 -55.4463 -55.3348 -55.2206 -55.1051 -54.9883 -54.8702 -54.7489 -54.6302 -54.5102 -54.3889 -54.2690 -54.1442 -54.0194 -53.8930 -53.7648 -53.6352 -61.0187 -60.9083 -60.8239 -60.7686 -60.7095 -60.6615 -60.6234 -60.5948 -60.5753 -60.4691 -60.2627 -60.0525 -59.8283 -59.6194 -59.3963 -59.1753 -58.9592
-56.2035 -56.0998 -55.9952 -55.8896 -55.7830 -55.6752 -55.5654 -55.4540 -55.3413 -55.2273 -55.1123 -54.9975 -54.8816 -54.7644 -54.6431 -54.5246 -54.4047 -54.2856 -54.1613 -54.0365 -53.9104 -61.3097 -61.2149 -61.1322 -61.0495 -60.9895 -60.9554 -60.9136 -60.8803 -60.8549 -60.7662 -60.5675 -60.3655 -60.1604 -59.9526 -59.7321 -59.5245 -59.3135 -59.1095 -58.9089
-56.2115 -56.1083 -56.0040 -55.8984 -55.7907 -55.6819 -55.5718 -55.4606 -55.3490 -55.2370 -55.1238 -55.0095 -54.8943 -54.7788 -54.6591 -54.5411 -54.4215 -54.3001 -54.1782 -61.5923 -61.5005 -61.4200 -61.3501 -61.2892 -61.2251 -61.1809 -61.1607 -61.1307 -61.0572 -60.8658 -60.6714 -60.4742 -60.2744 -60.0727 -59.8699 -59.6532 -59.4664 -59.2688 -59.0852 -51.4953
-56.2200 -56.1161 -56.0108 -55.9045 -55.7970 -55.6884 -55.5801 -55.4707 -55.3601 -55.2485 -55.1366 -55.0240 -54.9102 -54.7952 -54.6756 -54.5575 -54.4380 -61.8621 -61.7787 -61.6994 -61.6300 -61.5690 -61.5162 -61.4701 -61.4182 -61.3849 -61.3417 -61.1571 -60.9699 -60.7800 -60.5878 -60.3938 -60.1986 -60.0005 -59.8062 -59.6107 -59.4398 -51.8216 -51.7097 -51.5962
-56.2261 -56.1221 -56.0170 -55.9115 -55.8057 -55.6988 -55.5908 -55.4817 -55.3731 -55.2634 -55.1525 -55.0403 -54.9263 -54.8111 -62.2392 -62.1291 -62.0432 -61.9660 -61.8973 -61.8415 -61.7876 -61.7402 -61.6989 -61.6633 -61.6013 -61.4243 -61.2611 -61.0781 -60.8930 -60.7061 -60.5181 -60.3300 -60.1396 -59.9556 -59.7821 -52.1862 -52.0288 -51.9200 -51.8086 -51.6993
-56.2322 -56.1296 -56.0261 -55.9215 -55.8160 -55.7100 -55.6040 -55.4970 -55.3889 -55.2795 -55.1682 -55.0558 -62.4962 -62.4047 -62.3211 -62.2303 -62.1623 -62.1014 -62.0469 -62.0039 -61.9608 -61.9230 -61.8843 -61.7136 -61.5274 -61.3518 -61.1900 -61.0099 -60.8285 -60.6469 -60.4660 -60.2845 -60.1113 -59.9502 -52.3408 -52.2337 -52.1239 -52.0184 -51.9113 -51.8041
-56.2415 -56.1392 -56.0360 -55.9331 -55.8297 -55.7252 -55.6197 -55.5128 -55.4041 -55.2944 -62.7467 -62.6583 -62.5771 -62.5033 -62.4363 -62.3753 -62.3050 -62.2555 -62.2112 -62.1717 -62.1424 -61.9823 -61.8150 -61.6458 -61.4620 -61.2890 -61.1303 -60.9548 -60.7798 -60.6069 -60.4345 -60.2756 -52.6660 -52.5382 -52.4329 -52.3271 -52.2221 -52.1199 -52.0155 -51.9101
-56.2511 -56.1512 -56.0502 -55.9482 -55.8452 -55.7406 -55.6345 -55.5274 -62.9907 -62.9053 -62.8265 -62.7542 -62.6883 -62.6280 -62.5732 -62.5227 -62.4614 -62.4204 -62.3837 -62.2387 -62.0831 -61.9193 -61.7540 -61.5870 -61.4073 -61.2381 -61.0696 -60.9167 -60.7492 -60.5893 -60.4418 -52.8348 -52.7313 -52.6281 -52.5265 -52.4256 -52.3223 -52.2221 -52.1195 -52.0158
-56.2658 -56.1662 -56.0656 -55.9632 -55.8596 -55.7549 -63.2286 -63.1459 -63.0694 -62.9987 -62.9337 -62.8741 -62.8193 -62.7692 -62.7230 -62.6804 -62.6417 -62.4942 -62.3379 -62.1799 -62.0202 -61.8646 -61.7022 -61.5392 -61.3759 -61.2023 -61.0427 -60.8978 -60.7483 -53.1232 -53.0237 -52.9222 -52.8202 -52.7222 -52.6236 -52.5245 -52.4229 -52.3243 -52.2234 -52.1226
-56.2811 -56.1808 -56.0795 -55.9772 -63.4605 -63.3804 -63.3060 -63.2369 -63.1730 -63.1140 -63.0595 -63.0092 -62.9628 -62.9202 -62.8804 -62.7599 -62.6077 -62.4392 -62.2846 -62.1287 -61.9717 -61.8145 -61.6620 -61.5049 -61.3494 -61.1861 -61.0361 -53.4527 -53.3079 -53.2094 -53.1100 -53.0121 -52.9150 -52.8180 -52.7210 -52.6234 -52.5233 -52.4264 -59.9442 -60.1621
-56.2945 -63.7693 -63.6867 -63.6091 -63.5367 -63.4691 -63.4064 -63.3480 -63.2938 -63.2436 -63.1970 -63.1538 -63.1137 -63.0046 -62.8571 -62.7079 -62.5574 -62.4057 -62.2393 -62.0866 -61.9338 -61.7817 -61.6362 -61.4879 0.0000 -61.1918 -53.5807 -53.5135 0.0000 -53.2952 -53.2003 -53.1051 -53.0097 -52.9138 0.0000 -52.7221 -52.6235 -60.2144 -60.4189 -60.7017
-63.9073 -63.8322 -63.7616 -63.6956 -63.6339 -63.5764 -63.5226 -63.4726 -63.4258 -63.3823 -63.3417 -63.2427 -63.1003 -62.9557 -62.8098 -62.6627 -62.5146 -62.3659 -62.2035 -62.0556 -61.9090 -61.7646 -65.6758 -70.3814 0.0000 0.0000 0.0000 0.0000 0.0000 0.0000 0.0000 0.0000 0.0000 0.0000 0.0000 0.0000 0.0000 0.0000 0.0000 0.0000
-63.9810 -63.9165 -63.8559 -63.7993 -63.7461 -63.6963 -63.6495 -63.6057 -63.5647 -63.4748 -63.3367 -63.1970 -63.0559 -62.9131 -62.7695 -62.6251 -62.4805 -62.3362 -62.1926 -62.0385 -61.9006 -65.8426 -68.0512 -70.3038 0.0000 0.0000 0.0000 0.0000 0.0000 0.0000 0.0000 0.0000 0.0000 0.0000 0.0000 0.0000 0.0000 0.0000 0.0000 0.0000
-64.0726 -64.0168 -63.9642 -63.9148 -63.8682 -63.8243 -63.7831 -63.7015 -63.5673 -63.4318 -63.2950 -63.1572 -63.0177 -62.8776 -62.7372 -62.5968 -62.4572 -62.3190 -62.1833 -65.1103 -66.0299 -67.3274 -69.0707 -70.3676 -70.4855 -70.4418 -70.3417 -70.2431 -70.1463 -70.0515 -69.9602 -69.8720 -69.7884 -69.7113 -69.6423 -69.5827 -69.5306 -69.4950 -69.4846 -69.5134
-64.1773 -64.1283 -64.0820 -64.0381 -63.9969 -63.9230 -63.7926 -63.6610 -63.5281 -63.3942 -63.2593 -63.1237 -62.9871 -62.8506 -62.7147 -62.5799 -62.4471 -64.9991 -65.5111 -66.1881 -67.0962 -68.2548 -69.7138 -70.1304 -70.0739 -70.0472 -69.9418 -69.8271 -69.7096 -69.5902 -69.4698 -69.3483 -69.2261 -69.1023 -68.9788 -68.8547 -68.7250 -68.5889 -68.4506 -68.3108
-64.2914 -68.3526 -68.2565 0.0000 0.0000 -63.8846 -63.7555 -63.6254 -63.4944 -63.3628 -63.2307 -63.0980 -62.9655 -62.8340 -62.7043 -65.0396 -65.3770 -65.8057 -66.3770 -67.0717 -67.8809 -68.8995 -69.9256 -69.8186 -69.7061 -69.6597 -69.5510 -69.4198 -69.2819 -69.1385 -68.9898 -68.8355 -68.6743 -68.5068 -68.3305 -68.1424 -67.9350 -67.7020 -67.4389 -67.1334
-68.4844 0.0000 0.0000 0.0000 0.0000 0.0000 -63.7237 -63.5957 -63.4672 -63.3386 -63.2100 -63.0817 -62.9548 -62.8301 -65.3931 -65.6899 -66.0757 -66.5312 -67.0853 -67.7489 -68.4825 -69.4176 -69.6372 -69.5128 -69.3817 -69.3061 -69.1604 -69.0238 -68.8656 -68.6993 -68.5242 -68.3387 -68.1414 -67.9319 -67.7056 -67.4580 -67.1783 -66.8576 -66.4848 -66.0393
-75.5248 -77.3279 0.0000 0.0000 0.0000 0.0000 0.0000 -63.5726 -63.4476 -63.3231 -63.1991 -63.0770 -65.4806 -65.6979 -65.9604 -66.2981 -66.6827 -67.1387 -67.6749 -68.3005 -69.0145 -69.4871 -69.3539 -69.2141 -69.0673 -68.9135 -68.8022 -68.6292 -68.4649 -68.2766 -68.0772 -67.8628 -67.6329 -67.3852 -67.1139 -66.8135 -66.4714 -66.0783 -65.6193 -65.0714
-74.7478 -76.1551 -77.6087 0.0000 0.0000 0.0000 0.0000 -63.5576 -63.4370 -63.3178 -65.6059 -65.7710 -65.9678 -66.2017 -66.5008 -66.8318 -67.2157 -67.6615 -68.1749 -68.7583 -69.4257 -69.2235 -69.0772 -68.9237 -68.7626 -68.5922 -68.4579 -68.2682 -68.0695 -67.8737 -67.6515 -67.4119 -67.1528 -66.8715 -66.5614 -66.2164 -65.8247 -65.3772 -64.8489 -62.1564
-73.9996 -75.2221 -76.5970 -77.6213 0.0000 0.0000 0.0000 -63.5879 -65.7524 -65.8814 -66.0334 -66.2123 -66.4219 -66.6896 -66.9771 -67.3071 -67.6857 -68.1168 -68.6033 -69.1794 -69.1774 -69.0204 -68.8088 -71.9019 0.0000 0.0000 0.0000 0.0000 0.0000 0.0000 0.0000 0.0000 0.0000 0.0000 -66.0525 -65.6716 -65.2345 -62.5358 -62.2484 -61.9495
-73.3622 -74.3075 -75.7882 -76.6386 -77.6536 0.0000 0.0000 -66.0620 -66.1339 -66.2740 -66.4371 -66.6462 -66.8675 -67.1199 -67.4073 -67.7343 -68.1033 -68.5167 -68.9751 -69.5844 -70.1675 -70.8017 -71.4265 -72.1223 0.0000 0.0000 0.0000 0.0000 0.0000 0.0000 0.0000 0.0000 0.0000 0.0000 -70.2818 -75.6733 0.0000 0.0000 0.0000 0.0000
-72.7835 -72.7779 -72.8462 -72.7973 -72.7245 -72.6441 -66.3247 -66.4184 -66.5423 -66.6465 -66.8385 -67.0363 -67.2600 -67.5136 -67.7998 -68.1616 -68.5278 -68.9344 -69.4188 -69.9090 -70.4949 -71.0685 -71.6816 -72.2177 0.0000 0.0000 0.0000 0.0000 0.0000 0.0000 0.0000 0.0000 0.0000 0.0000 -72.6465 -75.8571 0.0000 0.0000 0.0000 0.0000
-71.6458 -71.4099 -71.1013 -70.5167 -69.4670 -66.5385 -66.6449 -66.7579 -66.8906 -67.0192 -67.1971 -67.3983 -67.6247 -67.8784 -68.1616 -68.4747 -68.8194 -69.1960 -69.6844 -70.1372 -70.5698 -70.4786 -70.3837 -70.2239 -70.2538 -70.1936 -70.0907 -69.9891 -69.8890 -69.7909 -69.6955 -69.6043 -69.5191 -69.4425 -69.3400 -69.2972 -69.3159 -69.3390 -69.4260 -69.6127
-70.7020 -70.2392 -69.6952 -66.7024 -66.7907 0.0000 -66.9632 -67.0993 -67.2439 -67.3517 -67.5331 -67.7359 -67.9620 -68.2129 -68.4892 -68.7924 -69.1564 -69.5439 -69.9505 -70.3730 -70.2869 -70.1831 -70.0742 -69.9631 -69.7975 -69.7875 -69.6960 -69.5735 -69.4503 -69.3264 -69.2019 -69.0777 -68.9548 -68.8353 -68.6877 -68.5863 -68.5283 -68.4866 -68.4903 -68.5834
-69.7771 -66.8397 -66.8735 -70.2689 0.0000 0.0000 0.0000 -67.4132 -67.5595 -67.7226 -67.8488 -68.0516 -68.2757 -68.5219 -68.8178 -69.1155 -69.4348 -69.8051 -70.1907 -70.1221 -70.0088 -69.8922 -69.7706 -69.6450 -69.4660 -69.4007 -69.2928 -69.1680 -69.0238 -68.8762 -68.7253 -68.5712 -68.4149 -68.2579 -68.0711 -67.9241 -67.8114 -67.7145 -67.6100 -67.6465
-66.9952 -67.0488 -70.3558 0.0000 0.0000 0.0000 0.0000 -67.7151 -67.8590 -68.0238 -68.1456 -68.3651 -68.5901 -68.8352 -69.1000 -69.3839 -69.7140 -70.0427 -69.9825 -69.8615 -69.7368 -69.6082 -69.4747 -69.3354 -69.2089 -68.9978 -68.9060 -68.7701 -68.6144 -68.4457 -68.2715 -68.0919 -67.9078 -67.6884 -67.4747 -67.2971 -67.1396 -67.0315 -66.9751 -67.0232
-67.3307 -70.4345 0.0000 0.0000 0.0000 0.0000 -67.8878 -67.9979 -68.1436 -68.3239 -68.4961 -68.6465 -68.8673 -69.1047 -69.3590 -69.6311 -69.9487 -69.8504 -69.7382 -69.6071 -69.4719 -69.3322 -69.1873 -69.0353 -68.8946 -68.6719 -68.5561 -68.3985 -68.2212 -68.0117 -67.8202 -67.6225 -67.4197 -67.2148 -66.9861 -66.7954 -66.6335 -66.5343 -66.5092 -66.5738
-70.6841 -71.5537 -77.8741 0.0000 0.0000 0.0000 -68.1548 -68.2803 -68.4299 -68.5976 -68.7708 -68.9112 -69.1249 -69.3539 -69.5988 -69.8833 -69.7540 -69.6210 -69.5004 -69.3602 -69.2152 -69.0652 -68.9097 -68.7452 -68.5467 -68.3345 -68.1569 -68.0174 -67.8359 -67.6385 -67.4355 -67.2240 -67.0088 -66.7944 -66.5645 -66.3794 -66.2376 -66.1766 -66.2126 -66.1940
-71.5607 -74.9168 0.0000 0.0000 0.0000 0.0000 -68.4038 -68.5411 -68.6908 -68.8574 -69.0306 -69.1577 -69.3648 -69.5863 -69.7851 -69.6751 -69.5388 -69.3985 -69.2699 -69.1213 -68.9398 -68.7820 -68.6174 -68.4676 -74.3059 0.0000 0.0000 0.0000 0.0000 0.0000 0.0000 0.0000 0.0000 -66.4334 -66.2168 -66.0568 -65.9577 -65.9577 -65.9962 -65.9490
-73.6018 -76.5625 -78.6993 0.0000 0.0000 -68.6247 -68.6525 -68.7902 -68.9391 -69.1035 -69.2724 -69.4517 -69.5898 -69.7262 -69.6118 -69.4733 -69.3024 -69.1564 -69.0220 -68.8913 -71.9032 -72.2564 -72.6375 -73.0292 -73.4394 0.0000 0.0000 0.0000 0.0000 0.0000 0.0000 0.0000 0.0000 -66.1396 -65.9459 -65.8305 -65.7931 -65.8569 -65.8050 -65.8292
-73.3703 -75.7840 -77.5752 -79.3059 -68.8655 -68.7852 -68.8910 -69.0281 -69.1751 -69.3359 -69.5007 -69.6469 -69.6513 -69.5147 -69.3956 -69.2780 -69.1293 -71.1383 -71.4589 -71.7697 -72.0968 -72.4411 -72.7953 -73.1637 -73.5771 0.0000 0.0000 0.0000 0.0000 0.0000 0.0000 0.0000 0.0000 -65.9104 -65.7727 -65.7058 -65.7349 -65.7125 -65.7191 -65.8146
-74.4419 -74.9363 -76.2710 -71.2139 -68.8839 -69.0098 -69.1196 -69.2297 -69.3738 -69.5293 -69.6896 -69.7177 -69.5335 -69.3840 -70.5661 -70.8113 -71.0690 -71.3392 -71.6535 -71.9553 -72.2688 -72.5938 -72.9297 -73.2747 -73.6506 0.0000 0.0000 0.0000 0.0000 0.0000 0.0000 0.0000 0.0000 -65.7574 -65.6770 -65.6714 -65.6754 -65.6502 -65.7234 -65.8792
-74.1475 -74.6608 -71.1353 -68.9531 -69.0754 -69.2016 -69.3128 -69.4706 -69.6114 -69.7642 -69.7050 -70.1953 -70.3870 -70.5487 -70.7754 -71.0142 -71.2647 -71.5272 -71.8333 -72.1230 -72.4229 -72.7328 -73.0513 -73.3784 -73.7175 -82.2124 0.0000 0.0000 0.0000 0.0000 0.0000 -73.3984 -65.7726 -65.6824 -65.6622 -65.6742 -65.6303 -65.6673 -65.7983 -65.9984
-74.0020 -71.2453 -68.9736 -69.1800 -69.3025 -69.4180 -69.5440 -69.6758 -69.9046 -70.0671 -70.2353 -70.4129 -70.6252 -70.7530 -70.9676 -71.1915 -71.4244 -71.6657 -71.9484 -72.2079 -72.4741 -72.7447 -73.0191 -73.2955 -73.5729 -73.7346 -73.8601 -73.7574 -73.6339 -73.5277 -73.4174 -65.7975 -65.7036 -65.6726 -65.7121 -65.6420 -65.6562 -65.7478 -65.9130 -66.1514
