-71.5204 -69.0977 -69.1938 -69.3771 -69.5670 -69.6936 -69.8324 -69.9723 -70.1204 -70.2807 -70.4430 -70.6121 -70.8142 -71.0036 -71.1261 -71.3386 -71.5585 -71.7855 -72.0536 -72.2954 -72.5423 -72.7911 -73.0413 -73.0668 -72.8685 -72.6465 -72.4588 -72.0795 -71.4930 -69.7523 -65.8410 -65.7445 -65.7121 -65.7300 -65.6896 -65.6734 -65.7397 -65.8738 -65.8705 -65.7219
-69.3046 -69.4182 -69.4518 -69.6431 -69.7731 -69.9042 -70.0381 -70.1755 -70.3179 -70.4710 -70.6266 -70.8134 -70.9871 -71.1685 -71.2775 -71.4805 -71.6898 -71.9049 -72.1608 -72.3874 -72.6163 -72.7916 -72.5733 -72.3222 -72.0272 -71.6776 -71.2285 -70.5565 -69.7626 -65.8965 -65.8005 -65.7600 -65.7729 -65.7427 -65.7248 -65.7577 -65.6916 -65.8376 -65.9816 -63.5296
-69.5360 -69.6212 -69.6503 -69.8388 -69.9680 -70.0942 -70.2259 -70.3634 -70.5019 -70.6494 -70.8002 -70.9832 -71.1509 -71.3248 -71.4199 -71.6135 -71.8122 -72.0154 -72.2587 -72.4699 -72.4670 -72.2287 -71.9583 -71.6481 -71.0867 -70.6995 -69.9628 -69.6982 -65.9591 -65.8666 -65.8201 -65.8231 -65.8162 -65.7796 -65.8091 -65.7113 -65.8332 -65.9953 -65.7962 -63.7436
-69.7269 -69.8101 -69.8352 -70.0186 -70.1503 -70.2769 -70.4063 -70.5402 -70.6761 -70.8193 -70.9890 -71.1447 -71.3059 -71.4727 -71.6457 -71.7381 -71.9262 -72.1172 -72.3482 -72.2358 -71.9909 -71.7187 -71.2226 -70.9053 -70.2175 -69.9994 -69.7415 -66.0115 -65.9351 -65.8881 -65.8830 -65.8908 -65.8544 -65.7045 -65.7621 -65.8510 -65.9895 -66.0572 -63.8166 -63.9434
-69.9785 -69.9928 -70.0140 -70.2013 -70.3264 -70.4516 -70.5771 -70.7083 -70.8428 -70.9817 -71.1481 -71.2982 -71.4532 -71.6127 -71.7768 -71.8548 -72.0321 -72.2114 -72.0740 -71.8316 -71.3800 -71.1088 -70.8157 -70.2570 -70.0459 -69.7940 -66.0942 -65.9971 -65.9426 -65.9500 -65.9709 -65.7785 -65.7780 -65.8142 -65.8989 -66.0051 -66.1534 -63.9008 -64.0166 -64.1279
0.0000 -70.1701 -70.1898 -70.3748 -70.4946 -70.6181 -70.7413 -70.8693 -71.0024 -71.1597 -71.2998 -71.4443 -71.5928 -71.7451 -71.9005 -72.0600 -72.1311 -71.9306 -71.5466 -71.3080 -71.0535 -70.5020 -70.3039 -70.0684 -69.8544 -66.1819 -66.0844 -66.0260 -66.0066 -66.0398 -65.8590 -65.8501 -65.8839 -65.9474 -66.0508 -66.1669 -66.1683 -64.0960 -64.2093 -64.3165
0.0000 0.0000 -70.3557 -70.4587 -70.6564 -70.7774 -70.8992 -71.0239 -71.1740 -71.3097 -71.4446 -71.5835 -71.7256 -71.8704 -72.0174 -71.9737 -71.6845 -71.4711 -71.2760 -70.7369 -70.5505 -70.3576 -70.1281 -69.9207 -66.2740 -66.1761 -66.1144 -66.0898 -65.9623 -65.9259 -65.9281 -65.9526 -66.0125 -66.0951 -66.2096 -66.3316 -64.1809 -64.2846 -64.3952 -64.4977
0.0000 0.0000 -70.5151 -70.6155 -70.8127 -70.9309 -71.0511 -71.1723 -71.3199 -71.4526 -71.5832 -71.7162 -71.8517 -71.8133 -71.9474 -71.7530 -71.4564 -70.9345 -70.7863 -70.6045 -70.4167 -70.1933 -66.4943 -66.3689 -66.2713 -66.2069 -66.1777 -66.0434 -66.0175 -65.9946 -66.0175 -66.0774 -66.1560 -66.2503 -66.3720 -64.2708 -64.3655 -64.4668 -64.5745 -64.6729
0.0000 0.0000 0.0000 -70.7667 -70.9637 -71.0789 -71.1972 -71.3351 -71.4598 -71.5880 -71.7155 -71.6809 -71.8052 -71.9318 -71.7619 -71.5544 -71.0586 -70.8413 0.0000 -70.4530 -70.2626 -66.5900 -66.4665 -66.3689 -66.3022 -66.1315 -66.1292 -66.1127 -66.0841 -66.0912 -66.1309 -66.2069 -66.3079 -66.4086 -66.5339 -64.4516 -64.5442 -64.6432 -64.7479 -64.8423
0.0000 0.0000 0.0000 -70.9140 -71.1053 -71.2216 -71.3371 -71.4735 -71.5943 -71.5682 -71.6876 -71.8050 -71.9246 -71.7884 -71.2965 -71.1575 0.0000 0.0000 0.0000 -70.3358 -66.6877 -66.5660 -66.4689 -66.2657 -66.2256 -66.2184 -66.2105 -66.1772 -66.1775 -66.2089 -66.2667 -66.3468 -66.4550 -66.5677 -64.5482 -64.6269 -64.7174 -64.8139 -64.9153 -64.9754
0.0000 -76.9101 -74.8003 -71.0586 -71.2477 -71.3593 -71.4912 -71.4675 -71.5797 -71.6943 -71.8116 -71.9247 -71.5286 -71.3686 0.0000 0.0000 0.0000 0.0000 0.0000 0.0000 -66.6670 -66.5703 -66.3650 -66.3220 -66.3104 -66.3105 -66.2730 -66.2676 -66.2914 -66.3407 -66.4112 -66.4993 -66.6008 -64.6387 -64.7195 -64.7972 -64.8854 -64.9792 -65.0775 -64.9226
-76.1627 -74.9015 -71.2685 -71.3038 -71.2598 -71.3626 -71.4876 -71.5967 -71.7053 -71.8162 -71.9294 -71.5980 -72.6773 0.0000 0.0000 0.0000 0.0000 0.0000 -72.8781 -66.8236 -66.5395 -66.4654 -66.4203 -66.4049 -66.4121 -66.3710 -66.3604 -66.3779 -66.4197 -66.4814 -66.5603 -66.6526 -66.7563 -64.7997 -64.8862 -64.9699 -65.0484 -65.1394 -65.0935 -64.8760
-74.9823 -71.4194 -71.2748 -71.3173 -71.3927 -71.5097 -71.6147 -71.7215 -71.8267 -71.9341 -72.3881 -72.6057 -72.8101 -81.3290 0.0000 0.0000 -71.3643 -71.3658 -66.7955 0.0000 0.0000 -66.5199 -66.5011 -66.5087 -66.4707 -66.4554 -66.4671 -66.5022 -66.5566 -66.6272 -66.7107 -66.8053 -64.8897 -64.9631 -65.0484 -65.1301 -65.2065 -65.2479 -65.0498 -64.8355
-73.9123 -71.3423 -71.4007 -71.4488 -71.4782 -71.6357 -71.7376 -71.8421 -72.1645 -72.3874 -72.5618 -72.7032 -76.4935 -77.2155 -71.4958 -70.7829 -70.6808 0.0000 0.0000 0.0000 0.0000 -66.5989 -66.6022 -66.5720 -66.5524 -66.5588 -66.5875 -66.6354 -66.6985 -66.7747 -66.8605 -66.9564 -65.0501 -65.1225 -65.1986 -65.2861 -65.3603 -65.2072 -65.0117 -64.8009
-71.4070 -71.4677 -71.5252 -71.5762 -71.6186 -71.7576 -72.0460 -72.2272 -72.3917 -72.5160 -72.6381 -72.7566 -71.4590 -70.7972 -70.4663 -70.0752 0.0000 0.0000 0.0000 0.0000 0.0000 0.0000 -66.6740 -66.6508 -66.6525 -66.6758 -66.7172 -66.7738 -66.8427 -66.9216 -67.0094 -65.1383 -65.2067 -65.2777 -65.3523 -65.4378 -65.3628 -65.1718 -64.9792 -64.7719
-71.5303 -71.5907 -71.6476 -71.7006 0.0000 0.0000 0.0000 -72.3737 -72.4851 -72.5926 -71.7104 -70.9587 -70.5798 -70.2922 -78.9166 0.0000 0.0000 0.0000 0.0000 0.0000 -72.3377 -66.8269 -66.7504 -66.7477 -66.7661 -66.8020 -66.8522 -66.9146 -66.9871 -67.0676 -65.2284 -65.2920 -65.3594 -65.4292 -65.5020 -65.5159 -65.3298 -65.1416 -64.9520 -64.7480
-71.6524 -71.7112 -72.1450 0.0000 0.0000 0.0000 0.0000 0.0000 -71.9680 -71.3941 -70.8264 -70.4857 -70.3847 -76.4783 -77.7502 -79.2300 0.0000 0.0000 -72.2211 -71.1038 -66.9287 -66.8966 0.0000 -66.8581 -66.8888 -66.9336 -66.9901 -67.0562 -67.1303 -67.2115 -65.3792 -65.4425 -65.5085 -65.5768 -65.6480 -65.4851 -65.3017 -65.1162 -64.9298 -64.7299
-72.0256 -72.1603 -83.2892 0.0000 0.0000 0.0000 0.0000 0.0000 -71.0987 -70.7641 -70.2118 -70.3484 -74.8171 -75.6659 -76.5872 -77.5920 -72.1827 -70.9045 -70.5532 -67.0318 -66.9981 0.0000 0.0000 -66.9777 -67.0174 -67.0683 -67.1287 -67.1968 -67.2718 -65.4677 -65.5269 -65.5891 -65.6544 -65.7209 -65.6373 -65.4585 -65.2779 -65.0958 -64.9126 -64.7177
0.0000 0.0000 -81.2033 0.0000 0.0000 0.0000 0.0000 0.0000 -70.7369 -70.5330 -70.3139 -73.8234 -74.2822 -74.9730 -72.2048 -71.6009 -70.6692 -70.2976 -67.1363 0.0000 0.0000 0.0000 0.0000 0.0000 -67.1489 -67.2041 -67.2669 -67.3359 -65.5572 -65.6127 -65.6712 -65.7325 -65.7964 -65.7869 -65.6126 -65.4365 -65.2588 -65.0798 -64.9009 -64.7118
0.0000 0.0000 -80.2906 0.0000 0.0000 -77.2363 -77.1169 -70.8701 -70.5603 -70.3053 -73.1741 -73.4445 -72.3809 -71.8466 -71.3293 -70.5610 -70.1799 0.0000 0.0000 0.0000 0.0000 0.0000 0.0000 -67.2821 -67.2819 -67.3398 -67.4036 -67.4732 -65.6998 -65.7547 -65.8124 -65.8726 -65.9343 -65.7642 -65.5919 -65.4187 -65.2440 -65.0687 -64.8948 -67.2223
0.0000 0.0000 0.0000 -79.6982 -75.3843 -73.6848 -70.9190 -70.6731 -70.3569 -72.9955 -72.6148 -72.0613 -71.6917 -70.9012 -70.5173 -70.1294 -75.7203 -78.5591 0.0000 0.0000 0.0000 -77.0449 -68.7229 -67.4063 0.0000 -67.4742 -67.5386 -65.7879 -65.8395 -65.8937 -65.9505 -66.0096 -65.9127 -65.7449 -65.5753 -65.4050 -65.2335 -65.0631 -67.3380 -67.1594
0.0000 -85.9961 -75.2217 -74.3389 -71.1918 -70.9638 -70.7167 -73.0471 -72.8833 -72.2872 -71.9392 -71.5542 -70.8831 -70.5230 -70.1423 -70.4220 -74.5062 -76.9363 0.0000 -75.0104 -73.9172 -71.1637 0.0000 0.0000 0.0000 0.0000 -65.8769 -65.9254 -65.9765 -66.0299 -66.0857 -66.0579 -65.8946 -65.7294 -65.5629 -65.3954 -65.2278 -67.4349 -67.3052 -67.0683
-75.1716 -74.5420 -73.5456 -71.2332 -71.0128 -70.7498 -73.2688 -72.6493 -72.2193 -71.8809 -71.1907 -70.8762 -70.5532 -70.5777 -70.3911 -72.6482 -74.2217 -74.7642 -74.1021 -72.3865 0.0000 0.0000 0.0000 0.0000 0.0000 0.0000 -66.0122 -66.0602 -66.1107 -66.1634 -66.2005 -66.0410 -65.8801 -65.7177 -65.5542 -65.3900 -65.2272 -67.4300 -67.2201 -66.9902
-74.3010 -71.5019 -71.2972 -71.0615 -70.7885 -72.9200 -72.5885 -72.2656 -71.8581 -71.2231 -70.9067 -70.5880 -70.6424 -70.4211 -71.7950 -72.5536 -73.6804 -73.6619 -72.2295 -78.9970 0.0000 0.0000 0.0000 0.0000 -75.4061 -66.1405 -66.1666 -66.1925 -66.2422 -66.2941 -66.1848 -66.0275 -65.8691 -65.7096 -65.5491 -65.3895 -67.5536 -67.3502 -67.1420 -66.9145
-71.5574 -71.3560 -71.1192 -70.8385 -72.8033 -72.5320 -72.2377 -71.9308 -71.2562 -70.9689 -70.6498 -70.7088 -70.4820 -71.2625 -71.8663 -72.7003 -73.4361 -72.1830 -76.5887 -78.0552 0.0000 0.0000 -73.3088 -72.2137 -69.4882 -66.2691 -66.2979 -66.3223 -66.3712 -66.3264 -66.1724 -66.0172 -65.8616 -65.7051 -65.5482 -67.6778 -67.4800 -67.2773 -67.0759 -66.8451
-71.4135 -71.1701 -70.9140 -72.7541 -72.5094 -72.2311 -71.5978 -71.3163 -71.0273 -71.0654 -70.7966 -70.5395 -71.0249 -71.4713 -72.1070 -72.8258 -72.2159 -75.1363 -76.3065 -77.4504 -77.8516 -72.4036 -71.4392 -69.6052 -66.3519 -66.3936 -66.4268 -66.4776 -66.4656 -66.3149 -66.1630 -66.0104 -65.8575 -65.7043 -67.7996 -67.6082 -67.4118 -67.2153 -67.0114 -66.7808
-71.2073 -70.9808 -72.7692 -72.4854 -72.2355 -71.6376 -71.3888 -71.1077 -71.1616 -70.9087 -70.6362 -70.8837 -71.2363 -71.7394 -72.3220 -73.0434 -74.1661 -75.1365 -73.0342 -72.5526 -71.9576 -71.1595 -69.7227 -68.4776 -66.4737 -66.5150 -66.5594 -66.6028 -66.4550 -66.3062 -66.1567 -66.0067 -65.8568 -65.7078 -67.7343 -67.5443 -67.3494 -67.1558 -66.9506 -66.7231
-71.0522 0.0000 0.0000 0.0000 0.0000 0.0000 -71.1995 -71.2724 -71.0098 -70.7319 -70.8308 -71.0886 -71.5071 -71.5350 -72.6104 -73.5029 -73.1119 -72.7253 -72.2684 -71.7178 -71.0493 -69.8410 -68.9248 -66.5562 -66.5933 -66.6340 -66.6784 -66.6197 -66.4470 -66.3006 -66.1535 -66.0064 -65.8597 -67.8592 -67.6745 -67.4859 -67.2973 -67.0998 -66.8960 -66.6716
-79.1912 0.0000 0.0000 0.0000 0.0000 0.0000 0.0000 -71.1140 -70.8328 -70.8077 -71.0282 0.0000 0.0000 0.0000 -73.0407 -72.8977 -72.5269 -72.0988 -71.6008 -71.0131 -69.9562 -69.2437 -66.6415 -66.6747 -66.7109 -66.7511 -66.7497 -66.6078 -66.4636 -66.2977 -66.1535 -66.0093 -67.9811 -67.8028 -67.6197 -67.4370 -67.2458 -67.0484 -66.8343 -66.6262
-79.2339 -81.3671 0.0000 0.0000 0.0000 0.0000 0.0000 -70.8950 -70.9275 0.0000 0.0000 0.0000 0.0000 0.0000 0.0000 -72.4021 -72.0015 -71.5475 -71.0276 -70.0707 -69.4794 -68.7663 -66.7590 -66.7915 -66.8271 -66.8666 -66.7383 -66.5988 -66.4591 -66.2980 -66.1564 -68.1019 -67.9283 -67.7512 -67.5699 -67.3891 -67.1975 -67.0026 -66.7910 -66.5865
-79.2950 -80.3747 0.0000 -82.7942 0.0000 0.0000 0.0000 -70.9746 -78.0721 -80.8911 0.0000 0.0000 0.0000 0.0000 0.0000 -71.9527 -71.5353 -71.0677 -70.1841 -69.6761 -69.0761 -66.8449 -66.8749 -66.9068 -66.9417 -66.8678 -66.7300 -66.5928 -66.4558 -66.3184 -66.1626 -68.0521 -67.8797 -67.7043 -67.5289 -67.3439 -67.1543 -66.9619 -66.7528 -66.5523
0.0000 -76.4501 -76.3494 -76.1975 -76.1833 -76.7485 -71.0438 -75.1939 -78.1472 -79.6371 0.0000 0.0000 -81.5569 -82.7298 -78.6750 -71.5509 -71.1250 -70.2966 -69.8491 -69.3448 -66.9317 -66.9599 -66.9893 -67.0206 -66.9983 -66.8607 -66.7247 -66.5898 -66.4557 -66.3216 -68.1743 -68.0065 -67.8357 -67.6656 -67.4872 -67.3032 -67.1160 -66.9262 -66.7200 -66.5232
0.0000 -75.2144 -74.8456 -74.5816 -74.4649 -71.0967 -74.6038 -76.1901 -78.2218 -78.7768 -79.0115 -78.8976 -78.8196 -71.9917 -71.6252 -71.1982 -70.4089 -70.0067 -69.5621 -69.0555 -67.0456 -67.0733 -67.1022 -67.1299 -66.9922 -66.8563 -66.7223 -66.5899 -66.4585 -68.3135 -68.1531 -67.9650 -67.7956 -67.6268 -67.4487 -67.2671 -67.0826 -66.8955 -66.6918 -66.4682
-74.4767 -74.0934 -73.6583 -73.4011 -71.2954 -74.1935 -75.3688 -76.6480 -77.5168 -77.3124 -76.7268 -75.6569 -72.0163 -71.6738 -71.3041 -70.5253 -70.1544 -69.7551 -69.3032 -67.1315 -67.1578 -67.1851 -67.2136 -67.1247 -66.9887 -66.8547 -66.7231 -66.5933 -68.4246 -68.2688 -68.1099 -67.9273 -67.7634 -67.5905 -67.4146 -67.2353 -67.0533 -66.8691 -66.6682 -66.4500
-73.6657 -73.2544 -72.9129 -69.1151 -73.2207 -74.5361 -75.8674 -76.8346 -76.3757 -75.8119 -72.3847 -72.0534 -71.7319 -71.3875 -70.6580 -70.2999 -69.9330 -69.5224 -67.2164 -67.2426 -67.2686 -67.2955 -67.2571 -67.1220 -66.9880 -66.8560 -66.7267 -66.5995 -68.3826 -68.2282 -68.0709 -67.8972 -67.7293 -67.5581 -67.3846 -67.2077 -67.0283 -66.8471 -66.6186 -66.4365
-72.9997 -72.6498 -69.2197 -72.6965 -73.6513 -74.6737 -75.7670 -75.8914 -75.3082 -72.4088 -72.1002 -71.7970 -71.4744 -70.7700 -70.4511 -70.0995 -69.7368 -69.3357 -67.3271 -67.3522 -67.3779 -67.3883 -67.2549 -67.1217 -66.9898 -66.8601 -66.7330 -68.4953 -68.3444 -68.1913 -68.0356 -67.8792 -67.6988 -67.5297 -67.3584 -67.1840 -67.0074 -66.7970 -66.6055 -66.4279
-72.5063 -71.9014 -72.4308 -73.0061 -73.9043 -74.8122 -75.6132 -75.0702 -72.4256 -72.1546 -71.8676 -71.5637 -70.8809 -70.5829 -70.2662 -69.9210 -69.5509 -67.4104 -67.4359 -67.4604 -67.4857 -67.3866 -67.2550 -67.1239 -66.9942 -66.8669 -68.6084 -68.4597 -68.3099 -68.1582 -68.0071 -67.8475 -67.6718 -67.5048 -67.3357 -67.1642 -66.9907 -66.7841 -66.5968 -66.4241
-71.9912 -72.2705 -72.7200 -73.4363 -74.1452 -74.9269 -72.7129 -72.4566 -72.2101 -71.9422 -71.6549 -70.9905 -70.7105 -70.4145 -70.1012 -69.7491 -69.4032 -67.5184 -67.5428 -67.5671 -67.5167 -67.3870 -67.2574 -67.1284 -67.0012 -66.8763 -68.5752 -68.4275 -68.2789 -68.1319 -67.9770 -67.8195 -67.6593 -67.4835 -67.3169 -67.1481 -66.9450 -66.7754 -66.5925 -66.4259
0.0000 -72.5447 -73.1293 -73.7112 -74.3478 -72.7790 -72.5114 -72.2651 -72.0170 -71.7473 -71.0990 -70.8345 -70.5564 -70.2632 -69.9398 -69.6124 -67.6009 -68.0348 0.0000 0.0000 -67.5173 -67.3895 -67.2620 -67.1354 -67.0106 -68.6925 -68.5454 -68.3987 -68.2513 -68.1040 -67.9506 -67.7950 -67.6368 -67.4656 -67.3015 -67.1021 -66.9364 -66.7707 -66.5929 -66.4339
0.0000 0.0000 -73.4126 -73.9492 -72.8319 -72.5942 -72.3345 -72.0877 -71.8392 -71.2064 -70.9556 -70.6927 -70.4173 -70.1284 -69.8119 0.0000 0.0000 0.0000 0.0000 0.0000 -67.5199 -67.3941 -67.2689 -67.1448 -68.8116 -68.6647 -68.5186 -68.3730 -68.2288 -68.0791 -67.9274 -67.7737 -67.6178 -67.4599 -67.2551 -67.0938 -66.9315 -66.7701 -66.5986 -66.4489
