-55.4065 -62.9901 -63.3044 -63.6164 -63.9183 -64.0438 -63.7570 -63.5377 -56.0623 -63.9475 -64.2944 -64.6349 -65.2096 -65.5183 -65.4148 -65.7327 -64.1432 -64.2909 -56.8481 -56.9162 -56.9997 -57.0757 -57.1513 -57.2564 -64.3999 -64.4146 -64.5169 -64.6248 -64.7350 -64.8121 -64.9227 -65.0324 -65.1404 -65.2474 -65.3530 -65.4570 -65.5749 -66.3969 -66.3875 -65.1636
-55.3163 -62.9938 -63.3484 -63.7833 -64.1021 -63.8118 -63.5049 -55.8957 -63.6722 -64.0001 -64.3645 -64.9984 -65.4052 -65.7148 -65.6533 -63.9639 -64.1075 -56.6943 -56.7625 -56.8469 -56.9228 -56.9996 -57.0652 -64.4424 -64.2625 -64.3645 -64.4426 -64.5548 -64.6683 -64.7815 -64.8938 -65.0043 -65.1138 -65.2218 -65.3281 -65.4482 -66.2766 -66.2661 -63.6666 -63.7000
-62.7896 -63.1396 -63.5196 -63.8685 -63.9100 -63.5361 -63.2635 -55.8067 -63.7534 -64.1415 -64.8066 -65.2652 -65.5858 -65.4721 -65.8078 -63.9225 -56.5626 -56.6138 -56.6833 -56.7548 -56.8320 -56.9111 -64.2519 -64.0794 -64.1802 -64.2913 -64.4062 -64.5222 -64.6381 -64.7532 -64.8664 -64.9785 -65.0889 -65.1976 -63.8344 -64.4205 -64.4224 -63.5565 -63.6309 -63.6658
-62.7978 -63.2310 -63.5824 -63.9387 -63.6300 -63.2911 -55.6365 -63.4539 -63.8659 -64.2736 -65.0660 -65.4575 -65.7862 -65.7075 -63.7323 -63.8895 -56.4420 -56.5128 -56.5984 -56.6708 -56.7492 -56.8570 -64.1991 -64.0257 -64.1375 -64.2551 -64.3737 -64.4925 -64.6105 -64.7270 -64.8414 -63.5411 -63.6297 -63.7277 -64.3218 -64.3227 -63.4449 -63.5205 -63.5570 -65.0046
-62.8473 -63.3361 -63.7357 -63.8137 -63.3908 -63.0441 -55.5533 -63.5667 -64.0092 -64.8512 -65.3633 -65.6920 -65.6168 -63.4950 -63.6267 -56.2768 -56.3556 -56.4270 -56.5138 -56.5926 -56.6753 -64.0348 -63.8694 -63.9814 -64.1009 -64.2227 -64.3445 -63.1456 -63.2417 -63.3359 -63.4286 -63.5194 -63.6196 -64.2219 -64.2215 -64.6445 -64.7396 -64.8362 -64.8787 -64.9750
-63.0012 -63.4696 -63.8749 -63.5350 -63.0798 -55.3733 -63.2394 -63.7186 -64.6154 -65.2042 -65.5368 -65.8359 -65.4231 -63.4052 -63.5769 -56.1937 -56.2667 -56.3466 -56.4340 -56.5157 -63.8710 -63.7158 -63.8228 -63.9441 -62.8217 -62.9230 -63.0234 -63.1223 -63.2190 -63.3142 -63.4074 -64.9415 -65.8033 -65.7894 -64.5117 -64.6092 -64.7072 -64.7527 -64.8504 -64.9286
-63.1664 -63.6309 -63.7591 -63.2339 -62.7907 -55.2868 -63.3976 -64.2625 -64.9393 -65.4335 -65.7684 -65.4629 -63.2135 -63.3820 -56.0299 -56.1113 -56.1845 -56.2733 -56.3537 -56.5139 -62.5996 -62.4858 -62.5865 -62.6909 -62.7955 -62.8988 -63.0006 -63.1004 -64.5547 -64.6768 -64.8129 -65.6858 -65.6706 -64.3790 -64.4780 -64.5774 -64.6775 -64.7241 -64.8043 -64.8396
-63.3524 -63.8233 -63.4589 -62.8397 -55.0904 -62.9473 -63.4870 -64.7365 -65.4051 -65.8343 -65.9992 -65.1321 -63.1831 -55.8639 -55.9455 -56.0205 -56.1024 -55.9482 -56.0304 -62.4563 -62.3517 -62.4504 -62.5573 -62.6653 -64.0294 -64.1614 -64.2923 -64.4205 -64.5465 -64.6857 -65.5689 -65.5512 -64.2445 -64.3449 -64.4457 -64.5472 -64.5961 -64.6781 -64.7132 -64.7531
-63.5040 -63.7141 -63.0275 -62.4610 -54.9986 -63.1685 -64.5700 -65.3776 -65.9250 -66.2265 -65.2088 -62.9831 -63.1696 -55.5475 -55.6288 -55.7020 -55.7896 -55.8705 -62.3124 -62.4256 -62.3117 -63.6037 -63.7433 -63.8826 -64.0198 -64.1545 -64.2860 -64.4152 -64.5573 -65.4509 -65.4305 -64.1079 -64.2098 -64.3120 -64.4145 -64.5179 -64.5502 -64.5847 -64.6244 -64.6694
-63.7593 -63.3833 -62.6706 -54.8092 -62.8054 -64.4001 -65.4220 -66.1197 -66.5079 -65.8315 -61.6846 -61.8591 -55.3831 -55.4649 -55.5462 -55.6212 -55.7090 -63.3198 -63.4516 -63.3131 -63.4485 -63.5919 -63.7355 -63.8765 -64.0148 -64.1501 -64.2820 -64.4272 -65.3318 -65.3084 -63.9692 -64.0725 -64.1762 -64.2802 -64.3849 -64.4203 -64.4542 -64.4936 -64.5386 -57.7964
-63.9198 -63.0408 -62.2518 -54.7197 -63.1119 -65.6166 -64.1987 -64.4967 -64.1190 -63.2860 -61.6845 -55.3093 -55.2979 -55.6058 -55.6849 -55.7782 -55.8664 -63.2827 -63.1543 -63.2916 -63.4379 -63.5852 -63.7306 -63.8726 -64.0116 -64.1468 -64.2952 -65.2114 -65.1846 -63.8281 -63.9329 -64.0381 -64.1436 -64.2499 -64.3390 -64.3217 -64.2959 -64.3403 -57.6410 -57.7158
-63.6410 -62.6290 -54.5250 -61.6034 -64.0158 -64.5821 -64.8721 -64.4794 -63.7826 -61.4812 -62.7616 -55.3466 -55.4349 -55.5217 -55.6026 -55.6974 -63.1151 -63.2756 -63.1351 -63.2805 -63.4317 -63.5816 -63.7279 -63.8707 -64.0094 -64.1613 -65.0895 -65.0592 -63.6845 -63.7909 -63.8977 -64.0048 -64.0430 -64.1337 -64.1173 -64.1558 -64.2003 -57.4962 -57.5714 -57.6527
-62.0108 -61.1028 -54.2414 -64.6246 -64.7187 -64.9323 -67.9737 -66.5594 -62.4144 -62.5716 -55.1725 -55.2614 -55.3496 -55.4312 -55.5256 -62.9492 -63.0972 -62.9708 -63.1201 -63.2746 -63.4289 -63.5801 -63.7270 -63.8702 -64.0252 -64.9662 -64.9322 -63.5384 -63.5749 -63.6821 -63.7897 -63.8976 -63.9911 -64.0236 -64.0137 -64.0583 -57.3493 -57.4248 -57.5072 -57.5893
-61.6711 -54.0507 -65.3319 -69.2462 -69.3659 -69.4785 -68.1566 -66.0077 -62.3819 -62.6103 -55.0846 -55.1744 -55.2631 -55.3456 -55.4434 -62.9168 -63.1060 -62.9583 -63.1137 -63.2727 -63.4289 -63.5806 -63.7279 -63.8869 -64.7320 -64.6962 -63.3130 -63.4218 -63.5310 -63.6405 -63.7504 -63.8467 -63.8787 -63.8696 -63.9142 -57.2002 -57.2765 -57.3595 -57.4428 -57.5235
-61.1517 -53.9540 0.0000 0.0000 0.0000 0.0000 -68.4682 -62.2580 -62.4780 -54.9161 -55.0065 -55.0955 -55.1794 -55.2765 -62.7774 -62.9458 -62.8045 -62.9571 -63.1129 -63.2681 -63.3368 -63.4872 -63.6487 -64.5955 -64.5562 -64.5219 -63.2662 -63.3775 -63.4890 -63.6009 -63.7002 -63.7318 -63.7240 -63.7680 -57.0488 -57.1262 -57.2096 -57.3117 -57.3935 -57.4720
-53.7572 -53.8581 0.0000 0.0000 0.0000 0.0000 -68.2083 -62.2446 -54.7524 -54.8187 -54.9097 -55.0009 -55.0854 -62.5643 -62.7142 -62.5226 -62.6831 -62.8477 -63.0135 -63.1751 -63.3312 -63.4981 -64.4579 -64.4148 -64.3770 -63.1083 -63.2216 -63.3352 -63.4491 -63.5513 -63.5827 -63.6204 -63.6996 -63.7510 -56.9901 -57.0739 -57.1598 -57.2428 -57.3224 -57.4009
-53.8378 -53.9402 -54.0366 -54.1335 -54.2136 -54.3397 -61.9094 -62.1290 -54.6145 -54.7089 -54.8015 -54.8765 -54.9773 -62.4128 -62.6283 -62.4989 -62.6713 -62.8427 -63.0105 -63.1729 -63.3451 -64.3194 -64.2720 -64.2303 -62.9477 -63.0633 -63.1790 -63.2951 -63.4795 -63.5095 -63.5459 -63.5443 -63.5959 -56.8341 -56.9182 -57.0055 -57.0897 -57.1705 -57.2501 -57.3425
-53.7446 -53.8415 -53.9376 -54.0370 -54.1331 -61.6924 -61.9320 -54.4101 -54.5054 -54.5995 -54.6944 -54.7832 -62.2045 -62.4156 -62.3102 -62.4927 -62.6682 -62.8428 -63.0117 -64.2386 -64.1799 -64.1278 -64.0819 -62.8572 -62.9754 -63.0940 -63.2128 -63.3220 -63.3512 -63.3873 -63.4312 -63.4385 -56.6755 -56.7610 -56.8488 -56.9342 -57.0162 -57.0787 -57.1593 -57.2569
-53.6333 -53.7313 -53.8300 -53.9034 -61.3853 -61.6091 -61.8595 -54.3100 -54.4069 -54.5028 -54.5922 -61.9660 -62.1979 -62.4475 -62.3063 -62.4942 -62.6720 -62.8478 -64.1040 -64.1416 -64.0804 -64.0265 -62.6868 -62.8074 -62.9282 -63.0493 -63.1622 -63.1904 -63.2263 -63.2701 -63.2786 -56.5144 -56.6011 -56.6722 -56.7587 -56.8417 -56.9235 -57.0056 -57.1038 -69.2287
-53.5067 -53.6106 -53.7116 -53.8155 -61.3615 -61.6428 -54.1111 -54.2099 -54.3072 -54.4049 -54.4981 -61.9756 -62.2283 -62.1150 -62.3827 -62.5718 -62.7568 -64.0684 -63.9950 -63.9280 -63.8689 -62.5135 -62.6365 -62.7597 -62.8832 -63.0001 -63.0274 -63.0629 -63.1064 -63.0794 -56.3341 -56.4219 -56.5107 -56.5985 -56.6828 -56.7659 -56.8494 -56.9326 0.0000 0.0000
-53.3975 -53.5009 -53.5945 -61.1140 -61.3899 -53.9280 -54.0087 -54.1080 -54.2076 -54.3187 -61.7840 -62.0708 -62.3573 -62.1922 -62.3939 -62.5827 -63.9276 -63.8480 -63.7751 -63.7095 -62.3372 -62.4627 -62.5881 -62.7136 -62.8344 -62.7849 -62.8196 -62.8628 -62.9150 -56.1679 -56.2571 -56.3470 -56.4357 -56.5213 -56.6057 -56.6908 -56.7752 -56.8606 0.0000 0.0000
-53.2883 -53.3689 -53.5037 -61.1287 -61.4567 -53.8140 -53.9161 -54.0174 -54.1179 -61.5576 -61.8327 -62.1284 -61.9954 -62.2074 -62.4058 -63.7876 -63.7001 -63.6202 -63.5477 -62.1569 -62.2849 -62.3420 -62.4689 -62.5931 -62.6186 -62.6525 -62.6957 -62.7481 -56.0074 -56.0896 -56.1810 -56.2702 -56.3572 -56.4429 -56.5295 -56.6153 -56.7026 -56.7904 0.0000 0.0000
-53.1874 -53.2859 -60.9176 -61.2574 -53.6047 -53.7082 -53.8107 -53.9138 -54.0423 -61.5563 -61.8918 -61.7932 -62.0166 -62.2299 -63.6475 -63.5507 -63.4634 -63.2920 -61.9076 -62.0372 -62.1669 -62.2966 -62.4253 -62.4499 -62.4832 -62.5260 -62.5785 -55.8353 -55.9192 -56.0122 -56.1020 -56.1903 -56.2774 -56.3656 -56.4527 -56.5419 -56.6309 -56.7175 -56.5459 0.0000
-53.0529 -53.1914 -60.9822 -61.3705 -53.4955 -53.5998 -53.7053 -53.8098 -61.3075 -61.6458 -61.9810 -61.8204 -62.0456 -63.4107 -63.3076 -63.2146 -63.1308 -61.7238 -61.8563 -61.9890 -62.1215 -62.2539 -62.2787 -62.3111 -62.3535 -62.4061 -55.6602 -55.7540 -55.8405 -55.9308 -56.0205 -56.1090 -56.1990 -56.0523 -56.1400 -56.2272 -56.3115 -56.6413 -56.7238 0.0000
-52.9554 -60.6906 -61.0990 -53.2783 -53.3849 -53.4916 -53.5978 -61.0854 -61.3595 -61.6742 -61.5544 -61.7904 -63.2840 -63.1639 -63.0605 -62.9681 -61.5365 -61.6723 -61.8080 -61.9436 -62.0790 -62.1050 -62.1364 -62.1781 -62.2310 -55.4820 -55.5773 -55.6657 -55.7575 -55.6274 -55.7147 -55.8033 -55.8906 -56.2141 -56.3058 -56.3939 -56.4789 -56.5627 -56.6478 0.0000
-60.3352 -60.8211 -53.0567 -53.1607 -53.2726 -53.3720 -53.5057 -61.0360 -61.4304 -61.8020 -61.6036 -63.1552 -63.0226 -62.9074 -62.8042 -61.3460 -61.4850 -61.6241 -61.7630 -61.9013 -61.9286 -61.9591 -62.0001 -62.0530 -55.0974 -55.1915 -55.2868 -55.3696 -55.6737 -55.7656 -55.8588 -55.9510 -56.0453 -56.1385 -56.2275 -56.3140 -56.3992 -56.4863 -56.5725 -56.6611
-60.5237 -60.9520 -52.9309 -53.0404 -53.1518 -53.2624 -60.7945 -61.1467 -61.5732 -61.4137 -63.0318 -62.8899 -62.7558 -62.6404 -61.1524 -61.2947 -61.4372 -61.5794 -61.7211 -60.8841 -60.9141 -60.9533 -61.0025 -55.1171 -55.2158 -55.3161 -55.4034 -55.4951 -55.5888 -55.6836 -55.7777 -55.8738 -55.9683 -56.0583 -56.1463 -56.2336 -56.3222 -56.4104 -56.5006 -56.5914
-60.7006 -52.7025 -52.8095 -52.9260 -53.0393 -60.5185 -60.8814 -61.3362 -61.2208 -62.9156 -62.7563 -62.6065 -62.4768 -60.9545 -61.1012 -60.4425 -60.5692 -60.6949 -61.5744 -61.6025 -61.6425 -61.6954 -54.9290 -55.0296 -55.1319 -55.2286 -55.3136 -55.4088 -55.5054 -55.6016 -55.6992 -55.7949 -55.8862 -55.9756 -56.0651 -56.1551 -56.2454 -56.3373 -56.4290 -56.5211
-61.0235 -52.5824 -52.6951 -52.8116 -52.9516 -60.6300 -61.0604 -61.5389 -62.8090 -62.6291 -61.3879 -61.2766 -61.1814 -60.9039 -61.0602 -61.2103 -61.3596 -61.3915 -61.4184 -61.4575 -61.5099 -54.6803 -54.8399 -54.9442 -55.0426 -55.1293 -55.2255 -55.3239 -55.4222 -55.5213 -55.6185 -55.7110 -55.8020 -55.8936 -55.9852 -56.0857 -56.1786 -56.2708 -56.3636 -56.4548
-52.3466 -52.4605 -52.5779 -52.6953 -60.3340 -60.0081 -60.4424 -61.5523 -61.4029 -62.3339 -62.1627 -62.0155 -60.7099 -60.8653 -61.0197 -61.1731 -61.2065 -61.2317 -61.2696 -61.3216 -54.4890 -54.6465 -54.7529 -54.8526 -54.9487 -55.0387 -55.1389 -55.2394 -55.3402 -55.4472 -55.5408 -55.6330 -55.7263 -55.8190 -55.9136 -56.0079 -56.1013 -56.1951 -56.2878 -56.3811
-52.0964 -52.2111 -52.3284 -59.3330 -60.5675 -61.0797 -63.5070 -62.4164 -62.2038 -62.0134 -61.8401 -60.5071 -60.6673 -60.8261 -60.9835 -61.0186 -61.0418 -61.0783 -61.1296 -54.2939 -54.4493 -54.5574 -54.6690 -54.7667 -54.8575 -54.9591 -55.0613 -55.1632 -55.2621 -55.3575 -55.4515 -55.5470 -55.6417 -55.7384 -55.8341 -55.9285 -56.0236 -56.1181 -56.2139 -56.3095
-52.0945 -52.2171 -52.4149 -60.2802 -60.8599 -63.4903 -62.3322 -62.0858 -61.8651 -61.6656 -60.3004 -60.4652 -60.6291 -60.7908 -60.8275 -60.8627 -60.8966 -60.9463 -54.0971 -54.1919 -54.3672 -54.4702 -54.5698 -54.6629 -54.7655 -54.8698 -54.9734 -55.0736 -55.1708 -55.2671 -55.3644 -55.4612 -55.5599 -55.6571 -55.7527 -55.8491 -55.9442 -56.0427 -56.1399 -56.2446
-51.9692 -52.0942 -59.9665 -60.6664 -63.5885 -62.2727 -61.9839 -61.7249 -61.5183 -60.1036 -60.2734 -60.4414 -60.6073 -60.6448 -60.6621 -60.6942 -60.7813 -53.9003 -53.9964 -54.1621 -54.2671 -54.3688 -54.4711 -54.5680 -54.6745 -54.7798 -54.8814 -54.9771 -55.0760 -55.1756 -55.2754 -55.3761 -55.4756 -55.5728 -55.6706 -55.7699 -55.8700 -55.9681 -56.0639 -56.1699
-51.8423 -59.6680 -60.5067 -63.8867 -63.1925 -61.9305 -61.6188 -61.3452 -59.8853 -60.0596 -60.2323 -60.4030 -60.4862 -60.4977 -60.5252 -60.5704 -53.6910 -53.7823 -53.9461 -54.0539 -54.1583 -54.2636 -54.3623 -54.4715 -54.5792 -54.6828 -54.7843 -54.8861 -54.9876 -55.0898 -55.1917 -55.2925 -55.3909 -55.4901 -55.5924 -55.6941 -55.7931 -55.8906 -55.9979 -56.0968
-59.2139 -60.2259 -64.2323 -63.3641 -61.8785 -61.5020 -61.1725 -59.6605 -59.8353 -60.0142 -60.1912 -60.2339 -60.2461 -60.2747 -60.3217 -53.4710 -53.5716 -53.6745 -53.8436 -53.9503 -54.0581 -54.1649 -54.2695 -54.3791 -54.4845 -54.5878 -54.6917 -54.7948 -54.8995 -55.0031 -55.1055 -55.2057 -55.3065 -55.4116 -55.5149 -55.6150 -55.7145 -55.8239 -55.9240 -56.0225
-59.9638 -64.7608 -63.7357 -62.7935 -61.4169 -61.0133 -59.4302 -59.6159 -59.8014 -59.9839 -60.0290 -60.0376 -60.0635 -60.1089 -53.2538 -53.3565 -53.4617 -53.6287 -53.7400 -53.8499 -53.9585 -54.0637 -54.1745 -54.2815 -54.3868 -54.4932 -54.5985 -54.7054 -54.8107 -54.9148 -55.0168 -55.1202 -55.2269 -55.3313 -55.4339 -55.5355 -55.6374 -55.7481 -55.8486 -55.9498
-67.2359 -64.4129 -63.1470 -61.4001 -60.9420 -59.2371 -59.4341 -59.6248 -59.8111 -59.8541 -59.8537 -59.8718 -59.9110 -53.0349 -53.1391 -53.2460 -53.4101 -53.5213 -53.6338 -53.7450 -53.8574 -53.9639 -54.0731 -54.1812 -54.2898 -54.3979 -54.5067 -54.6143 -54.7200 -54.8240 -54.9301 -55.0390 -55.1452 -55.2499 -55.3540 -55.4575 -55.5692 -55.4652 -55.5654 -55.6641
0.0000 -64.1393 -61.5541 -60.8764 -59.0062 -59.2085 -59.4010 -59.5909 -59.6348 -59.6298 -59.6440 -59.6809 -52.8060 -52.9125 -53.0218 -53.1248 -53.2978 -53.4128 -53.5267 -53.6399 -53.7486 -53.8602 -53.9712 -54.0821 -54.1931 -54.3039 -54.4135 -54.5213 -54.6277 -54.7369 -54.8482 -54.7709 -54.8747 -54.9783 -55.0804 -55.1813 -55.2929 -55.3949 -55.4948 -55.5934
0.0000 -63.3215 -60.8865 -58.7597 -58.9702 -59.1725 -59.3661 -59.4114 -59.4007 -59.4109 -59.4449 -52.5715 -52.6804 -52.7923 -52.8978 -53.0690 -53.1867 -53.3033 -53.4184 -53.5342 -53.6427 -53.7567 -53.8701 -53.9840 -54.0970 -54.0447 -54.1521 -54.2598 -54.3680 -54.4775 -54.5847 -54.6908 -54.7966 -54.9005 -55.0041 -55.1171 -55.2210 -55.3226 -55.4230 -55.5221
-65.4947 -61.1285 -58.5080 -58.7271 -58.9364 -59.1368 -59.1831 -59.1661 -59.1716 -59.2024 -52.3311 -52.4425 -52.5571 -52.6653 -52.8346 -52.9552 -53.0747 -53.1923 -53.3092 -53.2761 -53.3908 -53.5042 -53.6183 -53.7308 -53.8429 -53.9532 -54.0643 -54.1746 -54.2852 -54.3946 -54.5034 -54.6110 -54.7170 -54.8236 -54.9291 -55.0431 -55.1470 -55.2493 -55.3565 -55.6636
