-62.9326 -62.8367 -62.8121 -64.8820 -65.1590 -65.5565 -66.1163 -66.9306 -67.9765 -69.4631 0.0000 0.0000 0.0000 -51.2514 -51.0561 -50.8814 -50.6782 -50.4706 -50.2588 -50.0441 -49.8254 -49.6012 -49.3719 -49.1369 -48.8962 -48.6506 -48.3985 -48.1395 -47.8780 -47.6102 -47.3345 -47.0506 -46.7585 -46.4579 -46.1562 -45.8489 -45.5314 -45.2029 -44.8642 -44.5268
-62.6485 -62.6010 -62.5621 -62.5316 -62.5141 -62.5123 -65.0718 -65.8187 -67.0589 -69.1218 -71.1877 0.0000 0.0000 -51.2815 -51.0823 -50.8789 -50.6713 -50.4591 -50.2422 -50.0208 -49.7964 -49.5675 -49.3343 -49.0964 -48.8525 -48.6026 -48.3464 -48.0833 -47.8131 -47.5658 -47.3114 -47.0241 -46.7298 -46.4265 -46.1139 -45.7995 -45.4775 -45.1449 -44.8028 -44.4539
-62.3837 -62.3206 -62.2653 -62.2195 -62.1852 -62.1646 -62.1600 -62.1734 -62.2060 -67.0483 -71.3899 0.0000 0.0000 -51.2453 -51.0465 -50.8430 -50.6354 -50.4233 -50.2067 -49.9856 -49.7607 -49.5316 -49.2976 -49.0580 -48.8122 -48.5602 -48.3019 -48.0368 -47.7645 -47.4854 -47.2054 -46.9176 -46.6214 -46.3161 -46.0013 -45.6772 -45.3534 -45.0194 -44.6734 -44.3143
-62.1283 -62.0550 -61.9860 -61.9248 -61.8729 -61.8321 -61.8040 -61.7899 -61.7894 -61.8026 -61.7908 0.0000 -59.2867 -59.1408 -59.0048 -58.8753 -58.7609 -58.6694 -58.6144 -58.6195 -58.7345 -59.0550 -59.8453 -61.9482 0.0000 -48.5112 -48.2524 -47.9872 -47.7159 -47.4370 -47.1511 -46.8617 -46.5640 -46.2572 -45.9410 -45.6162 -45.2836 -44.9480 -44.6006 -44.2407
-61.8823 -61.7821 -61.0765 -60.9418 -60.8074 -60.6738 -60.5414 -60.4111 -60.2834 -60.1596 -60.0408 -59.9280 -59.8254 -59.7355 -59.6627 -59.6176 -59.6020 -59.6341 -59.7370 -59.9492 -60.3380 -61.0355 -62.2737 0.0000 0.0000 -48.4143 -48.1561 -47.8913 -47.6193 -47.3398 -47.0522 -46.7575 -46.4583 -46.1511 -45.8345 -45.5073 -45.1691 -44.8253 -44.4757 -44.1139
-61.3708 -61.2522 -61.1345 -61.0185 -60.9045 -60.7932 -60.6853 -60.5819 -60.4842 -60.3936 -60.3123 -60.2429 -60.1874 -60.1526 -60.1439 -60.1698 -60.2470 -60.3846 -60.6135 -60.9744 -61.5307 -62.3779 0.0000 0.0000 0.0000 0.0000 -48.0987 -47.8323 -47.5589 -47.2778 -46.9888 -46.6921 -46.3891 -46.0805 -45.7622 -45.4336 -45.0941 -44.7442 -44.3914 -44.0279
-61.1475 -61.0184 -60.8895 -60.7609 -60.6331 -60.5065 -60.3818 -60.2594 -60.1404 -60.0258 -59.9171 -59.8161 -59.7256 -59.6476 -59.5890 -59.5555 -59.5569 -59.6117 -59.7351 -59.9687 -60.3783 -61.0879 -62.3683 0.0000 0.0000 0.0000 0.0000 -47.7831 -47.5090 -47.2277 -46.9393 -46.6426 -46.3372 -46.0263 -45.6833 -45.3301 -44.9912 -44.6402 -44.2774 -43.9129
-60.8847 -60.7458 -60.6059 -60.4652 -60.3240 -60.1822 -60.0768 -59.9342 -59.7923 -59.6515 -59.5127 -59.3766 -59.2447 -59.1229 -59.0042 -58.8982 -58.8092 -58.7368 -58.6922 -58.7046 -58.8231 -59.1486 -59.9430 -62.0451 0.0000 0.0000 -47.9607 -47.6946 -47.4219 -47.1409 -46.8520 -46.5547 -46.2487 -45.9334 -45.6131 -45.2846 -44.9447 -44.5926 -44.2281 -43.8547
-60.7233 -60.5747 -60.4242 -60.2718 -60.1173 -59.9610 -59.8025 -59.6419 -59.4793 -59.3146 -59.1478 -58.9788 -58.8018 -58.6127 -58.4200 -58.2228 -58.0226 -57.8186 -57.6104 -57.4005 -57.1837 -56.9623 -48.9386 -48.6935 -48.4424 -48.1850 -47.9215 -47.6528 -47.3790 -47.0978 -46.8087 -46.5114 -46.2068 -45.8945 -45.5719 -45.2441 -44.9065 -44.5568 -44.1947 -43.8190
-60.6088 -60.4450 -60.2859 -60.1243 -59.9602 -59.7934 -59.6244 -59.4529 -59.2791 -59.0948 -58.9065 -58.7177 -51.0861 -50.8865 -50.6828 -50.4750 -50.2632 -50.0485 -49.8300 -49.6066 -49.3784 -49.1445 -48.9048 -48.6593 -48.4084 -48.1535 -47.8923 -47.6244 -47.3509 -47.0719 -46.7837 -46.4874 -46.1829 -45.8673 -45.5196 -45.1623 -44.8245 -44.4763 -44.1197 -43.7512
-60.5492 -53.0250 -52.8597 -52.6929 -52.5233 -52.3508 -52.1752 -51.9965 -51.8147 -51.6298 -51.4415 -51.2497 -51.0542 -50.8550 -50.6522 -50.4455 -50.2345 -50.0204 -49.8021 -49.5795 -49.3524 -49.1198 -48.8819 -48.6376 -48.3872 -48.1308 -47.8679 -47.5734 -47.2969 -46.9896 -46.7019 -46.4063 -46.1048 -45.7959 -45.4772 -45.1482 -44.8103 -44.4905 -44.1353 -43.7722
-53.1590 -52.9972 -52.8315 -52.6644 -52.4946 -52.3218 -52.1462 -51.9674 -51.7855 -51.6013 -51.4139 -51.2229 -51.0287 -50.8309 -50.6293 -50.4236 -50.2131 -49.9974 -49.7771 -49.5522 -49.3230 -49.0641 -48.8262 -48.5578 -48.3083 -48.0523 -47.7900 -47.5243 -47.2518 -46.9727 -46.6877 -46.3944 -46.1181 -45.8083 -45.4930 -45.1689 -52.4112 -52.2599 -52.2351 -52.4082
-53.1296 -52.9686 -52.8051 -52.6375 -52.4684 -52.2965 -52.1216 -51.9436 -51.7626 -51.5781 -51.3901 -51.1988 -51.0037 -50.8047 -50.5767 -50.3695 -50.1589 -49.9192 -49.6999 -49.4759 -49.2475 -49.0161 -48.7808 -48.5397 -48.2930 -48.0400 -47.7791 -47.5368 -47.2631 -46.9842 -46.6991 -53.8538 -53.6247 -53.4217 -53.2565 -53.1440 -53.1035 -53.1618 -53.3626 -53.7691
-53.1070 -52.9457 -52.7818 -52.6151 -52.4445 -52.2720 -52.0966 -51.9180 -51.7115 -51.5268 -51.3141 -51.1228 -50.9280 -50.7295 -50.5271 -50.3210 -50.1124 -49.8995 -49.6824 -49.4609 -49.2343 -49.0012 -48.7885 -48.5459 -48.2980 -48.0481 -47.7920 -54.9361 -54.7205 -54.5163 -54.3283 -54.1618 -54.0229 -53.9196 -53.8622 -53.8641 -53.9428 -54.1253 -54.4463 -54.9587
-53.0829 -52.9213 -52.7322 -52.5654 -52.3699 -52.1974 -52.0219 -51.8436 -51.6622 -51.4777 -51.2907 -51.1011 -50.9079 -50.7111 -50.5106 -50.3059 -50.0962 -49.9072 -49.6888 -49.4655 -49.2404 -49.0117 -56.1207 -55.9151 -55.7155 -55.5199 -55.3322 -55.1550 -54.9910 -54.8434 -54.7163 -54.6143 -54.5435 -54.5116 -54.5284 -54.6069 -54.7639 -55.0226 -55.1249 -55.0373
-53.0093 -52.8476 -52.6832 -52.5162 -52.3465 -52.1745 -52.0006 -51.8237 -51.6439 -51.4608 -51.2744 -51.0843 -50.9155 -50.7179 -50.5163 -50.3118 -50.1056 -49.8954 -57.0044 -56.8145 -56.6268 -56.4416 -56.2611 -56.0864 -55.9186 -55.7615 -55.6130 -55.4774 -55.3572 -55.2555 -55.1762 -55.1238 -55.1044 -55.1252 -55.1621 -54.8776 -54.5856 -54.2854 -53.9616 -53.6432
-52.9803 -52.8199 -52.6570 -52.4916 -52.3235 -52.1523 -51.9772 -51.8250 -51.6450 -51.4618 -51.2752 -51.0874 -50.8962 -57.9676 -57.7916 -57.6161 -57.4418 -57.2691 -57.0988 -56.9316 -56.7684 -56.6100 -56.4569 -56.3116 -56.1748 -56.0480 -55.9351 -55.8343 -55.7500 -55.6853 -55.6441 -55.4658 -55.1616 -54.8430 -54.5087 -54.1544 -53.7754 -53.3643 -52.9097 -52.3992
-52.9635 -52.8041 -52.6408 -52.4998 -52.3312 -52.1600 -51.9860 -51.8110 -51.6329 -58.7079 -58.5442 -58.3807 -58.2178 -58.0556 -57.8948 -57.7357 -57.5791 -57.4252 -57.2750 -57.1291 -56.9880 -56.8531 -56.7248 -56.6039 -56.4929 -56.3930 -56.3059 -56.2260 -55.9417 -55.6465 -55.3386 -55.0161 -54.6776 -54.0954 -53.7304 -53.3401 -52.9176 -52.4581 -51.9662 -51.4619
-52.9707 -52.8103 -52.6507 -52.4870 -59.5574 -59.4047 -59.2515 -59.0929 -58.9402 -58.7877 -58.6360 -58.4853 -58.3359 -58.1884 -57.6093 -57.4709 -57.3408 -57.2136 -57.0902 -56.9711 -56.8571 -56.7489 -56.6474 -56.5538 -56.3836 -56.1317 -55.8702 -55.5999 -55.3160 -55.0192 -54.7083 -54.3816 -54.0373 -53.6736 -53.2898 -52.8877 -52.4771 -52.0948 -44.4073 -44.1002
-59.5619 -59.4332 -59.3097 -59.1795 -59.0490 -58.9184 -58.7878 -58.6574 -58.5224 -58.3932 -58.2650 -58.1379 -58.0123 -57.8886 -57.7671 -57.6482 -57.5324 -57.4202 -57.3120 -57.2087 -57.1096 -56.8815 -56.6457 -56.4019 -56.1494 -55.8868 -55.6147 -55.3313 -55.0384 -54.7313 -54.4111 -54.0779 -53.7332 -53.3812 -53.0333 -52.7139 -45.0765 -44.7878 -44.4972 -44.1781
-59.6125 -59.4904 -59.3682 -59.2517 -59.1292 -59.0070 -58.8852 -58.7643 -58.6391 -58.5201 -58.4025 -58.2865 -58.1724 -58.0605 -57.9511 -57.8448 -57.7418 -57.5861 -57.3725 -57.1524 -56.9254 -56.6913 -56.4494 -56.1994 -55.9408 -55.6722 -55.3950 -55.1084 -54.8125 -54.5097 -54.1994 -53.8880 -53.5854 -46.0095 -45.7133 -45.4373 -45.1599 -44.8560 -44.5740 -44.2871
-59.6832 -59.5680 -59.4530 -59.3384 -59.2299 -59.1162 -59.0031 -58.8912 -58.7802 -58.6657 -58.5580 -58.4521 -58.3482 -58.2449 -58.0502 -57.8501 -57.6444 -57.4330 -57.2154 -56.9914 -56.7607 -56.5231 -56.2783 -56.0260 -55.7660 -55.4992 -55.2252 -54.9467 -54.6655 -54.3866 -54.1191 -46.5681 -46.3128 -46.0530 -45.7903 -45.4986 -45.2278 -44.9526 -44.6766 -44.4196
-59.7711 -59.6629 -59.5550 -59.4477 -59.3474 -59.2414 -59.1364 -59.0328 -58.9305 -58.8298 -58.6812 -58.4981 -58.3105 -58.1181 -57.9206 -57.7180 -57.5099 -57.2962 -57.0768 -56.8513 -56.6198 -56.3825 -56.1389 -55.8904 -55.6374 -55.3815 -55.1251 -54.8719 -54.6289 -47.1186 -46.8775 -46.6320 -46.3827 -46.1046 -45.8481 -45.5891 -45.3247 -45.0700 -44.8308 -44.6445
-59.8768 -59.7714 -59.6704 -59.5701 -59.4706 -59.3784 -59.2753 -59.1067 -58.9342 -58.7578 -58.5719 -58.3872 -58.1978 -58.0039 -57.8052 -57.6015 -57.3929 -57.1792 -56.9606 -56.7371 -56.5089 -56.2770 -56.0421 -55.8059 -55.5704 -55.3394 -55.1173 -47.6466 -47.4149 -47.1795 -46.9412 -46.6755 -46.4317 -46.1875 -45.9385 -45.6910 -45.4618 -45.2853 -45.0565 -44.8727
-59.9897 -59.8944 -59.7959 -59.6626 -59.5037 -59.3414 -59.1814 -59.0115 -58.8379 -58.6605 -58.4788 -58.2883 -58.0987 -57.9046 -57.7064 -57.5039 -57.2973 -57.0868 -56.8725 -56.6557 -56.4370 -56.2179 -56.0004 -55.7873 -55.5824 -48.1474 -47.9264 -47.7020 -47.4740 -47.2181 -46.9840 -46.7919 -46.5549 -46.3136 -46.0946 -45.9025 -45.7113 -45.5426 -45.3353 -45.1391
-60.0440 -59.8936 -59.7366 -59.5801 -59.4204 -59.2573 -59.0968 -58.9263 -58.7523 -58.5748 -58.3935 -58.2086 -58.0153 -57.8232 -57.6278 -57.4294 -57.2278 -57.0296 -57.2021 -56.9831 -56.7669 -56.5559 -56.3532 -48.6817 -48.4682 -48.2514 -48.0315 -47.7846 -47.5593 -47.3343 -47.1066 -46.8764 -46.6619 -46.4542 -46.2990 -46.1194 -45.9317 -45.7647 -45.5529 -45.3308
-59.9750 -59.8200 -59.6662 -59.5056 -59.3456 -59.1974 -59.6018 -59.4199 -59.2281 -59.0333 -58.8359 -58.6356 -58.4277 -58.2231 -58.0170 -57.8096 -57.6025 -57.3968 -57.1939 -56.9960 -56.8056 -49.1407 -48.9360 -48.7283 -48.5176 -48.2807 -48.0663 -47.8507 -47.6331 -47.4126 -47.2009 -47.0011 -46.8548 -46.6602 -46.5148 -46.3331 -46.1564 -45.9515 -45.7402 -45.5513
-60.6038 -60.4328 -60.2550 -60.0793 -59.8967 -59.7156 -59.5319 -59.3457 -59.1632 -58.9721 -58.7790 -58.5842 -58.3884 -58.1870 -57.9914 -57.7974 -57.6063 -57.4198 -49.7999 -49.5794 -49.3828 -49.1834 -48.9812 -48.7534 -48.5489 -48.3423 -48.1337 -47.9224 -47.7130 -47.5247 -47.3613 -47.1974 -47.0365 -46.8702 -46.7249 -46.5338 -46.3365 -46.1601 -45.9581 -45.7589
-60.5384 -60.3682 -60.1916 -60.0175 -59.8369 -59.6584 -59.4778 -59.2954 -59.1177 -58.9322 -58.7462 -58.5596 -58.3741 -58.1902 -58.0045 -57.8279 -50.1922 -50.0047 -49.8143 -49.6206 -49.4244 -49.2048 -49.0093 -48.8112 -48.6109 -48.4081 -48.2030 -48.0215 -47.8415 -47.7128 -47.5343 -47.4072 -47.2442 -47.0845 -46.8999 -46.7113 -46.5441 -46.3519 -46.1604 -45.9904
-60.4835 -60.3153 -60.1451 -59.9693 -59.7963 -59.6176 -59.4419 -59.2652 -59.0882 -58.9169 -58.7408 -58.5662 -58.3944 -58.2266 -50.5927 -50.4127 -50.2299 -50.0442 -49.8555 -49.6408 -49.4506 -49.2593 -49.0709 -48.8759 -48.6787 -48.4978 -48.3259 -48.2061 -48.0350 -47.9141 -47.7379 -47.6091 -47.4322 -47.2522 -47.0717 -46.9131 -46.7290 -46.5474 -46.3867 -46.2045
-60.4407 -60.2754 -60.1087 -59.9408 -59.7683 -59.5997 -59.4267 -59.2578 -59.0902 -58.9243 -58.7667 -58.6067 -50.9787 -50.8056 -50.6353 -50.4558 -50.2745 -50.0669 -49.8837 -49.6983 -49.5108 -49.3203 -49.1302 -48.9490 -48.7855 -48.6226 -48.5094 -48.3458 -48.2299 -48.0843 -47.9406 -47.7702 -47.5965 -47.4464 -47.2697 -47.0944 -46.9455 -46.7684 -46.5966 -46.4182
-60.4112 -60.2501 -60.0883 -59.9261 -59.7600 -59.5991 -59.4776 -59.3141 -59.1573 -59.0038 -51.3558 -51.1889 -51.0195 -50.8477 -50.6732 -50.4723 -50.2949 -50.1163 -49.9363 -49.7536 -49.5683 -49.3827 -49.2245 -49.0676 -48.9625 -48.8056 -48.6976 -48.5362 -48.4231 -48.2624 -48.0972 -47.9302 -47.7871 -47.6160 -47.4476 -47.3060 -47.1383 -46.9737 -46.8018 -46.6233
-60.4430 -60.2863 -60.1298 -59.9740 -59.8189 -59.6620 -59.5121 -59.3610 -51.7127 -51.5517 -51.3885 -51.2240 -51.0560 -50.8614 -50.6909 -50.5184 -50.3446 -50.1691 -49.9911 -49.8106 -49.6521 -49.4974 -49.3957 -49.2451 -49.1186 -48.9902 -48.8590 -48.7298 -48.5743 -48.4139 -48.2539 -48.1173 -47.9530 -47.7920 -47.6551 -47.4958 -47.3371 -47.1712 -47.0003 -46.8101
-60.4464 -60.2967 -60.1480 -60.0012 -59.8566 -52.2384 -52.0589 -51.9035 -51.7451 -51.5853 -51.4234 -51.2347 -51.0709 -50.9042 -50.7374 -50.5686 -50.3974 -50.2231 -50.0630 -49.9145 -49.7671 -49.6705 -49.5227 -49.4237 -49.2750 -49.1753 -49.0281 -48.8762 -48.7213 -48.5932 -48.4377 -48.2807 -48.1256 -47.9954 -47.8422 -47.6880 -47.5280 -47.3650 -47.1823 -47.0260
-60.4668 -60.3254 -60.1861 -52.5676 -52.3935 -52.2430 -52.0899 -51.9356 -51.7792 -51.5953 -51.4359 -51.2747 -51.1146 -50.9520 -50.7871 -50.6201 -50.4587 -50.3148 -50.1715 -50.0805 -49.9385 -49.8204 -49.7002 -49.5782 -49.4607 -49.3184 -49.1694 -49.0212 -48.8986 -48.7487 -48.5984 -48.4489 -48.3249 -48.1785 -48.0532 -47.8727 -47.7174 -47.5415 -47.3907 -47.2639
-60.5053 -52.8615 -52.7168 -52.5709 -52.4234 -52.2740 -52.1227 -51.9440 -51.7897 -51.6329 -51.4769 -51.3201 -51.1612 -51.0013 -50.8385 -50.7007 -50.5616 -50.4503 -50.3374 -50.2004 -50.1117 -49.9704 -49.8786 -49.7403 -49.5988 -49.4543 -49.3130 -49.1955 -49.0510 -48.9065 -48.7878 -48.6445 -48.5039 -48.3833 -48.2086 -48.0581 -47.8881 -47.7426 -47.6208 -47.4818
-53.0314 -52.8897 -52.7462 -52.6010 -52.4545 -52.2813 -52.1315 -51.9795 -51.8283 -51.6768 -51.5226 -51.3673 -51.2101 -51.0704 -50.9373 -50.8044 -50.7222 -50.5899 -50.4822 -50.3709 -50.2585 -50.1485 -50.0142 -49.8741 -49.7328 -49.6221 -49.4845 -49.3451 -49.2055 -49.0925 -48.9552 -48.8191 -48.7031 -48.5340 -48.3896 -48.2236 -48.0822 -47.9654 -47.8332 -47.6906
-53.0595 -52.9188 -52.7763 -52.6073 -52.4616 -52.3148 -52.1678 -52.0212 -51.8721 -51.7221 -51.5702 -51.4278 -51.2983 -51.1685 -51.0920 -50.9636 -50.8363 -50.7572 -50.6247 -50.5409 -50.4114 -50.2797 -50.1434 -50.0085 -49.8997 -49.7658 -49.6312 -49.4958 -49.3885 -49.2563 -49.1244 -49.0130 -48.8494 -48.7106 -48.5492 -48.4123 -48.2984 -48.1724 -48.0361 -47.9033
-53.0879 -52.9233 -52.7827 -52.6400 -52.4963 -52.3537 -52.2101 -52.0648 -51.9178 -51.7736 -51.6484 -51.5221 -51.4225 -51.3232 -51.2000 -51.1272 -51.0004 -50.8965 -50.7947 -50.6688 -50.5382 -50.4062 -50.3019 -50.1719 -50.0408 -49.9092 -49.7784 -49.6764 -49.5488 -49.4206 -49.2890 -49.1509 -49.0172 -48.8604 -48.7289 -48.6198 -48.4964 -48.3662 -48.2368 -48.0840
-53.0932 -52.9553 -52.8163 -52.6775 -52.5374 -52.3959 -52.2534 -52.1095 -51.9867 -51.8636 -51.7426 -51.6724 -51.5514 -51.4573 -51.3615 -51.2369 -51.1381 -51.0414 -50.9184 -50.7916 -50.6647 -50.5578 -50.4312 -50.3041 -50.1764 -50.0742 -49.9515 -49.8280 -49.7035 -49.5766 -49.4476 -49.3187 -49.1662 -49.0397 -48.9357 -48.8158 -48.6896 -48.5630 -48.4414 -48.2891
