-37.4901 -37.5659 -37.7048 -37.9148 -38.1772 -38.4966 -38.8661 -39.2412 -39.6467 -40.0394 -40.4304 -40.8263 -41.2181 -41.6043 -42.0220 -42.3663 -42.7020 -43.0288 -43.4439 -43.7859 -44.1300 -44.4619 -44.7818 -45.0913 -45.3945 -45.6978 -45.9923 -46.2785 -46.5578 -46.8300 -47.0948 -47.3581 -47.6144 -47.8639 -48.1081 -48.3466 -48.5792 -48.8064 -49.0284 -49.2457
-36.9232 -37.0553 -37.2439 -37.5377 -37.8550 -38.2154 -38.6073 -39.0068 -39.4064 -39.8295 -40.2410 -40.6524 -41.0477 -41.4493 -41.8574 -42.2052 -42.5453 -42.9571 -43.3092 -43.6576 -43.9995 -44.3316 -44.6523 -44.9632 -45.2732 -45.5731 -45.8633 -46.1456 -46.4196 -46.6855 -46.9490 -47.2052 -47.4542 -47.6960 -47.9314 -48.1604 -48.3838 -48.6026 -48.8162 -49.0267
-36.4076 -36.5605 -36.8151 -37.1401 -37.5161 -37.9214 -38.3388 -38.7749 -39.2112 -39.6485 -40.0817 -40.5056 -40.9203 -41.3574 -41.7277 -42.0860 -42.4318 -42.8681 -43.2297 -43.5876 -43.9323 -44.2646 -44.5856 -44.9057 -45.2172 -45.5187 -45.8109 -46.0940 -46.3685 -46.6411 -46.9068 -47.1647 -47.4153 -47.6587 -47.8955 -48.1260 -48.3502 -48.5689 -48.7833 -48.9929
-35.8807 -36.0886 -36.3995 -36.7796 -37.2056 -37.6567 -38.1151 -38.5714 -39.0355 -39.4849 -39.9390 -40.3728 -40.8053 -41.2368 -41.6138 -41.9773 -42.4194 -42.7934 -43.1638 -43.5220 -43.8675 -44.2008 -44.5295 -44.8513 -45.1632 -45.4659 -45.7593 -46.0434 -46.3232 -46.5961 -46.8610 -47.1190 -47.3701 -47.6142 -47.8516 -48.0825 -48.3085 -48.5301 -48.7459 -48.9562
-35.4902 -35.7604 -36.1316 -36.5580 -37.0192 -37.5110 -37.9951 -50.8450 -49.1490 -48.7117 -48.7160 -48.9014 -49.1689 -49.4745 -49.7968 -50.1245 -50.4513 -50.7750 -51.1030 -43.5694 -43.9159 -44.2551 -44.5897 -44.9126 -45.2243 -45.5264 -45.8204 -46.1085 -46.3897 -46.6625 -46.9273 -47.1844 -47.4343 -47.6295 -47.8670 -48.0996 -48.3280 -48.5502 -48.7666 -48.9774
-35.1469 -35.4902 -35.9057 -36.3691 -36.8591 0.0000 0.0000 0.0000 0.0000 -50.5294 -50.1373 -50.0339 -50.0908 -50.2403 -50.4446 -50.6815 -50.9372 -51.2031 -51.4750 -51.7470 -52.0169 -52.2831 -52.5443 -52.7981 -53.0448 -53.2867 -53.5237 -53.7520 -53.9733 -54.1874 -54.3946 -54.5947 -54.7880 -54.9742 -55.1543 -55.3277 -55.4957 -55.6561 -55.8106 -55.9594
-34.9497 -35.3327 -35.7713 -36.2609 0.0000 0.0000 0.0000 0.0000 -58.0727 -56.6166 -51.5375 -51.2269 -51.1149 -51.1251 -51.2142 -51.3554 -51.5311 -51.7294 -51.9442 -52.1669 -52.3946 -52.6237 -52.8526 -53.0793 -53.3019 -53.5193 -53.7354 -53.9479 -54.1536 -54.3538 -54.5483 -54.7372 -54.9203 -55.0972 -55.2687 -55.4343 -55.5955 -55.7495 -55.8979 -56.0413
-34.8570 -35.3065 -35.7517 -36.2467 0.0000 0.0000 0.0000 0.0000 0.0000 -54.6024 -53.5204 -52.5085 -52.1180 -52.0091 -52.0013 -52.0591 -52.1623 -52.2978 -52.4560 -52.6315 -52.8179 -53.0099 -53.2059 -53.4032 -53.5990 -53.7927 -53.9874 -54.1808 -54.3692 -54.5535 -54.7337 -54.9093 -55.0803 -55.2465 -55.4073 -55.5636 -55.7165 -55.8624 -56.0032 -56.1397
-34.8688 -35.3084 -35.7851 -36.3124 -36.8429 -37.3211 0.0000 0.0000 -55.0960 -52.9897 -51.9161 -51.4603 -51.3096 -51.3267 -51.3661 -51.5297 -51.7335 -51.9551 -52.1891 -52.4298 -52.6722 -52.9128 -53.1502 -53.3834 -53.6098 -53.8299 -54.0474 -54.2606 -54.4659 -54.6648 -54.8574 -55.0437 -55.2237 -55.3976 -55.5648 -55.7119 -55.8537 -55.9926 -56.1251 -56.2538
-35.0142 -35.4529 -35.9282 -36.4143 -36.9149 -37.4152 -37.9323 0.0000 -53.0824 -50.9936 -50.1989 -49.9752 -50.0446 -50.2396 -50.4952 -50.7450 -51.0352 -51.3317 -51.6273 -51.9198 -52.2068 -52.4861 -52.7571 -53.0198 -53.2738 -53.5172 -53.7527 -53.9824 -54.2057 -54.4197 -54.6259 -54.8246 -55.0161 -55.2004 -55.3774 -55.5480 -55.7118 -55.8710 -56.0218 -56.1669
-35.2519 -35.6756 -36.1350 -36.6023 -37.0744 -37.5587 -38.0370 -38.5141 -38.9909 -39.4754 -48.7597 -48.9459 -49.0674 -49.3728 -49.7487 -50.1482 -50.5499 -50.9223 -51.3014 -51.6719 -52.0345 -52.3911 0.0000 0.0000 -54.6265 -54.7370 -54.8645 -54.9973 -55.1338 -55.2681 -55.4021 -55.5349 -55.6663 -55.7956 -55.9223 -56.0466 -56.1680 -56.2888 -56.4035 -56.5155
-35.5160 -35.9483 -36.4132 -36.8542 -37.3072 -37.7655 -38.2263 -38.6783 -39.1338 -39.5663 -39.9887 -40.4378 -40.8780 -48.9347 -49.0287 -49.4206 -49.8657 -50.3169 -50.7567 -51.1643 -51.5672 -51.9565 0.0000 0.0000 0.0000 -61.3452 -55.3904 -55.2977 -55.4162 -55.5341 -55.6445 -55.7633 -55.8814 -55.9984 -56.1133 -56.2267 -56.3379 -56.4497 -56.5552 -56.6586
-35.8495 -36.2504 -36.6747 -37.1183 -37.5721 -38.0040 -38.4361 -38.8705 -39.2951 -39.7080 -40.1139 -40.5507 -40.9608 -41.3605 -41.7493 -42.1532 -49.4091 -49.7605 -50.2194 -50.6819 -51.1210 0.0000 0.0000 0.0000 0.0000 -57.4544 -56.9353 -56.6252 -56.4587 -55.7971 -55.8959 -56.0003 -56.1050 -56.2094 -56.3093 -56.4118 -56.5128 -56.6158 -56.7120 -56.8067
-36.2681 -36.5984 -36.9833 -37.3979 -37.8249 -38.2526 -38.6749 -39.0825 -39.4871 -39.8825 -40.2960 -40.6923 -41.0859 -41.4668 -41.8431 -42.2196 -42.5849 -42.9431 -43.3157 -43.6524 -50.7141 -51.1685 0.0000 -58.0320 -56.5121 -55.9141 -55.6825 -55.6000 -55.5975 -55.6465 -55.7229 -55.8182 -55.8190 -55.9386 -56.0609 -56.1839 -56.3056 -56.4254 -56.5465 -56.6594
-36.6509 -37.0078 -37.3618 -37.7146 -38.1138 -38.5036 -38.9040 -39.3164 -39.7008 -40.0747 -40.4523 -40.8381 -41.2078 -41.5719 -41.9339 -42.2944 -42.6423 -42.9905 -43.3273 -43.6565 -43.9791 -44.2937 -44.6218 -51.5312 -51.8694 -52.2272 -54.2278 -54.4495 -54.6655 -54.8650 -55.0524 -55.2332 -55.4077 -55.5767 -55.7397 -55.8094 -55.9636 -56.1114 -56.2570 -56.3933
-37.0901 -37.3784 -37.7356 -38.0870 -38.4197 -38.7902 -39.1577 -39.5315 -39.8910 -40.2865 -40.6451 -41.0096 -41.3639 -41.7226 -42.0709 -42.4141 -42.7546 -43.0876 -43.4115 -43.7329 -44.0480 -44.3563 -44.6573 -44.9511 -45.2377 -45.5399 -52.4190 -52.6947 -52.9754 -53.2968 -54.4079 -54.6675 -54.9056 -55.1263 -55.3323 -55.5262 -55.7092 -55.8824 -55.9735 -56.1314
-37.5171 -37.8132 -38.1064 -38.4551 -38.7856 -39.1022 -39.4489 -39.7921 -40.1451 -40.4902 -40.8376 -41.1961 -41.5342 -41.8779 -42.2131 -42.5514 -42.8772 -43.1951 -43.5130 -43.8245 -44.1293 -44.4274 -44.7201 -45.0050 -45.2894 -45.5697 -45.8420 -46.1067 -46.3863 -53.2111 -53.4470 -53.6844 -53.9185 -54.7283 -54.9646 -55.1864 -55.3944 -55.5898 -55.7775 -55.9534
-38.0022 -38.2324 -38.5276 -38.8072 -39.1472 -39.4709 -39.7753 -40.0684 -40.4153 -40.7385 -41.0638 -41.3862 -41.7185 -42.0454 -42.3691 -42.6908 -43.0035 -43.3176 -43.6254 -43.9241 -44.2193 -44.5093 -44.7951 -45.0753 -45.3525 -45.6234 -45.8898 -46.1534 -46.4098 -46.6581 -46.9006 -47.1603 -47.4147 -54.1188 -54.3161 -54.5129 -54.7067 -55.3414 -56.4332 -56.6810
-38.4942 -38.6872 -38.9319 -39.2137 -39.5013 -39.8092 -40.0965 -40.4196 -40.6964 -41.0100 -41.3126 -41.6135 -41.9157 -42.2150 -42.5324 -42.8399 -43.1436 -43.4450 -43.7388 -44.0329 -44.3225 -44.6022 -44.8771 -45.1510 -45.4227 -45.6901 -46.0249 -46.2857 -46.5407 -46.7938 -47.0441 -47.2875 -47.5241 -47.7564 -48.0088 -48.2321 -55.4159 -55.6316 -55.8532 -56.0745
-38.9505 -39.1610 -39.3584 -39.6027 -39.8816 -40.1292 -40.4187 -40.7374 -41.0253 -41.2834 -41.5763 -41.8633 -42.1489 -42.4613 -42.7454 -43.0156 -43.3241 -43.6180 -43.9088 -44.1955 -44.4721 -44.7513 -45.0311 -45.3030 -45.5699 -45.8320 -46.0914 -46.3455 -46.5975 -46.8441 -47.0866 -47.3257 -47.5639 -47.7975 -48.0339 -48.2566 -48.4758 -48.7171 -48.9314 -56.2249
-39.4412 -39.6351 -39.8201 -40.0415 -40.2559 -40.5033 -40.7910 -41.0846 -41.3565 -41.6270 -41.8693 -42.1459 -42.4265 -42.6943 -42.9596 -43.2273 -43.4895 -43.7388 -44.0382 -44.3153 -44.5902 -44.8617 -45.1259 -45.3933 -45.6588 -45.9157 -46.1682 -46.4165 -46.6668 -46.9065 -47.1453 -47.3833 -47.6162 -47.8454 -48.0711 -48.2950 -48.5148 -48.7300 -48.9410 0.0000
-39.9559 -40.0712 -40.2886 -40.4507 -40.6360 -40.8876 -41.1490 -41.3939 -41.6523 -41.9272 -42.1820 -42.4450 -42.6761 -42.9383 -43.1923 -43.4430 -43.6940 -43.9414 -44.1812 -44.4440 -44.7051 -44.9719 -45.2399 -45.5008 -45.7515 -46.0034 -46.2539 -46.4983 -46.7386 -46.9746 -47.2089 -47.4399 -47.6671 -47.8930 -48.1144 -48.3337 -48.5498 -48.7628 -48.9725 -49.1780
-40.4199 -40.5217 -40.6897 -40.8581 -41.0178 -41.2591 -41.4830 -41.7390 -41.9691 -42.2131 -42.4761 -42.7255 -42.9702 -43.1838 -43.4298 -43.6724 -43.9111 -44.1464 -44.3806 -44.6089 -44.8340 -45.0961 -45.3474 -45.6004 -45.8515 -46.0987 -46.3370 -46.5752 -46.8120 -47.0462 -47.2758 -47.5031 -47.7265 -47.9462 -48.1624 -48.3767 -48.5879 -48.7961 -49.0015 -49.2032
-40.8789 -41.0211 -41.1084 -41.2340 -41.4593 -41.6385 -41.8394 -42.0839 -42.2986 -42.5167 -42.7569 -43.0084 -43.2435 -43.4731 -43.6761 -43.9070 -44.1368 -44.3595 -44.5808 -44.8020 -45.0229 -45.2408 -45.4555 -45.7116 -45.9501 -46.1887 -46.4270 -46.6619 -46.8895 -47.1175 -47.3443 -47.5673 -47.7862 -48.0021 -48.2152 -48.4251 -48.6320 -48.8264 -49.0269 -49.2239
-41.3504 -41.4433 -41.5327 -41.6262 -41.8551 -42.0247 -42.2096 -42.4007 -42.6295 -42.8399 -43.0547 -43.2748 -43.5146 -43.7358 -43.9569 -44.1717 -44.3605 -44.5805 -44.7910 -44.9998 -45.2147 -45.4246 -45.6320 -45.8375 -46.0408 -46.2914 -46.5176 -46.7435 -46.9731 -47.1981 -47.4153 -47.6324 -47.8500 -48.0623 -48.2661 -48.4713 -48.6749 -48.8756 -49.0733 -49.2681
-41.7993 -41.8462 -41.9164 -42.0737 -42.2184 -42.4032 -42.5708 -42.7499 -42.9320 -43.1586 -43.3588 -43.5621 -43.7658 -43.9989 -44.2073 -44.4175 -44.6201 -44.7927 -45.0031 -45.2074 -45.4082 -45.6098 -45.8093 -46.0047 -46.2014 -46.3962 -46.6185 -46.8344 -47.0521 -47.2692 -47.4864 -47.6997 -47.9078 -48.1145 -48.3212 -48.5237 -48.7207 -48.9150 -49.1092 -49.3007
-42.1878 -42.2618 -42.3135 -42.4940 -42.6034 -42.7523 -42.9338 -43.0904 -43.2709 -43.4514 -43.6660 -43.8538 -44.0481 -44.2421 -44.4664 -44.6608 -44.8599 -45.0531 -45.2172 -45.4167 -45.6141 -45.8045 -45.9949 -46.1851 -46.3715 -46.5577 -46.7449 -46.9302 -47.1500 -47.3564 -47.5657 -47.7728 -47.9801 -48.1838 -48.3825 -48.5801 -48.7781 -48.9723 -49.1603 -49.3456
-42.5671 -42.6398 -42.7940 -42.8709 -43.0052 -43.1194 -43.2587 -43.4375 -43.5993 -43.7721 -43.9450 -44.1490 -44.3294 -44.5166 -44.6979 -44.9139 -45.0957 -45.2836 -45.4733 -45.6553 -45.8155 -46.0065 -46.1864 -46.3681 -46.5490 -46.7278 -46.9049 -47.0852 -47.2628 -47.4372 -47.6549 -47.8523 -48.0535 -48.2534 -48.4507 -48.6444 -48.8348 -49.0240 -49.2138 -49.4021
-42.9361 -42.9945 -43.1749 -43.2584 -43.3741 -43.4768 -43.6113 -43.7752 -43.9322 -44.0863 -44.2496 -44.4155 -44.6162 -44.7878 -44.9646 -45.1338 -45.3428 -45.5151 -45.6971 -45.8798 -46.0521 -46.2008 -46.3831 -46.5568 -46.7282 -46.9027 -47.0753 -47.2460 -47.4159 -47.5864 -47.7539 -47.9430 -48.1348 -48.3267 -48.5194 -48.7102 -48.8985 -49.0838 -49.2683 -49.4517
-43.2668 -43.4296 -43.5385 -43.6520 -43.7376 -43.8521 -43.9515 -44.0929 -44.2571 -44.4039 -44.5514 -44.7089 -44.8719 -45.0644 -45.2263 -45.3935 -45.5514 -45.7331 -45.9246 -46.0955 -46.2711 -46.4347 -46.5754 -46.7462 -46.9149 -47.0784 -47.2475 -47.4130 -47.5759 -47.7384 -47.9010 -48.0620 -48.2195 -48.4097 -48.5938 -48.7783 -48.9633 -49.1471 -49.3300 -49.5103
-53.2769 -43.7928 -43.8883 -44.0081 -44.0880 -44.1894 -44.3153 -44.4207 -44.5541 -44.7160 -44.8551 -45.0011 -45.1535 -45.3080 -45.4934 -45.6464 -45.8056 -45.9587 -46.1348 -46.3185 -46.4802 -46.6465 -46.8045 -46.9366 -47.0980 -47.2640 -47.4225 -47.5819 -47.7406 -47.8964 -48.0518 -48.2069 -48.3610 -48.5136 -48.6647 -48.8545 -49.0315 -49.2126 -49.3926 -49.5704
-53.6367 -44.1167 -44.2364 -44.3487 -44.4551 -44.5396 -44.6445 -44.7432 -44.8707 -44.9957 -45.1557 -45.2935 -45.4346 -45.5790 -45.7257 -45.9048 -46.0515 -46.2086 -46.3521 -46.5200 -46.6983 -46.8519 -47.0089 -47.1618 -47.3119 -47.4413 -47.6008 -47.7549 -47.9062 -48.0585 -48.2081 -48.3558 -48.5044 -48.6530 -48.8010 -48.9459 -49.0909 -49.2854 -49.4581 -49.6324
-53.9842 -52.0914 -44.5777 -44.6769 -44.7848 -44.8863 -44.9605 -45.0849 -45.1778 -45.2997 -45.4481 -45.5837 -45.7133 -45.8500 -45.9865 -46.1264 -46.3025 -46.4447 -46.5957 -46.7325 -46.8904 -47.0642 -47.2107 -47.3592 -47.5095 -47.6531 -47.7759 -47.9269 -48.0768 -48.2217 -48.3672 -48.5112 -48.6528 -48.7943 -48.9386 -49.0809 -49.2240 -49.3657 -49.5333 -49.4852
-54.3201 -52.8009 -44.8861 -45.0006 -45.0990 -45.2100 -45.3054 -45.3931 -45.4804 -45.5955 -45.7174 -45.8642 -45.9931 -46.1154 -46.2491 -46.3787 -46.5182 -46.6863 -46.8230 -46.9683 -47.0992 -47.2478 -47.4169 -47.5578 -47.7007 -47.8462 -47.9846 -48.1013 -48.2435 -48.3879 -48.5282 -48.6675 -48.8061 -48.7735 -48.9007 -49.0342 -49.1655 -49.2952 -49.4233 -49.5497
-54.6478 -53.3980 -52.6339 -45.3181 -45.4134 -45.5207 -45.6235 -45.6969 -45.8023 -45.8851 -46.0054 -46.1198 -46.2645 -46.3857 -46.5013 -46.6350 -46.7605 -46.8959 -47.0555 -47.1873 -47.3274 -47.4529 -47.5930 -47.7587 -47.8949 -48.0313 -48.1710 -48.1732 -48.3010 -48.4051 -48.5370 -48.6662 -48.7932 -48.9179 -49.0421 -49.1684 -49.2940 -49.4200 -49.5446 -49.6680
-54.8745 -53.9072 -53.1192 -45.6267 -45.7196 -45.8219 -45.9258 -45.9980 -46.0922 -46.1990 -46.2834 -46.3979 -46.5056 -46.6496 -46.7630 -46.8782 -47.0087 -47.1290 -47.2597 -47.4116 -47.5388 -47.5673 -47.6824 -47.8116 -47.9671 -48.2264 -48.3617 -48.5022 0.0000 0.0000 -48.6931 -48.8175 -48.9417 -49.0636 -49.1841 -49.3072 -49.4276 -49.5466 -49.6674 -50.0203
-54.9195 -54.3584 -53.6154 -45.9005 -46.0191 -46.1156 -46.2161 -46.3132 -46.3846 -46.4802 -46.5585 -46.6672 -46.7743 -46.9012 -47.0202 -47.1312 -47.1534 -47.2727 -47.3847 -47.6105 -47.7578 -47.8817 -48.0141 -48.1343 -48.2641 -48.4241 -48.5535 -48.6852 -60.9336 0.0000 0.0000 0.0000 0.0000 -49.2083 -49.5214 -49.6482 -49.7757 -49.9008 -50.0249 -50.1493
-54.9861 -54.5876 -54.0838 -53.6489 -46.3133 -46.4020 -46.4978 -46.5944 -46.6642 -46.7453 -46.7776 -46.8466 -46.9528 -47.0494 -47.2663 -47.3823 -47.4893 -47.6024 -47.7195 -47.8327 -47.9546 -48.0945 -48.2165 -48.3454 -48.4632 -48.5874 -48.7185 -48.8657 -48.9923 0.0000 0.0000 0.0000 0.0000 0.0000 -57.7355 -49.7947 -49.9188 -50.0407 -50.1621 -50.2826
-54.9471 -54.7932 -54.4423 -54.0536 -46.5055 -46.6139 -46.6982 -46.7902 -46.9641 -47.0411 -47.1236 -47.2188 -47.2891 -47.3930 -47.4913 -47.6236 -47.7323 -47.8358 -47.9470 -48.0582 -48.1686 -48.2861 -48.4236 -48.5422 -48.6665 -48.7804 -48.8969 -49.0221 -49.1641 -61.4548 0.0000 0.0000 0.0000 -65.4446 -63.0125 -57.9891 -50.0629 -50.1817 -50.2991 -50.4171
-54.3134 -54.5507 -54.7120 -54.4545 -54.2245 -46.9646 -47.0453 -47.1338 -47.2311 -47.3239 -47.3796 -47.4780 -47.5431 -47.6399 -47.7405 -47.8363 -47.9685 -48.0702 -48.1711 -48.2802 -48.3858 -48.4945 -48.6091 -48.7429 -48.8554 -48.9733 -49.0826 -49.1936 -49.3149 -49.4529 -49.5680 -61.7952 -62.0305 -64.7103 -62.8435 -61.1348 -58.2438 -50.3219 -50.4371 -50.5501
