-54.6622 -55.2013 -54.9715 -54.7440 -54.5685 -47.2077 -47.3136 -47.3969 -47.4927 -47.5833 -47.6601 -47.7310 -47.8195 -47.8810 -47.9843 -48.0770 -48.1958 -48.3015 -48.3969 -48.4958 -48.6029 -48.7028 -48.8091 -48.9427 -49.0475 -49.1554 -49.2686 -49.3594 -49.4644 -49.5791 -49.7120 -49.8204 -58.6105 -59.6839 -60.3300 -60.7725 -60.3575 -58.4738 -58.0091 -50.6853
-54.7128 -55.3506 -55.2179 -55.0202 -54.8692 -54.8022 -47.5772 -47.6570 -47.7467 -47.8379 -47.9228 -47.9770 -48.0645 -48.1517 -48.2159 -48.3147 -48.4035 -48.5219 -48.6216 -48.7112 -48.8066 -48.9007 -48.9964 -49.0998 -49.2285 -49.3291 -49.4324 -49.5407 -49.6428 -49.7432 -49.8547 -49.9846 -50.0893 -58.0668 -58.9826 -59.6576 -60.1680 -60.0580 -58.6949 -58.3083
-54.8530 -55.3399 -55.4579 -55.2847 -55.1393 -55.0794 -47.8044 -47.9124 -47.9943 -48.0857 -48.1703 -48.2250 -48.2869 -48.3906 -48.4433 -48.5329 -48.6231 -48.7093 -48.8264 -48.9194 -49.0065 -49.1001 -49.1998 -49.2918 -49.3926 -49.5176 -49.6158 -49.7152 -49.8196 -49.9188 -50.0150 -50.1227 -50.2509 -50.3524 -58.0029 -58.7171 -59.3309 -59.8487 -59.9519 -58.9054
-55.0599 -55.3969 -55.6944 -55.5400 -55.4039 -55.3244 -55.3563 -48.1589 -48.2346 -48.3184 -48.4046 -48.4833 -48.5371 -48.6150 -48.6987 -48.7545 -48.8453 -48.9282 -49.0126 -49.1288 -49.2161 -49.3031 -49.3949 -49.4899 -49.5788 -49.6774 -49.7988 -49.8941 -49.9900 -50.0906 -50.1870 -50.2793 -50.3846 -50.5108 -50.6088 -58.1101 -58.6489 -59.1886 -59.6760 -59.9513
-47.9066 -55.4902 -55.9055 -55.7632 -55.6354 -55.5461 -55.5383 -48.3748 -48.4747 -48.5508 -48.6375 -48.7164 -48.7665 -48.8316 -48.9234 -49.0041 -49.0570 -49.1460 -49.2237 -49.3322 -49.4223 -49.5060 -49.5913 -49.6806 -49.7713 -49.8577 -49.9538 -50.0720 -50.1644 -50.2569 -50.3541 -50.4479 -50.5380 -50.6396 -50.7636 -50.8588 -58.2887 -58.6838 -59.1676 -59.6041
-48.1576 -55.6434 -55.9980 -55.9990 -55.8795 -55.7882 -55.7551 -48.6082 -48.7139 -48.7826 -48.8608 -48.9433 -49.0189 -49.0791 -49.1445 -49.2229 -49.2745 -49.3533 -49.4356 -49.5122 -49.6198 -49.7078 -49.7874 -49.8708 -49.9577 -50.0449 -50.1291 -50.2223 -50.3375 -50.4273 -50.5166 -50.6108 -50.7031 -50.7902 -50.8879 -51.0098 -51.1023 -51.1965 -58.7925 -59.2009
-48.4020 -55.8327 -56.0953 -56.2302 -56.1166 -56.0258 -55.9779 -56.0045 -48.9178 -49.0124 -49.0820 -49.1634 -49.2407 -49.3154 -49.3562 -49.4365 -49.5135 -49.5603 -49.6404 -49.7162 -49.7933 -49.9002 -49.9835 -50.0610 -50.1420 -50.2270 -50.3108 -50.3936 -50.4835 -50.5958 -50.6830 -50.7697 -50.8618 -50.9517 -51.0359 -51.1298 -51.2251 -51.3398 -51.4333 -58.9298
-48.6405 -48.7099 -56.2237 -56.4572 -56.3484 -56.2594 -56.2031 -56.2031 -49.1385 -49.2398 -49.3042 -49.3760 -49.4566 -49.5307 -49.5934 -49.6276 -49.7205 -49.7949 -49.8386 -49.9188 -49.9898 -50.0669 -50.1723 -50.2514 -50.3274 -50.4057 -50.4886 -50.5696 -50.6509 -50.7377 -50.8475 -50.9322 -51.0167 -51.1063 -51.1941 -51.2756 -51.3658 -51.1419 -51.2417 -51.3221
-48.8757 -48.9406 -56.3795 -56.6587 -56.5755 -56.4883 -56.4271 -56.4094 -56.4582 -49.4573 -49.5224 -49.5884 -49.6672 -49.7408 -49.8124 -49.8558 -49.9247 -49.9969 -50.0422 -50.1122 -50.1879 -50.2577 -50.3573 -50.4365 -50.5121 -50.5866 -50.6623 -50.7432 -50.8216 -50.9014 -50.9854 -51.0931 -51.1755 -50.9697 -51.0474 -51.1231 -51.1924 -51.2685 -51.3485 -51.4493
-49.1093 -49.1652 -56.5576 -56.7743 -56.7983 -56.7122 -56.6485 -56.6189 -56.6419 -49.6428 -49.7388 -49.8006 -49.8719 -49.9475 -50.0172 -50.0825 -50.1114 -50.1936 -50.2661 -50.3060 -50.3786 -50.4497 -50.5192 -50.6163 -50.6934 -50.7658 -50.8389 -50.9130 -50.9912 -50.8069 -50.8753 -50.9486 -51.0434 -51.1142 -51.1849 -51.2596 -51.3328 -51.3992 -51.4712 -51.5522
-49.3369 -49.3909 -56.7511 -56.9099 -57.0175 -56.9317 -56.8665 -56.8289 -56.8334 -56.8965 -49.9463 -50.0089 -50.0753 -50.1483 -50.2187 -50.2859 -50.3316 -50.3898 -50.4574 -50.5264 -50.5637 -50.6376 -50.7046 -50.7736 -50.8695 -50.7024 -50.7640 -50.8279 -50.8930 -50.9605 -51.0263 -51.0946 -51.1654 -51.2571 -51.3252 -51.3934 -51.4653 -51.5361 -51.5997 -51.6682
-49.5583 -49.6124 -49.6701 -57.0638 -57.2335 -57.1472 -57.0807 -57.0378 -57.0287 -57.0679 -50.1215 -50.2156 -50.2768 -50.3444 -50.4153 -50.4824 -50.5233 -50.5740 -50.6465 -50.7141 -50.7541 -50.5973 -50.6581 -50.7164 -50.7773 -50.8635 -50.9268 -50.9877 -51.0493 -51.1125 -51.1772 -51.2408 -51.3072 -51.3755 -51.4644 -51.5300 -51.5956 -51.6650 -51.7335 -51.7943
-49.7757 -49.8297 -49.9045 -57.2311 -57.4151 -57.3590 -57.2913 -57.2445 -57.2258 -57.2465 -57.3190 -50.4150 -50.4752 -50.5391 -50.6072 -50.6743 -50.7391 -50.5777 -50.6171 -50.6742 -50.7354 -50.7663 -50.8260 -50.8857 -50.9426 -51.0241 -51.0858 -51.1460 -51.2048 -51.2638 -51.3253 -51.3880 -51.4490 -51.5135 -51.5794 -51.6654 -51.7284 -51.7916 -52.2630 -52.3653
-50.0089 0.0000 0.0000 0.0000 -57.5512 -57.5675 -57.4984 -57.4488 -57.4229 -57.4298 -57.4804 -50.5828 -50.6725 -50.7311 -50.5903 -50.6509 -50.7099 -50.7672 -50.7919 -50.8481 -50.9044 -50.9616 -50.9898 -51.0503 -51.1063 -51.1618 -51.2411 -51.3012 -51.3588 -51.4157 -51.4719 -51.5321 -51.5924 -51.6509 -51.7136 -52.1495 -52.2536 -52.3359 -52.4220 -52.5141
-50.2189 0.0000 0.0000 0.0000 -57.7073 -57.7733 -57.7025 -57.6505 -57.6194 -57.6158 -56.7727 -50.5762 -50.6612 -50.7116 -50.7678 -50.8259 -50.8836 -50.9401 -50.9858 -51.0034 -51.0717 -51.1272 -51.1572 -51.2099 -51.2676 -51.3205 -51.3747 -51.4527 -51.5101 -51.5653 -51.6199 -51.6887 -52.0839 -52.1562 -52.2277 -52.3064 -52.3867 -52.4903 -52.5710 -52.6524
-50.4217 -61.5720 0.0000 0.0000 0.0000 -57.9766 -57.0182 -56.9643 -56.9260 -56.9065 -56.9121 -56.9492 -50.8155 -50.8917 -50.9417 -50.9973 -51.0531 -51.1092 -51.1637 -51.1916 -51.2389 -51.2895 -51.3434 -51.3698 -51.4232 -51.4772 -51.5287 -51.5810 -51.9811 -52.0470 -52.1120 -52.1770 -52.2430 -52.3150 -52.3867 -52.4574 -52.5360 -52.6145 -52.7150 -52.7914
-50.6215 -50.6718 0.0000 0.0000 0.0000 -57.8885 -57.1779 -57.1222 -57.0809 -57.0561 -57.0524 -57.0755 -50.9883 -51.0710 -51.1139 -51.1665 -51.2205 -51.2744 -51.3283 -51.3760 -51.3921 -51.4516 -51.5016 -51.5521 -51.5857 -51.9385 -51.9993 -52.0598 -52.1454 -52.2100 -52.2747 -52.3387 -52.4031 -52.4695 -52.5407 -52.6081 -52.6736 -52.7474 -52.8208 -52.9188
-50.8182 -50.8670 -61.9027 -62.8691 -62.3741 -59.9456 -57.3263 -57.2763 -57.2324 -57.2033 -57.1924 -57.2044 -57.2439 -51.2158 -51.2874 -51.3329 -51.3846 -51.4360 -51.4892 -51.5403 -51.5712 -51.9012 -51.9560 -52.0149 -52.0467 -52.1035 -52.1654 -52.2250 -52.2851 -52.3694 -52.4339 -52.4974 -52.5565 -52.6160 -52.6777 -52.7424 -52.8048 -52.8671 -52.9358 -53.0030
-50.8080 -50.8476 -58.4145 -59.9339 -61.7509 -60.0505 -57.4787 -57.4269 -57.3809 -57.3483 -57.3315 -57.3345 -57.3613 -51.3808 -51.4595 -51.4985 -51.5469 -51.6051 -51.9281 -51.9875 -52.0449 -52.0666 -52.1274 -52.1821 -52.2401 -52.2696 -52.3273 -52.3877 -52.4465 -52.5055 -52.5872 -52.6470 -52.7054 -52.7629 -52.8210 -52.8821 -52.9454 -52.5274 -52.5727 -52.6261
-50.9910 -51.0295 -57.8751 -59.1622 -60.0622 -60.1526 -58.0789 -57.5662 -57.5262 -57.4906 -57.4690 -57.4644 -57.4806 -57.5208 -51.8857 -51.9365 -51.9864 -52.0420 -52.0967 -52.1555 -52.2128 -52.2538 -52.2762 -52.3486 -52.4037 -52.4596 -52.4852 -52.5410 -52.5960 -52.6499 -52.7021 -52.7804 -52.8351 -52.8857 -52.5068 -52.5519 -52.6001 -52.6491 -52.6945 -52.7408
-51.2064 -51.2076 -51.2496 -58.6909 -59.5522 -59.9134 -58.2650 -57.7101 -57.6595 -57.6298 -57.6238 -58.7095 -58.7378 -58.7948 -52.0312 -52.1153 -52.1582 -52.2121 -52.2655 -52.3202 -52.3779 -52.4329 -52.4574 -52.5096 -52.5581 -52.6107 -52.6357 -52.6848 -52.7378 -52.7887 -52.8378 -52.5018 -52.5470 -52.5924 -52.6356 -52.6787 -52.7220 -53.2455 -53.3068 -53.3650
-51.3760 -51.3837 -51.4250 -58.4192 -59.1915 -59.8140 -58.3201 -58.9799 -58.9294 -58.9065 -58.8880 -58.8870 -58.9073 -58.9529 -59.0274 -52.2829 -52.3326 -52.3786 -52.4318 -52.4816 -52.5347 -52.5875 -52.6287 -52.6475 -52.7097 -52.7571 -52.8063 -52.8282 -52.4865 -52.5297 -52.5712 -52.6121 -52.6748 -52.7193 -53.2179 -53.2719 -53.3273 -53.3835 -53.4450 -53.5054
-51.5414 -51.5879 -51.5967 -58.3046 -60.4020 -61.2774 -61.9982 -59.6758 -59.1165 -59.0794 -59.0699 -59.0644 -59.0777 -59.1136 -59.1756 -52.4209 -52.5000 -52.5389 -52.5887 -52.6374 -52.6866 -52.7380 -52.7874 -52.8130 -52.8578 -52.5245 -52.5645 -52.6050 -52.6209 -52.6627 -52.7032 -53.1766 -53.2275 -53.3044 -53.3609 -53.4157 -53.4691 -53.5244 -53.5809 -53.6418
-51.9321 -51.9864 -52.0386 -59.4512 -60.1929 -60.9878 -61.7187 -59.7782 -59.3020 -59.2625 -59.2503 -59.2389 -59.2395 -59.2594 -59.3022 -52.5771 -52.6560 -52.7007 -52.7417 -52.7901 -52.8371 -52.8866 -52.5673 -52.6031 -52.6161 -52.6636 -52.6998 -52.7396 -53.1733 -53.2214 -53.2731 -53.3234 -53.3730 -53.4236 -53.5013 -53.5571 -53.6106 -53.6617 -53.7128 -53.7653
-52.1012 -52.1577 -52.2087 -52.2226 -60.0760 -60.7881 -61.4711 -59.8820 -59.4807 -59.4325 -59.3976 -59.3904 -59.3848 -59.3964 -59.4282 -59.4826 -52.7829 -52.8580 -52.8940 -52.5858 -52.6252 -52.6652 -52.7059 -52.7444 -52.7669 -53.1836 -53.2508 -53.2973 -53.3465 -53.3695 -53.4180 -53.4687 -53.5179 -53.5668 -53.6403 -53.6910 -53.7424 -53.7906 -53.8388 -53.8883
-52.2686 -52.3262 -52.3758 -52.4281 -60.0293 -60.6489 -61.2715 -59.9669 -59.9849 -59.5887 -59.5505 -59.5249 -59.5280 -59.5324 -59.5552 -58.2746 -52.5906 -52.6582 -52.6931 -52.7252 -52.7639 -52.8026 -53.2351 -53.2829 -53.3529 -53.3478 -53.4007 -53.4449 -53.4928 -53.5407 -53.5620 -53.6108 -53.6578 -53.7029 -53.7479 -53.8180 -53.8683 -53.9177 -53.9641 -54.0108
-52.4331 -52.4908 -52.5397 -52.5896 -60.0233 -60.5492 -61.1171 -60.0527 -60.0758 -59.7418 -59.7004 -59.6717 -58.3461 -58.2950 -58.2950 -58.3083 -58.3360 -52.7734 -52.8355 -53.2433 -53.2897 -53.3360 -53.3835 -53.4319 -53.4782 -53.5103 -53.5309 -53.5928 -53.6371 -53.6826 -53.7015 -53.7436 -53.7901 -53.8351 -53.8785 -53.9225 -53.9917 -54.0409 -54.0879 -54.1326
-52.5930 -52.6488 -52.6988 -52.7472 -60.0707 -60.4947 -61.0084 -61.5163 -60.1684 -58.5276 -58.4684 -58.4339 -58.4079 -58.4033 -58.3979 -58.4046 -59.9160 -53.2833 -53.3589 -53.3999 -53.4386 -53.4846 -53.5315 -53.5786 -53.6252 -53.6700 -53.6884 -53.7341 -53.7751 -53.8173 -53.8606 -53.8774 -53.9197 -53.9648 -54.0076 -54.0496 -54.0926 -54.1617 -53.6184 -53.6515
-52.7501 -52.8040 -52.8548 -52.9020 -52.9499 -60.4796 -59.2952 -59.5982 -58.7975 -58.7965 -58.5829 -58.5460 -58.5173 -59.9542 -59.9804 -60.0071 -60.0519 -60.1164 -53.4815 -53.5521 -53.5900 -53.6317 -53.6773 -53.7217 -53.7664 -53.8089 -53.8409 -53.8566 -53.9114 -53.9503 -53.9924 -54.0338 -54.0487 -54.0914 -54.1351 -53.6114 -53.6414 -53.6933 -53.7262 -53.7598
-52.9086 -52.9574 -53.0083 -52.7511 -52.7922 -59.0080 -59.2770 -59.5575 -58.8734 -58.8734 -60.1670 -60.1356 -60.1162 -60.1087 -60.1320 -60.1535 -60.1915 -60.2477 -53.6264 -53.6998 -53.7382 -53.7735 -53.8165 -53.8595 -53.9027 -53.9452 -53.9859 -54.0053 -54.0219 -54.0841 -54.1220 -54.1631 -54.1785 -53.6618 -53.6940 -53.7246 -53.7533 -53.7822 -53.8326 -53.8650
-52.7678 -52.8133 -52.8530 -52.8923 -52.9329 -59.0491 -59.2758 -61.3161 -60.4875 -60.5130 -60.3283 -60.2959 -60.2747 -60.2645 -60.2662 -60.3007 -60.3326 -60.3783 -53.7945 -53.8140 -53.8804 -53.9154 -53.9536 -53.9947 -54.0367 -54.0791 -54.1193 -54.1524 -54.1671 -54.2159 -53.7133 -53.7414 -53.7708 -53.7768 -53.8046 -53.8353 -53.8638 -53.8909 -53.9190 -53.9682
-53.2609 0.0000 -52.9924 -53.0316 -53.4020 -60.6499 -60.9365 -61.3098 -60.6055 -60.6324 -60.6527 -60.4557 -60.4324 -60.4197 -60.4162 -60.4394 -60.4584 -60.4923 -60.5423 -53.9508 -54.0188 -54.0544 -54.0881 -54.1283 -54.1693 -54.2106 -54.2510 -53.7654 -53.7792 -53.7875 -53.8304 -53.8548 -53.8834 -53.9109 -53.9151 -53.9432 -53.9724 -53.9989 -54.0247 -54.0517
-53.4362 0.0000 -61.7961 -53.5039 -53.5495 -53.6199 -60.9871 -61.3244 -60.7260 -60.7532 -60.7748 -60.6133 -60.5815 -60.5597 -60.5480 -60.5471 -60.5796 -60.6067 -60.6487 -54.0865 -54.1532 -54.1913 -54.2248 -54.2607 -54.3001 -53.8243 -53.8546 -53.8829 -53.9296 -53.9139 -53.9460 -53.9691 -53.9938 -54.0212 -54.0256 -54.0492 -54.0777 -54.1050 -54.1298 -54.1547
0.0000 0.0000 -61.9435 -53.6500 -53.6951 -53.7403 -61.0573 -61.3560 -61.6957 -60.8683 -60.8839 -60.7636 -60.7179 -60.6932 -60.6782 -60.6732 -60.6793 -60.7211 -60.7560 -60.8056 -54.2611 -54.3270 -53.8593 -53.8822 -53.9109 -53.9403 -53.9697 -53.9979 -54.0238 -54.0384 -54.0448 -54.0821 -54.1038 -54.1288 -54.1548 -54.1573 -54.1812 -54.2083 -54.2335 -54.9561
0.0000 0.0000 -62.0904 -53.7941 -53.8385 -53.8836 -61.1397 -61.3898 -61.6962 -60.9721 -60.9872 -60.9984 -60.8520 -60.8248 -60.8067 -60.7981 -60.7999 -60.8360 -60.8651 -59.0574 -53.9008 -53.9536 -53.9801 -54.0031 -54.0267 -54.0541 -54.0828 -54.1105 -54.1361 -54.1612 -54.1663 -54.1923 -54.2143 -54.2352 -54.2600 -54.2632 -54.2850 -54.9970 -55.0386 -55.0778
0.0000 0.0000 -62.2358 -53.9352 -53.9782 -54.0217 -61.2267 -61.4312 -61.7095 -61.0760 -61.0901 -61.1011 -60.9841 -60.9546 -60.9341 -60.9228 -60.9215 -59.1103 -59.1236 -59.1305 -59.1455 -54.0479 -54.0990 -54.1212 -54.1443 -54.1666 -54.1940 -54.2210 -54.2464 -54.2708 -54.2862 -54.2903 -54.3226 -54.3426 -55.0304 -55.0684 -55.0810 -55.1163 -55.1577 -55.1990
-68.8385 -68.3078 -62.3602 -54.0720 -54.1153 -54.1576 -61.3278 -61.4853 -61.7344 -61.1798 -61.1929 -61.2036 -61.1319 -61.0841 -59.2504 -59.2250 -59.2053 -59.1917 -59.1852 -59.2033 -59.2136 -54.1619 -54.2126 -54.2378 -54.2576 -54.2779 -54.3031 -54.3297 -54.3546 -54.3787 -54.4015 -54.4074 -55.0659 -55.1203 -55.1530 -55.1897 -55.2275 -55.2391 -55.2757 -55.3163
-67.9285 -67.2106 -62.4810 -61.5791 -54.2496 -54.2913 -54.3326 -61.5515 -61.7704 -61.2845 -61.2966 -59.4650 -59.4542 -59.3704 -59.3378 -59.3104 -59.2884 -59.2721 -59.2619 -59.2758 -59.2817 -59.2950 -54.3026 -54.3513 -54.3721 -54.3920 -54.4113 -54.4365 -54.4607 -55.1238 -55.1590 -55.1886 -55.2014 -55.2443 -55.2773 -55.3108 -55.3481 -55.3585 -55.3899 -55.4246
-66.4244 -66.3533 -62.5994 -61.7921 -54.3818 -54.4230 -54.4639 -61.6300 -61.8181 -59.9805 -59.5468 -59.5367 -59.5253 -59.4574 -59.4232 -59.3941 -59.3700 -59.3512 -59.3381 -59.3309 -59.3497 -59.3588 -54.4121 -54.4605 -54.4839 -54.5025 -54.5184 -55.1718 -55.2084 -55.2458 -55.2818 -55.3169 -55.3361 -55.3495 -55.4001 -55.4296 -55.4612 -55.4948 -55.5019 -55.5320
-65.7281 -65.8992 -62.7159 -61.9962 -54.5122 -54.5530 -54.1560 -59.8069 -59.8888 -60.0068 -59.6187 -59.6074 -59.5954 -59.5825 -59.5069 -59.4761 -59.4501 -59.4291 -59.4133 -59.4030 -59.4170 -59.4224 -54.5427 -54.5466 -54.5937 -55.2367 -55.2674 -55.2939 -55.3293 -55.3671 -55.4034 -55.4382 -55.4942 -55.4790 -55.5140 -55.5437 -55.5720 -55.6047 -55.6370 -55.6425
