-54.7439 -54.6397 -54.5344 -54.4274 -54.3186 -54.2078 -54.0950 -53.9804 -53.8597 -53.7440 -53.6270 -53.5082 -53.3874 -53.2631 -53.1368 -53.0104 -52.8864 -52.7608 -52.6326 -52.5009 -52.3680 -52.2371 -52.1010 -51.9634 -51.8535 -51.7429 -51.6333 -51.5229 -51.4120 -51.2983 -51.1839 -51.0702 -50.9553 -50.8410 -50.7261 -50.6100 -50.4937 -50.3789 -58.2495 0.0000
-54.7549 -54.6519 -54.5472 -54.4403 -54.3316 -54.2212 -54.1091 -53.9973 -53.8795 -53.7648 -53.6475 -53.5278 -53.4062 -53.2844 -53.1646 -53.0432 -52.9196 -52.7919 -52.6624 -52.5314 -52.3996 -52.2700 -52.1561 -52.0498 -51.9432 -51.8383 -51.7311 -51.6216 -51.5110 -51.4004 -51.2898 -51.1787 -51.0675 -50.9556 -50.8429 -50.7302 -50.6185 -58.4768 -60.4641 0.0000
-54.7630 -54.6600 -54.5554 -54.4532 -54.3454 -54.2375 -54.1281 -54.0171 -53.8991 -53.7835 -53.6662 -53.5484 -53.4326 -53.3156 -53.1964 -53.0733 -52.9483 -52.8216 -52.6933 -52.5629 -52.4446 -52.3458 -52.2422 -52.1407 -52.0390 -51.9346 -51.8263 -51.7186 -51.6123 -51.5046 -51.3970 -51.2888 -51.1796 -51.0698 -50.9616 -50.8772 -58.6913 -59.8724 -64.9771 -65.3517
-54.7752 -54.6727 -54.5690 -54.4651 -54.3597 -54.2526 -54.1469 -54.0352 -53.9172 -53.8031 -53.6912 -53.5781 -53.4632 -53.3446 -53.2240 -53.1017 -52.9780 -52.8526 -52.7299 -52.6289 -52.5278 -52.4326 -52.3343 -52.2349 -52.1317 -52.0275 -51.9226 -51.8192 -51.7151 -51.6103 -51.5048 -51.3985 -51.2922 -51.1873 -58.3926 -58.9000 -59.7138 -60.7924 -64.4087 -64.5018
-54.7888 -54.6885 -54.5867 -54.4833 -54.3778 -54.2703 -54.1611 -54.0508 -53.9378 -53.8316 -53.7205 -53.6062 -53.4897 -53.3720 -53.2527 -53.1318 -53.0090 -52.9088 -52.8106 -52.7118 -52.6160 -52.5238 -52.4249 -52.3239 -52.2230 -52.1238 -52.0216 -51.9206 -51.8206 -51.7158 -51.6122 -51.5099 -51.4079 -58.6823 -59.1055 -59.7172 -60.4896 -61.4308 -63.5866 -63.5460
-54.8105 -54.7063 -54.6043 -54.5006 -54.3955 -54.2889 -54.1843 -54.0734 -53.9660 -53.8557 -53.7436 -53.6297 -53.5173 -53.4011 -53.2827 -53.1790 -53.0839 -52.9880 -52.8944 -52.8003 -52.7091 -52.6106 -52.5120 -52.4152 -52.3188 -52.2198 -52.1213 -52.0221 -51.9241 -51.8209 -51.7226 -51.6480 -58.9511 -59.3024 -59.7817 -60.3800 -61.0776 -63.2112 -63.0906 -62.9652
-54.8279 -54.7278 -54.6261 -54.5230 -54.4180 -54.3155 -54.2115 -54.1000 -53.9914 -53.8813 -53.7703 -53.6578 -53.5438 -53.4374 -53.3454 -53.2552 -53.1635 -53.0728 -52.9813 -52.8858 -52.7934 -52.6970 -52.6037 -52.5095 -52.4152 -52.3176 -52.2209 -52.1234 -52.0286 -51.9305 -59.0471 -59.1973 -59.4942 -59.8826 -60.3540 -60.9075 -61.5347 -62.4012 -62.1381 -61.8148
-54.8459 -54.7462 -54.6482 -54.5489 -54.4483 -54.3454 -54.2401 -54.1249 -54.0171 -53.9086 -53.7988 -53.6894 -53.6003 -53.5109 -53.4210 -53.3335 -53.2451 -53.1546 -53.0635 -52.9684 -52.8806 -52.7886 -52.6966 -52.6040 -52.5113 -52.4152 -52.3202 -52.2271 -52.1365 -59.2694 -59.4252 -59.6795 -60.0027 -60.3848 -60.8273 -61.3403 -61.9203 -61.6132 -61.2219 -60.7305
-54.8684 -54.7721 -54.6745 -54.5751 -54.4733 -54.3700 -54.2653 -54.1548 -54.0484 -53.9374 -53.8474 -53.7604 -53.6726 -53.5877 -53.5024 -53.4161 -53.3261 -53.2350 -53.1439 -53.0534 -52.9683 -52.8801 -52.7893 -52.6983 -52.6073 -52.5131 -52.4235 -52.3597 -59.5041 -59.6380 -59.8588 -60.1283 -60.4455 -60.8155 -61.2300 -61.6129 -61.2716 -60.8816 -60.3937 -59.7908
-53.7456 -54.7986 -54.6998 -54.5997 -54.4984 -54.3964 -54.2932 -54.1832 -54.0898 -54.0057 -53.9205 -53.8366 -53.7511 -53.6680 -53.5821 -53.4943 -53.4053 -53.3179 -53.2302 -53.1414 -53.0585 -52.9695 -52.8800 -52.7908 -52.7050 -52.6156 -59.6596 -59.7145 -59.8537 -60.0280 -60.2593 -60.5290 -60.8385 -61.1882 -61.4056 -61.0735 -60.6797 -60.2308 -59.6854 -59.0433
-53.7666 -53.7094 -53.6498 -53.5883 -54.5263 -54.4249 -54.3284 -54.2407 -54.1580 -54.0756 -53.9954 -53.9146 -53.8324 -53.7474 -53.6620 -53.5736 -53.4884 -53.4027 -53.3167 -53.2351 -53.1485 -53.0608 -52.9725 -52.8884 -52.8018 -59.8335 -59.8929 -60.0353 -60.2093 -60.3929 -60.6252 -60.8901 -61.1856 -61.2833 -60.9528 -60.5854 -60.1567 -59.6767 -59.1255 -51.4824
-53.7871 -53.7308 -53.6726 -53.6121 -53.5495 -53.5009 -53.4508 -54.3084 -54.2300 -54.1518 -54.0727 -53.9909 -53.9078 -53.8238 -53.7414 -53.6581 -53.5746 -53.4910 -53.4040 -53.3236 -53.2382 -53.1530 -53.0704 -53.0122 -60.0166 -60.0836 -60.1974 -60.3607 -60.5341 -60.7186 -60.9475 -61.2135 -61.2139 -60.8985 -60.5447 -60.1553 -59.7119 -59.2433 -51.7001 -51.6144
-53.8093 -53.7539 -53.6963 -53.6482 -53.6024 -53.5550 -53.5075 -53.4556 -53.4070 -53.3565 -54.1470 -54.0657 -53.9844 -53.9033 -53.8223 -53.7412 -53.6596 -53.5770 -53.4931 -53.4143 -53.3304 -53.2495 -60.2041 -60.2077 -60.2621 -60.3664 -60.4977 -60.6724 -60.8310 -61.0280 -61.2494 -61.1748 -60.8716 -60.5425 -60.1931 -59.7904 -59.3698 -51.9127 -51.8292 -51.7459
-53.8328 -53.7852 -53.7434 -53.7001 -53.6558 -53.6126 -53.5679 -53.5169 -53.4678 -53.4174 -53.3652 -53.3127 -53.2590 -53.9836 -53.9050 -53.8252 -53.7444 -53.6623 -53.5799 -53.5062 -53.4273 -60.3721 -60.3915 -60.4469 -60.5283 -60.6468 -60.8036 -60.9663 -61.1174 -61.3119 -61.1770 -60.8899 -60.5763 -60.2393 -59.8811 -59.5090 -52.1171 -52.0391 -51.9580 -51.8829
-53.8743 -53.8352 -53.7944 -53.7547 -53.7140 -53.6718 -53.6271 -53.5756 -53.5278 -53.4789 -53.4289 -53.3777 -53.3263 -53.2738 -53.2203 -53.1646 -53.8289 -53.7492 -53.6713 -53.6235 -60.5298 -60.5581 -60.6224 -60.7102 -60.8032 -60.9287 -61.0798 -61.2422 -61.3850 -61.2014 -60.9289 -60.6335 -60.3173 -59.9849 -59.6608 -52.3200 -52.2406 -52.1639 -52.0904 -52.0184
-53.9237 -53.8868 -53.8500 -53.8118 -53.7718 -53.7292 -53.6850 -53.6344 -53.5885 -53.5411 -53.4928 -53.4444 -53.3945 -53.3429 -53.2901 -53.2356 -53.1818 -53.1273 -58.0111 -60.6879 -60.7182 -60.7815 -60.8642 -60.9420 -61.0584 -61.1863 -61.3520 -61.5116 -61.2549 -60.9844 -60.7070 -60.4106 -60.1020 -59.8067 -52.5184 -52.4410 -52.3642 -52.2946 -52.2248 -52.1435
-53.9765 -53.9422 -53.9063 -53.8679 -53.8277 -53.7860 -53.7432 -53.6942 -53.6495 -53.6045 -53.5586 -53.5112 -53.4618 -53.4111 -53.3598 -53.3091 -53.2571 -58.0591 -58.1030 -58.1536 -58.2149 -58.2876 -61.1040 -61.1839 -61.3023 -61.4299 -61.5708 -61.3425 -61.0634 -60.8011 -60.5227 -60.2368 -59.9582 -52.7111 -52.6371 -52.5622 -52.4918 -52.4261 -52.3473 -52.2702
-54.0308 -53.9968 -53.9607 -53.9230 -53.8839 -53.8436 -53.8019 -53.7542 -53.7124 -53.6690 -53.6238 -53.5769 -53.5285 -53.4801 -53.4321 -53.4027 -58.1047 -58.1370 -58.2040 -58.2663 -58.3351 -58.4107 -58.4904 -58.5635 -61.5349 -61.6222 -61.4116 -61.1748 -60.8934 -60.6331 -60.3663 -60.1205 -52.9021 -52.8290 -52.7561 -52.6871 -52.6204 -52.5466 -52.4702 -52.4027
-54.0845 -54.0505 -54.0150 -53.9782 -53.9404 -53.9013 -53.8620 -53.8170 -53.7758 -53.7326 -53.6879 -53.6421 -53.5969 -53.5507 -58.1289 -58.1477 -58.1836 -58.2323 -58.3100 -58.3781 -58.4505 -58.5283 -58.6067 -58.6797 -58.7228 -58.6615 -58.5779 -61.0281 -60.7478 -60.4986 -60.2738 -53.0884 -53.0169 -52.9457 -52.8798 -52.8146 -52.7404 -52.6662 -52.6001 -52.5313
-54.1374 -54.1043 -54.0699 -54.0343 -53.9976 -53.9611 -53.9178 -53.8790 -53.8380 -53.7957 -53.7526 -53.7097 -53.6658 -58.1596 -58.1848 -58.2251 -58.2746 -58.3305 -58.4149 -58.4872 -58.5606 -58.6382 -58.7040 -58.7261 -58.6589 -58.6213 -61.5425 -58.4087 -58.2810 -58.1838 -53.2710 -53.2006 -53.1316 -53.0653 -53.0034 -52.9314 -52.8565 -52.7948 -52.7284 -52.6577
-54.1902 -54.1583 -54.1249 -54.0915 -54.0574 -54.0218 -53.9784 -53.9398 -53.8997 -53.8596 -53.8190 -53.7965 -58.1905 -58.2204 -58.2617 -58.3117 -58.3671 -58.4270 -58.5166 -58.5907 -58.6648 -58.7407 -58.7332 -58.6700 -59.0176 0.0000 0.0000 -61.4072 -60.9093 -53.4516 -52.8450 -52.7919 -52.7415 -53.1886 -53.1186 -53.0453 -52.9808 -52.9200 -52.8508 -52.7843
-54.2430 -54.2123 -54.1819 -54.1501 -54.1168 -54.0812 -54.0382 -54.0008 -53.9633 -53.9247 -58.1972 -58.2189 -58.2528 -58.2958 -58.3451 -58.4000 -58.4584 -58.5208 -58.6141 -58.6892 -58.7636 -58.7549 -58.6840 -59.0213 -60.5300 0.0000 0.0000 0.0000 -53.7138 -53.6214 -53.5330 -53.4521 -52.8477 -52.7962 -52.7386 -52.6877 -53.1042 -53.0401 -52.9740 -52.9125
-54.2970 -54.2689 -54.2393 -54.2079 -54.1747 -54.1399 -54.0988 -54.0635 -54.0271 -58.2188 -58.2459 -58.2821 -58.3260 -58.3752 -58.4277 -58.4865 -58.5470 -58.6337 -58.7093 -58.7838 -58.7662 -58.9276 -59.0280 -59.1218 -60.9453 0.0000 0.0000 -53.9122 -53.8290 -53.7472 -53.6674 -53.5919 -53.5135 -53.4348 -53.3626 -52.7966 -52.7440 -52.6947 -52.6466 -53.0379
-54.3532 -54.3256 -54.2957 -54.2646 -54.2322 -54.1996 -54.1601 -54.1443 -58.2383 -58.2693 -58.3084 -58.3534 -58.4027 -58.4553 -58.5100 -58.5701 -58.6316 -58.7235 -58.8005 -58.7792 -58.9713 -59.0484 -59.1218 -60.4570 -60.7951 0.0000 0.0000 -54.0124 -53.9338 -53.8619 -53.7947 -53.7175 -53.6371 -53.5660 -53.4973 -53.4256 -53.3537 -53.2941 -52.7584 -52.7074
-54.4090 -54.3811 -54.3519 -54.3216 -54.2912 -54.2598 -58.2295 -58.2555 -58.2900 -58.3312 -58.3770 -58.4266 -58.4789 -58.5338 -58.5899 -58.6511 -58.7133 -58.8117 -58.7883 -58.9867 -59.0609 -59.1236 -60.1057 -60.1357 -60.1660 -60.1938 -53.4249 -54.0692 -54.0074 -53.9483 -53.8848 -53.8157 -53.7526 -53.6952 -53.6242 -53.5521 -53.4867 -53.4274 -53.3601 -53.2958
-54.4634 -54.4363 -54.4086 -54.3802 -54.3508 -58.2572 -58.2706 -58.3078 -58.3506 -58.3974 -58.4471 -58.4993 -58.5535 -58.6096 -58.6667 -58.7287 -58.7916 -58.9015 -58.9972 -59.0756 -59.1431 -59.2147 -59.7672 -59.6473 -59.3612 -53.5492 -53.5066 -53.4645 -53.4243 -54.0105 -53.9567 -53.9011 -53.8486 -53.7936 -53.7320 -53.6743 -53.6166 -53.5552 -53.4891 -53.4306
-54.5171 -54.4922 -54.4661 -54.4561 -58.2694 -58.3016 -58.3241 -58.3678 -58.4147 -58.4646 -58.5165 -58.5704 -58.6257 -58.6818 -58.7406 -58.8031 -58.8898 -59.0062 -59.0819 -59.1531 -59.2137 -59.5246 -59.3674 -59.0835 -53.6778 -53.6372 -53.5970 -53.5585 -53.5168 -53.4694 -53.4240 -53.3872 -53.9366 -53.8847 -53.8312 -53.7792 -53.7227 -53.6697 -53.6176 -53.5624
-54.5721 -54.5481 -58.2483 -58.2786 -58.3148 -58.3561 -58.3828 -58.4304 -58.4802 -58.5318 -58.5848 -58.6393 -58.6956 -58.7524 -58.8117 -58.8974 -58.9651 -59.0882 -59.1563 -59.2244 -59.3893 -59.2146 -58.9706 -53.8026 -53.7639 -53.7255 -53.6888 -53.6493 -53.6038 -53.5595 -53.5205 -53.4796 -53.4357 -53.3957 -53.9309 -53.8785 -53.8235 -53.7792 -53.7304 -53.6752
-54.6273 -58.2513 -58.2851 -58.3238 -58.3665 -58.4127 -58.4429 -58.4933 -58.5449 -58.5977 -58.6517 -58.7070 -58.7635 -58.8204 -58.9025 -58.9767 0.0000 0.0000 0.0000 0.0000 -59.1243 -58.9200 -53.9238 -53.8870 -53.8503 -53.8154 -53.7781 -53.7344 -53.6911 -53.6538 -53.6150 -53.5722 -53.5339 -53.4960 -53.4557 -53.4120 -53.3756 -53.8877 -53.8372 -53.7834
-58.2561 -58.2917 -58.3313 -58.3746 -58.4212 -58.4703 -58.5022 -58.5544 -58.6078 -58.6618 -58.7168 -58.7726 -58.8481 -58.9090 -58.9809 -60.1623 0.0000 0.0000 0.0000 0.0000 -63.0592 -54.9361 -54.8186 -53.9713 -53.9381 -53.9033 -53.8614 -53.8192 -53.7834 -53.7467 -53.7054 -53.6647 -53.6320 -53.5942 -53.5520 -53.5112 -53.4798 -53.4428 -53.4015 -53.3707
-58.2983 -58.3399 -58.3840 -58.4300 -58.4777 -58.5277 -58.5606 -58.6138 -58.6681 -58.7231 -58.7793 -58.8553 -58.9141 -58.9845 -59.7944 -60.1856 0.0000 0.0000 0.0000 0.0000 -55.1579 -55.0710 -54.9776 -54.8916 -54.8133 -53.9847 -53.9437 -53.9093 -53.8744 -53.8351 -53.7949 -53.7605 -53.7287 -53.6882 -53.6473 -53.6130 -53.5825 -53.5436 -53.5065 -53.4720
-58.3464 -58.3918 -58.4386 -58.4867 -58.5371 -58.5865 -58.6185 -58.6717 -58.7267 -58.7823 -58.8578 -58.9175 -58.9860 -59.6458 -59.9492 -60.2076 0.0000 0.0000 0.0000 0.0000 -55.2542 -55.1800 -55.1037 -55.0265 -54.9436 -54.8643 -54.7960 -53.9982 -53.9611 -53.9225 -53.8880 -53.8550 -53.8208 -53.7810 -53.7471 -53.7135 -53.6810 -53.6443 -53.6121 -53.5780
-62.7528 -62.7524 -58.4939 -58.5433 -58.5946 -58.6446 -58.6769 -58.7304 -58.7848 -58.8582 -58.9175 -58.9822 -59.5604 -59.7925 -59.9967 -60.0540 -60.1224 -60.2184 -68.3600 -69.4995 -55.3505 -55.2852 -55.2167 -55.1384 -55.0602 -54.9900 -54.9234 -54.8559 -54.7889 -54.7297 -53.9804 -53.9455 -53.9115 -53.8775 -53.8454 -53.8099 -53.7786 -53.7473 -53.7161 -53.6813
-62.9004 -62.8947 -62.8964 -62.9061 -58.6511 -58.6814 -58.7342 -58.8045 -58.8607 -58.9182 -58.9792 -59.0365 -59.6929 -59.8846 -59.9619 -60.0026 -60.0423 -60.0823 -60.1624 -54.4215 -55.3182 -55.2881 -55.2418 -55.1905 -55.1428 -55.0957 -55.0412 -54.9732 -54.9099 -54.8520 -54.7928 -54.7333 -54.0042 -53.9737 -53.9409 -53.9050 -53.8785 -53.8490 -53.8178 -53.7833
-63.0568 -63.0497 -63.0466 -63.0486 -63.0610 -63.0186 -58.8061 -58.8624 -58.9192 -58.9775 -59.0344 -59.6242 -59.7706 -59.7859 -59.7891 -59.7697 -59.7054 -59.5258 -54.5261 -54.5003 -54.4744 -54.4424 -55.2896 -55.2532 -55.2151 -55.1713 -55.1225 -55.0744 -55.0294 -54.9705 -54.9082 -54.8499 -54.8041 -54.7527 -54.7001 -54.0008 -53.9776 -53.9483 0.0000 -54.5416
-63.1903 -63.2076 -63.2030 -63.2054 -63.2089 -63.1992 -63.2246 -63.2566 -58.9741 -59.0311 -59.5737 -59.6501 -59.6488 -59.6300 -59.5835 -59.4894 -59.3050 -54.6269 -54.6027 -54.5780 -54.5482 -54.5163 -54.4870 -54.4600 -55.2821 -55.2406 -55.1975 -55.1583 -55.1167 -55.0681 -55.0184 -54.9700 -54.9250 -54.8698 -54.8151 -54.7663 -54.7281 0.0000 0.0000 0.0000
-63.2522 -63.2976 -63.3427 -63.4027 -63.4062 -63.3479 -63.3655 -63.3881 -63.4154 -59.5347 -59.5509 -59.5415 -59.5138 -59.4599 -59.3655 -59.2061 -54.7147 -54.7019 -54.6786 -54.6504 -54.6202 -54.5919 -54.5667 -54.5401 -54.5098 -54.4782 -55.2768 -55.2394 -55.1960 -55.1503 -55.1106 -55.0798 -55.0363 -54.9852 -54.9346 -54.8857 -54.8461 -67.3949 -67.5401 -54.8302
-63.3153 -63.3618 -63.4469 -63.4991 -63.5477 -63.4950 -63.5098 -63.5282 -64.7626 -64.5933 -64.3920 -59.4264 -59.3736 -59.2881 -59.1556 -54.8109 -54.7887 -54.7771 -54.7501 -54.7208 -54.6936 -54.6698 -54.6451 -54.6165 -54.5871 -54.5616 -54.5360 -54.5063 -55.2762 -55.2361 -55.2007 -55.1705 -55.1276 -55.0865 -55.0465 -55.0027 -65.4206 -64.9372 -54.8840 0.0000
-63.3835 -63.4630 -63.5109 -63.5630 -63.6115 -63.5912 -63.6491 -63.6676 -64.5362 -64.3248 -64.0889 -63.8140 -63.4896 -59.1268 -54.9042 -54.8834 -54.8619 -54.8479 -54.8198 -54.7930 -54.7702 -54.7467 -54.7198 -54.6921 -54.6675 -54.6436 -54.6162 -54.5859 -54.5578 -54.5343 -54.5091 -55.2588 -55.2187 -55.1813 -55.1428 -62.8932 -64.5363 0.0000 0.0000 0.0000
-58.7730 -58.8241 -63.5785 -63.6277 -63.6742 -63.6510 -63.7082 -64.4739 -64.3166 -64.0760 -63.8094 -63.5036 -63.1529 -56.1359 -56.0909 -54.9549 -54.9311 -54.9163 -54.8900 -54.8686 -54.8464 -54.8210 -54.7942 -54.7700 -54.7479 -54.7230 -54.6938 -54.6655 -54.6436 -54.6207 -54.5938 -54.5740 -54.5489 -55.2755 -55.2851 -63.7135 0.0000 0.0000 0.0000 0.0000
