-71.2396 -71.1287 -71.1758 -70.7517 -70.3235 -69.1260 -69.6516 -70.0021 -70.3549 -70.6990 0.0000 0.0000 0.0000 0.0000 -71.9728 -71.5964 -71.7486 -71.9760 -70.4426 -71.9879 -72.8437 -73.2433 0.0000 -74.8446 -75.0086 -75.1607 -73.1456 -71.4559 -71.0550 -69.8554 -70.1869 -70.5412 -70.8818 -70.9680 -72.2951 -72.4908 -72.9393 -73.2179 0.0000 0.0000
-70.8395 -71.0531 -71.0884 -70.7104 -70.3019 -69.1876 -69.3775 -69.9455 -70.2773 -70.6049 -71.8956 0.0000 0.0000 -78.5025 0.0000 -71.6834 -70.5178 -72.1013 -72.2316 -70.5745 -72.9408 0.0000 0.0000 0.0000 -74.5452 -73.2964 -73.0600 -71.6465 -71.3048 -69.8704 -70.1974 -70.5580 -70.9318 -70.8663 -71.3440 -72.4496 -72.7656 0.0000 0.0000 0.0000
-70.7819 -70.9596 -70.9266 -70.6572 -70.3097 -62.4441 -69.4180 -69.6394 -69.8624 -70.5183 -70.8269 -76.3767 -79.2650 -78.2798 0.0000 0.0000 -70.6265 -72.4997 0.0000 0.0000 -72.9957 0.0000 0.0000 0.0000 -73.0608 -73.0367 -73.1034 -71.8758 -71.5674 -71.2977 -70.2321 -70.5879 -70.6452 -71.0101 -71.5240 -71.7172 -73.1963 -78.2737 0.0000 0.0000
-70.7326 -70.8661 -70.8267 -70.5369 -70.2793 -69.8835 -69.4671 -69.6733 -69.8759 -70.0703 -70.7312 -72.8458 -76.8760 0.0000 0.0000 0.0000 -72.0223 0.0000 0.0000 0.0000 -71.5973 -73.0229 0.0000 -72.4306 -72.0048 -72.9201 -72.9728 -72.1560 -71.8617 -71.6156 -70.2994 -70.5058 -70.7214 -71.0823 -71.4325 -71.9684 -73.3380 -73.5767 0.0000 -75.5444
-71.5606 -70.7809 -70.7444 -70.4640 -70.2240 -69.9000 -69.5239 -69.7126 -69.9077 -70.0885 -70.2556 -70.9257 0.0000 0.0000 0.0000 -75.7487 -72.1975 0.0000 0.0000 0.0000 -71.4943 -72.6171 -71.7953 -72.4158 -71.8478 -71.9106 -72.9366 -72.3906 -72.1917 -71.9874 -70.3794 -70.2433 -70.8188 -71.1689 0.0000 0.0000 0.0000 -72.7666 -73.6192 -74.2255
-71.6328 -71.7413 -71.6187 -70.4021 -70.1549 -69.8949 -69.4991 -69.7489 -69.9493 -70.1235 -70.2827 -70.4286 -73.9411 -74.9088 -75.2165 -74.4862 -72.6845 0.0000 0.0000 0.0000 -72.1455 -71.4614 -71.6808 -71.8624 -71.7677 -71.7948 -72.9907 -72.6610 -72.6060 -72.3750 -71.8070 -70.2991 -70.4178 -71.4203 0.0000 0.0000 0.0000 -73.7604 -72.4066 -73.6586
-72.3154 -71.8633 -71.6478 -71.2580 -70.1167 -69.8873 -69.4746 -69.7052 -69.9584 -70.1650 -70.3183 -70.4572 -70.6806 -72.9819 -74.5761 -74.3534 -73.0624 -74.7102 -74.7850 -74.1499 -71.4558 -70.7701 -71.6429 -71.8322 -71.7385 -71.7468 -71.8598 -72.9611 -72.9059 -72.8557 -72.2923 -70.7437 -70.4739 -73.5034 0.0000 0.0000 -73.2334 -73.4870 -72.1937 -72.5836
-72.4250 -71.9746 -71.9908 -71.7633 -70.9614 -69.8610 -69.4526 -69.6632 -69.9021 -70.1478 -70.3656 -70.5007 -70.6222 -72.5499 -72.9444 -74.0668 -73.2667 -73.3665 -74.0609 -72.8789 -71.6447 -70.8678 -71.6722 -71.8674 -71.7991 -71.8057 -71.8652 -73.3120 -73.2483 -72.6487 -72.6075 0.0000 -71.0419 -70.7755 0.0000 -72.6331 -72.9247 -73.1469 -73.3661 -72.1950
-72.8200 0.0000 0.0000 0.0000 0.0000 -70.7166 -69.4344 -69.6236 -69.8479 -70.0811 -70.3184 -70.5544 -70.6737 -72.2920 -72.7176 -72.5597 -73.1129 -70.3232 -72.6261 -72.8329 -72.0336 -71.0026 -71.7620 -71.9853 -71.9065 -71.9248 -71.9474 -72.0310 -73.4240 -72.9675 0.0000 0.0000 0.0000 -74.4209 -72.0001 -70.7411 -72.6006 -72.8685 -72.5634 -73.2492
-72.7792 0.0000 0.0000 0.0000 0.0000 -70.9114 -70.2473 -69.5880 -69.7967 -70.0167 -70.2424 -70.4723 -70.7057 -70.8666 -72.3964 -72.5298 -72.2244 -71.0263 -72.4079 -72.7148 -72.2497 -71.9242 -71.2540 -72.1251 -72.0711 -72.0892 -72.1044 -72.1854 -71.9872 -73.3056 0.0000 0.0000 0.0000 -72.8368 -70.0890 -71.7830 -72.0617 -73.4644 -73.9852 -74.4684
-72.7561 0.0000 0.0000 0.0000 0.0000 0.0000 -70.4819 -70.5345 -69.7506 -69.9561 -70.1694 -70.3781 -70.5669 -70.7752 -72.3161 -72.5642 -71.4982 -70.5111 -71.2719 -72.5220 -72.3221 -72.2243 -71.4486 -72.3094 -72.2881 -72.3037 -72.3421 -72.4068 -72.2182 -79.3059 0.0000 0.0000 0.0000 -72.4883 -71.4568 -72.0407 -70.7790 -73.1280 -73.8981 -74.5619
-75.4207 0.0000 0.0000 0.0000 0.0000 0.0000 -70.7643 -70.8743 -71.0874 -69.8930 -70.0888 -70.2762 -70.4709 -70.6705 -70.8745 -71.6724 -71.5963 -70.6641 -71.1192 -71.4908 -72.1679 -72.3495 -71.6397 -72.5848 -72.5565 -72.5691 -72.6459 -72.3651 -72.8614 -75.6079 0.0000 0.0000 -72.3581 -73.0046 -72.2732 -70.6076 -72.0336 -72.6010 -73.8140 -74.6756
-73.6780 -76.0120 -76.1813 0.0000 0.0000 0.0000 -63.2190 -70.9998 -71.2284 0.0000 -70.0212 -70.1960 -70.3785 -70.5680 -70.1744 -71.5035 -71.6143 -70.8543 -71.0905 -71.5394 -71.3149 -72.2430 -71.6298 -71.9064 -72.7995 -72.9844 -73.1434 -73.0753 -73.8697 -74.1672 -77.5966 -73.6216 -72.9180 -72.8666 -72.4054 -70.7028 -72.1013 -70.7055 -73.8365 -74.7934
-74.2932 -75.5717 -75.7444 -75.3887 -75.2595 -74.4503 -71.5900 0.0000 0.0000 0.0000 0.0000 -70.1255 -70.2929 -69.9210 -70.0995 -71.3439 -71.4318 -70.9657 -71.1356 -71.5578 -71.4312 -71.4740 -71.5465 -71.8670 -72.7422 -72.9307 -72.9034 -74.3411 0.0000 0.0000 0.0000 -73.2786 -72.7823 -72.7823 -72.4929 -72.3013 -70.9208 -72.2881 -74.0930 -75.5051
-74.3241 -74.0056 -74.8907 -74.6781 -74.2575 -73.1798 -76.3976 0.0000 0.0000 0.0000 0.0000 0.0000 -69.7036 -69.8709 -70.0429 -70.2296 -71.2796 -70.9387 -71.0669 -71.6285 -71.6304 -71.6323 -71.7038 -71.1927 -72.6947 -72.5581 -73.0788 0.0000 0.0000 0.0000 0.0000 -73.0265 -72.6714 -72.7114 -72.5405 -72.4513 -71.0435 -72.5896 -70.7610 0.0000
-74.4164 -74.0044 -74.4680 -74.1496 -73.5821 -72.5413 -75.7257 0.0000 0.0000 0.0000 0.0000 0.0000 -69.6829 -69.8253 -69.9853 -70.1627 -71.1486 -71.1015 -69.8625 -71.4671 -71.7125 -71.8301 -71.9004 -71.4010 -72.0570 -72.5382 -74.2719 0.0000 0.0000 -73.4533 -73.7860 -72.9391 -72.5664 -72.6447 -72.5611 -72.5554 -72.5750 -71.5319 -73.4804 -71.8039
-74.4284 -74.0458 -74.1678 -73.7232 -73.1004 -72.2089 -75.1206 -74.7413 0.0000 0.0000 -77.8947 -72.2632 -69.6784 -69.8018 -69.9441 -70.1063 -70.2885 -71.0168 -70.7045 -71.3105 -71.5893 -71.8817 -72.1106 -72.2635 -71.5693 -72.1811 -74.4494 0.0000 -73.6196 -72.2351 -72.6150 -72.8852 -72.4623 -72.5741 -72.5578 -72.6234 -72.7133 -72.0986 -74.0686 -70.9718
-74.5375 -74.0610 -73.9376 -73.4432 -72.8157 -72.0308 -74.5203 -74.1262 -75.3030 -76.7993 -75.9000 0.0000 0.0000 -69.8076 -69.9279 -70.0689 -70.2329 -70.9415 -70.6994 -71.1698 -71.4754 -71.7622 -72.0220 -72.3246 -71.7920 -73.0764 -73.5196 -77.6629 -73.3003 -72.2087 -72.0738 -72.1355 -72.3628 -72.5142 -72.5527 -72.6874 -73.1366 0.0000 0.0000 0.0000
-74.5754 -74.2158 -73.7876 -73.2741 -72.6535 -71.9383 -74.1088 -74.1537 -74.4227 -77.0605 0.0000 0.0000 0.0000 -69.7963 -69.9371 -70.0609 -70.2010 -70.8856 -70.6930 -71.0460 -71.3667 -71.6500 -71.9721 -71.9889 -71.7805 -73.1421 -73.7646 0.0000 0.0000 0.0000 -72.0604 -72.1112 -72.1916 -72.4408 -72.5317 -73.0482 -73.1977 0.0000 0.0000 0.0000
-74.4900 -74.1126 -73.6727 -73.1608 -72.5719 -71.8995 -73.7995 -73.8013 -73.6524 -74.9454 -78.3201 0.0000 0.0000 0.0000 -69.8994 -70.0397 -70.1921 -70.3452 -70.6998 -70.9463 -71.2678 -71.5477 -71.8725 -71.9279 -72.2312 -72.5674 -74.1537 0.0000 0.0000 0.0000 -72.4052 -72.4359 -72.2021 -72.3123 -72.2087 -73.0466 -73.2670 0.0000 0.0000 0.0000
-74.6175 -74.0235 -73.5833 -73.0832 -72.5103 -71.8998 -73.6012 -73.6240 -73.4592 -75.0893 -78.2964 0.0000 0.0000 0.0000 -69.8730 -70.0021 -70.1423 -70.2960 -70.6964 -70.8496 -71.1637 -71.3704 -71.5668 -71.9051 -72.7511 -72.6889 -73.5862 0.0000 0.0000 0.0000 -72.4683 -72.4512 -72.5064 -72.5424 -72.4870 -72.2331 -73.3466 0.0000 0.0000 0.0000
-74.4626 -73.9405 -73.4928 -73.0091 -72.4808 -71.9289 -73.5130 -73.5647 -73.3575 -74.9889 0.0000 0.0000 0.0000 0.0000 -69.8622 -69.9772 -70.1041 -70.2457 -70.3624 -69.9727 -71.0689 -71.2587 -71.3203 -72.2761 -72.7279 -72.5432 -73.6089 0.0000 0.0000 0.0000 -70.8041 -72.5488 -72.6880 -72.4836 -72.6361 -72.9456 -72.1869 -73.1974 -70.5983 -69.8828
-75.3382 0.0000 -73.3977 -72.9491 -72.4727 -71.9830 -73.3723 -73.5441 -73.7487 -77.3609 0.0000 0.0000 -78.4064 -72.2634 -71.3914 -69.9710 -70.0830 -70.2091 -70.3392 -70.7244 -70.9699 -70.9913 -71.2312 -72.2717 -72.7252 -72.7305 -73.0893 -78.5634 0.0000 0.0000 -70.9055 -70.7983 -72.7519 -72.4822 -72.6348 -72.9297 -73.2223 -75.1674 -72.6968 -69.5938
0.0000 0.0000 -73.1304 -72.7262 -72.3201 -71.9308 -73.1986 -73.3690 -73.5544 -73.4480 -77.8119 -79.1925 0.0000 0.0000 -71.4002 -69.9886 -70.0837 -70.1938 -70.3140 -70.6959 -70.7265 -70.9242 -71.4904 -71.8060 -72.7905 -73.2967 -73.2231 -74.9773 -77.6535 -76.8392 -71.0702 -70.8660 -70.6818 -72.5657 -72.7243 -72.4805 -73.8534 0.0000 0.0000 0.0000
0.0000 0.0000 0.0000 -72.0246 -72.2147 -71.8895 -73.0319 -73.1921 -73.4158 -73.1136 -76.8259 0.0000 0.0000 0.0000 0.0000 -69.9826 -70.0468 -70.1303 -70.3139 -70.3287 -70.6749 -70.8734 -71.4255 -71.7320 -72.0683 -73.3993 -73.3924 -75.0733 0.0000 0.0000 -71.2193 -70.9816 -70.7608 -70.5689 -73.1436 -73.7716 -74.2045 0.0000 0.0000 0.0000
0.0000 0.0000 0.0000 -72.3999 -72.1260 -71.8343 -72.8516 -72.9960 -73.1244 -72.7894 -77.4076 0.0000 0.0000 0.0000 0.0000 -71.5440 -70.0930 -70.1627 -70.2394 -70.1068 -70.5126 -71.1510 -71.3295 -71.6747 -71.9947 -73.6073 -73.5802 0.0000 0.0000 0.0000 -71.4044 -71.1339 -70.6100 -70.8037 -70.7289 -74.2562 -74.7110 0.0000 0.0000 0.0000
0.0000 0.0000 0.0000 0.0000 -72.0750 -71.8024 -72.6783 -72.7782 -73.0563 -73.3149 -73.7179 -78.6631 0.0000 0.0000 -73.3762 -71.6873 -70.1778 -70.2255 -70.2823 -70.1549 -70.1579 -70.9568 -71.1185 -71.3052 -71.9288 -72.0819 -73.7722 0.0000 0.0000 0.0000 -71.2716 -71.4001 -71.2407 -71.0940 -70.9160 -70.8110 -74.7857 0.0000 0.0000 0.0000
-76.7463 -76.4700 -75.1773 -74.4288 -71.5122 -71.2425 -71.8256 -71.7960 -72.9098 -73.0473 -72.9998 -78.1204 0.0000 0.0000 0.0000 -71.8551 -70.2861 -70.3249 -70.2291 -70.2433 -69.7653 -70.9915 -71.1191 -71.2803 -71.4749 -71.5074 -71.4932 -73.3393 -73.1877 -73.0140 -71.9292 -71.7603 -71.5583 -71.3670 -71.1801 -71.0366 -70.9354 -71.2693 -71.2274 -70.9117
-75.0563 -77.1044 0.0000 0.0000 0.0000 -72.2404 -71.8990 -71.8642 -71.9198 -71.8867 -71.5790 -74.3180 -79.8072 -74.4191 -73.2076 -72.0445 -70.4138 -70.4503 -70.3489 -70.3745 -69.8918 -71.0708 -71.1752 -71.3046 -71.4697 -71.6829 -71.6771 -72.7977 -72.9033 -72.8643 -72.2514 -72.0641 -71.8804 -71.7039 -71.5195 -71.3422 -71.1711 -71.7290 -71.0972 -70.9939
-72.8177 -77.4251 0.0000 0.0000 0.0000 -72.5310 -71.9842 -71.9897 -71.9884 -71.9527 -71.5920 -72.0605 -74.0552 -73.9623 -72.6568 -72.2514 -71.7656 -70.4553 -70.4950 -70.7950 -70.7352 -70.8121 -71.2960 -71.3951 -71.5308 -71.5904 -71.7192 -72.0422 -72.9367 -73.0106 -72.5641 -72.4045 -72.2484 -72.0917 -71.7222 -71.5292 -71.3623 -71.2438 -72.0156 -71.0476
-74.2895 -72.7328 0.0000 0.0000 0.0000 0.0000 -72.0804 -72.0559 -72.0743 -72.0329 -71.9834 -72.0567 -74.0453 -73.3555 -72.8293 -72.4724 -72.0582 -70.6142 -70.6602 -70.9762 -70.9392 -70.9850 -71.4819 -71.4789 -71.5515 -71.6709 -71.8575 -71.8896 -72.7486 -73.1729 -72.9224 -72.7927 -72.4968 -72.2120 -72.0947 -71.9214 -71.7701 -71.6033 -72.3184 -72.3935
-74.1176 -74.1427 -79.6889 0.0000 -74.5276 -74.5343 -72.1863 -72.1352 -72.1672 -72.1066 -72.0241 -72.0190 -73.5791 -73.5465 -73.0204 -72.7029 -72.1413 -70.7812 -71.1047 -71.1719 -71.1584 -71.1501 -71.2411 -71.6532 -71.7473 -71.8503 -72.0185 -72.0809 -72.4700 -73.3475 -73.1771 -72.9957 -72.8314 -72.4663 -72.5033 -72.3633 -72.1715 -72.0370 -72.7397 -72.8731
-73.0770 -72.8741 -72.7123 -73.3589 -73.9432 -74.5958 -72.2990 -72.2337 -72.2620 -72.1770 -72.0778 -71.6274 -71.9733 -73.7919 -73.2324 -72.7191 -72.4210 -72.0982 -71.2983 -71.3791 -71.3748 -71.3519 -71.4564 -71.8535 -72.0192 -72.1306 -72.2975 -72.3506 -72.6890 -73.2543 -73.1881 -73.3913 -73.2499 -72.7472 -72.9191 -72.7838 -72.6679 -72.5796 -73.2801 -73.1211
-73.1489 -72.9845 -72.8175 -71.6399 -73.1670 -74.7040 -72.3668 -72.3499 -72.3391 -72.2603 -72.1533 -71.3271 -72.0819 -73.6640 -73.4328 -72.9429 -72.6728 -72.7621 -71.4834 -71.5487 -71.5806 -71.5514 -71.6797 -72.0729 -72.3274 -72.4583 -72.9137 -73.1461 -73.3671 -74.1690 -75.4974 -73.1747 -73.7095 -73.9251 0.0000 0.0000 0.0000 0.0000 -72.6719 0.0000
-73.2332 -73.6640 -73.5146 -73.2090 -72.0120 -75.7790 -72.9957 -73.0353 -73.0156 -73.0373 -72.7747 -72.3927 -72.9661 -73.1731 -74.5294 0.0000 0.0000 -73.8890 -72.7275 0.0000 0.0000 0.0000 -72.8582 -73.0295 0.0000 0.0000 0.0000 -74.1164 -74.1501 0.0000 0.0000 0.0000 -71.0010 -73.8590 0.0000 0.0000 0.0000 0.0000 -71.8946 0.0000
-74.8475 -73.8081 -73.4678 -73.3517 -73.6571 -71.9890 -73.0313 -73.1144 -73.0763 -73.0895 -72.7488 -72.9785 0.0000 0.0000 0.0000 0.0000 0.0000 -74.5131 -73.1171 0.0000 0.0000 0.0000 -73.0894 -73.0471 0.0000 0.0000 0.0000 -76.2749 -74.0652 0.0000 0.0000 0.0000 0.0000 -71.4116 -76.3667 0.0000 0.0000 0.0000 -72.4362 -72.7881
-75.0616 -74.6999 -73.6680 -73.5193 -73.4338 -73.4107 -71.5826 -73.5817 -73.6517 0.0000 0.0000 -73.7942 0.0000 0.0000 0.0000 0.0000 0.0000 -74.6772 -75.1004 0.0000 0.0000 0.0000 -72.9712 -73.2607 0.0000 0.0000 0.0000 -75.9545 -73.9741 0.0000 0.0000 0.0000 0.0000 -71.2397 -71.5488 -72.0423 -72.2366 -72.3385 -72.3046 -72.6084
-75.0103 -74.9828 -74.9786 -74.8884 -73.8134 -73.9228 -71.5908 -73.7738 0.0000 0.0000 0.0000 0.0000 -72.9550 0.0000 -78.3759 -78.6952 -78.1837 -74.6979 -75.2674 0.0000 0.0000 0.0000 -71.9312 -71.4256 -73.1770 -72.9360 -72.7493 -71.9951 -71.2888 -72.4086 -72.3100 -72.1973 -71.9366 -71.2843 -71.7922 -71.5666 -72.0174 -72.2403 -72.2698 -72.5691
-75.1893 -75.7094 -75.8566 -76.0763 -76.3596 -72.1819 -71.8716 -71.5943 0.0000 0.0000 0.0000 0.0000 -73.3660 -74.0490 -75.4998 -75.3538 -74.8770 -74.0506 -72.9222 -74.9595 -74.8349 -74.3010 -72.1200 -71.5402 -73.2526 -73.5586 -73.5969 -73.0962 -71.5294 -71.2447 -72.2472 -72.1710 -72.1003 -71.5123 -71.9307 -72.0095 -71.8250 -72.2398 -72.3267 -72.6089
-75.7471 -75.9296 -76.1560 -76.4905 0.0000 0.0000 -72.3846 -72.0885 -72.3714 0.0000 0.0000 -73.7563 -73.3121 -73.5584 -74.8216 -75.4252 -74.8422 -74.1927 -73.0047 -74.4721 -74.5057 -74.1041 -72.3119 -71.6336 -71.6918 -73.4340 -73.6073 -73.3750 -73.0280 -72.0315 -73.4885 -73.7401 -73.9205 -71.7644 -72.1656 -72.2413 -72.2545 -72.2205 -72.5342 -72.7735
