-66.7475 -65.5287 -65.3916 -65.3127 -65.1007 -65.0337 -64.9927 -64.9325 -64.8510 -65.1879 -65.9911 -66.3173 -66.7585 -67.3478 -68.2324 -69.4438 -70.9134 -74.3971 0.0000 0.0000 0.0000 -60.1273 -59.8228 -59.6217 -59.4133 -59.1681 -58.8546 -58.6086 -58.3932 -60.8088 -61.1313 -61.6333 -62.9277 -67.9872 0.0000 0.0000 0.0000 0.0000 0.0000 0.0000
0.0000 -65.7239 -65.6056 -65.4906 -65.3673 -65.3224 -65.2897 -65.2512 -65.1035 -65.2272 -65.0676 -65.4695 -65.4167 -65.2884 -65.2141 -65.1085 -64.9939 -64.7209 -64.5794 -63.9933 -63.7931 -60.3107 -60.0987 -59.8223 -59.6330 -61.7378 -61.5629 -61.5738 -61.7326 -61.7894 -62.2356 -62.8306 -65.3604 -66.9269 0.0000 0.0000 0.0000 0.0000 0.0000 0.0000
0.0000 0.0000 -65.7850 -65.7085 -65.5169 -65.3470 -65.1543 -64.9439 -64.7248 -64.7683 -64.5717 -64.3726 -64.1708 -64.5098 -64.3397 -64.1525 -61.7659 -61.5520 -61.3248 -61.1136 -60.7307 -60.3794 -62.2451 -62.1629 -62.0449 -62.0365 -61.9947 -61.9244 -61.9938 -62.1993 -62.4302 -63.4945 -63.9117 -64.2941 -65.0692 -64.8806 -64.5610 -64.1964 -63.7226 -63.0744
-66.2219 -65.8254 -65.5895 -65.4396 -65.1964 -64.9994 -64.7681 -64.5307 -64.2869 -64.2512 -64.0068 -63.7470 -61.9015 -61.7494 -61.9635 -61.8754 -61.7809 -61.6558 -63.5729 -63.4507 -62.8224 -62.6749 -62.6032 -62.5563 -62.5522 -62.5088 -62.5496 -62.5039 -62.6057 -63.3646 -64.3165 -64.7282 -65.2134 -65.6833 -66.5445 -66.8774 -67.0544 -67.0574 -66.9727 -63.8086
-65.6253 -65.5284 -65.2899 -65.1266 -64.8973 -64.6711 -64.4526 -64.2167 -62.5689 -62.5343 -62.3762 -62.2179 -62.0509 -61.9144 -63.5860 -64.0905 -66.8505 -70.6777 0.0000 0.0000 0.0000 -63.2449 -63.2232 -63.2341 -63.2997 -63.3205 -63.4683 -63.6389 -63.6719 -64.3711 -64.6770 -65.1161 -65.4806 -65.8271 -66.4956 -66.6026 -67.0413 -67.1035 -66.7265 -64.3747
-65.3275 -65.1590 -65.0009 -63.4408 -63.2777 -63.1085 -62.9486 -62.7886 -62.6237 -62.5861 -63.8910 -63.9008 -63.9573 -64.1503 -64.5350 -65.1172 -65.9537 -70.6777 0.0000 0.0000 0.0000 -63.5220 -63.5277 -63.5686 -63.6675 -63.7729 -63.9248 -64.1267 -64.5933 -64.7971 -65.2028 -65.4762 -65.7894 -66.0679 -66.6243 -66.7516 -67.2115 -66.9731 -66.3722 -64.8768
-64.4551 -64.2939 -63.5945 -63.4656 -63.3125 -63.1389 -62.9986 -64.2027 -64.1387 -64.2691 -64.2716 -64.2919 -64.4180 -64.6632 -64.9970 -65.4501 -65.9855 -66.1116 -66.6479 -66.6204 -63.8685 -63.7444 -63.7729 -63.8376 -63.9628 -64.0968 -64.3312 -64.9607 -65.1274 -65.1588 -65.4040 -65.7393 -65.9853 -66.2240 -66.7513 -66.9370 -67.0255 -66.9774 -66.4034 -65.3452
-64.5922 -64.4700 -64.3459 -65.7041 -65.5544 -64.5493 -64.4729 -64.4140 -64.3679 -64.5130 -64.5303 -64.5598 -64.6779 -64.8928 -65.1508 -65.4644 -65.3705 -65.1896 -63.6395 -63.9107 -63.9321 -63.8474 -63.9203 -64.0284 -64.1731 -64.3292 -64.9112 -65.2355 -65.4843 -65.5163 -65.7036 -65.8974 -66.1983 -66.3862 -66.8472 -66.9107 -66.9391 -66.9323 -66.5179 -65.8237
-66.1185 -66.2018 -66.2370 -66.1352 -66.0123 -65.8481 -65.7256 -65.6123 -65.4945 -64.6618 -64.6746 -64.6903 -64.7789 -64.9427 -65.0497 -64.8703 -63.6092 -63.6099 -63.6287 -63.6713 -63.9057 -63.8550 -63.9351 -64.0587 -64.2516 -64.7229 -65.0280 -65.3775 -65.7747 -65.9920 -66.0178 -66.1546 -66.4614 -66.6161 -67.0602 -67.1574 -66.9764 -66.7423 -65.5770 -66.1633
-66.1553 -66.2564 -66.4087 -66.5030 -66.4641 -66.3222 -66.2357 -66.1467 -66.0614 -65.9967 -66.0694 -65.9909 -64.7672 -64.7459 -64.5320 -63.5713 -63.5489 -63.5425 -63.5549 -63.5897 -63.6324 -63.7712 -63.8488 -63.9711 -64.3755 -64.6115 -64.9842 -65.3993 -65.8454 -66.3495 -66.7575 -68.0136 -68.6238 -68.9116 -69.5991 -69.1050 -66.8127 -67.1279 -66.2002 -67.0220
-67.7973 -67.6015 -66.4050 -66.5214 -66.6581 -66.7742 -66.7260 -66.6664 -66.6101 -66.5784 -66.7117 -66.6868 -66.4315 -65.0014 -64.7654 -63.4763 -63.4405 -63.4204 -63.4186 -63.4303 -63.4658 -63.5941 -63.6573 -63.9341 -64.1214 -64.3496 -64.7207 -65.1790 -65.7560 -66.3519 -66.9157 -68.5397 -68.8619 -69.4035 -70.2524 -69.9358 -66.4526 -67.0935 -67.0062 -67.7018
-68.2016 -67.7397 -68.0916 -66.4465 -66.5374 -66.7253 -66.9868 -67.1671 -67.1360 -67.0789 -67.3294 -65.8573 -65.7731 -65.6624 -65.5650 -65.4835 -65.4219 -65.3692 -63.2230 -63.2110 -63.2211 -63.2457 -63.4955 -63.5772 -63.7299 -63.9305 -64.2780 -64.7370 -65.3568 -66.1492 -67.1250 0.0000 0.0000 0.0000 0.0000 0.0000 -66.1758 -68.0448 0.0000 0.0000
-68.6870 -68.6275 -68.2834 0.0000 -68.3671 -66.4961 -66.7833 -67.1659 -67.6351 -66.3330 -66.4255 -66.3389 -66.3115 -66.2702 -66.2706 -66.3385 -66.5261 -65.8395 -66.3938 -66.9053 0.0000 -63.0804 -63.0263 -63.1041 -63.1813 -63.3425 -63.6285 -64.0488 -64.6813 -65.5868 -66.8167 0.0000 0.0000 0.0000 0.0000 0.0000 -65.1292 -67.8255 0.0000 0.0000
0.0000 0.0000 -71.2649 -73.5057 0.0000 0.0000 -66.3026 -65.8407 -66.2290 -68.0855 0.0000 0.0000 0.0000 -70.0444 0.0000 0.0000 0.0000 0.0000 -67.3787 -70.3961 0.0000 -62.6306 -62.5161 -62.5083 -62.5228 -62.5868 -62.7570 -63.0607 -63.6068 -64.5753 -66.1329 0.0000 0.0000 0.0000 0.0000 0.0000 -62.9143 -68.0752 0.0000 0.0000
0.0000 0.0000 -70.1059 -73.2094 0.0000 0.0000 -64.8873 -65.7290 -66.2041 -68.5513 0.0000 0.0000 0.0000 -67.4632 0.0000 0.0000 0.0000 0.0000 -66.7888 -70.3216 0.0000 -62.1252 -61.9898 -61.8445 -61.7581 -61.6875 -61.6803 -61.7567 -62.0177 -62.6846 -64.4014 0.0000 -56.8902 -56.5396 -56.1780 -55.8037 -55.3407 -54.9862 -54.5939 -54.1596
0.0000 0.0000 -63.8587 -63.3708 -63.3761 -62.5280 -62.4616 -62.3026 -62.3427 -62.2404 -62.3599 -62.2046 -61.9968 -61.5983 -61.5049 -61.3084 -61.0698 -60.6225 -60.3743 -60.1310 -60.0685 -59.4158 -59.1750 -58.9271 -58.6650 -58.4052 -58.1372 -57.8554 -57.5646 -57.2637 -57.0138 -56.7001 -56.3757 -55.9937 -55.5873 -55.1557 -54.6862 -54.2177 -53.7239 -53.1684
-63.7943 -63.6225 -63.3605 -63.1168 -62.8458 -62.5170 -62.3612 -62.3716 -62.2277 -62.1013 -61.9994 -61.9605 -61.5607 -61.4050 -61.2391 -61.0573 -60.6255 -60.4417 -60.2306 -59.8947 -59.4870 -59.1975 -58.9435 -58.6811 -58.4016 -58.1287 -57.8386 -57.5368 -57.2247 -56.8969 -56.6092 -56.2567 -55.8724 -55.4810 -55.0342 -54.5564 -54.0484 -53.5116 -52.9258 -52.2775
-63.5009 -63.3081 -63.1368 -62.9179 -62.6152 -62.4243 -62.2559 -62.2485 -62.0929 -61.9428 -61.8186 -61.7251 -61.4771 -61.2181 -60.9071 -60.6301 -60.4496 -60.2407 -60.0148 -59.6438 -59.1909 -58.9831 -58.7167 -58.4413 -58.1528 -57.8579 -57.5521 -57.2312 -56.8988 -56.5492 -56.2295 -55.8463 -55.4352 -55.0104 -54.5316 -53.9971 -53.4717 -52.8810 -52.2322 -51.5115
-63.1259 -63.1400 -62.9505 -62.8235 -62.6102 -62.3226 -62.3086 -62.1274 -61.9539 -61.7886 -61.6344 -61.4939 -61.2857 -61.0443 -60.5497 -60.4652 -60.2654 -60.0366 -59.7433 -59.2959 -58.9923 -58.7744 -58.4969 -58.2099 -57.9086 -57.6027 -57.2780 -56.9417 -56.5893 -56.2237 -55.8769 -55.4697 -55.0352 -54.5643 -54.0784 -53.5378 -52.9621 -52.3339 -51.6432 -50.8766
-63.0941 -62.9877 -62.8540 -62.7207 -62.5183 -62.3634 -62.1940 -62.0010 -61.8307 -61.6390 -61.4542 -61.2327 -61.1109 -60.7137 -60.4086 -60.3010 -60.0804 -59.8034 -59.4002 -59.1151 -58.8013 -58.5289 -58.2858 -57.9858 -57.6768 -57.3576 -57.0197 -56.6703 -56.3032 -55.9572 -55.5531 -55.1272 -54.6738 -54.1847 -53.6629 -53.1202 -52.5227 -51.8713 -51.1592 -48.1155
-62.8822 -62.8985 -62.7567 -62.6051 -62.5624 -62.2569 -62.0599 -61.8738 -61.6951 -61.4829 -61.2868 -61.1576 -60.9048 -60.5760 -60.3536 -60.1288 -59.8815 -63.3579 -65.0344 0.0000 0.0000 -58.3989 -58.0847 -57.7757 -57.4571 -57.1274 -56.7804 -56.4199 -56.0393 -55.6765 -55.2593 -54.8195 -54.3513 -53.8503 -53.3161 -52.7624 -52.1530 -51.4907 -48.5814 -47.9792
0.0000 0.0000 0.0000 -62.5013 -62.4576 -62.1456 -61.9420 -61.7483 -64.6212 -65.2941 -66.8079 0.0000 0.0000 -66.3931 0.0000 0.0000 -64.3716 -65.3137 -67.8805 -71.2025 0.0000 -58.2314 -57.8619 -57.5788 -57.2515 -56.9132 -56.5577 -56.1887 -55.7986 -60.7606 0.0000 0.0000 -54.0686 -58.2322 0.0000 0.0000 0.0000 -49.0376 -48.4753 -47.8856
0.0000 0.0000 0.0000 -65.1857 -65.2296 -65.1197 -65.3088 -65.7061 -66.2996 -67.1960 -69.0885 0.0000 0.0000 -69.0419 0.0000 0.0000 -65.6042 -66.4970 -68.7809 -70.9213 0.0000 -58.0581 -57.6854 -57.3944 -57.0607 -56.7157 -56.3536 -59.9478 -61.0475 -65.2022 0.0000 0.0000 -58.7557 -64.1739 0.0000 0.0000 0.0000 -48.9584 -48.4038 -47.8373
0.0000 0.0000 0.0000 -65.9983 -66.1662 -65.7975 -65.6899 -65.6157 -65.4746 -65.3107 -65.4018 -70.0089 -72.3301 -70.0461 -74.6975 0.0000 -65.1735 -66.3268 -68.1314 -70.8474 0.0000 -57.8968 -57.5516 -57.1994 -59.9012 -60.2060 -60.6887 -61.4341 -62.5389 -65.3695 0.0000 0.0000 -58.0881 -57.7450 -57.4957 -57.1644 -56.8224 -48.9037 -48.3708 -47.8257
-66.8264 -66.7531 -66.4495 -66.0178 -65.5699 -65.3915 -65.2431 -65.1174 -64.9126 -64.5767 -64.7012 -64.7756 -64.6281 -64.3326 -64.1325 -64.0949 -63.5343 -63.3759 -63.1797 -58.4265 -58.1870 -57.7463 -60.4476 -60.5562 -60.8674 -61.2515 -61.6380 -58.6755 -58.3845 -58.0249 -57.6684 -57.2683 -56.7135 -56.0833 -55.1963 -53.9054 -49.3802 -48.8827 -48.3685 -47.8452
-66.3460 -66.1769 -65.8270 -65.6334 -65.1896 -64.9805 -64.8185 -64.6043 -64.3557 -64.0050 -64.0023 -63.9001 -63.6218 -63.1935 -62.7686 -62.0796 -61.4426 -58.8537 -58.5714 0.0000 0.0000 -59.9992 -59.6751 -59.3838 -59.0471 -58.7598 -58.4177 -58.0475 -57.6785 -57.2340 -56.7488 -56.1923 -55.5024 -54.6230 -53.4357 -49.8353 -49.3678 -48.8874 -48.3926 -51.9512
-65.6241 -65.6104 -65.4465 -65.2541 -64.7838 -64.5727 -64.3714 -64.1046 -63.7138 -63.5349 -63.3117 -63.0810 -62.6841 -62.1444 -59.4544 -59.3193 -59.0089 -63.7701 -68.4929 0.0000 0.0000 -59.6985 -63.6346 -65.3755 -68.3554 0.0000 0.0000 -57.4634 -57.0301 -56.5174 -55.9454 -55.2698 -54.4845 -53.4941 -50.2759 -49.8232 -49.3770 -48.9142 -51.5258 -53.2953
-65.3281 -65.2575 -65.0839 -64.8899 -64.4156 -64.1742 -63.9301 -63.6259 -63.2224 -62.9893 -62.6137 -60.2351 -59.9928 -59.7009 -63.0149 -63.6631 -64.0554 -64.8333 -64.7683 -64.8330 -65.1225 -64.6709 -64.7983 -65.4462 -67.5442 0.0000 0.0000 -56.9318 -56.4496 -55.8879 -55.2561 -54.5471 -53.6761 -50.6973 -50.2771 -49.8382 -49.4073 -51.5985 -52.7215 -54.1731
-64.9201 -64.9154 -64.7360 -64.5226 -64.0593 -63.8104 -63.5077 -63.1742 -62.7569 -60.5191 -60.2793 -60.1205 -63.3656 -63.4201 -64.0397 -64.4655 -64.2102 -64.0234 -63.8331 -63.6507 -63.5928 -63.1092 -62.8013 -62.5892 -62.5288 -57.5104 -57.0428 -56.4589 -55.9421 -55.3496 -54.6880 -53.9341 -51.0970 -50.7035 -50.2945 -49.8789 -49.4481 -52.6163 -53.6174 -54.8326
-64.6629 -64.6064 -64.4063 -64.1533 -63.7191 -63.4444 -68.0609 -70.4839 0.0000 -60.4669 -63.5083 -63.8694 -63.9150 -64.2328 -64.0161 -63.8711 -63.5017 -63.2188 -62.9062 -62.5365 -62.0821 -61.5215 -60.7307 -57.8552 -62.6021 0.0000 0.0000 -56.0935 -55.5075 -54.9000 -54.2278 -51.4866 -51.1151 -50.7178 -50.3285 -49.9259 -52.6794 -53.4445 -54.3361 -55.3826
-64.4027 -64.1595 -64.0961 -65.9371 -65.5427 -65.3807 -65.1691 -65.0125 -64.1214 -63.9597 -64.1036 -64.0331 -64.0007 -63.7336 -63.4626 -63.2379 -62.8181 -62.4492 -62.0286 -61.5004 -58.7051 -61.0583 -61.6421 -62.8825 -65.9618 0.0000 0.0000 -55.7324 -55.1424 -54.5323 -51.8658 -51.5000 -51.1281 -50.7597 -50.3694 -52.8815 -53.4578 -54.1249 -54.9453 -55.6073
-65.9129 -65.7391 -65.8290 -65.6607 -65.2807 -65.0933 -64.2408 -64.2914 -64.6279 -64.2817 -63.8677 -63.5545 -63.5557 -63.2493 -62.9343 -62.6449 -62.1779 -61.7374 -59.1416 -61.4520 -61.7794 -62.3984 -63.0831 -63.0934 -62.9097 -62.7894 -55.9833 -55.4276 -54.8411 -52.2321 -51.8820 -51.5258 -51.1640 -50.8072 -53.1071 -53.5751 -54.1174 -54.6819 -55.1770 -55.5133
-65.8128 -65.5317 -65.5457 -65.2266 -64.6121 -64.6425 -64.5626 -64.3148 -64.2759 -63.9131 -63.3675 -63.3222 -63.1277 -62.7918 -62.4403 -59.9028 -59.5639 -62.0436 -62.2146 -62.3843 -62.7843 -63.4912 -64.1559 -68.3717 -70.2382 0.0000 0.0000 0.0000 -52.5874 -52.2505 -51.9087 -51.5623 -51.2109 -53.3855 -53.7440 -54.1771 -54.6059 -54.9635 -55.2832 -54.7543
-65.6103 -65.3273 -65.0310 -64.9553 -64.7876 -64.5254 -65.0935 -65.1760 -69.4316 0.0000 -63.4372 -62.9527 -62.7269 -60.2550 -62.4230 -62.5615 -62.6131 -62.6702 -62.3516 -62.1577 -61.9608 -61.8637 -61.6590 -61.4585 -61.2648 -61.2005 -60.9649 -60.7243 -52.6077 -52.2788 -51.9457 -51.6087 -53.6473 -53.9420 -54.3297 -54.6147 -54.8660 -55.1434 -54.5956 -53.9743
-65.1303 -64.9021 -64.7334 -64.6375 -64.4707 -64.2931 -64.1121 -63.9283 -63.7538 -63.4900 -63.0805 -60.5710 -62.8716 -62.9290 -62.7907 -62.6261 -62.3199 -62.0570 -61.7103 -61.4420 -61.1522 -60.9155 -60.5498 -60.1230 -59.5917 -58.9142 -57.6825 -52.9710 -52.6486 -52.3161 -51.9916 -51.6640 -54.1807 -54.4748 -54.6903 -54.8927 -55.0731 -54.5630 -56.8345 -57.2972
-64.9871 -70.4931 0.0000 -64.3926 -64.2090 -64.0211 -63.7498 -63.5697 -61.3049 -60.9996 -63.2545 -62.9134 -62.7934 -62.5832 -62.3328 -62.1243 -61.7763 -61.4698 -61.0897 -60.7529 -60.3787 -59.9479 -63.6306 -65.5698 -69.7954 0.0000 0.0000 0.0000 -52.6858 -52.3614 -52.0455 -54.4325 -54.6308 -54.7888 -54.9645 -55.1079 -56.2489 -56.7525 -57.2167 -57.8058
0.0000 0.0000 0.0000 -64.1475 -63.9546 -63.7572 -61.5327 -63.4619 -63.3734 -63.1043 -62.9020 -62.5614 -61.7302 -61.5053 -61.2484 -61.0176 -61.2616 -66.9829 -71.4152 0.0000 0.0000 -63.2977 -63.5027 -63.6957 -68.6027 0.0000 0.0000 0.0000 -52.7303 -52.4143 -54.6908 -54.8209 -54.9419 -55.0505 -55.9801 -56.3470 -56.7836 -57.1709 -57.6512 -58.0781
0.0000 0.0000 0.0000 -63.9098 -63.7086 -63.5065 -62.6883 -62.4888 -62.3164 -62.1236 -61.9156 -61.5978 -62.0396 -61.7747 -65.2871 -67.3312 -67.5061 -68.8178 -71.5731 0.0000 0.0000 -62.3485 -62.0936 -61.9118 -61.7173 -61.6528 -59.8544 -53.0847 -52.7818 -54.9512 -55.0240 -55.1116 -55.1971 -56.1417 -56.4368 -56.8359 -57.1774 -57.4992 -57.7711 -58.0622
-64.6083 -63.6810 -63.3485 -63.0070 -62.8112 -62.6695 -62.4666 -62.8274 -62.7066 -62.4895 -64.3163 -63.5620 -63.4786 -63.2980 -63.0854 -62.9030 -62.5042 -62.2644 -62.1103 -61.9919 -61.6694 -61.1827 -60.7051 -64.2407 -68.3867 0.0000 0.0000 0.0000 -55.2040 -55.2493 -55.2893 -56.1072 -56.3218 -56.5804 -56.8657 -57.1398 -57.3851 -57.6255 -57.8479 -58.0009
0.0000 0.0000 -63.1213 -63.4641 -63.3122 -63.1009 -64.1324 -63.8764 -63.8292 -63.6694 -63.4903 -63.1708 -63.0468 -62.8313 -62.5780 -62.3155 -61.9317 -61.7064 -61.4296 -63.5203 -63.8398 -65.5971 -66.2381 -67.5468 -69.1588 0.0000 0.0000 0.0000 -55.4713 -56.1725 -56.3218 -56.5140 -56.7295 -56.9123 -57.1022 -57.2967 -57.5321 -57.7062 -57.8485 -57.4247
