-60.5128
-60.5282
-60.5423
-60.5519
-60.5555
-60.5579
-60.6636
-60.6682
-60.6710
-60.6719
-60.6710
-60.6681
-60.6638
-60.6570
-60.6445
-60.6290
-60.6114
-60.5916
-60.4845
-60.4662
-60.4457
-60.4230
-60.3979
-61.7465
-61.7537
-61.7594
-61.7596
-61.7623
-61.8668
-61.8614
-61.8531
-61.8434
-61.8324
-61.8203
-61.9232
-61.9141
-61.8839
-61.8617
-62.4716
-62.3678
-60.5207
-60.5371
-60.5521
-60.5614
-60.5659
-61.4935
-61.5236
-61.5523
-61.5798
-61.6060
-61.6309
-61.6544
-61.6774
-61.6981
-61.7114
-61.7231
-61.7333
-61.7420
-61.6380
-61.6503
-61.6611
-61.6702
-61.6777
-61.6836
-61.6876
-61.6899
-61.6865
-61.7876
-61.7836
-61.7724
-61.9444
-61.9343
-61.9226
-62.0116
-62.0341
-62.0101
-61.9743
-61.9276
-61.8523
-61.7144
-61.2566
-61.2954
-61.3335
-61.3640
-61.3912
-61.5440
-61.5775
-61.6100
-61.6415
-61.6720
-61.7015
-61.7301
-61.7585
-61.7840
-61.8034
-61.8220
-61.8398
-61.8570
-61.8469
-61.8748
-61.8945
-61.9239
-61.9551
-61.9891
-62.0278
-62.0726
-62.1237
-62.3148
-62.4182
-62.5048
-62.6142
-62.7729
-63.0083
-63.5613
-63.7296
-60.9472
-60.8791
-60.7972
-60.6018
-60.5041
-61.2482
-61.2877
-61.3265
-61.3560
-61.3839
-61.5397
-61.6345
-61.6704
-61.7055
-61.7398
-61.7734
-61.8064
-61.8395
-61.8684
-61.8933
-61.9177
-61.9420
-61.8401
-61.8751
-61.9076
-61.9412
-61.9768
-62.0150
-62.0573
-62.1050
-62.1607
-62.2228
-62.4255
-62.5154
-62.6077
-62.7320
-62.9007
-63.1419
-63.4911
-63.2672
-63.0293
-62.6363
-60.8765
-61.2980
-61.3407
-61.3823
-61.4140
-61.4453
-61.6095
-61.6481
-61.6861
-61.7235
-61.7604
-61.7967
-61.8327
-61.8691
-61.9000
-61.9285
-61.9570
-61.9858
-61.8881
-61.9289
-61.9676
-62.0083
-62.0517
-62.0986
-62.1502
-62.2081
-62.2695
-62.4695
-62.5516
-62.6405
-62.7462
-62.8889
-63.1365
-63.2687
-63.5128
-63.2390
-62.9853
-62.5889
-60.8106
-61.2911
-61.3344
-61.3750
-61.4072
-61.4392
-61.6065
-61.6460
-61.6849
-61.7233
-61.7612
-61.7987
-61.8358
-61.8736
-61.9041
-61.9339
-61.9638
-61.9941
-61.9018
-61.9408
-61.9812
-62.0235
-62.0682
-62.1160
-62.1679
-62.2225
-62.2725
-62.4589
-62.5292
-62.6042
-62.6940
-62.8761
-63.0064
-63.1571
-63.3312
-63.0807
-62.5268
-62.3741
-60.6544
-61.2621
-61.3044
-61.3424
-61.3734
-61.4041
-61.5715
-61.6095
-61.6468
-61.6834
-61.7193
-61.7547
-61.7894
-61.8237
-61.8506
-61.8771
-61.9035
-61.9298
-61.8357
-61.8700
-61.9050
-61.9411
-61.9748
-62.0088
-62.0448
-62.0836
-62.1215
-62.2921
-62.3438
-62.4028
-62.4769
-62.5725
-62.6989
-62.9991
-63.0417
-63.3776
-63.0208
-62.5271
-60.7108
-62.1710
-61.2320
-61.2733
-61.3084
-61.3381
-61.3674
-61.5347
-61.5711
-61.6065
-61.6410
-61.6747
-61.7076
-61.7396
-61.7693
-61.7927
-61.8155
-61.8376
-61.7305
-61.7595
-61.7842
-61.8083
-61.8320
-61.8554
-61.8788
-61.9025
-61.9270
-62.0653
-62.0962
-62.1219
-62.1536
-62.1952
-62.2530
-62.3380
-62.4714
-62.5540
-63.1694
-62.3397
-60.5845
-62.0586
-61.2011
-61.2413
-61.2733
-61.3016
-61.4610
-61.4965
-61.5310
-61.5643
-61.5966
-61.6278
-61.6579
-61.6877
-61.7104
-61.7275
-61.7432
-61.7573
-61.6446
-61.6669
-61.6842
-61.7000
-61.7141
-61.7265
-61.7372
-61.7460
-61.7530
-61.8676
-61.8695
-61.8626
-61.8536
-61.8424
-61.8290
-61.8133
-61.7952
-61.6597
-61.6442
-60.3365
-62.1998
-62.0816
-60.4303
-61.9109
-61.1691
-61.2081
-61.2370
-61.2637
-61.4230
-61.4566
-61.4891
-61.5197
-61.5479
-61.5744
-61.5994
-61.6234
-61.6392
-61.6516
-61.6620
-61.6703
-61.5544
-61.5696
-61.5789
-61.5854
-61.5889
-61.5890
-61.5853
-60.8752
-60.8519
-60.9127
-60.8833
-60.8474
-60.8079
-60.7644
-60.7161
-60.5877
-60.5390
-60.4022
-60.3538
-60.3041
-60.2463
-60.1860
-60.1478
-60.1238
-61.1363
-61.1737
-61.1994
-61.2233
-61.3809
-61.4111
-61.4397
-61.4666
-61.4917
-61.5150
-61.5363
-61.5562
-61.0349
-61.0323
-61.0276
-61.0131
-60.9030
-60.8990
-60.8928
-60.8842
-60.8732
-60.8596
-60.8433
-60.8243
-60.8917
-60.8667
-60.7610
-60.7254
-60.6871
-60.6460
-60.6022
-60.5556
-60.4161
-60.3701
-60.3210
-60.2695
-60.2113
-59.0611
-60.1356
-60.1092
-60.7327
-60.7563
-60.7706
-60.7837
-60.9137
-60.9315
-60.9477
-60.9620
-60.9746
-60.9853
-60.9940
-61.0000
-60.9983
-60.9945
-60.9887
-60.8707
-60.8711
-60.8661
-60.8588
-60.8490
-60.8366
-60.8214
-60.7422
-60.7235
-60.7910
-60.7665
-60.7329
-60.6966
-60.6577
-60.6161
-60.5716
-60.5243
-60.3856
-60.3389
-60.2891
-60.2361
-60.1773
-59.0260
-60.1314
-60.0736
-60.7065
-60.7280
-60.7416
-60.7542
-60.8910
-60.9085
-60.9241
-60.9380
-60.9500
-60.9601
-60.9682
-60.9720
-60.9694
-60.9647
-60.9580
-60.8403
-60.8397
-60.7785
-60.7710
-60.7612
-60.7492
-60.7349
-60.7181
-60.6995
-60.7669
-60.7397
-60.7055
-60.6686
-60.6291
-60.5869
-60.5418
-60.4939
-60.3559
-60.3087
-60.2605
-60.2038
-60.1446
-60.1324
-60.1355
-59.9526
-60.6855
-60.7050
-60.7182
-60.7303
-60.8686
-60.8856
-60.9008
-60.9142
-60.9257
-60.9352
-60.9427
-60.9442
-60.9408
-60.8852
-60.8782
-60.7631
-60.7627
-60.7571
-60.7493
-60.7392
-60.7269
-60.7122
-60.6951
-60.7694
-60.7440
-60.7140
-60.6792
-60.6418
-60.6017
-60.5588
-60.5131
-60.3722
-60.3275
-60.2798
-60.2299
-60.1728
-59.0012
-60.1713
-60.1221
-59.9189
-60.6661
-60.6833
-60.6959
-60.8289
-60.8471
-60.8634
-60.8780
-60.8907
-60.8569
-60.8661
-60.8733
-60.8731
-60.8697
-60.8643
-60.8569
-60.7428
-60.7421
-60.7362
-60.7281
-60.7178
-60.7051
-60.6901
-60.6732
-60.7439
-60.7217
-60.6890
-60.6537
-60.6158
-60.5752
-60.5318
-60.4857
-60.3455
-60.3004
-60.2522
-60.2008
-61.8134
-60.7329
-62.1153
-61.8621
-60.6478
-60.6628
-60.6749
-60.7702
-60.7879
-60.8039
-60.8181
-60.8306
-60.8412
-60.8500
-60.8558
-60.8545
-60.8505
-60.8446
-60.7253
-60.7233
-60.7223
-60.7160
-60.7075
-60.6969
-60.6840
-60.6687
-60.6516
-60.7230
-60.6979
-60.6648
-60.6291
-60.5906
-60.5495
-61.5465
-61.6181
-61.5749
-61.6862
-61.9881
-62.2252
-62.5289
-61.1924
-61.6602
-61.6962
-60.5955
-60.6085
-60.6203
-60.7557
-60.7733
-60.7891
-60.8032
-60.8155
-60.8260
-60.8346
-60.8386
-60.8369
-60.8326
-60.8263
-60.7079
-60.7088
-60.7044
-60.6979
-60.6891
-60.6781
-60.6647
-60.6495
-60.7274
-60.7230
-61.5687
-61.6127
-61.6465
-61.6872
-61.7369
-61.7616
-61.6928
-61.6881
-61.6812
-61.6736
-61.6575
-60.0914
-59.8897
-59.8234
-59.7541
-59.8330
-60.5799
-60.5926
-60.6041
-60.7416
-60.7590
-60.7747
-60.7886
-60.8008
-60.8111
-60.8195
-60.8217
-60.8197
-60.8150
-60.8084
-60.6908
-60.6916
-60.6870
-60.6885
-61.5033
-61.5259
-61.5338
-61.5400
-61.6622
-61.6571
-61.6427
-61.6228
-61.5970
-61.6045
-61.5582
-61.4981
-61.2997
-60.2835
-60.2253
-60.0482
-59.9913
-59.9041
-61.3900
-61.3652
-61.5655
-61.7562
-60.5648
-60.5771
-60.5885
-60.7281
-60.7454
-60.7609
-60.7747
-60.7867
-60.7968
-60.8051
-60.8060
-60.8029
-61.4871
-61.4964
-61.3864
-61.4045
-61.4162
-61.4254
-61.4315
-61.4344
-61.4336
-61.4297
-61.5389
-61.5174
-61.5099
-61.4655
-60.5861
-60.5303
-60.4812
-60.4276
-60.1753
-61.2824
-61.2475
-61.1948
-61.1298
-59.6544
-61.0793
-59.9084
-61.3141
-61.1106
-60.5500
-60.5621
-60.5733
-60.7151
-60.7323
-60.7476
-60.7741
-61.3528
-61.3860
-61.4086
-61.4215
-61.4315
-61.4392
-61.3107
-61.3229
-61.3361
-61.3424
-61.3453
-61.3445
-61.3394
-61.3302
-60.7177
-60.6829
-60.6536
-60.6168
-60.5767
-61.5298
-61.3826
-61.3440
-61.1778
-61.1326
-61.0764
-60.0795
-60.1198
-59.7015
-61.2510
-62.1834
-63.1752
-66.4239
-60.5503
-61.0093
-61.0319
-61.2107
-61.2409
-61.2691
-61.2955
-61.3199
-61.3423
-61.3600
-61.3697
-61.3762
-61.3800
-61.2500
-61.2578
-61.2661
-60.6634
-60.6316
-60.6244
-60.6156
-60.5989
-60.6789
-61.5165
-61.5060
-61.3618
-61.3290
-61.2902
-61.2443
-60.3400
-60.1871
-61.1896
-61.2382
-61.3177
-61.3949
-60.0908
-61.8593
-61.9181
-61.9415
-62.1143
-62.0119
-60.9589
-60.9810
-61.1444
-61.1748
-61.2033
-61.2299
-61.2545
-61.2769
-61.2969
-61.3100
-61.3168
-61.3200
-60.7578
-60.6298
-60.6322
-60.6308
-60.6268
-61.3396
-61.3385
-61.3458
-61.3381
-61.3428
-61.3225
-61.2920
-60.4866
-60.4497
-61.2506
-61.2727
-61.4368
-61.3544
-61.4116
-61.5918
-61.6084
-61.7069
-60.1057
-61.7874
-61.8066
-61.6871
-61.8319
-61.8406
-60.9251
-60.9457
-61.1098
-61.1385
-61.1653
-61.1900
-61.2125
-60.7393
-60.7425
-60.7446
-60.7433
-60.7394
-60.7428
-61.2481
-61.2700
-61.2753
-61.2774
-61.2767
-61.1799
-61.1730
-60.5837
-60.5757
-61.2989
-61.3173
-61.3507
-61.4879
-61.5200
-61.5579
-61.4682
-61.4877
-61.5046
-61.5913
-61.6078
-59.9846
-61.5579
-61.3913
-61.3237
-61.2203
-61.1761
-59.8360
-60.8931
-60.9115
-60.6478
-60.6666
-60.6778
-60.6933
-60.7070
-60.7189
-61.2495
-61.2713
-61.2977
-61.3130
-61.1897
-61.1981
-61.1271
-61.1266
-60.5189
-60.5183
-61.1657
-61.1937
-61.3556
-61.3891
-61.5090
-61.5147
-61.5205
-61.5261
-61.5318
-61.5363
-61.4098
-61.4976
-61.4744
-61.4437
-61.3980
-59.7343
-61.1650
-61.0578
-59.9270
-59.9389
-59.8698
-59.7967
-60.4770
-60.4880
-60.6336
-61.0648
-61.0977
-61.1294
-61.1689
-61.1969
-61.2219
-61.2376
-61.2535
-60.6483
-60.5161
-61.0791
-61.1076
-61.1268
-61.1549
-61.1721
-61.1888
-61.2958
-61.4378
-61.4510
-61.4562
-61.4605
-61.4638
-61.4664
-61.4682
-61.5462
-61.3813
-61.3124
-61.2630
-61.1913
-60.2028
-58.8602
-60.0162
-59.9548
-59.8903
-59.9184
-59.8492
-59.7761
-60.8111
-60.8408
-61.0151
-61.0489
-61.0796
-61.1091
-61.1374
-60.7010
-60.6415
-61.1214
-61.1353
-61.1472
-61.0377
-61.0577
-61.0805
-61.0980
-61.1973
-61.2156
-61.2327
-61.3734
-61.3913
-61.3986
-61.4012
-61.4027
-61.4033
-61.4354
-61.4320
-61.2495
-61.2012
-60.2835
-60.2098
-60.1554
-58.8739
-60.0531
-59.9948
-59.9336
-59.8699
-59.8999
-59.8313
-59.7595
-60.7927
-60.8146
-60.9895
-60.6388
-60.6544
-61.0075
-61.0344
-61.0601
-61.0865
-61.0999
-61.1129
-61.1238
-61.0062
-61.1043
-61.1232
-61.1414
-61.1585
-61.1753
-61.1902
-61.3296
-61.3449
-61.3453
-61.3447
-61.3714
-61.3643
-61.3508
-60.4647
-60.3062
-60.2690
-60.2262
-60.1878
-60.1387
-58.8350
-60.0336
-59.9756
-59.9149
-59.9490
-59.8854
-59.7324
-59.6656
-60.4456
-60.9223
-60.8957
-60.9260
-60.9552
-60.9902
-61.0169
-61.0422
-61.0575
-61.0697
-61.0823
-61.0249
-61.0452
-61.0687
-61.0869
-61.1038
-61.1203
-61.1347
-61.1481
-61.2863
-61.2994
-61.3183
-61.3110
-60.5602
-60.5145
-60.4761
-60.4357
-60.2893
-60.2526
-60.2166
-60.1696
-60.1206
-58.8120
-60.0165
-59.9592
-59.8998
-59.8553
-59.7960
-59.7334
-59.6677
-60.6758
-60.8476
-60.8788
-60.9086
-60.9372
-60.9643
-60.9901
-61.0137
-61.0918
-61.1041
-61.1162
-60.9909
-61.0107
-61.0334
-61.0503
-61.0658
-61.0805
-61.0930
-61.2292
-60.7033
-60.6411
-60.5990
-60.5680
-60.5350
-60.4995
-60.4616
-60.3102
-60.2764
-60.2399
-60.2025
-60.1560
-60.1073
-60.0577
-60.0041
-59.8704
-59.8150
-59.8567
-59.7981
-59.7368
-59.6723
-60.6570
-60.8246
-60.8551
-60.8842
-60.9118
-60.9978
-61.0238
-61.0454
-61.0582
-61.0704
-61.0806
-60.9563
-60.9748
-60.9961
-61.0117
-61.0264
-60.5789
-60.5395
-60.6493
-60.6383
-60.6181
-60.5855
-60.5549
-60.5219
-60.4863
-60.4483
-60.2987
-60.2651
-60.2288
-60.1904
-60.1443
-58.8046
-59.9746
-59.9240
-59.8711
-59.9169
-59.8623
-59.8047
-59.7442
-59.6736
-60.6338
-60.8032
-60.8870
-60.9159
-60.9437
-60.9701
-60.9952
-61.0135
-61.0251
-61.0360
-61.0447
-60.9215
-60.9386
-60.5508
-60.5436
-60.5344
-60.5436
-60.5359
-60.6396
-60.6293
-60.6008
-60.5727
-60.5422
-60.5093
-60.4740
-60.4362
-60.2887
-60.2555
-60.2239
-60.1812
-60.0652
-58.7375
-59.9751
-59.9254
-59.8736
-59.9235
-59.8700
-59.8137
-59.7545
-59.6836
-60.6591
-60.8334
-60.8633
-60.8918
-60.9189
-60.9445
-60.9687
-60.9830
-60.9929
-61.0021
-60.5199
-60.5261
-60.5264
-60.5291
-60.5422
-60.5386
-60.5329
-60.6389
-60.6317
-60.6192
-60.5889
-60.5608
-60.5303
-60.4975
-60.4623
-60.4248
-60.2796
-60.2479
-60.1476
-60.1075
-60.0658
-60.0236
-59.9773
-59.9286
-59.8788
-59.9322
-59.8800
-59.8250
-59.7673
-59.6949
-60.6341
-60.8108
-60.8401
-60.8678
-60.8941
-60.9189
-60.9420
-60.6463
-60.6465
-60.6381
-60.5078
-60.5140
-60.5329
-60.5337
-60.5328
-60.5292
-60.5234
-60.6319
-60.6249
-60.6085
-60.5782
-60.5501
-60.5198
-60.4872
-60.4525
-60.3022
-60.2083
-60.1784
-60.1468
-60.1073
-58.7424
-60.0258
-59.9803
-59.9330
-59.9905
-59.9426
-59.8919
-59.8385
-59.7750
-59.7086
-60.6086
-60.7877
-60.8164
-60.6231
-60.6102
-60.6266
-60.6319
-60.6334
-60.6335
-60.6325
-60.5134
-60.5180
-60.5248
-60.5259
-60.5249
-60.5215
-60.5163
-60.6274
-60.6205
-60.5997
-60.5693
-60.5412
-60.5112
-60.4793
-60.3813
-60.2359
-60.2090
-60.1843
-60.1475
-60.1092
-58.7338
-60.0295
-59.9852
-59.9391
-60.0014
-59.9548
-59.9057
-59.8540
-59.7888
-59.7242
-60.5342
-60.5461
-60.5679
-60.5813
-60.5996
-60.6161
-60.6262
-60.6279
-60.6371
-60.6345
-60.5055
-60.5103
-60.5174
-60.5186
-60.5179
-60.5147
-60.6277
-60.6242
-60.6162
-60.5926
-60.5625
-60.5352
-60.4444
-60.4137
-60.3809
-60.2377
-60.2114
-60.1855
-60.1492
-60.1128
-58.7419
-60.0348
-59.9918
-59.9483
-60.0144
-59.9694
-59.9219
-59.8718
-59.8050
-59.7425
-60.5122
-60.5357
-60.5575
-60.5777
-60.5962
-60.6130
-60.6288
-60.6290
-60.6274
-60.4905
-60.4976
-60.5028
-60.5106
-60.5119
-60.5116
-60.5088
-60.6254
-60.6224
-60.6103
-60.5828
-60.4991
-60.4728
-60.4445
-60.4142
-60.2644
-60.2410
-60.2156
-60.1889
-60.1538
-58.7466
-60.0824
-60.0422
-60.0005
-60.0705
-60.0295
-59.9861
-59.9403
-59.8438
-59.7337
-59.6151
-60.5113
-60.5341
-60.5554
-60.5750
-60.6009
-60.6166
-60.6200
-60.6200
-60.6183
-60.4831
-60.4904
-60.4999
-60.5041
-60.5062
-60.5059
-60.5040
-60.6243
-60.6224
-60.5499
-60.5234
-60.4994
-60.4735
-60.4455
-60.4156
-60.2681
-60.2456
-60.2261
-60.1936
-60.1599
-58.7326
-60.0905
-60.0517
-60.0114
-60.0762
-59.9997
-59.9156
-59.8238
-59.7107
-59.5943
-59.4665
-60.5120
-60.5350
-60.5633
-60.5818
-60.5986
-60.6125
-60.6133
-60.6125
-60.6099
-60.4765
-60.4841
-60.4941
-60.4986
-60.5012
-60.5014
-60.6233
-60.5716
-60.5698
-60.5500
-60.5236
-60.5001
-60.4746
-60.4471
-60.4178
-60.2729
-60.2514
-60.2310
-60.1992
-60.1674
-58.7437
-60.0779
-60.0101
-59.9385
-59.9763
-59.8942
-59.8043
-59.7069
-59.5834
-59.4590
-59.2407
-60.5194
-60.5415
-60.5619
-60.5806
-60.5976
-60.6087
-60.6093
-60.6083
-60.6056
-60.4734
-60.4807
-60.4907
-60.4948
-60.4977
-60.4493
-60.5743
-60.5770
-60.5704
-60.5509
-60.5248
-60.5016
-60.4765
-60.4495
-60.2972
-60.2786
-60.2581
-60.2284
-60.1751
-58.7038
-60.0598
-59.9931
-59.9213
-59.9594
-59.8797
-59.7929
-59.6974
-59.5830
-59.4626
-59.3341
-59.1185
-60.5159
-60.5393
-60.5609
-60.5802
-60.5973
-60.6056
-60.6061
-60.6050
-60.4627
-60.4720
-60.4798
-60.4450
-60.4485
-60.4517
-60.4530
-60.5817
-60.5844
-60.5719
-60.5525
-60.5267
-60.5039
-60.4793
-60.4521
-60.2847
-60.2473
-60.2113
-60.1584
-60.1028
-58.6295
-59.9806
-59.9104
-59.8351
-59.8711
-59.7869
-59.6953
-59.5961
-59.4753
-59.3537
-60.6251
-60.9890
