-67.1910
-67.2574
-67.8570
-67.9193
-68.2609
-68.3482
-67.9520
-67.8892
-67.9418
-67.9847
-68.0203
-68.2261
-68.8126
-68.2314
-68.2482
-68.0792
-68.1119
-68.1455
-68.1762
-68.2169
-69.4341
-69.4785
-69.5216
-68.8771
-69.0469
-69.0545
-69.3953
-69.6872
-69.6981
-68.8610
-68.8598
-68.8707
-69.4209
-69.4328
-69.4447
-68.7319
-66.2167
-66.2446
-66.2726
-66.3006
-67.7185
-67.3619
-68.1278
-68.2150
-68.1877
-68.2534
-67.8747
-67.9169
-67.9536
-67.9882
-68.0240
-68.0566
-68.5878
-68.6015
-68.0473
-68.0794
-68.1113
-68.7999
-68.8492
-68.8971
-69.6026
-69.6484
-69.5793
-68.9347
-68.7108
-68.7039
-69.3971
-69.4249
-69.4521
-69.6948
-69.1050
-68.8914
-69.4368
-69.4492
-69.4608
-68.7528
-68.7710
-68.7900
-66.2868
-66.3143
-65.2301
-65.2857
-68.0344
-68.1182
-68.2026
-68.2734
-67.8839
-67.9188
-67.9559
-67.9922
-67.8204
-67.8547
-68.5682
-68.5963
-68.0498
-68.7510
-68.8026
-68.8557
-68.9045
-68.9519
-69.6564
-69.6936
-69.2668
-68.6574
-68.7243
-68.7182
-68.7121
-69.4252
-69.4527
-69.4455
-68.8933
-69.1341
-69.7035
-69.4641
-69.4761
-68.7736
-68.7915
-68.8090
-68.8274
-68.8463
-67.9261
-65.2443
-65.2986
-65.3450
-68.2036
-68.2649
-67.8844
-67.9217
-67.7449
-67.7802
-67.8169
-67.8518
-68.8137
-69.3893
-68.7556
-68.8081
-68.8591
-68.9116
-68.9598
-68.9942
-68.6233
-69.2372
-69.2594
-68.6595
-68.6862
-68.8155
-68.7254
-69.4244
-69.4523
-69.4535
-68.9133
-68.9169
-68.9375
-69.7268
-69.4930
-68.7932
-68.8110
-68.2384
-68.2401
-68.2661
-67.9881
-68.0421
-68.0929
-65.3516
-65.3945
-68.0263
-67.6670
-67.7027
-67.7402
-67.7810
-68.0358
-68.5459
-69.3994
-69.4522
-68.8137
-68.8654
-68.9157
-68.9488
-68.5706
-68.5962
-68.6216
-69.2275
-69.2502
-68.6599
-68.6832
-68.8221
-68.8184
-69.5170
-69.4498
-69.4590
-69.4467
-68.9241
-68.9420
-69.4760
-69.4955
-69.1159
-68.2124
-68.3470
-68.3678
-68.3886
-68.0121
-68.0586
-68.1072
-67.9113
-65.2834
-65.3118
-65.1391
-67.9295
-67.9712
-68.4908
-68.5493
-68.6062
-69.2502
-69.5153
-68.8715
-68.8970
-68.5117
-68.5405
-68.5664
-68.5923
-68.6181
-69.2166
-69.2398
-69.2627
-68.6823
-68.8262
-68.8236
-69.5071
-69.5370
-69.5544
-69.4509
-68.9267
-68.2754
-68.8702
-68.8936
-68.9168
-68.3316
-68.6467
-68.3784
-68.3994
-67.7840
-67.8236
-67.8696
-67.9159
-67.9702
-68.2729
-65.5359
-65.5838
-65.6305
-68.5564
-68.6121
-68.6671
-69.2985
-69.5387
-69.0509
-68.4786
-68.5050
-68.5315
-68.5609
-68.5872
-68.6133
-69.2032
-69.2269
-69.2505
-68.6797
-68.7645
-68.8268
-69.4947
-69.5251
-68.9257
-68.9033
-68.4497
-68.3974
-68.4222
-68.8843
-68.9082
-68.3315
-68.3579
-68.3842
-68.1497
-67.7827
-67.8282
-68.1413
-68.1891
-68.7881
-68.8703
-68.4805
-68.5294
-65.6780
-65.7226
-65.7593
-68.6873
-68.8179
-69.0344
-69.0384
-68.4702
-68.4970
-68.5238
-68.5529
-68.5796
-68.6061
-69.1879
-69.2123
-69.2364
-68.6749
-68.8583
-68.3340
-68.2553
-68.8570
-68.8904
-68.8929
-68.4463
-68.4585
-68.4849
-68.9493
-68.8991
-68.0653
-68.0980
-68.1303
-68.1624
-68.0069
-68.1084
-68.7264
-68.8083
-68.8889
-68.9682
-68.5746
-68.6202
-68.6417
-68.6542
-65.5492
-65.5750
-65.8694
-69.0180
-69.0246
-68.4596
-68.4865
-68.5136
-68.5431
-68.5702
-68.5971
-68.7980
-69.3821
-69.3965
-68.0914
-68.1193
-68.2427
-68.2497
-68.8379
-68.8720
-68.8817
-68.8835
-68.1836
-68.1918
-68.6286
-68.6618
-68.1516
-68.1100
-68.1427
-68.1752
-68.5872
-68.6822
-68.7745
-68.9124
-68.9905
-69.0669
-68.6363
-68.6453
-68.2231
-68.2323
-68.2477
-68.2648
-65.6085
-65.9148
-69.0109
-68.4481
-68.4746
-68.6903
-68.7097
-68.7265
-68.7442
-68.0259
-68.5110
-68.5407
-68.0789
-68.1076
-68.2349
-68.2432
-68.8183
-68.5399
-68.5472
-68.5597
-68.1654
-68.1976
-68.2369
-68.6642
-68.6975
-68.8220
-68.8636
-68.8354
-68.8112
-68.7730
-68.8614
-68.9430
-68.9856
-69.0730
-68.2077
-68.2088
-68.2227
-68.2370
-68.2519
-68.2675
-68.2840
-66.0295
-66.1381
-65.8494
-68.6344
-68.6497
-67.9832
-67.9368
-67.9685
-68.0002
-68.4880
-68.5184
-68.0659
-68.0953
-67.8678
-67.9451
-68.4784
-68.5210
-68.5519
-68.5656
-68.1815
-68.2034
-68.9179
-69.4269
-69.4697
-68.8674
-68.9086
-68.9492
-69.8134
-68.9587
-69.0016
-68.9234
-68.4844
-68.5097
-68.1560
-68.2104
-68.2244
-68.4638
-68.4650
-68.4673
-68.4710
-69.0009
-69.1824
-65.8416
-65.4348
-65.4667
-67.8886
-67.9198
-67.9517
-67.9838
-68.4645
-68.1699
-67.7623
-67.7994
-67.8362
-67.9534
-68.4769
-68.5200
-68.5565
-69.3442
-69.3649
-68.9203
-68.9636
-69.4713
-69.5141
-68.9127
-68.9538
-68.9942
-69.8043
-68.9197
-68.4661
-68.4934
-68.4389
-68.7554
-68.3731
-68.3817
-68.4301
-68.4311
-68.4331
-68.4357
-68.4400
-68.0885
-68.2626
-68.2591
-67.8182
-65.4665
-65.4987
-65.5322
-67.6322
-67.6718
-67.7116
-68.1626
-68.2022
-67.8034
-67.8406
-67.9618
-69.2646
-69.3211
-69.3746
-69.3966
-69.4173
-68.9683
-69.0091
-69.5158
-69.5586
-68.9601
-68.9694
-68.9874
-69.7421
-68.3577
-68.6914
-68.7222
-68.7550
-68.7882
-68.3184
-68.3280
-68.3387
-68.3496
-67.6494
-67.6115
-67.6354
-68.0733
-68.1203
-68.2506
-67.8119
-67.5281
-67.5629
-65.3599
-65.3970
-65.4341
-67.7150
-68.1608
-68.2006
-68.5060
-68.5544
-68.7047
-68.7312
-69.3679
-69.4228
-69.4489
-69.4698
-69.0268
-69.0548
-69.0788
-69.9215
-69.9343
-69.2690
-69.2860
-69.3846
-68.5744
-68.6046
-68.6354
-68.6682
-68.7022
-68.3439
-68.3579
-67.4749
-67.5066
-67.5382
-67.5701
-67.6273
-68.0573
-67.7631
-67.9012
-67.5078
-67.5420
-67.5763
-67.6126
-67.6479
-65.4454
-65.4881
-68.9663
-69.0169
-68.5564
-68.6036
-68.6650
-68.7845
-69.4149
-69.4695
-69.5013
-69.5244
-69.8872
-69.3795
-69.3945
-69.8997
-69.9131
-69.2586
-69.2759
-69.2660
-68.4812
-68.5123
-68.5447
-68.5767
-67.7051
-67.4486
-67.4844
-67.5197
-67.5549
-67.5162
-67.2338
-67.2756
-67.6840
-67.7702
-67.9146
-67.5220
-67.5566
-67.5911
-67.6371
-68.4062
-68.4517
-65.9351
-66.2366
-66.2788
-68.6088
-68.6542
-68.6996
-68.8381
-69.8584
-69.8958
-69.8969
-69.8824
-69.8684
-69.3622
-69.3775
-69.8751
-69.8891
-69.2414
-69.2504
-69.1427
-68.3821
-67.5566
-67.5535
-67.6079
-67.6625
-67.4146
-67.4510
-67.1633
-67.2097
-67.2552
-67.2357
-67.2779
-67.6800
-67.7432
-67.8998
-67.5463
-68.3357
-68.3822
-68.4301
-68.4749
-68.5190
-68.5626
-68.6060
-66.3169
-66.0863
-66.3107
-69.0981
-69.2183
-69.8467
-69.8647
-69.8722
-69.8589
-69.8462
-69.3510
-69.3544
-69.3606
-69.8371
-69.2001
-69.2101
-65.3339
-67.4011
-67.4542
-67.5085
-67.2242
-67.2706
-67.0632
-67.1108
-67.1574
-67.2041
-67.2507
-67.2965
-67.3418
-67.6875
-68.5784
-68.6462
-68.3384
-68.4077
-68.4534
-68.5005
-68.5445
-68.5877
-68.9897
-69.0323
-69.6012
-69.0762
-66.3315
-66.3519
-66.4304
-69.8139
-69.8309
-69.8441
-69.8298
-69.8061
-69.3113
-69.3027
-69.3101
-69.7766
-69.7830
-69.1672
-65.3227
-65.1202
-64.8567
-67.1275
-67.1925
-67.2578
-67.0564
-67.1046
-67.1524
-67.1994
-67.2563
-68.0809
-68.1432
-68.6352
-68.7192
-68.7068
-69.0721
-68.4393
-68.4969
-68.9415
-68.9880
-69.0312
-69.0735
-69.0915
-69.6153
-69.6133
-69.0669
-69.0708
-66.3723
-66.7518
-66.7701
-69.7874
-69.7639
-69.7423
-69.7224
-69.2480
-69.2568
-69.7133
-69.7215
-69.1219
-65.0936
-65.1235
-64.8670
-64.9148
-64.9626
-67.2465
-67.0504
-67.1094
-67.9483
-68.0138
-68.0776
-68.1395
-68.2004
-68.6895
-68.7729
-69.2680
-69.6831
-68.8819
-68.9352
-68.9874
-69.0411
-69.0775
-69.0761
-69.0761
-69.5914
-69.5894
-69.0521
-69.0452
-69.0375
-69.1265
-66.7415
-66.7607
-69.6968
-69.6760
-69.6580
-69.1907
-69.2010
-69.2122
-69.6579
-69.0747
-67.4808
-65.1331
-64.8777
-64.9256
-64.9802
-65.5197
-67.8790
-67.9452
-68.0107
-68.0748
-68.1376
-68.2093
-68.6445
-68.7120
-69.2628
-69.3419
-69.7610
-69.0383
-69.0028
-69.0055
-69.0121
-69.0178
-69.0248
-69.0553
-69.5537
-69.5367
-68.9995
-68.9907
-68.9837
-69.0751
-69.6388
-66.7304
-66.7418
-66.7485
-69.5925
-69.1460
-69.1435
-69.1565
-69.5936
-69.0273
-67.4781
-67.5084
-65.4101
-65.4578
-65.5173
-65.5759
-65.6337
-65.5071
-68.4668
-68.5326
-68.5972
-68.6602
-68.7218
-68.7819
-69.3365
-69.4155
-69.4514
-69.0329
-69.0367
-69.0420
-68.9720
-68.9742
-68.9661
-68.9604
-68.9569
-69.4585
-68.9383
-68.9312
-68.9260
-68.9748
-69.5664
-69.5694
-69.5625
-66.7213
-66.7302
-66.7398
-69.0878
-69.1031
-69.3439
-68.8399
-68.5229
-68.5751
-68.0192
-68.1003
-65.5814
-65.8642
-65.9226
-65.7877
-65.8328
-65.8771
-68.6786
-68.7393
-68.7991
-68.8575
-69.3686
-69.3830
-69.3826
-68.9763
-68.9810
-68.9707
-68.9638
-68.9573
-68.8782
-68.8745
-68.8731
-69.3405
-68.8716
-68.8669
-68.8641
-68.8665
-69.4917
-69.4975
-69.4979
-69.4824
-69.2625
-66.7186
-66.5075
-62.5588
-63.4475
-63.5978
-68.6296
-69.1916
-68.5536
-68.6379
-68.7210
-68.8032
-65.9904
-65.8545
-65.8982
-65.9411
-65.9833
-68.8205
-68.8240
-68.8172
-69.2888
-69.3052
-69.2933
-69.5958
-68.8695
-68.8601
-68.8561
-68.8523
-68.8510
-68.8520
-68.7842
-69.2391
-68.7666
-68.7720
-68.7993
-68.6100
-69.1999
-69.4307
-69.4448
-63.3393
-63.3780
-63.4165
-63.3498
-62.5497
-62.5913
-62.7194
-69.2878
-69.3365
-68.6760
-68.7565
-68.8358
-68.9140
-68.9917
-65.9349
-65.9637
-66.0052
-66.0102
-66.0130
-66.0178
-68.7422
-69.1719
-69.1671
-69.1477
-69.4427
-68.7488
-68.7422
-68.7412
-68.7408
-68.7435
-68.7482
-68.7554
-68.9130
-68.9326
-68.6956
-68.7113
-62.9924
-63.0655
-63.2403
-63.2858
-63.3255
-63.3645
-63.4030
-63.3368
-63.3974
-66.4834
-66.7174
-69.4393
-69.4837
-68.8001
-68.8766
-68.9524
-69.0271
-69.1011
-68.8022
-68.7701
-65.9836
-65.9836
-65.9776
-65.9691
-65.9639
-66.1932
-69.0084
-68.9927
-68.9818
-68.6198
-68.6179
-68.6190
-68.4009
-68.6334
-68.6451
-68.6612
-62.8118
-62.9672
-62.8840
-62.9302
-62.9762
-63.0295
-63.2188
-63.2702
-63.3334
-69.2373
-69.2514
-69.2654
-68.8978
-68.9302
-68.9679
-69.5925
-69.6320
-69.6687
-68.9982
-69.0705
-69.2339
-69.1799
-68.7538
-68.6799
-68.6170
-68.5641
-65.9057
-65.8989
-65.8955
-66.1206
-66.1319
-68.8306
-68.5677
-68.4859
-68.4912
-68.5020
-62.5968
-62.6462
-62.6954
-62.7443
-62.7930
-62.9469
-62.8824
-62.9292
-62.9810
-68.5541
-69.1517
-69.1968
-69.2289
-69.2658
-69.2814
-69.2968
-68.9320
-68.9597
-68.9925
-69.9570
-69.9688
-70.0049
-69.1875
-69.1255
-69.0463
-68.9725
-68.5615
-68.4918
-68.4336
-68.3858
-68.3472
-65.6658
-65.6782
-66.0391
-66.0543
-66.0665
-66.0825
-62.4258
-62.4762
-62.5265
-62.5770
-62.6267
-62.6760
-62.7249
-62.7953
-68.8808
-68.5049
-68.5462
-68.5874
-68.6284
-69.1657
-69.2119
-69.2492
-69.2730
-69.3153
-69.3319
-68.9697
-68.9928
-69.0261
-70.2309
-69.8754
-69.8107
-68.9790
-68.8860
-68.8017
-68.7195
-68.3394
-67.9659
-68.2285
-68.1899
-68.1610
-68.1417
-68.1339
-61.5217
-61.5725
-61.6209
-61.6682
-61.6491
-61.6952
-62.5064
-62.5787
-68.3137
-68.3596
-68.4053
-68.4506
-68.8885
-68.5179
-68.5609
-68.6033
-68.6453
-69.2460
-69.2314
-69.2735
-69.2985
-69.3230
-69.3471
-69.3875
-69.0287
-69.0626
-69.9118
-68.6470
-68.4734
-68.6813
-68.1998
-68.4978
-68.4290
-68.0871
-68.0413
-68.0109
-61.9622
-62.0136
-62.0648
-62.1157
-62.2557
-61.5641
-61.6081
-61.6931
-65.9879
-65.8531
-65.8899
-68.2783
-68.3247
-68.3716
-68.4186
-68.4654
-68.9016
-68.5354
-68.5791
-68.6226
-68.6659
-69.1844
-69.3138
-69.3629
-69.3272
-69.3526
-69.3775
-69.4020
-69.0475
-69.1011
-69.1492
-69.5183
-69.2666
-68.4684
-68.2226
-68.1701
-61.7950
-61.7865
-61.8391
-61.8914
-61.9433
-61.9948
-62.0459
-62.1409
-68.2528
-68.3115
-68.3637
-65.9696
-66.0084
-65.8762
-65.9138
-65.9523
-65.9896
-68.3893
-68.4367
-68.4842
-68.5317
-68.5569
-68.6012
-68.6454
-68.6891
-68.7327
-69.3351
-69.3857
-69.4177
-69.4460
-69.4103
-69.4354
-69.0882
-68.8365
-69.1054
-68.8397
-61.6978
-61.6319
-61.6904
-61.7490
-61.7757
-61.7710
-61.8193
-61.9161
-67.7613
-67.8046
-67.8479
-67.8909
-68.2700
-68.3297
-68.3839
-68.4307
-68.4778
-65.9021
-65.9403
-65.9783
-66.0172
-66.0548
-66.0923
-68.5072
-68.5549
-68.9881
-68.6263
-68.6711
-68.7152
-68.7590
-69.3584
-69.4100
-69.4463
-69.1516
-69.1739
-69.1957
-69.1570
-68.8354
-61.5693
-61.6214
-61.6734
-61.6083
-61.6660
-61.7696
-67.9613
-67.6498
-67.7038
-67.7380
-67.7830
-67.8279
-67.8726
-67.9173
-67.9618
-68.3543
-68.4104
-68.4579
-68.5053
-68.2613
-65.9811
-66.0076
-66.0468
-66.0848
-66.1225
-66.1600
-68.5820
-69.0127
-68.6536
-68.6987
-68.7435
-68.4918
-69.0184
-69.0861
-69.1196
-69.1437
-69.1668
-69.1894
-69.2097
-68.8345
-61.5452
-61.6442
-68.2645
-67.8028
-67.8475
-67.9079
-67.9706
-67.7831
-67.8339
-67.7701
-67.8110
-67.8572
-67.9030
-67.9486
-67.9940
-68.3844
-68.4421
-68.4901
-68.5378
-68.2960
-68.3412
-68.3864
-66.0780
-66.1162
-66.1541
-66.1918
-66.2293
-66.2944
-68.3720
-68.4099
-68.4479
-68.4857
-68.9497
-69.0733
-69.1107
-69.1353
-69.1596
-69.1831
-69.2059
-68.8852
-68.2246
-68.2547
-68.2854
-68.3190
-67.8706
-67.9301
-67.9914
-67.8058
-67.8558
-67.9069
-67.9589
-68.0104
-67.9379
-67.9843
-68.0303
-68.4203
-68.4780
-68.5264
-68.5741
-68.3446
-68.3792
-68.4243
-68.4709
-65.9971
-65.9965
-66.0303
-66.0639
-66.0974
-66.1186
-66.1505
-68.4418
-68.4795
-68.9316
-69.0609
-69.1020
-69.1270
-69.1518
-69.1882
-69.3890
-69.7520
-68.0464
-68.2867
-68.3191
-68.3517
-67.9018
-67.9623
-68.0225
-67.8378
-67.8862
-67.9360
-67.9868
-68.0386
-68.0895
-68.0233
-68.0697
-68.4576
-68.5167
-68.5653
-68.6135
-68.3114
-68.0841
-68.1215
-68.1604
-68.1977
-68.2351
-66.0398
-66.0736
-66.1073
-66.1290
-66.1611
-66.1930
-68.4743
-68.5116
-69.1348
-70.0705
-70.0982
-70.1274
-70.1602
-70.2005
-70.5093
-68.2950
-68.3297
-68.3608
-68.3943
-67.9423
-68.0007
-68.0599
-67.8774
-67.9243
-67.9722
-68.0213
-68.0715
-68.1225
-68.1742
-68.2250
-68.1359
-68.1865
-68.2267
-68.2666
-68.3062
-68.0833
-68.1207
-68.1597
-68.1969
-68.2341
-68.2714
-68.3088
-66.1170
-66.1393
-66.2510
-66.7082
-66.7472
-66.7857
-70.3220
-70.4231
-70.4559
-70.4833
-70.5099
-70.5352
-70.5575
-68.1134
-68.3756
-68.4125
-68.2486
-67.9883
-68.0464
-68.1049
-67.9214
-67.9685
-68.0148
-68.0620
-67.7534
-67.7939
-67.8354
-67.8777
-68.2362
-68.1803
-68.2208
-68.2611
-68.3009
-68.0823
-68.1201
-68.1578
-68.1965
-68.2454
-69.1862
-69.5043
-69.5472
-67.0922
-66.8647
-66.8988
-66.9325
-66.9659
-67.2826
-67.3708
-70.5088
-70.6691
-70.6772
-70.6851
-70.6927
-68.1589
-68.2045
-68.2476
-68.4976
-67.8755
-68.0979
-68.1542
-67.5987
-67.6346
-67.6710
-67.7096
-67.7475
-67.7864
-67.8263
-67.8672
-68.2186
-68.2751
-68.3207
-68.2555
-68.3027
-68.4186
-69.3465
-69.3906
-69.4362
-69.4793
-69.5217
-69.5638
-69.6056
-70.1013
-69.6623
-66.9423
-67.4491
-67.4764
-67.3785
-67.4620
-67.4842
-70.6514
-70.6593
-70.6679
-70.6766
-68.4281
-68.4558
-68.2979
-67.9057
-67.6733
-67.7193
-67.6164
-67.5973
-67.6331
-67.6692
-67.7056
-67.7426
-67.7817
-67.8271
-68.1063
-68.4676
-68.7393
-69.6947
-69.7502
-69.6590
-69.3660
-69.4100
-69.4536
-69.4986
-69.5410
-69.5863
-70.3126
-70.3587
-70.4032
-69.8314
-69.8513
-69.8718
-67.0799
-67.3820
-67.4672
-67.4915
-67.5077
-67.5238
-70.6499
-70.6590
