-68.7651 -68.7456 -68.7214 -66.9109 -66.7125 -66.7071 -60.1444 -60.1329 -66.5696 -66.8899 -66.9158 -66.9424 -66.9485 -66.9234 -67.0881 -67.0745 -67.1600 -68.4735 -68.3175 -69.9544 -70.0155 -69.7554 -69.4731 -67.5742 -67.6169 -67.5503 -67.4813 -67.4120 -67.3431 -67.2479 -67.1165 -66.7163 -66.2995 -66.2476 -66.2032 -66.1699 -59.9852 -59.9883 -59.9901 -60.0656
-69.3962 -69.3589 -69.3147 -67.0187 -66.9939 -68.7702 -60.2140 -66.6428 -66.6235 -66.6131 -66.6094 -66.9409 -66.9635 -66.9941 -67.0291 -67.6460 -69.1495 -69.2321 -68.6521 -69.5586 -69.1896 -69.6158 -69.3524 -67.5700 -67.5082 -67.4504 -67.5222 -67.4619 -67.4033 -67.3441 -67.2829 -67.1646 -67.0307 -66.6224 -66.2205 -66.1884 -60.0507 -60.0537 -60.0546 -60.0545
-69.5935 -69.5789 -67.5261 -67.4954 -67.4556 -67.8259 -60.3338 -66.6953 -66.6765 -66.6682 -66.6622 -66.6459 -66.6321 -66.9777 -67.0154 -67.4824 -68.9462 -69.5354 -69.7262 -71.0660 -69.4998 -69.1669 -68.6334 -67.5574 -67.4978 -67.4426 -67.3883 -67.4995 -67.4507 -67.4021 -67.3555 -67.3091 -67.2386 -67.1235 -66.9922 -66.5677 -60.1145 -60.1173 -60.1183 -60.1181
-69.7479 -69.7791 -67.6958 -67.6844 -67.6716 -60.5240 -60.5046 -67.3861 -66.9639 -66.7228 -66.7105 -66.6950 -66.6814 -66.6712 -67.0037 -67.0445 -68.8764 -69.0622 -69.6231 -71.2840 -71.1908 -70.8520 -68.0423 -67.1495 -67.0599 -67.4239 -67.3734 -67.3263 -67.2827 -67.4417 -67.4045 -67.3763 -67.3514 -67.3324 -67.2624 -67.1710 -60.3761 -60.1802 -60.1808 -60.1804
-70.0891 -70.1458 -68.0048 -68.0819 -70.5792 0.0000 0.0000 0.0000 -67.7200 -67.7230 -66.7646 -66.7491 -66.7375 -66.7279 -67.0772 -67.1159 -68.3038 -68.3485 -69.0521 -70.8084 -71.5352 0.0000 0.0000 0.0000 -68.2344 -67.0199 -66.9294 -66.8448 -67.2545 -67.2200 -67.3918 -67.4180 -67.4168 -67.4234 -67.4410 -67.4648 -60.5190 -60.5210 -60.5203 -60.2415
-70.1786 -68.0781 -68.1597 -68.2269 -60.8474 0.0000 0.0000 0.0000 0.0000 0.0000 0.0000 -66.7957 -66.7844 -66.7767 -67.1395 -67.1774 -68.3579 -68.3694 -69.1669 -69.0599 -69.9446 0.0000 0.0000 0.0000 0.0000 -67.0631 -66.9774 -66.8920 -66.8078 -66.7257 -67.1538 -67.1411 -67.3738 -67.4662 -67.5392 -60.6551 0.0000 0.0000 -60.6603 0.0000
-69.8635 -67.9268 -68.1573 -68.3120 0.0000 0.0000 0.0000 0.0000 0.0000 0.0000 0.0000 -66.8355 -66.8243 -67.1540 -67.1884 -68.3429 -68.3918 -68.3741 -69.1774 -69.0159 -69.7962 -71.3408 -71.4308 0.0000 0.0000 -67.1200 -67.0347 -66.9506 -66.8678 -66.7863 -66.7088 -66.6334 -67.1031 -67.1325 -67.4884 -60.6838 0.0000 0.0000 0.0000 0.0000
-69.5830 -67.6807 -67.6712 -68.0287 0.0000 0.0000 -72.5117 -72.5031 -72.5271 -72.8996 0.0000 -66.8807 -66.8696 -67.2120 -67.2448 -68.3912 -68.4157 -68.3920 -69.1377 -68.9629 -69.7923 -70.9951 -71.0449 -70.6154 -69.9787 -67.0249 -66.9515 -66.9978 -66.9190 -66.8394 -66.7624 -66.6898 -66.6219 -66.5574 -67.0914 -60.7125 -76.2072 -79.2056 0.0000 0.0000
-67.7643 -67.7522 -67.7436 -70.9037 -73.3792 -72.4662 -72.2957 -72.1845 -72.1153 -72.2270 -67.2691 -67.2526 -67.5913 -67.2677 -67.2989 -68.4368 -68.4338 -68.4091 -69.0931 -68.9232 -69.7996 -70.7003 -70.4560 -70.0233 -67.1162 -67.0469 -66.9749 -66.9034 -66.9587 -66.8799 -66.8048 -66.7312 -66.6627 -66.6097 -66.5574 -60.5404 -71.5582 -76.0912 0.0000 0.0000
-67.8355 -67.8397 -67.8331 -70.9994 -72.6829 -72.9606 -72.6607 -71.6687 -71.5762 -70.8205 -67.3258 -67.3106 -67.6642 -67.6963 -67.7292 -68.9654 -68.4477 -68.4246 -69.0593 -69.6173 -69.8148 -70.4037 -70.0768 -69.5569 -67.1470 -67.0744 -67.0031 -66.9330 -66.8652 -66.9301 -66.8554 -66.7830 -66.7152 -66.6536 -66.5989 -60.6070 -68.9860 -69.6859 -70.3008 -69.5540
-67.8934 -67.9009 -67.9116 -71.1028 -72.3310 -72.6172 -72.2674 -71.9870 -71.5064 -69.0858 -67.3791 -67.3646 -67.7320 -67.7636 -68.9954 -69.0075 -68.9849 -69.7997 -69.0339 -69.6759 -69.7787 -70.1191 -69.7481 -69.2140 -67.1727 -67.1019 -67.0306 -66.9610 -66.8942 -66.8301 -66.9060 -66.8347 -66.7680 -66.7077 -66.6542 -60.6770 -68.6048 -69.2904 -69.6527 -69.8319
-67.9492 -67.9569 -69.9844 -71.1418 -72.1356 -72.3023 -71.9894 -71.6795 -70.8011 -69.0972 -67.4318 -67.7717 -67.8017 -67.8329 -69.0671 -69.0559 -69.0320 -69.7974 -69.6239 -70.4498 -70.4541 -69.8663 -69.4828 -68.9691 -67.1968 -67.1262 -67.0568 -66.9893 -66.9234 -66.8591 -66.7978 -66.7401 -66.8207 -66.7615 -66.7056 -60.7458 -68.3948 -69.0131 -69.4018 -69.6309
-67.9899 -68.0014 -70.2538 -71.1659 -71.9229 -72.0282 -71.8502 -71.2016 -70.3293 -67.8167 -67.7881 -68.1562 -67.8700 -67.9036 -69.1155 -69.0974 -69.0738 -69.7914 -70.3671 -70.4661 -70.4237 -70.4142 -69.9607 -67.2952 -67.2200 -67.1506 -67.0821 -67.0156 -66.9514 -66.8885 -66.8282 -66.7668 -66.7153 -66.8123 -66.7616 -60.8151 -68.2795 -68.8234 -69.2036 -69.4510
-68.0364 -68.0470 -70.4079 -71.1512 -71.7721 -71.8651 -71.4172 -70.8180 -69.5265 -67.9081 -67.8812 -68.2632 -68.2781 -68.2919 -69.1456 -69.1283 -69.1091 -69.7866 -70.4472 -70.4489 -70.4265 -70.2383 -69.8020 -67.7587 -67.6808 -67.6037 -67.1065 -67.0411 -66.9740 -66.9123 -66.8534 -66.7983 -66.7480 -66.7024 -60.8893 -61.0427 -68.2153 -68.6928 -69.0501 -69.3100
-68.0866 -69.8995 -70.5420 -71.1700 -71.6389 -71.5108 -71.0429 -70.4626 -69.3532 -67.9868 -68.3552 -68.3717 -68.3875 -69.7021 -69.6559 -69.1555 -69.1333 -69.7617 -70.4458 -70.4178 -70.4447 -70.0953 -69.6810 -67.8054 -67.7298 -67.6511 -67.5760 -67.5025 -67.4294 -66.9393 -66.8815 -66.8270 -66.7780 -66.7356 -60.9128 -67.4830 -68.1872 -68.6097 -68.9415 -69.1898
-68.1380 -70.0938 -70.6489 -71.1914 -71.5152 -71.2136 -70.7554 -69.6810 -68.0222 -68.0228 -68.4496 -68.4673 -68.4861 -69.7897 -69.7584 -69.7082 -70.4813 -70.4412 -70.4208 -70.3831 -70.2841 -69.9514 -69.5635 -67.8421 -67.7739 -67.7017 -67.6293 -67.5580 -67.4876 -67.4179 -67.3510 -66.8554 -66.8077 -66.7701 -60.9754 -67.5139 -67.9440 -68.5500 -68.8558 -69.0939
-68.5860 -70.9082 -71.0452 -71.1590 -71.3331 -70.9582 -70.5184 -69.5559 -68.0653 -68.4354 -68.4761 -68.5238 -68.5973 -69.8891 -69.8480 -69.8012 -70.5424 -71.1484 -71.0781 -70.3519 -70.1542 -69.8328 -67.9325 -67.8636 -67.7966 -67.7328 -67.6736 -67.6115 -67.5438 -67.4778 -67.4142 -67.3577 -67.3015 -67.2507 -61.0362 -67.5378 -67.9149 -68.2476 -68.9202 -69.0182
-69.0564 -71.1043 -71.6846 -72.0111 -71.4950 -71.0982 -70.6446 -69.7135 -68.2891 -68.4870 -68.5280 -68.5762 -68.6158 -69.9988 -69.9550 -69.9118 -70.6340 -71.2415 -71.1611 -71.0538 -70.6710 -69.7430 -67.9648 -67.8958 -67.8275 -67.7600 -67.6947 -67.6319 -67.5788 -67.5280 -67.4803 -67.4235 -67.3712 -67.3247 -61.2219 -68.1374 -67.8944 -68.1934 -68.4520 -69.0789
-70.6403 -71.1621 -71.7196 -72.1071 -71.9260 -71.4346 -70.0068 -69.6769 -68.3772 -68.7993 -68.8513 -68.9079 -70.3307 -70.3465 -70.2576 -70.3500 -71.4164 -71.3515 -71.2744 -71.0760 -70.7078 -70.3118 -67.9950 -67.9272 -67.8600 -67.7998 -67.7343 -67.6697 -67.6082 -67.5503 -67.4981 -67.4539 -67.4203 -67.3967 -61.2939 -68.2207 -68.5618 -68.8677 -69.1305 -68.5898
-70.7932 -70.8310 -71.2364 -71.5464 -71.3563 -71.3571 -70.3546 -68.6753 -68.7677 -68.8276 -68.8856 -68.9580 -70.3787 -70.4393 -70.5118 -70.6013 -73.3834 -73.5185 0.0000 -71.1079 -70.7546 -70.3788 -68.5147 -68.4005 -67.9023 -67.8370 -67.7726 -67.7089 -67.6478 -67.5892 -67.5344 -67.4847 -67.4422 -67.4100 -61.3538 -68.2670 -68.6138 -68.9071 -69.1611 -69.3197
-71.1649 -71.8055 -72.2866 -71.6800 -71.5112 -70.6678 -70.4672 -68.6595 -69.0344 -69.0911 -68.6757 -68.7082 -70.3033 -70.3561 -70.4340 -72.0759 -72.3049 -74.9551 0.0000 -71.1140 -70.8172 -68.7427 -68.6464 -68.5425 -68.4309 -68.3078 -67.8108 -67.7487 -67.6890 -67.6318 -67.5780 -67.5286 -67.4852 -67.4492 -61.4138 -68.2745 -68.5254 -68.8097 -69.0824 -69.3395
-69.7867 -71.7391 -72.7596 0.0000 -71.1208 -70.5550 -70.5835 -70.0602 0.0000 0.0000 0.0000 -68.2511 -69.9738 -69.9887 -70.0047 -71.3215 -71.3597 -74.2924 -74.3595 -71.0069 -70.7703 -68.8479 -68.7740 -68.6811 -68.5838 -68.4797 -68.3635 -67.7877 -67.7298 -67.6744 -67.6224 -67.5749 -67.4977 -61.4708 -61.5144 -68.2720 -68.5843 -68.8361 -69.0711 -69.2927
-69.8647 -70.0416 -70.3168 0.0000 -69.7563 -70.0050 -68.8992 -73.5285 0.0000 0.0000 0.0000 -68.2623 -69.3314 -69.3225 -69.3097 -71.6461 -71.8843 -73.6626 -73.1635 -70.8949 -70.6797 -68.8633 -68.8418 -68.8141 -68.7300 -68.6434 -68.5525 -68.4523 -68.3328 -67.6790 -67.6295 -67.5847 -67.5454 -61.5445 -68.1144 -68.3715 -68.6194 -68.8517 -69.0592 -69.2538
-69.9020 -70.0283 -70.3114 -71.6764 -69.2617 -69.0732 -67.9156 -72.0664 -72.6446 -72.2000 -72.2166 -69.2969 -69.2876 -69.2771 -69.4867 -70.5347 -70.7220 -73.3977 -71.2518 -71.1106 -70.9529 -69.1327 -69.1252 -69.1190 -69.1142 -69.0923 -68.7057 -68.6194 -68.5552 -68.4796 -68.4624 -67.6684 -67.6327 -61.6092 -68.1867 -68.4265 -68.6530 -68.8714 -69.0739 -69.2586
-69.9030 -70.1197 -70.2919 -70.0700 -69.1605 -68.9803 -68.4107 -71.4197 -71.8964 -71.9186 -70.9332 -69.2839 -69.2738 -69.2613 -69.4572 -70.5731 -70.6159 -71.2154 -69.8998 -70.8532 -69.0335 -69.0591 -69.0971 -69.0944 -69.1138 -69.1449 -69.1830 -69.2982 -69.3291 -69.4527 0.0000 0.0000 -67.4923 -61.6718 -68.2484 -68.4738 -68.6928 -68.9003 -69.0922 -69.2684
-69.8610 -70.0870 -70.2455 -69.2688 -69.1043 -68.9291 -69.6401 -71.0870 -71.5589 -71.4709 -70.4717 -69.2708 -69.2596 -69.2473 -70.4463 -70.5506 -70.5152 -69.9769 -69.8130 -69.6381 -68.1402 -68.8831 -68.9290 -68.9892 -69.1226 -69.2212 -69.3163 -69.4024 -69.4678 -69.5305 0.0000 -67.5791 -67.5143 -61.6797 -68.0635 -68.2596 -68.7278 -68.9239 -69.1079 -69.2785
-69.9367 -70.0868 -70.0013 -69.2103 -69.0507 -67.9373 -70.2341 -70.8704 -71.2482 -70.9739 -68.2686 -69.2572 -69.2449 -69.4212 -70.4547 -70.4679 -70.3619 -69.8345 -69.6783 -69.5126 -68.1312 -68.1220 -68.0765 -68.8808 -68.9857 -69.1213 -69.2842 -69.4399 -69.5454 0.0000 0.0000 -67.5716 -67.5378 -61.7349 -68.0908 -68.2730 -68.4497 -68.6181 -68.7817 -69.2946
-69.9457 -70.0853 -69.9331 -69.1540 -68.9996 -68.3171 -70.2079 -70.7183 -70.9751 -70.4395 -69.2573 -69.2420 -69.2288 -69.5929 -70.3579 -70.3293 -69.9237 -69.7536 -69.6612 -69.5046 -68.1694 -68.1215 -68.0765 -68.0314 -67.9903 -68.8922 -69.1205 -69.3925 -69.6067 0.0000 0.0000 0.0000 -68.3639 -61.7891 -68.1149 -68.2894 -68.4539 -68.6108 -68.7589 -68.8969
-69.9527 -69.9732 -69.2455 -69.1032 -68.9537 -68.3554 -70.1788 -70.6010 -70.7401 -69.8267 -69.1975 -69.1814 -69.1672 -69.5756 -70.2905 -70.3223 -69.8757 -69.7418 -69.5988 -68.2154 -68.1651 -68.1176 -68.0728 -68.0297 -67.9865 -67.9450 -67.9051 -69.1134 -69.6604 0.0000 0.0000 0.0000 0.0000 0.0000 0.0000 -68.2985 -68.4519 -68.5984 -68.7368 -68.9148
-69.9547 -69.9125 -69.1942 -69.0557 -68.2893 -69.4904 -70.1504 -70.4301 -70.0280 -69.4265 -69.1815 -69.2106 -69.4967 -69.5993 -70.2956 -70.2626 -69.8058 -69.6758 -69.5376 -68.2080 -68.1579 -68.1123 -68.0678 -68.0230 -67.9797 -67.9378 -67.8977 -67.8594 -67.8230 0.0000 0.0000 0.0000 0.0000 0.0000 -70.7652 -68.3058 -68.4897 -68.6281 -68.7590 -68.8815
-69.9518 -69.2757 -69.1455 -68.9720 -68.2928 -69.4735 -70.0700 -70.3185 -69.8061 -68.2868 -69.2140 -69.1987 -69.5095 -70.2637 -70.2398 -69.8609 -69.7374 -69.6110 -69.4772 -68.1988 -68.1490 -68.1018 -68.0571 -68.0120 -67.9681 -67.9257 -67.8849 -67.8462 -67.8129 -71.0173 -71.2979 0.0000 0.0000 0.0000 -68.2973 -68.4302 -68.5823 -68.6124 -68.7342 -68.8482
-69.8498 -69.1878 -69.0618 -68.9309 -68.3209 -69.7193 -70.0969 -69.9697 -69.6026 -69.2152 -69.2013 -69.1882 -69.5106 -70.2113 -70.1845 -69.7906 -69.6703 -69.5475 -69.4190 -68.1866 -68.1369 -68.0897 -68.0449 -67.9996 -67.9558 -67.9132 -67.8724 -67.8324 -69.4447 -70.4746 -70.9005 -71.0743 -71.1374 -70.7166 -68.2607 -68.3984 -68.5391 -68.6757 -68.7772 -68.9060
-69.2649 -69.1452 -69.0620 -69.3056 -68.3813 -69.7546 -70.0735 -69.7928 -69.4454 -69.2021 -69.1849 -69.4362 -69.5045 -70.1590 -69.8355 -69.7223 -69.6057 -69.4867 -68.2216 -68.1725 -68.1228 -68.0756 -68.0306 -67.9853 -67.9413 -67.8983 -67.8549 -67.8138 -69.3931 -70.1119 -70.5315 -70.6648 -70.5716 -70.1566 -68.2378 -68.3290 -68.4672 -68.5969 -68.7214 -68.8432
-69.2688 -69.1509 -69.0296 -68.3562 -69.4392 -69.7771 -69.8276 -69.6464 -69.3214 -69.1882 -69.1697 -69.4379 -69.4814 -70.1075 -69.7668 -69.6566 -69.5424 -69.4260 -68.2059 -68.1567 -68.1070 -68.0596 -68.0145 -67.9692 -67.9233 -67.8779 -67.8215 -67.7804 -69.3216 -69.8887 -70.2626 -70.2154 -70.0870 -69.7629 -68.1877 -68.3044 -68.4278 -68.5485 -68.6660 -68.7796
-69.2407 -69.1232 -69.3432 -68.3858 -69.4659 -69.7925 -69.7839 -69.5254 -68.3085 -69.1745 -69.3838 -69.4344 -69.4480 -69.8260 -69.7012 -69.5922 -69.4805 -69.3669 -68.1889 -68.1396 -68.0896 -68.0421 -67.9968 -67.9360 -67.8893 -67.8441 -67.8008 -67.7597 -69.2689 -69.7200 -70.0465 -69.8012 -69.6838 -69.5475 -68.1658 -68.2728 -68.3877 -68.5001 -68.6092 -68.7161
-63.5942 -63.5258 -63.5536 -63.2539 -69.5843 -69.6568 -69.6752 -69.4266 -69.1824 -69.1624 -69.3871 -69.4289 -69.4169 -69.7422 -69.6377 -69.5311 -69.4209 -69.3096 -68.1711 -68.1124 -68.0600 -68.0099 -67.9621 -67.9140 -67.8672 -67.8219 -67.7786 -67.7374 -69.1737 -69.5506 -69.7292 -69.5132 -69.4183 -69.3817 -68.1408 -68.2385 -68.3450 -68.4492 -68.5514 -68.6496
-63.5750 -63.5072 -63.2772 -63.5222 -63.5360 -63.5038 -63.4478 -69.3495 -69.1779 -69.1547 -69.3909 -69.4179 -69.9976 -69.6823 -69.5792 -69.4729 -69.3567 -68.1957 -68.1429 -68.0907 -68.0380 -67.9877 -67.9395 -67.8910 -67.8440 -67.7986 -67.7266 -67.6919 -69.1317 -69.4428 -69.4855 -69.2845 -69.2151 -69.2481 -68.1118 -68.2010 -68.2997 -68.3970 -68.4889 -68.5758
-63.5594 -63.5816 -63.2754 -63.5237 -63.5304 -63.4909 -63.4161 -63.3200 -63.2535 -63.2621 -63.2275 -69.4002 -69.7332 -69.6265 -69.5203 -69.4117 -69.3011 -68.1765 -68.1228 -68.0698 -68.0163 -67.9653 -67.9164 -67.8676 -67.7975 -67.7529 -67.7111 -68.7334 -69.0815 -69.3459 -69.2796 -69.0989 -69.0533 -69.1340 -68.0800 -68.1616 -68.2504 -68.3366 -68.4192 -68.4998
-63.5441 -63.5706 -63.2745 -63.5254 -63.4959 -63.4762 -63.3875 -63.0549 -63.2394 -63.2513 -63.2154 -63.1696 -63.1980 -63.1321 -63.0650 -69.3652 -69.2538 -68.1612 -68.1057 -68.0510 -67.9961 -67.9440 -67.8718 -67.8239 -67.7769 -67.7324 -67.6901 -68.7404 -69.0302 -69.2571 -69.1047 -68.9456 -68.9193 -69.0310 -68.0311 -68.1139 -68.1950 -68.2732 -68.3497 -68.4239
-69.3270 -69.5764 -63.2730 -63.5249 -63.4884 -63.4504 -63.3633 -63.2755 -63.2284 -63.2412 -63.2021 -63.1061 -63.1739 -63.1085 -63.0420 -62.9746 -62.9063 -62.5927 -68.0955 -68.0144 -67.9585 -67.9058 -67.8553 -67.8058 -67.7583 -67.7127 -67.6694 -68.7343 -68.9789 -69.1424 -68.9547 -68.8135 -68.8008 -68.9151 -67.9889 -68.0646 -68.1379 -68.2102 -68.2809 -68.3503
