-54.0684 -54.1222 -54.1735 -54.2237 -54.2732 -54.3239 -54.3759 -54.4273 -54.5345 -54.5891 -54.6449 -54.6996 -54.7560 -54.8107 -54.8651 -54.9222 -54.9805 -55.0346 -55.0898 -55.1438 -55.1974 -55.2506 -55.3034 -55.3566 -55.4095 -55.4634 -55.5190 -55.5734 -55.6268 -55.6783 -55.7286 -55.7791 -55.8291 -55.8786 -55.9278 -55.9779 -56.0289 -56.0796 -56.1302 -56.1818
-54.0143 -54.0667 -54.1176 -54.1677 -54.2185 -54.2709 -54.3229 -54.4287 -54.4840 -54.5405 -54.5959 -54.6526 -54.7080 -54.7627 -54.8198 -54.8787 -54.9334 -54.9894 -55.0439 -55.0981 -55.1518 -55.2052 -55.2588 -55.3122 -55.3667 -55.4227 -55.4776 -55.5313 -55.5832 -55.6340 -55.6850 -55.7354 -55.7854 -55.8351 -55.8854 -55.9368 -55.9885 -56.0395 -56.0918 -56.1437
-53.9587 -54.0103 -54.0611 -54.1121 -54.1648 -54.2175 -54.3218 -54.3779 -54.4349 -54.4911 -54.5482 -54.6042 -54.6595 -54.7167 -54.7758 -54.8311 -54.8880 -54.9431 -54.9978 -55.0521 -55.1059 -55.1601 -55.2140 -55.2689 -55.3255 -55.3808 -55.4349 -55.4872 -55.5386 -55.5899 -55.6409 -55.6917 -55.7420 -55.7925 -55.8444 -55.8961 -55.9478 -56.0006 -56.0529 -56.1045
-53.9018 -53.9532 -54.0044 -54.0575 -54.1109 -54.1636 -54.2705 -54.3282 -54.3852 -54.4426 -54.4993 -54.5552 -54.6127 -54.6719 -54.7278 -54.7855 -54.8412 -54.8964 -54.9513 -55.0057 -55.0603 -55.1148 -55.1703 -55.2273 -55.2829 -55.3375 -55.3903 -55.4426 -55.4944 -55.5458 -55.5967 -55.6475 -55.6984 -55.7506 -55.8028 -55.8552 -55.9085 -55.9613 -56.0133 -56.0647
-53.8442 -53.8956 -53.9491 -54.0031 -54.0563 -54.1620 -54.2204 -54.2780 -54.3360 -54.3932 -54.4499 -54.5076 -54.5668 -54.6235 -54.6820 -54.7382 -54.7940 -54.8495 -54.9044 -54.9596 -55.0146 -55.0706 -55.1282 -55.1844 -55.2396 -55.2929 -55.3452 -55.3976 -55.4494 -55.5008 -55.5521 -55.6035 -55.6559 -55.7087 -55.7617 -55.8156 -55.8689 -55.9212 -55.9729 -56.0227
-53.7860 -53.8394 -53.8941 -53.9480 -54.0523 -54.1114 -54.1697 -54.2285 -54.2861 -54.3433 -54.4014 -54.4607 -54.5180 -54.5774 -54.6342 -54.6906 -54.7466 -54.8021 -54.8578 -54.9138 -54.9703 -55.0283 -55.0846 -55.1403 -55.1940 -55.2470 -55.2998 -55.3521 -55.4039 -55.4558 -55.5076 -55.5603 -55.6136 -55.6674 -55.7217 -55.7756 -55.8283 -55.8801 -55.9304 -55.9802
-53.7286 -53.7839 -53.8385 -53.8912 -54.0012 -54.0601 -54.1197 -54.1777 -54.2357 -54.2941 -54.3539 -54.4114 -54.4716 -54.5290 -54.5865 -54.6430 -54.6991 -54.7554 -54.8116 -54.8686 -54.9269 -54.9837 -55.0400 -55.0942 -55.1477 -55.2010 -55.2538 -55.3061 -55.3585 -55.4109 -55.4639 -55.5177 -55.5721 -55.6270 -55.6813 -55.7345 -55.7865 -55.8372 -55.8875 -55.9374
-53.6724 -53.7278 -53.7810 -53.8897 -53.9494 -54.0097 -54.0682 -54.1268 -54.1856 -54.2459 -54.3041 -54.3651 -54.4232 -54.4808 -54.5380 -54.5947 -54.6515 -54.7083 -54.7658 -54.8244 -54.8818 -54.9386 -54.9934 -55.0474 -55.1012 -55.1545 -55.2073 -55.2603 -55.3131 -55.3665 -55.4208 -55.4760 -55.5314 -55.5861 -55.6398 -55.6920 -55.7431 -55.7938 -55.8442 -55.8946
-53.6157 -53.6695 -53.7770 -53.8374 -53.8985 -53.9574 -54.0171 -54.0763 -54.1372 -54.1952 -54.2571 -54.3158 -54.3741 -54.4318 -54.4891 -54.5466 -54.6039 -54.6617 -54.7208 -54.7788 -54.8363 -54.8915 -54.9461 -55.0004 -55.0542 -55.1076 -55.1611 -55.2144 -55.2681 -55.3229 -55.3789 -55.4348 -55.4900 -55.5442 -55.5966 -55.6481 -55.6993 -55.7501 -55.8012 -55.8527
-53.5568 -53.6130 -53.7245 -53.7864 -53.8458 -53.9058 -53.9653 -54.0269 -54.0884 -54.1476 -54.2072 -54.2661 -54.3245 -54.3825 -54.4405 -54.4984 -54.5564 -54.6161 -54.6748 -54.7328 -54.7886 -54.8437 -54.8986 -54.9529 -55.0068 -55.0610 -55.1147 -55.1687 -55.2241 -55.2809 -55.3373 -55.3929 -55.4476 -55.5002 -55.5522 -55.6039 -55.6551 -55.7070 -55.7589 -55.8108
-53.4999 -53.6099 -53.6727 -53.7325 -53.7933 -53.8533 -53.9154 -53.9776 -54.0370 -54.0975 -54.1570 -54.2161 -54.2746 -54.3332 -54.3918 -54.4500 -54.5103 -54.5697 -54.6283 -54.6846 -54.7403 -54.7957 -54.8506 -54.9049 -54.9598 -55.0141 -55.0684 -55.1244 -55.1818 -55.2388 -55.2949 -55.3500 -55.4029 -55.4554 -55.5075 -55.5591 -55.6119 -55.6642 -55.7171 -55.7707
-53.4940 -53.5575 -53.6179 -53.6794 -53.7402 -53.8026 -53.8655 -53.9251 -53.9865 -54.0467 -54.1064 -54.1656 -54.2248 -54.2837 -54.3424 -54.4034 -54.4634 -54.5227 -54.5796 -54.6358 -54.6918 -54.7472 -54.8021 -54.8575 -54.9123 -54.9670 -55.0238 -55.0818 -55.1394 -55.1959 -55.2512 -55.3046 -55.3576 -55.4101 -55.4625 -55.5158 -55.5686 -55.6224 -55.6765 -55.7311
-53.4410 -53.5020 -53.5642 -53.6258 -53.6886 -53.7522 -53.8120 -53.8743 -53.9352 -53.9955 -54.0554 -54.1152 -54.1744 -54.2337 -54.2954 -54.3560 -54.4159 -54.4734 -54.5302 -54.5868 -54.6427 -54.6982 -54.7542 -54.8096 -54.8648 -54.9222 -54.9808 -55.0389 -55.0959 -55.1514 -55.2053 -55.2588 -55.3118 -55.3650 -55.4188 -55.4720 -55.5268 -55.5815 -55.6367 -55.6915
-53.3850 -53.4477 -53.5100 -53.5733 -53.6375 -53.6980 -53.7608 -53.8224 -53.8834 -53.9440 -54.0044 -54.0639 -54.1238 -54.1861 -54.2474 -54.3080 -54.3660 -54.4235 -54.4806 -54.5371 -54.5932 -54.6498 -54.7057 -54.7615 -54.8196 -54.8788 -54.9374 -54.9948 -55.0506 -55.1051 -55.1590 -55.2125 -55.2665 -55.3208 -55.3747 -55.4303 -55.4858 -55.5415 -55.5967 -55.6506
-53.3298 -53.3929 -53.4567 -53.5216 -53.5828 -53.6460 -53.7083 -53.7700 -53.8313 -53.8920 -53.9522 -54.0126 -54.0757 -54.1376 -54.1989 -54.2575 -54.3156 -54.3733 -54.4304 -54.4872 -54.5443 -54.6008 -54.6572 -54.7158 -54.7756 -54.8348 -54.8927 -54.9488 -55.0038 -55.0582 -55.1122 -55.1671 -55.2218 -55.2768 -55.3329 -55.3891 -55.4453 -55.5010 -55.5552 -55.6088
-53.2744 -53.3386 -53.4042 -53.4663 -53.5298 -53.5929 -53.6553 -53.7173 -53.7784 -53.8392 -53.9003 -53.9640 -54.0266 -54.0886 -54.1478 -54.2065 -54.2648 -54.3225 -54.3800 -54.4377 -54.4947 -54.5518 -54.6110 -54.6715 -54.7311 -54.7896 -54.8459 -54.9014 -54.9564 -55.0109 -55.0666 -55.1218 -55.1778 -55.2344 -55.2915 -55.3482 -55.4041 -55.4588 -55.5128 -55.5664
-53.2192 -53.2855 -53.3483 -53.4125 -53.4761 -53.5393 -53.6019 -53.6634 -53.7249 -53.7866 -53.8510 -53.9144 -53.9771 -54.0368 -54.0963 -54.1552 -54.2134 -54.2716 -54.3299 -54.3876 -54.4453 -54.5051 -54.5662 -54.6263 -54.6853 -54.7419 -54.7980 -54.8535 -54.9088 -54.9651 -55.0208 -55.0779 -55.1351 -55.1929 -55.2502 -55.3062 -55.3614 -55.4159 -55.4699 -55.5239
-53.1654 -53.2290 -53.2941 -53.3580 -53.4219 -53.4849 -53.5471 -53.6093 -53.6716 -53.7368 -53.8009 -53.8643 -53.9247 -53.9848 -54.0443 -54.1031 -54.1620 -54.2209 -54.2793 -54.3376 -54.3981 -54.4598 -54.5204 -54.5796 -54.6368 -54.6935 -54.7495 -54.8057 -54.8625 -54.9188 -54.9769 -55.0350 -55.0933 -55.1511 -55.2074 -55.2630 -55.3179 -55.3725 -55.4273 -55.4822
-53.1083 -53.1744 -53.2384 -53.3032 -53.3665 -53.4294 -53.4924 -53.5553 -53.6212 -53.6861 -53.7502 -53.8112 -53.8720 -53.9321 -53.9916 -54.0512 -54.1107 -54.1698 -54.2288 -54.2899 -54.3522 -54.4133 -54.4728 -54.5305 -54.5878 -54.6444 -54.7015 -54.7589 -54.8161 -54.8749 -54.9338 -54.9927 -55.0509 -55.1076 -55.1636 -55.2190 -55.2740 -55.3297 -55.3851 -55.4411
-53.0531 -53.1174 -53.1828 -53.2468 -53.3104 -53.3740 -53.4376 -53.5043 -53.5699 -53.6348 -53.6964 -53.7579 -53.8187 -53.8788 -53.9392 -53.9993 -54.0591 -54.1190 -54.1805 -54.2435 -54.3051 -54.3649 -54.4232 -54.4810 -54.5382 -54.5962 -54.6541 -54.7125 -54.7719 -54.8316 -54.8911 -54.9495 -55.0067 -55.0632 -55.1191 -55.1749 -55.2311 -55.2873 -55.3438 -55.3998
-52.9953 -53.0608 -53.1255 -53.1898 -53.2542 -53.3185 -53.3860 -53.4524 -53.5180 -53.5803 -53.6425 -53.7040 -53.7648 -53.8259 -53.8867 -53.9471 -54.0080 -54.0699 -54.1336 -54.1957 -54.2557 -54.3146 -54.3730 -54.4308 -54.4898 -54.5483 -54.6078 -54.6678 -54.7284 -54.7884 -54.8471 -54.9048 -54.9617 -55.0181 -55.0747 -55.1314 -55.1886 -55.2455 -55.3017 -55.3576
-52.9373 -53.0028 -53.0679 -53.1330 -53.1979 -53.2662 -53.3335 -53.3998 -53.4629 -53.5257 -53.5879 -53.6494 -53.7113 -53.7727 -53.8339 -53.8957 -53.9583 -54.0223 -54.0850 -54.1453 -54.2048 -54.2638 -54.3226 -54.3822 -54.4412 -54.5019 -54.5629 -54.6240 -54.6847 -54.7436 -54.8017 -54.8591 -54.9160 -54.9735 -55.0309 -55.0888 -55.1463 -55.2025 -55.2591 -55.3160
-52.8785 -52.9444 -53.0103 -53.0759 -53.1450 -53.2131 -53.2802 -53.3440 -53.4076 -53.4704 -53.5326 -53.5953 -53.6574 -53.7194 -53.7821 -53.8454 -53.9097 -53.9731 -54.0337 -54.0938 -54.1534 -54.2131 -54.2734 -54.3332 -54.3949 -54.4568 -54.5186 -54.5796 -54.6389 -54.6975 -54.7554 -54.8130 -54.8712 -54.9296 -54.9880 -55.0460 -55.1023 -55.1596 -55.2174 -55.2747
-52.8193 -52.8860 -52.9524 -53.0224 -53.0913 -53.1591 -53.2237 -53.2880 -53.3516 -53.4144 -53.4780 -53.5408 -53.6035 -53.6672 -53.7313 -53.7959 -53.8596 -53.9208 -53.9815 -54.0417 -54.1025 -54.1634 -54.2243 -54.2868 -54.3495 -54.4120 -54.4732 -54.5331 -54.5921 -54.6505 -54.7091 -54.7679 -54.8272 -54.8862 -54.9443 -55.0011 -55.0594 -55.1177 -55.1755 -55.2332
-52.7602 -52.8273 -52.8982 -52.9679 -53.0366 -53.1019 -53.1669 -53.2313 -53.2949 -53.3592 -53.4227 -53.4863 -53.5510 -53.6158 -53.6807 -53.7447 -53.8066 -53.8679 -53.9287 -53.9906 -54.0521 -54.1143 -54.1775 -54.2411 -54.3042 -54.3657 -54.4261 -54.4855 -54.5445 -54.6040 -54.6636 -54.7237 -54.7832 -54.8414 -54.8989 -54.9581 -55.0170 -55.0754 -55.1337 -55.1912
-52.7006 -52.7724 -52.8430 -52.9125 -52.9786 -53.0444 -53.1095 -53.1740 -53.2390 -53.3033 -53.3677 -53.4334 -53.4989 -53.5641 -53.6284 -53.6910 -53.7530 -53.8145 -53.8774 -53.9396 -54.0031 -54.0672 -54.1315 -54.1953 -54.2570 -54.3177 -54.3777 -54.4375 -54.4979 -54.5584 -54.6191 -54.6792 -54.7375 -54.7959 -54.8558 -54.9152 -54.9744 -55.0332 -55.0909 -55.1482
-52.6450 -52.7166 -52.7868 -52.8538 -52.9204 -52.9862 -53.0515 -53.1174 -53.1824 -53.2476 -53.3144 -53.3807 -53.4462 -53.5109 -53.5741 -53.6368 -53.6993 -53.7629 -53.8258 -53.8906 -53.9557 -54.0207 -54.0848 -54.1469 -54.2081 -54.2688 -54.3295 -54.3905 -54.4521 -54.5134 -54.5735 -54.6324 -54.6919 -54.7524 -54.8124 -54.8722 -54.9314 -54.9896 -55.0474 -55.1061
-52.5885 -52.6596 -52.7274 -52.7948 -52.8613 -52.9276 -52.9942 -53.0601 -53.1264 -53.1940 -53.2611 -53.3269 -53.3918 -53.4558 -53.5191 -53.5828 -53.6470 -53.7109 -53.7768 -53.8429 -53.9086 -53.9729 -54.0355 -54.0973 -54.1586 -54.2204 -54.2822 -54.3447 -54.4065 -54.4668 -54.5261 -54.5868 -54.6479 -54.7086 -54.7691 -54.8284 -54.8872 -54.9459 -55.0056 -55.0651
-52.5307 -52.5994 -52.6675 -52.7349 -52.8021 -52.8695 -52.9363 -53.0037 -53.0721 -53.1399 -53.2061 -53.2714 -53.3360 -53.4001 -53.4648 -53.5298 -53.5951 -53.6618 -53.7288 -53.7952 -53.8596 -53.9228 -53.9852 -54.0472 -54.1100 -54.1729 -54.2360 -54.2983 -54.3588 -54.4191 -54.4806 -54.5423 -54.6037 -54.6646 -54.7243 -54.7837 -54.8439 -54.9041 -54.9645 -55.0246
-52.4697 -52.5387 -52.6068 -52.6750 -52.7432 -52.8109 -52.8794 -52.9487 -53.0171 -53.0835 -53.1494 -53.2148 -53.2796 -53.3455 -53.4111 -53.4778 -53.5456 -53.6134 -53.6802 -53.7449 -53.8087 -53.8719 -53.9350 -53.9984 -54.0625 -54.1261 -54.1885 -54.2496 -54.3109 -54.3732 -54.4356 -54.4978 -54.5588 -54.6191 -54.6794 -54.7407 -54.8017 -54.8628 -54.9234 -54.9828
-52.4081 -52.4771 -52.5462 -52.6153 -52.6839 -52.7536 -52.8237 -52.8928 -52.9596 -53.0259 -53.0921 -53.1576 -53.2247 -53.2911 -53.3592 -53.4280 -53.4965 -53.5636 -53.6290 -53.6934 -53.7572 -53.8214 -53.8857 -53.9507 -54.0150 -54.0775 -54.1392 -54.2016 -54.2646 -54.3279 -54.3905 -54.4519 -54.5129 -54.5745 -54.6364 -54.6984 -54.7601 -54.8210 -54.8806 -54.9396
-52.3457 -52.4158 -52.4857 -52.5553 -52.6261 -52.6972 -52.7669 -52.8341 -52.9009 -52.9678 -53.0345 -53.1024 -53.1695 -53.2391 -53.3090 -53.3781 -53.4456 -53.5116 -53.5767 -53.6413 -53.7065 -53.7720 -53.8376 -53.9023 -53.9653 -54.0279 -54.0910 -54.1549 -54.2189 -54.2818 -54.3438 -54.4055 -54.4685 -54.5312 -54.5940 -54.6562 -54.7171 -54.7772 -54.8368 -54.8959
-52.2837 -52.3544 -52.4250 -52.4970 -52.5690 -52.6395 -52.7069 -52.7743 -52.8419 -52.9099 -52.9786 -53.0471 -53.1177 -53.1884 -53.2583 -53.3261 -53.3927 -53.4586 -53.5242 -53.5902 -53.6570 -53.7232 -53.7881 -53.8518 -53.9154 -53.9792 -54.0441 -54.1088 -54.1719 -54.2346 -54.2977 -54.3613 -54.4250 -54.4884 -54.5510 -54.6121 -54.6727 -54.7329 -54.7925 -54.8521
-52.2214 -52.2930 -52.3663 -52.4392 -52.5103 -52.5782 -52.6460 -52.7145 -52.7838 -52.8532 -52.9233 -52.9948 -53.0664 -53.1369 -53.2052 -53.2724 -53.3391 -53.4058 -53.4729 -53.5406 -53.6075 -53.6726 -53.7368 -53.8016 -53.8661 -53.9320 -53.9969 -54.0607 -54.1241 -54.1887 -54.2531 -54.3176 -54.3816 -54.4442 -54.5059 -54.5671 -54.6278 -54.6881 -54.7486 -54.8089
-52.1593 -52.2338 -52.3076 -52.3794 -52.4477 -52.5160 -52.5853 -52.6559 -52.7262 -52.7978 -52.8705 -52.9427 -53.0136 -53.0827 -53.1507 -53.2181 -53.2860 -53.3544 -53.4227 -53.4901 -53.5556 -53.6209 -53.6865 -53.7520 -53.8187 -53.8838 -53.9483 -54.0131 -54.0784 -54.1439 -54.2091 -54.2734 -54.3363 -54.3986 -54.4603 -54.5216 -54.5829 -54.6440 -54.7060 -54.7681
-52.0995 -52.1743 -52.2465 -52.3156 -52.3844 -52.4546 -52.5265 -52.5975 -52.6707 -52.7445 -52.8175 -52.8889 -52.9587 -53.0274 -53.0959 -53.1647 -53.2344 -53.3035 -53.3710 -53.4375 -53.5036 -53.5700 -53.6366 -53.7036 -53.7694 -53.8346 -53.9009 -53.9672 -54.0335 -54.0992 -54.1636 -54.2271 -54.2900 -54.3524 -54.4144 -54.4766 -54.5390 -54.6021 -54.6648 -54.7278
-52.0390 -52.1117 -52.1816 -52.2509 -52.3225 -52.3953 -52.4674 -52.5420 -52.6168 -52.6906 -52.7625 -52.8330 -52.9026 -52.9722 -53.0423 -53.1129 -53.1827 -53.2505 -53.3174 -53.3850 -53.4522 -53.5199 -53.5871 -53.6536 -53.7202 -53.7874 -53.8548 -53.9218 -53.9879 -54.0525 -54.1166 -54.1802 -54.2431 -54.3063 -54.3692 -54.4333 -54.4971 -54.5608 -54.6247 -54.6878
-51.9750 -52.0458 -52.1156 -52.1886 -52.2623 -52.3361 -52.4118 -52.4875 -52.5619 -52.6345 -52.7057 -52.7762 -52.8470 -52.9185 -52.9899 -53.0601 -53.1285 -53.1965 -53.2649 -53.3332 -53.4014 -53.4692 -53.5365 -53.6047 -53.6729 -53.7411 -53.8088 -53.8749 -53.9402 -54.0049 -54.0691 -54.1331 -54.1970 -54.2617 -54.3265 -54.3910 -54.4559 -54.5205 -54.5838 -54.6466
-51.9081 -51.9787 -52.0529 -52.1275 -52.2030 -52.2799 -52.3564 -52.4314 -52.5047 -52.5768 -52.6483 -52.7202 -52.7931 -52.8653 -52.9357 -53.0053 -53.0741 -53.1433 -53.2127 -53.2813 -53.3499 -53.4185 -53.4877 -53.5571 -53.6261 -53.6941 -53.7606 -53.8265 -53.8919 -53.9568 -54.0219 -54.0871 -54.1530 -54.2186 -54.2843 -54.3501 -54.4148 -54.4787 -54.5421 -54.6044
-51.8399 -51.9153 -51.9909 -52.0680 -52.1461 -52.2235 -52.2991 -52.3731 -52.4462 -52.5190 -52.5923 -52.6661 -52.7391 -52.8098 -52.8806 -52.9502 -53.0205 -53.0906 -53.1598 -53.2292 -53.2993 -53.3697 -53.4400 -53.5096 -53.5777 -53.6449 -53.7115 -53.7775 -53.8436 -53.9095 -53.9764 -54.0432 -54.1097 -54.1767 -54.2429 -54.3079 -54.3724 -54.4360 -54.4989 -54.5619
