-65.3346 -65.3303 -65.2662 -65.1668 -65.1016 -65.0393 -64.9782 -64.9174 -64.8691 -64.8171 -64.7836 -64.8773 -64.8457 -64.8280 -64.8199 -64.8202 -64.6969 -64.6438 -64.6878 -63.7423 -63.7471 -63.7582 -63.7756 -63.7962 -63.7985 -63.8249 -63.9016 -63.9297 -63.8905 -63.9810 -63.9191 -63.8584 -63.7989 -63.7086 -63.6477 -63.5926 -63.5893 -63.5449 -63.4059 -63.4019
-65.3941 -65.3307 -65.2276 -65.1642 -65.1006 -65.0369 -64.8208 -64.9118 -64.8579 -64.8094 -64.7635 -64.8434 -64.8058 -64.7758 -64.7562 -64.6447 -64.6481 -64.7222 -64.6671 -63.6862 -63.6647 -63.6725 -63.6867 -63.7053 -63.7752 -63.7990 -63.8037 -63.8304 -63.8620 -63.9528 -63.8899 -63.8279 -63.7669 -63.6739 -63.6102 -63.5514 -63.5260 -63.4992 -63.3664 -63.3318
-65.3560 -65.2918 -65.2292 -65.1658 -64.9407 -65.0361 -64.9785 -64.9204 -64.8629 -64.8094 -64.8921 -64.8270 -64.7718 -64.7355 -64.5989 -64.5783 -64.6742 -64.6782 -64.6477 -64.5905 -63.6082 -63.5886 -63.6493 -63.6628 -63.6807 -63.7023 -63.7273 -63.7310 -63.7612 -63.9253 -63.8616 -63.7986 -63.7359 -63.6432 -63.5567 -63.5181 -63.5048 -63.4492 -63.3096 -63.2673
-65.3551 -65.2942 -65.2299 -65.1692 -65.1101 -65.0525 -64.9935 -64.9334 -64.8731 -64.8156 -64.8929 -64.8203 -64.6463 -64.5917 -64.6619 -64.6273 -64.6079 -64.6029 -64.6084 -64.5706 -64.5804 -63.5591 -63.5633 -63.5726 -63.5873 -63.6063 -63.6290 -63.6529 -63.7175 -63.8359 -63.8338 -63.7698 -63.6866 -63.6168 -63.5452 -63.4796 -63.4646 -63.4029 -63.2576 -63.2083
-65.3577 -65.2974 -65.2405 -65.1863 -65.1300 -65.0717 -65.0117 -64.9502 -64.8877 -64.8272 -64.9005 -64.7072 -64.6370 -64.6831 -64.6255 -64.5809 -64.5542 -64.5352 -64.5968 -64.5997 -64.5619 -64.5061 -63.4810 -63.4851 -63.4954 -63.5111 -63.5312 -63.5529 -63.6141 -63.7528 -63.7607 -63.7473 -63.6813 -63.5839 -63.5107 -63.4431 -63.4253 -63.3601 -63.2097 -63.1529
-65.3638 -65.3145 -65.2629 -65.2087 -65.1523 -65.0936 -65.0327 -64.9701 -64.9060 -64.7236 -64.7924 -64.8305 -64.7518 -64.6792 -64.6113 -64.5525 -64.5753 -64.5466 -64.5276 -64.5195 -64.5285 -64.4895 -64.4336 -63.4011 -63.4062 -63.4175 -63.4343 -63.4534 -63.5108 -63.6512 -63.6797 -63.6889 -63.6509 -63.5521 -63.4775 -63.4082 -63.3883 -63.3201 -63.1655 -63.1031
-65.3872 -65.3385 -65.2872 -65.2332 -65.1767 -65.1178 -65.0565 -64.9931 -64.8012 -64.7393 -64.9318 -64.8491 -64.7632 -64.6823 -64.6789 -64.6082 -64.5464 -64.4977 -64.4700 -64.4487 -64.4461 -64.4604 -64.4149 -64.3591 -63.3207 -63.3266 -63.3390 -63.3587 -63.4111 -63.5419 -63.5686 -63.5995 -63.6339 -63.5211 -63.4455 -63.3761 -63.3531 -63.2823 -63.1215 -63.0756
-65.4126 -65.3644 -65.3134 -65.2597 -65.2033 -65.1442 -65.0826 -64.8849 -64.9527 -65.0439 -64.9563 -64.8683 -64.8577 -64.7706 -64.6845 -64.6041 -64.5316 -64.4692 -64.4202 -64.3836 -64.3738 -64.3764 -64.3906 -64.3405 -64.2841 -63.2434 -63.2489 -63.2588 -63.3064 -63.4331 -63.4577 -63.4866 -63.5196 -63.5143 -63.4144 -63.3438 -63.3182 -63.2666 -63.1013 -62.9729
-65.4452 -65.3923 -65.3415 -65.2881 -65.2320 -65.0288 -64.9695 -65.0494 -64.9826 -65.0689 -65.0684 -64.9767 -64.8811 -64.7879 -64.6971 -64.6103 -64.5283 -64.4543 -64.3915 -64.3398 -64.3078 -64.3027 -64.3047 -64.3263 -64.2685 -64.2095 -63.1571 -63.1976 -63.2034 -63.3254 -63.3472 -63.3741 -63.4050 -63.4065 -63.4078 -63.3570 -63.3064 -63.1653 -63.0020 -62.9317
-65.4740 -65.4270 -65.3771 -65.3186 -65.1099 -65.0556 -65.1446 -65.0800 -65.1033 -65.1905 -65.1009 -65.0057 -64.9070 -64.8090 -64.7147 -64.6241 -64.5348 -64.4516 -64.3771 -64.3111 -64.2633 -64.2401 -64.2298 -64.2343 -64.2481 -64.1876 -64.1280 -63.1029 -63.1031 -63.2193 -63.2377 -63.2618 -63.2899 -63.3131 -63.3398 -63.3238 -63.2293 -63.1308 -62.9670 -62.8942
-65.5044 -65.4581 -65.2448 -65.1947 -65.3028 -65.2391 -65.2755 -65.2081 -65.1397 -65.2274 -65.1349 -65.0376 -64.9382 -64.8375 -64.7394 -64.6447 -64.5500 -64.4593 -64.3753 -64.3370 -64.2368 -64.1911 -64.1575 -64.1470 -64.1580 -64.1675 -64.1062 -63.0362 -63.0068 -63.1161 -63.1295 -63.1741 -63.1979 -63.1946 -63.1506 -63.1843 -63.1975 -63.1217 -62.9352 -62.8595
-65.5363 -65.3172 -65.2731 -65.3923 -65.4444 -65.3831 -65.3147 -65.2472 -65.1768 -65.2647 -65.1713 -65.0741 -64.9748 -64.8698 -64.7691 -64.6711 -64.5721 -64.5151 -64.3859 -64.2993 -64.2189 -64.1581 -64.1082 -64.0807 -64.0693 -64.0816 -64.0865 -64.0637 -62.9383 -63.0414 -63.0470 -63.0606 -63.0136 -63.0088 -63.0333 -63.0650 -63.1483 -63.0913 -62.9230 -62.8394
-65.3886 -65.5273 -65.5939 -65.5406 -65.4850 -65.4242 -65.3601 -65.2929 -65.4005 -65.3054 -65.2119 -65.1130 -65.0125 -64.9060 -64.8033 -64.7452 -64.6012 -64.4986 -64.3995 -64.3051 -64.2150 -64.1414 -64.0758 -64.0309 -64.0022 -63.9915 -64.0054 -64.0766 -63.9994 -62.9438 -62.8750 -62.8828 -62.9019 -62.9276 -62.9170 -62.9457 -63.0244 -63.0612 -62.9025 -62.8255
-65.7305 -65.6835 -65.6343 -65.5826 -65.5255 -65.4652 -65.4015 -65.3339 -65.4509 -65.3560 -65.2546 -65.1549 -65.0535 -64.9922 -64.8413 -64.7363 -64.6296 -64.5240 -64.4203 -64.3206 -64.2228 -64.1389 -64.0599 -63.9988 -63.9519 -63.9579 -63.9446 -63.9870 -63.8857 -63.9468 -62.7783 -62.7805 -62.7959 -62.8147 -62.7996 -62.8248 -62.9124 -62.9494 -62.8720 -62.6983
-65.7698 -65.7272 -65.6774 -65.6244 -65.5680 -65.5081 -65.4442 -65.3786 -65.4979 -65.4019 -65.3067 -65.2508 -65.0937 -64.9847 -64.8771 -64.7711 -64.6627 -64.5545 -64.4479 -64.3442 -64.2404 -64.1463 -64.0590 -64.0219 -63.9536 -63.9019 -63.9515 -63.8041 -63.8055 -63.9272 -63.8597 -62.6846 -62.6906 -62.7044 -62.6947 -62.7183 -62.7904 -62.7247 -62.6705 -62.6511
-65.8180 -65.7726 -65.7201 -65.6678 -65.6121 -65.5522 -65.4906 -65.4247 -65.5465 -65.5059 -65.4073 -65.2484 -65.1405 -65.0246 -64.9165 -64.8068 -64.6995 -64.5902 -64.4814 -64.3746 -64.2665 -64.2087 -64.1081 -64.0170 -63.9343 -63.7722 -63.8964 -63.7321 -63.7159 -63.8556 -63.8395 -63.7749 -62.6014 -62.6103 -62.5813 -62.6000 -62.5699 -62.5985 -62.5438 -62.5657
-65.8605 -65.8160 -65.7681 -65.7156 -65.6573 -65.5999 -65.5382 -65.7521 -65.6547 -65.4933 -65.3918 -65.2915 -65.1836 -65.0742 -64.9586 -64.8487 -64.7408 -64.6303 -64.5200 -64.4596 -64.3421 -64.2314 -64.1273 -63.9248 -63.8370 -63.7599 -63.8642 -63.6789 -63.6425 -63.7630 -63.7899 -63.7658 -63.7025 -62.5085 -62.3752 -62.3863 -62.4480 -62.3884 -62.4169 -62.4370
-65.9045 -65.8610 -65.8130 -65.7626 -65.7098 -65.7143 -65.6466 -65.7342 -65.6372 -65.5382 -65.4370 -65.3371 -65.2294 -65.1221 -65.0107 -64.9007 -64.7856 -64.7295 -64.6117 -64.4947 -64.3753 -64.1504 -64.0495 -63.9485 -63.8520 -63.7630 -63.8519 -63.6462 -63.6017 -63.7048 -63.6988 -63.7169 -63.6771 -63.4823 -62.2701 -62.2736 -62.3287 -62.2656 -62.2905 -62.3081
-67.6338 -65.9064 -65.8607 -65.8785 -65.8224 -65.6903 -65.6272 -65.7840 -65.6838 -65.5854 -65.4847 -65.3852 -65.2773 -65.1706 -65.0594 -65.0118 -64.8968 -64.7773 -64.6519 -64.4119 -64.2971 -64.1913 -64.0874 -63.9831 -63.8772 -63.7791 -63.8709 -63.6513 -63.5711 -63.6492 -63.6208 -63.4835 -63.5025 -63.4525 -63.3379 -62.1665 -62.2132 -62.1453 -62.1655 -62.1796
-67.6753 -67.7681 -67.7534 -65.8466 -65.7912 -65.7327 -65.6711 -65.8320 -65.7365 -65.6386 -65.5340 -65.4321 -65.3280 -65.2929 -65.1754 -65.0566 -64.9402 -64.6859 -64.5740 -64.4592 -64.3466 -64.2424 -64.1319 -64.0229 -63.9265 -63.9928 -63.8958 -63.6561 -63.5586 -63.4784 -63.4279 -63.4019 -63.3989 -63.4210 -63.3078 -62.0844 -62.1034 -62.0287 -62.0429 -62.0525
-67.8448 -67.6949 -67.6709 -67.6426 -67.6185 -65.7768 -65.7168 -65.8820 -65.7872 -65.6895 -65.5900 -65.5698 -65.4559 -65.3399 -65.2198 -64.9509 -64.8443 -64.7346 -64.6267 -64.5233 -64.4056 -64.2896 -64.1938 -64.0899 -63.9777 -64.0555 -63.9296 -63.6758 -63.4236 -63.4638 -63.3921 -63.3426 -63.3160 -63.3173 -63.2875 -63.2107 -62.0190 -61.9177 -61.9241 -61.9277
-67.7742 -67.7534 -67.7286 -67.7001 -67.6685 -67.6355 -68.0048 -65.9339 -65.8391 -65.8350 -65.7306 -65.6183 -65.5044 -65.3852 -65.1057 -65.0009 -64.8945 -64.7938 -64.6826 -64.5750 -64.4735 -64.3765 -64.2648 -64.1433 -64.0288 -64.1197 -63.8138 -63.5577 -63.4410 -63.4695 -63.3796 -63.3057 -63.2564 -63.2332 -63.1813 -63.1913 -63.1672 -61.8095 -61.8052 -61.8066
-66.1376 -67.8239 -67.8019 -67.7752 -67.7436 -67.7074 -68.0795 -68.1554 -68.0532 -65.8846 -65.7740 -65.6627 -65.3705 -65.2703 -65.1659 -65.0617 -64.9519 -64.8485 -64.7544 -64.6617 -64.5453 -64.4365 -64.3248 -64.2079 -64.0893 -64.0123 -63.8605 -63.5962 -63.4735 -63.4928 -63.3883 -63.2952 -63.2224 -63.1733 -63.0953 -63.0955 -63.1487 -62.9642 -61.7004 -61.7704
-66.1448 -66.1064 -66.0648 -67.7690 -67.7913 -67.9736 -68.3651 -68.2514 -68.1283 -68.0053 -67.5592 -65.5231 -65.4262 -65.3294 -65.2261 -65.1204 -65.0278 -64.9392 -64.8292 -64.7241 -64.6087 -64.5009 -64.3924 -64.0874 -63.9773 -64.0888 -63.9153 -63.6440 -63.5162 -63.5309 -63.4132 -63.3069 -63.2140 -63.1403 -63.0344 -63.0081 -63.0652 -63.0096 -62.9373 -61.6382
-66.1823 -66.1459 -66.1065 -66.1905 -66.1371 -67.9200 -68.3544 -68.3199 -67.8768 -67.7759 -67.6690 -67.5641 -67.4610 -65.3857 -65.2971 -65.2141 -65.1059 -65.0057 -64.8973 -64.7899 -64.6789 -64.3626 -64.2591 -64.1468 -64.0834 -64.1715 -63.9840 -63.7017 -63.5776 -63.5817 -63.4560 -63.3382 -63.2293 -63.1344 -63.0013 -62.8944 -63.0532 -62.9617 -62.9297 -62.8233
-66.2232 -66.3271 -66.2825 -66.2340 -66.1725 -66.1091 -66.0848 -65.9951 -67.8243 -67.8126 -67.8148 -67.7107 -67.6207 -67.5461 -67.4133 -67.2970 -65.1692 -65.0708 -64.9680 -64.8645 -64.5296 -64.4232 -64.3216 -64.2105 -64.1476 -64.2599 -64.0525 -63.7717 -63.6580 -63.6410 -63.5122 -63.3863 -63.2052 -63.0973 -63.0778 -63.0058 -63.0077 -62.8680 -62.8510 -62.7411
-66.4105 -66.3709 -66.3178 -66.2609 -65.9539 -66.2073 -66.1277 -66.0458 -65.9644 -65.8780 -67.7108 -67.7467 -67.7623 -67.7342 -67.6041 -67.4658 -67.3270 -67.1999 -64.7905 -64.6937 -64.5910 -64.4907 -64.3912 -64.2806 -64.2161 -64.3484 -64.1289 -63.8420 -63.7397 -63.6497 -63.5204 -63.3868 -63.4111 -63.2988 -63.1264 -63.0062 -63.0207 -62.7372 -62.7017 -62.7179
-65.1763 -65.1124 -66.0705 -66.0259 -65.9922 -66.2620 -66.1804 -66.0999 -66.0232 -65.9740 -65.8790 -65.7936 -65.7333 -67.6128 -67.6363 -67.7221 -67.5878 -67.0050 -66.8658 -66.7128 -64.6549 -64.5572 -64.4602 -64.3558 -64.2926 -64.4459 -64.2100 -63.8412 -63.7542 -63.7302 -63.7695 -63.6520 -63.5208 -63.4350 -63.2203 -62.9562 -62.9057 -62.7136 -62.6399 -62.6200
-65.1827 -64.9112 -64.8637 -64.8137 -66.0406 -66.3103 -66.2402 -66.2006 -66.1148 -66.0285 -65.9336 -65.8497 -65.7603 -65.6702 -65.5789 -67.0190 -67.0487 -67.1596 -67.1820 -67.0486 -66.8751 -66.6692 -64.5321 -64.4305 -64.2877 -64.4667 -64.2130 -63.9258 -63.8526 -64.0338 -63.9148 -63.8448 -63.6764 -63.3650 -63.1513 -63.0083 -62.9326 -62.6641 -62.5655 -62.5151
-64.9785 -64.9347 -64.8910 -64.8395 -64.7931 -65.0014 -66.3326 -66.2563 -66.1665 -66.0848 -65.9944 -65.9124 -65.8275 -65.4108 -65.3234 -65.2354 -65.1467 -66.8818 -66.9403 -67.1280 -67.3539 -67.2314 -66.8858 -66.6131 -64.5439 -64.5910 -64.3109 -64.2696 -64.4254 -64.2898 -64.1071 -63.9270 -63.6023 -63.4489 -63.1718 -63.0186 -62.9391 -62.7019 -62.5760 -62.4943
-65.0096 -64.9584 -64.9135 -64.9033 -64.8494 -65.0322 -64.9403 -64.8561 -66.2242 -66.1444 -66.0612 -65.9223 -65.5410 -65.4580 -65.3734 -65.2882 -65.1996 -65.1147 -65.0338 -64.8401 -66.6792 -67.0124 -67.6248 -67.7565 -68.1427 -70.2897 -64.9507 -64.6088 -64.5844 -64.3601 -63.9883 -63.8399 -63.6304 -63.4851 -63.2709 -63.1176 -63.0300 -62.7684 -62.6198 -62.7400
-66.7551 -66.8518 -66.8863 -64.9300 -65.1390 -65.0589 -64.9723 -64.8909 -64.7990 -64.6668 -64.3630 -65.6608 -65.5854 -65.5050 -65.4233 -65.3412 -65.2562 -65.0506 -64.9812 -64.9085 -64.8341 -64.7508 -66.6191 -67.7026 -69.9672 0.0000 -65.2272 -64.6726 -64.3640 -64.1405 -64.0168 -63.8877 -63.7489 -63.6011 -63.3834 -63.2264 -63.1344 -62.9887 -62.8201 -62.8026
-66.7729 -66.8060 -66.8275 -66.8642 -67.3242 -65.0930 -65.0047 -64.8755 -64.7882 -64.4497 -64.3643 -64.2777 -64.2081 -65.5517 -65.3303 -65.2606 -65.1906 -65.1181 -65.0523 -64.9835 -64.9129 -64.8334 -64.7604 -64.7354 -64.8746 0.0000 -64.6175 -64.3161 -64.3762 -64.2589 -64.1391 -64.0134 -63.8812 -63.7318 -63.5082 -63.3498 -63.3994 -63.1106 -62.9297 -62.9071
-66.7206 -66.7611 -66.7898 -66.8216 -67.2753 -67.1632 -67.1180 -64.6356 -64.5509 -64.4681 -64.3839 -64.2986 -64.1018 -64.0244 -63.9433 -65.3218 -65.2552 -65.1865 -65.1213 -65.0598 -64.9932 -64.9179 -64.8491 -64.8280 -64.9376 -64.8466 -64.7291 -64.4244 -64.4956 -64.3833 -64.2681 -64.1468 -64.0183 -63.8685 -63.8115 -63.6501 -63.5513 -63.2524 -63.0635 -63.0357
-66.6875 -66.7206 -66.7302 -66.7029 -67.1546 -67.1419 -66.6315 -66.5829 -66.5307 -66.2859 -64.2853 -64.2094 -64.1320 -64.0557 -63.9755 -63.8950 -63.8141 -66.6531 -65.1945 -65.1373 -65.0751 -65.0040 -64.9399 -64.9225 -65.0453 -64.9585 -64.8443 -64.5362 -64.6199 -64.5131 -64.4036 -64.2875 -64.3555 -64.2010 -63.9755 -63.8142 -63.7237 -63.4166 -63.2189 -63.1920
-66.6213 -66.6030 -66.6379 -67.2782 -66.6402 -66.6245 -66.3773 -66.3337 -66.2910 -66.2533 -66.2160 -66.1803 -64.1627 -64.0877 -64.0088 -63.9298 -63.8506 -63.7695 -63.6911 -65.8328 -65.8276 -65.0913 -65.3722 -65.0187 -65.1556 -65.0696 -64.9627 -64.6514 -64.7483 -64.6479 -64.7636 -64.6503 -64.5283 -64.3736 -64.1492 -63.9910 -63.7612 -63.5934 -63.3982 -63.3751
-66.5358 -66.5722 -66.1615 -66.7261 -66.3598 -66.3579 -66.3545 -66.3208 -66.2752 -66.2339 -66.1923 -66.1516 -66.1115 -66.0787 -66.0442 -63.9654 -63.8881 -63.8086 -63.7320 -63.6572 -63.5791 -65.7504 -66.1566 -65.8153 -66.0900 -65.1869 -65.0840 -64.7694 -65.1278 -65.0316 -64.9325 -64.8257 -64.7070 -64.5572 -64.3334 -64.1780 -63.9500 -63.7577 -63.5845 -63.5717
-66.5053 -65.8650 -65.9005 -66.4448 -66.3313 -66.3305 -66.3278 -66.3172 -66.2697 -66.2259 -66.1816 -66.1374 -66.0928 -66.0544 -66.0141 -65.9779 -65.9480 -63.8514 -63.7741 -63.7012 -63.6250 -63.5416 -63.6992 -65.7371 -65.9986 -65.9881 -66.3071 -66.0246 -65.2881 -65.1953 -65.1083 -65.0090 -64.8930 -64.7480 -64.5274 -64.3745 -64.1429 -63.9530 -63.8425 -63.8451
-65.7835 -65.8278 -65.8713 -66.4128 -66.3052 -66.3060 -66.3048 -66.2965 -66.2730 -66.2280 -66.1822 -66.1355 -66.0882 -66.0462 -66.0017 -65.9606 -65.9244 -65.8935 -65.8647 -63.7465 -63.6723 -63.5906 -63.7542 -63.4642 -63.7309 -66.2539 -66.2146 -65.9110 -66.2029 -66.2399 -66.3092 -66.3894 -65.0884 -64.9430 -64.7980 -64.6460 -64.4120 -64.2237 -64.0595 -64.0834
-65.7494 -65.7963 -65.8424 -66.3813 -66.2803 -66.2833 -66.2842 -66.2779 -66.2747 -66.2380 -66.1917 -66.1440 -66.0957 -66.0519 -66.0049 -65.9611 -65.9209 -65.8851 -65.8494 -65.8220 -65.8037 -65.7760 -64.0297 -63.7237 -63.8082 -63.7040 -63.5866 -63.3356 -66.0996 -66.1079 -66.1490 -66.3165 -66.3539 -66.3883 -66.3478 -64.8554 -64.6248 -64.4436 -64.4889 -64.3387
