-43.6416 -43.8161 -43.9869 -44.1562 -44.3253 -44.4949 -44.6617 -44.8283 -44.9933 -45.1516 -45.3048 -45.4574 -45.6103 -45.7605 -45.9127 -46.0635 -46.2137 -46.3626 -46.5090 -46.6536 -46.7961 -46.9365 -47.0729 -47.2070 -47.3389 -47.4717 -47.6037 -47.7350 -47.8641 -47.9906 -48.1152 -48.2379 -48.3593 -48.4800 -48.5995 -48.7174 -48.8352 -48.9531 -49.0696 -49.1847
-43.5102 -43.6860 -43.8629 -44.0360 -44.2089 -44.3820 -44.5545 -44.7211 -44.8807 -45.0392 -45.1987 -45.3565 -45.5128 -45.6700 -45.8266 -45.9814 -46.1335 -46.2834 -46.4310 -46.5761 -46.7172 -46.8565 -46.9935 -47.1319 -47.2680 -47.4029 -47.5358 -47.6665 -47.7951 -47.9217 -48.0476 -48.1720 -48.2949 -48.4173 -48.5401 -48.6614 -48.7812 -48.8993 -49.0141 -49.1264
-43.3782 -43.5608 -43.7374 -43.9150 -44.0959 -44.2716 -44.4396 -44.6058 -44.7739 -44.9386 -45.1013 -45.2614 -45.4241 -45.5853 -45.7435 -45.8989 -46.0520 -46.2020 -46.3486 -46.4931 -46.6369 -46.7802 -46.9210 -47.0594 -47.1966 -47.3318 -47.4647 -47.5961 -47.7260 -47.8544 -47.9815 -48.1092 -48.2360 -48.3609 -48.4841 -48.6038 -48.7210 -48.8365 -48.9504 -49.0628
-43.2482 -43.4311 -43.6185 -43.8049 -43.9811 -44.1545 -44.3303 -44.5027 -44.6722 -44.8390 -45.0052 -45.1730 -45.3378 -45.4993 -45.6581 -45.8135 -45.9660 -46.1162 -46.2669 -46.4155 -46.5616 -46.7047 -46.8458 -46.9858 -47.1235 -47.2596 -47.3939 -47.5265 -47.6596 -47.7916 -47.9220 -48.0510 -48.1761 -48.2986 -48.4192 -48.5382 -48.6559 -48.7748 -48.8923 -49.0078
-43.1235 -43.3152 -43.5009 -43.6823 -43.8664 -44.0472 -44.2241 -44.3982 -44.5721 -44.7433 -44.9150 -45.0830 -45.2481 -45.4097 -45.5684 -45.7255 -45.8828 -46.0371 -46.1885 -46.3369 -46.4832 -46.6276 -46.7706 -46.9115 -47.0505 -47.1892 -47.3273 -47.4636 -47.5982 -47.7292 -47.8577 -47.9840 -48.1083 -48.2318 -48.3557 -48.4781 -48.5991 -48.7186 -48.8360 -48.9522
-42.9967 -43.1870 -43.3801 -43.5701 -43.7552 -43.9373 -44.1197 -44.2989 -44.4737 -44.6487 -44.8205 -44.9892 -45.1547 -45.3196 -45.4833 -45.6437 -45.8008 -45.9550 -46.1070 -46.2567 -46.4048 -46.5510 -46.6960 -46.8409 -46.9837 -47.1246 -47.2621 -47.3965 -47.5289 -47.6595 -47.7890 -47.9184 -48.0462 -48.1726 -48.2976 -48.4210 -48.5429 -48.6624 -56.2261 -56.3676
-42.8693 -43.0694 -43.2636 -43.4544 -43.6462 -43.8342 -44.0167 -44.1947 -44.3742 -44.5505 -44.7236 -44.8970 -45.0676 -45.2343 -45.3974 -45.5579 -45.7163 -45.8720 -46.0251 -46.1772 -46.3298 -46.4799 -46.6278 -46.7728 -46.9146 -47.0539 -47.1910 -47.3275 -47.4637 -47.5977 -47.7299 -47.8604 -47.9893 -48.1164 -48.2420 -55.8221 -55.9839 -56.1618 -56.3442 -56.5300
-42.7469 -42.9477 -43.1495 -43.3471 -43.5382 -43.7241 -43.9074 -44.0922 -44.2746 -44.4560 -44.6340 -44.8073 -44.9774 -45.1453 -45.3108 -45.4736 -45.6332 -45.7934 -45.9523 -46.1088 -46.2619 -46.4112 -46.5579 -46.7020 -46.8454 -46.9877 -47.1281 -47.2670 -47.4035 -47.5381 -47.6710 -55.2458 -55.4147 -55.6106 -55.8147 -56.0175 -56.2120 -56.4047 -56.5954 -56.7764
-42.6273 -42.8356 -43.0363 -43.2319 -43.4243 -43.6145 -43.8079 -43.9985 -44.1846 -44.3661 -44.5443 -44.7200 -44.8925 -45.0617 -45.2298 -45.3964 -45.5612 -45.7232 -45.8812 -46.0362 -46.1882 -46.3394 -46.4888 -46.6361 -46.7813 -46.9244 -47.0659 -47.2050 -54.8079 -55.0267 -55.2615 -55.4930 -55.7167 -55.9319 -56.1375 -56.3308 -56.5204 -56.7074 -56.8838 -57.0551
-42.5138 -42.7200 -42.9223 -43.1215 -43.3216 -43.5215 -43.7155 -43.9054 -44.0923 -44.2760 -44.4560 -44.6339 -44.8106 -44.9839 -45.1536 -45.3213 -45.4855 -45.6465 -45.8064 -45.9640 -46.1191 -46.2718 -46.4220 -46.5204 -46.6677 -54.4105 -54.7000 -54.9787 -55.2389 -55.4817 -55.7087 -55.9238 -56.1286 -56.3236 -56.5056 -56.6852 -56.8628 -57.0302 -57.1929 -57.3515
-42.3939 -42.6052 -42.8148 -43.0200 -43.2232 -43.3703 -43.5682 -43.7612 -43.9510 -44.1406 -44.3265 -44.5084 -44.6848 -44.8586 -45.0300 -45.2006 -45.3684 -45.5334 -45.6955 -45.8544 -46.0108 -53.7535 -54.1843 -54.5582 -54.8712 -55.1458 -55.3928 -55.6196 -55.8309 -56.0294 -56.2195 -56.4007 -56.5748 -56.7383 -56.9011 -57.0589 -57.2181 -57.3684 -57.5159 -57.6603
-42.2439 -42.4579 -42.6693 -42.8816 -43.0883 -43.2908 -43.4925 -43.6908 -43.8846 -44.0722 -44.2562 -44.4369 -44.6168 -44.7944 -44.9687 -45.1400 -45.3084 -45.4735 -54.8693 -55.0379 -55.2035 -55.3665 -55.5373 -55.6963 -55.8532 -56.0084 -56.1614 -56.3122 -56.4599 -56.6081 -56.7532 -56.8959 -57.0368 -57.1707 -57.3073 -57.4483 -57.5819 -57.7139 -57.8446 -57.9740
-42.1476 -42.3671 -42.5844 -42.8000 -43.0124 -43.2196 -43.4199 -43.6159 -43.8084 -43.9991 -44.1860 -44.3708 -44.5520 -44.7298 -44.9044 0.0000 0.0000 -60.4374 -58.2597 -57.3968 -57.0048 -56.8355 -56.7644 -56.7546 -56.7843 -56.8403 -56.9128 -56.9972 -57.0935 -57.1944 -57.2949 -57.3994 -57.5016 -57.6113 -57.7288 -57.8414 -57.9544 -58.0678 -58.1819 -58.2958
-42.0560 -42.2847 -42.5073 -42.7222 -42.9318 -43.1378 -43.3416 -43.5411 -43.7364 -43.9271 -44.1162 -53.4410 -53.6354 -53.8230 -54.0074 0.0000 0.0000 0.0000 -63.0076 -59.3783 -58.6271 -58.1982 -57.9273 -57.7663 -57.6781 -57.6362 -57.6331 -57.6581 -57.6990 -57.7538 -57.8186 -57.8862 -57.9670 -58.0585 -58.1485 -58.2388 -58.3301 -58.4256 -58.5238 -58.6223
-41.9723 -42.1976 -42.4192 -42.6381 -42.8520 -43.0609 -43.2643 -43.4637 -52.7359 -52.9413 0.0000 0.0000 -65.4093 -61.7318 -59.5696 0.0000 0.0000 0.0000 -68.6332 -62.3389 0.0000 0.0000 0.0000 -63.6569 -58.5915 -58.4165 -58.3483 -58.3113 -58.3018 -58.3139 -58.3390 -58.3715 -58.4295 -58.4894 -58.5528 -58.6249 -58.7039 -58.7839 -58.8672 -58.9512
-41.8817 -42.1122 -42.3366 -42.5552 -42.7688 0.0000 -61.2233 0.0000 -58.4440 0.0000 0.0000 0.0000 0.0000 -64.1289 -61.9237 0.0000 0.0000 0.0000 -68.8139 -63.2565 0.0000 0.0000 0.0000 0.0000 -63.8069 0.0000 0.0000 -59.1934 -58.9000 -58.8657 -58.8433 -58.8599 -58.8865 -58.9154 -58.9594 -59.0147 -59.0731 -59.1346 -59.2063 -59.2764
-41.7575 -41.9890 -42.2159 -51.3438 -51.5711 0.0000 0.0000 0.0000 -60.9205 0.0000 0.0000 0.0000 0.0000 -64.9304 -63.3258 -62.5484 -59.4846 -59.6034 -59.6275 -59.4463 0.0000 0.0000 -70.2081 -65.9282 -60.3466 0.0000 0.0000 -74.0177 -64.4902 -62.2552 -59.3449 -59.3323 -59.3294 -59.3469 -59.3782 -59.4096 -59.4469 -59.4900 -59.5410 -59.5971
0.0000 0.0000 -60.0082 -57.0591 -54.9321 0.0000 0.0000 0.0000 -62.1248 -60.2792 0.0000 0.0000 -64.1286 -58.7600 -58.7794 -58.7875 -59.2986 -59.4221 -59.4681 -59.5192 -59.7148 -59.8912 -60.0350 -60.1387 0.0000 0.0000 0.0000 0.0000 -66.7674 -64.5862 -63.3284 -62.6200 -59.9587 -59.7828 -59.7839 -59.7904 -59.8107 -59.8385 -59.8749 -59.9178
0.0000 0.0000 0.0000 0.0000 -57.3708 0.0000 0.0000 0.0000 0.0000 -61.2778 -58.3541 -58.4534 -58.5429 -58.6028 -58.6566 -58.7002 -58.7403 -59.2469 -59.3095 -59.3832 -59.2796 -59.6906 -59.8480 -59.9800 -60.1193 -60.2595 -66.5158 0.0000 -60.5806 0.0000 -64.9094 0.0000 -63.3708 -62.9381 -62.6068 -60.2760 -60.1704 -60.1845 -60.1817 -60.2144
0.0000 0.0000 0.0000 0.0000 -65.3880 -57.6607 -62.8984 -57.6969 -57.7865 -57.6175 -58.0153 -58.2291 -58.3712 -58.4694 -58.5159 -58.5845 -58.6482 -58.7093 -59.1567 -59.2453 -59.3233 -59.5287 -59.6807 -59.8310 -59.9679 -60.0987 -60.2345 -63.0011 0.0000 0.0000 0.0000 0.0000 0.0000 -63.8544 -63.4704 -63.1871 -62.9285 -60.6304 -60.6088 -60.5700
-60.7908 0.0000 0.0000 0.0000 -56.9737 -56.9323 -57.3480 -57.4653 -57.5783 -57.4838 -57.5228 -57.9699 -58.1584 -58.3101 -58.3650 -58.4519 -58.5338 -58.6180 -58.8940 -59.1075 -59.1960 -59.1388 -62.1427 -62.4308 -62.7331 -63.0048 -63.2136 -63.4350 0.0000 0.0000 0.0000 0.0000 -74.1785 -69.6491 -67.3716 -63.8549 -63.6052 -63.4907 -63.3385 -63.2227
-56.1140 -56.3796 -56.4976 -56.6042 -56.7066 -56.8010 -56.8130 -57.2264 -57.3598 -57.3329 -57.4011 -57.4655 -57.9346 -58.1105 -58.2104 -58.3164 -58.4250 -58.5169 -62.0283 -62.5169 -62.7686 -62.5719 -63.1268 -63.3841 -63.5567 -63.6951 -63.8644 -64.0260 -64.1822 0.0000 0.0000 -74.0030 -72.9419 -71.6855 -68.7554 -67.7645 -64.3352 -64.0992 -63.9107 -63.7607
-55.7954 -55.8571 -56.2630 -56.3840 -56.4998 -56.6256 -56.6916 -56.7455 -57.1530 -57.2949 -57.2705 -57.3490 -57.7299 -57.9170 0.0000 -69.3054 -66.5443 -64.8590 -64.0456 -63.6425 0.0000 -69.0494 -63.8110 -64.3960 -64.4209 -64.4738 -64.5462 -64.6425 -64.7455 -64.7905 -72.8540 -72.9286 -71.3556 0.0000 0.0000 -68.9794 -67.9535 -67.0424 -64.4484 -64.2652
-55.5759 -55.6760 -55.9969 -56.1681 -56.2987 -56.4344 -56.5392 -56.6230 -56.7138 -57.0998 -57.1215 -60.6178 -60.6599 0.0000 0.0000 0.0000 0.0000 -66.6145 -65.5888 -64.9233 0.0000 0.0000 0.0000 -69.3404 -68.3132 -67.9676 -65.2318 -65.1871 -65.2576 -65.3260 -65.3984 0.0000 0.0000 0.0000 0.0000 -70.4703 -68.8146 -68.1056 -67.4031 -64.7479
-55.3501 -55.4755 -55.5921 -55.9521 -56.1088 -56.2489 -56.3657 -56.4741 -56.5871 0.0000 0.0000 -66.5793 -65.6894 0.0000 0.0000 0.0000 0.0000 -67.8356 -66.4058 0.0000 0.0000 0.0000 0.0000 -68.8857 -67.3864 -67.0689 -66.7348 -66.5924 -66.5292 -66.5067 -65.9371 0.0000 0.0000 0.0000 0.0000 0.0000 -69.4973 -68.8106 -68.2366 -67.6727
-55.1240 -55.2747 -55.4094 -55.5469 -55.9033 -59.6725 -64.6879 -62.8896 0.0000 0.0000 0.0000 -67.1310 -66.1492 -66.2758 0.0000 0.0000 -72.6899 -67.4530 -62.2448 0.0000 0.0000 0.0000 -68.8797 -67.5531 -66.1691 -65.9813 -65.8872 -63.4994 -63.6999 -63.8173 -63.9307 -64.0410 0.0000 0.0000 -73.9208 -74.1098 -70.5793 -69.4056 -68.8470 -68.3579
-54.8506 0.0000 -63.6065 0.0000 0.0000 0.0000 0.0000 -64.8154 0.0000 0.0000 0.0000 0.0000 -64.9131 -61.4070 -62.0391 -62.1526 -62.2666 -62.3259 -62.1044 -62.5116 0.0000 -68.7099 -66.5336 -63.0423 -63.1467 -63.0265 -63.2720 -63.4626 -67.0893 -67.2106 -67.3521 -67.4832 -67.9383 -68.3364 -68.5759 -68.7009 -68.5900 -68.0458 -68.0048 -67.9747
0.0000 0.0000 -64.8816 -63.7709 0.0000 0.0000 0.0000 -67.4896 -66.2599 -66.0653 -61.6156 -61.4374 -60.9746 -61.0109 -61.5976 -61.8415 -61.9991 -62.1072 -62.1308 -62.0068 -62.4224 -62.6788 -62.7791 -62.8682 0.0000 0.0000 0.0000 -70.9620 -69.5689 -68.9822 -68.6595 -68.4839 -68.7133 0.0000 0.0000 0.0000 -74.8644 -70.7286 -69.7799 -69.1591
0.0000 0.0000 -65.9153 -64.0836 0.0000 0.0000 -65.5820 -60.5996 -60.8246 -60.9310 -60.9926 -61.0530 -61.2130 -60.8502 -60.9015 -61.4984 -61.7006 -61.8635 -61.9706 -61.8611 -62.1808 -62.3617 -62.5951 -62.6994 0.0000 0.0000 0.0000 -72.1774 -70.5379 -69.9215 -69.0632 -68.4183 -67.9504 0.0000 0.0000 0.0000 -75.1873 -70.5185 -69.1636 -68.5274
0.0000 0.0000 0.0000 -64.0551 -60.2875 -60.1898 -60.2491 -60.2027 -60.2678 -60.6884 -60.7494 -60.8290 -60.9090 -60.6969 -60.7635 -60.8319 -61.4305 -61.6146 -61.7773 -61.7101 -61.7991 -62.1470 -62.3114 0.0000 0.0000 0.0000 0.0000 -75.1293 -70.1848 -68.8124 -67.8846 -67.3045 -66.7926 0.0000 0.0000 -75.8479 -70.6305 -69.3227 -68.2110 -67.5374
-62.9901 -59.5132 -59.4946 -59.3676 -59.4366 -59.8954 -59.9492 -60.0231 -60.0322 -60.4119 -60.5255 -60.6231 -60.7198 -60.5348 -60.6151 -60.6931 -61.2200 -61.3741 -61.5488 -61.7100 -61.6526 -61.7493 -62.1138 -62.2765 0.0000 -69.0808 0.0000 0.0000 -69.0706 -63.0094 -63.0915 -63.1440 -63.2522 0.0000 0.0000 -70.7062 -64.1602 -64.1102 -64.1709 -64.0681
-58.8896 -59.0685 -59.1669 -59.0778 -59.1688 -59.5606 -59.6835 -59.7759 -59.8111 -59.9133 -60.2997 -60.4136 -60.5251 -60.5948 -60.4598 -60.5500 -60.6379 -61.1703 -61.3273 -61.4968 -61.5079 -61.6138 -61.9660 -62.1287 -62.2822 -62.5197 -62.6570 -62.7817 -62.8352 -62.9007 -62.9312 -62.9876 -63.0983 -63.4573 -63.7352 -63.8519 -63.9090 -64.0039 -66.7810 -66.6683
-58.2331 -58.6570 -58.8275 -58.9268 -58.9152 -59.1979 -59.4230 -59.5354 -59.5880 -59.7050 -60.0687 -60.2006 -60.3228 -60.4094 -60.2984 -60.4004 -60.4993 -60.9053 -61.1358 -61.3288 -61.4955 -61.5018 -61.6126 -61.9452 -62.0973 -62.2540 -62.4687 -62.6031 -62.6888 -62.7779 -62.7071 -62.8229 -62.9472 0.0000 0.0000 0.0000 -71.8320 -69.7894 -68.7144 -68.2873
-57.9362 -58.2788 -58.4871 -58.6401 -58.6583 -58.7867 -59.1243 -59.2988 -59.4267 -59.4928 -59.7714 -59.9854 -60.1088 -60.2171 -60.1367 -60.2852 -60.3915 -60.4919 -60.9402 -61.1472 -61.3071 -61.3872 -61.4842 -61.7660 -62.0294 -65.0380 -65.1860 -65.4385 -65.5285 -65.5798 -65.5077 -65.4271 -65.5560 0.0000 0.0000 0.0000 -72.6448 -71.3641 -70.0306 -69.2530
-57.6385 -57.7768 -58.1489 -58.3543 -58.4005 -58.5494 -58.8387 -59.0527 -59.2037 -59.2792 -59.4185 -59.7432 -59.9385 -60.2103 -63.2260 -62.9826 -63.0526 -63.1119 -63.7975 -64.0698 -64.3056 -64.4813 -64.3633 -64.5252 -65.0444 -65.2207 -65.3406 -65.4684 -65.6983 -65.6218 -65.6651 -65.7235 -65.6780 0.0000 0.0000 0.0000 -72.3900 -70.6676 -69.6563 -68.8768
-57.3240 -57.4811 -57.8276 -58.0530 -58.1552 -58.3086 -58.4639 -58.7862 -59.0152 -59.1007 -59.2511 -59.5312 0.0000 0.0000 -69.3051 -65.3332 -64.6415 -64.4718 -64.3019 -64.9003 -65.0193 -65.0477 -64.9152 -65.1196 -65.5433 -65.6305 -65.6954 -65.7814 -65.7142 -65.8813 -65.9263 -65.9689 -65.8572 0.0000 0.0000 -74.6905 -72.2384 -70.4686 -69.4445 -68.5902
-57.0398 -57.2122 -57.3958 -57.5705 -57.9754 -58.0992 -58.2680 -58.5627 0.0000 0.0000 -66.5167 -64.8411 0.0000 0.0000 -70.3648 -67.0415 -66.2092 -65.6603 0.0000 0.0000 -69.7927 -68.7544 0.0000 0.0000 -69.5276 -69.1506 -66.0987 -66.1316 -66.0211 -66.0650 -66.2095 -66.2304 -67.0147 -66.8381 -67.3581 -67.3615 -67.1775 -67.2220 -67.2618 -67.2439
-56.7797 -56.9654 -57.1672 -57.3609 -57.5476 -57.7545 -58.0681 -58.2448 0.0000 0.0000 -67.5535 -66.4299 0.0000 0.0000 -70.4829 -68.4254 0.0000 0.0000 0.0000 0.0000 -71.1387 -68.1285 0.0000 0.0000 -73.3434 -70.6767 -69.1092 -67.9508 -67.3343 -66.8840 -66.5665 0.0000 0.0000 0.0000 -73.3680 -71.6841 -70.3261 -69.9023 -69.5743 -68.8412
-56.5652 -56.7556 0.0000 0.0000 0.0000 -66.9230 0.0000 0.0000 0.0000 0.0000 -67.8060 -66.2506 0.0000 0.0000 -70.6849 -67.8128 -65.7830 0.0000 0.0000 0.0000 -68.9897 0.0000 0.0000 0.0000 0.0000 -70.6736 -69.5702 -68.8763 -68.3008 -66.9910 -66.6615 0.0000 0.0000 0.0000 -76.9909 -72.9798 -70.9051 -70.3119 -69.8683 -69.1670
0.0000 -63.6871 0.0000 0.0000 0.0000 0.0000 -65.9732 0.0000 0.0000 0.0000 -62.1027 -61.7106 -62.0491 -62.0804 -62.1253 -62.1367 -61.8834 -62.4192 -62.5565 -62.6538 -62.7193 0.0000 0.0000 0.0000 0.0000 -70.8881 -68.6905 -67.7948 -67.2725 -66.9557 -66.3458 0.0000 0.0000 0.0000 0.0000 -72.8562 -70.3611 -69.7443 -69.3791 -69.0168
