-59.0267 -59.0541 -59.0748 -59.0890 -59.0969 -59.0993 -59.0850 -53.1625 -58.9902 -58.9738 -60.0169 -60.1126 -60.7762 -60.9488 -61.1249 -61.3104 -62.0126 -62.1295 -61.8921 -61.5148 -61.0722 -62.4054 -61.3699 -60.7137 -60.8151 -58.3140 -57.9264 -57.6606 -57.9168 -51.6994 -51.6786 -51.5649 -51.4899 -51.3870 -58.5075 -58.5000 -58.3877 -51.1679 -51.0748 -51.0069
-59.0353 -59.0592 -59.0662 -59.0771 -59.0816 -59.0798 -59.0735 -59.0632 -53.0918 -53.1087 -58.9255 -59.9607 -60.0600 -60.1346 -60.8760 -61.0581 -61.2512 -61.9752 -61.9618 -61.6803 -61.2861 -60.8415 -61.6682 -61.2389 -61.8341 -61.8049 -58.2316 -57.6200 -57.5944 -57.8384 -51.6144 -51.5521 -51.4326 -51.3287 -51.3076 -58.4249 -58.3838 -58.2680 -51.0081 -50.9398
-59.0365 -59.0571 -59.0714 -59.0794 -59.0808 -59.0766 -59.0674 -59.0501 -59.0316 -53.0176 -52.9815 -58.8541 -58.8278 -59.9718 -60.0758 -60.8365 -61.0243 -61.2285 -61.9959 -61.8386 -61.5019 -61.1064 -60.1938 -61.6871 -61.8597 -62.9649 -63.7895 -57.7792 -57.5403 -57.7619 -57.7502 -51.4886 -51.4180 -51.2998 -51.1968 -58.2765 -58.3367 -58.2703 -58.2750 -50.8721
-59.0500 -59.0676 -59.0793 -59.0842 -59.0810 -59.0747 -59.0422 -59.0243 -59.0020 -58.9758 -58.9422 -52.8335 -58.7982 -58.7664 -59.9035 -60.0142 -60.7855 -60.9849 -61.2029 -61.9483 -61.7218 -61.3754 -60.9844 -60.1547 -61.4431 -64.6644 0.0000 -57.7205 -57.6911 -57.6926 -57.6747 -51.3942 -51.3593 -51.2401 -51.1644 -51.0648 -58.1804 -58.2556 -58.1526 -58.0631
-59.0846 -59.0803 -59.0864 -59.0701 -59.0672 -59.0580 -59.0431 -59.0229 -58.9976 -58.9680 -58.9349 -58.9001 -52.7058 -58.7365 -58.6997 -59.8257 -59.9407 -60.7300 -60.9440 -61.1808 -61.8844 -61.6443 -61.4050 -60.5411 -60.2382 0.0000 0.0000 -58.2538 -57.6333 -57.4107 -57.6048 -57.5748 -51.2968 -51.2243 -51.1049 -51.0008 -50.9316 -58.0851 -58.1084 -57.9675
-59.0606 -59.0882 -59.1011 -59.0804 -59.0751 -59.0639 -59.0470 -59.0247 -58.9972 -58.9649 -58.9277 -58.8881 -58.8470 -52.5987 -58.6707 -58.6291 -59.7432 -59.8615 -60.6683 -60.9774 -61.2519 -61.8609 -61.7389 -61.4246 -60.6063 -59.9759 -58.8708 -58.2053 -57.6814 -57.5356 -57.5359 -57.5051 -57.4735 -51.1642 -51.0885 -50.9680 -50.8538 -50.7841 -57.9314 -58.0021
-59.0585 -59.0836 -59.1047 -59.1403 -59.0852 -59.0722 -59.0535 -59.0287 -58.9992 -58.9647 -58.9256 -58.8827 -58.8372 -58.7898 -52.4893 -58.6004 -58.5541 -59.6983 -59.8315 -60.6726 -60.9369 -61.5724 -61.7373 -61.7735 -60.9062 -60.6416 -61.2485 -58.5826 -57.9183 -57.4817 -57.2712 -57.4400 -57.4036 -57.4955 -51.0285 -50.8941 -50.8178 -50.7191 -50.6483 -57.8498
-59.0578 -59.0805 -59.0988 -59.1126 -59.1217 -59.0821 -59.0617 -59.0358 -59.0046 -58.9683 -58.9272 -58.8771 -58.8333 -58.7815 -58.7280 -52.3868 -58.5645 -58.5162 -58.4629 -59.7305 -60.5909 -60.8814 -61.3677 -61.5827 -61.2507 -61.1277 -61.1165 -61.4716 -58.3416 -57.5438 -57.3837 -57.3797 -57.3380 -57.2443 -57.3297 -50.8784 -50.7556 -50.6554 -50.5823 -50.5101
-59.0585 -59.0781 -59.0935 -59.1050 -59.1120 -59.1142 -59.5156 -59.0451 -59.0124 -58.9746 -58.9319 -58.8847 -58.8677 -58.8161 -58.7585 -58.6991 -52.3199 -52.3029 -58.4280 -58.3686 -59.5761 -60.4538 -60.7853 -61.2857 -61.5598 -61.3407 -61.5170 -62.2542 -61.8877 -58.1472 -57.4251 -57.1383 -57.2271 -57.1825 -57.1481 -57.2175 -50.7385 -50.6154 -50.5168 -50.4425
-59.0592 -59.0760 -59.0895 -59.0989 -59.1040 -59.1045 -59.1004 -59.5148 -59.0225 -58.9834 -58.9720 -58.9261 -58.8733 -58.8164 -58.7552 -58.6910 -58.6247 -58.5581 -52.1291 -58.3070 -58.2458 -59.4618 -60.3654 -60.7512 -61.2337 -61.0968 -61.5042 -62.2217 -63.5141 -63.7660 -57.7396 -57.2585 -57.1738 -57.1250 -57.0767 -57.1423 -57.1002 -50.5515 -50.4514 -50.3750
-59.0610 -59.0751 -59.0863 -59.0938 -59.0970 -59.0958 -59.0902 -59.1112 -59.5426 -59.0550 -58.9836 -58.9333 -58.8783 -58.8192 -58.7556 -58.6883 -58.5889 -58.5180 -58.4494 -51.9609 -58.2117 -58.1468 -59.3290 -60.2807 -60.7304 -60.7737 -61.2538 -61.7676 -63.2655 -65.1936 0.0000 -57.2533 -56.9546 -57.0711 -57.0184 -56.9651 -57.0229 -56.9759 -50.4069 -50.3069
-58.9416 -59.0760 -59.0839 -59.0894 -59.0909 -59.1178 -59.1137 -59.1026 -59.0870 -59.1040 -59.4824 -58.9423 -58.8857 -58.8248 -58.7306 -58.6626 -58.5909 -58.5166 -58.4359 -58.3615 -51.8371 -58.1177 -58.0492 -57.9794 -60.1918 -60.7184 -60.9026 -61.4165 -62.7081 0.0000 0.0000 -57.5570 -57.1156 -57.0186 -56.9603 -56.9043 -56.9503 -56.8981 -56.8445 -50.2602
-58.9595 -58.9519 -58.9336 -59.1140 -59.1167 -59.1129 -59.1046 -59.0919 -59.0748 -59.0531 -59.0347 -59.4570 -58.8894 -58.8055 -58.7399 -58.6705 -58.5925 -58.5159 -58.4365 -58.3570 -58.2752 -51.7122 -58.0205 -57.9484 -57.8752 -60.0849 -60.4521 -61.3224 -62.8784 -69.7852 0.0000 -57.6034 -57.0742 -57.0903 -56.9071 -56.8468 -56.7854 -56.8250 -56.7692 -56.7058
-59.0147 -59.0029 -58.9852 -58.9608 -59.1114 -59.1057 -59.0959 -59.0818 -59.0634 -59.0406 -58.9845 -58.9538 -59.3967 -59.3261 -58.7474 -58.6770 -58.6024 -58.5242 -58.4424 -58.3596 -58.2729 -58.1859 -51.5849 -57.9199 -57.7999 -57.7972 -60.0615 -60.7118 -61.8786 -65.3786 0.0000 0.0000 -57.2211 -56.9113 -56.8571 -56.7911 -56.7271 -56.7563 -56.6955 -56.6362
-59.0246 -59.0321 -59.0095 -58.9829 -58.9518 -58.3909 -59.0878 -59.0468 -59.0245 -59.0013 -58.9737 -58.9423 -58.9067 -59.3618 -59.2851 -58.7050 -58.6153 -58.5357 -58.4524 -58.3658 -58.2776 -58.1858 -58.0990 -51.5066 -57.8460 -57.7844 -57.7079 -58.9247 -61.2296 0.0000 0.0000 0.0000 -57.3385 -56.8847 -56.9227 -56.7401 -56.6722 -56.6033 -56.6263 -56.5612
-59.0031 -59.0339 -59.0358 -59.0073 -58.9743 -58.9121 -58.8672 -59.0549 -59.0161 -58.9921 -58.9640 -58.9271 -58.8911 -58.8510 -59.3295 -59.2466 -59.1581 -58.5502 -58.4657 -58.3776 -58.2874 -58.1466 -58.1138 -58.0296 -57.9480 -51.3316 -57.6879 -57.3951 -58.8279 -63.0648 0.0000 0.0000 -57.2984 -56.8558 -56.7430 -56.6924 -56.6204 -56.5475 -56.4759 -56.4915
-59.8852 -59.0093 -59.0235 -59.0055 -58.9728 -58.9339 -58.8902 -58.8414 -58.2505 -58.9790 -58.9503 -58.9177 -58.8811 -58.8365 -58.7964 -59.2935 -59.2058 -59.1110 -58.4819 -58.3982 -58.3114 -58.2256 -58.1369 -58.0463 -57.9525 -57.8576 -51.1494 -57.5819 -57.2995 -57.2186 0.0000 0.0000 -57.2604 -57.0871 -56.7150 -56.7522 -56.5702 -56.4943 -56.4182 -56.4260
-59.4170 -59.8964 -59.9127 -58.9807 -58.9830 -58.9606 -58.9156 -58.8614 -58.8066 -58.1883 -59.5606 -58.9089 -58.8719 -58.8309 -58.7865 -58.7382 -58.7026 -59.1689 -59.0085 -58.9716 -58.3403 -58.2532 -58.1613 -58.0640 -57.9627 -57.8610 -57.7586 -50.9864 -57.2625 -57.1750 -57.3802 -57.4304 -57.2247 -57.0540 -56.6872 -56.5844 -56.5237 -56.4448 -56.3649 -56.2861
-59.4072 -59.4021 -59.4098 -59.9262 -58.9579 -58.9521 -58.9393 -58.8885 -58.8327 -58.7720 -58.7062 -58.0892 -59.0846 -58.8220 -58.7772 -58.7340 -58.6821 -58.6292 -59.1379 -59.0406 -58.9377 -58.2815 -58.1848 -58.0835 -57.9774 -57.8652 -57.7512 -57.6373 -50.7993 -57.1210 -56.9762 -57.2294 -57.1899 -57.0220 -56.8267 -56.5489 -56.5783 -56.3972 -56.3157 -56.2332
-59.4203 -59.4156 -59.4210 -59.4067 -59.9325 -59.9310 -58.9195 -58.9124 -58.8615 -58.8000 -58.7333 -58.6617 -58.0168 -58.9984 -59.0268 -58.6730 -58.6799 -58.6314 -58.5788 -59.1119 -59.0080 -58.8953 -58.2385 -58.0996 -57.9873 -57.8708 -57.7501 -57.6251 -57.4452 -50.6427 -56.9535 -57.0828 -57.0966 -56.9916 -56.8175 -56.5217 -56.4193 -56.3547 -56.2695 -56.1836
-59.4358 -59.4198 -59.4275 -59.4174 -59.4041 -59.9389 -59.9337 -59.9230 -58.8704 -58.8307 -58.7634 -58.6911 -58.6186 -57.9444 -58.9135 -58.9407 -58.9697 -58.6322 -58.5794 -58.5223 -59.0779 -58.9582 -58.8329 -58.6996 -57.9995 -57.8793 -57.7531 -57.5803 -57.4582 -57.1602 -50.5482 -56.8439 -56.9705 -56.9587 -56.8014 -56.6341 -56.3868 -56.4047 -56.2255 -56.1374
-60.2133 -59.4284 -59.4327 -59.4279 -59.4145 -59.3970 -59.3749 -59.9317 -59.9174 -58.8226 -58.8011 -58.7287 -58.6014 -58.5727 -58.4867 -57.8284 -58.8536 -58.8798 -58.5786 -58.5147 -58.4461 -59.0212 -58.8950 -58.7601 -58.6175 -57.8719 -57.7251 -57.6052 -57.4829 -57.3562 -57.0573 -56.9401 -50.4090 -56.8472 -56.7827 -56.6243 -56.3600 -56.3746 -56.3086 -56.1398
-60.2656 -59.4411 -59.4354 -59.4379 -59.4245 -59.4075 -59.3860 -59.3596 -59.9315 -59.9145 -59.8913 -58.7589 -58.6931 -58.6153 -58.5317 -58.4430 -57.7494 -58.7528 -58.7695 -58.7868 -58.4339 -58.3603 -58.3091 -58.7617 -58.6290 -58.4907 -58.3465 -57.6354 -57.5113 -57.3817 -57.0815 -56.9519 -57.0014 -50.2355 -56.7136 -56.6113 -56.3384 -56.2713 -56.2780 -56.0989
-60.1953 -59.4083 -59.4464 -59.4473 -59.4339 -59.4173 -59.3966 -59.3767 -59.3468 -59.8590 -59.9076 -59.8874 -59.8609 -58.6600 -58.5759 -58.4860 -58.3852 -57.6543 -57.5955 -58.6431 -58.6574 -58.6722 -58.2181 -58.1442 -58.7161 -58.5785 -58.4343 -58.2837 -57.5601 -57.4130 -57.1135 -56.9806 -56.8495 -56.8969 -50.0088 -56.6044 -56.4943 -56.2468 -56.2493 -56.1341
-60.1107 -59.3224 -59.3505 -59.4077 -59.4426 -59.4317 -59.4121 -59.3883 -59.3613 -59.3321 -59.2980 -59.9067 -59.8844 -59.8548 -58.6190 -58.5239 -58.4230 -58.3158 -57.5527 -57.4884 -58.4522 -58.4702 -58.4903 -59.5650 -58.0684 -58.6729 -58.5294 -58.3790 -58.2216 -58.0567 -57.3147 -57.0181 -56.8805 -56.9046 -56.8328 -49.8600 -56.4829 -56.2262 -56.1112 -56.1031
-59.1346 -58.4375 -59.2566 -59.3075 -59.3494 -59.3888 -59.3676 -59.4023 -59.3796 -59.3526 -59.3201 -59.2817 -59.9000 -59.8694 -59.8309 -59.7792 -58.4641 -58.3570 -58.2434 -58.0767 -57.3427 -57.2798 -58.3460 -58.3649 -58.4176 -58.9690 -58.6312 -58.4818 -58.3242 -58.1603 -57.9867 -57.0610 -56.9694 -56.9778 -56.8492 -56.7161 -49.6965 -56.3237 -56.0871 -56.0743
-59.1255 -58.9546 -58.3948 -58.3775 -59.2417 -59.2781 -59.3192 -59.3625 -59.3966 -59.3706 -59.3400 -59.3003 -59.2531 -59.8743 -59.8426 -59.8029 -59.7539 -58.3525 -58.2460 -58.1330 -58.0127 -57.2419 -57.1756 -58.2148 -58.2336 -58.2542 -58.9478 -58.5918 -58.4356 -58.2727 -58.0996 -57.8053 -57.6228 -56.8745 -56.8793 -56.7394 -56.5797 -49.5550 -56.0675 -55.9507
-59.1189 -58.9548 -58.3798 -58.3132 -58.3351 -58.3074 -59.2044 -59.2431 -59.2842 -59.3265 -59.3515 -59.3128 -59.2686 -59.2182 -59.1615 -59.7464 -59.7136 -59.6718 -59.5936 -58.1932 -58.0745 -57.9483 -57.1387 -57.0680 -56.9973 -58.0940 -58.1143 -58.9390 -58.9125 -58.4581 -58.2885 -58.1083 -57.7512 -57.5613 -56.9177 -56.7741 -56.6228 -56.4393 -56.2635 -55.9268
-59.1071 -58.9516 -58.3662 -58.3397 -58.3188 -58.2893 -58.2583 -58.2258 -59.1507 -59.1851 -59.2219 -59.2614 -59.2840 -59.2395 -59.1303 -59.0760 -59.7371 -59.7065 -59.6661 -59.6146 -59.4337 -58.0164 -57.8842 -57.7430 -56.9567 -56.8833 -57.9461 -57.9663 -58.0595 -58.9144 -60.0174 -58.2447 -57.8902 -57.6996 -57.5027 -56.8507 -56.6647 -56.4890 -56.3015 -56.0267
-59.0498 -58.9490 -58.3562 -58.3204 -58.2990 -58.2706 -58.2363 -58.1986 -58.1592 -58.1193 -59.0747 -59.1115 -59.0939 -59.1390 -59.1605 -59.1111 -59.0518 -59.7276 -59.7010 -59.6651 -59.6174 -59.4714 -57.9596 -57.8214 -57.6734 -56.8417 -56.8068 -56.7294 -57.8689 -57.8955 -58.8493 -60.1666 -59.9488 -57.8493 -57.6538 -57.6073 -57.3956 -56.5487 -56.3576 -56.0684
-59.6000 -59.4608 -58.3476 -58.3083 -58.2837 -58.2501 -58.2132 -58.1751 -58.1352 -58.0937 -58.0072 -57.9624 -58.9399 -58.9802 -59.0248 -59.0738 -59.0924 -59.0357 -58.9713 -59.6994 -59.6707 -59.6297 -59.5288 -59.2889 -57.7603 -57.6565 -56.7674 -56.6865 -56.6060 -57.7065 -57.7329 -58.6724 -60.2862 -60.3319 -60.4266 -57.7693 -57.5599 -57.3354 -56.4574 -56.2491
-59.4063 -59.4603 -59.3255 -58.7740 -58.2651 -58.2343 -58.1946 -58.1540 -58.1118 -58.0256 -57.9820 -57.9370 -57.8901 -57.8416 -58.8526 -58.8970 -58.9470 -59.0033 -59.0197 -58.9555 -59.7023 -59.6847 -59.6550 -59.6845 -59.4359 -59.1455 -57.5963 -57.4194 -56.5620 -56.4776 -56.3924 -57.5606 -57.5918 -59.9212 -60.9207 -61.6279 -62.5178 -57.5195 -57.2992 -57.0348
-59.3846 -59.4588 -59.3271 -58.7671 -58.7426 -58.7222 -58.1774 -58.0911 -58.0481 -58.0039 -57.9584 -57.9114 -57.8630 -57.8126 -57.7610 -57.7077 -58.7552 -58.8062 -58.8646 -58.9310 -58.9455 -59.7105 -59.7874 -59.7778 -59.7504 -59.5524 -59.2457 -57.5411 -57.3551 -56.4329 -56.3454 -56.2573 -57.3776 -57.4129 -59.8094 -61.4615 -64.2198 -65.6489 -57.5232 -57.2509
-59.3644 -59.4495 -59.3235 -58.7591 -58.7326 -58.7100 -58.6322 -58.6011 -58.0300 -57.9832 -57.9353 -57.8863 -57.8356 -57.7839 -57.7307 -57.6760 -57.6198 -57.5621 -58.6497 -58.7106 -58.8423 -58.9255 -58.9407 -59.8306 -59.8493 -59.8499 -59.7209 -59.4017 -59.0175 -57.3025 -56.3006 -56.2102 -56.1189 -56.0259 -57.1042 -58.3407 -63.5587 0.0000 0.0000 0.0000
-59.3405 -59.4374 -59.3164 -58.7498 -58.6687 -58.6485 -58.6207 -58.5885 -58.5548 -57.9643 -57.9134 -57.8618 -57.8092 -57.7554 -57.7004 -57.6442 -57.5866 -57.5255 -57.4673 -57.4495 -58.5969 -58.6753 -58.7669 -58.8727 -59.8875 -59.9480 -59.9962 -59.9676 -59.6452 -59.2448 -58.7341 -57.0366 -56.0717 -55.9992 -55.8199 -56.9665 -57.0324 0.0000 0.0000 0.0000
-59.3135 -59.2855 -59.2538 -58.6943 -58.6592 -58.6375 -58.6079 -58.5748 -58.5401 -58.5034 -58.4653 -57.8395 -57.7841 -57.7279 -57.6709 -57.6128 -57.5534 -57.5362 -57.4752 -57.4122 -57.3484 -57.2833 -58.4866 -58.5864 -58.7047 -59.8542 -60.0861 -60.2135 -60.3175 -60.0251 -59.6317 -59.0958 -57.0585 -55.9536 -55.8729 -55.6991 -55.6052 -57.0852 0.0000 -59.9670
-59.9910 -59.2084 -59.2412 -59.1322 -58.6483 -58.6193 -58.5938 -58.5597 -58.5239 -58.4868 -58.4479 -58.4072 -58.3645 -57.7025 -57.6427 -57.5821 -57.5639 -57.5022 -57.4389 -57.3751 -57.3098 -57.2427 -57.1742 -57.1044 -58.3794 -58.5148 -59.6483 -60.1782 -60.5360 -60.7932 -60.6872 -60.3667 -59.8863 -59.0814 -55.8282 -55.6508 -55.5503 -55.5121 -56.8244 -56.9614
-61.0970 -60.9856 -60.9685 -59.1203 -58.6338 -58.6055 -58.5783 -58.5429 -58.5065 -58.4687 -58.4291 -58.3879 -58.3448 -58.2998 -58.3022 -57.5966 -57.5331 -57.4684 -57.4036 -57.3373 -57.2700 -57.2016 -57.1320 -57.0613 -56.9892 -56.9158 -58.2933 -58.4901 -60.0676 -61.0459 -61.6518 -61.6651 -61.6454 -61.5677 -61.4810 -57.0557 -55.4999 -55.3896 -55.4012 -55.3180
-61.2832 -61.1824 -61.0594 -60.9467 -59.4194 -58.5822 -58.5560 -58.5248 -58.4877 -58.4490 -58.4089 -58.3671 -58.3235 -58.3274 -58.2811 -58.2330 -58.1821 -57.4367 -57.3666 -57.2998 -57.2305 -57.1604 -57.0895 -57.0175 -56.9444 -56.8701 -56.7946 -56.7179 -58.3037 -60.0100 -61.4713 -63.3295 0.0000 0.0000 0.0000 -64.9215 0.0000 -55.3187 -55.2958 -55.2060
-61.4715 -61.3827 -61.2774 -61.2045 -60.3572 -60.1984 -59.3720 -59.3423 -58.4648 -58.4278 -58.3870 -58.3928 -58.3497 -58.3049 -58.2584 -58.2093 -58.1582 -58.1052 -57.3361 -57.2642 -57.1922 -57.1199 -57.0470 -56.9734 -56.8990 -56.8236 -56.7718 -56.6955 -56.6180 -57.5753 -59.9418 -62.7837 0.0000 0.0000 0.0000 0.0000 0.0000 -55.3327 -55.1630 -55.1056
