-66.8777 -66.5718 -64.2830 -64.3207 -64.3761 -64.4587 -66.4905 -66.5610 -66.6296 -66.6969 -66.7642 -66.3871 -66.4691 -66.5512 -67.1311 -67.2551 -67.3773 -67.4979 -67.6133 -67.7322 -67.8198 -67.9191 -67.7901 -67.8728 -67.7665 -67.7390 -67.6859 -67.6316 -67.5603 -66.8456 -66.8473 -66.8963 -66.9468 -66.9985 -67.0531 -67.1005 -67.1540 -67.2083 -67.3854 -67.4479
-67.9855 -66.4260 -66.3270 -66.2674 -66.2774 -66.3176 -64.6719 -64.7220 -64.7648 -66.4486 -66.5287 -66.2097 -66.2998 -66.3702 -66.9241 -67.0693 -67.2027 -67.3250 -67.4401 -67.5442 -67.6470 -67.7344 -67.8367 -67.9434 -67.8477 -67.6529 -67.6220 -67.5663 -67.5162 -66.8092 -66.8335 -66.8880 -66.9395 -66.9918 -67.0449 -67.0996 -66.3996 -66.4551 -66.4847 -66.5327
-66.4098 -66.3429 -66.2943 -66.2558 -66.2404 -66.2533 -66.2636 -66.2932 -66.3147 -64.9595 -65.0040 -64.7349 -64.7878 -65.3521 -65.7979 -65.9180 -66.0349 -66.1507 -66.2596 -66.3617 -66.4630 -66.5643 -66.6665 -66.7595 -66.7018 -66.7227 -66.7337 -66.7340 -66.6190 -66.0636 -66.0973 -66.1533 -66.2102 -66.2674 -66.3252 -66.3835 -66.4430 -66.5022 -66.5268 -66.5867
-65.5122 -65.5498 -65.5243 -65.5035 -65.4945 -65.5184 -65.5281 -65.5416 -65.5677 -65.5989 -65.6349 -65.3587 -64.8789 -64.9455 -65.3326 -65.4229 -66.0897 -66.2002 -66.3089 -66.4118 -66.5011 -66.6037 -66.7073 -66.7186 -66.7495 -66.7800 -66.7913 -66.7941 -66.7919 -66.2466 -66.2804 -66.2609 -66.3166 -66.3726 -66.4293 -66.4864 -66.5439 -66.6025 -66.6300 -66.6886
-65.5454 -65.6057 -65.6867 -65.7479 -65.7781 -65.8034 -65.8056 -65.8081 -65.8151 -65.8117 -65.8382 -65.5497 -65.5992 -65.6601 -66.0760 -65.5720 -65.6589 -65.7318 -65.8120 -65.8858 -66.5642 -66.6668 -66.7811 -65.6619 -65.7124 -65.7562 -65.7874 -65.8215 -65.8454 -65.4318 -65.4867 -65.5593 -65.6243 -65.6967 -65.7086 -65.7723 -65.8362 -65.9001 -65.9387 -66.0026
-63.4464 -63.5418 -63.9630 -64.0833 -64.1988 -64.3271 -64.4311 -64.4892 -64.5426 -64.5938 -66.0859 -65.7543 -65.8077 -65.8550 -66.2747 -66.3315 -66.4087 -66.4866 -65.9520 -66.0278 -66.0904 -66.1499 -66.1801 -66.8463 -66.8769 -66.9002 -66.9148 -66.9234 -66.9283 -66.3810 -66.4305 -66.4949 -66.5598 -66.6151 -66.6799 -66.7450 -66.8102 -66.8754 -66.8366 -66.8929
-67.3578 -66.0410 -66.0444 -66.0569 -65.6381 -65.6748 -66.2024 -66.2678 -66.3235 -66.3347 -66.3325 -66.0076 -66.0172 -66.0530 -66.4606 -66.5311 -66.6209 -66.6924 -66.7554 -66.8185 -66.8837 -66.9510 -66.2953 -66.3007 -66.3069 -66.3087 -66.3053 -66.9923 -67.0001 -66.4554 -66.5041 -66.5668 -66.6311 -66.6953 -66.7598 -66.8145 -66.8790 -66.9436 -66.9843 -67.0408
-68.4752 -68.0089 -67.4957 -67.3233 -67.2441 -67.1646 -66.4319 -65.9777 -65.9949 -66.0142 -66.5295 -66.2199 -66.2391 -66.2703 -66.7147 -66.7718 -66.8199 -66.8851 -66.9425 -67.0012 -67.0611 -67.1240 -67.1344 -67.1372 -67.1358 -66.4154 -66.4115 -66.4051 -66.3984 -65.9166 -66.5771 -66.6401 -66.7034 -66.7661 -66.8298 -66.8936 -66.9478 -67.0118 -67.0519 -67.1077
-69.1788 -68.6750 -68.3369 -68.1137 -67.8145 -67.6854 -67.6004 -67.5082 -67.4585 -67.4274 -67.4123 -65.9780 -66.0270 -66.0784 -66.9381 -66.9892 -67.0425 -67.0958 -67.1316 -67.1854 -67.2412 -67.2672 -67.2983 -67.2966 -67.2916 -67.2831 -67.2696 -67.2499 -66.5058 -66.0201 -66.0487 -66.0915 -66.1348 -66.8373 -66.9003 -66.9628 -67.0261 -67.0895 -67.1191 -67.1744
-68.2927 -67.7728 -67.5926 -67.4924 -67.4645 -67.4357 -67.4296 -67.3301 -67.3869 -67.4182 -67.4562 -67.0725 -67.1332 -67.1967 -67.7284 -67.8167 -67.2494 -67.3001 -67.3419 -67.3860 -67.4215 -67.4397 -67.4632 -67.4570 -67.4480 -67.4361 -67.4201 -67.4026 -67.3874 -66.7971 -66.8223 -66.1920 -66.2342 -66.2772 -66.3210 -66.3656 -66.4110 -67.1567 -67.1957 -67.2404
-64.7208 -64.7966 -64.7890 -64.8586 -64.9447 -65.0336 -65.0964 -65.1740 -65.2366 -65.2998 -65.3098 -65.1193 -65.1989 -65.2787 -65.6502 -65.7474 -65.8358 -65.9162 -65.9861 -66.0628 -66.1195 -66.1930 -66.2449 -66.2704 -66.3007 -66.3265 -66.3496 -66.3697 -65.9197 -65.9528 -65.9979 -66.0533 -66.1121 -66.1712 -65.8311 -65.8927 -65.9543 -66.0162 -66.0366 -66.0867
-64.6332 -64.7121 -64.8126 -64.8431 -64.9318 -64.9951 -65.0656 -65.1469 -65.2108 -65.2758 -65.3419 -65.1484 -65.1794 -65.2561 -65.6208 -65.7178 -65.8139 -65.8943 -65.9714 -66.0451 -66.1013 -66.1730 -66.2248 -66.2577 -66.2880 -66.3085 -66.3344 -66.3576 -65.9202 -65.9546 -66.0010 -66.0597 -66.1157 -66.1754 -66.2354 -66.2633 -66.3242 -66.3853 -66.0454 -66.0959
-64.5773 -64.6651 -64.7457 -64.8407 -64.9055 -64.9450 -65.0312 -65.1019 -65.1677 -65.2344 -65.3019 -65.1158 -65.1912 -65.2605 -65.6083 -65.6755 -65.7682 -65.8512 -65.9308 -66.0102 -66.0659 -66.1348 -66.1865 -66.2221 -66.2542 -66.2830 -66.3098 -66.3288 -65.9054 -65.9410 -65.9883 -66.0480 -66.0755 -66.1354 -66.1931 -66.2543 -66.3156 -66.3772 -66.4261 -66.4749
-71.4593 -70.2291 -68.8555 -68.2289 -67.9251 -67.8076 -65.5831 -65.6162 -65.6651 -65.7156 -65.7674 -65.5436 -65.6017 -65.6491 -66.0071 -66.0796 -66.1535 -66.2235 -65.9577 -65.9568 -66.0307 -66.1034 -66.1547 -66.1888 -66.2236 -66.2541 -66.2833 -66.3106 -65.8978 -65.9284 -65.9436 -66.0044 -66.0653 -66.1264 -66.1877 -66.2490 -66.3075 -66.3695 -66.4190 -66.4684
-71.5273 -70.6592 -69.7742 -69.1292 -68.6152 -68.1731 -67.8423 -67.5645 -67.3688 -67.1903 -67.0798 -66.6370 -66.5907 -65.8137 -66.1373 -66.2106 -66.2839 -66.3516 -66.4161 -66.4588 -66.5192 -66.5787 -66.6118 -66.6345 -66.6550 -66.6690 -66.6847 -66.6585 -66.2096 -66.2349 -66.2727 -66.3188 -66.3714 -66.4246 -66.4782 -66.5322 -66.5864 -66.6408 -66.5036 -66.4930
-71.7334 -70.7755 -70.0247 -69.4482 -68.8802 -68.3902 -68.0461 -67.7740 -67.5443 -67.3783 -67.2463 -66.7867 -66.7277 -66.6861 -67.0194 -67.0147 -67.0171 -67.0207 -67.0092 -67.0229 -67.0414 -66.7314 -66.7257 -66.7467 -66.7191 -66.7369 -66.7535 -66.7652 -66.3130 -66.3369 -66.3737 -66.4233 -66.4736 -66.5245 -66.5720 -66.6250 -66.6783 -66.7320 -66.8271 -66.8604
-73.3898 -70.7609 -70.2552 -69.7058 -69.1883 -68.7412 -68.3901 -68.1018 -67.8624 -67.6693 -67.5161 -67.0154 -66.9413 -66.8857 -67.2168 -67.1952 -67.1846 -67.1763 -67.1524 -67.1562 -67.1655 -67.1795 -67.1191 -67.1050 -67.0928 -67.0812 -67.0717 -67.0627 -66.5658 -66.4387 -66.4741 -66.5226 -66.5718 -66.6215 -66.6718 -66.7732 -66.8200 -66.8720 -66.9178 -66.9502
-71.5815 -70.2122 -70.2564 -70.0398 -69.5549 -69.1363 -68.7668 -68.4674 -68.2126 -68.0035 -67.8324 -67.2974 -67.2080 -67.1343 -67.4568 -67.4219 -67.3981 -67.3822 -67.3454 -67.2830 -67.2849 -67.2917 -67.2737 -67.2516 -67.2313 -67.2139 -67.1985 -67.1857 -66.6826 -66.6837 -66.6969 -66.7306 -66.8189 -66.8545 -66.8920 -66.9310 -66.9478 -66.9682 -67.0080 -67.0394
-67.0970 -66.7413 -66.7435 -66.7710 -66.7869 -66.8298 -69.1589 -68.8568 -68.5772 -68.3645 -68.1715 -67.5940 -67.4881 -67.4019 -67.7328 -67.6852 -67.5839 -67.5269 -67.5058 -67.4922 -67.4887 -67.4867 -67.4585 -67.4283 -67.4003 -67.3760 -67.3543 -67.3358 -66.8216 -66.8745 -66.8857 -66.9126 -66.9376 -66.9691 -67.0025 -67.0377 -67.0746 -67.1130 -67.1460 -67.1664
-66.9081 -66.6748 -66.8383 -66.8336 -66.8705 -66.8728 -66.8828 -66.8956 -66.9091 -66.9285 -66.9530 -66.6547 -66.6978 -66.7223 -67.9429 -67.8892 -67.8450 -67.7794 -67.7483 -67.7252 -67.7089 -67.6987 -67.6608 -67.6225 -67.5870 -67.6292 -67.5999 -67.5745 -67.0345 -67.0246 -67.0304 -67.0518 -67.0765 -67.1035 -67.1290 -67.1605 -67.1938 -67.2289 -67.2653 -67.2754
0.0000 -71.3926 -66.9074 -66.8896 -67.0002 -66.9857 -66.9754 -66.9741 -66.9754 -66.9837 -66.9981 -66.6353 -66.6741 -66.7160 -67.0975 -67.1581 -67.2180 -67.2508 -67.3071 -67.3642 -67.4219 -67.9185 -67.9542 -67.9067 -67.8627 -67.8233 -67.7876 -67.7564 -67.1984 -67.1821 -67.1832 -67.2009 -67.2210 -67.2440 -67.2695 -67.2971 -67.3230 -67.3547 -67.3880 -67.3947
0.0000 -72.8014 -71.4769 -71.2756 -69.9077 -69.6989 -67.1275 -67.1125 -67.0310 -67.0348 -67.0443 -66.7357 -66.7656 -66.7989 -67.1721 -67.2238 -67.2509 -67.2981 -67.3447 -67.4724 -67.5237 -67.5758 -67.5960 -67.6137 -67.6300 -67.6466 -67.6625 -67.6778 -67.1911 -67.3443 -67.3407 -67.3544 -67.3712 -67.3899 -67.4118 -67.4359 -67.4621 -67.4865 -67.5167 -67.5201
0.0000 -73.1598 -72.1261 -71.4743 -71.2748 -70.1226 -69.8713 -69.7724 -69.7691 -69.8714 -67.1954 -66.8720 -66.8937 -66.9190 -67.2874 -67.3309 -67.4289 -67.4683 -67.5093 -67.5516 -67.5953 -67.6399 -67.6526 -67.6664 -67.6751 -67.6848 -67.6949 -67.7065 -67.1997 -67.2223 -67.2531 -67.2989 -67.3459 -67.3942 -67.4431 -67.4935 -67.5288 -67.5723 -67.6002 -67.5974
0.0000 0.0000 -72.4633 -71.6082 -71.2267 -69.8527 -69.8084 -69.5946 -69.6502 -69.7049 -69.7585 -69.2456 -69.2743 -67.1454 -67.5186 -67.5317 -67.5618 -67.5939 -67.6303 -67.6721 -67.7065 -67.7421 -67.7451 -67.7477 -67.7517 -67.7561 -67.7612 -67.7684 -67.2586 -67.2769 -67.3033 -67.3447 -67.3414 -67.3771 -67.4237 -67.4708 -67.5196 -67.5695 -67.6201 -67.6431
-74.6370 -73.3523 -69.8185 -69.6488 -69.6637 -69.6807 -69.7003 -69.7135 -69.7207 -69.5755 -69.7854 -69.2742 -69.3450 -69.3934 -71.0064 -70.8855 -70.8086 -67.7521 -67.7765 -67.8030 -67.8314 -67.8605 -67.8584 -67.8559 -67.8548 -67.8543 -67.8548 -67.8576 -67.2931 -67.2976 -67.3210 -67.3593 -67.3992 -67.4404 -67.4830 -67.5268 -67.6477 -67.6935 -67.7404 -67.7594
-70.5208 -70.3225 -69.6711 -69.5367 -69.5569 -69.5790 -69.6093 -69.7801 -69.7913 -71.2437 -71.3536 -70.3399 -70.2994 -70.2748 -70.9685 -70.8832 -70.8480 -70.8231 -70.8063 -70.7964 -67.9705 -67.9937 -67.9867 -67.9796 -67.9148 -67.8977 -67.8966 -67.8978 -67.3839 -67.3955 -67.4149 -67.4497 -67.5657 -67.6028 -67.6413 -67.6812 -67.7222 -67.7638 -67.8070 -67.8225
-69.3710 -70.0540 -69.5389 -69.5681 -69.6590 -71.9172 -71.9445 -71.8908 -71.5611 -71.3002 -71.0948 -70.2349 -70.1515 -70.0119 -70.6411 -70.6469 -70.6250 -70.6126 -70.6079 -70.6094 -70.3891 -70.3577 -70.3211 -70.2831 -68.0309 -68.0255 -68.0211 -68.0214 -67.5819 -67.5889 -67.6042 -67.6351 -67.6677 -67.7017 -67.7371 -67.7737 -67.8117 -67.8506 -67.8850 -67.8969
0.0000 0.0000 0.0000 -73.2717 -73.0259 -72.4529 -71.9528 -71.5444 -71.2120 -70.9596 -70.7686 -69.9797 -69.9089 -69.8607 -70.4184 -70.3552 -70.3798 -70.1761 -70.1974 -70.2196 -70.2425 -70.2605 -70.2311 -70.3737 -70.3406 -70.3078 -70.2763 -68.2658 -67.7034 -67.7076 -67.7201 -67.7482 -67.7780 -67.8092 -67.8419 -67.8719 -67.9069 -67.9429 -67.9800 -67.9886
0.0000 0.0000 0.0000 -73.5420 -72.8571 -72.2051 -71.6552 -71.2078 -70.8758 -70.6317 -70.4550 -69.7285 -69.6856 -69.4157 -69.9801 -70.0033 -70.0279 -70.0452 -70.0803 -70.2892 -70.3152 -70.3352 -70.3094 -70.2821 -70.2563 -70.2307 -70.2060 -70.1849 -69.3621 -69.3453 -69.3601 -67.8659 -67.8908 -67.9192 -67.9492 -67.9805 -68.0130 -68.0467 -68.0816 -68.0955
0.0000 0.0000 0.0000 -73.5158 -72.7113 -72.0164 -71.4360 -70.9777 -70.2163 -69.8052 -69.7942 -69.2670 -69.2865 -69.2865 -69.8343 -70.0448 -70.0738 -70.1039 -70.1201 -70.1662 -70.1981 -70.2230 -70.2055 -70.1859 -70.1676 -70.0013 -69.9963 -69.9936 -69.2178 -69.2229 -69.2479 -69.2835 -69.3198 -69.3570 -69.3939 -68.0926 -68.1230 -68.1546 -68.1873 -68.1991
0.0000 0.0000 0.0000 0.0000 -72.6106 -69.6269 -69.6213 -69.6136 -69.6066 -69.6050 -69.7948 -69.2804 -69.3044 -69.3083 -69.5845 -69.6425 -69.6998 -69.7558 -69.8108 -69.8647 -69.9175 -69.9613 -69.9644 -69.9672 -69.9683 -69.9681 -69.9674 -69.9690 -69.2113 -69.2186 -69.2453 -69.2825 -69.3203 -69.3579 -69.3962 -69.4351 -69.4744 -69.5141 -68.2957 -68.3053
0.0000 -70.4791 -69.6734 -69.5629 -68.8841 -68.9396 -69.1449 -69.1934 -69.2372 -69.2808 -69.3242 -68.9027 -68.9432 -68.9897 -69.5172 -69.5777 -69.6375 -69.6962 -69.7537 -69.8109 -69.8664 -69.9124 -69.9200 -69.9269 -69.9322 -69.9362 -69.9396 -69.9452 -69.2049 -69.2145 -69.2431 -69.2815 -69.3198 -69.3588 -69.3983 -69.4385 -69.4791 -69.5203 -69.5616 -69.5736
-68.8183 -69.1530 -69.3868 -69.4730 -68.9392 -68.9880 -69.0502 -69.1037 -69.1527 -69.2013 -69.2492 -68.8454 -68.8877 -68.9374 -69.4544 -69.5177 -69.5802 -69.6417 -69.7017 -69.7606 -69.8184 -69.8661 -69.8788 -69.8899 -69.8991 -69.9070 -69.9144 -69.9239 -69.2005 -69.2119 -69.2414 -69.2805 -69.3202 -70.1020 -70.1258 -70.1507 -70.1768 -70.2041 -70.2321 -70.2272
-68.8378 -68.8625 -69.1454 -69.0933 -73.9162 -72.6990 -72.2620 -71.9964 -71.8314 -71.7266 -71.6579 -70.8642 -70.8522 -70.8491 -71.5812 -71.6005 -71.5166 -71.5419 -71.1272 -71.0970 -71.1209 -71.1312 -71.0981 -71.0665 -71.0348 -71.0059 -70.9761 -70.9512 -70.0367 -70.0109 -70.0307 -70.0519 -70.0744 -70.0982 -70.1231 -70.1492 -70.1764 -70.2045 -70.2335 -70.2411
-71.6168 0.0000 0.0000 0.0000 0.0000 -73.7027 -73.1984 -72.8194 -72.5552 -72.3629 -72.2111 -71.2757 -71.2175 -71.0710 -71.7993 -70.9532 -70.9505 -70.9762 -71.0023 -71.0286 -71.0549 -71.0681 -71.0400 -71.0121 -70.9850 -70.9582 -70.9328 -70.9120 -70.0217 -69.9983 -70.0197 -70.0424 -70.0662 -70.0914 -70.1176 -70.1448 -70.1730 -70.2022 -70.2322 -70.2411
-72.3373 -72.5350 0.0000 0.0000 0.0000 -74.3756 -73.7889 -73.3902 -73.0449 -72.6511 -72.2200 -70.2542 -70.2027 -70.2023 -70.8168 -70.8440 -70.8716 -70.8996 -70.9280 -70.9566 -70.9852 -71.0006 -70.9772 -70.9551 -70.9330 -70.9110 -70.8884 -70.8720 -70.0017 -69.9806 -70.0034 -70.0298 -70.0552 -70.0816 -70.1091 -70.1376 -70.1670 -70.1982 -70.2731 -71.0311
-73.0378 -73.1346 0.0000 0.0000 0.0000 -75.0513 -73.6378 -72.4569 -70.7520 -70.6919 -70.6839 -70.1007 -70.1156 -70.1311 -70.7292 -70.7590 -70.7892 -70.8196 -70.8503 -70.8813 -70.9124 -70.9282 -70.9111 -70.8937 -70.8760 -70.8585 -70.8423 -70.8305 -69.9822 -69.9620 -69.9865 -70.0121 -70.0408 -70.1392 -70.9608 -71.0025 -71.0437 -71.0846 -71.1253 -71.1395
-71.8546 -71.7600 0.0000 0.0000 -76.2927 -70.7715 -70.5644 -70.5707 -70.5750 -70.5809 -70.5759 -70.0182 -70.0367 -70.0558 -70.6376 -70.6704 -70.7033 -70.7364 -70.7697 -70.8030 -70.8366 -70.8548 -70.8422 -70.8293 -70.8161 -70.8030 -70.7911 -70.8640 -70.9001 -70.8906 -70.9306 -70.9698 -71.0055 -71.0435 -71.0813 -71.1189 -71.1563 -71.1975 -71.2352 -71.2466
-71.4014 -71.2149 -71.5600 -71.5428 -71.4863 -70.5877 -70.4328 -70.4442 -70.4540 -70.4609 -70.4636 -69.9313 -69.9535 -69.9762 -70.5423 -70.5781 -70.6141 -70.6500 -70.6860 -70.7220 -70.7580 -70.7800 -72.1098 -72.1243 -72.1307 -72.1311 -72.1283 -72.1277 -71.0557 -71.0377 -71.0712 -71.1047 -71.1382 -71.1718 -71.1898 -71.1973 -71.2100 -71.2246 -71.2410 -71.2461
-69.9467 -70.5302 -70.6896 -70.7192 -71.0453 -70.3867 -70.3050 -70.3130 -70.3285 -70.3389 -70.3473 -69.8400 -69.8662 -69.8927 -70.4434 -70.4825 -70.5415 -72.1060 -72.2019 -72.2826 -72.3525 -72.3921 -72.3862 -72.3753 -72.3608 -72.3438 -72.3265 -72.3140 -71.1875 -71.1317 -71.1319 -71.1352 -71.1413 -71.1500 -71.1610 -71.1742 -71.1893 -71.2029 -71.2214 -71.2286
