-50.7172 -50.7429 -50.7696 -50.7977 -50.8247 -50.8542 -50.8827 -50.9105 -50.9435 -50.9466 -50.9866 -51.0117 -51.0366 -51.0629 -51.0910 -51.1184 -51.1460 -51.1736 -51.2042 -51.2366 -51.2672 -51.2984 -51.3289 -51.3580 -51.3865 -51.4135 -51.4445 -51.4765 -51.5107 -51.5450 -51.5766 -51.6080 -51.6415 -51.6794 -51.7171 -51.7526 -51.7870 -51.8212 -51.8605 -51.9012
-50.8231 -50.8457 -50.8720 -50.8989 -50.9262 -50.9536 -50.9823 -51.0102 -51.0558 -51.0600 -51.0629 -51.1113 -51.1364 -51.1607 -51.1881 -51.2155 -51.2424 -51.2698 -51.2981 -51.3305 -51.3598 -51.3907 -51.4216 -51.4512 -51.4798 -51.5039 -51.5348 -51.5652 -51.5977 -51.6316 -51.6657 -51.6966 -51.7277 -51.7617 -51.7992 -51.8362 -51.8710 -51.9049 -51.9387 -51.9782
-50.9277 -50.9486 -50.9737 -50.9994 -51.0265 -51.0529 -51.0806 -51.1086 -51.1358 -51.1713 -51.1747 -51.2107 -51.2350 -51.2594 -51.2840 -51.3115 -51.3383 -51.3650 -51.3945 -51.4234 -51.4527 -51.4820 -51.5127 -51.5432 -51.5719 -51.5954 -51.6242 -51.6546 -51.6847 -51.7176 -51.7515 -51.7846 -51.8152 -51.8459 -51.8805 -51.9174 -51.9540 -51.9880 -52.0215 -52.0549
-51.0311 -51.0522 -51.0741 -51.0999 -51.1255 -51.1521 -51.1778 -51.2059 -51.2333 -51.2813 -51.2855 -51.2883 -51.3326 -51.3570 -51.3808 -51.4064 -51.4333 -51.4596 -51.4886 -51.5153 -51.5446 -51.5734 -51.6028 -51.6332 -51.6631 -51.6864 -51.7138 -51.7430 -51.7730 -51.8029 -51.8361 -51.8700 -51.9021 -51.9324 -51.9628 -51.9979 -52.0343 -52.0703 -52.1036 -52.1368
-51.1321 -51.1545 -51.1747 -51.1993 -51.2244 -51.2502 -51.2752 -51.3020 -51.3295 -51.3562 -51.3941 -51.3976 -51.4298 -51.4534 -51.4774 -51.5005 -51.5273 -51.5536 -51.5820 -51.6082 -51.6355 -51.6643 -51.6925 -51.7222 -51.7477 -51.7766 -51.8039 -51.8309 -51.8605 -51.8900 -51.9201 -51.9537 -51.9871 -52.0182 -52.0482 -52.0783 -52.1138 -52.1497 -52.1851 -52.2179
-51.2309 -51.2557 -51.2761 -51.2975 -51.3227 -51.3475 -51.3726 -51.3970 -51.4246 -51.4515 -51.5018 -51.5057 -51.5087 -51.5492 -51.5728 -51.5962 -51.6201 -51.6465 -51.6748 -51.7005 -51.7265 -51.7543 -51.7825 -51.8105 -51.8356 -51.8652 -51.8931 -51.9201 -51.9471 -51.9766 -52.0056 -52.0366 -52.0699 -52.1028 -52.1330 -52.1628 -52.1928 -52.2284 -52.2639 -52.2985
-51.3515 -51.3548 -51.3763 -51.3958 -51.4199 -51.4445 -51.4689 -51.4927 -51.5186 -51.5456 -51.5717 -51.6121 -51.6157 -51.6187 -51.6671 -51.6907 -51.7134 -51.7385 -51.7669 -51.7921 -51.8176 -51.8434 -51.8715 -51.8992 -51.9227 -51.9520 -51.9813 -52.0084 -52.0349 -52.0623 -52.0913 -52.1199 -52.1519 -52.1847 -52.2171 0.0000 0.0000 0.0000 -52.3417 -52.3767
-51.4459 -51.4754 -51.4753 -51.4951 -51.5159 -51.5406 -51.5649 -51.5879 -51.6115 -51.6386 -51.6650 -51.6903 -51.7212 -51.7243 -51.7610 -51.7841 -51.8070 -51.8293 -51.8579 -51.8831 -51.9081 -51.9333 -51.9596 -51.9873 -52.0096 -52.0380 -52.0671 -52.0957 -52.1223 0.0000 0.0000 -52.2046 -52.2335 -52.2658 -52.2982 -52.3426 0.0000 0.0000 -65.0274 -52.4537
-51.5392 -51.5688 -51.5727 -51.5932 -51.6121 -51.6357 -51.6598 -51.6828 -51.7055 -51.7306 -51.7571 -51.7828 -51.8255 -51.8291 -51.8319 -51.8766 -51.8995 -51.9219 -51.9479 -51.9732 -51.9978 -52.0228 -52.0478 -52.0745 -52.0967 -52.1234 -52.1522 -52.1810 -52.2087 0.0000 0.0000 -64.5641 -52.3170 -52.3463 -52.3785 -52.4222 0.0000 0.0000 -65.1091 -61.9248
-51.6335 -51.6612 -51.6900 -51.6902 -51.7093 -51.7297 -51.7539 -51.7770 -51.7990 -51.8216 -51.8481 -51.8741 -51.8989 -51.9322 -51.9354 -51.9684 -51.9909 -52.0135 -52.0379 -52.0623 -52.0871 -52.1115 -52.1362 -52.1562 -52.1830 -52.2095 -52.2365 -52.2651 -52.2937 -52.3326 0.0000 -64.6486 -61.4439 -52.4284 -52.4580 -52.5008 -52.5336 -66.7319 0.0000 -63.0097
-51.7273 -51.7525 -51.7815 -51.8098 -51.8054 -51.8238 -51.8470 -51.8703 -51.8922 -51.9138 -51.9382 -51.9642 -51.9895 -52.0344 -52.0379 -52.0407 -52.0817 -52.1068 -52.1287 -52.1505 -52.1754 -52.1995 -52.2239 -52.2435 -52.2684 -52.2949 -52.3210 -52.3484 -52.3843 -52.4163 0.0000 0.0000 -62.5337 -52.5102 -52.5385 -52.5790 -52.6116 -61.2066 0.0000 0.0000
-51.8200 -51.8443 -51.8719 -51.9002 -51.9005 -51.9191 -51.9390 -51.9627 -51.9844 -52.0060 -52.0275 -52.0533 -52.0788 -52.1032 -52.1389 -52.1421 -52.1452 -52.1963 -52.2185 -52.2398 -52.2627 -52.2870 -52.3107 -52.3301 -52.3542 -52.3794 -52.4056 -52.4312 -52.4668 -52.4977 -67.0987 -67.1460 0.0000 -61.6315 -52.6194 -52.6576 -52.6891 -52.7237 -61.3238 0.0000
-51.9116 -51.9362 -51.9613 -51.9897 -52.0173 -52.0133 -52.0311 -52.0538 -52.0759 -52.0973 -52.1184 -52.1415 -52.1670 -52.1920 -52.2391 -52.2423 -52.2452 -52.2853 -52.3072 -52.3288 -52.3496 -52.3735 -52.3973 -52.4159 -52.4398 -52.4637 -52.4893 -52.5150 -52.5485 -52.5788 -52.6080 -65.5652 0.0000 -62.3106 -61.2174 -52.7374 -52.7663 -52.7982 -52.8348 -61.4405
-52.0026 -52.0269 -52.0508 -52.0783 -52.1060 -52.1296 -52.1245 -52.1440 -52.1665 -52.1877 -52.2088 -52.2294 -52.2544 -52.2794 -52.3035 -52.3414 -52.3446 -52.3503 -52.3950 -52.4167 -52.4377 -52.4591 -52.4830 -52.5012 -52.5246 -52.5484 -52.5724 -52.5979 -52.6309 -52.6592 -52.6883 -52.7213 0.0000 0.0000 -61.8813 -61.0732 -52.8453 -52.8744 -52.9076 -52.9416
-52.0931 -52.1168 -52.1407 -52.1659 -52.1937 -52.2204 -52.2169 -52.2342 -52.2561 -52.2773 -52.2982 -52.3189 -52.3407 -52.3659 -52.3904 -52.4397 -52.4427 -52.4484 -52.4822 -52.5036 -52.5249 -52.5454 -52.5628 -52.5860 -52.6087 -52.6323 -52.6559 -52.6801 -52.7131 -52.7397 -52.7679 -52.7963 0.0000 -70.5692 -62.3971 -61.6158 -60.9821 -52.9520 -52.9814 -53.0134
-52.1827 -52.2056 -52.2297 -52.2532 -52.2805 -52.3076 -52.3305 -52.3258 -52.3448 -52.3662 -52.3868 -52.4075 -52.4278 -52.4514 -52.4760 -52.4998 -52.5400 -52.5458 -52.5486 -52.5898 -52.6111 -52.6317 -52.6466 -52.6699 -52.6926 -52.7154 -52.7389 -52.7622 -52.7946 -52.8209 -52.8468 -52.8750 -52.9068 -67.3507 0.0000 0.0000 -61.4601 -53.0295 -53.0575 -53.0880
-52.2713 -52.2944 -52.3177 -52.3412 -52.3664 -52.3936 -52.4195 -52.4390 -52.4332 -52.4541 -52.4748 -52.4952 -52.5155 -52.5363 -52.5608 -52.5849 -52.6077 -52.6420 -52.6448 -52.6752 -52.6963 -52.7172 -52.7322 -52.7530 -52.7758 -52.7982 -52.8211 -52.8505 -52.8757 -52.9015 -52.9270 -52.9531 -52.9809 -61.9702 0.0000 0.0000 0.0000 -61.3759 -53.1342 -53.1621
-52.3588 -52.3823 -52.4048 -52.4284 -52.4516 -52.4787 -52.5052 -52.5273 -52.5230 -52.5410 -52.5619 -52.5821 -52.6024 -52.6223 -52.6446 -52.6688 -52.6923 -52.7375 -52.7403 -52.7430 -52.7808 -52.8017 -52.8168 -52.8363 -52.8582 -52.8806 0.0000 -52.9322 -52.9569 -52.9817 -53.0067 -53.0317 -53.0582 -53.0905 -62.0867 -72.7909 -73.3331 -67.7567 -61.3402 -53.2375
-52.4453 -52.4692 -52.4917 -52.5147 -52.5377 -52.5629 -52.5896 -52.6146 -52.6337 -52.6279 -52.6482 -52.6684 -52.6884 -52.7083 -52.7284 -52.7519 -52.7786 -52.8010 -52.8347 -52.8374 -52.8404 -52.8853 -52.9006 -52.9202 -52.9397 -52.9750 0.0000 0.0000 -53.0375 -53.0615 -53.0862 -53.1106 -53.1350 -53.1621 -53.1941 -62.1882 -70.0077 0.0000 0.0000 0.0000
-52.5302 -52.5552 -52.5779 -52.6002 -52.6232 -52.6462 -52.6730 -52.6990 -52.7203 -52.7384 -52.7335 -52.7539 -52.7736 -52.7935 -52.8130 -52.8346 -52.8609 -52.8840 -52.9284 -52.9310 -52.9337 -52.9629 -52.9833 -53.0033 -53.0225 -53.0547 0.0000 0.0000 0.0000 -53.1412 -53.1649 -53.1893 -53.2133 -53.2380 -53.2649 -53.3472 -62.3052 -66.8574 0.0000 0.0000
-52.6142 -52.6402 -52.6632 -52.6851 -52.7079 -52.7304 -52.7556 -52.7817 -52.8060 -52.8246 -52.8187 -52.8385 -52.8583 -52.8779 -52.8975 -52.9169 -52.9425 -52.9657 -52.9879 -53.0238 -53.0264 -53.0239 -53.0652 -53.0854 -53.1048 -53.1347 -53.1578 0.0000 0.0000 -53.2203 -53.2437 -53.2673 -53.2912 -53.3147 -53.3400 -53.3708 -61.5879 -62.4246 -66.0768 -67.0592
-52.6974 -52.7237 -52.7476 -52.7698 -52.7917 -52.8143 -52.8373 -52.8636 -52.8892 -52.9097 -52.9267 -52.9223 -52.9423 -52.9615 -52.9811 -53.0002 -53.0240 -53.0465 -53.0694 -53.1158 0.0000 0.0000 -53.1465 -53.1665 -53.1863 -53.2159 -53.2366 -53.2645 -70.9783 -65.2528 -53.3219 -53.3449 -53.3685 -53.3919 -53.4151 -53.4410 -53.4717 -61.8434 -62.5349 -65.7877
-52.7797 -52.8061 -52.8311 -52.8535 -52.8748 -52.8974 -52.9195 -52.9446 -52.9703 -52.9938 -53.0114 -53.0276 -53.0253 -53.0447 -53.0639 -53.0831 -53.1049 -53.1271 -53.1494 -53.1714 -62.9546 0.0000 0.0000 -53.2469 -53.2751 -53.2964 -53.3165 -53.3377 -62.7284 -65.0268 0.0000 -53.4223 -53.4451 -53.4686 -53.4915 -53.5147 -53.5448 -53.5732 -62.0489 -62.6441
-52.8612 -52.8878 -52.9135 -52.9364 -52.9579 -52.9797 -53.0018 -53.0249 -53.0506 -53.0758 -53.0952 -53.1114 -53.1076 -53.1271 -53.1460 -53.1651 -53.1869 -53.2071 -53.2290 -53.2560 -53.2790 0.0000 0.0000 0.0000 -53.3548 -53.3762 -53.3964 -53.4156 -53.4416 -62.8323 0.0000 0.0000 -53.5217 -53.5445 -53.5675 -53.5900 -53.6140 -53.6440 -61.6977 -62.2223
-52.9428 -52.9686 -52.9944 -53.0185 -53.0402 -53.0611 -53.0834 -53.1052 -53.1301 -53.1553 -53.1781 -53.1945 -53.2105 -53.2087 -53.2277 -53.2465 -53.2683 -53.2868 -53.3082 -53.3346 -53.3580 -63.1262 0.0000 0.0000 -65.0658 -53.4552 -53.4755 -53.4948 -53.5145 -53.5397 0.0000 0.0000 -65.6398 -53.6201 -53.6428 -53.6654 -53.6875 -53.7159 -53.7425 -61.8762
-53.0243 -53.0486 -53.0746 -53.0997 -53.1217 -53.1426 -53.1642 -53.1858 -53.2089 -53.2342 -53.2589 -53.2768 -53.2928 -53.2895 -53.3086 -53.3271 -53.3489 -53.3673 -53.3868 -53.4132 -53.4360 -53.4576 -63.2433 -70.8949 -65.1460 -53.5333 -53.5538 -53.5733 -53.5921 -53.6157 0.0000 0.0000 -65.7159 -53.7202 -53.7174 -53.7400 -53.7622 -53.7840 -53.8118 -53.8396
-53.1055 -53.1280 -53.1540 -53.1792 -53.2023 -53.2235 -53.2441 -53.2660 -53.2875 -53.3123 -53.3370 -53.3583 -53.3744 -53.3902 -53.3888 -53.4104 -53.4287 -53.4472 -53.4653 -53.4911 -53.5135 -53.5354 -53.6075 -63.3522 0.0000 0.0000 -53.6313 -53.6511 -53.6700 -53.6878 -53.7385 0.0000 -65.7934 -63.5293 -53.7919 -53.8140 -53.8363 -53.8570 -53.8823 -53.9096
-53.1859 -53.2078 -53.2326 -53.2579 -53.2821 -53.3035 -53.3238 -53.3453 -53.3665 -53.3896 -53.4144 -53.4384 -53.4552 -53.4709 -53.4890 -53.4900 -53.5080 -53.5264 -53.5445 -53.5684 -53.5905 -53.6121 -53.6331 -62.3980 0.0000 0.0000 -65.3946 -53.7281 -53.7472 -53.7653 -53.7881 -68.9438 -68.9767 -64.1476 -62.5987 -53.8876 -53.9091 -53.9302 -53.9523 -53.9790
-53.2656 -53.2874 -53.3104 -53.3359 -53.3606 -53.3827 -53.4033 -53.4238 -53.4452 -53.4665 -53.4911 -53.5154 -53.5352 -53.5511 -53.5667 -53.5687 -53.5869 -53.6048 -53.6267 -53.6458 -53.6670 -53.6885 -53.7096 -53.7571 0.0000 0.0000 -65.4707 -53.8041 -53.8236 -53.8421 -53.8597 -63.3256 -65.7034 -64.5587 -63.2839 -53.9857 -53.9816 -54.0039 -54.0247 -54.0453
-53.3445 -53.3664 -53.3883 -53.4132 -53.4380 -53.4612 -53.4820 -53.5018 -53.5232 -53.5440 -53.5671 -53.5915 -53.6142 -53.6304 -53.6459 -53.6670 -53.6651 -53.6827 -53.7047 -53.7236 -53.7427 -53.7642 -53.7852 -53.8043 -62.1928 -71.5091 -65.5914 -63.2863 -53.8992 -53.9180 -53.9358 -53.9583 -63.4300 -64.7948 -63.7717 -62.7677 -54.0540 -54.0757 -54.0966 -54.1172
-53.4229 -53.4447 -53.4660 -53.4897 -53.5146 -53.5388 -53.5599 -53.5800 -53.6003 -53.6213 -53.6424 -53.6669 -53.6898 -53.7090 -53.7246 -53.7432 -53.7634 -53.7603 -53.7820 -53.8008 -53.8191 -53.8393 -53.8602 -53.8797 -53.9314 -65.9155 -65.6690 -63.9046 -62.3631 -53.9931 0.0000 0.0000 -54.0523 -63.5157 -64.1286 -63.2776 -62.4872 -54.1471 -54.1679 -54.1886
-53.5008 -53.5223 -53.5437 -53.5655 -53.5905 -53.6148 -53.6371 -53.6574 -53.6768 -53.6979 -53.7184 -53.7415 -53.7650 -53.7869 -53.8026 -53.8211 -53.8387 -53.8371 0.0000 0.0000 -65.2305 -53.9138 -53.9346 -53.9542 -53.9752 -63.8009 -65.7025 -64.3160 -63.0426 0.0000 0.0000 0.0000 -66.0458 -62.5848 -63.6222 -63.6763 -62.9332 -54.2430 -54.2385 -54.2593
-53.5776 -53.5991 -53.6207 -53.6418 -53.6657 -53.6902 -53.7135 -53.7340 -53.7535 -53.7738 -53.7943 -53.8155 -53.8395 -53.8612 -53.8799 -53.8984 -53.9137 -53.9386 0.0000 0.0000 -65.3087 -53.9891 -54.0083 -54.0281 -54.0496 -54.0725 -63.9034 -64.6178 -63.5301 0.0000 0.0000 -69.4078 -66.1167 -54.2161 -62.8976 -63.7252 -63.3470 -62.7272 -54.3089 -54.3294
-53.7078 -53.6757 -53.6969 -53.7179 -53.7403 -53.7648 -53.7885 -53.8099 -53.8297 -53.8490 -53.8696 -53.8899 -53.9129 -53.9352 -53.9564 -53.9751 -53.9901 -54.0127 -68.9804 -68.8143 -65.4088 -63.0724 -54.0815 -54.1026 -54.1228 -54.1423 -54.2108 -63.9958 0.0000 0.0000 0.0000 -68.4750 -66.1872 -63.8976 -54.3064 -63.1421 -63.6283 -63.0896 -62.5978 -54.3991
-53.7866 -53.7515 -53.7725 -53.7936 -53.8147 -53.8387 -53.8626 -53.8851 -53.9051 -53.9241 -53.9442 -53.9644 -53.9857 -54.0084 -54.0330 -54.0510 -54.0661 -54.0864 -64.2961 -66.6651 -65.4861 -63.7311 -54.1558 -54.1752 -54.1954 -54.2153 -54.2371 -63.0424 -72.0086 -75.0720 -69.5590 -67.9991 -66.2573 -64.5088 -62.5937 -62.6816 -63.3341 -63.4254 -62.9368 -62.5301
-53.8648 -53.8802 -53.8475 -53.8685 -53.8890 -53.9120 -53.9360 -53.9593 -53.9797 -53.9990 -54.0182 -54.0385 -54.0585 -54.0810 -54.1058 -54.1262 -54.1415 -54.1617 -54.1813 -64.4012 -65.5354 -64.1447 -62.8319 -54.2474 -54.2674 0.0000 0.0000 0.0000 -63.4025 -70.1941 -69.0321 -67.7252 -66.3231 -64.9133 -63.6354 -54.4666 -62.9375 -63.5000 -63.2450 -62.8355
-53.9423 -53.9578 -53.9223 -53.9429 -53.9635 -53.9847 -54.0088 -54.0321 -54.0537 -54.0732 -54.0917 -54.1118 0.0000 0.0000 0.0000 -54.1987 -54.2161 -54.2364 -54.2533 -63.0479 -64.5067 -64.4488 -63.3514 -54.3205 -54.3388 0.0000 0.0000 0.0000 -70.3874 -63.6490 -68.6710 -67.5601 -66.3868 -65.2094 -64.1163 -62.8314 -54.5550 -63.1530 -63.5011 -63.1277
-54.0187 -54.0347 -54.0496 -54.0166 -54.0372 -54.0578 -54.0809 -54.1044 -54.1270 -54.1467 -54.1655 -54.1846 -64.7489 0.0000 0.0000 0.0000 0.0000 -54.3105 -54.3268 -54.3440 -63.5471 -64.5942 -63.7321 -62.8365 -54.4101 -64.4095 -74.1180 -72.9606 -70.4524 -63.2345 -63.8471 -67.4574 -66.4510 -65.4415 -64.4896 -63.6164 -62.7126 -62.8691 -63.3428 -63.3982
-54.0946 -54.1110 -54.1260 -54.0899 -54.1104 -54.1305 -54.1524 -54.1759 -54.1988 -54.2195 -54.2385 -54.2567 -54.2864 -64.8584 -71.8133 0.0000 0.0000 -65.4380 -54.4000 -54.4149 -62.8782 -63.8662 -64.0412 -63.2606 -54.4821 -54.4993 -64.4913 -71.8768 -70.5163 -69.8230 -63.4227 -64.0172 -66.5156 -65.6330 -64.7914 -64.0059 -63.0376 -54.7110 -63.0845 -63.5105
-54.1706 -54.1866 -54.2017 -54.2160 -54.1829 -54.2031 -54.2236 -54.2469 -54.2699 -54.2916 -54.3108 -54.3292 -54.3574 -63.5015 -64.9667 -66.0944 -72.8602 -65.5135 -54.4725 -54.4872 -54.5043 -63.3106 -64.1111 -63.5931 -62.9102 -54.5696 -63.1407 -64.5863 -70.5795 -69.8946 -66.6756 -63.6596 -64.1694 -65.7972 -65.0436 -64.3317 -63.6745 -62.9397 -62.8836 -63.2743
