-47.8697 -47.8862 -47.9068 -47.9336 -47.9636 -47.9947 -48.0288 -48.0703 -48.0636 -48.1346 -48.2085 -48.2736 -48.3391 -48.3962 -48.4681 -48.4934 -48.5408 -48.6015 -48.6576 -48.7155 -48.7803 -48.8326 -48.8902 -48.9523 -49.0026 -49.0604 -49.1206 -49.1809 -49.2384 -49.2927 -49.3546 -49.4071 -49.4693 -49.5248 -49.5854 -49.6457 -49.7036 -49.7658 -49.8315 -49.8942
-48.0928 -48.1116 -48.1314 -48.1578 -48.1865 -48.2161 -48.2473 -48.2889 -48.2695 -48.3391 -48.4126 -48.4769 -48.5415 -48.6020 -48.6663 -48.6988 -48.7493 -48.8017 -48.8581 -48.9140 -48.9750 -49.0308 -49.0844 -49.1431 -49.1962 -49.2496 -49.3061 -49.3656 -49.4232 -49.4947 -49.5175 -49.5892 -49.6427 -49.7029 -49.7565 -49.8181 -49.8755 -49.9344 -49.9942 -50.0423
-48.3110 -48.3319 -48.3511 -48.3769 -48.4045 -48.4344 -48.4606 -48.5025 -48.5469 -48.5404 -48.6111 -48.6770 -48.7397 -48.8016 -48.8623 -48.9312 -48.9531 -48.9995 -49.0546 -49.1083 -49.1650 -49.2246 -49.2748 -49.3298 -49.3880 -49.4343 -49.4901 -49.5467 -49.6042 -49.6589 -49.7147 -49.7692 -49.8181 -49.8762 -49.9305 -49.9695 -50.0289 -50.0831 -50.1414 -50.2009
-48.5280 -48.5475 -48.5661 -48.5910 -48.6176 -48.6476 -48.6704 -48.7119 -48.7555 -48.7373 -48.8062 -48.8725 -48.9344 -48.9969 -49.0540 -49.1243 -49.1521 -49.1954 -49.2499 -49.2990 -49.3533 -49.4123 -49.4636 -49.5153 -49.5712 -49.6213 -49.6705 -49.7241 -49.7813 -49.8361 -49.8955 -49.9147 -49.9790 -50.0279 -50.0854 -50.1361 -50.1919 -50.2484 -50.3008 -50.3591
-48.7417 -48.7582 -48.7764 -48.8009 -48.8264 -48.8565 -48.8799 -48.9151 -48.9598 -49.0045 -48.9972 -49.0639 -49.1250 -49.1871 -49.2454 -49.3101 -49.3725 -49.3909 -49.4394 -49.4892 -49.5393 -49.5945 -49.6493 -49.6977 -49.7503 -49.8048 -49.8357 -49.8867 -49.9405 -49.9951 -50.0464 -50.1041 -50.1506 -50.1978 -50.2479 -50.3031 -50.3516 -50.4091 -50.4627 -50.5145
-48.9526 -48.9648 -48.9826 -49.0063 -49.0311 -49.0611 -49.0854 -49.1177 -49.1578 -49.2031 -49.1844 -49.2514 -49.3118 -49.3732 -49.4328 -49.4923 -49.5581 -49.6127 -49.6253 -49.6765 -49.7223 -49.7732 -49.8175 -49.8648 -49.9142 -49.9672 -50.0144 -50.0609 -50.1112 -50.1646 -50.2160 -50.2657 -50.3088 -50.3660 -50.4114 -50.4630 -50.5154 -50.5653 -50.6215 -50.6721
-49.1578 -49.1715 -49.1847 -49.2078 -49.2318 -49.2615 -49.2868 -49.3178 -49.3538 -49.3954 -49.4423 -49.4352 -49.4948 -49.5556 -49.6163 -49.6707 -49.7375 -49.7854 -49.7969 -49.8471 -49.8920 -49.9382 -49.9919 -50.0424 -50.0890 -50.1387 -50.1896 -50.2325 -50.2804 -50.3319 -50.3822 -50.4313 -50.4914 -50.5085 -50.5762 -50.6225 -50.6731 -50.7227 -50.7742 -50.8279
-49.3590 -49.3725 -49.3845 -49.4052 -49.4286 -49.4575 -49.4848 -49.5145 -49.5469 -49.5864 -49.6301 -49.6144 -49.6752 -49.7236 -49.7840 -49.8372 -49.9002 -49.9606 -50.0084 -50.0251 -50.0715 -50.1153 -50.1627 -50.2161 -50.2610 -50.3083 -50.3591 -50.4039 -50.4484 -50.4953 -50.5465 -50.5942 -50.6423 -50.6876 -50.7377 -50.7815 -50.8293 -50.8759 -50.9239 -50.9998
-49.5562 -49.5696 -49.5792 -49.6005 -49.6219 -49.6506 -49.6787 -49.7074 -49.7281 -49.7632 -49.8055 -49.8517 -49.8401 -49.8991 -49.9586 -50.0132 -50.0712 -50.1324 -50.1859 -50.2305 -50.2470 -50.2891 -50.3332 -50.3846 -50.4315 -50.4766 -50.5241 -50.5719 -50.6134 -50.6590 -50.7066 -50.7555 -50.8012 -50.8644 -50.8781 -50.9598 -51.0036 -51.0530 -51.1033 -51.1490
-49.7496 -49.7628 -49.7725 -49.7905 -49.8027 -49.8296 -49.8579 -49.8856 -49.9160 -49.9473 -49.9881 -50.0305 -50.0130 -50.0713 -50.1298 -50.1858 -50.2390 -50.3008 -50.3571 -50.4019 -50.4192 -50.4612 -50.5039 -50.5493 -50.5986 -50.6417 -50.6867 -50.7354 -50.7782 -50.8208 -50.8649 -50.9121 -50.9790 -51.0238 -51.0732 -51.1168 -51.1601 -51.2052 -51.2534 -51.3012
-49.9288 -49.9417 -49.9513 -49.9660 -49.9884 -50.0154 -50.0438 -50.0709 -50.1004 -50.1310 -50.1673 -50.2087 -50.2514 -50.2402 -50.2978 -50.3550 -50.4040 -50.4658 -50.5228 -50.5701 -50.6149 -50.6304 -50.6713 -50.7131 -50.7616 -50.8054 -50.8488 -50.8944 -50.9589 -50.9987 -51.0424 -51.0880 -51.1341 -51.1811 -51.2460 -51.2598 -51.3144 -51.3563 -51.4029 -51.4484
-50.1145 -50.1273 -50.1369 -50.1491 -50.1706 -50.1998 -50.2262 -50.2528 -50.2813 -50.3112 -50.3432 -50.3836 -50.4261 -50.4029 -50.4631 -50.5204 -50.5704 -50.6274 -50.6849 -50.7351 -50.7797 -50.8244 -50.8359 -50.8770 -50.9401 -50.9852 -51.0265 -51.0698 -51.1172 -51.1588 -51.2001 -51.2424 -51.2883 -51.3334 -51.3788 -51.4291 -51.4424 -51.5079 -51.5499 -51.5968
-50.2968 -50.3095 -50.3191 -50.3309 -50.3500 -50.3790 -50.4075 -50.4314 -50.4589 -50.4882 -50.5186 -50.5554 -50.5976 -50.6381 -50.6223 -50.6821 -50.7337 -50.7861 -50.8439 -50.8969 -50.9564 -51.0054 -51.0176 -51.0577 -51.0983 -51.1440 -51.1852 -51.2277 -51.2722 -51.3158 -51.3550 -51.3965 -51.4401 -51.4843 -51.5285 -51.5990 -51.6089 -51.6567 -51.6975 -51.7409
-50.4758 -50.4884 -50.4980 -50.5095 -50.5268 -50.5550 -50.5834 -50.6093 -50.6333 -50.6620 -50.6913 -50.7248 -50.7663 -50.8066 -50.7817 -50.8408 -50.9105 -50.9591 -51.0178 -51.0725 -51.1169 -51.1614 -51.2039 -51.2167 -51.2559 -51.3008 -51.3417 -51.3829 -51.4245 -51.4698 -51.5096 -51.5486 -51.5893 -51.6333 -51.6767 -51.7195 -51.7759 -51.7851 -51.8438 -51.8835
-50.6516 -50.6641 -50.6737 -50.6850 -50.7012 -50.7279 -50.7560 -50.7818 -50.8071 -50.8329 -50.8616 -50.8931 -50.9320 -50.9886 -51.0262 -51.0103 -51.0690 -51.1155 -51.1713 -51.2261 -51.2735 -51.3157 -51.3624 -51.4031 -51.4134 -51.4548 -51.4974 -51.5357 -51.5767 -51.6197 -51.6612 -51.6981 -51.7383 -51.7800 -51.8226 -51.8647 -51.9077 -51.9465 -51.9879 -52.0273
-50.8244 -50.8368 -50.8463 -50.8573 -50.8743 -50.8979 -50.9257 -50.9514 -50.9758 -51.0196 -51.0452 -51.0761 -51.1121 -51.1526 -51.1895 -51.1647 -51.2187 -51.2706 -51.3231 -51.3782 -51.4284 -51.4681 -51.5145 -51.5596 -51.5682 -51.6061 -51.6497 -51.6880 -51.7268 -51.7669 -51.8102 -51.8477 -51.8853 -51.9244 -51.9668 -52.0087 -52.0492 -52.1082 -52.1162 -52.1698
-50.9941 -51.0064 -51.0159 -51.0270 -51.0444 -51.0803 -51.1081 -51.1343 -51.1587 -51.1863 -51.2140 -51.2411 -51.2747 -51.3128 -51.3494 -51.3859 -51.3703 -51.4197 -51.4723 -51.5277 -51.5794 -51.6206 -51.6639 -51.7085 -51.7521 -51.7575 -51.7987 -51.8386 -51.8746 -51.9134 -51.9551 -51.9942 -52.0295 -52.0684 -52.1086 -52.1494 -52.1918 -52.2327 -52.2778 -52.2845
-51.1610 -51.1882 -51.1980 -51.2103 -51.2278 -51.2465 -51.2731 -51.2993 -51.3235 -51.3502 -51.3762 -51.4055 -51.4350 -51.4714 -51.5080 -51.5436 -51.5195 -51.5703 -51.6144 -51.6745 -51.7265 -51.7705 -51.8106 -51.8550 -51.8989 -51.9354 -51.9449 -51.9862 -52.0225 -52.0587 -52.0976 -52.1384 -52.1743 -52.2105 -52.2498 -52.2906 -52.3311 -52.3708 -52.4319 -52.4426
-51.3409 -51.3533 -51.3630 -51.3762 -51.3934 -51.4115 -51.4354 -51.4617 -51.4847 -51.5105 -51.5369 -51.5654 -51.5969 -51.6280 -51.6640 -51.6987 -51.7350 -51.7183 -51.7619 -51.8187 -51.8708 -51.9176 -51.9557 -51.9998 -52.0431 -52.0848 -52.0896 -52.1306 -52.1681 -52.2031 -52.2391 -52.2789 -52.3179 -52.3518 -52.3896 -52.4284 -52.4676 -52.5074 -52.5471 -52.5946
-51.5034 -51.5158 -51.5254 -51.5394 -51.5562 -51.5729 -51.5942 -51.6204 -51.6441 -51.6690 -51.6949 -51.7226 -51.7537 -51.7872 -51.8174 -51.8515 -51.8864 -51.8627 -51.9079 -51.9557 -52.0129 -52.0616 -52.1009 -52.1423 -52.1850 -52.2272 -52.2669 -52.2726 -52.3114 -52.3476 -52.3821 -52.4185 -52.4579 -52.4922 -52.5273 -52.5640 -52.6033 -52.6417 -52.6810 -52.7441
-51.6634 -51.6754 -51.6840 -51.6988 -51.7154 -51.7325 -51.7523 -51.7774 -51.8012 -51.8252 -51.8507 -51.8781 -51.9084 -51.9410 -51.9725 -52.0019 -52.0363 -52.0735 -52.0517 -52.0955 -52.1474 -52.2016 -52.2435 -52.2825 -52.3248 -52.3671 -52.4068 -52.4412 -52.4531 -52.4888 -52.5227 -52.5550 -52.5939 -52.6296 -52.6622 -52.6990 -52.7363 -52.7742 -52.8127 -52.8512
-51.8196 -51.8318 -51.8423 -51.8568 -51.8732 -51.8901 -51.9094 -51.9321 -51.9560 -51.9790 -52.0044 -52.0315 -52.0607 -52.0924 -52.1242 -52.1544 -52.1841 -52.2202 -52.1931 -52.2339 -52.2851 -52.3338 -52.3838 -52.4208 -52.4644 -52.5061 -52.5459 -52.5835 -52.5904 -52.6271 -52.6607 -52.6930 -52.7273 -52.7655 -52.7985 -52.8324 -52.8680 -52.9058 -52.9427 -52.9811
-51.9746 -51.9867 -51.9981 -52.0124 -52.0286 -52.0452 -52.0641 -52.0843 -52.1085 -52.1305 -52.1558 -52.1826 -52.2108 -52.2415 -52.2738 -52.3015 -52.3341 -52.3646 -52.4008 -52.3736 -52.4206 -52.4694 -52.5162 -52.5600 -52.5998 -52.6410 -52.6819 -52.7195 -52.7585 -52.7636 -52.7976 -52.8295 -52.8601 -52.8974 -52.9323 -52.9636 -52.9994 -53.0354 -53.0721 -53.1099
-52.1272 -52.1392 -52.1515 -52.1656 -52.1817 -52.1981 -52.2164 -52.2352 -52.2586 -52.2797 -52.3051 -52.3315 -52.3587 -52.3885 -52.4207 -52.4485 -52.4777 -52.5108 -52.5425 -52.5105 -52.5550 -52.6039 -52.6500 -52.6895 -52.7336 -52.7744 -52.8157 -52.8535 -52.8895 -52.9242 -52.9322 -52.9640 -52.9945 -53.0281 -53.0647 -53.0966 -53.1295 -53.1641 -53.2007 -53.2361
-52.2775 -52.2895 -52.3026 -52.3165 -52.3325 -52.3487 -52.3665 -52.3849 -52.4066 -52.4272 -52.4519 -52.4779 -52.5040 -52.5329 -52.5649 -52.5933 -52.6198 -52.6532 -52.6887 -52.7145 -52.6869 -52.7355 -52.7818 -52.8235 -52.8658 -52.9064 -52.9469 -52.9866 -53.0225 -53.0613 -53.0655 -53.0976 -53.1277 -53.1578 -53.1930 -53.2267 -53.2569 -53.2917 -53.3266 -53.3612
-52.4254 -52.4381 -52.4515 -52.4652 -52.4805 -52.4962 -52.5140 -52.5320 -52.5520 -52.5724 -52.5970 -52.6226 -52.6477 -52.6763 -52.7075 -52.7377 -52.7628 -52.7933 -52.8276 -52.8597 -52.8188 -52.8653 -52.9116 -52.9559 -52.9916 -53.0370 -53.0767 -53.1168 -53.1530 -53.1890 -53.2288 -53.2286 -53.2583 -53.2878 -53.3204 -53.3546 -53.3854 -53.4173 -53.4510 -53.4863
-52.5708 -52.5844 -52.5978 -52.6113 -52.6269 -52.6424 -52.6597 -52.6773 -52.6962 -52.7160 -52.7399 -52.7652 -52.7897 -52.8189 -52.8493 -52.8790 -52.9038 -52.9314 -52.9652 -52.9993 -53.0173 -52.9942 -53.0402 -53.0841 -53.1218 -53.1576 -53.2042 -53.2443 -53.2820 -53.3162 -53.3549 -53.3839 -53.3874 -53.4165 -53.4462 -53.4800 -53.5118 -53.5410 -53.5748 -53.6086
-52.7145 -52.7289 -52.7421 -52.7555 -52.7711 -52.7864 -52.8033 -52.8206 -52.8392 -52.8575 -52.8820 -52.9072 -52.9320 -52.9589 -52.9884 -53.0188 -53.0436 -53.0693 -53.1004 -53.1348 -53.1606 -53.1794 -53.1664 -53.2104 -53.2500 -53.2842 -53.3227 -53.3697 -53.4081 -53.4427 -53.4794 -53.5170 -53.5147 -53.5434 -53.5718 -53.6041 -53.6362 -53.6659 -53.6968 -53.7296
-52.8563 -52.8714 -52.8845 -52.8976 -52.9133 -52.9285 -52.9448 -52.9623 -52.9820 -52.9988 -53.0215 -53.0468 -53.0706 -53.0964 -53.1250 -53.1556 -53.1810 -53.2057 -53.2337 -53.2684 -53.2969 -53.3187 -53.2914 -53.3349 -53.3764 -53.4108 -53.4472 -53.4848 -53.5320 -53.5672 -53.6013 -53.6404 -53.6745 -53.6686 -53.6970 -53.7263 -53.7591 -53.7881 -53.8162 -53.8491
-52.9974 -53.0118 -53.0253 -53.0382 -53.0539 -53.0703 -53.0862 -53.1032 -53.1211 -53.1375 -53.1585 -53.1839 -53.2074 -53.2321 -53.2597 -53.2903 -53.3165 -53.3401 -53.3665 -53.3999 -53.4309 -53.4536 -53.4841 -53.4577 -53.4995 -53.5355 -53.5700 -53.6071 -53.6539 -53.6909 -53.7239 -53.7608 -53.7968 -53.8279 -53.8196 -53.8471 -53.8789 -53.9100 -53.9377 -53.9512
-53.1376 -53.1509 -53.1637 -53.1776 -53.1933 -53.2083 -53.2240 -53.2412 -53.2587 -53.2755 -53.2948 -53.3398 0.0000 0.0000 0.0000 0.0000 0.0000 0.0000 0.0000 0.0000 0.0000 0.0000 0.0000 0.0000 -53.6207 -53.6585 -53.6915 -53.7284 -53.7644 -53.8109 -53.8444 -53.8787 -53.9152 -53.9493 -53.9413 -53.9688 -53.9826 -54.0134 -54.0404 -54.0664
-53.2755 -53.2888 -53.3015 -53.3140 -53.3295 -53.3445 -53.3601 -53.3773 -53.3945 -53.4270 -53.4473 -53.4813 0.0000 0.0000 -73.2515 -73.0595 -72.9967 -72.9534 -72.9230 -72.7587 -72.7300 -72.7524 0.0000 0.0000 -53.7397 -53.7791 -53.8123 -53.8473 -53.8828 -53.9200 -53.9648 -53.9965 -54.0326 -54.0672 -54.0843 -54.0730 -54.0986 -54.1290 -54.1580 -54.1829
-53.4129 -53.4241 -53.4366 -53.4490 -53.4644 -53.4793 -53.4935 -53.5254 -53.5447 -53.5649 -53.5829 -53.6125 0.0000 0.0000 -71.4948 -71.2673 -71.2422 -71.2595 -71.2356 -71.2049 -71.2074 -71.2610 0.0000 0.0000 -53.8577 -53.8976 -53.9321 -53.9653 -54.0003 -54.0370 -54.0723 -54.1006 -54.1337 -54.1676 -54.1993 -54.2028 -54.2154 -54.2430 -54.2728 -54.3037
-53.5476 -53.5581 -53.5697 -53.5818 -53.5971 -53.6256 -53.6410 -53.6605 -53.6793 -53.6994 -53.7194 -53.7422 0.0000 0.0000 -70.4589 0.0000 0.0000 0.0000 0.0000 0.0000 -70.8837 -69.9175 0.0000 0.0000 -63.1359 -54.0142 -54.0503 -54.0822 -54.1169 -54.1390 -54.1738 -54.2046 -54.2459 -54.2805 -54.3126 -54.3424 -54.3305 -54.3598 -54.3893 -54.4169
-53.6803 -53.6906 -53.7011 -53.7264 -53.7428 -53.7589 -53.7740 -53.7930 -53.8113 -53.8312 -53.8500 -53.8702 0.0000 0.0000 -69.2975 0.0000 0.0000 0.0000 0.0000 0.0000 -69.6491 -69.4801 0.0000 0.0000 -63.3408 -54.1294 -54.1546 -54.1858 -54.2179 -54.2513 -54.2863 -54.3181 -54.3471 -54.3913 -54.4244 -54.4583 -54.4868 -54.4732 -54.5002 -54.5287
-53.8118 -53.8342 -53.8447 -53.8575 -53.8738 -53.8898 -53.9044 -53.9232 -53.9410 -53.9624 -53.9789 -53.9974 0.0000 0.0000 -68.4294 -73.2130 -74.4298 -74.3017 0.0000 0.0000 -68.7038 -68.5363 0.0000 0.0000 -63.3717 -54.2991 -54.2676 -54.2996 -54.3299 -54.3628 -54.3963 -54.4297 -54.4625 -54.5047 -54.5382 -54.5690 -54.5972 -54.5994 -54.6086 -54.6370
-53.9544 -53.9652 -53.9746 -53.9872 -54.0033 -54.0191 -54.0334 -54.0502 -54.0659 -54.0833 -54.0990 -54.1144 -66.1527 -71.1721 -67.7888 -71.5229 -71.8078 -72.3666 0.0000 0.0000 -67.8993 -67.8388 0.0000 0.0000 -63.4937 -61.9449 -54.3928 -54.4119 -54.4408 -54.4745 -54.5098 -54.5434 -54.5737 -54.6001 -54.6450 -54.6770 -54.7056 -54.7327 -54.7173 -54.7437
-54.0831 -54.0942 -54.1030 -54.1150 -54.1308 -54.1465 -54.1604 -54.1781 0.0000 0.0000 0.0000 0.0000 0.0000 0.0000 0.0000 0.0000 -71.4623 -71.1950 -71.9087 -71.9416 -67.2744 -67.0424 -70.8495 -69.7824 -63.6244 -62.3649 0.0000 0.0000 -54.5553 -54.5863 -54.6170 -54.6508 -54.6820 -54.7082 -54.7376 -54.7824 -54.8123 -54.8391 -54.8658 -54.8490
-54.2068 -54.2215 -54.2300 -54.2410 -54.2566 -54.2722 -54.2858 -54.3075 0.0000 0.0000 0.0000 0.0000 0.0000 0.0000 0.0000 0.0000 0.0000 0.0000 0.0000 0.0000 0.0000 0.0000 0.0000 0.0000 0.0000 0.0000 0.0000 0.0000 -54.6640 -54.6935 -54.7237 -54.7567 -54.7887 -54.8157 -54.8418 -54.8727 -54.9167 -54.9445 -54.9707 -54.9276
-54.3319 -54.3425 -54.3554 -54.3655 -54.3807 -54.3962 -54.4096 -54.4303 0.0000 0.0000 0.0000 0.0000 0.0000 0.0000 0.0000 0.0000 0.0000 0.0000 0.0000 0.0000 0.0000 0.0000 0.0000 0.0000 0.0000 0.0000 0.0000 0.0000 -54.7712 -54.7995 -54.8295 -54.8610 -54.8933 -54.9210 -54.9459 -54.9755 -55.0050 -55.0051 -55.0318 -55.0581
