-72.5576 -72.4730 -72.3831 -72.2076 -72.1072 -71.9972 -71.8753 -71.7320 -71.5738 -71.3918 -71.0342 -70.8351 -70.5573 -69.4315 -70.3547 -70.3601 -70.9488 -70.9677 -70.9816 -70.9957 -70.9970 -70.9410 -70.3592 -70.3759 -69.9345 -70.0165 -70.0175 -70.0223 -70.0308 -70.3617 -70.3817 -70.4037 -70.4398 -70.4681 -70.1104 -70.2346 -70.2524 -70.3318 -70.4431 -70.5952
-72.6314 -72.5438 -72.3712 -72.2741 -72.1692 -72.0487 -71.9213 -71.7784 -71.6170 -71.2752 -71.0887 -70.9071 -70.6488 -69.6472 -70.4884 -70.4923 -71.0933 -71.1127 -71.1315 -71.1426 -71.1412 -71.1017 -71.0225 -70.1203 -69.8045 -69.8921 -69.9880 -70.0940 -70.1336 -70.4579 -70.4763 -70.5095 -70.5275 -70.5547 -70.2044 -70.3229 -70.3380 -70.4147 -70.5235 -70.6741
-72.7046 -72.5343 -72.4352 -72.3353 -72.2273 -72.1092 -71.9788 -71.8338 -71.5058 -71.3388 -71.1624 -70.9921 -70.8905 -69.7707 -70.6265 -70.6339 -71.2481 -71.2732 -71.2937 -71.2995 -71.3029 -71.2826 -71.0725 -71.0077 -70.5323 -69.7601 -69.8553 -69.9593 -70.0726 -70.1960 -70.6588 -70.6760 -70.7008 -70.7334 -70.4953 -70.5049 -70.5221 -70.6015 -70.7128 -70.8647
-72.6920 -72.6025 -72.5074 -72.4054 -72.2952 -72.1751 -72.0434 -71.7254 -71.5768 -71.4174 -71.2482 -71.2343 -71.0129 -69.8945 -70.7702 -70.7816 -71.4128 -71.4426 -71.4558 -71.4667 -71.4768 -71.3312 -71.2710 -71.2184 -70.7227 -70.7402 -69.7110 -69.8147 -69.9285 -70.0678 -70.5038 -70.6530 -70.8144 -70.9817 -70.7489 -70.7681 -70.7950 -70.8857 -71.0086 -71.1720
-72.7692 -72.6781 -72.5815 -72.4781 -72.3665 -72.2457 -71.9349 -71.8016 -71.6593 -71.5046 -71.4955 -71.3476 -71.1371 -70.0206 -70.9172 -70.9310 -70.9470 -71.6054 -71.6237 -71.6410 -71.5076 -71.5319 -71.4824 -71.4330 -70.9184 -70.9435 -70.9723 -71.0052 -69.7688 -69.9099 -70.3242 -70.4771 -70.6447 -70.9557 -70.7564 -70.9149 -71.0751 -71.2233 -71.3614 -71.5392
-72.8468 -72.7549 -72.6572 -72.5529 -72.4411 -72.3141 -72.0145 -71.8869 -71.7477 -71.7577 -71.6056 -71.4621 -71.2657 -70.1479 -71.0642 -71.0840 -71.0974 -71.7714 -71.7953 -71.8209 -71.6974 -71.7250 -71.6938 -71.6526 -71.1166 -71.1496 -71.1865 -71.2309 -71.2965 -69.7287 -70.1226 -70.2773 -70.5607 -70.4202 -70.5981 -70.7719 -70.9511 -71.1883 -71.4464 -71.7246
-72.9250 -72.8325 -72.7344 -72.6299 -72.5118 -72.2169 -72.1017 -71.9763 -72.0070 -71.8651 -71.7153 -71.5811 -71.3970 -70.2737 -71.2136 -71.2328 -71.2459 -71.9391 -71.9730 -71.8484 -71.8822 -71.9201 -71.9077 -71.8733 -71.8421 -71.3576 -71.4026 0.0000 -71.5283 -71.5923 -69.6612 -70.0493 -70.3265 -70.2168 -70.4030 -70.5901 -70.7869 -71.0434 -71.3249 -71.6300
0.0000 0.0000 0.0000 -76.0796 0.0000 0.0000 0.0000 -75.2701 -76.7776 0.0000 -71.8288 -71.7030 -71.5298 -70.4008 -71.3592 -71.3768 -71.3967 -72.1112 -71.9880 -72.0269 -72.0703 -72.5505 -74.4965 -75.1346 -76.1758 0.0000 0.0000 0.0000 -71.7558 -71.8286 -71.9103 -72.5657 -70.0193 -69.9489 -70.1520 -70.3621 -70.5747 -70.8489 -71.1533 -71.4869
0.0000 0.0000 0.0000 -76.4417 0.0000 0.0000 0.0000 -76.2716 -79.6810 0.0000 -71.9447 -71.8266 -71.6614 -70.7808 -74.0891 0.0000 0.0000 0.0000 0.0000 0.0000 0.0000 0.0000 0.0000 0.0000 0.0000 0.0000 0.0000 0.0000 0.0000 0.0000 0.0000 0.0000 -69.6379 -69.5891 -69.7721 -70.0033 -70.2386 -70.5402 -70.8807 -71.2591
0.0000 0.0000 0.0000 -77.3780 0.0000 0.0000 0.0000 -74.5197 -79.6852 0.0000 -72.8457 -73.1455 -73.5403 -72.2982 -74.5879 0.0000 0.0000 0.0000 0.0000 0.0000 0.0000 0.0000 0.0000 0.0000 0.0000 0.0000 0.0000 0.0000 0.0000 0.0000 0.0000 0.0000 -69.3919 -69.1931 -69.3700 -69.5969 -69.8363 -70.1464 -70.5054 -70.9151
0.0000 0.0000 0.0000 -75.3955 0.0000 0.0000 0.0000 -73.6410 -79.6876 0.0000 -72.3000 -72.7582 -73.2464 -72.3824 -74.5700 0.0000 0.0000 0.0000 0.0000 0.0000 0.0000 0.0000 0.0000 0.0000 0.0000 0.0000 0.0000 0.0000 0.0000 0.0000 0.0000 0.0000 -68.6127 -68.7590 -68.9233 -69.1382 -69.3732 -69.6833 -70.0533 -70.4899
-72.2245 -72.0724 -71.8924 -71.4788 -69.2898 -71.5931 -71.5473 -71.4684 -71.8246 -72.4292 -71.4512 -71.9067 -72.5656 -72.1529 -74.5346 0.0000 0.0000 0.0000 0.0000 0.0000 0.0000 0.0000 0.0000 0.0000 0.0000 0.0000 0.0000 0.0000 0.0000 0.0000 0.0000 0.0000 -68.1626 -68.2864 -68.4299 -68.6230 -68.8424 -69.1397 -69.5073 -69.9591
-72.9838 -72.9260 -72.8759 -72.5948 -72.6451 -72.3949 -71.6126 -72.0178 -72.0853 -68.7439 -68.2865 -70.6107 -71.2577 -71.3676 -74.5014 0.0000 0.0000 0.0000 0.0000 0.0000 0.0000 0.0000 0.0000 0.0000 0.0000 0.0000 0.0000 0.0000 0.0000 0.0000 0.0000 0.0000 -67.6822 -67.7766 -67.8901 -68.0330 -68.2392 -68.5055 -68.8495 -69.2936
0.0000 0.0000 0.0000 0.0000 0.0000 0.0000 -73.8870 -74.8066 -76.9134 0.0000 0.0000 -67.5242 -67.4750 -67.0120 -67.3621 -67.9069 -67.8620 -67.8186 -68.6067 -79.8342 0.0000 0.0000 0.0000 0.0000 0.0000 0.0000 0.0000 0.0000 0.0000 0.0000 0.0000 -67.5592 -67.1752 -67.2330 -67.3070 -67.4069 -67.5632 -67.7758 -68.0655 -68.4626
0.0000 0.0000 0.0000 0.0000 0.0000 0.0000 -74.0770 -75.2633 -77.2270 0.0000 0.0000 -67.3733 -67.2870 -66.8399 -67.1613 -67.5888 -67.5756 -67.5333 -67.4828 -67.4315 -67.3808 -67.3313 -67.2836 -67.2367 -67.1921 -67.1501 -67.1115 -67.0765 -67.0455 -67.0190 -66.9923 -66.9120 -66.6469 -66.6618 -66.6875 -66.7320 -66.8208 -66.9542 -67.1519 -67.4456
-80.2136 0.0000 0.0000 -80.5607 0.0000 -73.8998 -74.0746 -75.5638 -77.0649 0.0000 0.0000 -67.1947 -67.1038 -66.6709 -66.9638 -67.2876 -67.2904 -67.2530 -67.2010 -67.1425 -67.0812 -67.0196 -66.9584 -66.8976 -66.8360 -66.7745 -66.7142 -66.6549 -66.5938 -66.5300 -66.4531 -66.3345 -66.1072 -66.0741 -66.0442 -66.0226 -66.0288 -66.0597 -66.1278 -66.2542
-79.9740 0.0000 0.0000 -80.4361 0.0000 -73.2177 -74.7734 -75.9155 -76.9151 0.0000 0.0000 -67.0561 -66.9613 -66.5368 -66.8075 -67.0655 -67.0626 -67.0251 -66.9697 -66.9057 -66.8359 -66.7634 -66.6894 -66.6146 -66.5369 -66.4574 -66.3764 -66.2915 -66.2009 -66.1011 -65.9714 -57.9632 -57.8600 -57.7786 -57.6974 -57.6141 -57.5316 -57.4484 -57.3646 -57.2801
-78.5014 0.0000 0.0000 -80.2569 0.0000 -73.4276 -74.4653 -75.6474 -76.8321 0.0000 0.0000 -59.3702 -59.2970 -59.1659 -59.1559 -59.1357 -59.0756 -59.0106 -58.9422 -58.8719 -58.8002 -58.7273 -58.6536 -58.5793 -58.5039 -58.4277 -58.3508 -58.2722 -58.1920 -58.1102 -58.0241 -57.9180 -57.8374 -57.7558 -57.6745 -57.5910 -57.5083 -57.4250 -57.3409 -57.2562
-76.5204 -78.1824 -80.0610 -80.1077 0.0000 -73.2989 -74.2223 -75.4353 -76.8256 0.0000 0.0000 -59.3499 -59.2768 -59.1467 -59.1356 -59.1118 -59.0507 -58.9857 -58.9175 -58.8476 -58.7762 -58.7034 -58.6298 -58.5554 -58.4798 -58.4033 -58.3259 -58.2466 -58.1661 -58.0815 -57.9983 -57.8942 -57.8140 -57.7322 -57.6506 -57.5670 -57.4841 -57.4006 -57.3163 -57.2314
-76.7573 -78.4070 -80.2341 -80.0004 0.0000 -73.2409 -74.1526 -75.3664 -76.8280 0.0000 0.0000 -59.3289 -59.1928 -59.1269 -59.1147 -59.0881 -59.0261 -58.9606 -58.8925 -58.8227 -58.7516 -58.6789 -58.6053 -58.5308 -58.4552 -58.3787 -58.3009 -58.2216 -58.1381 -58.0568 -57.9738 -57.8718 -57.7916 -57.7098 -57.6283 -57.5447 -57.4618 -57.3783 -57.2941 -57.2092
-71.7561 -72.6007 -72.7143 -72.9218 -73.3201 -73.1591 -73.9267 -75.1315 -76.8297 0.0000 0.0000 -59.3097 -59.1750 -59.1090 -59.0960 -59.0673 -59.0045 -58.9387 -58.8707 -58.8012 -58.7303 -58.6579 -58.5844 -58.5097 -58.4339 -58.3572 -58.2792 -58.1996 -58.1164 -58.0349 -57.9520 -57.8516 -57.7711 -57.6893 -57.6075 -57.5238 -57.4408 -57.3571 -57.2727 -57.1876
-70.1855 -70.6757 -71.6139 -71.7944 -71.9218 -71.8039 -72.2818 -73.1746 -75.1437 0.0000 0.0000 -59.2917 -59.1581 -59.0919 -59.0780 -59.0475 -58.9837 -58.9174 -58.8494 -58.7798 -58.7090 -58.6366 -58.5629 -58.4880 -66.3718 -66.3040 -66.2321 -66.1383 -66.0634 -65.9865 -65.9073 -65.7318 -65.6786 -65.6237 -65.5770 -65.5264 -65.4891 -65.4582 -65.4343 -65.4196
-60.0837 -60.0188 -59.9529 -59.8857 -59.8155 -67.6549 -67.6082 -67.5616 -67.5129 -67.5286 -67.4564 -66.9651 -66.5442 -66.5017 -66.7571 -66.9305 -66.9121 -66.8863 -66.8544 -66.8180 -66.7784 -66.7327 -66.6826 -66.6284 -66.5747 -66.5203 -66.4616 -66.3828 -66.3219 -66.2601 -66.1980 -66.0372 -66.0019 -65.9660 -65.9403 -65.9118 -65.8991 -65.8956 -65.9032 -65.9362
-68.1932 -68.1312 -68.0653 -67.9929 -67.8928 -67.7638 -67.7230 -67.6811 -67.6377 -67.6277 -67.5363 -67.0973 -66.6767 -66.6405 -66.9093 -67.0895 -67.0765 -67.0576 -67.0340 -67.0063 -66.9759 -66.9392 -66.8960 -66.8525 -66.8085 -66.7644 -66.6990 -66.6496 -66.6003 -66.5512 -66.3789 -66.3544 -66.3347 -66.3156 -66.3084 -66.2996 -66.3098 -66.3312 -66.3676 -66.4336
-68.2999 -68.2402 -68.1764 -68.1058 -67.9398 -67.9012 -67.8640 -67.8260 -67.7867 -67.7462 -67.6302 -67.2495 -66.8254 -66.7943 -67.0761 -67.2641 -67.2560 -67.2430 -67.2261 -67.2061 -67.1838 -67.1544 -67.1186 -67.0838 -67.0489 -67.0142 -66.9604 -66.9210 -66.8826 -66.8455 -66.6826 -66.6716 -66.6665 -66.6630 -66.6732 -66.6830 -66.7136 -66.7574 -66.8172 -66.9128
-68.4204 -68.3627 -68.3008 -68.2328 -68.0836 -68.0486 -68.0146 -67.9799 -67.9264 -67.8706 -67.7514 -67.4074 -66.9808 -66.9542 -67.2472 -67.4444 -67.4407 -67.4333 -67.4228 -67.4099 -67.3952 -67.3703 -67.3436 -67.3169 -67.2906 -67.2462 -67.2226 -67.1926 -67.1646 -67.1389 -66.9842 -66.9858 -66.9888 -67.0054 -67.0312 -67.0569 -67.1058 -67.1694 -67.2672 -67.3699
-68.5475 -68.4915 -68.4318 -68.3608 -68.2320 -68.2001 -68.1693 -68.1192 -68.0855 -68.0029 -67.8894 -67.5683 -67.1370 -67.1141 -67.4217 -67.6285 -67.6293 -67.6259 -67.6215 -67.6148 -67.6064 -67.5879 -67.5687 -67.5497 -67.5316 -67.4971 -67.4836 -67.4628 -67.4445 -67.4300 -67.2815 -67.2949 -67.3100 -67.3399 -67.3799 -67.4199 -67.4848 -67.5656 -67.6829 -67.8042
-68.6780 -68.6242 -68.5670 -68.5009 -68.3824 -68.3536 -68.3073 -68.2762 -68.2274 -68.1423 -68.0368 -67.7303 -67.2940 -67.2741 -67.5959 -67.8119 -67.8173 -67.8205 -67.8219 -67.8212 -67.8174 -67.8050 -67.7928 -67.7812 -67.7507 -67.7460 -67.7424 -67.7302 -67.7212 -67.7173 -67.5735 -67.5976 -67.6238 -67.6656 -67.7058 -67.7705 -67.8491 -67.9468 -68.0779 -68.2138
-68.8109 -68.7590 -68.7014 -68.5618 -68.5341 -68.4908 -68.4631 -68.4362 -68.3685 -68.2871 -68.1887 -67.8918 -67.4490 -67.4333 -67.4665 -67.9966 -68.0064 -68.0147 -68.0208 -68.0271 -68.0288 -68.0225 -68.0152 -67.9883 -67.9888 -67.9920 -67.9981 -67.9940 -67.9937 -67.8441 -67.8593 -67.8931 -67.9291 -67.9815 -68.0319 -68.1078 -68.1982 -68.3253 -68.4516 -68.5986
-68.9454 -68.8961 -68.8422 -68.7113 -68.6701 -68.6440 -68.6185 -68.5789 -68.5113 -68.4343 -68.3448 -68.0540 -67.6043 -67.5929 -67.6328 -68.1828 -68.1973 -68.2076 -68.2201 -68.2306 -68.2372 -68.2369 -68.2377 -68.2181 -68.2259 -68.2346 -68.2487 -68.2536 -68.2615 -68.1039 -68.1383 -68.1807 -68.2253 -68.2869 -68.3461 -68.4314 -68.5312 -68.6692 -68.8042 -68.9592
-69.0806 -69.0346 -68.9833 -68.8450 -68.8201 -68.7962 -68.7758 -68.7218 -68.6574 -68.5851 -68.5040 -68.2160 -67.7604 -67.7531 -67.7977 -68.3673 -68.3828 -68.4006 -68.4180 -68.4323 -68.4436 -68.4492 -68.4319 -68.4440 -68.4587 -68.4766 -68.4980 -68.5117 -68.5240 -68.3680 -68.4097 -68.4598 -68.5120 -68.5815 -68.6478 -68.7410 -68.8706 -68.9950 -69.1363 -69.2967
-69.2165 -69.1716 -69.1114 -68.9925 -68.9707 -68.9509 -68.9228 -68.8673 -68.8065 -68.7390 -68.6625 -68.3767 -67.9146 -67.9112 -67.9612 -68.5459 -68.5700 -68.5922 -68.6132 -68.6322 -68.6477 -68.6588 -68.6481 -68.6663 -68.6874 -68.7120 -68.7406 0.0000 0.0000 0.0000 0.0000 -68.7303 -68.7889 -68.8650 -68.9371 -69.0367 -69.1736 -69.3030 -69.4487 -69.6122
-69.3537 -69.2985 -69.1629 -69.1412 -69.1226 -69.1063 -69.0653 -69.0127 -68.9555 -68.8927 -68.8213 -68.5370 -68.0682 -68.0687 -71.7206 0.0000 0.0000 0.0000 0.0000 0.0000 0.0000 0.0000 0.0000 -77.8549 0.0000 0.0000 0.0000 0.0000 0.0000 0.0000 0.0000 -68.9918 -69.0558 -69.1374 -69.2141 -69.3182 -69.4613 -69.5943 -69.7425 -69.9071
-69.4807 -69.4383 -69.3080 -69.2892 -69.2745 -69.2556 -69.2089 -69.1584 -69.1049 -69.0452 -68.9795 -71.2230 -70.9099 -71.6475 -73.8201 0.0000 0.0000 0.0000 0.0000 0.0000 0.0000 0.0000 0.0000 -77.8811 0.0000 0.0000 0.0000 0.0000 0.0000 0.0000 0.0000 -69.2443 -69.3128 -69.3989 -69.4790 -69.6124 -69.7342 -69.8694 -70.0187 -70.1829
-69.6168 -69.5766 -69.4515 -69.4377 -69.4255 -69.3964 -69.3524 0.0000 0.0000 0.0000 -72.2391 -72.1688 -71.6960 -73.0322 -73.8833 0.0000 0.0000 0.0000 0.0000 0.0000 0.0000 0.0000 0.0000 -78.8478 0.0000 0.0000 0.0000 0.0000 -70.9233 -70.9048 -69.8506 -69.4799 -69.5600 -69.6495 -69.7319 -69.8696 -69.9303 -69.9797 -70.0432 -70.2698
-69.7525 -69.7152 -69.5972 -71.6470 -72.5177 -74.3732 -78.8263 0.0000 0.0000 0.0000 -72.4490 -72.5875 -71.5580 -71.6436 -71.7817 -74.3107 -73.6444 -73.8769 -74.1023 -74.0339 -73.9653 -70.9309 -70.7958 -70.7869 -70.8529 -70.8129 -70.6284 -70.5591 -70.4629 -70.0738 -69.6152 -69.5939 -69.5851 -69.5821 -69.5697 -69.6052 -69.6254 -69.6557 -69.8272 -69.8840
-72.0022 -72.1366 -72.6214 -73.3623 -74.4932 -76.1313 -78.7524 0.0000 0.0000 0.0000 -73.0039 -73.3945 0.0000 0.0000 0.0000 0.0000 -73.1054 -73.2977 -73.5391 -73.8498 -74.2500 -74.6128 -75.0003 -75.7317 -76.3848 -76.2175 -76.0011 -70.2193 -70.2449 -69.8190 -69.3840 -69.3509 -69.3288 -69.3109 -69.3061 -69.2996 -69.3000 -69.4228 -69.4397 -69.4686
-72.9579 -73.1703 -73.7669 -74.5891 -75.6146 -76.9558 -78.8029 0.0000 0.0000 0.0000 -73.4441 -76.1469 0.0000 0.0000 0.0000 0.0000 -77.7789 -77.4544 -77.3540 -72.8878 -73.2025 -73.5859 -74.0362 -74.7701 -75.8425 -79.9016 0.0000 0.0000 0.0000 0.0000 0.0000 -69.0978 -69.0613 -69.0276 -69.0049 -68.9789 -69.0602 -69.0422 -69.0312 -69.0284
-73.7915 -74.0215 -74.6500 -75.4317 -76.2921 -77.8042 -78.8966 0.0000 0.0000 0.0000 -75.0438 -76.1985 0.0000 0.0000 0.0000 0.0000 -83.2942 0.0000 -82.4196 -85.8538 -72.2043 -72.4548 -72.8316 -73.7513 -75.2682 -77.5892 0.0000 0.0000 0.0000 0.0000 0.0000 0.0000 -66.8104 -66.7489 -66.6881 -66.6466 -66.5766 -66.5070 -66.4380 -66.3697
-74.4967 -74.7125 -75.3306 -76.0013 -76.7208 -77.9062 -78.0151 -74.7637 -74.9108 0.0000 -74.9857 -75.1697 0.0000 0.0000 0.0000 0.0000 -83.4985 0.0000 0.0000 0.0000 0.0000 -76.0414 -76.0527 -72.0253 -73.1278 -75.3226 0.0000 0.0000 0.0000 0.0000 0.0000 -66.6716 -66.5924 -66.5314 -66.4628 -66.3821 -66.3007 -66.2188 -66.1363 -66.0532
