-54.6727 -55.0378 -56.1910 -56.9193 -57.6715 0.0000 0.0000 -41.5481 -41.2261 -40.8970 -40.5618 -40.2146 -39.8501 -39.4819 -39.1114 -38.7220 -38.3161 -37.9013 -37.4842 -37.0494 -36.5981 -36.1359 -35.6676 -35.1859 -34.6886 -42.9096 0.0000 0.0000 0.0000 0.0000 0.0000 0.0000 0.0000 0.0000 0.0000 0.0000 0.0000 0.0000 -29.5385 -29.9801
-53.8527 -54.1289 -54.6270 -56.9077 0.0000 0.0000 0.0000 -41.5547 -41.2342 -40.9013 -40.5683 -40.2309 -39.8813 -39.5199 -39.1475 -38.7679 -48.1318 0.0000 0.0000 -37.1384 -36.7083 -36.2652 -35.8103 -42.9477 -43.6798 -45.5440 0.0000 0.0000 0.0000 0.0000 0.0000 -51.9566 -51.2714 -46.0850 -45.0468 -43.9898 -42.9578 -42.4204 -30.1967 -30.5471
-52.8583 -52.9554 -53.2067 -53.7985 -55.2130 0.0000 0.0000 -41.5575 -41.2488 -40.9274 -40.5976 -40.2593 -39.9125 -39.5634 -54.2553 0.0000 0.0000 0.0000 -47.3752 -37.2459 -36.8321 -43.8439 -43.9142 -44.4044 -45.4082 -47.0292 0.0000 0.0000 -48.8845 -48.1562 -47.3989 -46.5989 -45.7142 -44.7198 -43.5860 -42.2941 -40.9602 -40.3653 -30.8530 -31.1024
-51.7428 -51.5418 -51.3348 -51.1195 -50.8950 -42.1026 0.0000 0.0000 -41.2702 -40.9051 -40.5882 -47.6142 -49.3432 -51.2596 -53.3159 0.0000 0.0000 0.0000 -37.7644 -44.7683 -44.6454 -44.7380 -45.0798 -45.7140 -46.6970 0.0000 0.0000 0.0000 -48.2351 -47.5074 -46.7164 -45.8477 -44.8824 -43.7961 -42.5675 -41.2130 -39.9797 -31.3952 -31.4901 -31.6627
-50.6325 -43.1787 -42.9241 -50.2004 -51.9346 -55.6846 0.0000 0.0000 -48.5145 -48.5406 -49.0342 -50.1261 -51.2077 -52.6027 -54.5675 0.0000 0.0000 0.0000 -45.4508 -45.3883 -45.4717 -45.7155 -46.1511 -46.8074 -47.7108 0.0000 0.0000 0.0000 -47.7424 -46.9825 -46.1564 -45.2512 -44.2511 -43.1394 -41.9130 -40.6354 -39.7084 -32.0514 -32.1118 -32.2236
-50.4504 -50.6888 -51.2314 -52.2264 -57.1202 0.0000 0.0000 0.0000 -49.4207 -49.8407 -50.5789 -51.2745 -52.1843 -53.4620 -55.0951 0.0000 0.0000 0.0000 -46.0715 -46.1375 -46.3195 -46.6307 -47.0970 -47.7336 -53.0365 -62.3896 0.0000 0.0000 -47.3333 -46.5575 -45.7175 -44.8035 -43.8049 -42.7143 -41.5462 0.0000 0.0000 -32.6813 -32.7082 -32.7881
-51.9854 -52.4765 -53.2496 -54.4156 -59.8810 0.0000 0.0000 0.0000 -50.4896 -51.0093 -51.5239 -52.1767 -53.0441 -54.1832 -55.5996 0.0000 0.0000 -46.7043 -46.7506 -46.8863 -47.1165 -47.4608 -47.9295 -48.5317 -53.4768 0.0000 0.0000 0.0000 -47.0050 -46.2275 -45.3908 -44.4893 -43.5170 -42.4740 -49.4685 0.0000 0.0000 -33.2931 -33.2866 -33.3587
-53.0113 -53.5825 -54.3788 -59.5043 -59.3138 -59.3175 -59.1510 -58.8881 -51.3683 -51.7750 -52.2673 -52.9046 -53.7007 -54.7356 -55.9658 0.0000 0.0000 -47.3303 -47.4282 -47.6057 -47.8632 -48.2185 -48.6764 -49.2408 -53.8874 0.0000 0.0000 0.0000 0.0000 -45.9846 -45.1641 -44.2891 -43.3572 -47.3998 -50.0721 0.0000 0.0000 0.0000 -33.8754 -33.9030
-53.8852 -54.4717 -55.2389 -58.3661 -57.7886 -62.0808 0.0000 -51.8364 -52.2081 -52.5648 -53.0536 -53.6633 -54.3975 0.0000 0.0000 0.0000 0.0000 0.0000 -48.0843 -48.2856 -48.5554 -48.9110 -49.3508 -52.6066 -54.2833 0.0000 0.0000 0.0000 0.0000 -45.8194 -45.0240 -44.1831 -47.7016 -48.6909 -50.6498 0.0000 0.0000 0.0000 -34.4324 -34.4507
-53.6132 -54.0397 -57.4208 -58.3342 0.0000 0.0000 0.0000 0.0000 0.0000 -53.2111 -53.6567 -54.2783 -54.9381 -60.7106 -60.8179 -65.5624 0.0000 0.0000 -48.6648 -48.8651 -49.1341 -49.4753 -49.8852 -53.2941 -54.6564 0.0000 0.0000 0.0000 0.0000 -45.7195 -44.9548 -48.3357 -48.6318 -49.6750 -51.1942 0.0000 -51.8153 -51.3655 -34.9766 -34.9804
-55.2999 -55.8415 -60.5465 -62.5726 0.0000 0.0000 0.0000 0.0000 0.0000 -53.8028 -54.2139 -54.7167 -59.1980 -59.0434 -58.7651 -58.4804 -58.2324 -57.9932 -49.2281 -49.4403 -49.7108 -50.0371 -50.4406 -53.6231 -54.5991 -55.4487 -55.0626 -54.6421 -46.3721 -45.6731 -44.9434 -48.9916 -49.5238 -50.3196 -51.1543 -50.3705 -48.8978 -46.2067 -35.5035 -35.5016
-55.8656 -59.0450 -60.6957 -61.9818 -61.8308 -62.2765 -62.1692 -62.3635 -57.7913 -54.2852 -54.7055 -55.1926 -63.2281 -64.2077 -64.6909 0.0000 0.0000 0.0000 -49.8303 -50.0519 -50.3284 -50.6583 -53.5150 -54.4186 -55.3848 0.0000 0.0000 0.0000 -46.3515 -45.6801 -49.5018 -49.7359 -50.1317 -50.6469 -49.9810 -48.7145 -46.9496 0.0000 0.0000 0.0000
-58.4369 -59.5938 -60.8203 -62.0148 -62.9189 0.0000 0.0000 0.0000 -54.5695 -54.9149 -55.2872 -55.7334 -62.1247 -63.9570 -64.5243 0.0000 0.0000 0.0000 -50.3654 -50.5893 -50.8633 -51.1870 -54.1124 -54.8824 -55.7196 0.0000 0.0000 0.0000 -46.3665 -50.0579 -50.0613 -50.2345 -50.5350 -50.0594 -48.9700 -47.6329 -58.0136 0.0000 0.0000 0.0000
-56.6731 -57.2142 -57.7231 -58.1557 -58.4959 0.0000 0.0000 0.0000 -55.1104 -55.4191 -55.7782 -56.2515 -62.2144 -64.0497 -65.2512 0.0000 0.0000 0.0000 -50.8722 -51.0939 -51.3601 -51.6896 -54.6064 -55.2840 -56.0340 0.0000 0.0000 0.0000 0.0000 -50.4630 -50.4948 -50.6470 -50.3250 -49.3784 -48.2854 -55.8238 -56.3157 0.0000 0.0000 -48.6039
-56.9289 -57.3671 -57.7804 -58.1439 -58.4461 0.0000 0.0000 0.0000 0.0000 -55.8906 -56.2221 -60.6616 -62.3350 -63.7140 -64.3129 0.0000 0.0000 0.0000 -51.3347 -51.5544 -51.8081 -54.4526 -55.0025 -55.5609 -56.2378 0.0000 0.0000 0.0000 0.0000 -50.8424 -50.8868 -50.6697 -49.8337 -48.8992 -53.1116 -54.6728 -55.0684 0.0000 0.0000 -37.4457
-57.0966 -57.4548 -57.7920 -58.0935 -58.3521 -59.0034 -59.0219 -64.3470 -60.4091 -56.1057 -56.4060 -60.3729 -61.4440 -61.2317 -60.8889 -60.6521 -60.5097 -60.8002 -51.7136 -51.9313 -52.1813 -54.7865 -55.3102 -55.8857 -56.5038 0.0000 0.0000 0.0000 0.0000 -51.2031 -51.0523 -50.3024 -49.4822 -52.8035 -53.8689 -53.8643 -54.2444 -57.4961 -49.2777 -37.9315
-57.2774 -57.5911 -57.8904 -58.1611 -58.4035 0.0000 -63.8588 -61.0831 -56.2212 -56.4740 -56.7404 -60.4261 -57.6677 -57.4929 -57.2705 -59.1269 -58.7663 -51.9324 -52.1172 -52.3303 -52.6187 -55.1748 -55.6610 -56.1927 -56.7475 0.0000 0.0000 0.0000 0.0000 0.0000 -50.7706 -50.0362 -52.9683 -53.5977 -53.3431 -53.3683 -53.7465 0.0000 0.0000 0.0000
-60.4969 -61.0061 -61.5180 -62.0094 -62.4707 0.0000 -61.5807 -60.1468 -56.6485 -56.8910 -59.7943 -60.1873 -59.8331 -59.2953 -58.7291 -58.6326 -56.3899 -52.3362 -52.5146 -52.7185 -54.2282 -54.5392 -54.9052 -55.2859 -56.9840 -63.4856 0.0000 0.0000 0.0000 0.0000 -50.5640 -53.2818 -53.6329 -53.2380 -53.0330 -53.0976 -53.4775 -61.7812 0.0000 0.0000
-60.7736 -61.2300 -61.6868 -62.1313 -62.5485 0.0000 0.0000 0.0000 -57.0218 -57.2586 -60.2018 -59.6730 -59.2438 -58.6784 -58.2650 -56.7911 -52.5781 -52.7319 -52.9044 -53.1034 -55.5529 -55.9346 -56.3512 -56.7883 -57.2015 -63.4012 0.0000 0.0000 0.0000 0.0000 -53.6502 -53.8397 -53.3736 -53.0298 -52.8806 -52.9838 -53.3646 -59.8376 0.0000 0.0000
-60.9127 -61.3208 -61.7281 -62.1271 -62.5135 -65.8196 -68.3943 0.0000 -57.3943 -57.5940 -59.7747 -59.2203 -58.7710 -58.2633 -57.1789 -55.7043 -52.9603 -53.1136 -53.2813 -53.5121 -55.9416 -56.3045 -56.6818 -56.9634 -57.3552 -62.5899 -62.3164 -62.5516 -62.6662 -62.5056 -54.0991 -53.6122 -53.1968 -52.9124 -52.8240 -52.9625 -53.3427 -57.8875 -57.2866 -56.5427
-57.6692 -61.4202 -61.8017 -62.1801 -62.5487 -66.5684 0.0000 0.0000 -57.7161 -60.0259 -59.4858 -58.8428 -58.4220 -57.5556 -64.5878 0.0000 0.0000 0.0000 -53.7227 -56.1133 -56.3120 -56.6307 -56.9764 -57.2891 -63.6686 0.0000 0.0000 0.0000 -59.6406 -54.5235 -53.9796 -53.5181 -53.1490 -52.9141 -52.8668 -53.0252 -53.4021 0.0000 0.0000 0.0000
-57.7399 -57.9191 -58.0945 -58.2638 -58.4317 0.0000 0.0000 0.0000 -58.0121 -59.7176 -59.1706 -58.5376 -58.0371 -62.1825 -64.8950 0.0000 0.0000 -64.8693 -54.0839 -56.4858 -56.7489 -57.0366 -57.2801 -57.5675 -62.4590 0.0000 0.0000 -62.6681 0.0000 -54.3677 -53.8905 -53.4696 -53.1534 -52.9698 -52.9662 -53.1520 -53.5211 0.0000 0.0000 0.0000
-57.8058 -57.9715 -58.1402 -58.2977 -58.4478 0.0000 0.0000 -60.4452 -58.2897 -59.3859 -59.0472 -58.2601 -65.0626 0.0000 0.0000 0.0000 0.0000 -59.4349 -56.5625 -56.7938 -57.0343 -57.2172 -57.5610 -57.9032 -61.8040 -65.2645 -60.1963 0.0000 0.0000 0.0000 -53.8553 -53.4747 0.0000 -53.0749 -53.1091 -53.3119 -53.6738 -61.9736 0.0000 -61.0538
-61.4420 -61.7161 -58.1618 -58.3002 -58.4328 -59.4302 -66.0183 -58.0603 -58.3028 -59.0807 -58.5130 -58.2159 -64.4380 -65.7088 -65.5695 -65.4058 -65.3603 -57.2768 -56.7247 -56.9557 -57.1717 -57.3494 -57.6207 -57.9088 -59.8654 -59.2438 0.0000 0.0000 0.0000 -54.2743 -53.8688 -59.6245 0.0000 0.0000 0.0000 0.0000 -53.8858 -60.1135 -54.9977 -53.3692
-61.5587 -61.8051 -62.0475 -62.2812 -62.6416 0.0000 0.0000 0.0000 0.0000 -59.1005 -58.8193 -64.0418 -65.1375 -65.7563 -68.2057 -68.6593 0.0000 0.0000 0.0000 -57.4423 -57.4776 -57.6988 -57.9434 -58.0099 -59.2249 0.0000 0.0000 0.0000 0.0000 -54.2833 -53.9115 -59.7618 0.0000 0.0000 0.0000 0.0000 -54.0789 -55.0765 0.0000 0.0000
-61.6640 -61.9218 -62.2082 -62.4628 -62.7117 0.0000 0.0000 0.0000 0.0000 0.0000 0.0000 -64.8866 0.0000 0.0000 0.0000 0.0000 0.0000 0.0000 0.0000 -57.5206 -57.7169 -57.8391 -58.0010 -58.1381 -64.7964 -65.8456 -66.8001 0.0000 0.0000 0.0000 -59.6747 -60.0618 0.0000 -62.7064 -62.7241 -56.1151 -53.8551 -62.0726 0.0000 0.0000
-61.7875 -62.0090 -62.2309 -62.4518 -63.0767 0.0000 0.0000 0.0000 0.0000 0.0000 0.0000 -64.6735 0.0000 0.0000 -60.2982 -60.3269 -67.1027 0.0000 0.0000 -57.7031 -57.8732 -57.9345 -58.0670 -58.8916 -63.2719 -64.7605 -65.2009 -65.8517 0.0000 -54.3445 -59.9275 -60.0748 -60.8110 -59.7793 -56.2203 -55.4641 -55.3583 -60.6736 0.0000 -60.5711
-61.8820 -62.0877 -62.2936 -62.4985 -63.1157 -65.0569 -64.4447 -64.4150 -65.2752 -65.4403 -66.8762 -63.8902 -65.3649 -59.7874 -59.7821 -59.7687 -64.8101 -63.6063 -57.6218 -57.7803 -57.9308 -58.0696 -58.8060 -59.0606 -61.9667 -62.2692 -61.7915 -61.0161 -58.9219 -58.4629 -59.6329 -59.6453 -57.0657 -56.4222 -55.7939 -60.5721 -55.2112 -59.0877 -59.2019 -58.4408
-61.9689 -62.1595 -62.3498 -62.9440 -63.1474 -64.9537 -64.2718 -64.2410 -65.1939 -65.2906 -62.9796 -63.0849 -63.9752 -59.3366 -59.2917 -63.9257 -62.9294 -61.7798 -57.8024 -57.9473 -58.0884 -58.5007 -58.6979 -58.8923 -61.6144 -61.3359 -60.6362 -59.3335 -54.7541 -58.8880 -59.6689 -57.2288 -56.6262 -58.7621 -60.1586 -59.7202 -55.2367 -58.5917 -57.8079 -56.7324
-62.0473 -62.2233 -62.3983 -62.9844 -63.1688 -64.1362 -64.0705 -64.9034 -65.0579 -65.0235 -63.0809 -63.0445 -59.0365 -58.9867 -62.6013 -62.2350 -61.5469 -60.2779 -57.8392 -57.9729 -58.2960 -58.6333 -58.8101 -58.9818 -61.1317 -60.5575 -59.6160 -58.9041 -58.6753 -57.8550 -57.4271 -56.8491 -59.0874 -59.9179 -59.4707 -58.9536 -55.2407 -57.6172 -56.7080 -55.5306
-62.1173 -62.2790 -62.8456 -63.0151 -63.1780 -63.9357 -63.8471 -64.4590 -64.4882 -64.2555 -62.4502 -62.6056 -58.8828 -58.7915 -62.1882 -61.6902 -60.9411 -59.7776 -58.0471 -58.3056 -58.4609 -58.6128 -58.7596 -58.8993 -60.3402 -59.7678 -59.2701 -55.1973 -58.0685 -57.6051 -57.0902 -59.3670 -59.7928 -59.3556 -58.8591 -58.2884 -55.2347 -56.8384 -55.8923 -54.7402
-62.1798 -62.1565 -62.6909 -62.8341 -62.9685 -63.5099 -64.4044 -64.5010 -64.4200 -64.0295 -62.4766 -58.7474 -58.7458 -62.2009 -61.8225 -61.3014 -60.5614 -58.1247 -58.3333 -58.4752 -58.6149 -58.7490 -58.8764 -58.9935 -59.9597 -59.4122 -58.2303 -58.1370 -57.7125 -57.2038 -59.4767 -59.5432 -59.3263 -58.8579 -58.3295 -57.7283 -55.2283 -56.2380 -55.3113 -54.2358
-62.0868 -62.6140 -62.7516 -62.8816 -62.5321 -63.3830 -64.5592 -64.4148 -64.2589 -63.8127 -62.3214 -58.7068 -58.6183 -61.9574 -61.5544 -61.0286 -60.3595 -58.3756 -58.5064 -58.6357 -58.7593 -58.8764 -58.9851 -59.0808 -59.6874 -58.5622 -55.7037 -57.9428 -57.4739 -59.6959 -59.5688 -59.1905 -58.7839 -58.3084 -57.7758 -57.1733 -55.1708 -55.7226 -54.9084 -53.8970
-62.1524 -62.6819 -62.8076 -62.9276 -62.5451 0.0000 0.0000 0.0000 0.0000 -64.3602 -58.9756 -58.5988 -62.0491 -61.7552 -61.3608 -60.8753 -60.2711 -58.5526 -58.6727 -58.7880 -58.8971 -58.9967 -59.0877 -58.5691 -58.7598 -58.4309 -58.1731 -57.7701 -59.8704 -59.5927 -59.2727 -58.8770 -58.4521 -57.9642 -57.4200 -56.8159 -55.1908 -55.4060 -54.5593 -53.6794
-62.6241 -62.7549 -63.2218 -62.9455 -63.1528 0.0000 0.0000 0.0000 0.0000 -63.6255 -58.9731 -58.8359 -62.5506 -62.1398 -61.6636 -61.1094 -60.1887 -58.7214 -58.8299 -58.9319 -59.0270 -59.1124 -58.6227 -58.6736 -58.6126 -58.2820 -60.2946 -60.0408 -59.6859 -59.3843 -59.0110 -58.6042 -58.1688 -57.6718 -57.1283 -56.5344 -55.2260 -55.1464 -54.3955 -53.6179
-63.0260 -63.2142 -63.4285 -63.0687 -63.2009 0.0000 0.0000 0.0000 -64.7327 -58.9471 -58.8876 -62.8363 -62.4936 -62.0886 -61.6199 -61.0868 -59.0264 -59.1174 -59.2029 -59.2839 -58.6516 -58.7262 -58.7391 -58.7283 -58.5023 -60.3606 -60.1400 -59.8357 -59.4761 -59.1616 -58.7809 -58.3687 -57.9233 -57.4285 -56.8939 -56.3169 -55.2388 -54.9995 -54.3311 -53.5932
-64.2698 -63.3705 -63.0061 -63.1360 -63.2482 0.0000 0.0000 0.0000 -64.4728 -58.8931 -58.8007 -62.7511 -62.4261 -61.9651 -61.5514 -61.0784 -59.2332 -59.3120 -59.3859 -58.9412 -59.0154 -59.0174 -58.9989 -58.8974 -60.7222 -60.2521 -59.9619 -59.6167 -59.2896 -58.9662 -58.5819 -58.1613 -57.7175 -57.2307 -56.7099 -56.1084 -55.3053 -54.9435 -54.2894 -53.6130
-63.7855 -63.9252 -63.4303 -63.5324 -64.0953 -64.5648 -65.7324 -64.6991 -58.7295 -58.6655 -62.5797 -62.3930 -62.1382 -61.8197 -61.4407 -61.0067 -59.3881 -59.0039 -59.0522 -59.1346 -59.1263 -59.1162 -59.0941 -59.7909 -60.5782 -60.3495 -60.0275 -59.6556 -59.3022 -58.9530 -58.4040 -57.9869 -57.5489 -57.0736 -56.5194 -55.9962 -55.4238 -54.8964 -54.2877 -53.6655
-63.7957 -63.8900 -63.3647 -63.4173 -63.4417 -64.1912 -63.9875 -62.8319 -58.5697 -58.5042 -62.3655 -62.2114 -61.9852 -61.6949 -61.3479 -60.9515 -59.0658 -59.1700 -59.2029 -59.2079 -59.2104 -59.2112 -59.8574 -59.8699 -60.4430 -60.2220 -59.8959 -59.5251 -59.1663 -58.8058 -58.3975 -57.9685 -57.5232 -56.9916 -56.4257 -55.9671 -55.4360 -54.8773 -54.3170 -53.7423
-63.7793 -63.2423 -63.2752 -63.0086 -63.0477 -63.8615 -62.8985 -58.5542 -58.5033 -62.4007 -62.2830 -62.1039 -61.8679 -61.5631 -60.6538 -59.1180 -59.2309 -59.2639 -59.2720 -59.2781 -59.2915 -59.8795 -59.9012 -59.9097 -60.3979 -60.0973 -59.7794 -59.4063 -59.0663 -58.6799 -58.2767 -57.8554 -57.3603 -56.9114 -56.4940 -55.9976 -55.4834 -54.9480 -54.4172 -53.8371
