-61.1937 -61.1828 -61.1714 -61.1434 -61.1122 -61.0822 -61.0651 -61.0406 -62.2289 -62.3114 -61.8280 -61.7841 -61.7381 -61.6929 -61.6435 -60.5715 -60.5737 -60.5769 -60.5805 -62.6040 -63.2083 -63.4122 -63.1632 -62.3625 -62.5582 -62.5211 -62.4008 -62.2718 -61.1343 -61.0543 -60.9871 -60.9724 -61.0466 -61.1546 -61.2687 -61.2440 -61.0841 -62.3379 -62.2681 -62.2139
-61.1569 -61.1460 -61.1346 -61.1067 -61.0960 -61.0810 -61.0626 -61.0362 -62.2515 -62.3327 -62.3985 -61.7767 -61.7445 -61.6800 -61.6278 -60.5443 -60.5465 -60.5497 -60.5532 -63.2041 -63.6171 -63.4753 -63.1385 -62.4242 -62.6440 -62.5222 -62.3906 -61.2525 -61.0972 -61.0141 -60.9487 -60.9540 -61.0446 -61.1592 -61.1727 -61.1109 -61.0524 -62.3378 -62.2814 -62.3490
-61.1060 -61.1080 -61.0967 -61.0687 -61.0580 -61.0472 -61.0477 -61.0308 -62.2755 -62.3595 -62.4187 -62.3347 -62.2715 -61.6653 -61.6101 -60.5154 -60.5176 -60.5206 -60.5241 -63.8213 -63.9215 -63.4977 -62.3162 -62.4933 -62.6550 -62.5217 -62.3772 -61.1781 -61.0572 -60.9713 -60.9105 -60.9398 -61.0442 -61.0755 -61.1370 -61.0623 -61.0324 -62.3375 -62.4182 -62.3640
-61.0680 -61.0689 -61.0576 -61.0294 -61.0188 -61.0080 -61.0086 -60.9994 -62.2907 -62.3862 -62.4412 -62.3508 -62.2801 -62.1752 -62.0889 -60.4850 -60.4872 -60.4899 -61.3942 0.0000 0.0000 -65.1436 -62.3800 -62.7980 -62.6659 -62.5194 -62.3522 -61.1104 -61.0142 -60.9257 -60.8743 -60.8470 -60.9613 -61.0867 -61.0984 -61.0235 -62.4241 -62.4739 -62.4175 -62.3597
-61.0292 -61.0172 -61.0173 -60.9890 -60.9783 -60.9675 -60.9682 -60.9590 -62.2718 -62.3864 -62.4594 -62.3671 -62.2913 -62.1788 -62.0844 -60.8303 -60.8716 -60.5290 -61.3535 0.0000 0.0000 -65.1954 -63.5219 -63.6919 -62.6770 -62.5154 -62.3313 -61.0690 -60.9682 -60.8779 -54.7278 -60.8440 -60.9683 -61.0990 -61.0447 -61.0798 -62.4670 -62.4744 -62.4142 -62.3526
-60.9896 -60.9772 -60.9648 -60.9475 -60.9366 -60.9257 -60.9263 -60.9171 -62.2519 -62.3711 -62.4397 -62.3622 -62.3010 -62.1823 -62.0815 -60.8619 -60.8629 -61.5681 -61.7183 0.0000 0.0000 -63.4238 -65.3229 -63.8930 -63.5193 -63.0899 -62.2996 -61.0245 -60.8417 -60.7532 -60.7418 -60.8440 -60.9765 -61.1816 -61.0965 -61.0547 -62.5126 -62.4725 -62.4083 -62.3426
-60.9498 -60.9367 -60.9237 -60.8940 -60.8938 -60.8826 -60.8833 -60.8740 -62.2311 -62.3550 -62.4186 -62.3375 -62.2747 -62.2276 -60.8588 -60.8511 -61.4319 -61.5520 -61.6473 -62.1867 -64.8501 -63.4989 -66.1168 -65.7458 -63.6229 -63.2739 -62.8740 -61.2538 -60.7932 -60.7077 -60.7259 -60.8463 -61.0763 -61.1398 -61.0530 -61.0176 -62.5617 -62.4681 -62.3975 -62.8365
-60.9105 -60.8958 -60.8819 -60.8514 -60.8393 -60.8385 -60.8390 -60.8295 -62.2094 -62.3383 -62.3963 -62.3621 -62.3044 -62.2057 -60.8254 -61.3383 -61.4358 -61.5155 -61.5507 -61.4379 -62.6840 -65.3045 -66.6239 -66.5459 -63.7163 -63.3200 -62.8415 -61.2969 -61.1100 -60.9718 -60.7171 -60.9372 -61.0929 -61.0814 -61.0069 -62.4178 -62.6150 -62.4574 -62.3790 -62.6798
-60.8739 -60.8559 -60.8401 -60.8085 -60.7955 -60.7830 -60.7936 -60.7838 -62.1871 -62.3670 -62.4270 -62.3668 -62.2820 -62.1723 -61.2266 -61.3185 -61.3955 -61.3993 -61.3165 -62.9089 -63.6769 -64.7689 -65.9057 -64.0220 -63.6285 -63.2525 -62.8403 -61.3065 -61.1191 -61.0817 -61.1352 -60.9486 -61.1115 -61.0327 -60.9720 -62.4678 -62.6674 -62.3222 -62.8691 -62.8349
-60.3301 -60.8193 -60.7995 -60.7656 -60.7513 -60.7378 -60.7370 -60.7370 -62.2109 -62.3584 -62.4110 -62.3451 -62.2459 -62.7073 -61.2128 -61.2763 -61.2947 -61.2759 -61.1704 -62.3289 -63.9857 -64.9483 -63.8154 -63.4838 -63.2701 -62.9371 -62.8419 -61.2697 -61.1916 -61.1050 -61.1965 -61.3347 -61.4274 -60.9806 -60.9219 -62.5167 -62.6007 -62.4403 -62.8804 -62.8362
-60.2968 -60.2884 -60.2800 -60.7242 -60.7074 -60.6924 -60.7211 -60.7136 -62.1947 -62.3477 -62.3871 -62.3082 -62.2028 -62.7124 -61.1383 -61.2322 -61.1918 -61.1016 -60.6335 -63.1664 -64.3731 -63.6178 -63.8802 -63.5731 -62.8689 -62.8625 -61.2678 -61.1441 -61.1477 -61.1266 -61.2509 -61.4035 -61.4075 -61.2661 -61.1766 -62.4554 -62.8123 -62.9345 -62.8772 -62.8324
-60.2624 -60.2531 -60.2440 -60.2194 -60.6938 -60.6787 -60.6786 -60.6697 -62.1755 -62.3272 -62.3546 -62.2697 -62.7151 -62.6424 -61.1357 -61.1115 -61.0348 -60.5616 -60.9554 -63.5628 -64.3464 -63.9543 -63.9945 -63.6822 -62.9658 -62.9854 -61.2131 -61.0404 -60.9477 -60.9894 -61.3007 -61.4668 -61.3851 -61.1733 -62.8898 -63.1525 -63.9741 -62.9318 -62.8669 -62.8059
-60.2203 -60.2165 -60.2066 -60.2073 -60.2014 -60.6399 -60.6362 -60.6214 -62.1351 -62.3048 -62.2797 -62.7507 -62.7351 -62.6629 -61.0359 -60.9698 -60.5197 -60.8629 -60.8713 -63.8501 -63.9488 -63.9860 -64.1233 -62.8103 -63.1926 -62.9949 -61.1639 -60.9855 -60.8618 -60.9905 -61.1809 -61.3822 -61.2671 -61.2314 -63.0376 -63.3185 -64.1814 -63.4153 -63.3037 -62.7715
-60.1834 -60.1968 -60.1946 -60.1706 -60.1639 -60.1558 -60.1581 -60.5716 -62.1103 -62.2316 -62.8402 -62.8077 -62.7020 -62.5806 -60.8740 -60.7974 -60.4558 -60.7865 -60.7881 -63.9117 -63.9798 -64.5081 -64.4350 -63.0148 -63.2188 -62.9851 -61.1088 -60.9239 -54.1778 -60.9692 -61.0882 -61.3047 -61.1954 -61.0975 -63.1917 -64.0737 -64.3972 -63.4548 -63.3237 -63.1796
-60.6837 -60.1604 -60.1510 -60.1315 -60.1212 -60.1110 -60.1009 -60.0814 -62.0956 -62.7767 -62.8332 -62.7821 -62.6043 -62.3930 -60.7486 -60.3524 -60.6988 -60.7365 -60.3344 -63.9426 -64.8586 -64.8574 -64.6405 -63.1256 -63.2211 -62.9645 -61.0341 -60.8502 -60.8100 -60.9169 -61.2065 -61.2182 -61.0987 -61.0577 -63.1773 -64.1089 -64.4820 -63.4900 -63.3320 -63.1803
-60.7494 -60.6358 -60.1098 -60.0813 -60.0702 -60.0425 -60.0324 -60.0626 -61.9096 -62.1401 -62.8198 -62.6893 -62.4820 -62.2543 -60.3118 -60.6121 -60.6587 -60.5800 -63.9012 -65.1570 -65.3580 -65.3989 -62.9536 -63.2891 -63.2352 -62.9362 -60.9529 -60.7651 -60.7239 -61.0161 -61.2556 -61.1683 -61.0386 -62.8555 -63.8474 -64.2777 -64.6683 -63.3769 -63.2411 -63.4232
-60.7868 -60.6761 -60.5737 -60.0143 -60.0025 -60.0160 -60.0111 -60.0139 -61.9164 -62.1016 -62.1394 -62.6004 -62.2696 -61.6727 -60.5402 -60.5774 -60.5453 -60.2866 0.0000 0.0000 0.0000 0.0000 -63.8456 -63.4458 -63.2548 -62.9104 -60.7946 -60.6840 -60.7929 -61.0428 -61.2583 -61.1192 -60.9806 -63.0058 -63.9948 -64.4246 -64.8892 -63.3359 -63.1876 -63.2888
-60.7999 -60.6956 -60.5534 -60.4904 -60.4141 -59.9683 -59.9561 -60.2437 -61.8722 -62.1027 -62.0886 -61.8316 -62.1612 -60.1981 -60.5037 -60.4933 -60.2506 -60.8219 0.0000 0.0000 -69.2611 -63.6412 -64.0741 -64.3782 -63.7927 -62.7793 -60.7705 -60.6171 -60.8059 -61.0757 -61.1858 -61.0385 -60.9069 -63.6966 -64.2331 -64.6859 -65.0781 -63.2533 -63.3660 -63.1941
-60.7730 -60.6759 -60.5887 -60.5020 -60.4203 -60.3461 -60.1463 -60.1742 -61.8638 -62.0855 -61.9422 -61.7460 -61.2198 -60.0638 -60.4983 -60.1974 -60.5234 -60.7400 0.0000 0.0000 -66.0212 -63.8719 -64.3484 -64.5900 -63.8181 -61.3149 -60.8774 -60.5782 -60.8283 -61.0968 -61.1060 -60.9530 -62.7932 -63.9331 -64.5235 -64.9984 -65.1385 -63.2121 -63.2608 -63.0663
-60.7248 -60.6887 -60.5827 -60.4991 -60.4194 -60.6015 -60.5544 -60.1255 -61.7796 -61.9556 -61.8692 -61.3537 -61.5228 -60.0708 -60.0426 -60.1443 -60.5697 -60.6581 0.0000 0.0000 -63.4567 -64.1530 -64.5264 -64.7696 -64.0680 -61.1752 -60.8471 -60.7798 -60.8567 -61.1022 -61.0373 -60.8613 -63.4736 -64.2394 -64.8472 -65.3269 -65.1674 -63.1733 -63.1964 -62.9839
-60.6054 -60.5979 -60.5617 -60.4582 -60.6595 -60.6066 -60.5510 -60.4714 -61.7240 -61.9065 -61.4681 -61.6514 -61.5734 -59.9929 -59.7549 -60.0741 -60.1517 -60.5704 -60.5453 -62.5542 -63.6499 -64.2868 -64.9610 -64.9231 -64.1928 -61.0980 -60.7717 -60.8419 -61.1403 -61.3367 -60.9456 -61.0261 -63.8191 -64.6496 -65.2577 -65.5874 -65.1989 -63.3361 -63.1194 -62.8958
-60.1697 -60.1202 -60.4319 -60.6892 -60.6501 -60.5465 -60.4922 -60.4350 -62.3261 -62.1028 -61.5106 -61.7084 -61.5147 -59.7017 -59.9612 -60.0346 -60.0746 -60.0363 -60.2961 -62.2055 -63.2678 -64.6211 -65.2260 -65.0741 -64.2774 -60.9781 -60.6841 -60.8977 -61.1926 -61.2942 -61.0532 -61.1079 -64.3226 -65.1739 -65.7157 -65.6745 -65.2403 -63.2688 -63.0266 -62.7871
-60.0798 -60.0521 -60.0161 -60.5867 -60.5514 -60.5228 -60.4551 -60.3844 -62.3332 -62.2384 -62.4565 -61.6791 -61.1257 -59.8602 -59.9305 -59.9732 -59.9397 -59.8887 -59.5647 -62.8497 -63.9748 -64.5589 -64.8821 -65.2781 -64.4316 -60.8240 -60.5935 -60.9372 -61.2451 -61.2503 -61.2429 -64.1116 -65.6022 -66.3825 -66.1782 -65.7919 -65.6595 -63.1897 -62.9278 -62.6699
-60.0116 -59.9901 -60.1412 -60.1404 -60.1337 -60.4462 -60.3964 -60.3722 -62.0817 -62.7463 -62.5200 -62.1862 -61.0775 -59.8214 -59.8682 -59.8739 -59.8170 -59.7129 -59.5406 -63.2173 -63.9471 -65.1066 -65.3020 -65.0663 -64.7488 -60.6554 -60.5503 -60.9745 -61.2598 -61.1446 -61.1473 -65.6248 -66.8699 -67.3086 -67.5100 -65.9535 -65.7477 -63.1058 -62.8301 -62.5381
-59.9427 -60.1105 -60.0849 -60.0698 -60.0617 -60.0259 -60.0298 -60.1015 -62.4961 -62.8505 -62.5202 -61.8409 -61.8750 -60.0959 -59.7814 -59.7158 -59.6572 -59.4741 -59.4807 -64.4861 -64.5650 -64.6250 -65.6567 -65.7267 -65.1080 -60.3018 -60.5495 -60.9677 -61.2905 -61.2654 -60.9998 -67.9970 -67.9304 -67.8375 -67.7811 -66.8510 -66.4410 -63.0172 -62.7197 -62.3202
-60.0549 -60.0469 -60.0139 -59.9974 -59.9680 -59.9731 -59.7400 -59.9421 -62.5664 -62.8920 -62.1629 -62.1886 -61.8327 -60.0568 -59.9794 -59.6336 -59.4049 -59.4086 -59.5376 0.0000 0.0000 0.0000 0.0000 0.0000 0.0000 -60.3978 -60.4188 -60.9797 -61.1649 -61.1114 -60.8932 0.0000 0.0000 0.0000 0.0000 0.0000 -66.8140 -63.2015 -62.7524 -62.2417
-59.9855 -59.9757 -59.9412 -59.9560 -59.9161 -59.8812 -59.6698 -59.8736 -62.0602 -62.3711 -62.5021 -62.1609 -61.8078 -59.9638 -59.9354 -59.6502 -59.3416 -59.3804 0.0000 0.0000 0.0000 0.0000 0.0000 0.0000 0.0000 -60.3611 -60.7663 -60.8363 -61.0785 -60.9521 -61.0064 0.0000 0.0000 0.0000 0.0000 0.0000 -68.2316 -63.2245 -62.7194 -62.3012
-59.9195 -59.9028 -59.8992 -59.8658 -59.8308 -59.6143 -59.7889 -59.8070 -62.0250 -61.9912 -62.0511 -61.7116 -61.7654 -59.9235 -59.8520 -59.5971 -59.6065 -59.6538 0.0000 0.0000 0.0000 -65.9013 -65.4826 -62.1854 -60.7493 -60.3679 -60.8669 -61.1956 -61.1685 -60.7769 -53.3914 0.0000 0.0000 0.0000 0.0000 0.0000 -69.2958 -63.2706 -62.7443 -62.1094
-59.8822 -59.8660 -59.8095 -59.7749 -59.5655 -59.7235 -59.7208 -59.7003 -61.6837 -62.3198 -61.9618 -61.7180 -59.7245 -59.8389 -59.6157 -59.5761 -59.5565 -59.8904 -59.9463 0.0000 0.0000 -65.9613 -65.2810 -61.4062 -60.5588 -60.4466 -60.9542 -61.5746 -61.0948 -60.8592 -53.2785 0.0000 0.0000 0.0000 0.0000 0.0000 0.0000 -63.1619 -62.6673 -61.9093
-59.8108 -59.7766 -59.7195 -59.5119 -59.6659 -59.6556 -59.6218 -61.2566 -61.9333 -62.2724 -62.0237 -61.6461 -59.5584 -59.3710 -59.3467 -59.5225 -59.7674 -59.8223 -59.8553 -65.0377 -66.7215 -66.1404 -65.0328 -61.3140 -60.3405 -60.6051 -61.2581 -61.4615 -61.1501 -60.7491 -60.9855 -61.6368 -62.3430 -62.8026 -63.2403 -63.6430 -63.7370 -63.0634 -62.5166 -61.7483
-59.7255 -59.6869 -59.4589 -59.4404 -59.5914 -59.5679 -59.5299 -61.1888 -62.0724 -62.3782 -62.0124 -61.5440 -59.4749 -59.2877 -59.2675 -59.4653 -59.7191 -59.7502 -59.7512 0.0000 0.0000 -66.0305 -64.3652 -61.1936 -60.0958 -60.6665 -61.3865 -61.3465 -60.9786 -53.0942 -61.0983 -61.6749 -62.3019 -62.7563 -63.1745 -63.9954 -63.5054 -62.9072 -62.3195 -61.6328
-59.6324 -59.5970 -59.3844 -59.5187 -59.5060 -59.4713 -59.2513 -61.4979 -62.1328 -62.4214 -61.9722 -61.4784 -59.2207 -59.2066 -59.1859 -59.4046 -59.4505 -59.4909 -59.6965 0.0000 -68.0759 -67.1489 -65.1777 -61.0551 -59.9846 -60.9876 -61.5302 -61.3479 -60.7832 -53.0088 -61.1970 -61.8231 -62.4396 -62.8804 -64.5255 -63.8111 -63.1945 -62.5717 -61.8136 -61.2800
-59.5446 -59.3541 -59.4575 -59.4434 -59.3822 -59.1950 -59.3605 -61.5315 -62.2351 -62.4667 -61.9771 -61.1375 -59.1342 -59.1234 -59.2906 -59.3268 -59.3618 -59.3944 -59.4292 0.0000 -68.5282 -66.8366 -66.3077 -61.0993 -60.2782 -61.1266 -61.7269 -61.2046 -60.5675 -60.6717 -61.3329 -61.9789 -62.6470 -65.5188 -64.5406 -63.7596 -63.0799 -62.3930 -61.5111 -61.0173
-59.2983 -59.4214 -59.3782 -59.3260 -59.1698 -59.2996 -59.2840 -61.5738 -62.4141 -62.5579 -61.9621 -61.0654 -59.0498 -59.1993 -59.2142 -59.2419 -59.2697 -59.2970 -59.3273 -66.5741 -67.0691 -67.0922 -67.0789 -60.9698 -60.6939 -61.4111 -61.7595 -61.0353 -60.3472 -60.8061 -61.5193 -61.8298 -62.8353 -68.0441 -64.4453 -63.7245 -62.9667 -62.0512 -61.2685 -60.7909
-59.2296 -59.3390 -59.2665 -59.2619 -59.0896 -59.2147 -59.2014 -61.6971 -62.5769 -62.6592 -61.7183 -60.9734 -58.9634 -59.1102 -59.1307 -59.1524 -59.1751 -59.1987 -59.2269 0.0000 0.0000 0.0000 0.0000 -61.0475 -60.9319 -61.6892 -61.7503 -60.8463 -52.6897 -61.0133 -61.7753 -61.6898 -69.0634 -69.5231 -66.8787 -63.7153 -62.8557 -61.8463 -61.0487 -60.8461
-59.2696 -59.2157 -59.2034 -59.0351 -59.1512 -59.1354 -59.1385 -61.8360 -62.8228 -62.4942 -61.7874 -60.9020 -59.0317 -59.0269 -59.0423 -59.0596 -59.0787 -59.0994 -59.1256 0.0000 0.0000 0.0000 0.0000 -52.3230 -61.2550 -62.2127 -61.6768 -60.6134 -52.6046 -61.3083 -62.0910 0.0000 0.0000 0.0000 -69.4664 -63.7439 -62.5835 -61.6127 -60.7077 -61.1018
-59.2218 -59.1569 -58.9793 -59.0898 -59.0716 -59.0668 -59.0538 -62.0772 -63.2009 -62.7460 -61.9446 -61.0532 -58.9472 -58.9387 -58.9504 -58.9642 -58.9805 -58.9992 -59.0239 0.0000 -59.5980 -52.1696 -52.2166 -60.6297 -61.6773 -62.7033 -61.5983 -60.3234 -60.6538 -61.7063 -62.1635 -61.3214 0.0000 0.0000 -68.8575 -64.2099 -62.5996 -61.2329 -60.5120 -61.4867
-59.1439 -58.9351 -59.0373 -59.0073 -58.9985 -58.9850 -58.9529 -62.6235 -63.4029 -63.9473 -62.1989 -61.0017 -58.8581 -58.8469 -58.8555 -58.8668 -58.8809 -58.8982 -58.9218 -59.3735 -59.3729 -52.0531 -52.0937 -61.0271 -62.3879 -63.0801 -61.5142 -59.9739 -61.0939 -62.3655 -62.0818 -64.1589 -70.2901 -69.8126 -69.1388 -64.2766 -62.5848 -60.9533 -60.9510 -64.5511
-56.0821 -58.8543 -58.9667 -58.9389 -58.9128 -58.8911 -58.8512 -63.2944 -64.1072 -64.4460 -63.0369 -60.9323 -58.7654 -58.7521 -58.7582 -58.7675 -58.7800 -58.7962 -58.8106 -58.8567 -59.1214 -51.9373 -51.9655 -61.6809 -63.1294 -63.4099 -61.3866 -52.2756 -61.8854 -63.2198 -61.9992 0.0000 0.0000 0.0000 0.0000 -64.6958 -62.6629 -60.6141 -61.6887 -65.6303
-57.5737 -55.9861 -58.8853 -58.8575 -58.8290 -58.7868 -58.7492 0.0000 -67.9015 0.0000 0.0000 -60.8583 -58.6578 -58.6548 -58.6590 -58.6665 -58.6739 -58.6881 -58.7065 -58.7350 -58.7470 -51.7588 -51.8561 -62.8451 -64.1368 -64.0909 -61.2247 -52.1861 -63.0546 -64.3934 -61.9132 0.0000 0.0000 0.0000 0.0000 -65.4405 -62.5445 -60.8729 -66.7358 -66.4256
