-73.6917 -73.7166 -73.7415 -73.7665 -73.7914 -73.8161 -73.8419 -73.8664 -73.8908 -73.9150 -73.9390 -73.9615 -73.9853 -74.0091 -74.0329 -74.2020 -74.2358 -74.2735 -74.3155 -74.3493 -74.3824 -74.5021 -74.6427 -74.6205 -74.5930 -74.3535 -74.3176 -74.7976 -74.7778 -75.0501 -74.9990 -74.3764 -74.3201 -74.0061 -74.0635 -73.0834 -76.7517 -76.9175 -74.5910 -76.2410
-73.6311 -73.6515 -73.6720 -73.6933 -73.7136 -73.7336 -73.7534 -73.7729 -73.7909 -73.8100 -73.8287 -73.8473 -73.8657 -74.0201 -74.0467 -74.0750 -74.1030 -74.1254 -74.1505 -74.1754 -74.2005 -74.2468 -74.4202 -74.3947 -74.1634 -74.1282 -74.4591 -74.5265 -74.7889 -74.7423 -74.6731 -74.1152 -73.9873 -73.7980 -73.8780 -72.9575 -74.1514 -74.0418 -76.1277 -76.4240
-73.5722 -73.5885 -73.6048 -73.6208 -73.6366 -73.6522 -73.6663 -73.6864 -73.7010 -73.7154 -73.8520 -73.8719 -73.8929 -73.6061 -73.6169 -73.6277 -73.6382 -73.6502 -73.6638 -73.6788 -73.6934 -73.7209 -73.6837 -73.6453 -73.6106 -73.8283 -74.1654 -74.1297 -74.0600 -74.0041 -73.4724 -73.2052 -73.3447 -73.1753 -73.1955 -72.3107 -72.3119 -73.4607 -73.7699 -73.8039
-73.2758 -73.2844 -73.2928 -73.2999 -73.3076 -73.3150 -73.3220 -73.3286 -73.4440 -73.4549 -73.4664 -73.4767 -73.4832 -73.4906 -73.4976 -73.5050 -73.5133 -73.5215 -73.5317 -73.5430 -73.4026 -73.4226 -73.5249 -73.4888 -73.4502 -73.9534 -73.9755 -73.9427 -73.9010 -73.3070 -72.5789 -72.6422 -72.5445 -72.3551 -72.2773 -71.3158 -71.4476 -72.3596 -72.3621 -72.3958
-73.2275 -73.2312 -73.2271 -73.2254 -73.2297 -73.2336 -73.3413 -73.3500 -73.3586 -73.3633 -73.3685 -73.3726 -73.3764 -73.3799 -73.3843 -73.3874 -73.3907 -73.3925 -73.4047 -73.2613 -73.2756 -73.2914 -73.3681 -73.2971 -73.6722 -73.6709 -73.5856 -73.4930 -73.3410 -73.2314 -72.7974 -72.7046 -72.4827 -72.4036 -72.1528 -71.3801 -72.3484 -72.3790 -72.4158 -72.4503
-73.1623 -73.1651 -73.1685 -73.1699 -73.2711 -73.2762 -73.2793 -73.2806 -73.2824 -73.2839 -73.2850 -73.2857 -73.2872 -73.2875 -73.2849 -73.2885 -73.2902 -73.1502 -73.1502 -73.1537 -73.1663 -73.1796 -73.3913 -73.3975 -73.6695 -73.6692 -73.6085 -73.4744 -73.4592 -73.1323 -73.1698 -73.4207 -73.2498 -72.9580 -72.9418 -73.3261 -73.4327 -73.5803 -73.7384 -73.6324
-73.1129 -73.2048 -73.2071 -73.2082 -73.2074 -73.2071 -73.2063 -73.2052 -73.2036 -73.2018 -73.2110 -73.2267 -73.2446 -73.4908 -73.4932 -73.3541 -73.3501 -73.3478 -73.3476 -73.3558 -73.3693 -73.5778 -73.5997 -73.8737 -73.9048 -73.8428 -73.8087 -73.7789 -73.7506 -73.3639 -73.3343 -73.2848 -72.8460 -72.8282 -73.1803 -73.2165 -73.3304 -73.4622 -73.3723 -73.4921
-73.3702 -73.3730 -73.3748 -73.3771 -73.3792 -73.3810 -73.3826 -73.3849 -73.3832 -73.3872 -73.3873 -73.3859 -73.3848 -73.3845 -73.2443 -73.2385 -73.2325 -73.2267 -73.2227 -73.4104 -73.4282 -73.4401 -73.4592 -73.7515 -73.7013 -73.6735 -73.6478 -73.6264 -73.6118 -73.2207 -73.1763 -72.8671 -72.7178 -73.0340 -72.2553 -73.1096 -73.2032 -73.1197 -73.4735 -73.3450
-73.2869 -73.2837 -73.2800 -73.2760 -73.2716 -73.2649 -73.2624 -73.2567 -73.2507 -73.2446 -73.2384 -73.2330 -73.0973 -73.0863 -73.1250 -73.1181 -73.1113 -73.1046 -73.2672 -73.2802 -73.2940 -73.3084 -73.3186 -73.5640 -73.5381 -73.5170 -73.4960 -73.4722 -73.1076 -73.0672 -72.7697 -72.7193 -72.8983 -72.9241 -72.1662 -72.9748 -72.8760 -73.1961 -73.0854 -73.1976
-71.5352 -71.5349 -71.5325 -73.1994 -73.1938 -73.1880 -73.1796 -73.1709 -73.1624 -73.1535 -73.0234 -73.0083 -72.9941 -72.9796 -72.9646 -72.9498 -72.9295 -73.0762 -73.0750 -73.0813 -73.0847 -73.0860 -73.0770 -72.9279 -73.2599 -73.1821 -73.1030 -73.0062 -72.6185 -72.2989 -72.1963 -72.0908 -72.1979 -72.7942 -71.9141 -72.8340 -72.9357 -72.8264 -72.9271 -72.6983
-71.4608 -71.4381 -71.4146 -71.3906 -71.3662 -71.3418 -71.3167 -71.3124 -73.0612 -72.9315 -72.9172 -72.9024 -72.8877 -72.8680 -72.8523 -72.9874 -72.9758 -72.9646 -72.9640 -72.9662 -72.9591 -72.9657 -72.8061 -72.9900 -73.1749 -73.1521 -73.1148 -73.0811 -72.5317 -72.4845 -72.4395 -72.4493 -72.3067 -72.0937 -71.5314 -72.1363 -71.9505 -71.9379 -71.9240 -71.8405
-71.3862 -71.3608 -71.3351 -71.3089 -71.2821 -71.2552 -71.2280 -71.1248 -71.0943 -71.0637 -71.0319 -70.9976 -70.9652 -70.9749 -72.8609 -72.8448 -72.8264 -72.8072 -72.8042 -72.7938 -72.7951 -72.6388 -72.8086 -72.8206 -72.9765 -72.9413 -72.9094 -72.3933 -72.3387 -72.2927 -72.5241 -72.5064 -72.2703 -72.4288 -71.7793 -72.2972 -72.3587 -72.4376 -72.4996 -72.5283
-71.3110 -71.2833 -71.2551 -71.2267 -71.1978 -71.1686 -71.0643 -71.0315 -70.9971 -70.9637 -70.9298 -70.8954 -70.9510 -70.9164 -70.8813 -70.8456 -70.8088 -70.7742 -70.7746 -72.6351 -72.6328 -72.6370 -72.6391 -72.6420 -72.7749 -72.7382 -72.6810 -72.1940 -72.1462 -72.3554 -72.3303 -72.1609 -72.2278 -72.2378 -71.6087 -72.0874 -72.1401 -72.2084 -72.2394 -72.2688
-71.2351 -71.2049 -71.1742 -71.1435 -71.0412 -71.0067 -70.9723 -70.9376 -70.9023 -70.8663 -70.8299 -70.8795 -70.8428 -70.8052 -70.7663 -70.7280 -70.6858 -70.6535 -70.6353 -70.6162 -70.5997 -70.5843 -70.5676 -70.5486 -70.5797 -72.5144 -72.2813 -72.0014 -72.1901 -72.1595 -71.9956 -72.0376 -72.0349 -72.0265 -71.2891 -71.8708 -71.9139 -71.9736 -71.9815 -72.0045
-71.0768 -71.0817 -71.0169 -70.9898 -70.9545 -70.9185 -70.8820 -70.8450 -70.8072 -70.8509 -70.8129 -70.7730 -70.7332 -70.6933 -70.6531 -70.6107 -70.5699 -70.5390 -70.5161 -70.4989 -70.4805 -70.4601 -70.4388 -70.4179 -70.3853 -70.2902 -70.0982 -70.1936 -70.0813 -70.1402 -71.9278 -71.8416 -71.8198 -71.6573 -71.1031 -71.6428 -71.8610 -71.7048 -71.7092 -71.7249
-71.0102 -70.9076 -70.8690 -70.8297 -70.7897 -70.7492 -70.7078 -70.6658 -70.6989 -70.6552 -70.6118 -70.5675 -70.5849 -70.5839 -70.5400 -70.4976 -70.4512 -70.4225 -70.4029 -70.3829 -70.3582 -70.3338 -70.3101 -70.2753 -70.1405 -70.1481 -69.9620 -69.9892 -70.0208 -69.9796 -69.9396 -69.8602 -69.7337 -69.6995 -69.3228 -69.6851 -71.4520 -71.4358 -71.4268 -70.5985
-70.8772 -70.8375 -70.7972 -70.7563 -70.7153 -70.6729 -70.6277 -70.6580 -70.6138 -70.5691 -70.5236 -70.4775 -70.4307 -70.3824 -70.3338 -70.2066 -70.2383 -70.2091 -70.1808 -70.1501 -70.1193 -70.0866 -70.0928 -70.0368 -70.0082 -70.0097 -69.8993 -69.9261 -69.8849 -69.8429 -69.7939 -69.6298 -69.5902 -69.5536 -69.1900 -69.5343 -69.4833 -69.4486 -69.4152 -68.8385
-70.8092 -70.7677 -70.7256 -70.6811 -70.6369 -70.6639 -70.6197 -70.5746 -70.5289 -70.4825 -70.4355 -70.3872 -70.3371 -70.2881 -70.1606 -70.1919 -70.1462 -70.1122 -70.0800 -70.0478 -70.0119 -69.9730 -69.8408 -69.8049 -69.7680 -69.7018 -69.7178 -69.6699 -69.6218 -69.5676 -69.4343 -69.3501 -69.3240 -69.3611 -69.1482 -69.3596 -69.3181 -69.2764 -68.7428 -68.6772
-70.7391 -70.6950 -70.6509 -70.6062 -70.6300 -70.5846 -70.5385 -70.4916 -70.4441 -70.3943 -70.3456 -70.2959 -70.2444 -70.1200 -70.1473 -70.1006 -70.0492 -70.0137 -69.9802 -69.9419 -69.9022 -69.7737 -69.7356 -69.6973 -69.7225 -69.6579 -69.6086 -69.5592 -69.5059 -69.4507 -69.3144 -69.2344 -69.1852 -69.1381 -68.8887 -69.0621 -69.0104 -68.9664 -68.4405 -68.3814
-70.6694 -70.6244 -70.6453 -70.5995 -70.5530 -70.5058 -70.4579 -70.4077 -70.3585 -70.3088 -70.2579 -70.2057 -70.0843 -70.1060 -70.0579 -70.0048 -69.9510 -69.9141 -69.8738 -69.8350 -69.7081 -69.6690 -69.6295 -69.6499 -69.6786 -69.5496 -69.4994 -69.4468 -69.3908 -69.2570 -69.1978 -69.1189 -69.0678 -69.1063 -68.7744 -68.9276 -68.8801 -68.3890 -68.3126 -68.2609
-70.6011 -70.6192 -70.5725 -70.5250 -70.4768 -70.4263 -70.3767 -70.3265 -70.2759 -70.2238 -70.1701 -70.1179 -70.0686 -70.0191 -69.9646 -69.9096 -69.8518 -69.8109 -69.7713 -69.6463 -69.6058 -69.5651 -69.5261 -69.6049 -69.4921 -69.4406 -69.3881 -69.3314 -69.2002 -69.1404 -69.0802 -69.0025 -69.0320 -68.9814 -68.6617 -68.8011 -68.6253 -68.2565 -68.1917 -68.1415
-70.5966 -70.5488 -70.5004 -70.4498 -70.3999 -70.3494 -70.2984 -70.2471 -70.1930 -70.1389 -70.0861 -70.0354 -69.9844 -69.9288 -69.8726 -69.8129 -69.7532 -69.7122 -69.5899 -69.5473 -69.5052 -69.4628 -69.5366 -69.5001 -69.3856 -69.3328 -69.2754 -69.1463 -69.0856 -69.0245 -68.9410 -68.8855 -68.9090 -68.8580 -68.5486 -68.6716 -68.2086 -68.1286 -68.0703 -68.0217
-70.5377 -70.4869 -70.4369 -70.3863 -70.3350 -70.2840 -70.2302 -70.1755 -70.0575 -70.0675 -70.0157 -69.9634 -69.9068 -69.8486 -69.7887 -69.7278 -69.6673 -69.5492 -69.5028 -69.4596 -69.4159 -69.4836 -69.4452 -69.4067 -69.2905 -69.2330 -69.1081 -69.0445 -68.9825 -68.9199 -68.8369 -68.8536 -68.7988 -68.7467 -68.4455 -68.4229 -68.0965 -68.0172 -67.9598 -67.9121
-70.4616 -70.4107 -70.3591 -70.3082 -70.2548 -70.1999 -70.1445 -70.0263 -70.0347 -69.9815 -69.9277 -69.8696 -69.8101 -69.7490 -69.6871 -69.6252 -69.5622 -69.4416 -69.3970 -69.3517 -69.4128 -69.3722 -69.3316 -69.2286 -69.1703 -69.1099 -68.9823 -68.9191 -68.8551 -68.7906 -68.7778 -68.7192 -68.6628 -68.6074 -68.2370 -68.0331 -67.9492 -67.8796 -67.8221 -67.7741
-70.3931 -70.3414 -70.2884 -70.2338 -70.1783 -70.1225 -70.0042 -70.0123 -69.9583 -69.9031 -69.8446 -69.7840 -69.7224 -69.6602 -69.5980 -69.5342 -69.3963 -69.3508 -69.3050 -69.3613 -69.3197 -69.2782 -69.2364 -69.1307 -69.0705 -68.9464 -68.8839 -68.8210 -68.7575 -68.6929 -68.6822 -68.6261 -68.5714 -68.3224 -68.2519 -60.4198 -60.3649 -60.3131 -60.2626 -60.2136
-70.3398 -70.2867 -70.2325 -70.1777 -70.1227 -70.0057 -70.0140 -69.9608 -69.9072 -69.8497 -69.7906 -69.7310 -69.6712 -69.6115 -69.5506 -61.4618 -61.3980 -61.3517 -61.3222 -61.2773 -61.2322 -61.1869 -61.1412 -61.0850 -69.0044 -68.9497 -68.8950 -68.8403 -68.7847 -68.7989 -68.7312 -68.6851 -68.4508 -68.2781 -68.3294 -68.0259 -67.9691 -67.9242 -67.8888 -67.8634
-62.3796 -62.3206 -62.2614 -62.2019 -62.1322 -70.0753 -70.0260 -69.9767 -69.9232 -69.8692 -69.8150 -69.7614 -69.7074 -69.6520 -69.5242 -69.4689 -69.4135 -69.3755 -69.4425 -69.4113 -69.3803 -69.3488 -69.2625 -69.1525 -69.1032 -69.0537 -69.0042 -68.9540 -68.9734 -68.9261 -68.8645 -68.8170 -68.5671 -68.4194 -68.2257 -68.1607 -68.1156 -68.0788 -68.0520 -68.2071
-70.3786 -70.3310 -70.2836 -70.2362 -70.1902 -70.1447 -70.0983 -70.0483 -69.9980 -69.9475 -69.8969 -69.8465 -69.7946 -69.6693 -69.6181 -69.5662 -69.5139 -69.5816 -69.5535 -69.5256 -69.4974 -69.4664 -69.3197 -69.2722 -69.2261 -69.1799 -69.1332 -69.1562 -69.1125 -69.0692 -71.1879 -70.7830 -70.7137 -70.5018 -70.1769 -70.1007 -70.0410 -69.9938 -67.8465 -67.8175
-70.4561 -70.4112 -70.3661 -70.3226 -70.2796 -70.2348 -70.1872 -70.1394 -70.0914 -70.0435 -69.9957 -69.9463 -69.8226 -69.7733 -69.7238 -69.6741 -69.7300 -69.6992 -69.6738 -69.6483 -69.6199 -71.8625 -71.6220 -71.5589 -71.4951 -71.4301 -68.9334 -68.9453 -68.8922 -68.8340 -68.5677 -68.5078 -68.4504 -68.1648 -68.0931 -68.0376 -67.9884 -67.9472 -67.9139 -67.8869
-70.4825 -70.5000 -70.4590 -70.4176 -70.3741 -70.3286 -70.2830 -70.2372 -70.1915 -70.1460 -70.0986 -69.9761 -72.0812 -72.0283 -71.9747 -69.5949 -69.5421 -69.5017 -69.4678 -69.4314 -69.3940 -69.2541 -69.2020 -69.1497 -69.0969 -69.0434 -69.0559 -69.0040 -68.9476 -68.6796 -68.6175 -68.5615 -68.7450 -68.2115 -68.1511 -68.0988 -68.0532 -68.0151 -67.9845 -67.9602
-70.6347 -70.5951 -70.5555 -70.2602 -70.2095 -70.1584 -70.1069 -70.0552 -70.0035 -69.9495 -69.8243 -69.7703 -69.7158 -69.6608 -69.7049 -69.6531 -69.6011 -69.5596 -69.5236 -69.4872 -69.3914 -69.3087 -69.2582 -69.2067 -69.1545 -69.1675 -69.1169 -69.0621 -69.0091 -68.7282 -68.6734 -68.6822 -70.1617 -70.0941 -70.0437 -70.0075 -69.9824 -69.9706 -69.9717 -69.9831
-70.4546 -70.4090 -70.3595 -70.3099 -70.2599 -70.2095 -70.1590 -70.1084 -70.0555 -69.9319 -69.8781 -69.8248 -69.7710 -69.8161 -69.7652 -69.7142 -69.6629 -69.6174 -69.5820 -69.4878 -69.4190 -69.3663 -69.4062 -71.3241 -71.2791 -71.3443 -71.2978 -71.2537 -70.8356 -70.7899 -70.7445 -71.1013 -70.3027 -70.2324 -70.1957 -70.1656 -70.1259 -70.0791 -70.0412 -70.0092
-70.5088 -70.4606 -70.4119 -70.3630 -70.3138 -70.2643 -70.2141 -70.1620 -70.0394 -69.9867 -69.9343 -69.8815 -69.8291 -69.9918 -71.9077 -71.8739 -71.8360 -71.8039 -71.6916 -71.6672 -71.5865 -71.5444 -71.5024 -71.4602 -71.5274 -71.4840 -71.4425 -71.0171 -70.9701 -70.8920 -71.2131 -70.3819 -70.2816 -70.1896 -70.1135 -70.0441 -69.9850 -69.9354 -68.2108 -68.1905
-70.5615 -70.5139 -70.4659 -70.4399 -72.3519 -72.3166 -72.2776 -72.1296 -72.0875 -72.0494 -72.0099 -71.9713 -72.0989 -72.0671 -72.0356 -72.0001 -71.9644 -71.8404 -71.8171 -71.7972 -71.7150 -71.6655 -71.5904 -71.6218 -71.5421 -71.4625 -71.0053 -70.9142 -70.8319 -70.7585 -71.0604 -68.5758 -68.5068 -68.4527 -68.4068 -68.3667 -68.3345 -68.3092 -68.2892 -68.2728
-72.5911 -72.5573 -72.5234 -72.4897 -72.4562 -72.4190 -72.2729 -72.2313 -72.1951 -72.1587 -72.1221 -72.2534 -72.2236 -72.1941 -72.1395 -72.0739 -72.0068 -71.8450 -71.7918 -71.6970 -71.6179 -71.5419 -71.4644 -69.5152 -69.4661 -69.1777 -69.1171 -69.0659 -69.0145 -69.2209 -68.6964 -68.6269 -68.5681 -68.5174 -68.4748 -68.4382 -68.4093 -68.3867 -68.3688 -68.3538
-72.6887 -72.6566 -72.6247 -72.5925 -72.5573 -72.5245 -72.3718 -72.3119 -72.2505 -72.1880 -72.2892 -72.2299 -72.1693 -72.1043 -72.0373 -71.9690 -69.8577 -69.8046 -69.7697 -69.7045 -69.6574 -69.6101 -69.6265 -69.5784 -69.5315 -69.2265 -69.1762 -69.1257 -69.3504 -69.2898 -68.7525 -68.6835 -68.6316 -68.5829 -68.5436 -68.5105 -68.4855 -68.4653 -68.4491 -68.4356
-72.7566 -72.7020 -72.6459 -72.5868 -72.5285 -72.3527 -72.2917 -72.2295 -72.1661 -70.3258 -70.2792 -70.2325 -70.1834 -70.1335 -70.0833 -69.9745 -69.9223 -69.8698 -69.8326 -69.7669 -69.7206 -69.7376 -69.6905 -69.6435 -69.3348 -69.2855 -69.2359 -69.4662 -69.4185 -68.8775 -68.8037 -68.7458 -68.6963 -68.6505 -68.6147 -68.5849 -68.5619 -68.5439 -68.5293 -68.5179
-72.6863 -72.6290 -70.6938 -70.6475 -70.5262 -70.4786 -70.4304 -70.3819 -70.4361 -70.3904 -70.3446 -70.2964 -70.2475 -70.1982 -70.0911 -70.0392 -69.9876 -69.9357 -69.8773 -69.8292 -69.7835 -69.8008 -69.7554 -69.4465 -69.3946 -69.3459 -69.3004 -69.5341 -69.4865 -68.9283 -68.8652 -68.8093 -68.7623 -68.7197 -68.6872 -68.6606 -68.6402 -68.6242 -68.6110 -68.5995
-70.8448 -70.7987 -70.7530 -70.6324 -70.5855 -70.5383 -70.4906 -70.4436 -70.5008 -70.4558 -70.4086 -70.3605 -70.3121 -70.2076 -70.1552 -70.1046 -70.0536 -70.0021 -69.9367 -69.8919 -69.9099 -69.8653 -69.5564 -69.5020 -69.4541 -69.4058 -69.6492 -69.6024 -69.5417 -68.9852 -68.9235 -68.8738 -68.8295 -68.7902 -68.7610 -68.7375 -68.7194 -68.7050 -68.6925 -68.6808
-70.9028 -70.8580 -70.7378 -70.6918 -70.6454 -70.5986 -70.5515 -70.6105 -70.5662 -70.5200 -70.4727 -70.4253 -70.3774 -70.2703 -70.2206 -70.1705 -70.1200 -70.0692 -69.9992 -70.0179 -69.9741 -69.6686 -69.6084 -69.5613 -69.5138 -69.7622 -69.7161 -69.6699 -69.1038 -69.0419 -68.9869 -68.9402 -68.8989 -68.8629 -68.8371 -68.8153 -68.7992 -68.7852 -68.7731 -68.7622
