-55.9373
-55.8971
-55.8568
-55.8161
-55.7752
-55.7342
-55.6936
-55.6526
-55.6108
-55.5685
-55.5255
-55.4819
-55.4385
-55.3947
-55.3510
-55.3076
-57.0624
-57.0010
-56.9407
-56.8805
-56.8202
-56.7596
-56.6983
-56.6365
-56.5742
-56.5031
-56.4402
-56.3769
-56.3131
-56.2487
-56.1839
-56.1185
-56.0521
-55.9856
-55.9185
-55.8508
-55.7811
-55.7098
-55.6380
-62.4740
-55.9535
-55.9133
-55.8726
-55.8315
-55.7903
-55.7492
-55.7081
-55.6664
-55.6241
-55.5815
-55.5380
-55.4943
-55.4506
-55.4066
-55.3630
-55.3194
-57.0494
-56.9885
-56.9284
-56.8681
-56.8075
-56.7463
-56.6847
-56.6226
-56.5517
-56.4889
-56.4255
-56.3617
-56.2973
-56.2324
-56.1670
-56.1006
-56.0343
-55.9675
-55.9002
-55.8323
-55.7616
-55.6902
-55.6182
-55.5458
-55.9695
-55.9290
-55.8880
-55.8467
-55.8053
-55.7640
-55.7227
-55.6807
-55.6382
-55.5950
-55.5511
-55.5071
-55.4630
-55.4185
-55.3748
-55.3307
-57.0359
-56.9753
-56.9151
-56.8548
-56.7939
-56.7326
-56.6623
-56.6001
-56.5375
-56.4743
-56.4107
-56.3466
-56.2819
-56.2167
-56.1506
-56.0844
-56.0176
-55.9503
-55.8824
-55.8133
-55.7420
-55.6701
-55.5980
-55.5253
-55.9851
-55.9443
-55.9030
-55.8616
-55.8199
-55.7786
-55.7369
-55.6945
-55.6518
-55.6081
-55.5639
-55.5198
-55.4754
-55.4309
-55.3870
-57.0861
-57.0243
-56.9634
-56.9027
-56.8416
-56.7801
-56.7099
-56.6479
-56.5856
-56.5229
-56.4597
-56.3957
-56.3313
-56.2663
-56.2004
-56.1343
-56.0678
-56.0008
-55.9332
-55.8651
-55.7949
-55.7234
-55.6514
-55.5789
-55.5057
-55.9998
-55.9588
-55.9173
-55.8758
-55.8345
-55.7929
-55.7509
-55.7082
-55.6650
-55.6209
-55.5765
-55.5321
-55.4874
-55.4430
-55.3988
-57.0741
-57.0126
-56.9516
-56.8905
-56.8291
-56.7591
-56.6972
-56.6349
-56.5721
-56.5088
-56.4451
-56.3808
-56.3156
-56.2504
-56.1845
-56.1181
-56.0513
-55.9839
-55.9160
-55.8475
-55.7763
-55.7047
-55.6324
-55.5596
-55.4863
-55.9882
-55.9719
-55.9304
-55.8888
-55.8474
-55.8057
-55.7635
-55.7206
-55.6771
-55.6329
-55.5886
-55.5441
-55.4992
-55.4549
-55.4103
-57.0624
-57.0009
-56.9395
-56.8697
-56.8082
-56.7464
-56.6843
-56.6217
-56.5586
-56.4950
-56.4310
-56.3661
-56.3010
-56.2355
-56.1694
-56.1029
-56.0358
-55.9681
-55.8996
-55.8300
-55.7582
-55.6860
-55.6135
-55.5405
-55.4669
-56.0035
-55.9617
-55.9198
-55.8778
-55.8359
-55.7936
-55.7507
-55.7072
-55.6629
-55.6181
-55.5734
-55.5284
-55.4832
-55.4386
-55.3935
-57.0094
-56.9477
-56.8778
-56.8163
-56.7960
-56.7339
-56.6714
-56.6085
-56.5451
-56.4812
-56.4164
-56.3516
-56.2862
-56.2204
-56.1541
-56.0872
-56.0199
-55.9520
-55.8836
-55.8132
-55.7416
-55.6693
-55.5963
-55.5228
-55.4487
-56.0182
-55.9763
-55.9342
-55.8922
-55.8500
-55.8074
-55.7642
-55.7204
-55.6757
-55.6308
-55.5859
-55.5406
-55.4956
-55.4506
-57.0616
-56.9993
-56.9293
-56.8678
-56.8062
-56.7442
-56.6818
-56.6189
-56.5556
-56.4919
-56.4273
-56.3625
-56.2973
-56.2314
-56.1649
-56.0979
-56.0303
-55.9623
-55.8938
-55.8246
-55.7529
-55.6806
-55.6516
-55.5787
-55.5053
-55.4314
-56.0331
-55.9909
-55.9485
-55.9063
-55.8637
-55.8207
-55.7771
-55.7329
-55.6880
-55.6430
-55.5978
-55.5522
-55.5073
-55.4620
-57.0425
-56.9806
-56.9191
-56.8574
-56.7956
-56.7334
-56.6707
-56.6077
-56.5442
-56.4798
-56.4153
-56.3504
-56.2850
-56.2190
-56.1526
-56.0856
-56.0182
-55.9503
-55.8818
-55.8120
-55.7403
-55.6679
-55.5950
-55.5216
-55.4476
-55.3731
-56.0480
-56.0057
-55.9633
-55.9208
-55.8780
-55.8346
-55.7907
-55.7458
-55.7005
-55.6553
-55.6097
-55.5640
-55.5186
-55.4671
-57.0318
-56.9700
-56.9084
-56.8467
-56.7846
-56.7222
-56.6593
-56.5960
-56.5319
-56.4677
-56.4030
-56.3378
-56.2722
-56.2060
-56.1394
-56.0723
-56.0046
-55.9364
-55.8677
-55.7971
-55.7253
-55.6531
-55.5803
-55.5070
-55.4332
-55.3589
-56.0625
-56.0199
-55.9775
-55.9348
-55.8917
-55.8481
-55.8037
-55.7586
-55.7131
-55.6677
-55.6218
-55.5761
-55.5247
-57.0854
-57.0229
-56.9609
-56.8989
-56.8368
-56.7743
-56.7114
-56.6477
-56.5839
-56.5197
-56.4552
-56.3903
-56.3249
-56.2590
-56.1926
-56.1259
-56.0585
-55.9906
-55.9222
-55.8531
-55.7818
-55.7099
-55.6375
-55.5646
-55.4911
-55.4172
-55.3427
-56.0772
-56.0344
-55.9918
-55.9487
-55.9053
-55.8613
-55.8164
-55.7709
-55.7253
-55.6795
-55.6275
-55.5820
-55.5361
-57.0761
-57.0137
-56.9517
-56.8896
-56.8272
-56.7645
-56.7010
-56.6375
-56.5736
-56.5092
-56.4443
-56.3789
-56.3131
-56.2467
-56.1800
-56.1126
-56.0448
-55.9764
-55.9076
-55.8376
-55.7661
-55.6941
-55.6215
-55.5485
-55.4749
-55.4008
-55.3262
-56.0918
-56.0490
-56.0061
-55.9627
-55.9190
-55.8745
-55.8292
-55.7834
-55.7376
-55.6856
-55.6395
-55.5937
-55.5475
-57.0671
-57.0047
-56.9425
-56.8801
-56.8175
-56.7541
-56.6907
-56.6270
-56.5628
-56.4982
-56.4331
-56.3675
-56.3015
-56.2350
-56.1680
-56.1004
-56.0324
-55.9638
-55.8947
-55.8238
-55.7519
-55.6794
-55.6065
-55.5330
-55.4591
-55.3846
-55.3095
-56.1062
-56.0634
-56.0202
-55.9766
-55.9325
-55.8877
-55.8420
-55.7961
-55.7442
-55.6978
-55.6517
-55.6057
-57.1219
-57.0589
-56.9965
-56.9340
-56.8714
-56.8080
-56.7447
-56.6811
-56.6171
-56.5526
-56.4876
-56.4222
-56.3564
-56.2900
-56.2231
-56.1557
-56.0879
-56.0196
-55.9508
-55.8815
-55.8099
-55.7378
-55.6652
-55.5921
-55.5185
-55.4444
-55.3698
-55.2946
-56.1202
-56.0771
-56.0337
-55.9899
-55.9455
-55.9003
-55.8484
-55.8024
-55.7562
-55.7097
-55.6636
-55.6173
-57.1138
-57.0511
-56.9886
-56.9261
-56.8629
-56.7998
-56.7363
-56.6724
-56.6080
-56.5432
-56.4779
-56.4123
-56.3460
-56.2793
-56.2121
-56.1444
-56.0761
-56.0075
-55.9385
-55.8682
-55.7963
-55.7240
-55.6511
-55.5777
-55.5039
-55.4295
-55.3547
-55.2794
-56.1648
-56.1217
-56.0782
-56.0186
-55.9582
-55.9065
-55.8604
-55.8142
-55.7678
-55.7212
-55.6750
-55.6285
-57.1055
-57.0428
-56.9804
-56.9173
-56.8544
-56.7911
-56.7275
-56.6633
-56.5988
-56.5338
-56.4684
-56.4025
-56.3361
-56.2692
-56.2018
-56.1339
-56.0655
-55.9966
-55.9272
-55.8561
-55.7839
-55.7113
-55.6381
-55.5645
-55.4903
-55.4157
-55.3405
-55.2649
-59.3821
-59.3622
-59.3420
-59.3216
-59.2871
-59.2643
-59.2415
-59.2192
-59.1967
-59.1753
-59.1547
-57.2069
-57.1438
-57.0809
-57.0183
-56.9322
-56.8457
-56.7822
-56.7183
-56.6540
-56.5892
-56.5241
-56.4584
-56.3923
-56.3257
-56.2586
-56.1911
-56.1230
-56.0545
-55.9854
-55.9157
-55.8440
-55.7717
-55.6990
-55.6257
-55.5520
-55.4777
-55.4029
-55.3276
-55.2518
-59.4199
-59.3998
-59.3668
-59.3457
-59.3232
-59.3002
-59.2774
-59.2549
-59.2322
-59.2113
-59.1903
-63.8227
-63.7774
-63.7368
-63.6974
-63.6582
-63.6189
-63.5793
-63.5392
-63.4990
-63.4579
-63.4160
-63.3741
-56.4294
-56.3628
-56.2956
-56.2279
-56.1358
-56.0432
-55.9739
-55.9035
-55.8316
-55.7592
-55.6863
-55.6129
-55.5390
-55.4646
-55.3898
-55.3144
-55.2385
-59.4575
-59.4244
-59.4037
-59.3822
-59.3591
-59.3358
-59.3131
-59.2903
-59.2679
-59.2469
-59.2258
-63.8167
-63.7739
-63.7332
-63.6932
-63.6534
-63.6133
-63.5728
-63.5324
-63.4908
-63.4487
-63.4060
-63.3625
-63.3183
-63.2735
-63.2279
-63.1820
-63.1436
-63.0958
-63.0472
-62.9918
-62.9334
-62.8742
-62.8142
-62.7536
-62.6921
-55.4997
-55.4247
-55.3492
-55.2491
-59.4774
-59.4566
-59.4403
-59.4179
-59.3946
-59.3713
-59.3485
-59.3255
-59.3035
-59.2823
-63.8592
-63.8132
-63.7706
-63.7296
-63.6891
-63.6485
-63.6076
-63.5669
-63.5251
-63.4827
-63.4397
-63.3961
-63.3517
-63.3067
-63.2610
-63.2145
-63.1673
-63.1193
-63.0705
-63.0205
-62.9621
-62.9036
-62.8523
-62.7917
-62.7303
-62.6682
-62.6052
-62.5416
-62.4771
-62.4119
-59.5141
-59.4930
-59.4716
-59.4485
-59.4249
-59.4017
-59.3786
-59.3555
-59.3388
-59.3167
-63.8550
-63.8100
-63.7675
-63.7261
-63.6850
-63.6437
-63.6026
-63.5605
-63.5179
-63.4747
-63.4309
-63.3863
-63.3411
-63.2952
-63.2487
-63.2014
-63.1532
-63.1043
-63.0547
-63.0012
-62.9422
-62.8823
-62.8218
-62.7605
-62.6985
-62.6360
-62.5814
-62.5171
-62.4520
-62.3863
-59.5552
-59.5292
-59.5072
-59.4836
-59.4598
-59.4366
-59.4133
-59.3903
-59.3680
-59.3462
-63.8366
-63.7920
-63.7493
-63.7085
-63.6813
-63.6393
-63.5969
-63.5541
-63.5107
-63.4666
-63.4220
-63.3767
-63.3307
-63.2840
-63.2365
-63.1883
-63.1394
-63.0898
-63.0393
-62.9824
-62.9227
-62.8623
-62.8011
-62.7392
-62.6764
-62.6130
-62.5489
-62.4839
-62.4182
-62.3519
-59.9977
-59.9805
-59.9619
-59.9423
-59.9228
-59.9038
-59.8840
-59.4345
-59.4027
-63.8811
-63.8334
-63.7891
-63.7462
-63.7042
-63.6618
-63.6190
-63.5758
-63.5321
-63.4881
-63.4587
-63.4133
-63.3672
-63.3203
-63.2728
-63.2246
-63.1756
-63.1258
-63.0753
-63.0235
-62.9640
-62.9037
-62.8426
-62.7809
-62.7184
-62.6550
-62.5910
-62.5263
-62.4607
-62.3945
-62.3274
-60.1436
-60.1419
-60.1283
-60.1093
-60.0909
-60.0718
-60.0533
-60.0369
-60.0205
-64.8309
-64.7687
-64.7338
-64.7010
-64.6496
-64.6162
-64.5832
-64.5500
-64.5162
-64.4819
-63.4657
-63.3887
-63.3417
-63.2940
-63.2456
-63.1972
-63.1629
-63.1124
-63.0611
-63.0061
-62.9459
-62.8851
-62.8234
-62.7611
-62.6979
-62.6341
-62.5695
-62.5041
-62.4381
-62.3712
-62.3037
-60.2171
-60.2003
-60.1816
-60.1628
-60.1439
-60.1257
-60.1079
-60.0918
-60.0755
-65.8355
-65.7991
-65.7666
-65.7346
-65.7030
-65.6711
-64.6390
-64.5668
-64.5322
-64.4972
-64.4420
-64.4052
-64.3683
-64.3309
-64.2927
-64.2540
-64.2145
-64.1744
-64.1335
-64.0853
-64.0339
-63.9972
-62.8378
-62.7417
-62.6780
-62.6136
-62.5485
-62.4826
-62.4159
-62.3485
-62.2804
-60.2709
-60.2535
-60.2349
-60.2157
-60.1977
-60.1796
-60.1627
-60.1467
-65.9334
-65.8941
-65.8593
-65.8269
-65.7954
-65.7640
-65.7323
-65.7001
-65.6673
-65.6338
-65.5993
-65.5641
-65.5279
-64.4750
-64.3433
-64.3043
-64.2646
-64.2037
-64.1621
-64.1199
-64.0685
-64.0162
-63.9633
-63.9099
-63.8556
-63.8006
-63.7451
-63.6890
-63.6830
-63.6688
-64.0888
-64.0249
-60.3183
-60.3020
-60.2844
-60.2682
-60.2515
-60.2334
-60.2175
-60.2015
-65.9907
-65.9530
-65.9194
-65.8876
-65.8566
-65.8254
-65.7940
-65.7620
-65.7294
-65.6960
-65.6618
-65.6267
-65.5907
-65.5537
-65.5157
-65.4767
-65.4366
-65.3954
-65.3530
-65.3051
-64.1019
-64.0206
-63.9670
-63.8915
-63.8360
-63.7804
-63.7242
-63.6671
-63.6095
-63.5511
-63.4920
-63.4323
-60.3607
-60.3431
-60.3262
-60.3101
-60.2940
-60.2784
-60.2646
-60.2508
-66.0340
-66.0062
-65.9802
-65.9491
-65.9183
-65.8875
-65.8562
-65.8245
-65.7921
-65.7588
-65.7248
-65.6899
-65.6541
-65.6173
-65.5796
-65.5409
-65.5010
-65.4601
-65.4181
-65.3667
-65.3108
-65.2538
-65.1958
-65.1365
-65.0761
-65.0145
-63.7701
-63.6683
-63.6099
-63.5290
-63.4686
-63.4083
-60.4364
-60.3810
-60.3664
-60.3517
-60.3355
-60.3205
-60.3067
-66.0752
-66.0427
-66.0157
-65.9913
-65.9682
-65.9457
-65.9233
-65.9008
-65.8781
-65.8551
-65.8221
-65.7883
-65.7537
-65.7181
-65.6816
-65.6441
-65.6057
-65.5662
-65.5256
-65.4835
-65.4292
-65.3737
-65.3173
-65.2597
-65.2010
-65.1412
-65.0802
-65.0180
-64.9546
-64.8900
-64.8243
-64.7573
-64.6890
-60.9835
-60.9643
-60.3655
-60.3510
-60.3390
-66.0651
-66.0427
-66.0247
-66.0001
-65.9765
-65.9533
-65.9302
-65.9069
-65.8834
-65.8595
-65.8352
-65.8105
-65.7853
-65.7596
-65.7334
-65.7067
-65.6712
-65.6320
-65.5918
-65.5463
-65.4924
-65.4375
-65.3816
-65.3245
-65.2664
-65.2072
-65.1468
-65.0852
-65.0226
-64.9588
-64.8938
-64.8276
-64.7602
-61.2337
-60.9935
-60.3777
-66.0447
-66.0139
-65.9865
-65.9606
-65.9355
-65.9204
-65.9152
-65.9001
-65.8877
-65.8630
-65.8378
-65.8122
-65.7860
-65.7594
-65.7323
-65.7046
-65.6764
-65.6476
-65.6183
-65.5804
-65.5384
-65.4958
-65.4467
-65.3902
-65.3327
-65.2740
-65.2143
-65.1535
-65.0916
-65.0285
-64.9643
-64.8989
-64.8324
-61.0554
-61.1206
-66.0222
-65.9947
-65.9684
-65.9426
-65.9169
-65.8911
-65.8650
-65.8386
-65.8117
-65.7844
-65.7671
-65.7601
-65.7421
-65.7303
-65.7017
-65.6725
-65.6427
-65.6121
-65.5700
-65.5274
-65.4841
-65.4401
-65.3956
-65.3505
-65.3047
-65.2583
-65.2113
-65.1614
-65.0991
-65.0358
-64.9712
-64.9056
-75.5456
-61.1679
-67.5571
-66.0299
-66.0024
-65.9755
-65.9492
-65.9227
-65.8961
-65.8692
-65.8419
-65.8142
-65.7859
-65.7572
-65.7279
-65.6982
-65.6677
-65.6368
-65.6051
-65.5956
-65.5816
-65.5591
-65.5156
-65.4716
-65.4269
-65.3816
-65.3357
-65.2892
-65.2421
-65.1944
-65.1461
-65.0972
-65.0477
-64.9976
-64.9443
-72.9153
-74.6642
-71.7948
-75.4240
-79.7440
-69.0262
-66.3620
-66.3377
-66.3143
-66.2910
-66.2678
-66.2445
-66.2208
-66.1967
-66.1723
-66.1475
-66.1221
-66.0963
-66.0700
-66.0430
-66.0155
-65.9875
-65.9589
-65.9218
-65.8804
-65.8383
-65.7958
-65.7525
-65.7346
-65.7162
-65.7014
-65.6575
-65.6131
-65.5681
-65.5225
-65.4763
-65.4297
-65.3747
-72.3394
-71.4109
-61.2215
-73.5629
-75.2837
-71.4319
-69.1903
-66.3214
-66.2974
-66.2734
-66.2492
-66.2248
-66.1999
-66.1746
-66.1488
-66.1226
-66.0958
-66.0685
-66.0407
-66.0123
-65.9833
-65.9537
-65.9121
-65.8700
-65.8273
-65.7839
-65.7399
-65.6954
-65.6501
-65.6043
-65.5578
-65.5107
-65.4630
-65.4419
-65.4205
-65.4092
-65.3489
-70.6651
-70.0477
-61.2248
-72.2337
-72.7157
-72.0590
-78.0196
-67.8478
-66.3029
-66.2781
-66.2531
-66.2278
-66.2021
-66.1759
-66.1492
-66.1220
-66.0943
-66.0661
-66.0374
-66.0080
-65.9781
-65.9439
-65.9016
-65.8588
-65.8153
-65.7712
-65.7265
-65.6812
-65.6353
-65.5888
-65.5415
-65.4938
-65.4453
-65.3964
-65.3468
-65.2965
-65.2295
-69.5481
-68.9728
-68.8407
-70.6643
-72.1299
-72.1746
-75.2522
-80.4421
-66.3074
-66.2819
-66.2561
-66.2299
-66.2032
-66.1762
-66.1486
-66.1205
-66.0919
-66.0628
-66.0330
-66.0027
-65.9719
-65.9332
-65.8902
-65.8466
-65.8025
-65.7577
-65.7122
-65.6662
-65.6195
-65.5722
-65.5243
-65.4758
-65.4268
-65.3770
-65.3267
-65.2757
-65.2040
-69.1526
-60.9268
-67.2868
-68.1457
-68.4584
-68.7748
-74.6068
-68.4420
-68.2911
-67.8094
-66.3111
-66.2848
-66.2581
-66.2310
-66.2035
-66.1755
-66.1471
-66.1181
-66.0886
-66.0584
-66.0278
-65.9965
-65.9647
-65.9217
-65.8780
-65.8336
-65.7887
-65.7432
-65.6971
-65.6502
-65.6028
-65.5548
-65.5062
-65.4570
-65.4071
-65.3567
-65.3056
-65.2539
-65.1777
-68.7097
-61.1756
-68.7387
-69.6850
-70.1763
-70.6220
-71.0761
-73.0744
-66.3139
-66.2867
-66.2592
-66.2312
-66.2028
-66.1740
-66.1446
-66.1147
-66.0843
-66.0532
-66.0216
-65.9894
-65.9533
-65.9094
-65.8650
-65.8199
-65.7742
-65.7279
-65.6810
-65.6335
-65.5853
-65.5365
-65.4872
-65.4372
-65.3866
-65.3353
-65.2836
-65.2270
-65.1507
-69.0044
-69.1227
-69.6413
-70.6917
-71.3552
-72.1812
-74.2288
-75.4968
-68.3732
-66.3158
-66.2878
-66.2594
-66.2306
-66.2013
-66.1716
-66.1413
-66.1105
-66.0791
-66.0470
-66.0144
-65.9812
-65.9409
-65.8963
-65.8511
-65.8053
-65.7588
-65.7118
-65.6641
-65.6159
-65.5669
-65.5174
-65.4673
-65.4165
-65.3651
-65.3131
-65.2606
-65.1993
-65.1229
