-36.5926
-36.7768
-36.9649
-37.1543
-37.3364
-37.5216
-37.6946
-37.8749
-38.0547
-38.2249
-38.4037
-38.5744
-38.7403
-38.9106
-39.1075
-39.2601
-39.4103
-39.5583
-39.6971
-39.8358
-40.0457
-40.2024
-40.3569
-40.5122
-40.6710
-40.8275
-40.9828
-41.1314
-41.2779
-41.4255
-41.5713
-41.7235
-41.8705
-42.0185
-42.1647
-42.3096
-42.4508
-42.5895
-42.7291
-42.8671
-36.3693
-36.5611
-36.7586
-36.9440
-37.1368
-37.3179
-37.4992
-37.6876
-37.8671
-38.0499
-38.2261
-38.3960
-38.5716
-38.7793
-38.9375
-39.0932
-39.2459
-39.3897
-39.5325
-39.6745
-39.9022
-40.0615
-40.2197
-40.3825
-40.5449
-40.7056
-40.8603
-41.0108
-41.1633
-41.3134
-41.4658
-41.6196
-41.7727
-41.9218
-42.0676
-42.2123
-42.3584
-42.5009
-42.6376
-42.7719
-36.1426
-36.3471
-36.5356
-36.7366
-36.9291
-37.1163
-37.3069
-37.4948
-37.6833
-37.8670
-38.0387
-38.2210
-38.4028
-38.6041
-38.7653
-38.9224
-39.0711
-39.2210
-39.3678
-39.5934
-39.7569
-39.9194
-40.0876
-40.2578
-40.4219
-40.5805
-40.7392
-40.8957
-41.0491
-41.2042
-41.3631
-41.5199
-41.6702
-41.8211
-41.9710
-42.1191
-42.2644
-42.4030
-42.5400
-42.6821
-35.9154
-36.1192
-36.3225
-36.5259
-36.7181
-36.9146
-37.1090
-37.3025
-37.4941
-37.6736
-37.8582
-38.0452
-38.2590
-38.4266
-38.5884
-38.7426
-38.8978
-39.0502
-39.2759
-39.4460
-39.6151
-39.7887
-39.9634
-40.1300
-40.2931
-40.4577
-40.6194
-40.7788
-40.9391
-41.1007
-41.2596
-41.4141
-41.5690
-41.7252
-41.8747
-42.0192
-42.1624
-42.3062
-42.4510
-42.5955
-35.6883
-35.8924
-36.1041
-36.3037
-36.5088
-36.7077
-36.9076
-37.1065
-37.2936
-37.4823
-37.6758
-37.8641
-38.0761
-38.2431
-38.4037
-38.5652
-38.7256
-38.8829
-39.1277
-39.3031
-39.4818
-39.6586
-39.8291
-39.9995
-40.1687
-40.3353
-40.4993
-40.6649
-40.8318
-40.9928
-41.1539
-41.3134
-41.4702
-41.6196
-41.7687
-41.9183
-42.0650
-42.2155
-42.3637
-42.5085
-35.4464
-35.6636
-35.8742
-36.0860
-36.2935
-36.4968
-36.7041
-36.8994
-37.0950
-37.2916
-37.4877
-37.7129
-37.8873
-38.0575
-38.2249
-38.3919
-38.5542
-38.7989
-38.9817
-39.1638
-39.3443
-39.5202
-39.6971
-39.8717
-40.0426
-40.2138
-40.3833
-40.5531
-40.7199
-40.8882
-41.0521
-41.2066
-41.3597
-41.5143
-41.6670
-41.8202
-41.9734
-42.1267
-42.2788
-42.4277
-35.2080
-35.4250
-35.6446
-35.8614
-36.0707
-36.2851
-36.4892
-36.6929
-36.8952
-37.1005
-37.3025
-37.5219
-37.6992
-37.8731
-38.0469
-38.2141
-38.4592
-38.6497
-38.8358
-39.0185
-39.2028
-39.3867
-39.5661
-39.7426
-39.9200
-40.0925
-40.2662
-40.4415
-40.6139
-40.7777
-40.9369
-41.0963
-41.2570
-41.4151
-41.5717
-41.7301
-41.8894
-42.0454
-42.1984
-42.3483
-34.9584
-35.1830
-35.4096
-35.6292
-35.8492
-36.0651
-36.2797
-36.4911
-36.7003
-36.9089
-37.1423
-37.3284
-37.5092
-37.6895
-37.8643
-38.0409
-38.3059
-38.4956
-38.6821
-38.8756
-39.0652
-39.2499
-39.4357
-39.6175
-39.7931
-39.9742
-40.1551
-40.3290
-40.4972
-40.6661
-40.8335
-40.9971
-41.1598
-41.3207
-41.4847
-41.6462
-41.8060
-41.9614
-42.1165
-42.2657
-34.7026
-34.9404
-35.1733
-35.4046
-35.6253
-35.8494
-36.0703
-36.2859
-36.4996
-36.7098
-36.9422
-37.1325
-37.3186
-37.5022
-37.6859
-37.9489
-38.1430
-38.3372
-38.5379
-38.7323
-38.9257
-39.1184
-39.3057
-39.4907
-39.6795
-39.8622
-40.0382
-40.2143
-40.3903
-40.5627
-40.7318
-40.8993
-41.0658
-41.2337
-41.3980
-41.5598
-41.7183
-41.8751
-42.0294
-42.1807
-34.4526
-34.6970
-34.9405
-35.1670
-35.3998
-35.6313
-35.8561
-36.0728
-36.2938
-36.5413
-36.7404
-36.9329
-37.1276
-37.3166
-37.5769
-37.7780
-37.9829
-38.1903
-38.3930
-38.5967
-38.7948
-38.9884
-39.1824
-39.3735
-39.5583
-39.7424
-39.9260
-40.1064
-40.2838
-40.4584
-40.6330
-40.8052
-40.9764
-41.1430
-41.3082
-41.4696
-41.6282
-41.7869
-41.9462
-42.1017
-34.1972
-34.4532
-34.6908
-34.9294
-35.1724
-35.4072
-35.6308
-35.8598
-36.0825
-36.3334
-36.5349
-36.7398
-36.9363
-37.1261
-37.4086
-37.6229
-37.8334
-38.0467
-38.2562
-38.4605
-38.6642
-38.8627
-39.0533
-39.2461
-39.4404
-39.6298
-39.8143
-39.9980
-40.1810
-40.3595
-40.5345
-40.7095
-40.8813
-41.0488
-41.2151
-41.3814
-41.5446
-41.7045
-41.8617
-42.0190
-33.9405
-34.1909
-34.4404
-34.6916
-34.9375
-35.1723
-35.4088
-35.6447
-35.9147
-36.1291
-36.3424
-36.5454
-36.7424
-37.0275
-37.2479
-37.4659
-37.6878
-37.9040
-38.1182
-38.3284
-38.5273
-38.7245
-38.9291
-39.1283
-39.3230
-39.5159
-39.7080
-39.8950
-40.0762
-40.2550
-40.4347
-40.6111
-40.7860
-40.9596
-41.1290
-41.2949
-41.4581
-41.6186
-41.7770
-41.9350
-33.6692
-33.9345
-34.1961
-34.4556
-34.7022
-34.9467
-35.1914
-35.4796
-35.7070
-35.9272
-36.1389
-36.3450
-36.6310
-36.8593
-37.0851
-37.3150
-37.5415
-37.7635
-37.9753
-38.1815
-38.3906
-38.6008
-38.8054
-39.0088
-39.2111
-39.4081
-39.5981
-39.7837
-39.9677
-40.1525
-40.3370
-40.5183
-40.6954
-40.8692
-41.0405
-41.2076
-41.3730
-41.5354
-41.6963
-41.8573
-33.4078
-33.6838
-33.9508
-34.2089
-34.4643
-34.7174
-34.9778
-35.2658
-35.4946
-35.7156
-35.9332
-36.1494
-36.4572
-36.6914
-36.9293
-37.1654
-37.3913
-37.6098
-37.8298
-38.0445
-38.2600
-38.4750
-38.6888
-38.8966
-39.0969
-39.2927
-39.4856
-39.6783
-39.8723
-40.0619
-40.2468
-40.4284
-40.6070
-40.7829
-40.9556
-41.1244
-41.2937
-41.4599
-41.6252
-41.7861
-33.1438
-33.4229
-33.6900
-33.9584
-34.2260
-34.4945
-34.8040
-35.0430
-35.2743
-35.5054
-35.7303
-36.0383
-36.2845
-36.5321
-36.7741
-37.0076
-37.2410
-37.4692
-37.6901
-37.9175
-38.1435
-38.3625
-38.5742
-38.7804
-38.9830
-39.1845
-39.3862
-39.5850
-39.7782
-39.9682
-40.1549
-40.3385
-40.5187
-40.6989
-40.8754
-41.0486
-41.2170
-41.3842
-41.5481
-41.7100
-32.8699
-33.1449
-33.4305
-33.7151
-33.9933
-34.2736
-34.5780
-34.8237
-35.0669
-35.3019
-35.6112
-35.8724
-36.1223
-36.3714
-36.6189
-36.8611
-37.0960
-37.3306
-37.5673
-37.7990
-38.0229
-38.2405
-38.4544
-38.6132
-38.8245
-39.0313
-39.2363
-39.4378
-39.6349
-39.8277
-40.0199
-40.2087
-40.3944
-40.5750
-40.7515
-40.9257
-41.0982
-41.2677
-41.4354
-41.6003
-32.5867
-32.8868
-33.1886
-33.4803
-33.7024
-34.0301
-34.2967
-34.5504
-34.7998
-35.0481
-35.3871
-35.6446
-35.9086
-36.1675
-36.4199
-36.6714
-36.9173
-37.1615
-37.4012
-37.6322
-37.8606
-38.0886
-38.3092
-38.5233
-38.7367
-38.9486
-39.1552
-39.3593
-39.5618
-39.7598
-39.9518
-40.1392
-40.3225
-40.5046
-40.6852
-40.8627
-41.0370
-41.2067
-41.3745
-41.5395
-32.2809
-32.6038
-32.9108
-33.2074
-33.5100
-33.8402
-34.1064
-34.3691
-34.6295
-34.9597
-35.2329
-35.5040
-35.7735
-36.0413
-36.3023
-36.5565
-36.8046
-37.0490
-37.2940
-37.5349
-37.7654
-37.9907
-38.2136
-38.4338
-38.6524
-38.8695
-39.0817
-39.2867
-39.4865
-39.6826
-39.8765
-40.0672
-40.2542
-40.4385
-40.6194
-40.7971
-40.9717
-41.1440
-41.3122
-41.4784
-32.0564
-32.3776
-32.6932
-33.0046
-33.3615
-33.6414
-33.9236
-34.1810
-34.5181
-34.8028
-35.0829
-35.3687
-35.6468
-35.9172
-36.1769
-36.4321
-36.6935
-36.9459
-37.1897
-37.4301
-37.6648
-37.8941
-38.1254
-38.3539
-38.5745
-38.7886
-38.9982
-39.2058
-39.4096
-39.6090
-39.8035
-39.9947
-40.1835
-40.3686
-40.5516
-40.7310
-40.9073
-41.0840
-41.2576
-41.4270
-31.8189
-32.1493
-32.4722
-32.8052
-33.1625
-33.4438
-33.7194
-33.9889
-34.3539
-34.6484
-34.9450
-35.2335
-35.5107
-35.7836
-36.0545
-36.3195
-36.5794
-36.8357
-37.0846
-37.3296
-37.5709
-37.8075
-38.0379
-38.2642
-38.4874
-38.7062
-38.9196
-39.1276
-39.3309
-39.5298
-39.7277
-39.9225
-40.1134
-40.3043
-40.4912
-40.6752
-40.8557
-41.0332
-41.2071
-41.3770
-31.5173
-31.8640
-32.2087
-32.5929
-32.8913
-33.1859
-33.4715
-33.8439
-34.1521
-34.4591
-34.7597
-35.0556
-35.3411
-35.6159
-35.8980
-36.1713
-36.4381
-36.7004
-36.9846
-37.2283
-37.4717
-37.7133
-37.9495
-38.1797
-38.4034
-38.6218
-38.8351
-39.0453
-39.2509
-39.4578
-39.6620
-39.8618
-40.0578
-40.2499
-40.4375
-40.6210
-40.8020
-40.9781
-41.1506
-41.3200
-31.2706
-31.6255
-31.9727
-32.3482
-32.6626
-32.9673
-33.2597
-33.6604
-33.9763
-34.2941
-34.5980
-34.8980
-35.1911
-35.4822
-35.7686
-36.0464
-36.3155
-36.5789
-36.8359
-37.0914
-37.3415
-37.5848
-37.8219
-38.0539
-38.2806
-38.5045
-38.7255
-38.9432
-39.1579
-39.3678
-39.5725
-39.7732
-39.9699
-40.1604
-40.3474
-40.5306
-40.7366
-40.9141
-41.0899
-41.2626
-31.0119
-31.3770
-31.7883
-32.1198
-32.4434
-32.7528
-33.1537
-33.4808
-33.8116
-34.1360
-34.4510
-34.7558
-35.0580
-35.3543
-35.6439
-35.9252
-36.1977
-36.4629
-36.7261
-36.9836
-37.2354
-37.4822
-37.7260
-37.9653
-38.1992
-38.4273
-38.6503
-38.8699
-39.0834
-39.2914
-39.4951
-39.6945
-39.8910
-40.0859
-40.2773
-40.4650
-40.6490
-40.8285
-41.0047
-41.1777
-30.7601
-31.1472
-31.5553
-31.8894
-32.2113
-32.6172
-32.9648
-33.3142
-33.6579
-33.9871
-34.3043
-34.6194
-34.9306
-35.2301
-35.5212
-35.8049
-36.0808
-36.3551
-36.6256
-36.8907
-37.1497
-37.4028
-37.6478
-37.8864
-38.1173
-38.3446
-38.5678
-38.7865
-39.0031
-39.2159
-39.4241
-39.6280
-39.8272
-40.0219
-40.2129
-40.4003
-40.5840
-40.7642
-40.9417
-41.1167
-30.5222
-30.9664
-31.3164
-31.6586
-31.9933
-32.4392
-32.8041
-33.1586
-33.5026
-33.8356
-34.1597
-34.4835
-34.7981
-35.1035
-35.4015
-35.6919
-35.9815
-36.2651
-36.5393
-36.8045
-37.0616
-37.3124
-37.5567
-37.7986
-38.0379
-38.2715
-38.4999
-38.7214
-38.9382
-39.1505
-39.3581
-39.5614
-39.7617
-39.9580
-40.1506
-40.3395
-40.5246
-40.7061
-40.8852
-41.0608
-30.2874
-30.7221
-31.0849
-31.4382
-31.8867
-32.2615
-32.6405
-33.0009
-33.3504
-33.6902
-34.0300
-34.3595
-34.6827
-34.9961
-35.2982
-35.5941
-35.8841
-36.1659
-36.4428
-36.7126
-36.9756
-37.2317
-37.4807
-37.7258
-37.9649
-38.1984
-38.4270
-38.6506
-38.8694
-39.0835
-39.2933
-39.4996
-39.7024
-39.9011
-40.0957
-40.2862
-40.4731
-40.6564
-40.8360
-41.0119
-30.1070
-30.4921
-30.8618
-31.3134
-31.7051
-32.0940
-32.4750
-32.8481
-33.2111
-33.5735
-33.9189
-34.2508
-34.5727
-34.8874
-35.1978
-35.5011
-35.7951
-36.0802
-36.3578
-36.6280
-36.8907
-37.1485
-37.4019
-37.6490
-37.8901
-38.1281
-38.3603
-38.5873
-38.8090
-39.0259
-39.2380
-39.4447
-39.6468
-39.8445
-40.0384
-40.2286
-40.4153
-40.5987
-40.7791
-40.9573
-29.8684
-30.2582
-30.6382
-31.1322
-31.5484
-31.9565
-32.3425
-32.7168
-33.0878
-33.4500
-33.8000
-34.1393
-34.4668
-34.7902
-35.1055
-35.4109
-35.7068
-35.9940
-36.2750
-36.5494
-36.8185
-37.0816
-37.3379
-37.5870
-37.8289
-38.0652
-38.2964
-38.5226
-38.7437
-38.9599
-39.1733
-39.3826
-39.5875
-39.7884
-39.9852
-40.1782
-40.3674
-40.5530
-40.7352
-40.9133
-29.6419
-30.0523
-30.5464
-30.9754
-31.4010
-31.8109
-32.2073
-32.5954
-32.9779
-33.3427
-33.6951
-34.0365
-34.3730
-34.7012
-35.0205
-35.3304
-35.6302
-35.9209
-36.2033
-36.4799
-36.7495
-37.0129
-37.2702
-37.5209
-37.7664
-38.0061
-38.2403
-38.4692
-38.6929
-38.9109
-39.1237
-39.3326
-39.5374
-39.7380
-39.9345
-40.1273
-40.3163
-40.5018
-40.6838
-40.8628
-29.4300
-29.9295
-30.3810
-30.8303
-31.2626
-31.6808
-32.0873
-32.4858
-32.8694
-33.2437
-33.6010
-33.9511
-34.2923
-34.6232
-34.9432
-35.2532
-35.5538
-35.8460
-36.1346
-36.4152
-36.6881
-36.9536
-37.2124
-37.4645
-37.7108
-37.9509
-38.1853
-38.4142
-38.6377
-38.8561
-39.0699
-39.2795
-39.4846
-39.6856
-39.8827
-40.0760
-40.2659
-40.4526
-40.6359
-40.8159
-29.2317
-29.7762
-30.2459
-30.7026
-31.1432
-31.5692
-31.9897
-32.3927
-32.7787
-33.1545
-33.5181
-33.8736
-34.2172
-34.5499
-34.8723
-35.1847
-35.4878
-35.7848
-36.0731
-36.3532
-36.6258
-36.8922
-37.1518
-37.4046
-37.6518
-37.8933
-38.1290
-38.3592
-38.5841
-38.8041
-39.0193
-39.2301
-39.4364
-39.6384
-39.8365
-40.0307
-40.2211
-40.4080
-40.5915
-40.7715
-29.1474
-29.6372
-30.1228
-30.5877
-31.0328
-31.4721
-31.8943
-32.3010
-32.6914
-33.0710
-33.4451
-33.8016
-34.1458
-34.4792
-34.8026
-35.1169
-35.4249
-35.7239
-36.0143
-36.2971
-36.5720
-36.8394
-37.0995
-37.3531
-37.6007
-37.8431
-38.0794
-38.3105
-38.5364
-38.7573
-38.9736
-39.1852
-39.3925
-39.5956
-39.7947
-39.9900
-40.1815
-40.3694
-40.5540
-40.7351
-29.0232
-29.5361
-30.0264
-30.4930
-30.9510
-31.3942
-31.8188
-32.2257
-32.6205
-33.0070
-33.3790
-33.7424
-34.0891
-34.4241
-34.7492
-35.0659
-35.3744
-35.6736
-35.9642
-36.2467
-36.5216
-36.7891
-37.0495
-37.3035
-37.5514
-37.7935
-38.0300
-38.2610
-38.4876
-38.7091
-38.9260
-39.1382
-39.3460
-39.5495
-39.7490
-39.9447
-40.1365
-40.3248
-40.5096
-40.6905
-28.9312
-29.4470
-29.9391
-30.4158
-30.8804
-31.3249
-31.7519
-32.1638
-32.5645
-32.9497
-33.3209
-33.6849
-34.0323
-34.3702
-34.7000
-35.0193
-35.3287
-35.6289
-35.9209
-36.2052
-36.4818
-36.7509
-37.0126
-37.2674
-37.5159
-37.7584
-37.9952
-38.2449
-38.4707
-38.6916
-38.9079
-39.1201
-39.3282
-39.5320
-39.7318
-39.9277
-40.1199
-40.3085
-40.4935
-40.6746
-28.8591
-29.3767
-29.8711
-30.3566
-30.8207
-31.2646
-31.6914
-32.1080
-32.5090
-32.8948
-33.2672
-33.6263
-33.9801
-34.3210
-34.6509
-34.9704
-35.2801
-35.5807
-35.8726
-36.1563
-36.4323
-36.7022
-36.9655
-37.2221
-37.4724
-37.7165
-37.9550
-38.1881
-38.4159
-38.6386
-38.8567
-39.0699
-39.2594
-39.4641
-39.6650
-39.8625
-40.0558
-40.2448
-40.4302
-40.6118
-28.8154
-29.3320
-29.8383
-30.3225
-30.7857
-31.2296
-31.6621
-32.0765
-32.4743
-32.8592
-33.2315
-33.5936
-33.9507
-34.2916
-34.6216
-34.9422
-35.2531
-35.5549
-35.8469
-36.1302
-36.4058
-36.6741
-36.9356
-37.1909
-37.4404
-37.6839
-37.9217
-38.1540
-38.3814
-38.6036
-38.8212
-39.0341
-39.2426
-39.4469
-39.6475
-39.8438
-40.0362
-40.2252
-40.4111
-40.5932
-28.8015
-29.3215
-29.8253
-30.3083
-30.7704
-31.2168
-31.6457
-32.0580
-32.4546
-32.8380
-33.2109
-33.5737
-33.9241
-34.2682
-34.5963
-34.9133
-35.2210
-35.5206
-35.8120
-36.0959
-36.3722
-36.6410
-36.9035
-37.1604
-37.4108
-37.6552
-37.8944
-38.1280
-38.3563
-38.5799
-38.7983
-39.0121
-39.2214
-39.4259
-39.6264
-39.8226
-40.0148
-40.2034
-40.3880
-40.5696
-28.8285
-29.3460
-29.8392
-30.3136
-30.7749
-31.2196
-31.6433
-32.0511
-32.4443
-32.8279
-33.2007
-33.5606
-33.9093
-34.2457
-34.5766
-34.8920
-35.1977
-35.4952
-35.7873
-36.0726
-36.3499
-36.6199
-36.8828
-37.1390
-37.3887
-37.6322
-37.8698
-38.1020
-38.3294
-38.5525
-38.7705
-38.9836
-39.1919
-39.3959
-39.5958
-39.7920
-39.9852
-40.1747
-40.3602
-40.5429
-28.8782
-29.3915
-29.8763
-30.3420
-30.7966
-31.2348
-31.6546
-32.0567
-32.4462
-32.8312
-33.2020
-33.5596
-33.9037
-34.2369
-34.5659
-34.8802
-35.1882
-35.4878
-35.7790
-36.0622
-36.3378
-36.6054
-36.8662
-37.1206
-37.3689
-37.6114
-37.8482
-38.0806
-38.3082
-38.5307
-38.7480
-38.9612
-39.1700
-39.3746
-39.5752
-39.7719
-39.9646
-40.1537
-40.3387
-40.5208
-28.9574
-29.4498
-29.9267
-30.3900
-30.8366
-31.2671
-31.6801
-32.0793
-32.4684
-32.8473
-33.2140
-33.5670
-33.9074
-34.2372
-34.5586
-34.8788
-35.1850
-35.4825
-35.7712
-36.0515
-36.3240
-36.5894
-36.8487
-37.1045
-37.3541
-37.5980
-37.8362
-38.0690
-38.2957
-38.5165
-38.7326
-38.9439
-39.1509
-39.3542
-39.5536
-39.7491
-39.9417
-40.1313
-40.3170
-40.4997
