-47.9768
-47.8154
-47.6581
-47.5064
-47.3615
-47.2250
-47.0988
-46.9847
-46.8845
-46.8004
-39.4307
-39.3260
-39.2021
-39.1011
-39.0083
-38.8830
-38.7943
-38.7066
-38.6242
-38.5476
-38.4671
-38.3900
-38.3183
-38.2568
-38.1990
-38.1440
-38.0938
-38.0504
-38.0081
-37.9806
-38.0072
-38.0566
-38.1187
-38.1845
-38.2554
-38.3326
-38.4102
-38.5011
-38.5914
-38.6862
-47.8827
-47.7144
-47.5499
-47.3904
-47.2374
-47.0924
-46.9571
-46.8338
-46.7242
-46.6307
-39.2624
-39.1542
-39.0282
-38.9227
-38.8308
-38.6998
-38.6092
-38.5191
-38.4334
-38.3548
-38.2743
-38.1940
-38.1208
-38.0565
-37.9972
-37.9415
-37.8893
-37.8456
-37.8022
-37.7739
-37.8010
-37.8515
-37.9148
-37.9820
-38.0551
-38.1326
-38.2135
-38.3073
-38.3980
-38.4960
-47.7909
-47.6158
-47.4440
-47.2766
-47.1153
-46.9615
-46.8170
-46.6840
-46.5647
-46.4613
-46.3759
-38.9816
-38.8499
-38.7447
-38.6458
-38.5179
-38.4208
-38.3281
-38.2389
-38.1583
-38.0776
-37.9942
-37.9191
-37.8522
-37.7913
-37.7347
-37.6804
-37.6363
-37.5919
-37.5628
-37.5904
-37.6420
-37.7065
-37.7752
-37.8507
-37.9287
-38.0128
-38.1095
-38.2015
-38.3025
-47.7000
-47.5198
-47.3406
-47.1653
-46.9955
-46.8327
-46.6788
-46.5360
-46.4064
-46.2925
-46.1968
-38.8060
-38.6933
-38.5629
-38.4574
-38.3323
-38.2286
-38.1338
-38.0422
-37.9579
-37.8766
-37.7904
-37.7131
-37.6435
-37.5810
-37.5232
-37.4670
-37.4224
-37.3771
-37.3471
-37.3752
-37.4282
-37.4937
-37.5641
-37.6417
-37.7204
-37.8080
-37.9066
-38.0018
-38.1052
-47.6102
-47.4267
-47.2400
-47.0568
-46.8784
-46.7064
-46.5429
-46.3897
-46.2496
-46.1247
-46.0181
-38.6254
-38.5107
-38.3768
-38.2662
-38.1677
-38.0327
-37.9357
-37.8411
-37.7535
-37.6701
-37.5825
-37.5025
-37.4304
-37.3662
-37.3071
-37.2491
-37.2037
-37.1575
-37.1266
-37.1553
-37.2097
-37.2762
-37.3483
-37.4282
-37.5077
-37.5997
-37.6991
-37.7977
-37.9039
-47.5236
-47.3334
-47.1425
-46.9512
-46.7641
-46.5829
-46.4093
-46.2457
-46.0944
-45.9582
-45.8399
-45.7424
-38.3265
-38.1862
-38.0751
-37.9705
-37.8349
-37.7337
-37.6354
-37.5448
-37.4592
-37.3711
-37.2873
-37.2128
-37.1467
-37.0860
-37.0270
-36.9800
-36.9329
-36.9010
-36.9304
-36.9863
-37.0539
-37.1278
-37.2098
-37.2911
-37.3870
-37.4872
-37.5890
-37.6985
-47.4399
-47.2427
-47.0469
-46.8488
-46.6529
-46.4622
-46.2786
-46.1041
-45.9415
-45.7934
-45.6628
-45.5531
-38.1385
-38.0169
-37.8797
-37.7687
-37.6353
-37.5276
-37.4258
-37.3318
-37.2437
-37.1548
-37.0679
-36.9903
-36.9223
-36.8596
-36.7997
-36.7511
-36.7032
-36.6703
-36.7002
-36.7576
-36.8265
-36.9022
-36.9863
-37.0705
-37.1695
-37.2708
-37.3755
-37.4873
-47.3597
-47.1556
-46.9522
-46.7499
-46.5450
-46.3448
-46.1509
-45.9655
-45.7910
-45.6306
-45.4872
-45.3644
-45.2655
-37.8221
-37.6796
-37.5628
-37.4561
-37.3170
-37.2127
-37.1148
-37.0235
-36.9334
-36.8435
-36.7634
-36.6927
-36.6279
-36.5672
-36.5167
-36.4680
-36.4340
-36.4646
-36.5235
-36.5937
-36.6714
-36.7571
-36.8449
-36.9468
-37.0495
-37.1583
-37.2707
-47.2829
-47.0718
-46.8611
-46.6515
-46.4410
-46.2310
-46.0266
-45.8299
-45.6435
-45.4702
-45.3134
-45.1770
-45.0644
-37.6245
-37.4999
-37.3567
-37.2454
-37.1021
-36.9951
-36.8929
-36.7985
-36.7067
-36.6141
-36.5310
-36.4577
-36.3905
-36.3291
-36.2763
-36.2271
-36.1920
-36.2233
-36.2836
-36.3554
-36.4352
-36.5223
-36.6140
-36.7188
-36.8239
-36.9365
-37.0494
-47.2100
-46.9919
-46.7736
-46.5558
-46.3400
-46.1211
-45.9062
-45.6981
-45.4993
-45.3129
-45.1422
-44.9913
-44.8641
-37.4202
-37.2911
-37.1456
-37.0280
-36.8858
-36.7728
-36.6655
-36.5684
-36.4741
-36.3794
-36.2928
-36.2171
-36.1470
-36.0852
-36.0299
-35.9802
-35.9439
-35.9760
-36.0377
-36.1113
-36.1933
-36.2818
-36.3778
-36.4851
-36.5929
-36.7098
-36.8231
-47.1412
-46.9161
-46.6903
-46.4643
-46.2396
-46.0155
-45.7899
-45.5702
-45.3589
-45.1590
-44.9739
-44.8078
-44.6650
-44.5503
-37.0817
-36.9302
-36.8060
-36.6898
-36.5456
-36.4333
-36.3329
-36.2357
-36.1393
-36.0486
-35.9706
-35.8973
-35.8351
-35.7773
-35.7271
-35.6895
-35.7223
-35.7855
-35.8610
-35.9456
-36.0354
-36.1358
-36.2583
-36.3693
-36.4914
-36.6115
-47.0767
-46.8447
-46.6113
-46.3772
-46.1436
-45.9116
-45.6783
-45.4469
-45.2229
-45.0092
-44.8093
-44.6273
-44.4681
-44.3368
-36.8671
-36.7343
-36.5825
-36.4636
-36.3132
-36.1981
-36.0919
-35.9916
-35.8932
-35.7978
-35.7178
-35.6420
-35.5787
-35.5181
-35.4674
-35.4402
-35.4738
-35.5385
-35.6162
-35.7033
-35.7949
-35.9002
-36.0119
-36.1257
-36.2509
-36.3801
-47.0170
-46.7780
-46.5372
-46.2950
-46.0525
-45.8109
-45.5715
-45.3286
-45.0917
-44.8640
-44.6488
-44.4505
-44.2741
-44.1249
-44.0088
-36.5087
-36.3545
-36.2283
-36.0764
-35.9580
-35.8461
-35.7429
-35.6415
-35.5555
-35.4713
-35.3925
-35.3276
-35.2637
-35.2121
-35.1715
-35.2059
-35.2720
-35.3521
-35.4415
-35.5352
-35.6453
-35.7600
-35.8787
-36.0056
-36.1445
-46.9624
-46.7167
-46.4684
-46.2182
-45.9668
-45.7154
-45.4654
-45.2160
-44.9660
-44.7240
-44.4932
-44.2780
-44.0835
-43.9155
-43.7803
-36.2808
-36.1369
-36.0023
-35.8518
-35.7260
-35.6080
-35.5015
-35.3978
-35.2954
-35.2065
-35.1259
-35.0586
-34.9921
-34.9393
-34.8977
-34.9329
-35.0003
-35.0831
-35.1749
-35.2715
-35.3859
-35.5032
-35.6277
-35.7540
-35.8999
-46.9134
-46.6609
-46.4053
-46.1468
-45.8866
-45.6256
-45.3650
-45.1063
-44.8463
-44.5898
-44.4633
-44.2230
-44.0028
-43.8091
-43.6486
-36.0629
-35.9201
-35.7578
-35.6308
-35.4716
-35.3496
-35.2387
-35.1335
-35.0281
-34.9346
-34.8526
-34.7826
-34.7151
-34.6611
-34.6197
-34.6551
-34.7235
-34.8084
-34.9023
-35.0023
-35.1197
-35.2397
-35.3591
-35.4888
-35.6367
-46.8702
-46.6110
-46.3481
-46.0817
-45.9975
-45.7131
-45.4292
-45.1472
-44.8691
-44.5881
-44.3163
-44.0579
-43.8181
-43.6032
-43.4206
-43.2785
-35.6736
-35.5089
-35.3733
-35.2099
-35.0859
-34.9684
-34.8614
-34.7530
-34.6553
-34.5713
-34.4983
-34.4300
-34.3751
-34.3244
-34.3601
-34.4296
-34.5162
-34.6125
-34.7156
-34.8366
-34.9593
-35.0941
-35.2317
-35.3785
-47.0830
-46.7989
-46.5114
-46.2210
-45.9284
-45.6343
-45.3396
-45.0457
-44.7545
-44.4649
-44.1766
-43.8999
-43.6399
-43.4029
-43.1969
-43.0306
-35.4230
-35.2519
-35.1074
-34.9459
-34.8144
-34.6916
-34.5703
-34.4599
-34.3580
-34.2718
-34.1963
-34.1272
-34.0717
-34.0306
-34.0665
-34.1373
-34.2257
-34.3248
-34.4310
-34.5553
-34.6821
-34.8185
-34.9679
-35.1163
-47.0523
-46.7616
-46.4669
-46.1684
-45.8669
-45.5631
-45.2577
-44.9520
-44.6475
-44.3464
-44.0451
-43.7498
-43.4692
-43.2095
-42.9788
-42.7082
-42.5683
-34.9983
-34.8265
-34.6897
-34.5235
-34.3968
-34.2820
-34.1703
-34.0631
-33.9736
-33.8957
-33.8251
-33.7690
-33.7278
-33.7640
-33.8361
-33.9261
-34.0277
-34.1376
-34.2652
-34.3976
-34.5343
-34.6924
-34.8461
-47.0293
-46.7320
-46.4301
-46.1239
-45.8137
-45.5003
-45.1842
-44.8667
-44.4207
-44.1155
-43.8137
-43.5088
-43.2150
-42.9389
-42.6882
-42.4731
-42.3051
-34.7284
-34.5544
-34.4091
-34.2355
-34.1054
-33.9844
-33.8722
-33.7597
-33.6658
-33.5858
-33.5133
-33.4568
-33.4155
-33.4518
-33.5257
-33.6169
-33.7211
-33.8352
-33.9659
-34.1051
-34.2430
-34.4068
-34.5702
-47.0142
-46.4799
-46.1893
-45.8925
-45.5898
-45.2816
-44.9688
-44.6524
-44.3336
-44.0140
-43.6963
-43.3802
-43.0655
-42.7657
-42.4887
-42.2445
-42.0459
-34.4542
-34.2722
-34.1162
-33.9403
-33.8055
-33.6769
-33.5645
-33.4470
-33.3478
-33.2661
-33.1920
-33.1346
-33.0932
-33.1296
-33.2053
-33.2975
-33.4044
-33.5245
-33.6571
-33.8030
-33.9513
-34.1133
-34.2881
-46.7562
-46.4665
-46.1697
-45.8657
-45.5550
-45.2382
-44.9154
-44.5878
-44.2564
-43.9227
-43.5889
-43.2579
-42.9266
-42.6029
-42.2988
-42.0244
-41.7929
-41.6199
-34.0045
-33.8210
-33.6456
-33.4976
-33.3620
-33.2449
-33.1237
-33.0187
-32.9359
-32.8601
-32.8016
-32.7600
-32.7964
-32.8742
-32.9672
-33.0768
-33.2040
-33.3409
-33.4906
-33.6521
-33.8163
-33.9967
-46.7568
-46.4618
-46.1589
-45.8484
-45.5301
-45.2046
-44.8724
-44.5338
-44.1901
-43.8425
-43.4928
-43.1437
-42.7988
-42.4522
-42.1203
-41.8147
-41.5483
-41.3381
-33.7087
-33.5205
-33.3628
-33.1809
-33.0400
-32.9165
-32.7919
-32.6834
-32.5969
-32.5193
-32.4600
-32.4169
-32.4541
-32.5338
-32.6300
-32.7403
-32.8764
-33.0162
-33.1669
-33.3385
-33.5114
-33.6945
-46.7662
-46.4663
-46.1580
-45.8410
-45.5156
-45.1820
-44.8404
-44.4915
-44.1358
-43.7745
-43.4083
-43.0415
-42.6760
-42.3143
-41.9547
-41.6168
-41.3140
-41.0637
-33.4046
-33.2055
-33.0388
-32.8542
-32.7061
-32.5765
-32.4505
-32.3376
-32.2460
-32.1675
-32.1076
-32.0625
-32.1011
-32.1822
-32.2822
-32.3946
-32.5356
-32.6799
-32.8313
-33.0126
-33.1972
-33.3887
-46.4117
-46.4785
-46.1653
-45.8427
-45.5107
-45.1696
-44.8195
-44.4605
-44.0935
-43.7191
-43.3386
-42.9542
-42.5684
-42.1855
-41.8052
-41.4346
-41.0939
-40.8009
-40.5789
-32.9027
-32.7076
-32.5197
-32.3623
-32.2232
-32.0967
-31.9786
-31.8817
-31.8030
-31.7419
-31.6952
-31.7351
-31.8173
-31.9213
-32.0370
-32.1803
-32.3329
-32.4932
-32.6786
-32.8698
-33.0751
-46.4005
-46.1268
-46.1855
-45.8576
-45.5195
-45.1714
-44.8129
-44.4446
-44.0666
-43.6795
-43.2845
-42.8828
-42.4772
-42.0708
-41.6694
-41.2700
-40.8903
-40.5523
-40.2802
-32.5737
-32.3688
-32.1965
-32.0068
-31.8558
-31.7288
-31.6054
-31.5029
-31.4247
-31.3621
-31.3139
-31.3553
-31.4382
-31.5463
-31.6664
-31.8109
-31.9736
-32.1446
-32.3362
-32.5317
-32.7443
-46.3903
-46.1236
-46.2173
-45.8846
-45.5412
-45.1865
-44.8207
-44.4435
-44.0552
-43.6562
-43.2471
-42.8289
-42.4039
-41.9747
-41.5459
-41.1248
-40.7067
-40.3221
-39.9960
-39.7628
-32.0408
-31.8352
-31.6398
-31.4775
-31.3455
-31.2167
-31.1099
-31.0317
-30.9668
-30.9176
-30.9606
-31.0436
-31.1559
-31.2817
-31.4275
-31.5969
-31.7794
-31.9800
-32.1881
-32.4099
-46.3879
-46.1148
-45.8366
-45.9244
-45.5762
-45.2159
-44.8433
-44.4583
-44.0606
-43.6505
-43.2281
-42.7946
-42.3508
-41.8993
-41.4440
-40.9909
-40.5463
-40.1143
-39.7315
-39.4332
-31.6801
-31.4658
-31.2631
-31.0919
-30.9536
-30.8172
-30.7070
-30.6245
-30.5585
-30.5095
-30.5535
-30.6370
-30.7522
-30.8859
-31.0371
-31.2081
-31.4055
-31.6127
-31.8377
-32.0734
-46.3845
-46.1174
-45.8333
-45.5432
-45.6253
-45.2603
-44.8820
-44.4901
-44.0842
-43.6641
-43.2296
-42.7814
-42.3203
-41.8476
-41.3666
-40.8819
-40.4019
-39.9336
-39.4925
-39.1243
-31.3131
-31.0849
-30.8977
-30.6943
-30.5439
-30.4039
-30.2895
-30.2024
-30.1356
-30.0890
-30.1333
-30.2177
-30.3331
-30.4750
-30.6316
-30.8101
-31.0191
-31.2351
-31.4694
-31.7227
-46.3978
-46.1194
-45.8421
-45.5465
-45.2441
-45.3205
-44.9377
-44.5400
-44.1270
-43.6982
-43.2533
-42.7919
-42.3146
-41.8224
-41.3168
-40.8020
-40.2843
-39.7756
-39.2850
-38.8438
-38.5132
-30.7106
-30.4898
-30.2782
-30.1161
-29.9744
-29.8524
-29.7608
-29.6936
-29.6502
-29.6943
-29.7807
-29.8959
-30.0451
-30.2111
-30.4024
-30.6166
-30.8434
-31.0928
-31.3556
-46.4146
-46.1382
-45.8498
-45.5621
-45.2549
-44.9396
-45.0109
-44.6089
-44.1904
-43.7546
-43.3007
-42.8282
-42.3367
-41.8265
-41.2986
-40.7552
-40.2013
-39.6465
-39.1058
-38.6004
-38.1767
-30.3025
-30.0639
-29.8431
-29.6704
-29.5236
-29.3940
-29.2978
-29.2311
-29.1913
-29.2348
-29.3228
-29.4392
-29.5942
-29.7707
-29.9725
-30.1971
-30.4413
-30.7078
-30.9851
-46.4280
-46.1604
-45.8749
-45.5767
-45.2785
-44.9594
-44.6349
-44.6978
-44.2755
-43.8346
-43.3739
-42.8924
-42.3892
-41.8635
-41.3155
-40.7464
-40.1588
-39.5597
-38.9623
-38.3852
-37.8843
-37.5091
-29.6325
-29.3993
-29.2080
-29.0567
-28.9174
-28.8179
-28.7505
-28.7136
-28.7553
-28.8460
-28.9659
-29.1285
-29.3133
-29.5267
-29.7665
-30.0272
-30.3120
-30.6075
-46.4480
-46.1786
-45.9031
-45.6089
-45.3009
-44.9925
-44.6614
-44.3236
-44.3833
-43.9394
-43.4744
-42.9866
-42.4745
-41.9367
-41.3722
-40.7805
-40.1628
-39.5227
-38.8699
-38.2213
-37.6165
-37.1544
-29.2033
-28.9612
-28.7300
-28.5683
-28.4191
-28.3145
-28.2460
-28.2125
-28.2520
-28.3466
-28.4711
-28.6396
-28.8298
-29.0635
-29.3166
-29.5982
-29.8971
-30.2129
-46.4678
-46.2029
-45.9241
-45.6327
-45.3339
-45.0153
-44.6967
-44.3552
-44.0075
-44.0702
-43.6035
-43.1127
-42.5954
-42.0494
-41.4728
-40.8634
-40.2202
-39.5443
-38.8405
-38.1230
-37.4147
-36.8064
-28.7363
-28.4688
-28.2311
-28.0530
-27.8997
-27.7837
-27.7137
-27.6852
-27.7224
-27.8215
-27.9522
-28.1241
-28.3345
-28.5831
-28.8599
-29.1624
-29.4864
-29.8168
-46.4633
-46.1979
-45.9213
-45.6330
-45.3319
-45.0228
-44.6924
-44.3612
-44.0050
-43.6412
-43.6979
-43.2152
-42.7097
-42.1801
-41.6211
-41.0001
-40.3386
-39.6340
-38.8868
-38.1036
-37.3021
-36.5399
-35.9883
-27.9788
-27.7212
-27.5252
-27.3666
-27.2426
-27.1682
-27.1414
-27.1801
-27.2778
-27.4183
-27.6039
-27.8313
-28.0917
-28.3869
-28.7161
-29.0630
-29.4154
-46.4532
-46.1910
-45.9180
-45.6335
-45.3365
-45.0260
-44.7068
-44.3647
-44.0211
-43.6503
-43.2697
-43.3198
-42.8089
-42.2714
-41.7053
-41.1088
-40.4801
-39.8018
-39.0222
-38.1851
-37.2998
-36.3915
-35.6043
-27.4831
-27.2104
-26.9696
-26.8014
-26.6701
-26.5932
-26.5657
-26.6059
-26.7036
-26.8546
-27.0552
-27.2974
-27.5735
-27.9035
-28.2581
-28.6274
-29.0122
-47.2204
-46.9105
-45.9121
-45.6321
-45.3400
-45.0349
-44.7155
-44.3868
-44.0337
-43.6780
-43.3032
-43.4549
-42.9417
-42.4004
-41.8281
-41.2214
-40.5774
-39.8932
-39.1676
-38.3884
-37.4333
-36.4043
-35.3744
-34.6833
-26.6213
-26.3586
-26.1829
-26.0472
-25.9762
-25.9588
-25.9968
-26.0880
-26.2430
-26.4439
-26.7128
-27.0131
-27.3701
-27.7511
-28.1334
-28.5487
-47.3401
-47.0207
-46.6963
-45.6267
-45.3401
-45.0412
-44.7288
-44.4014
-44.0640
-43.7008
-43.3343
-42.9466
-43.1095
-42.5690
-41.9958
-41.3858
-40.7342
-40.0359
-39.2862
-38.4817
-37.6229
-36.6237
-35.3846
-34.2500
-26.0911
-25.8064
-25.5965
-25.4458
-25.3618
-25.3407
-25.3795
-25.4810
-25.6531
-25.8838
-26.1794
-26.5255
-26.9202
-27.3337
-27.7682
-28.1971
-47.4805
-47.1587
-46.8269
-46.4881
-46.1472
-45.0418
-44.7369
-44.4182
-44.0842
-43.7399
-43.3682
-42.9929
-42.5944
-42.7775
-42.2097
-41.6040
-40.9543
-40.2536
-39.4938
-38.6659
-37.7623
-36.7816
-35.7463
-34.1813
-25.5442
-25.2252
-24.9621
-24.7934
-24.7076
-24.6892
-24.7230
-24.8334
-25.0223
-25.2799
-25.6011
-25.9913
-26.4234
-26.8773
-27.3449
-27.7922
-47.6373
-47.3171
-46.9847
-46.6410
-46.2884
-45.9316
-44.7363
-44.4268
-44.1036
-43.7647
-43.4159
-43.0385
-42.6577
-42.2581
-42.4693
-41.8763
-41.2394
-40.5503
-39.7979
-38.9692
-38.0477
-37.0169
-35.8676
-34.7796
-32.7000
-24.6011
-24.3098
-24.1235
-24.0179
-24.0049
-24.0391
-24.1609
-24.3639
-24.6531
-25.0165
-25.4549
-25.9312
-26.4363
-26.9242
-27.4086
-47.8083
-47.4921
-47.1629
-46.8204
-46.4653
-46.0996
-45.7275
-44.4226
-44.1101
-43.7842
-43.4433
-43.0850
-42.7143
-42.3334
-41.9335
-42.2000
-41.5872
-40.9250
-40.2015
-39.4004
-38.4989
-37.4676
-36.2683
-34.8714
-33.7170
-23.9685
-23.6386
-23.4270
-23.2999
-23.2886
-23.3277
-23.4587
-23.6912
-24.0177
-24.4379
-24.9240
-25.4556
-25.9969
-26.5288
-27.0283
