-47.9924
-47.5979
-47.3580
-47.0202
-46.6683
-46.3027
-45.9249
-45.5385
-45.1506
-43.7845
-43.4589
-43.1194
-42.7639
-42.3983
-42.0250
-41.6422
-41.9909
-41.3706
-40.6975
-39.9558
-39.1129
-38.1605
-37.0137
-35.6255
-33.7511
-23.3776
-22.9685
-22.7227
-22.5745
-22.5535
-22.5984
-22.7498
-23.0107
-23.3855
-23.8718
-24.4165
-25.0176
-25.5927
-26.1608
-26.6925
-48.1890
-47.8856
-47.4667
-47.2378
-46.8923
-46.5318
-46.1567
-45.7677
-45.3681
-44.9649
-43.4466
-43.1241
-42.7903
-42.4436
-42.0912
-41.7370
-41.3474
-41.7489
-41.0520
-40.2938
-39.4568
-38.5173
-37.4451
-36.2736
-34.8057
-32.5003
-22.3536
-22.0280
-21.8462
-21.8077
-21.8660
-22.0478
-22.3626
-22.7987
-23.3554
-23.9837
-24.6255
-25.2634
-25.8489
-26.3907
-48.6059
-48.4870
-48.3499
-47.3381
-47.1345
-46.7823
-46.4144
-46.0308
-45.6320
-45.2206
-44.8033
-44.3921
-42.7733
-42.4500
-42.0951
-41.7092
-41.3175
-40.9249
-41.4060
-40.6365
-39.7918
-38.8486
-37.7772
-36.5465
-35.2179
-33.4947
-21.7912
-21.3859
-21.1627
-21.0933
-21.1652
-21.3936
-21.7677
-22.2811
-22.9158
-23.6280
-24.3336
-24.9896
-25.5972
-26.1157
-48.6681
-48.5862
-48.4883
-48.3403
-47.2194
-47.0516
-46.6941
-46.3203
-45.9296
-45.5224
-45.1009
-44.6709
-44.2451
-42.3564
-41.9973
-41.6260
-41.2521
-40.8442
-40.4307
-40.9832
-40.1832
-39.2928
-38.2719
-37.0604
-35.6710
-33.7855
-31.9782
-20.8689
-20.5829
-20.4694
-20.5669
-20.8537
-21.3194
-21.9283
-22.6455
-23.4047
-24.1584
-24.8323
-25.4030
-25.8850
-48.7012
-48.6559
-48.6047
-48.5329
-48.3861
-47.1112
-47.7259
-47.3578
-46.2542
-45.8582
-45.4443
-45.0115
-44.5153
-44.0139
-43.5286
-41.4838
-41.0934
-40.7010
-40.3112
-41.3962
-40.6653
-39.8754
-38.9926
-37.9546
-36.8057
-34.9689
-32.1283
-20.6504
-20.2549
-20.0665
-20.1971
-20.5746
-21.1283
-21.8324
-22.5889
-23.3811
-24.1371
-24.7796
-25.2740
-25.6743
-49.6488
-48.6813
-48.6864
-48.6743
-48.6408
-48.5249
-47.8250
-47.9135
-47.6566
-47.3465
-45.8225
-45.3518
-44.8574
-44.3429
-43.8179
-43.2704
-40.8644
-40.4843
-40.1161
-39.7692
-41.1907
-40.5245
-39.8424
-39.1187
-38.6017
-37.6329
-36.3879
-20.7591
-20.3217
-20.1561
-20.2855
-20.6734
-21.2967
-22.0569
-22.8164
-23.5679
-24.2620
-24.7980
-25.1681
-25.4558
-49.9783
-49.6270
-48.7146
-48.7782
-48.8128
-48.8540
-48.6133
-47.9945
-48.1459
-47.9399
-47.7786
-47.6775
-44.9132
-44.3369
-43.7324
-43.1351
-42.5903
-39.8460
-39.4928
-39.2276
-41.1933
-40.6921
-40.3084
-40.6859
-40.8676
-39.7791
-36.9726
-21.1815
-21.3438
-21.3616
-21.4566
-21.8635
-22.4826
-23.1304
-23.7723
-24.3776
-24.7940
-25.0148
-25.1902
-50.2956
-49.9786
-48.6590
-48.8212
-48.9594
-49.2656
-49.0583
-48.8572
-51.1110
-52.5671
-45.4037
-44.8319
-44.2330
-43.6129
-42.9936
-42.4619
-39.0296
-38.7134
-38.5168
-41.2612
-41.0834
-41.2888
-43.4970
-41.8797
-40.2779
-24.2775
-25.1038
-24.9088
-24.2586
-23.7576
-23.5432
-23.5030
-23.7468
-24.2279
-24.5712
-24.6860
-24.7981
-50.6362
-50.3628
-49.9912
-48.7606
-50.5029
-52.1157
-53.2295
-49.0061
-45.9404
-45.4061
-44.8425
-44.2502
-43.6341
-43.0163
-42.5147
-38.0045
-37.7065
-37.5829
-41.2733
-41.6118
-44.4638
-44.9202
-37.0822
-35.2561
-31.1054
-28.6726
-26.0886
-24.2772
-23.5959
-23.7666
-24.0205
-24.1153
-24.2358
-52.4619
-52.5058
-52.4195
-52.0603
-50.9751
-54.1653
-57.1076
-49.2589
-45.0112
-44.7854
-44.5896
-45.8633
-45.5356
-45.0057
-44.4554
-43.8939
-43.3524
-42.9257
-42.7575
-36.3425
-36.2588
-42.0108
-44.7761
-31.5738
-30.9381
-31.8756
-38.1435
-29.6973
-25.1661
-23.3469
-23.1255
-23.2570
-23.3690
-23.5911
-54.4396
-55.0554
-55.6375
-51.4221
-46.5750
-44.9522
-44.6413
-44.3798
-44.1326
-43.9256
-45.4513
-45.5841
-45.4000
-44.9666
-44.5790
-44.3207
-44.4016
-45.2314
-34.4935
-34.5813
-42.5907
-27.3233
-26.7348
-30.1810
-31.4102
-32.1593
-25.1372
-22.7741
-22.3809
-22.4471
-22.6009
-22.9483
-54.9904
-55.1270
-46.2096
-46.1777
-46.1947
-46.2665
-46.4315
-46.3771
-43.5986
-43.3048
-43.0867
-42.9787
-45.2533
-46.1243
-45.9429
-45.9279
-46.3161
-32.0830
-32.1345
-22.0724
-22.0526
-29.1329
-31.5613
-30.7112
-24.1444
-21.9377
-21.6008
-21.6805
-21.9308
-22.3908
-54.4523
-44.1841
-44.0321
-43.9017
-45.6772
-45.6817
-45.7553
-45.9134
-47.5782
-47.1474
-46.6886
-46.2008
-41.9613
-41.8146
-44.7622
-47.2580
-30.5896
-29.4821
-28.8226
-29.5846
-29.9887
-22.9255
-25.3426
-30.5958
-37.1502
-28.3758
-22.8681
-21.1148
-20.8931
-21.0581
-21.4316
-21.9953
-45.2835
-56.4559
-44.3304
-44.1152
-43.9067
-43.7084
-43.5240
-43.3583
-43.2183
-43.1132
-45.0762
-45.2201
-45.5030
-48.6601
-48.7553
-49.3030
-49.3571
-49.7507
-40.5430
-30.3231
-28.7530
-27.0877
-25.8099
-26.4197
-40.5714
-30.1051
-30.5635
-30.5432
-36.5256
-25.7066
-21.7488
-20.4956
-20.3944
-20.6726
-21.1765
-21.7948
-44.4145
-44.1692
-43.9243
-43.6812
-43.4419
-43.2089
-42.9856
-42.7764
-42.5882
-42.4290
-42.3115
-44.3072
-44.5445
-45.0140
-49.5812
-50.2024
-50.2784
-37.5134
-36.5237
-30.8440
-29.2505
-27.3925
-25.3889
-21.5214
-24.4079
-30.0691
-34.7091
-30.4014
-31.0947
-27.1562
-20.8950
-20.1039
-20.1632
-20.5559
-21.1343
-21.7915
-44.0525
-43.7836
-43.5123
-43.2394
-42.9664
-42.6952
-42.4284
-42.1691
-41.9227
-41.6971
-41.5030
-41.3581
-41.2876
-43.6241
-44.4385
-33.0360
-30.4017
-28.8525
-20.1158
-20.0997
-20.6426
-22.0446
-24.9245
-29.6435
-31.0396
-27.8549
-25.8534
-25.2222
-20.2250
-20.6944
-21.2830
-21.9556
-43.4940
-43.1718
-43.0983
-42.7949
-42.4872
-42.1761
-41.8626
-41.5490
-41.2388
-40.9370
-40.6518
-40.3965
-40.1922
-40.0756
-40.3094
-44.3050
-37.5171
-39.0737
-21.4356
-20.7872
-20.3705
-20.2962
-20.5967
-21.2942
-22.6699
-24.7687
-31.8016
-29.4698
-27.7918
-26.8837
-26.5879
-21.0361
-21.6166
-22.2501
-43.2016
-42.8616
-42.5100
-42.1458
-41.7685
-41.3771
-40.9699
-40.5458
-40.1034
-39.6408
-39.1566
-38.6484
-38.1137
-37.6250
-37.0342
-36.3925
-35.7048
-34.9706
-34.1830
-33.1858
-22.3694
-21.7354
-21.1870
-20.8082
-20.6968
-20.9312
-21.4802
-22.2392
-34.8541
-32.8293
-31.0473
-29.6868
-28.8342
-28.4524
-28.4933
-29.0528
-22.6514
-42.9242
-42.5680
-42.1982
-41.8140
-41.4145
-40.9972
-40.5609
-40.1032
-39.6218
-39.1136
-38.5751
-38.0011
-37.4426
-36.7781
-36.0456
-35.2211
-34.2801
-33.1733
-24.0229
-23.3703
-22.7515
-22.1848
-21.6976
-21.3516
-21.2220
-21.4101
-21.9141
-22.5653
-32.8653
-35.5528
-35.4689
-33.8381
-32.4305
-31.3131
-30.5417
-30.1145
-29.9987
-30.1755
-30.6565
-42.6655
-42.2954
-41.9099
-41.5089
-41.0904
-40.6521
-40.1920
-39.7077
-39.1964
-38.6539
-38.0762
-37.5062
-36.8396
-36.1147
-35.3215
-34.3133
-25.5348
-24.9230
-24.3494
-23.7770
-23.2185
-22.7075
-22.2759
-21.9656
-21.8521
-21.9963
-22.4228
-29.6571
-31.4371
-33.9902
-34.3579
-34.4939
-34.7130
-33.6261
-32.6934
-32.0093
-31.5761
-31.3800
-31.4008
-31.6256
-42.4290
-42.0476
-41.6501
-47.9654
-40.3002
-39.8214
-39.3142
-38.7742
-38.2349
-37.6153
-36.9380
-36.1966
-35.3884
-26.9188
-26.3242
-25.7950
-25.2785
-24.7509
-24.2355
-23.7365
-23.2709
-22.8992
-22.6415
-22.5432
-22.6669
-23.0060
-29.6029
-31.3263
-33.1569
-34.1503
-34.5635
-34.4195
-34.0453
-33.8785
-33.2789
-32.8616
-32.6271
-32.5630
-32.6557
-46.4759
-48.2254
-48.4495
-54.4538
-39.4393
-38.9104
-38.3844
-37.7914
-37.1575
-36.4927
-35.8252
-27.6148
-27.1263
-26.6476
-26.1633
-25.6675
-25.2071
-24.7209
-24.2835
-23.8894
-23.5672
-23.3455
-23.2745
-23.3676
-23.6354
-30.1886
-34.2471
-34.7667
-34.8729
-34.6843
-34.3639
-34.4063
-34.0055
-33.7534
-33.6396
-33.6531
-49.3955
-51.1882
-53.2534
-39.1410
-38.6453
-38.0967
-37.5278
-36.9600
-28.7878
-28.3175
-27.8844
-27.4520
-27.0008
-26.5498
-26.0861
-25.6641
-25.2463
-24.8551
-24.5076
-24.2380
-24.0698
-23.9990
-24.0661
-30.1194
-31.0219
-32.3934
-35.0571
-35.2983
-35.2784
-35.1058
-34.8780
-34.6775
-34.7821
-34.6342
-34.5951
-46.2745
-46.5913
-50.7281
-55.9658
-38.4851
-37.9863
-29.8230
-29.3967
-29.0091
-28.6117
-28.2039
-27.7883
-27.3795
-26.9722
-26.5589
-26.1450
-25.7960
-25.4391
-25.1443
-24.9100
-24.7545
-24.7037
-24.7352
-30.9248
-31.9155
-33.1000
-46.7755
-38.3525
-35.7180
-35.8103
-35.7540
-35.6219
-35.4735
-35.3496
-35.2848
-35.4843
-45.0299
-44.9061
-44.9337
-45.1457
-45.8268
-38.9480
-30.7954
-30.3954
-30.0252
-29.6644
-29.3006
-28.9221
-28.5433
-28.1597
-27.7818
-27.3964
-27.0251
-26.6243
-26.3224
-26.0550
-25.7664
-25.5710
-25.4331
-25.3606
-25.3836
-31.8958
-32.7912
-33.8174
-41.6412
-43.0366
-39.0352
-36.1544
-36.3040
-36.3324
-36.2781
-36.1892
-36.1023
-36.0419
-36.0255
-43.8109
-43.4966
-43.1674
-42.8175
-39.8066
-39.4048
-31.3213
-30.9480
-30.6231
-30.2853
-29.9500
-29.6011
-29.2483
-28.8999
-27.8369
-27.4939
-27.1734
-26.8505
-26.6123
-26.3724
-26.1989
-26.0735
-26.0105
-32.2968
-32.8373
-33.6233
-34.5205
-40.1320
-41.3224
-39.3221
-36.8682
-36.8303
-36.7796
-36.7390
-36.7242
-42.6990
-42.1622
-40.6058
-40.2376
-32.1552
-31.8035
-31.5044
-45.1076
-29.9176
-28.2802
-27.9726
-27.6748
-27.3552
-27.1455
-26.9960
-26.8077
-26.6973
-26.6245
-33.2010
-33.7114
-34.4057
-35.1988
-39.8886
-40.7474
-39.4821
-50.7320
-37.4110
-37.3934
-37.3742
-37.3687
-41.3408
-41.0025
-32.9265
-32.6424
-32.3134
-40.2464
-42.2957
-45.9493
-41.8447
-29.0249
-28.7255
-28.4445
-28.1813
-27.9411
-27.6842
-27.5523
-27.3949
-27.2842
-27.2223
-34.0494
-34.5197
-35.1399
-35.8484
-40.0831
-40.6958
-39.6903
-44.1688
-48.2757
-49.7678
-47.7835
-39.2591
-37.9540
-37.9560
-37.9622
-33.6772
-33.3818
-33.0684
-32.8063
-40.7505
-41.9202
-43.6292
-47.0199
-46.6529
-46.2728
-45.8780
-41.5183
-40.5679
-39.1752
-29.7259
-29.4468
-29.1697
-28.9167
-28.6773
-28.4462
-28.2640
-28.0726
-27.9885
-27.8504
-27.8405
-34.8346
-35.2696
-35.8298
-36.4685
-40.4497
-39.6722
-39.9564
-43.4979
-44.9813
-45.3519
-46.1008
-39.9342
-39.4095
-38.4938
-38.5127
-33.7734
-33.5278
-40.6636
-41.2345
-42.0202
-43.0919
-43.7116
-43.1330
-42.5430
-41.8748
-41.0955
-40.1514
-38.9598
-30.4104
-30.1202
-29.8652
-29.6150
-29.3740
-29.1602
-28.9652
-28.7880
-28.5769
-28.4979
-28.4443
-35.3823
-35.5632
-35.9678
-36.4783
-37.0589
-37.7420
-40.0334
-40.2672
-43.2774
-44.5927
-44.8302
-44.3775
-43.9333
-40.1439
-39.7704
-39.0236
-33.9558
-41.1878
-41.6128
-42.1720
-42.8797
-43.4457
-42.9283
-42.3538
-41.7104
-40.9804
-40.1898
-39.2016
-38.2514
-30.7601
-30.5145
-30.2778
-30.0494
-29.8310
-29.6353
-29.4507
-29.2776
-29.1485
-28.9949
-28.9553
-36.0326
-36.2441
-36.6222
-37.0913
-37.6231
-38.2526
-40.4318
-40.6126
-43.2887
-44.4263
-44.5802
-44.2691
-43.5263
-40.7961
-40.4615
-40.1968
-41.7198
-42.0464
-42.4756
-42.9941
-43.4612
-42.9557
-42.4020
-41.7896
-41.1113
-40.3570
-39.5321
-38.7929
-31.3584
-31.1265
-30.8948
-30.6784
-30.4703
-30.2610
-30.0869
-29.9246
-29.7638
-29.6344
-29.4686
-29.4843
-36.6584
-36.8825
-37.2378
-37.6717
-38.1619
-38.6956
-40.8463
-40.9784
-43.4224
-44.3891
-44.4988
-44.3007
-43.8032
-41.0231
-41.0922
-40.8336
-42.4600
-42.8030
-43.1981
-43.5525
-43.0637
-42.5363
-41.9625
-41.3378
-40.6620
-39.9491
-39.3381
-31.9275
-31.7070
-31.4921
-31.2836
-31.0784
-30.8880
-30.7181
-30.5298
-30.3793
-30.2422
-30.1117
-30.0148
-37.1901
-37.2328
-37.4601
-37.7934
-38.1949
-41.2720
-41.3862
-43.6343
-44.4291
-44.5349
-44.4173
-44.0796
-41.4681
-41.4011
-41.3385
-43.1383
-43.4481
-43.6928
-43.2237
-42.7257
-42.1907
-41.6156
-41.0061
-40.3770
-39.8559
-32.4706
-32.2556
-32.0582
-31.8593
-31.6632
-31.4724
-31.2839
-31.1281
-30.9695
-30.8204
-30.6969
-30.4926
-37.7439
-37.7984
-38.0251
-38.3402
-38.7152
-46.7921
-43.0286
-43.8906
-46.9716
-44.3520
-41.8866
-41.8381
-41.7879
-43.7216
-43.5716
-43.0758
-42.0184
-40.8800
-40.4136
-32.9987
-32.7981
-32.5945
-32.4018
-32.2163
-32.0316
-31.8530
-31.6954
-31.5392
-31.3925
-31.2508
-40.5105
-30.9944
-38.2616
-38.3690
-38.5933
-38.8934
-39.2479
-43.4023
-44.1696
-55.6857
-55.8587
-47.2934
-44.6136
-44.3083
-42.2491
-42.2102
-53.0228
-33.4923
-32.5769
-31.8071
-41.2223
-38.7630
-38.8867
-39.1065
-39.3926
-48.0024
-52.1001
-46.1416
-44.4659
-50.5187
-51.8409
-47.6280
-46.5634
-44.6490
-42.6391
-42.6102
-53.3203
-45.7169
-43.8347
-32.2086
-39.2294
-39.2469
-39.3808
-39.5961
-39.8687
-46.0712
-53.3611
-52.0329
-50.2421
-46.5603
-44.7722
-47.7975
-49.8010
-47.5594
-47.0719
-46.1912
-43.0121
-42.9921
-55.8176
-56.4592
-58.1042
-53.4321
-58.0961
-49.0529
-42.8688
-45.9249
-47.8797
-47.5118
-47.3772
-48.2211
-44.1844
-47.4320
-49.8352
-49.9996
-50.9450
-32.5993
-47.9574
-50.5505
-39.7132
-39.8538
-40.0637
-40.3243
-47.2396
-50.9590
-49.5091
-46.9631
-45.0843
-45.8175
-47.4868
-47.4897
-47.3301
-46.7511
-43.9789
-43.3576
-50.3426
-50.0199
-49.6629
-49.3058
-48.9299
-48.4970
-47.5208
-44.0629
-46.1293
-46.3143
-45.6585
-45.3179
-46.1606
-44.5011
-46.5542
-46.2873
-44.9559
-42.3906
-42.5191
-46.1921
-48.4735
-54.7696
-40.0999
-40.1622
-40.3063
-40.5106
-47.5132
-49.2154
-47.3402
-46.9623
-46.0041
-47.2354
-47.4698
-47.4344
-47.2022
-46.7696
-43.7088
-49.7981
-49.4408
-49.0453
-48.6161
-48.1788
-47.6932
-43.4729
-44.7907
-45.8482
-45.1075
-44.4634
-34.2503
-43.1990
-44.6992
-45.7072
-44.5411
-42.8894
-33.4389
-42.8779
-45.3655
-47.4635
-46.6600
-40.5142
-40.5905
-40.7368
-40.9358
-51.2757
-50.1756
-47.6625
-47.7161
-47.4737
-46.2048
-45.8942
-47.5074
-47.5477
-47.4100
-47.2376
-44.6925
