-60.2870
-60.8948
-61.0925
-61.1867
-61.0875
-60.7931
-61.4639
-61.5605
-61.6476
-61.7257
-61.7964
-57.6886
-57.7450
-57.7992
-62.0418
-62.0928
-62.1383
-62.1786
-62.6157
-62.5951
-62.5300
-62.4631
-62.3948
-61.5938
-61.5347
-61.4765
-61.4197
-61.3791
-61.3272
-61.8333
-63.8788
-64.1930
-60.3075
-60.9234
-61.1109
-61.2322
-60.9680
-60.8487
-61.4654
-61.5585
-61.6424
-61.7178
-61.7851
-61.8451
-61.8989
-57.7962
-57.8471
-57.8955
-62.0884
-62.5396
-62.6099
-62.5768
-62.5161
-62.4538
-62.3903
-61.6158
-61.5603
-61.5059
-61.4604
-61.4168
-61.3689
-61.8448
-63.5843
-64.0008
-60.7196
-60.9187
-61.1167
-61.2764
-61.0141
-61.3714
-61.4694
-61.5588
-61.6399
-61.7129
-61.7782
-61.8363
-61.8879
-61.9350
-61.9757
-57.8932
-57.9397
-58.1383
-62.5834
-62.5584
-62.5010
-62.4428
-62.3838
-61.6351
-61.5833
-61.5327
-61.4989
-61.4522
-61.4087
-61.8719
-63.2883
-63.8331
-64.1953
-60.7212
-60.9098
-61.0978
-61.2782
-61.0479
-61.3813
-61.4750
-61.5608
-61.6389
-61.7095
-61.7731
-61.8297
-61.8800
-61.9259
-61.9650
-61.9995
-62.0303
-58.1367
-58.1989
-58.2315
-58.2581
-62.4315
-62.3762
-61.6522
-61.6040
-61.5729
-61.5280
-61.4858
-61.4547
-61.9006
-63.1134
-63.6114
-63.9702
-64.2267
-60.7241
-60.9030
-61.0814
-61.1158
-61.0560
-61.3546
-61.4637
-61.5639
-61.6391
-61.7072
-61.7688
-61.8239
-61.8731
-61.9180
-61.9565
-61.9903
-62.0250
-62.4505
-62.5095
-62.5404
-58.2502
-58.2592
-58.2674
-61.6685
-61.6396
-61.5964
-61.5557
-61.5261
-61.4974
-61.9270
-63.0047
-63.4528
-63.7998
-64.0678
-60.7273
-60.8972
-61.0648
-61.0989
-61.0623
-61.3267
-61.4312
-61.5291
-61.6205
-61.7053
-61.7649
-61.8185
-61.8665
-61.9104
-61.9483
-61.9819
-62.3684
-62.4398
-62.4857
-62.5148
-62.4957
-62.4333
-58.2793
-58.0318
-58.0434
-61.6200
-61.5914
-61.5641
-61.8795
-61.9564
-62.9360
-63.3362
-63.6629
-63.9317
-64.2173
-60.7310
-60.8922
-60.9640
-61.0828
-61.1944
-61.3002
-61.4003
-61.4944
-61.5825
-61.6646
-61.7408
-61.8112
-61.8597
-61.9027
-61.9400
-61.9732
-62.3593
-62.4288
-62.4636
-62.4926
-62.5122
-62.4510
-62.4019
-61.7381
-58.0652
-58.0793
-58.0934
-61.5979
-61.9141
-61.9891
-62.8909
-63.2481
-63.5561
-63.8198
-64.0473
-64.2746
-60.7352
-60.8879
-60.9546
-61.0673
-61.1736
-61.2748
-61.3708
-61.4611
-61.5459
-61.6252
-61.6992
-61.7678
-61.8313
-61.8911
-61.9311
-61.9639
-62.3489
-62.4096
-62.4417
-62.4712
-62.4987
-62.4696
-62.4342
-61.7772
-61.7313
-61.7056
-58.1193
-58.1344
-58.2995
-58.3731
-62.0682
-63.1845
-63.4737
-63.7293
-63.9559
-64.1584
-64.3437
-60.7406
-60.8369
-60.9458
-61.0527
-61.1535
-61.2500
-61.3418
-61.4286
-61.5104
-61.5869
-61.6585
-61.7253
-61.7875
-61.8462
-61.8996
-62.2642
-62.3372
-62.3873
-62.4198
-62.4501
-62.4785
-62.5092
-62.4565
-61.8174
-61.7848
-61.7534
-61.7204
-61.6935
-58.3295
-58.3840
-58.4286
-58.8725
-63.4124
-63.6582
-63.8810
-64.0838
-64.2304
-64.4090
-57.0057
-60.8372
-60.9384
-61.0390
-61.1344
-61.2260
-61.3135
-61.3966
-61.4752
-61.5492
-61.6187
-61.6836
-61.7443
-61.8019
-61.8546
-62.2157
-62.2997
-62.3582
-62.3978
-62.4290
-62.4813
-62.5111
-62.4785
-61.8675
-61.8372
-61.8042
-61.7769
-61.7553
-62.0618
-62.1184
-62.1542
-58.8755
-58.9989
-59.1128
-63.8225
-64.0175
-64.1954
-64.3657
-64.4829
-57.0011
-57.0703
-57.1718
-61.0281
-61.1168
-61.2031
-61.2861
-61.3654
-61.4406
-61.5119
-61.5791
-61.6424
-61.7026
-61.7581
-61.8101
-62.1674
-62.2468
-62.2998
-62.3508
-62.4115
-62.4630
-62.4957
-62.5122
-61.9162
-61.8838
-61.8574
-61.8364
-61.8139
-62.1213
-62.1775
-62.2130
-63.1269
-63.3599
-59.1126
-59.2146
-59.3094
-64.1402
-64.2714
-57.0191
-57.0860
-57.1518
-57.2169
-61.1045
-61.1830
-61.2603
-61.3351
-61.4068
-61.4752
-61.5399
-61.6012
-61.6600
-61.7146
-62.0373
-62.1191
-62.1895
-62.2430
-62.2949
-62.3688
-62.4204
-62.4847
-62.5420
-61.9582
-61.9327
-61.9130
-61.8926
-62.1074
-62.1823
-62.2391
-62.2756
-63.1453
-63.3661
-63.5680
-63.7552
-59.3082
-59.3983
-59.4788
-64.3674
-57.0365
-57.1011
-57.1648
-57.2278
-57.2889
-57.3485
-61.2395
-61.3076
-61.3746
-61.4394
-61.5014
-61.5606
-61.6177
-61.6712
-61.9908
-62.0711
-62.1336
-62.1876
-62.2638
-62.3177
-62.3843
-62.4509
-62.5101
-61.9931
-61.9841
-61.9663
-61.9481
-62.1761
-62.2442
-62.3022
-62.3403
-63.1721
-63.3768
-63.5686
-63.7511
-63.9243
-64.0889
-59.4862
-59.5547
-59.6467
-57.0697
-57.1156
-57.1772
-57.2383
-57.2975
-57.3555
-57.4122
-57.4677
-61.3472
-61.4062
-61.4644
-61.5210
-61.5762
-61.6285
-61.9443
-62.0231
-62.0791
-62.1572
-62.2129
-62.2699
-62.3503
-62.4121
-62.4775
-62.0118
-62.0108
-62.0076
-62.0044
-62.2432
-62.3071
-62.3667
-62.4065
-63.1986
-63.3925
-63.5792
-63.7577
-63.9278
-64.0896
-64.2436
-64.3618
-59.6314
-60.8662
-60.9138
-57.1890
-57.2482
-57.3056
-57.3620
-57.4172
-57.4713
-57.5243
-57.5762
-61.4320
-61.4838
-61.5362
-61.5901
-61.8987
-61.9699
-62.0491
-62.1064
-62.1651
-62.2475
-62.3116
-62.3789
-62.4511
-62.0311
-62.0306
-62.0331
-62.0379
-62.2978
-62.3710
-62.4296
-62.4679
-63.2275
-63.4155
-63.5974
-63.7721
-63.9392
-64.0988
-64.2509
-64.3787
-64.4664
-60.9182
-60.9604
-61.0022
-61.0440
-57.3132
-57.3679
-57.4217
-57.4745
-57.5263
-57.5771
-57.6270
-57.6760
-61.5007
-61.7805
-61.8549
-61.9306
-61.9996
-62.0591
-62.1331
-62.2085
-62.2779
-62.3521
-62.4297
-62.0465
-62.0520
-62.0599
-62.0700
-62.3365
-62.4100
-62.4747
-62.5281
-63.2618
-63.4444
-63.6215
-63.7925
-63.9566
-64.1140
-64.2646
-64.3853
-64.4642
-60.9651
-61.0030
-61.0403
-61.0771
-61.1139
-61.1497
-57.4256
-57.4771
-57.5277
-57.5776
-57.6266
-57.6750
-57.7231
-57.8664
-61.8163
-61.8960
-61.9544
-62.0283
-62.1044
-62.1750
-62.2507
-62.3317
-62.4049
-62.0639
-62.0750
-62.0883
-62.1035
-62.3754
-62.4417
-62.5047
-62.5634
-62.6176
-63.4764
-63.6508
-63.8179
-63.9791
-64.1342
-64.2696
-64.3877
-64.4639
-61.0065
-61.0404
-61.0738
-61.1067
-61.1396
-61.1707
-61.2014
-61.2326
-57.5287
-57.5776
-57.6259
-57.6738
-57.7216
-57.8646
-57.9303
-57.9816
-61.9291
-62.0028
-62.0730
-62.1488
-62.2307
-62.3071
-62.3847
-62.0831
-62.0999
-62.1184
-62.1385
-62.4075
-62.4720
-62.5372
-62.6003
-62.6570
-63.4823
-63.6654
-63.8443
-64.0059
-64.1463
-64.2682
-64.3841
-64.4642
-61.0423
-61.0725
-61.1023
-61.1316
-61.1612
-61.1891
-61.2165
-61.2436
-61.2707
-61.2991
-57.6249
-57.6724
-57.8061
-57.8726
-57.9274
-57.9847
-58.0430
-58.0992
-62.0516
-62.1317
-62.2094
-62.2879
-62.3694
-62.1047
-62.1266
-62.1501
-62.3727
-62.4380
-62.5047
-62.5717
-62.6383
-62.6973
-63.4919
-63.6703
-63.8449
-64.0043
-64.1449
-64.2691
-64.3827
-64.4649
-61.0723
-61.0990
-61.1255
-61.1517
-61.1782
-61.2032
-61.2280
-61.2527
-61.2774
-61.3025
-61.3287
-61.3576
-57.8095
-57.8718
-57.9256
-57.9889
-58.0452
-58.1037
-58.1645
-58.2244
-62.1952
-62.2755
-62.3598
-62.1292
-62.1558
-62.1757
-62.4026
-62.4706
-62.5395
-62.6080
-62.6759
-62.7383
-63.5046
-63.6785
-63.8394
-63.9807
-64.1172
-64.2490
-64.3759
-64.4655
-61.0967
-61.1201
-61.1434
-61.1667
-61.1905
-61.2131
-61.2356
-61.2584
-61.2814
-61.3054
-61.3305
-61.3691
-61.6147
-61.6699
-57.9348
-57.9910
-58.0498
-58.1110
-58.1720
-58.2318
-58.2927
-58.3547
-62.3583
-62.1582
-62.1797
-62.2013
-62.4352
-62.5052
-62.5756
-62.6456
-62.7147
-62.7800
-63.5201
-63.6814
-63.8223
-63.9592
-64.0919
-64.2200
-64.3440
-64.4416
-61.1166
-61.1359
-61.1562
-61.1767
-61.1980
-61.2184
-61.2392
-61.2604
-61.2825
-61.3060
-61.3315
-61.3932
-61.6188
-61.6831
-61.7441
-61.8042
-58.0571
-58.1192
-58.1795
-58.2411
-58.3037
-58.3672
-58.4314
-58.3851
-62.2063
-62.2321
-62.4711
-62.5422
-62.6135
-62.6843
-62.7542
-62.8222
-63.5310
-63.6706
-63.8069
-63.9395
-64.0682
-64.1931
-64.3140
-64.4089
-61.1303
-61.1474
-61.1648
-61.1825
-61.2009
-61.2194
-61.2387
-61.2590
-61.2808
-61.3047
-61.3551
-61.5703
-61.6381
-61.7016
-61.7585
-61.8214
-61.8900
-58.1602
-58.1889
-58.2522
-58.3166
-58.3816
-58.4430
-58.4076
-58.4464
-58.4860
-62.5119
-62.5824
-62.6537
-62.7247
-62.7952
-62.8596
-63.5259
-63.6609
-63.7928
-63.9212
-64.0462
-64.1677
-64.2858
-64.3669
-61.1377
-61.1522
-61.1671
-61.1827
-61.2001
-61.2169
-61.2350
-61.2545
-61.3406
-61.3628
-61.3891
-61.6060
-61.6634
-61.7164
-61.7781
-61.8473
-61.9096
-61.9771
-62.0494
-58.2653
-58.3312
-58.3933
-58.4549
-58.4319
-58.4729
-58.5143
-58.6428
-58.6989
-62.6981
-62.7680
-62.8341
-62.8798
-63.5218
-63.6520
-63.7794
-63.9041
-64.0255
-64.1438
-64.2573
-64.3257
-61.1416
-61.1533
-61.1650
-61.1786
-61.1941
-61.2100
-61.2278
-61.2482
-61.3349
-61.3594
-61.3919
-61.6120
-61.6730
-61.7341
-61.8039
-61.8671
-61.9345
-62.0062
-62.0818
-62.1607
-62.2318
-58.4054
-58.4693
-58.4575
-58.5004
-58.6162
-58.6730
-58.7294
-58.7853
-58.8396
-62.8573
-62.9009
-63.5193
-63.6443
-63.7672
-63.8878
-64.0058
-64.1210
-64.2204
-64.1680
-61.1393
-61.1486
-61.1591
-61.1710
-61.1852
-61.2000
-61.2180
-61.3057
-61.3283
-61.3569
-61.5611
-61.6227
-61.6883
-61.7582
-61.8233
-61.8910
-61.9635
-62.0399
-62.1196
-62.1902
-62.2604
-62.3359
-62.4159
-58.4844
-58.5288
-58.6464
-58.7036
-58.7602
-58.8159
-58.8611
-58.9057
-58.9499
-62.9667
-63.6390
-63.7568
-63.8730
-63.9872
-64.0991
-64.0717
-62.8771
-61.1313
-61.1390
-61.1479
-61.1587
-61.1718
-61.1879
-61.2763
-61.2965
-61.3225
-61.3571
-61.5689
-61.6394
-61.7107
-61.7779
-61.8459
-61.9191
-61.9965
-62.0776
-62.1492
-62.2201
-62.2964
-62.3763
-62.4585
-62.3964
-62.4287
-58.6771
-58.7345
-58.7914
-58.8371
-58.8821
-58.9265
-58.9705
-59.0142
-59.2907
-63.7500
-63.8608
-63.9705
-63.9718
-62.7697
-62.8015
-61.1184
-61.1243
-61.1324
-61.1427
-61.1560
-61.2459
-61.2636
-61.2878
-61.3202
-61.3625
-61.5834
-61.6611
-61.7306
-61.7990
-61.8728
-61.9513
-62.0337
-62.1063
-62.1782
-62.2560
-62.3376
-62.4215
-62.5063
-62.4651
-62.4982
-62.7146
-62.7778
-58.8125
-58.8578
-58.9025
-58.9468
-58.9906
-59.0341
-59.3023
-59.3705
-59.4376
-63.8690
-62.6638
-62.6960
-62.7281
-61.1007
-61.1054
-61.1128
-61.1236
-61.1382
-61.2298
-61.2515
-61.2817
-61.3222
-61.5267
-61.6049
-61.6816
-61.7504
-61.8247
-61.9042
-61.9879
-62.0615
-62.1344
-62.2135
-62.2969
-62.3829
-62.4699
-62.5573
-62.5362
-62.5714
-62.7909
-62.8271
-62.8588
-62.8915
-58.9224
-58.9665
-59.0101
-59.0534
-59.3136
-59.3641
-59.4206
-58.9583
-58.9998
-62.6261
-63.9745
-61.0787
-61.0828
-61.0903
-61.1021
-61.1944
-61.2141
-61.2420
-61.2804
-61.3308
-61.5460
-61.6292
-61.6996
-61.7749
-61.8552
-61.9401
-62.0148
-62.0884
-62.1689
-62.2541
-62.3421
-62.4316
-62.5213
-62.6107
-62.6090
-62.6461
-62.8442
-62.8750
-62.9052
-62.9347
-62.9643
-62.9953
-59.0291
-59.0722
-59.3115
-59.3700
-58.8965
-58.9412
-58.9804
-59.5579
-59.6035
-61.0527
-61.0568
-61.0654
-61.1585
-61.1749
-61.2008
-61.2371
-61.2860
-61.3473
-61.5709
-61.6478
-61.7229
-61.8044
-61.8906
-61.9661
-62.0404
-62.1223
-62.2092
-62.2993
-62.3910
-62.4832
-62.5752
-62.6664
-62.6830
-62.6988
-62.8913
-62.9215
-62.9506
-62.9791
-63.0070
-63.0349
-63.0631
-63.0747
-59.3201
-58.8347
-58.8797
-58.9216
-59.5093
-59.5559
-59.6019
-61.0227
-61.0279
-61.1219
-61.1350
-61.1576
-61.1921
-61.2392
-61.2996
-61.3799
-61.5887
-61.6698
-61.7515
-61.8392
-61.9156
-61.9906
-62.0736
-62.1622
-62.2544
-62.3484
-62.4431
-62.5376
-62.6314
-62.7240
-62.7359
-62.9059
-62.9363
-62.9656
-62.9941
-63.0219
-63.0490
-63.0756
-63.0967
-63.1067
-62.2634
-58.8495
-58.8619
-59.4602
-59.5076
-59.5546
-59.6012
-60.9906
-60.9984
-61.0950
-61.1142
-61.1455
-61.1908
-61.2499
-61.3220
-61.5278
-61.6121
-61.6974
-61.7858
-61.8635
-61.9389
-62.0231
-62.1134
-62.2075
-62.3038
-62.4010
-62.4981
-62.5945
-62.6898
-62.7623
-62.7779
-62.9492
-62.9787
-63.0075
-63.0354
-63.0625
-63.0889
-63.1149
-63.1312
-61.8673
-62.2211
-62.2568
-63.6577
-59.4588
-59.5067
-59.5543
-59.6018
-60.9572
-61.0548
-61.0704
-61.0985
-61.1414
-61.1993
-61.2701
-61.3382
-61.5494
-61.6410
-61.7309
-61.8093
-61.8855
-61.9708
-62.0626
-62.1588
-62.2574
-62.3569
-62.4567
-62.5557
-62.6537
-62.7305
-62.7875
-62.8179
-62.9898
-63.0188
-63.0469
-63.0741
-63.1006
-63.1264
-63.1542
-61.8436
-61.8397
-62.1798
-63.6037
-63.6468
-63.6904
-63.7353
-59.5554
-59.6041
-61.0147
-61.0264
-61.0509
-61.0904
-61.1459
-61.2168
-61.2873
-61.3600
-61.5779
-61.6742
-61.7534
-61.8298
-61.9166
-62.0101
-62.1083
-62.2091
-62.3112
-62.4135
-62.5152
-62.6158
-62.6973
-62.7552
-62.8115
-62.8557
-63.0279
-63.0562
-63.0836
-63.1102
-63.1360
-63.1637
-61.8164
-61.8128
-61.8112
-63.1118
-63.5951
-63.6396
-63.6846
-63.7308
-63.7786
-63.8291
-60.9833
-61.0039
-61.0391
-61.0923
-61.1617
-61.2351
-61.3058
-61.5135
-61.6124
-61.6958
-61.7723
-61.8598
-61.9555
-62.0560
-62.1592
-62.2637
-62.3686
-62.4730
-62.5764
-62.6629
-62.7216
-62.7786
-62.8339
-62.8869
-63.0633
-63.0908
-63.1175
-63.1434
-63.1711
-61.7813
-61.7820
-63.1129
-63.1202
-63.1287
-63.5884
-63.6352
-63.6832
-63.7327
-63.7841
-64.2039
-60.9555
-60.9883
-61.0389
-61.1068
-61.1824
-61.2529
-61.3317
-61.5480
-61.6363
-61.7136
-61.8019
-61.8987
-62.0015
-62.1072
-62.2145
-62.3223
-62.4294
-62.5355
-62.6273
-62.6867
-62.7443
-62.8003
-62.8540
-62.9064
-63.0957
-63.1225
-63.1484
-63.1722
-61.7383
-61.7472
-63.1168
-63.1252
-63.1348
-63.1460
-63.5842
-63.6344
-63.6864
-63.7495
-64.1720
-64.2420
-60.9359
-60.9836
-61.0497
-61.1278
-61.1978
-61.2779
-61.3663
-61.5702
-61.6547
-61.7436
-61.8410
-61.9453
-62.0537
-62.1635
-62.2739
-62.3840
-62.4932
-62.5908
-62.6508
-62.7090
-62.7656
-62.8196
-62.8725
-62.9237
-63.1250
-63.1510
-63.1594
-61.6917
-61.7010
-63.1169
-63.1266
-63.1376
-63.1500
-63.1647
-63.5837
-63.6383
-63.7135
-64.1390
-64.2120
-64.2789
-60.9276
-60.9917
-61.0724
-61.1417
-61.2218
-61.3109
-61.5003
-61.5860
-61.6837
-61.7831
-61.8894
-61.9995
-62.1122
-62.2251
-62.3372
-62.4491
-62.5531
-62.6138
-62.6728
-62.7297
-62.7841
-62.8372
-62.8888
-63.0824
-63.1503
-63.1427
-61.6413
-61.6507
-63.1092
-63.1241
-63.1365
-63.1506
-63.1670
-63.1861
-63.5882
-64.0247
-64.1040
-64.1803
-64.2535
-64.2892
-60.9320
-61.0132
-61.0847
-61.1647
-61.2544
-61.3337
-61.5150
-61.6146
-61.7233
-61.8315
-61.9442
-62.0590
-62.1750
-62.2905
-62.4050
-62.5154
-62.5764
-62.6352
-62.6926
-62.7474
-62.8008
-62.8525
-62.9026
-63.0943
-63.1085
-61.5870
-61.5965
-63.0914
-63.1173
-63.1315
-63.1475
-63.1658
-63.1870
-63.2115
-63.9846
-64.0670
-64.1464
-64.2229
-64.2651
-64.2992
