-63.0745
-62.7564
-62.4703
-62.2220
-62.0132
-61.4092
-61.2394
-61.0840
-60.9426
-60.8317
-58.7324
-60.9089
-61.1485
-61.2082
-61.4164
-61.5704
-61.6413
-61.7368
-61.8061
-61.8138
-61.8108
-61.8166
-61.8006
-61.7916
-61.7896
-61.7945
-61.8062
-61.8243
-61.8482
-61.8189
-61.8481
-61.8809
-61.8752
-61.8743
-61.9330
-61.9349
-61.9391
-62.0091
-62.0192
-62.0403
-62.9164
-62.5723
-62.1533
-61.9097
-61.1969
-61.0042
-60.8406
-60.7015
-60.5847
-60.6330
-60.8979
-61.1461
-61.3808
-61.5997
-61.6940
-61.5839
-61.6490
-61.6973
-61.6812
-61.6766
-61.6837
-61.6760
-61.6656
-61.6632
-61.6686
-61.6814
-61.7008
-61.7261
-61.7562
-61.7904
-61.7970
-61.7323
-61.7267
-61.7251
-61.7262
-61.7336
-61.7929
-61.8633
-61.8777
-61.8943
-62.4021
-62.2111
-61.9206
-61.0917
-60.8469
-60.5973
-60.4423
-58.3466
-60.6146
-60.8938
-61.1542
-61.3983
-61.5783
-61.6464
-61.7099
-61.7541
-61.5481
-61.5542
-61.5488
-61.5565
-61.5567
-61.5444
-61.5411
-61.5465
-61.5598
-61.5800
-61.6060
-61.6368
-61.6601
-61.6476
-61.6386
-61.6326
-61.5782
-61.5761
-61.5777
-61.5830
-61.6460
-61.7154
-61.7315
-61.7467
-61.9602
-61.6240
-60.8791
-60.6162
-60.4003
-58.0954
-60.3601
-60.6695
-60.9526
-61.1785
-61.4268
-61.5329
-61.6001
-61.6658
-61.6304
-61.5959
-61.5978
-61.4259
-61.4359
-61.4428
-61.4286
-61.4243
-61.4301
-61.4430
-61.4630
-61.4889
-61.5194
-61.5107
-61.4958
-61.4846
-61.4770
-61.4727
-61.4715
-61.4733
-61.4277
-61.4349
-61.4958
-61.5142
-61.3376
-61.4364
-61.8012
-60.4863
-60.1871
-60.0977
-60.0394
-60.4022
-60.7260
-61.0182
-61.2846
-61.4746
-61.5317
-61.5858
-61.5399
-61.4958
-61.4689
-61.4543
-61.4704
-61.4842
-61.3361
-61.3210
-61.3157
-61.3195
-61.3315
-61.3502
-61.3747
-61.3816
-61.3600
-61.3419
-61.3282
-61.3185
-61.3124
-61.3098
-61.3105
-61.3143
-61.3210
-61.2851
-61.1388
-61.2030
-61.2631
-61.3239
-60.3971
-60.0264
-57.5988
-59.9456
-60.4613
-60.8002
-61.1055
-61.3815
-61.4719
-61.5251
-61.5176
-61.4447
-61.3903
-61.3488
-61.3328
-61.3280
-61.3736
-61.3912
-61.3740
-61.2148
-61.2169
-61.2277
-61.2447
-61.2670
-61.2350
-61.2078
-61.1859
-61.1689
-61.1565
-61.1483
-61.1440
-61.1442
-61.1470
-60.8992
-60.9495
-61.0099
-61.1180
-61.1362
-61.1963
-61.2539
-59.6592
-59.7390
-60.1992
-60.5858
-60.7790
-61.0749
-61.4321
-61.4785
-61.4923
-61.4002
-61.3271
-61.2707
-61.2356
-61.2217
-61.2247
-61.2550
-61.2886
-61.2732
-61.2665
-61.2684
-61.1306
-61.1458
-61.1284
-61.0902
-61.0570
-61.0305
-61.0095
-60.9937
-60.9828
-60.9762
-60.9738
-60.7035
-60.7620
-60.8210
-60.8802
-60.9838
-61.0487
-61.1014
-61.0835
-61.1074
-59.9892
-60.4789
-60.8847
-61.2062
-61.4409
-61.3044
-61.3289
-61.3788
-61.2783
-61.2025
-61.1509
-61.1238
-61.1158
-61.1312
-61.1645
-61.1722
-61.1733
-61.1677
-61.1702
-61.1780
-61.1773
-61.1255
-60.9438
-60.9069
-60.8759
-60.8506
-60.8309
-60.8165
-60.4732
-60.5196
-60.5763
-60.6336
-60.6915
-60.7501
-60.8092
-60.8980
-60.9209
-60.9450
-60.9722
-61.0030
-60.8346
-61.2266
-61.5518
-61.6423
-61.6094
-61.4131
-61.1132
-60.9675
-61.1122
-61.0332
-61.0080
-61.0121
-61.0428
-61.0953
-61.0869
-61.0652
-61.0738
-61.0746
-61.0816
-61.0327
-60.9756
-60.9255
-60.8823
-60.7172
-60.6882
-60.6649
-60.2882
-60.3407
-60.3943
-60.4499
-60.5055
-60.5619
-60.6182
-60.6571
-60.6750
-60.7379
-60.7633
-60.7927
-60.8268
-60.8670
-61.7549
-61.8498
-61.8163
-61.5866
-61.3973
-60.9340
-61.0688
-60.8313
-60.7817
-60.9352
-60.9417
-60.9774
-61.0364
-61.0063
-60.9861
-60.9762
-60.9834
-60.9526
-60.8827
-60.8210
-60.7667
-60.7191
-60.6784
-60.1990
-60.1183
-60.1677
-60.2178
-60.2690
-60.3212
-60.3746
-60.4293
-60.4596
-60.4733
-60.4913
-60.5499
-60.5794
-60.6119
-60.6515
-60.7005
-53.1050
-61.9480
-61.7948
-61.5386
-61.3265
-60.9886
-61.0273
-60.9157
-60.8466
-60.6874
-60.7084
-60.7607
-60.9658
-60.9332
-60.9112
-60.8975
-60.8989
-60.8114
-60.7300
-60.6609
-60.6015
-60.5503
-59.9312
-60.0573
-60.1044
-60.1522
-60.0938
-60.1429
-60.1930
-60.2445
-60.2650
-60.2733
-60.2865
-60.3049
-60.3287
-60.3940
-60.4327
-60.4819
-52.8889
-52.9739
-53.0583
-61.8551
-61.5322
-60.7009
-61.0206
-60.9552
-60.8662
-60.8187
-60.7947
-60.8120
-60.8660
-60.7363
-60.7066
-60.8430
-60.8237
-60.7457
-60.6621
-60.5767
-60.5011
-60.4322
-59.7281
-59.8823
-59.9343
-59.9781
-60.0238
-60.0705
-60.1183
-60.0629
-60.0736
-60.0761
-60.0840
-60.0975
-60.1169
-60.1434
-60.1791
-60.2611
-52.6695
-52.7558
-52.8415
-52.9267
-53.0113
-60.4520
-60.8357
-61.0646
-60.9120
-60.8187
-60.7791
-60.7867
-60.8293
-60.8891
-60.8317
-60.7826
-60.6205
-60.5648
-60.6028
-60.4976
-60.4149
-59.3634
-59.5252
-59.6835
-59.7647
-59.8061
-59.8487
-59.8926
-59.9373
-59.9835
-59.9836
-59.9798
-59.8836
-59.8910
-59.9060
-59.9287
-59.9615
-60.0092
-52.4417
-52.5346
-52.6215
-52.7080
-52.7939
-52.8792
-52.9637
-61.0831
-61.1454
-60.9446
-60.8251
-60.6750
-60.7932
-60.8501
-60.8805
-60.8214
-60.7585
-60.7031
-60.5543
-60.3072
-60.1998
-59.0405
-59.3186
-59.4822
-59.6040
-59.6397
-59.6769
-59.7139
-59.7551
-59.7982
-59.7878
-59.7776
-59.7741
-59.7774
-59.7876
-59.8068
-59.7440
-52.1278
-52.2168
-52.3054
-52.3987
-52.4863
-52.5734
-52.6604
-52.7460
-52.8311
-52.9156
-61.3053
-61.0744
-60.9344
-60.8695
-60.8668
-60.8147
-60.8687
-60.7973
-60.7350
-60.5648
-60.4079
-58.7583
-58.9086
-58.9949
-59.1632
-59.3360
-59.4774
-59.5087
-59.5420
-59.5775
-59.6130
-59.5907
-59.5732
-59.5633
-59.5610
-59.5666
-59.5819
-59.6105
-51.9132
-52.0041
-52.0788
-52.1682
-52.2571
-52.3508
-52.4388
-52.5255
-52.6116
-52.6973
-52.7828
-52.8681
-61.3092
-61.1414
-61.0619
-61.0494
-61.0219
-60.8975
-60.6179
-60.4888
-60.3015
-58.5147
-58.7035
-58.8798
-59.0517
-59.2185
-59.2038
-59.2373
-59.2669
-59.4021
-59.4338
-59.3978
-59.3702
-59.3496
-59.3404
-59.3405
-59.3518
-59.3782
-51.6787
-51.7712
-51.8630
-51.9543
-52.0454
-52.1203
-52.2093
-52.3019
-52.3894
-52.4763
-52.5632
-52.6497
-52.7355
-52.8226
-61.4859
-61.3724
-61.3362
-61.1544
-60.8013
-60.4700
-58.1037
-58.2240
-58.4725
-58.6634
-58.8495
-59.0307
-59.1585
-59.1706
-59.1911
-59.2102
-59.1502
-59.1047
-59.0705
-59.1375
-59.1192
-59.1120
-59.1156
-59.1392
-51.4398
-51.5340
-51.6278
-51.7211
-51.8137
-51.9056
-51.9960
-52.0857
-52.1638
-52.2522
-52.3405
-52.4282
-52.5161
-52.6044
-52.6921
-52.7794
-61.8396
-61.5828
-61.0348
-60.5218
-57.8607
-58.0624
-58.2574
-58.4461
-58.5770
-58.8198
-59.0023
-59.0305
-59.0412
-59.0506
-59.0691
-58.9997
-58.9449
-58.8269
-58.8018
-58.7896
-58.8765
-58.8963
-51.1969
-51.2928
-51.3885
-51.4836
-51.5779
-51.6713
-51.7631
-51.8544
-51.9449
-52.0351
-52.1293
-52.2035
-52.2935
-52.3832
-52.4722
-52.5607
-52.6486
-52.7358
-61.7411
-57.4611
-57.6399
-57.8521
-58.0566
-58.2539
-58.4448
-58.6287
-58.8073
-58.8382
-58.8910
-58.8919
-58.8982
-58.8201
-58.7544
-58.6968
-58.6518
-58.6236
-58.5419
-58.5603
-50.9357
-51.0480
-51.1453
-51.2420
-51.3377
-51.4324
-51.5260
-51.6189
-51.7110
-51.8031
-51.8946
-51.9859
-52.0820
-52.1735
-52.2643
-52.3390
-52.4281
-52.5166
-52.6039
-52.6897
-57.3526
-57.6296
-57.8499
-58.0624
-58.2633
-58.4551
-58.6407
-58.8172
-58.7814
-58.7537
-58.6826
-58.6391
-58.5492
-58.4777
-58.4282
-58.3888
-58.3676
-50.5954
-50.6958
-50.7839
-50.8831
-50.9817
-51.0935
-51.1896
-51.2848
-51.3790
-51.4729
-51.5668
-51.6599
-51.7536
-51.8474
-51.9404
-52.0366
-52.1281
-52.2190
-52.3092
-52.3819
-52.4690
-52.5556
-52.6416
-57.5903
-57.8079
-58.0732
-58.2779
-58.4764
-58.6659
-58.7194
-58.6639
-58.6192
-58.4940
-58.3647
-58.2142
-58.1348
-58.1313
-58.1060
-50.3377
-50.4406
-50.5423
-50.6428
-50.7428
-50.8302
-50.9279
-51.0250
-51.1214
-51.2308
-51.3264
-51.4211
-51.5172
-51.6127
-51.7074
-51.8013
-51.8979
-51.9904
-52.0813
-52.1707
-52.2595
-52.3478
-52.4202
-52.5071
-52.5934
-57.9092
-58.0497
-58.2506
-58.4449
-58.6954
-58.6133
-58.5376
-58.3913
-58.2172
-58.0761
-57.9641
-57.8805
-57.8282
-50.0645
-50.1779
-50.2823
-50.3858
-50.4883
-50.5891
-50.6881
-50.7865
-50.8842
-50.9703
-51.0676
-51.1652
-51.2768
-51.3737
-51.4701
-51.5657
-51.6604
-51.7544
-51.8493
-51.9403
-52.0306
-52.1204
-52.2095
-52.2981
-52.3861
-52.4599
-52.5480
-58.1810
-58.3783
-58.4944
-58.5585
-58.4349
-58.2769
-58.0996
-57.9108
-57.7580
-57.6419
-57.5657
-49.8041
-49.9105
-50.0160
-50.1143
-50.2265
-50.3296
-50.4314
-50.5324
-50.6320
-50.7314
-50.8301
-50.9299
-51.0177
-51.1167
-51.2151
-51.3261
-51.4222
-51.5169
-51.6100
-51.7024
-51.7977
-51.8890
-51.9797
-52.0698
-52.1604
-52.2507
-52.3406
-52.4298
-52.5035
-58.4651
-58.6504
-58.5622
-58.3825
-57.9809
-57.7188
-57.5129
-57.4015
-57.2957
-49.5315
-49.6400
-49.7477
-49.8543
-49.9606
-50.0645
-50.1605
-50.2710
-50.3735
-50.4757
-50.5776
-50.6795
-50.7806
-50.8810
-50.9808
-51.0680
-51.1660
-51.2615
-51.3565
-51.4640
-51.5576
-51.6536
-51.7459
-51.8381
-51.9306
-52.0227
-52.1140
-52.2047
-52.2954
-52.3856
-52.4751
-59.2796
-58.6229
-58.1090
-57.7091
-57.4017
-57.1191
-56.9666
-49.2451
-49.3564
-49.4738
-49.5826
-49.6903
-49.7961
-49.9016
-50.0057
-50.1097
-50.2060
-50.3181
-50.4227
-50.5265
-50.6296
-50.7311
-50.8317
-50.9301
-51.0270
-51.1117
-51.2076
-51.3029
-51.3976
-51.5049
-51.6027
-51.6970
-51.7906
-51.8835
-51.9762
-52.0686
-52.1603
-52.2520
-52.3431
-52.4338
-58.4166
-57.7748
-57.3103
-56.9598
-48.8536
-48.9680
-49.0814
-49.1857
-49.2971
-49.4071
-49.5156
-49.6298
-49.7361
-49.8428
-49.9482
-50.0548
-50.1608
-50.2587
-50.3711
-50.4751
-50.5782
-50.6784
-50.7772
-50.8751
-50.9724
-51.0691
-51.1535
-51.2502
-51.3469
-51.4429
-51.5544
-51.6492
-51.7439
-51.8378
-51.9316
-52.0250
-52.1179
-52.2101
-52.3016
-52.3918
-57.3680
-56.7873
-48.5579
-48.6751
-48.7912
-48.9075
-49.0212
-49.1328
-49.2352
-49.3449
-49.4540
-49.5629
-49.6785
-49.7877
-49.8956
-50.0027
-50.1088
-50.2142
-50.3102
-50.4198
-50.5210
-50.6215
-50.7213
-50.8199
-50.9182
-51.0169
-51.1150
-51.2125
-51.2977
-51.3948
-51.4939
-51.5900
-51.6991
-51.7942
-51.8887
-51.9824
-52.0750
-52.1667
-52.2577
-52.3474
-48.2508
-48.3765
-48.4952
-48.6127
-48.7290
-48.8431
-48.9562
-49.0696
-49.1811
-49.2908
-49.3956
-49.5070
-49.6176
-49.7276
-49.8425
-49.9495
-50.0539
-50.1574
-50.2600
-50.3544
-50.4635
-50.5644
-50.6664
-50.7677
-50.8678
-50.9669
-51.0658
-51.1643
-51.2624
-51.3514
-51.4489
-51.5459
-51.6422
-51.7504
-51.8444
-51.9376
-52.0294
-52.1201
-52.2103
-52.2999
-48.1979
-48.3129
-48.4312
-48.5478
-48.6634
-48.7779
-48.8924
-49.0064
-49.1210
-49.2361
-49.3477
-49.4588
-49.5628
-49.6715
-49.7785
-49.8844
-49.9953
-50.0990
-50.2020
-50.3055
-50.4017
-50.5041
-50.6144
-50.7163
-50.8180
-50.9185
-51.0190
-51.1186
-51.2176
-51.3185
-51.4041
-51.5005
-51.5962
-51.6904
-51.7967
-51.8890
-51.9807
-52.0718
-52.1628
-52.2535
-48.1322
-48.2507
-48.3647
-48.4756
-48.5985
-48.7159
-48.8330
-48.9491
-49.0643
-49.1782
-49.2908
-49.4015
-49.5098
-49.6111
-49.7182
-49.8243
-49.9303
-50.0429
-50.1482
-50.2527
-50.3566
-50.4532
-50.5560
-50.6674
-50.7703
-50.8725
-50.9735
-51.0733
-51.1717
-51.2718
-51.3682
-51.4516
-51.5462
-51.6403
-51.7338
-51.8404
-51.9336
-52.0262
-52.1189
-52.2114
-48.0636
-48.1832
-48.3024
-48.4200
-48.5389
-48.6575
-48.7749
-48.8913
-49.0051
-49.1174
-49.2287
-49.3390
-49.4486
-49.5569
-49.6677
-49.7679
-49.8756
-49.9825
-50.0894
-50.2013
-50.3068
-50.4120
-50.5164
-50.6123
-50.7233
-50.8249
-50.9257
-51.0246
-51.1243
-51.2210
-51.3171
-51.4129
-51.4973
-51.5928
-51.6878
-51.7831
-51.8780
-51.9851
-52.0785
-52.1711
-47.9978
-48.1203
-48.2420
-48.3628
-48.4823
-48.5981
-48.7075
-48.8281
-48.9417
-49.0543
-49.1658
-49.2777
-49.3897
-49.5005
-49.6105
-49.7200
-49.8221
-49.9307
-50.0390
-50.1465
-50.2531
-50.3644
-50.4682
-50.5713
-50.6650
-50.7733
-50.8733
-50.9728
-51.0736
-51.1719
-51.2695
-51.3666
-51.4642
-51.5613
-51.6458
-51.7414
-51.8365
-51.9307
-52.0371
-52.1297
-47.9365
-48.0593
-48.1811
-48.3004
-48.4183
-48.5352
-48.6495
-48.7637
-48.8781
-48.9931
-49.1072
-49.2203
-49.3329
-49.4451
-49.5566
-49.6680
-49.7785
-49.8881
-49.9898
-50.0968
-50.2028
-50.3074
-50.4165
-50.5189
-50.6207
-50.7139
-50.8230
-50.9237
-51.0260
-51.1263
-51.2256
-51.3240
-51.4218
-51.5190
-51.6152
-51.6989
-51.7939
-51.8882
-51.9818
-52.0879
-47.8738
-47.9949
-48.1149
-48.2340
-48.3521
-48.4691
-48.5872
-48.7037
-48.8195
-48.9285
-49.0499
-49.1645
-49.2793
-49.3930
-49.5056
-49.6174
-49.7278
-49.8372
-49.9450
-50.0443
-50.1497
-50.2543
-50.3582
-50.4620
-50.5707
-50.6733
-50.7682
-50.8783
-50.9818
-51.0826
-51.1824
-51.2808
-51.3785
-51.4755
-51.5719
-51.6678
-51.7510
-51.8455
-51.9394
-52.0330
-47.8062
-47.9274
-48.0476
-48.1682
-48.2887
-48.4083
-48.5269
-48.6453
-48.7630
-48.8799
-48.9963
-49.1124
-49.2281
-49.3420
-49.4545
-49.5653
-49.6745
-49.7828
-49.8903
-49.9970
-50.1036
-50.2027
-50.3084
-50.4140
-50.5188
-50.6228
-50.7314
-50.8275
-50.9369
-51.0376
-51.1376
-51.2367
-51.3347
-51.4319
-51.5285
-51.6245
-51.7205
-51.8038
-51.8984
-51.9923
-47.7382
-47.8619
-47.9847
-48.1066
-48.2278
-48.3488
-48.4698
-48.5905
-48.7103
-48.8290
-48.9460
-49.0612
-49.1751
-49.2873
-49.3986
-49.5091
-49.6188
-49.7283
-49.8371
-49.9459
-50.0544
-50.1620
-50.2621
-50.3679
-50.4728
-50.5767
-50.6799
-50.7897
-50.8833
-50.9839
-51.0924
-51.1919
-51.2908
-51.3889
-51.4863
-51.5829
-51.6789
-51.7743
-51.8573
-51.9513
-47.6748
-47.7994
-47.9245
-48.0490
-48.1729
-48.2959
-48.4178
-48.5385
-48.6575
-48.7747
-48.8900
-49.0045
-49.1178
-49.2300
-49.3426
-49.4544
-49.5665
-49.6780
-49.7885
-49.8982
-50.0070
-50.1146
-50.2214
-50.3274
-50.4257
-50.5299
-50.6334
-50.7378
-50.8398
-50.9391
-51.0398
-51.1483
-51.2478
-51.3465
-51.4440
-51.5409
-51.6371
-51.7327
-51.8279
-51.9222
-47.6163
-47.7441
-47.8706
-47.9959
-48.1200
-48.2422
-48.3625
-48.4809
-48.5984
-48.7152
-48.8310
-48.9469
-49.0618
-49.1772
-49.2914
-49.4048
-49.5175
-49.6292
-49.7398
-49.8495
-49.9583
-50.0662
-50.1734
-50.2796
-50.3851
-50.4832
-50.5874
-50.6926
-50.7953
-50.8971
-50.9960
-51.0961
-51.2041
-51.3032
-51.4016
-51.4989
-51.5956
-51.6913
-51.7867
-51.8816
-47.5616
-47.6897
-47.8156
-47.9395
-48.0612
-48.1819
-48.3016
-48.4205
-48.5394
-48.6575
-48.7763
-48.8941
-49.0109
-49.1267
-49.2415
-49.3551
-49.4614
-49.5793
-49.6902
-49.8002
-49.9094
-50.0176
-50.1254
-50.2326
-50.3388
-50.4441
-50.5502
-50.6472
-50.7501
-50.8523
-50.9538
-51.0526
-51.1525
-51.2603
-51.3599
-51.4581
-51.5551
-51.6514
-51.7471
-51.8422
-47.5000
-47.6292
-47.7536
-47.8769
-47.9993
-48.1214
-48.2430
-48.3648
-48.4857
-48.6056
-48.7246
-48.8426
-48.9594
-49.0752
-49.1902
-49.3042
-49.4172
-49.5293
-49.6404
-49.7513
-49.8613
-49.9703
-50.0784
-50.1856
-50.2921
-50.3977
-50.5041
-50.6083
-50.7053
-50.8079
-50.9107
-51.0127
-51.1118
-51.2111
-51.3187
-51.4172
-51.5149
-51.6113
-51.7071
-51.8022
