-60.9220 -62.2389 -63.1029 -63.4163 -63.2241 -63.2875 -63.4928 -63.7761 -64.0590 -62.9562 -63.4369 -63.7850 -63.9708 -64.2291 -64.7946 -62.8404 -63.2934 -63.5751 -63.8186 -66.1145 -66.4769 -66.5823 -67.1964 -67.5194 -67.4773 -65.3707 -65.3059 -65.4335 -65.9323 -65.8494 -65.7188 -65.5150 -65.2746 -65.1268 -65.0192 -62.9885 -65.0216 -65.2212 -65.5103 -65.6766
-62.2254 -63.4067 -63.7066 -64.1782 -63.5819 -63.6889 -63.9283 -64.2343 -62.9018 -63.3545 -63.8238 -64.0965 -64.4146 -64.4547 -62.6770 -62.9954 -63.3208 -63.7246 -66.3459 -67.0265 -67.4254 -67.1697 -67.7598 -67.4930 -65.3358 -65.4893 -65.6284 -65.5429 -65.5739 -65.5728 -65.4852 -65.2111 -65.0499 -64.8985 -62.7806 -64.8277 -65.0526 -65.2517 -65.5515 -65.7138
-64.4852 -64.2825 -64.7405 -64.1233 -64.0704 -64.2158 -64.4575 -62.8458 -63.3548 -63.7617 -64.0854 -64.4870 -64.7463 -62.4109 -63.0317 -63.2418 -63.4884 -66.6499 -67.3247 -68.0280 -67.7491 -67.6225 -67.2520 -65.2397 -65.4076 -65.5599 -65.7184 -65.6729 -65.3920 -65.3538 -65.1216 -64.9795 -64.8108 -64.7299 -62.7976 -64.9088 -65.1881 -65.2881 -65.6250 -65.2068
-66.0914 -67.6336 -66.6050 -64.7720 -64.7337 -64.7745 -62.7639 -63.3545 -63.8088 -64.1682 -64.4699 -64.8568 -62.2465 -62.6422 -63.4255 -63.8222 -68.9877 -68.6391 -68.6204 -68.4424 -68.0329 -67.2349 -64.9814 -65.3155 -65.4786 -66.3616 -66.0269 -65.6977 -65.1846 -64.9143 -64.8075 -64.6251 -64.5710 -62.5314 -64.7035 -64.9424 -65.1494 -65.4295 -65.7883 -65.4312
0.0000 0.0000 -67.8651 -65.6639 -65.3344 -62.7098 -63.3871 -63.8952 -64.2774 -64.5903 -64.8775 -61.9614 -62.4403 -62.8480 -70.5612 0.0000 0.0000 -70.5051 -69.5883 -67.8786 -67.2263 -64.7876 -65.0577 -65.4046 -66.5631 -66.1957 -65.8229 -65.4874 -64.9595 -64.6743 -64.5484 -64.3603 -62.2700 -64.3179 -64.6658 -64.9734 -65.1848 -65.3799 -65.2199 -66.4680
0.0000 0.0000 -67.3837 -66.2543 -62.7344 -63.5146 -64.0732 -64.4739 -64.7880 -65.0402 -61.7248 -62.2004 -62.6421 -63.0657 0.0000 0.0000 0.0000 -70.9978 -69.5420 -67.5156 -64.6396 -64.9072 -64.9247 -66.5760 -66.4113 -66.0177 -65.6197 -65.2619 -64.9156 -64.3397 -64.1165 -63.8671 -64.0813 -64.3574 -64.5842 -64.9301 -65.2120 -64.7837 -65.2560 0.0000
0.0000 0.0000 -67.8618 -62.9283 -63.8334 -64.4123 -64.8016 -65.0993 -65.0812 -61.4912 -61.9834 -62.4327 -62.7807 -62.7066 0.0000 0.0000 0.0000 0.0000 -68.3988 -64.4412 -64.7430 -64.9800 -66.5267 -66.1445 -65.9620 -65.8058 -65.3980 -65.0093 -64.6487 -64.0902 -63.8578 -61.9954 -64.1195 -64.3568 -64.5788 -64.8193 -65.1501 -64.7116 -64.6765 0.0000
0.0000 -61.6457 -63.8412 -64.7372 -65.0603 -65.3332 -65.2914 -65.3484 -64.4317 -61.7902 -62.2755 -62.6474 -62.3831 -62.7842 0.0000 0.0000 0.0000 0.0000 -64.3738 -64.6351 -64.9611 -67.0340 -66.5946 -65.9425 -65.7040 -65.2744 -65.1548 -64.7380 -64.2659 -63.9876 -61.7068 -63.7528 -64.1657 -64.4026 -64.6120 -64.8029 -64.4019 -64.3041 -64.4454 -65.1212
-56.2650 -67.0223 0.0000 -68.3976 -67.0938 -66.2939 -65.9287 -64.5797 -61.5805 -62.1291 -62.5472 -62.8887 -62.3315 -62.8804 0.0000 -63.3876 -63.6474 -63.8913 -64.6607 -67.3090 -67.4679 -66.9966 -66.5128 -65.8181 -65.3362 -65.0276 -64.6108 -64.1836 -63.9341 -61.6263 -63.5747 -63.8186 -64.2252 -64.4480 -64.6482 -64.2253 -64.4260 -64.1281 -64.1802 -64.8917
-61.2225 0.0000 0.0000 -70.1421 -69.4914 -67.2691 -65.1184 -61.3911 -62.0102 -62.5127 -62.9003 -62.1202 -62.4785 -62.8290 -63.2639 -63.5906 -63.8624 -65.0104 -70.9022 -70.6052 -67.4847 -66.9702 -66.4345 -65.8616 -65.0602 -64.8267 -64.3308 -63.7771 -63.4559 -63.2867 -63.7749 -63.8518 -64.0498 -64.4955 -64.6862 -64.2580 -63.9478 -63.9855 -64.5496 -64.5587
0.0000 0.0000 0.0000 0.0000 0.0000 -67.1786 -61.1882 -61.9055 -62.4988 -62.9276 -63.2869 -62.2314 -62.6341 -63.0066 -63.4400 -63.7759 -64.0582 0.0000 0.0000 0.0000 -67.3803 -66.8323 -66.2478 -65.5453 -64.9170 -64.5429 -63.8381 -63.4795 -61.2654 -63.4530 -63.7100 -63.9443 -64.1301 -64.4901 -64.0661 -63.7156 -63.7489 -64.3759 -64.4462 -64.3862
-55.2188 -55.7245 0.0000 0.0000 -59.9201 -60.9836 -61.8357 -62.5291 -63.0072 -63.3854 -61.9358 -62.4055 -62.8140 -63.1804 -63.5406 -64.0009 -64.0669 0.0000 0.0000 0.0000 0.0000 -66.8252 -65.8656 -65.3721 -64.6070 -63.9839 -63.4576 -61.0925 -63.2966 -63.5872 -63.8318 -64.0222 -64.2161 -63.7472 -63.5462 -63.5788 -63.6119 -64.2282 -64.2095 -64.2478
-55.1100 -55.6082 -55.7090 -59.3886 -60.8086 -61.8453 -62.6420 -63.1798 -63.5060 -61.5942 -62.1271 -62.5953 -63.0382 -63.3753 -63.7232 -64.0815 -65.5697 0.0000 0.0000 0.0000 0.0000 -66.6206 -66.0469 -65.2503 -64.4625 -63.3926 -62.7165 -63.0643 -63.3929 -63.6753 -63.9660 -64.1378 -64.0875 -63.6275 -63.4058 -63.4396 -64.0210 -64.0759 -64.0305 -63.6982
-55.4469 -55.5516 -55.9549 -60.6573 -62.0650 -62.9715 -63.5193 -63.9014 -64.1864 -61.8383 -62.3854 -62.8671 -63.1922 -63.4918 -63.8102 -63.6294 0.0000 0.0000 0.0000 -65.3855 -66.5508 -67.2931 -66.3055 -65.0115 -64.0522 -62.9934 -60.8329 -63.2511 -63.5871 -63.8369 -64.0257 -64.1668 -63.6620 -62.8700 -62.9415 -63.8347 -63.9381 -62.2417 -64.1988 -63.7611
-55.3860 -55.4975 -60.6655 -62.8902 -63.7324 -63.7666 -64.1893 -64.6644 -61.5266 -62.1772 -62.7143 -63.1880 -63.5340 -63.8095 -63.6278 -63.2969 -63.0523 -62.7905 -62.6029 -66.6338 -68.7903 -67.4669 -66.2544 -64.9271 -63.3869 -60.5522 -62.9603 -63.4848 -63.7887 -64.0072 -64.1682 -63.6051 -62.8871 -62.7401 -62.7428 -63.4621 -61.8720 -63.9398 -63.6184 -63.7744
-55.3129 -55.4297 -65.2948 -65.4328 -66.9201 -66.0329 -65.1495 -64.7388 -61.9561 -62.6101 -63.1165 -63.5434 -63.8553 -63.7740 -63.4005 -63.0642 -62.8803 -61.8979 -66.9803 -73.5124 -72.2895 -67.7553 -66.1792 -64.3979 -60.5341 -63.0155 -63.2589 -63.7364 -64.0007 -64.1898 -64.3083 -62.7807 -62.7587 -62.7482 -63.1536 -61.6012 -63.5698 -63.8634 -63.5315 -63.6966
-55.2379 -55.3497 0.0000 0.0000 0.0000 -67.2015 -66.0886 -61.6125 -62.5132 -63.1369 -63.5856 -63.9470 -63.9374 -63.5289 -63.1673 -62.8274 -62.5330 -62.4271 0.0000 0.0000 0.0000 -68.6581 -66.0627 -63.0560 -62.7508 -63.4947 -63.8007 -64.2491 -64.2225 -64.3587 -63.7012 -62.6356 -62.6275 -63.1505 -61.4535 -63.2790 -63.7277 -63.1871 -63.3517 -63.5191
-55.1630 -55.2763 0.0000 0.0000 0.0000 -68.4983 -61.1819 -62.3323 -63.1080 -63.7493 -64.1089 -64.1701 -63.7541 -63.3122 -62.9194 -62.5509 -62.2053 -62.1548 0.0000 0.0000 0.0000 -69.9198 -65.9097 -60.3066 -63.3967 -64.0261 -64.2130 -64.4127 -64.7129 -63.9235 -62.5052 -62.5003 -63.0192 -63.0960 -63.3573 -63.4773 -63.5705 -63.2135 -63.3826 -63.4905
-55.0862 -55.2020 0.0000 0.0000 0.0000 -70.1399 -62.2731 -63.4474 -64.0767 -64.3105 -64.2840 -63.8887 -63.3945 -63.0848 -62.6654 -62.2671 -61.9508 -61.7705 0.0000 0.0000 0.0000 0.0000 -60.1168 -63.2662 -64.1945 -64.6341 -64.8451 -64.7422 -64.9454 -62.5183 -62.5212 -62.3617 -62.9709 -63.3028 -63.6298 -63.5138 -62.9375 -63.2499 -63.3650 -63.2880
-55.0071 -55.1232 -55.2471 -55.6555 -57.7160 -62.2524 -64.3256 -64.7612 -65.0697 -64.8182 -64.3362 -63.8848 -63.0183 -62.7470 -62.2912 -61.8588 -61.5520 -61.4619 0.0000 0.0000 -59.7017 -59.8470 -62.9994 -64.3354 -64.8858 -65.0998 -65.3295 -64.9282 -62.3897 -62.3771 -62.3811 -63.0297 -63.3879 -63.6476 -63.6993 -63.7826 -63.0015 -63.0749 -63.1580 -63.1047
-54.9237 -55.0428 -55.2049 -55.5963 -58.1100 -65.6341 -65.9861 -65.2668 -65.3117 -64.7947 -64.2589 -63.7144 -63.1699 -62.6408 -62.1306 -61.7034 -61.4087 -59.2557 -59.3503 -59.5632 -59.6645 -62.3941 -64.9378 -65.6768 -65.8478 -65.7629 -65.3058 -63.3655 -62.0118 -62.1166 -62.8343 -63.2597 -63.9619 -64.0018 -64.0585 -63.1266 -63.0081 -62.8825 -62.9504 -62.9291
-54.8538 -54.9763 -55.4094 -57.4894 0.0000 0.0000 0.0000 0.0000 -65.3277 -64.7563 -64.1147 -63.1446 -62.9709 -62.3915 -61.8433 -61.4471 -61.1560 -59.2356 -59.3847 -59.6367 -59.8225 -65.2710 -66.7108 -67.0565 -66.8251 -66.0302 -64.7901 -61.9863 -61.8705 -61.9651 -60.9559 -63.8368 -63.9340 -64.0044 -64.0584 -63.3991 -62.9847 -62.7004 -62.6115 -61.1968
-54.7769 -54.9452 -55.3455 -57.4372 0.0000 0.0000 0.0000 0.0000 -65.3420 -64.7143 -63.0340 -63.4045 -62.7348 -62.0935 -61.5375 -61.1691 -59.0611 -59.2106 -59.3585 -59.5602 -62.6110 0.0000 0.0000 -71.3359 -67.6756 -65.8623 -61.9381 -61.8626 -61.7255 -60.7810 -63.8837 -64.0795 -64.1561 -64.2068 -63.3015 -63.0668 -62.8836 -62.5753 -60.8014 -61.1179
-54.6973 -54.8686 -57.2000 -57.3733 -57.5876 0.0000 0.0000 0.0000 -65.0923 -62.9095 -63.3804 -63.1978 -62.4416 -61.7186 -61.2011 -58.8728 -59.0275 -59.1767 -59.3269 -61.6458 0.0000 0.0000 0.0000 -71.7567 -67.5422 -63.6128 -61.8820 -61.8535 -60.6379 -64.1252 -64.4599 -64.3929 -64.4179 -64.3163 -63.1143 -62.9155 -62.7526 -60.9170 -60.8892 -60.9651
-54.6321 -54.7950 -57.1292 -57.3100 -57.5379 0.0000 0.0000 0.0000 -65.3189 -63.2175 -63.5111 -62.9562 -62.0867 -61.3251 -60.8395 -58.8334 -58.9893 -59.1444 -59.3357 -61.8486 -62.2327 0.0000 0.0000 0.0000 -67.8532 -61.7857 -61.7648 -60.5555 -64.6154 -64.6079 -65.0835 -65.0728 -64.9167 -63.3005 -63.0567 -62.7705 -60.8211 -60.8989 -60.8507 -61.3060
-54.5589 -56.8992 -57.0340 -57.2388 -57.4191 0.0000 -59.6479 -59.9623 -63.3356 -63.6745 -63.5040 -62.5321 -61.5316 -60.9205 -58.6324 -58.7921 -58.9498 -59.1238 -61.6807 -62.0915 -62.3511 0.0000 0.0000 0.0000 -61.7270 -61.7112 -61.6696 -65.6137 -65.6325 -65.5227 -65.7784 -65.4639 -64.4742 -63.1702 -62.9939 -60.8474 -60.8925 -60.9694 -61.4258 -61.8700
-54.5183 -56.8120 -57.0029 -57.1902 -57.3698 -59.3364 -59.7423 -63.4132 -64.3068 -64.6070 -63.6199 -62.2041 -60.3514 -58.3767 -58.5295 -58.7491 -58.9082 -61.4725 -61.9749 -62.2746 -62.4926 -62.6664 -61.4811 -61.5489 -61.5719 -61.5758 -68.0541 -67.3678 -67.0169 -66.4543 -66.0620 -65.0818 -63.2702 -63.0786 -60.7315 -60.8490 -60.9728 -61.0767 -65.2939 -65.5730
-54.4535 -56.7632 -56.9732 -57.1713 -57.3563 -59.4034 -63.3490 -64.8327 -65.2492 -65.1037 -63.6843 -61.8959 -60.6804 -58.3462 -58.5001 -58.6513 -61.1178 -61.8415 -62.1790 -62.4332 -62.6283 -61.3683 -61.3466 -61.3262 -61.4459 0.0000 0.0000 0.0000 -69.5252 -69.2708 -65.9271 -63.4630 -63.1273 -60.4989 -60.6380 -60.7914 -60.9297 -68.7532 -68.7074 -67.9859
-56.5727 -56.7248 -56.9406 -57.1419 -59.1977 -59.6589 -66.1355 -67.0050 -66.9634 -65.5119 -63.6099 -60.4490 -58.2267 -58.3858 -58.5419 -58.6435 -61.6374 -61.9930 -62.2319 -62.5618 -61.9387 -61.1877 -61.1703 -61.1523 -59.6126 0.0000 0.0000 0.0000 0.0000 0.0000 -65.6184 -63.3613 -60.3154 -60.4537 -60.5719 -60.7686 -60.9056 0.0000 0.0000 0.0000
-56.4753 -56.6669 -56.8997 -57.0807 -59.2430 -68.9947 0.0000 0.0000 0.0000 -66.1876 -63.4836 -58.0583 -58.1901 -58.3667 -58.5251 -61.7114 -62.1960 -62.3150 -62.4730 -62.5470 -60.8635 -60.8171 -60.9715 -59.3403 -59.4953 0.0000 0.0000 0.0000 0.0000 0.0000 -63.6134 -59.9721 -60.1709 -60.3771 -60.5072 -60.6400 -60.8557 0.0000 0.0000 0.0000
-56.4195 -56.6491 -56.8427 -58.9609 -59.2993 0.0000 0.0000 0.0000 0.0000 -66.7720 -61.3706 -58.0407 -58.1718 -58.3331 -61.5440 -62.2683 -62.6214 -62.7872 -62.8250 -60.7409 -60.6828 -60.6286 -59.0023 -59.1385 -59.4624 0.0000 0.0000 0.0000 0.0000 0.0000 -59.7322 -59.8194 -60.0933 -60.2200 -60.3542 -60.5717 -60.8090 0.0000 0.0000 0.0000
-56.3661 -56.6004 -56.7937 -58.9944 -59.3049 -58.9807 0.0000 0.0000 0.0000 0.0000 -57.8606 -58.0293 -58.1946 -61.4191 -62.4090 -62.9450 -63.1381 -63.8692 -62.0196 -60.6665 -60.5939 -58.8118 -58.9384 -59.0635 -59.1569 -59.2376 -59.3510 -59.4960 -59.5802 -59.5912 -59.6706 -59.7562 -59.9052 -60.0093 -60.2782 -60.3970 -60.6020 -60.8755 0.0000 0.0000
-56.3252 -56.5338 -58.7270 -59.0543 -59.3384 -58.9616 0.0000 -58.8856 -57.1052 -57.2872 -57.8409 -58.0315 -58.1889 -62.6457 -63.4924 -65.3508 -64.5826 -63.3066 -60.5778 -60.4972 -60.4218 -58.8769 -59.0040 -59.0304 -59.1127 -59.1938 -59.2791 -59.3584 -59.5042 -59.5154 -59.5996 -59.6722 -59.7920 -59.9589 -60.0727 -60.2007 -60.3909 -60.5125 0.0000 0.0000
-56.2817 -56.4856 -58.7696 -59.0952 -58.7097 -59.0171 -58.8287 -58.6638 -57.0733 -57.6439 -57.8927 -58.0983 -63.8791 -69.6924 -67.9551 -65.8858 -64.0680 -60.4891 -60.3995 -60.3150 -58.7299 -58.8624 -58.9921 -59.0868 -59.1672 -59.1557 -59.2365 -59.3165 -59.4622 -59.5463 -59.5611 -59.6352 -59.7221 -59.8907 -59.9979 -60.0710 -60.1939 -60.3085 -60.6149 -60.7328
-56.2512 -58.4771 -58.8832 -59.1802 -58.7633 -58.7308 -58.5671 -56.8589 -57.0211 -57.6227 -57.8810 -66.9886 0.0000 0.0000 -69.7978 -65.8285 -63.1348 -60.3014 -60.2068 -58.5774 -58.7137 -58.8488 -58.9704 -59.0545 -59.1366 -59.2223 -59.3009 -59.2749 -59.3556 -59.5121 -59.5175 -59.6057 -59.6885 -59.8553 -59.9304 -60.0359 -60.1901 -60.3255 -60.3941 -60.5051
-56.2200 -58.6845 -59.0361 -59.2982 -58.6835 -58.4406 -56.6002 -56.7708 -57.3822 -57.6011 -57.8083 0.0000 0.0000 0.0000 0.0000 -65.7579 -60.2033 -60.0977 -58.4193 -58.5597 -58.6984 -58.8360 -58.9362 -59.0270 -59.1110 -59.1935 -59.2744 -59.3540 -59.4383 -59.5793 -59.5545 -59.5710 -59.6618 -59.7190 -59.8976 -60.0477 -60.1664 -60.2974 -60.4184 -60.4861
-58.3284 -58.8640 -59.2029 -58.6980 -58.4446 -58.1608 -56.5474 -56.7044 -57.3148 -57.5335 -57.8071 -60.2614 0.0000 0.0000 0.0000 -60.0606 -59.9420 -58.2524 -58.3978 -58.5417 -58.6840 -58.8072 -58.9014 -58.9883 -59.0795 -59.1639 -59.2474 -59.3300 -59.4182 -59.5628 -59.6548 -59.6651 -59.6012 -59.6910 -59.8994 -60.0318 -60.1487 -60.2731 -60.3951 -60.5183
-58.6361 -59.0818 -59.3850 -58.4474 -58.1303 -56.3452 -56.5063 -57.0828 -57.3008 -57.5280 -59.8738 -60.3291 -60.7992 0.0000 -59.9569 -59.8214 -58.0469 -58.1959 -58.3437 -58.5221 -58.6666 -58.7727 -58.8698 -58.9597 -59.0475 -59.1340 -59.2200 -59.3118 -59.3913 -59.4797 -59.6393 -59.6208 -59.7138 -59.8299 -59.8798 -60.0102 -60.1313 -60.2718 -60.3808 -60.5015
-58.9458 -59.3315 -58.4934 -58.1540 -56.1296 -56.2913 -56.4546 -57.0897 -57.3098 -59.6093 -60.2202 -60.5152 -60.6522 -59.8645 -59.7062 -57.8649 -58.0162 -58.1667 -58.3160 -58.4639 -58.5937 -58.7315 -58.8241 -58.9206 -59.0110 -59.1011 -59.1913 -59.2873 -59.3687 -59.4666 -59.5989 -59.7042 -59.7424 -59.8442 -59.9433 -60.1390 -60.1160 -60.2665 -60.3725 -61.0050
-59.3094 -59.6209 -58.2001 -57.7791 -56.0740 -56.2405 -56.8489 -57.0900 -59.3323 -60.1160 -60.4910 -60.6083 -59.8226 -59.6011 -59.4281 -57.8336 -57.9875 -58.1387 -58.2896 -58.4389 -58.5488 -58.6479 -58.7408 -58.8810 -58.9729 -59.0649 -59.1640 -59.6208 -59.7625 -59.8517 -59.9812 -60.2318 -60.2698 -60.3902 -60.5061 -60.6945 -60.7668 -60.8763 -60.8887 -66.0815
