-59.4996 -59.5384 -59.5776 -59.6172 -59.6573 -59.6978 -59.7387 -64.6175 -64.6479 -64.3671 -64.4189 -64.4713 -64.8142 -64.8634 -64.9012 -64.9400 -64.9796 -65.0202 -63.8703 -63.9640 -64.0563 -64.1638 -64.2559 -64.3481 -64.4399 -64.5316 -64.6231 -64.7289 -64.8198 -64.9104 -64.9831 -65.0270 -65.0718 -65.1174 -65.1640 -64.9568 -65.0061 -65.0529 -65.1045 -65.1579
-59.5042 -59.5434 -59.5830 -59.6230 -59.6632 -64.6471 -64.6740 -64.7026 -64.7329 -64.7648 -64.4834 -64.5360 -64.5891 -64.9305 -64.9804 -65.0223 -65.0619 -65.1023 -65.1435 -63.9941 -64.0867 -64.1782 -64.2847 -64.3760 -64.4672 -64.5583 -64.6491 -64.7397 -64.8445 -64.9346 -65.0243 -65.1068 -65.1508 -65.1954 -65.2409 -65.2873 -65.3346 -65.1303 -65.1766 -65.2278
-59.5075 -59.5471 -59.5870 -64.6822 -64.7058 -64.7310 -64.7579 -64.7865 -64.8166 -64.8484 -64.8817 -64.9162 -64.6531 -64.7068 -64.7560 -65.0972 -65.1430 -65.1833 -65.2243 -65.2660 -64.1174 -64.2089 -64.2995 -64.3901 -64.4954 -64.5858 -64.6759 -64.7660 -64.8557 -64.9597 -65.0488 -65.1378 -65.2264 -65.2735 -65.3181 -65.3634 -65.4095 -65.4566 -65.2535 -65.2995
-59.5094 -64.7203 -64.7414 -64.7640 -64.7879 -64.8134 -64.8405 -64.8690 -64.8991 -64.9308 -64.9640 -64.9985 -65.0341 -64.7699 -64.8242 -64.8738 -65.2137 -65.2632 -65.3040 -65.3456 -65.3877 -64.2400 -64.3303 -64.4201 -64.5098 -64.6142 -64.7037 -64.7930 -64.8821 -64.9711 -65.0598 -65.1624 -65.2505 -65.3384 -65.3952 -65.4397 -65.4849 -65.5308 -65.5777 -65.3757
-64.7787 -64.7991 -64.8209 -64.8441 -64.8686 -64.8945 -64.9217 -64.9504 -64.9805 -65.0122 -65.0452 -65.0796 -65.1152 -65.1518 -64.8865 -64.9412 -64.9912 -65.3297 -65.3817 -65.4240 -65.4660 -65.5086 -64.3619 -64.4511 -64.5400 -64.6289 -64.7323 -64.8209 -64.9093 -64.9977 -65.0858 -65.1737 -65.2754 -65.3627 -65.4498 -65.5159 -65.5603 -65.6053 -65.6511 -65.6977
-64.8553 -64.8763 -64.8989 -64.9227 -64.9478 -64.9741 -65.0017 -65.0305 -65.0608 -65.0923 -65.1253 -65.1595 -65.1950 -65.2315 -65.2690 -65.0028 -65.0578 -65.1080 -65.1630 -65.4976 -65.5432 -65.5857 -65.6287 -65.6721 -64.5711 -64.6592 -64.7472 -64.8497 -64.9374 -65.0251 -65.1125 -65.1998 -65.2868 -65.3877 -65.4741 -65.5604 -65.6356 -65.6799 -65.7247 -65.7703
-64.9298 -64.9521 -64.9756 -64.9998 -65.0255 -65.0524 -65.0804 -65.1094 -65.1398 -65.1714 -65.2042 -65.2383 -65.2737 -65.3102 -65.3476 -65.3859 -65.4250 -65.1740 -65.2243 -65.2795 -65.6127 -65.6617 -65.7045 -65.7478 -65.7916 -64.6904 -64.7776 -64.8647 -64.9518 -65.0532 -65.1400 -65.2266 -65.3130 -65.3993 -65.4853 -65.5850 -65.6704 -65.7543 -65.7984 -65.8432
-64.9998 -65.0231 -65.0474 -65.0728 -65.0992 -65.1266 -65.1547 -65.1843 -65.2150 -65.2466 -65.2794 -65.3135 -65.3487 -65.3851 -65.4224 -65.4606 -65.4997 -65.5394 -65.2872 -65.3400 -65.3953 -65.4587 -65.7794 -65.8225 -65.8660 -65.9098 -64.8089 -64.8951 -64.9815 -65.0678 -65.1682 -65.2542 -65.3400 -65.4256 -65.5111 -65.5963 -65.6951 -65.7797 -65.8642 -65.9159
-65.0642 -65.0950 -65.1202 -65.1465 -65.1736 -65.2016 -65.2306 -65.2604 -65.2910 -65.3228 -65.3558 -65.3898 -65.4249 -65.4610 -65.4983 -65.5364 -65.5753 -65.6149 -65.6552 -65.4018 -65.4550 -65.5104 -65.5663 -65.8961 -65.9395 -65.9833 -66.0270 -64.9265 -65.0120 -65.0975 -65.1829 -65.2825 -65.3677 -65.4526 -65.5375 -65.6221 -65.7065 -65.8046 -65.8884 -65.9721
-65.0858 -65.1600 -65.1920 -65.2189 -65.2466 -65.2752 -65.3047 -65.3350 -65.3662 -65.3983 -65.4312 -65.4649 -65.4998 -65.5360 -65.5730 -65.6111 -65.6498 -65.6894 -65.7296 -65.7704 -65.8118 -65.5692 -65.6248 -65.6807 -66.0119 -66.0556 -66.0996 -66.1433 -65.0434 -65.1280 -65.2127 -65.2973 -65.3960 -65.4804 -65.5646 -65.6486 -65.7324 -65.8161 -65.8995 -65.9964
-65.0488 -65.1951 -65.2571 -65.2902 -65.3186 -65.3478 -65.3777 -65.4083 -65.4398 -65.4722 -65.5054 -65.5394 -65.5744 -65.6100 -65.6469 -65.6848 -65.7235 -65.7629 -65.8031 -65.8438 -65.8851 -65.9268 -65.6828 -65.7384 -65.7944 -65.8541 -66.1708 -66.2151 -66.2586 -66.3012 -65.2433 -65.3271 -65.4109 -65.4947 -65.5924 -65.6757 -65.7590 -65.8421 -65.9250 -66.0077
-64.7826 -65.1597 -65.3048 -65.3551 -65.3891 -65.4190 -65.4496 -65.4808 -65.5127 -65.5453 -65.5787 -65.6128 -65.6478 -65.6837 -65.7205 -65.7582 -65.7965 -65.8358 -65.8758 -65.9165 -65.9576 -65.9993 -66.0413 -65.7956 -65.8512 -65.9072 -65.9633 -66.2851 -66.3295 -66.3730 -66.4157 -65.3576 -65.4407 -65.5238 -65.6067 -65.7035 -65.7862 -65.8687 -65.9510 -66.0332
-64.8119 -64.8956 -65.2695 -65.4062 -65.4533 -65.4881 -65.5192 -65.5510 -65.5834 -65.6164 -65.6500 -65.6844 -65.7194 -65.7552 -65.7919 -65.8295 -65.8679 -65.9071 -65.9470 -65.9875 -66.0286 -66.0701 -66.1122 -66.1546 -66.1975 -65.9632 -66.0193 -66.0753 -66.3985 -66.4430 -66.4864 -66.5293 -65.4712 -65.5536 -65.6359 -65.7180 -65.8140 -65.8959 -65.9755 -66.0571
-64.8467 -64.9296 -65.0129 -65.3840 -65.5025 -65.5553 -65.5908 -65.6230 -65.6525 -65.6857 -65.7198 -65.7541 -65.7894 -65.8255 -65.8620 -65.8994 -65.9377 -65.9767 -66.0165 -66.0572 -66.0979 -66.1394 -66.1814 -66.2238 -66.2666 -66.3098 -66.0744 -66.1304 -66.1864 -66.2460 -66.5555 -66.5988 -66.6418 -65.5840 -65.6656 -65.7471 -65.8264 -65.9216 -66.0027 -66.0837
-64.8789 -64.9610 -65.0437 -65.1269 -65.4950 -65.5977 -65.6550 -65.6911 -65.7243 -65.7580 -65.7924 -65.8272 -65.8625 -65.8985 -65.9351 -65.9724 -66.0105 -66.0495 -66.0894 -66.1297 -66.1706 -66.2120 -66.2539 -66.2959 -66.3385 -66.3816 -66.4216 -66.1849 -66.2408 -66.2967 -66.3526 -66.6672 -66.7104 -66.7534 -65.6938 -65.7746 -65.8554 -65.9360 -66.0167 -66.1108
-64.9129 -64.9939 -65.0759 -65.1582 -65.2403 -65.6055 -65.6940 -65.7550 -65.7916 -65.8258 -65.8604 -65.8955 -65.9311 -65.9671 -66.0039 -66.0412 -66.0792 -66.1179 -66.1573 -66.1975 -66.2383 -66.2796 -66.3214 -66.3636 -66.4062 -66.4491 -66.4924 -66.5359 -66.2945 -66.3503 -66.4062 -66.4595 -66.7751 -66.8181 -66.8613 -65.8049 -65.8849 -65.9649 -66.0449 -66.1248
-64.9473 -65.0271 -65.1080 -65.1898 -65.2721 -65.3542 -65.7164 -65.7916 -65.8554 -65.8881 -65.9231 -65.9626 -65.9985 -66.0348 -66.0716 -66.1090 -66.1469 -66.1854 -66.2247 -66.2648 -66.3054 -66.3466 -66.3883 -66.4304 -66.4729 -66.5156 -66.5588 -66.6023 -66.6460 -66.6811 -66.4563 -66.5121 -66.5679 -66.6271 -66.9277 -66.9709 -67.0144 -65.9945 -66.0739 -66.1531
-64.9813 -65.0615 -65.1414 -65.2223 -65.3037 -65.3852 -65.4668 -65.8211 -65.8892 -65.9541 -65.9931 -66.0289 -66.0649 -66.1015 -66.1384 -66.1761 -66.2141 -66.2522 -66.2914 -66.3312 -66.3717 -66.4128 -66.4544 -66.4919 -66.5342 -66.5814 -66.6245 -66.6649 -66.7085 -66.7525 -66.7906 -66.5642 -66.6200 -66.6755 -66.7308 -67.0363 -67.0797 -67.1232 -66.1033 -66.1819
-65.0249 -65.0951 -65.1735 -65.2533 -65.3340 -65.4150 -65.4981 -65.5793 -65.9210 -65.9875 -66.0510 -66.0935 -66.1299 -66.1666 -66.2041 -66.2417 -66.2797 -66.3182 -66.3573 -66.3971 -66.4374 -66.4783 -66.5198 -66.5615 -66.6037 -66.6433 -66.6864 -66.7296 -66.7732 -66.8170 -66.8610 -66.8993 -66.6716 -66.7270 -66.7825 -66.8375 -67.1443 -67.1877 -67.2312 -66.2114
-65.0644 -65.1376 -65.2085 -65.2871 -65.3668 -65.4471 -65.5277 -65.6083 -65.6890 -66.0186 -66.0838 -66.1462 -66.1938 -66.2309 -66.2683 -66.3061 -66.3441 -66.3827 -66.4217 -66.4616 -66.5018 -66.5425 -66.5839 -66.6226 -66.6648 -66.7074 -66.7503 -66.7936 -66.8371 -66.8807 -66.9247 -66.9688 -67.0071 -67.0514 -66.8334 -66.8888 -66.9435 -67.0005 -67.2948 -67.3383
-65.1064 -65.1763 -65.2445 -65.3217 -65.4002 -65.4798 -65.5597 -65.6399 -65.7201 -65.8002 -66.1183 -66.1823 -66.2440 -66.2919 -66.3296 -66.3676 -66.4059 -66.4466 -66.4856 -66.5251 -66.5652 -66.6026 -66.6438 -66.6854 -66.7279 -66.7705 -66.8133 -66.8564 -66.8999 -66.9435 -66.9873 -67.0314 -67.0758 -67.1141 -67.1585 -66.9390 -66.9943 -67.0486 -67.1019 -67.4012
-65.1459 -65.2127 -65.2840 -65.3533 -65.4305 -65.5090 -65.5880 -65.6718 -65.7516 -65.8313 -65.9108 -66.2179 -66.2810 -66.3420 -66.3921 -66.4303 -66.4688 -66.5075 -66.5466 -66.5830 -66.6229 -66.6633 -66.7043 -66.7478 -66.7899 -66.8323 -66.8751 -66.9182 -66.9615 -67.0054 -67.0492 -67.0933 -67.1374 -67.1819 -67.2202 -67.2647 -67.0438 -67.0991 -67.1559 -67.2091
-65.2002 -65.2568 -65.3250 -65.3956 -65.4652 -65.5424 -65.6209 -65.7000 -65.7792 -65.8584 -65.9376 -66.0110 -66.3127 -66.3748 -66.4351 -66.4871 -66.5258 -66.5614 -66.6055 -66.6451 -66.6850 -66.7254 -66.7662 -66.8076 -66.8494 -66.8919 -66.9345 -66.9775 -67.0227 -67.0662 -67.1100 -67.1539 -67.1979 -67.2423 -67.2871 -67.3258 -67.3734 -67.4182 -67.2060 -67.2597
-65.2867 -65.3078 -65.3663 -65.4357 -65.5086 -65.5788 -65.6561 -65.7341 -65.8111 -65.8896 -65.9686 -66.0473 -66.1123 -66.4123 -66.4701 -66.5298 -66.5835 -66.6224 -66.6617 -66.7014 -66.7413 -66.7816 -66.8224 -66.8637 -66.9054 -66.9476 -66.9902 -67.0332 -67.0763 -67.1197 -67.1685 -67.2124 -67.2566 -67.3058 -67.3502 -67.3947 -67.4333 -67.4779 -67.5227 -67.3093
-65.3228 -65.3927 -65.4127 -65.4758 -65.5462 -65.6197 -65.6902 -65.7674 -65.8452 -65.9234 -66.0016 -66.0799 -66.1547 -66.2097 -66.5076 -66.5682 -66.6275 -66.6826 -66.7223 -66.7619 -66.8020 -66.8423 -66.8829 -66.9239 -66.9656 -67.0076 -67.0500 -67.0928 -67.1360 -67.1794 -67.2232 -67.2703 -67.3144 -67.3585 -67.4027 -67.4472 -67.4919 -67.5356 -67.5800 -67.6268
-65.3614 -65.4276 -65.4992 -65.5208 -65.5854 -65.6565 -65.7304 -65.8012 -65.8782 -65.9557 -66.0302 -66.1079 -66.1856 -66.2632 -66.3117 -66.6079 -66.6679 -66.7266 -66.7815 -66.8213 -66.8614 -66.9020 -66.9428 -66.9838 -67.0252 -67.0671 -67.1095 -67.1520 -67.1952 -67.2420 -67.2855 -67.3293 -67.3732 -67.4174 -67.4615 -67.5059 -67.5504 -67.5951 -67.6389 -67.6835
-65.3994 -65.4624 -65.5327 -65.5765 -65.6262 -65.6947 -65.7666 -65.8407 -65.9083 -65.9851 -66.0622 -66.1395 -66.2168 -66.2939 -66.3710 -66.4120 -66.7064 -66.7657 -66.8240 -66.8813 -66.9218 -66.9623 -67.0032 -67.0426 -67.0838 -67.1256 -67.1717 -67.2143 -67.2574 -67.3006 -67.3441 -67.3878 -67.4315 -67.4754 -67.5197 -67.5639 -67.6084 -67.6529 -67.6977 -67.7416
-65.4412 -65.5019 -65.5663 -65.6356 -65.6721 -65.7318 -65.7980 -65.8703 -65.9427 -66.0154 -66.0918 -66.1685 -66.2454 -66.3221 -66.4017 -66.4722 -66.5119 -66.8046 -66.8635 -66.9213 -66.9782 -67.0203 -67.0611 -67.1022 -67.1474 -67.1893 -67.2313 -67.2738 -67.3151 -67.3580 -67.4014 -67.4453 -67.4892 -67.5333 -67.5774 -67.6216 -67.6660 -67.7104 -67.7548 -67.7996
-65.4841 -65.5430 -65.6047 -65.6705 -65.7378 -65.7757 -65.8366 -65.9067 -65.9794 -66.0489 -66.1244 -66.2005 -66.2769 -66.3533 -66.4297 -66.5059 -66.5686 -66.6086 -66.8994 -66.9578 -67.0152 -67.0721 -67.1194 -67.1605 -67.2018 -67.2466 -67.2885 -67.3308 -67.3735 -67.4168 -67.4602 -67.5037 -67.5475 -67.5901 -67.6339 -67.6781 -67.7227 -67.7671 -67.8117 -67.8564
-65.5308 -65.5884 -65.6446 -65.7043 -65.7715 -65.8437 -65.8798 -65.9446 -66.0154 -66.0882 -66.1579 -66.2332 -66.3090 -66.3848 -66.4607 -66.5366 -66.6122 -66.6674 -66.7077 -67.0009 -67.0588 -67.1161 -67.1723 -67.2172 -67.2586 -67.3002 -67.3421 -67.3843 -67.4269 -67.4698 -67.5131 -67.5566 -67.6003 -67.6445 -67.6885 -67.7327 -67.7769 -67.8246 -67.8677 -67.9121
-65.5711 -65.6278 -65.6859 -65.7466 -65.8107 -65.8793 -65.9530 -65.9900 -66.0557 -66.1269 -66.1999 -66.2696 -66.3447 -66.4167 -66.4922 -66.5677 -66.6431 -66.7221 -66.7701 -66.8107 -67.0984 -67.1559 -67.2127 -67.2688 -67.3148 -67.3564 -67.3982 -67.4404 -67.4827 -67.5255 -67.5686 -67.6120 -67.6557 -67.6996 -67.7437 -67.7878 -67.8323 -67.8766 -67.9211 -67.9656
-65.6150 -65.6710 -65.7282 -65.7872 -65.8488 -65.9142 -65.9841 -66.0419 -66.0940 -66.1632 -66.2348 -66.3078 -66.3775 -66.4523 -66.5275 -66.6065 -66.6815 -66.7565 -66.8312 -66.8723 -66.9130 -67.1993 -67.2566 -67.3130 -67.3650 -67.4121 -67.4540 -67.4961 -67.5384 -67.5810 -67.6240 -67.6673 -67.7108 -67.7546 -67.7985 -67.8427 -67.8868 -67.9312 -67.9755 -68.0200
-65.6590 -65.7147 -65.7711 -65.8287 -65.8885 -65.9512 -66.0178 -66.0892 -66.1394 -66.2007 -66.2704 -66.3422 -66.4192 -66.4889 -66.5635 -66.6382 -66.7129 -66.7876 -66.8620 -66.9296 -66.9705 -67.0115 -67.2963 -67.3531 -67.4093 -67.4648 -67.5129 -67.5550 -67.5973 -67.6398 -67.6827 -67.7258 -67.7693 -67.8130 -67.8531 -67.8971 -67.9413 -67.9855 -68.0299 -68.0743
-65.4032 -65.7562 -65.8122 -65.8690 -65.9272 -65.9906 -66.0541 -66.1219 -66.1944 -66.2454 -66.3112 -66.3814 -66.4534 -66.5263 -66.5959 -66.6701 -66.7445 -66.8187 -66.8929 -66.9668 -67.0273 -67.0685 -67.1096 -67.3929 -67.4494 -67.5053 -67.5606 -67.6095 -67.6518 -67.6942 -67.7370 -67.7801 -67.8234 -67.8671 -67.9109 -67.9548 -67.9991 -68.0432 -68.0876 -68.1320
-65.4158 -65.5141 -65.8562 -65.9118 -65.9693 -66.0282 -66.0897 -66.1546 -66.2278 -66.3014 -66.3527 -66.4153 -66.4856 -66.5574 -66.6332 -66.7027 -66.7765 -66.8501 -66.9239 -66.9976 -67.0710 -67.1247 -67.1661 -67.2075 -67.4892 -67.5454 -67.6010 -67.6561 -67.7059 -67.7483 -67.7909 -67.8338 -67.8771 -67.9206 -67.9643 -68.0083 -68.0524 -68.0966 -68.1409 -68.1853
-65.8532 -65.5175 -65.6202 -65.9555 -66.0123 -66.0704 -66.1334 -66.1956 -66.2615 -66.3319 -66.4067 -66.4557 -66.5218 -66.5926 -66.6645 -66.7328 -66.8062 -66.8794 -66.9528 -67.0257 -67.0988 -67.1716 -67.2187 -67.2637 -67.3050 -67.5852 -67.6412 -67.6965 -67.7514 -67.8019 -67.8445 -67.8873 -67.9304 -67.9737 -68.0173 -68.0612 -68.1052 -68.1494 -68.1936 -68.2380
-65.9081 -65.9494 -65.6186 -65.7289 -66.0583 -66.1154 -66.1740 -66.2349 -66.2975 -66.3650 -66.4365 -66.5050 -66.5586 -66.6278 -66.6983 -66.7701 -66.8384 -66.9113 -66.9845 -67.0575 -67.1305 -67.2032 -67.2747 -67.3164 -67.3580 -67.3997 -67.6780 -67.7336 -67.7885 -67.8429 -67.8941 -67.9368 -67.9833 -68.0265 -68.0700 -68.1137 -68.1577 -68.2017 -68.2460 -68.2903
-65.9691 -66.0090 -66.0509 -65.7240 -65.8303 -66.1575 -66.2150 -66.2740 -66.3353 -66.3998 -66.4681 -66.5400 -66.6037 -66.6633 -66.7329 -66.8037 -66.8755 -66.9438 -67.0162 -67.0890 -67.1616 -67.2338 -67.3060 -67.3710 -67.4129 -67.4548 -67.4968 -67.7742 -67.8295 -67.8842 -67.9386 -67.9902 -68.0332 -68.0758 -68.1192 -68.1625 -68.2062 -68.2503 -68.2943 -68.3382
-66.0280 -66.0699 -66.1120 -66.1543 -65.8313 -65.9456 -66.2631 -66.3210 -66.3806 -66.4427 -66.5019 -66.5714 -66.6448 -66.7050 -66.7675 -66.8372 -66.9079 -66.9793 -67.0474 -67.1198 -67.1924 -67.2646 -67.3370 -67.4087 -67.4672 -67.5092 -67.5512 -67.5932 -67.8690 -67.9241 -67.9787 -68.0329 -68.0854 -68.1286 -68.1718 -68.2152 -68.2589 -68.3028 -68.3467 -68.3909
-66.0820 -66.1242 -66.1665 -66.2090 -66.2518 -65.9329 -66.0551 -66.3626 -66.4210 -66.4813 -66.5442 -66.6105 -66.6810 -66.7554 -66.8164 -66.8793 -66.9482 -67.0188 -67.0834 -67.1512 -67.2230 -67.2948 -67.3667 -67.4382 -67.5098 -67.5622 -67.6045 -67.6469 -67.6889 -67.9640 -68.0188 -68.0732 -68.1272 -68.1802 -68.2232 -68.2665 -68.3100 -68.3538 -68.3979 -68.4422
