-63.1922 -63.1706 -63.4905 -63.5080 -65.1246 -64.6537 -64.9040 -65.3226 -65.3405 -65.2652 -65.0349 -64.7072 -64.5893 -64.6570 -64.3674 -64.2877 -64.2682 -63.3349 -65.1981 -65.7141 -66.2878 -66.7770 -63.9184 -64.0359 -64.1564 -64.2781 -63.8238 -63.1347 -63.2168 -63.3156 -61.8079 -61.9143 -62.0987 -62.2985 -63.6945 -63.8356 -63.9757 -63.5684 -62.1153 -61.9682
-63.3091 -63.2943 -63.7744 -63.7977 -65.6218 -65.9000 0.0000 0.0000 -65.2424 -65.0406 -64.8237 -63.2419 -64.7177 -64.5041 -64.5702 -64.5519 -64.5591 -65.6034 -66.2123 0.0000 0.0000 0.0000 0.0000 -57.1503 -63.8867 -63.5672 -63.5158 -62.9005 -62.9619 -61.5603 -61.6389 -61.7426 -61.9434 -63.4129 -63.8496 -64.3623 -64.8749 -64.1455 -64.2127 -64.2928
-63.4636 -63.8678 -63.9800 -65.9345 -66.3334 -71.0996 0.0000 0.0000 -65.1973 -64.9757 -64.7426 -64.6585 -64.7738 -64.5518 -64.5835 -64.6989 -63.7722 -65.8879 0.0000 0.0000 0.0000 0.0000 0.0000 -66.2584 -67.2226 -56.9474 -56.7247 -56.6651 -56.6047 -61.3459 -61.4012 -55.0924 -61.6764 -63.0393 -63.4802 -64.0726 -64.2659 -68.8727 0.0000 -65.0123
-63.3688 -63.7566 -63.8562 -65.7876 -66.3882 -70.9946 0.0000 0.0000 -65.2909 -65.0629 -63.4244 -64.8372 -64.5934 -64.6483 -64.6811 -64.7588 -65.4662 -66.1026 -74.2858 0.0000 -66.7854 -67.6510 -69.6919 -67.9653 0.0000 -56.9272 -56.7145 -56.6546 -56.5938 -56.1692 -56.1136 -56.0708 -56.0253 -56.2438 -62.7491 -63.3096 -63.8089 -68.9154 0.0000 0.0000
-63.1446 -63.1371 -64.4102 -64.5308 -64.8245 -66.5370 -68.4587 -67.6543 -65.4014 -65.1994 -65.0305 -64.7523 -64.8501 -64.8526 -64.8797 -63.8890 -65.8553 -70.0205 0.0000 0.0000 -57.6257 -57.5588 -57.4731 -57.1942 -57.3656 -56.9089 -56.7051 -56.6443 -56.2220 -56.1654 -56.1096 -56.0693 -56.2763 -56.2401 -56.2009 -56.1602 -56.0379 -56.3230 -66.1481 -68.2431
-62.9268 -63.2878 -64.6298 -64.7514 -66.2499 -66.7978 -66.6628 -64.8463 -64.6181 -64.3731 -64.2789 -63.9695 -63.9228 -63.8147 -63.7061 -64.2514 -66.1992 -70.1445 -73.3890 0.0000 -57.5807 -57.5142 -57.4062 -57.2865 -57.2534 -56.7570 -56.6962 -56.6347 -56.2203 -56.1636 -56.1177 -56.0685 -56.2746 -56.2340 -56.1921 -56.0800 -56.1041 -56.3000 -56.3159 -56.2493
-62.8513 -63.9678 -64.0629 -64.1696 -65.7287 -65.9988 -66.1471 -64.9735 -64.7539 -63.3154 -64.2282 -64.2325 -64.1577 -64.0641 -63.1241 -64.4319 -64.5364 -66.5630 -67.0264 -67.3436 -67.0385 -67.1351 -67.0175 -67.3593 -68.3712 -56.7487 -56.6875 -56.6256 -56.2182 -56.1613 -56.1190 -56.0707 -56.2711 -56.2284 -56.1838 -56.0688 -56.0913 -56.2772 -56.2505 -56.1833
-57.9335 -58.2674 -64.1673 -65.2331 -65.5149 -65.4317 -64.2233 -64.0431 -63.8552 -63.7430 -63.7170 -63.6966 -64.3860 -64.3064 -63.4476 -64.8395 -66.5428 -67.2569 -67.7027 -67.8456 -67.9706 -69.4672 -69.0905 -70.5441 0.0000 -62.8391 -62.7985 -56.2743 -56.2190 -56.1615 -56.1188 -56.3092 -56.2656 -56.2209 -56.1149 -56.1281 -56.0783 -56.2530 -56.1952 -56.1298
-62.9872 -58.2322 -58.2061 -58.4072 -58.3915 -58.0914 -58.0036 -64.0090 -62.7901 -63.5304 -63.5203 -63.4557 -63.3638 -62.5649 -63.5468 -63.6582 -65.3375 -67.8395 -68.3243 -68.4461 -68.6985 -68.8176 -69.1867 -69.6951 0.0000 -62.8828 -62.8477 -61.5515 -61.5205 -61.5263 -61.5188 -62.4135 -56.2606 -56.2124 -56.1039 -56.1166 -56.2234 -56.2100 -56.1433 -56.0799
-64.2015 -64.2718 -64.3424 -65.4434 -65.5474 -64.3277 -64.1589 -57.8894 -57.8087 -57.6944 -57.6425 -57.5719 -57.5005 -62.6514 -63.6620 -64.6293 -64.8805 -65.0202 -65.1167 -65.0021 -64.9114 -64.7462 -65.3083 -68.7688 0.0000 0.0000 -62.9028 -61.6122 -61.5795 -61.5881 -61.5815 -62.4690 -62.4973 -62.5240 -62.2853 -62.5719 -63.3028 -56.2165 -56.1036 -56.0410
-64.2836 -64.3527 -65.3812 -65.4906 -64.4676 -64.3056 -64.1376 -63.9392 -63.6450 -63.6313 -63.5776 -63.4742 -63.6506 -57.5023 -57.4760 -57.6419 -57.6236 -57.5871 -57.5380 -64.9310 -64.8424 -64.8078 -64.5281 -64.5569 -64.8666 -62.8732 -61.6124 -61.5803 -61.5436 -61.5612 -61.6669 -62.5418 -62.5655 -62.3569 -62.5927 -62.6105 -63.2686 -63.3607 -63.3232 -63.3054
-64.3524 -64.4158 -65.4196 -65.3138 -64.4243 -64.2694 -64.1089 -62.9775 -63.6968 -63.6742 -63.5898 -63.4982 -62.7677 -63.7728 -63.8265 -64.8528 -64.9426 -65.0009 -64.9840 -64.8745 -57.3874 -57.2952 -57.1965 -57.1560 -57.1126 -62.8962 -61.6487 -61.6164 -61.6199 -61.6089 -62.4571 -62.4665 -62.4894 -62.2796 -62.5303 -62.5591 -63.2390 -63.3315 -63.2971 -63.2758
-64.4158 -64.6085 -65.4438 -64.5302 -64.3826 -64.2301 -64.0690 -63.7286 -63.7181 -63.6798 -63.5938 -63.7716 -63.7705 -63.8556 -64.8043 -64.8977 -64.9606 -64.9959 -64.9435 -64.9534 -64.8712 -64.6452 -64.0149 -64.5586 -64.0899 -62.9319 -56.3155 -56.2572 -56.2099 -56.1539 -56.3233 -62.5140 -62.3317 -62.5493 -62.5645 -62.5777 -63.0472 -63.1446 -63.1228 -63.1013
-64.4734 -65.4032 -64.6312 -64.4901 -64.3447 -64.1828 -63.0499 -63.7605 -63.7474 -63.6781 -63.6037 -62.8737 -63.8677 -63.9066 -64.8335 -64.8994 -64.9446 -64.9673 -64.9042 -64.9149 -64.8073 -64.6071 -64.0506 -64.4173 -63.0242 -61.7838 -61.7489 -61.7043 -61.7169 -61.7280 -62.5514 -62.5670 -56.1680 -56.1652 -56.1124 -56.0591 -56.0864 -63.1150 -63.0983 -63.0667
-64.5269 -65.2566 -64.5929 -64.4391 -64.2971 -64.1510 -63.8063 -63.7930 -63.7752 -63.6908 -63.8653 -63.8476 -63.9191 -63.9535 -64.8470 -64.8913 -64.9192 -64.9302 -64.9181 -64.8361 -64.7341 -64.5693 -64.0740 -64.1984 -63.0435 -61.8235 -61.7934 -61.7958 -61.7799 -62.6005 -62.6138 -62.6260 -62.4218 -62.6455 -62.6524 -63.0888 -62.9977 -63.1052 -55.9627 -55.8975
-65.4781 -64.6772 -64.5446 -64.4084 -64.2685 -63.1448 -63.8502 -63.8354 -63.7773 -63.6932 -62.9616 -63.9363 -63.9668 -64.8086 -64.8525 -64.8667 -64.8794 -64.9528 -64.8624 -64.7846 -64.6753 -64.5489 -64.0122 -63.6759 -63.0593 -61.8548 -61.8249 -61.8343 -61.8247 -62.6499 -62.6667 -62.4940 -62.6967 -62.7024 -62.7056 -63.0837 -63.0001 -63.1143 -63.0848 -62.8649
-65.2610 -64.6467 -64.5156 -64.3812 -64.2557 -63.8983 -63.8832 -63.8633 -63.7798 -63.9499 -63.9251 -63.9839 -64.0098 -64.8134 -64.8394 -64.8535 -64.9250 -64.9009 -64.8154 -64.7446 -64.6139 -64.4908 -64.2279 -63.1153 -61.9171 -61.8857 -61.8558 -61.8699 -61.8600 -62.6808 -62.6941 -62.5118 -62.7169 -62.7262 -62.7336 -63.0678 -63.0014 -63.1306 -63.1018 -62.5381
-64.7465 -64.6199 -64.4905 -64.3702 -64.2139 -63.9323 -63.9151 -63.8664 -63.7833 -63.0614 -63.9486 -64.0180 -64.7972 -64.8228 -64.8365 -64.8417 -64.8961 -64.8561 -64.7575 -64.6918 -64.5450 -64.3847 -64.1099 -63.1312 -61.9479 -61.9163 -61.9196 -61.9048 -62.6977 -62.7088 -62.5501 -62.7281 -62.7358 -62.7419 -62.7463 -63.0343 -62.9762 -63.1101 -62.8893 -62.5261
-64.7228 -64.6096 -64.4817 -64.3508 -63.0992 -63.9661 -63.9470 -63.8610 -64.0257 -63.1360 -64.0418 -64.0611 -64.8166 -64.8284 -64.8338 -64.8652 -64.8482 -64.7983 -64.7262 -64.6134 -64.4845 -64.2793 -63.7163 -63.1463 -61.9777 -61.9455 -61.9516 -61.9375 -62.7261 -62.7343 -62.5667 -62.7475 -62.7522 -62.7552 -62.7588 -63.0054 -62.9558 -63.0938 -62.8757 -62.5117
-64.7152 -64.5911 -64.4641 -64.1005 -64.0189 -63.9897 -63.9482 -63.8651 -63.1423 -64.0269 -64.0854 -64.1012 -64.8283 -64.8125 -64.8619 -64.8484 -64.8239 -64.7697 -64.6948 -64.5497 -64.4131 -64.1898 -63.2021 -62.0404 -62.0053 -56.2315 -61.9831 -61.9686 -62.7519 -62.6056 -62.5812 -62.7643 -62.7659 -62.7659 -63.0492 -62.9802 -62.9389 -63.0854 -62.6000 -62.4863
-64.7000 -64.5769 -64.4416 -63.1979 -64.0449 -64.0229 -63.9551 -64.1154 -63.2147 -64.1165 -64.1295 -64.8167 -64.8204 -64.8678 -64.8558 -64.8348 -64.8043 -64.7451 -64.6305 -64.5029 -64.3330 -63.8075 -63.2169 -62.0679 -62.0340 -62.0341 -62.0154 -62.7743 -62.7775 -62.6224 -62.7812 -62.7812 -62.7810 -62.7780 -63.0219 -62.9682 -62.9337 -62.8712 -62.5759 -62.4633
-58.1961 -58.1201 -64.2062 -64.1055 -64.0830 -64.0489 -63.9659 -63.2511 -64.0997 -64.1486 -64.1588 -64.8410 -64.8364 -64.8726 -64.8536 -64.8261 -64.7924 -64.7227 -64.5815 -64.4587 -64.2661 -63.7759 -63.2342 -62.0986 -62.0643 -62.0671 -62.0489 -62.8034 -62.8039 -62.6414 -62.8028 -62.7999 -62.8021 -62.7963 -63.0087 -62.9534 -62.9244 -62.8605 -62.5546 -62.4428
-58.1825 -58.1068 -57.9743 -57.9161 -57.8622 -57.7997 -57.7835 -57.5171 -57.6815 -57.6329 -57.7197 -64.8671 -64.9004 -64.8821 -64.8569 -64.8253 -64.7852 -64.6769 -64.5494 -64.4024 -64.2134 -63.3000 -62.1688 -62.1319 -56.4294 -62.1032 -62.0843 -62.8354 -62.6905 -62.8298 -62.8319 -62.8255 -62.8183 -62.8097 -62.9942 -62.9447 -62.8843 -62.6459 -62.5367 -62.4257
-64.7939 -58.1531 -57.7491 -57.9141 -57.8557 -57.7878 -57.5669 -57.7218 -57.6809 -57.6316 -57.7127 -57.6660 -57.6094 -57.5513 -57.4915 -57.4307 -57.3678 -57.2880 -57.2119 -57.1246 -56.9772 -63.3270 -62.2049 -62.1688 -62.1665 -62.1438 -62.1436 -62.8700 -62.7226 -62.8651 -62.8571 -62.8485 -62.8384 -62.8286 -62.9875 -62.9434 -62.8822 -62.6325 -62.5236 -62.4133
-64.8102 -64.4368 -64.3663 -64.3408 -64.2882 -64.4477 -63.5205 -64.4261 -64.4303 -64.4346 -65.1308 -65.1139 -57.6233 -57.5403 -57.4798 -57.4182 -57.3487 -57.2707 -57.1913 -57.1044 -56.9619 -56.7970 -56.4756 -56.4151 -56.3638 -56.3076 -56.4299 -56.3445 -56.2823 -56.2589 -62.8888 -62.8773 -62.8644 -62.8518 -62.9908 -62.9511 -62.7344 -62.6263 -62.5176 -62.4076
-58.0901 -57.8011 -57.9601 -57.9056 -57.8622 -64.5063 -64.4785 -64.5144 -64.5152 -65.2080 -65.1908 -65.1664 -65.1369 -65.1018 -65.0635 -65.0188 -64.9021 -64.7840 -64.6265 -64.4556 -63.5613 -62.4235 -56.5603 -56.4224 -56.3638 -56.3060 -56.4256 -56.3383 -56.3109 -56.2525 -56.1936 -56.1339 -56.0735 -56.0490 -55.9792 -55.9085 -55.8077 -55.7266 -55.6449 -55.5631
-58.0787 -58.0119 -57.9577 -57.8991 -57.8846 -57.6226 -57.7689 -57.7277 -57.6768 -57.7533 -57.6965 -57.6382 -57.5787 -57.5185 -57.4568 -57.3921 -57.4343 -64.8186 -64.6557 -64.1977 -63.6335 -62.4994 -62.4588 -62.4528 -62.4259 -62.4014 -63.1462 -62.9878 -63.1213 -63.1073 -63.0924 -63.0764 -63.0597 -56.0370 -55.9680 -55.8971 -55.7941 -55.7130 -55.6313 -55.5997
-57.8546 -58.0078 -57.9533 -57.8896 -57.8760 -57.8194 -57.7757 -57.7248 -57.6735 -57.7449 -57.6871 -57.6282 -57.5682 -57.5074 -57.4455 -57.3753 -57.3000 -57.2201 -57.1368 -57.0028 -56.8429 -56.5319 -56.4710 -56.4189 -56.3605 -56.4740 -56.3892 -56.4046 -63.2246 -63.2085 -63.1907 -63.1710 -63.1495 -63.2811 -63.2199 -63.0341 -62.9211 -62.8073 -62.6932 -62.5914
-58.0573 -58.0029 -57.9461 -57.9305 -57.6710 -57.8141 -57.7716 -57.7201 -57.7912 -57.7339 -57.6754 -57.6156 -57.5558 -57.4943 -57.4321 -57.3572 -57.2837 -57.2027 -57.0667 -56.8990 -56.5900 -56.5290 -56.4757 -56.4167 -56.3584 -56.4695 -56.3831 -56.3530 -56.2938 -56.2338 -56.1732 -56.1119 -56.0499 -56.0140 -55.9440 -55.8484 -55.7681 -55.6803 -55.6483 -62.7005
-58.0522 -57.9974 -57.9356 -57.9208 -57.6868 -57.8184 -57.7668 -57.7149 -57.7809 -57.7227 -57.6635 -57.6037 -57.5426 -57.4807 -57.4162 -57.3415 -57.2641 -57.1834 -57.0508 -56.8897 -56.5852 -56.5241 -56.4708 -56.4122 -56.3536 -56.4373 -56.3746 -56.3451 -56.2855 -56.2253 -56.1644 -56.1028 -56.0409 -56.0023 -55.9323 -55.8279 -55.7481 -55.6677 -55.5966 -55.5137
-58.0471 -57.9919 -57.9753 -57.7207 -57.8578 -57.8139 -57.7618 -57.8279 -57.7701 -57.7111 -57.6513 -57.5909 -57.5305 -57.4682 -57.3981 -57.3240 -57.2449 -57.1645 -57.0352 -56.8802 -56.5800 -56.5187 -56.4660 -56.4072 -56.5126 -56.4284 -56.3956 -56.3361 -56.2761 -56.2153 -56.1539 -56.0919 -56.0295 -55.9810 -55.8913 -55.8122 -55.7325 -55.6524 -55.5802 -55.4987
-64.8278 -64.7782 -64.9466 -57.7265 -57.8624 -57.8102 -57.7575 -57.8182 -57.7598 -57.7012 -57.6411 -57.5798 -57.5177 -57.4551 -57.3813 -57.3055 -57.2265 -57.0963 -56.9346 -56.6357 -56.5744 -56.5205 -56.4610 -56.4021 -56.5049 -56.4193 -56.3868 -56.3268 -56.2662 -56.2049 -56.1431 -56.0732 -56.0358 -55.9668 -55.8755 -55.7964 -55.7169 -55.6837 -55.5644 -55.4831
-65.9557 0.0000 0.0000 0.0000 -57.8588 -57.8060 -57.7529 -57.8102 -57.7506 -57.6907 -57.6301 -57.5684 -57.5060 -57.4397 -57.3664 -57.2889 -57.2102 -57.0827 -56.9264 -56.6318 -56.5702 -56.5164 -56.4570 -56.3977 -56.4743 -56.4386 -56.3786 -56.3181 -56.2569 -56.1950 -56.1253 -56.0623 -56.0222 -55.9394 -55.8599 -55.7809 -55.7014 -55.6293 -55.5487 -55.3437
-67.4975 0.0000 0.0000 0.0000 0.0000 -57.8022 -57.8589 -57.8001 -57.7403 -57.6800 -57.6187 -57.5566 -57.4941 -57.4241 -57.3497 -57.2723 -57.1938 -57.0690 -56.9181 -56.6277 -56.5661 -56.5126 -56.4531 -56.3979 -56.4668 -56.4316 -56.3712 -56.3102 -56.2413 -56.1792 -56.1165 -56.0531 -56.0108 -55.9248 -55.8462 -55.7672 -55.6876 -55.6152 -55.5346 -55.4547
-71.3893 -76.2974 0.0000 0.0000 0.0000 -57.7967 -57.8487 -57.7895 -57.7295 -57.6685 -57.6069 -57.5445 -57.4816 -57.4089 -57.3329 -57.2557 -57.1301 -56.9735 -56.6843 -56.6227 -56.5683 -56.5083 -56.4487 -56.5222 -56.4588 -56.4240 -56.3558 -56.2946 -56.2327 -56.1702 -56.1071 -56.0436 -55.9993 -55.9111 -55.8326 -55.7536 -55.6821 -55.6016 -55.5221 -55.4443
-70.2478 -72.6592 0.0000 -66.6176 -66.5580 -65.4361 -65.4019 -65.3633 -65.3243 -65.2812 -65.2357 -65.1885 -65.1198 -65.0102 -64.8920 -64.7688 -64.3949 -63.8985 -62.8509 -62.8103 -62.8016 -62.7715 -62.7429 -63.3048 -63.3569 -63.3360 -56.3474 -56.2858 -56.2235 -56.1606 -56.0971 -56.0333 -55.9750 -55.8970 -55.8186 -55.7397 -55.6687 -55.5887 -55.5083 -55.4324
-66.3076 -66.4299 -66.6431 -66.5831 -66.2186 -65.5193 -65.4855 -65.4481 -65.4067 -65.3632 -65.3174 -65.2710 -65.1846 -65.0707 -64.9516 -64.5652 -64.4640 -63.9816 -62.9347 -62.9227 -62.8884 -62.8589 -62.8172 -63.3555 -63.4481 -63.4255 -63.4019 -63.3769 -63.3508 -63.3232 -63.2943 -63.2655 -63.2510 -63.1526 -63.0591 -62.9613 -62.8960 -62.7936 -62.1114 -62.6215
-66.1117 -66.3072 -66.4894 -66.3025 -65.0554 -65.5556 -65.5242 -65.4906 -65.4533 -65.4142 -65.3735 -65.3284 -65.2309 -65.1211 -65.0089 -64.6363 -64.1227 -63.0649 -63.0295 -63.0201 -62.9626 -62.9307 -63.5014 -63.5855 -63.5657 -63.5450 -63.5233 -63.5005 -63.4765 -63.4570 -63.4307 -63.9299 -63.3768 -63.2873 -63.1915 -63.1334 -63.0350 -62.9361 -62.2568 -62.7811
-66.0142 -66.2055 -66.1795 -66.0580 -65.5715 -65.5396 -65.5056 -65.4680 -65.4287 -65.3873 -65.3454 -65.2822 -65.1771 -65.0707 -64.9599 -64.6013 -64.1123 -63.0713 -63.0351 -62.9999 -62.9743 -62.9504 -63.5144 -63.6064 -63.5901 -63.5731 -63.5555 -63.5369 -63.5175 -63.4972 -63.4760 -63.5072 -63.4235 -63.3355 -63.2472 -63.1961 -63.1056 -63.0149 -62.9380 -62.8858
-65.9625 -66.0072 -66.0773 -65.7103 -65.5546 -65.5205 -65.4844 -65.4449 -65.4033 -65.3606 -65.3182 -65.2349 -65.1295 -65.0221 -64.6585 -64.5671 -64.1013 -63.0456 -57.5609 -63.0068 -62.9810 -62.8751 -63.5066 -63.6004 -63.5821 -63.5630 -63.5432 -63.5225 -63.5010 -63.4844 -63.4628 -63.4707 -63.3835 -63.2956 -63.2095 -63.1549 -63.0647 -62.9743 -62.9060 -62.8527
