-71.7683
-71.7205
-71.6725
-71.6240
-71.8267
-71.7758
-71.7538
-71.6899
-71.6507
-71.6112
-71.5721
-71.5159
-71.4582
-71.4016
-71.3452
-70.9997
-71.2309
-71.1744
-71.1164
-71.0576
-70.9989
-70.9386
-70.8786
-70.8366
-70.7980
-70.7546
-70.7085
-70.6630
-70.6168
-70.5658
-70.5138
-70.4636
-70.4144
-70.3672
-70.3159
-70.2616
-70.2199
-70.1669
-70.1429
-70.0663
-71.6949
-71.6495
-71.6006
-71.7753
-71.7511
-71.7128
-71.6512
-71.6107
-71.5701
-71.5388
-71.4821
-71.4199
-71.3673
-71.3103
-71.2534
-70.9176
-71.1389
-71.0806
-71.0217
-70.9625
-70.9020
-70.8414
-70.7869
-70.7472
-70.7072
-70.6601
-70.6142
-70.5691
-70.5222
-70.4707
-70.4206
-70.3722
-62.4486
-62.3993
-62.3487
-62.2998
-62.2488
-62.1978
-62.1510
-62.0950
-71.6436
-71.5984
-71.5335
-71.7346
-71.6968
-71.6587
-71.5977
-71.5583
-71.5187
-71.4817
-71.4273
-71.3730
-71.3176
-63.3534
-63.2608
-63.2132
-63.2108
-63.1627
-63.1142
-63.0654
-63.0165
-62.9673
-62.9202
-62.8739
-62.8268
-62.7790
-62.7312
-62.6833
-62.6344
-62.5849
-62.5354
-62.4859
-62.4366
-62.3869
-62.3361
-62.2871
-62.2362
-62.1850
-62.1341
-62.0823
-63.8873
-63.8433
-63.8366
-63.7940
-63.7512
-63.7045
-63.6613
-63.6177
-63.5736
-63.5293
-63.4827
-63.4360
-63.3888
-63.3417
-63.2494
-63.2467
-63.1990
-63.1507
-63.1022
-63.0535
-63.0046
-62.9128
-62.9096
-62.8632
-62.8157
-62.7681
-62.7204
-62.6724
-62.6232
-62.5738
-62.5245
-62.4752
-62.4259
-62.3759
-62.3251
-62.2761
-62.2248
-62.1735
-62.1226
-62.0706
-63.8775
-63.8329
-63.8265
-63.7839
-63.7411
-63.6945
-63.6503
-63.6076
-63.5645
-63.5182
-63.4717
-63.4249
-63.3780
-63.2868
-63.2394
-63.2360
-63.1881
-63.1398
-63.0913
-63.0426
-62.9938
-62.9461
-62.8998
-62.8530
-62.8054
-62.7578
-62.7100
-62.6618
-62.6124
-62.5631
-62.5138
-62.4645
-62.4152
-62.3647
-62.3139
-62.2645
-62.2132
-62.1621
-62.1349
-70.0403
-63.8674
-63.8597
-63.8172
-63.7745
-63.7281
-63.6850
-63.6416
-63.5979
-63.5539
-63.5076
-63.4611
-63.4142
-63.3673
-63.2763
-63.2727
-63.2249
-63.1770
-63.1287
-63.0802
-63.0315
-62.9827
-62.9361
-62.8897
-62.8425
-62.9177
-70.6848
-70.6511
-70.6123
-70.5735
-70.5364
-70.5012
-70.4688
-70.4370
-70.3990
-70.3729
-70.3366
-70.3028
-70.2732
-70.2406
-70.2134
-63.8576
-63.8502
-63.8076
-63.7640
-63.7184
-63.6753
-63.6318
-63.5891
-63.5430
-63.5213
-71.4384
-71.4125
-71.1322
-71.1273
-71.4093
-71.4385
-71.4928
-71.5822
-71.7259
-71.9622
-72.3792
-73.1866
-73.3838
-73.6190
-74.0166
-74.7539
-76.2943
-78.5325
-70.6436
-70.6162
-70.5860
-70.5520
-70.5983
-73.1244
-73.5263
-74.2776
-75.9029
-79.0489
-71.9199
-71.9053
-71.8939
-71.8649
-71.8586
-71.8583
-71.8613
-71.8695
-71.8692
-71.8759
-71.8915
-71.9164
-71.6530
-72.0099
-72.0875
-72.1965
-72.3454
-72.5528
-72.8476
-73.2779
-73.9462
-74.1318
-74.4236
-74.8343
-75.4466
-76.3560
-77.8156
-78.8251
-73.1938
-73.3105
-73.4567
-73.6570
-73.9658
-74.3821
-75.0194
-75.9798
-77.5265
-80.0077
-72.1796
-72.1869
-72.1918
-72.1779
-72.1917
-72.2098
-72.2428
-72.2588
-72.2831
-72.3173
-72.3635
-72.0969
-72.1644
-72.6008
-72.7309
-72.9001
-73.1186
-73.4061
-73.7884
-73.7825
-74.6293
-74.9189
-75.2881
-75.7711
-76.4090
-77.3739
-78.3462
-80.4760
-73.6738
-73.8067
-73.9806
-74.1880
-74.4902
-74.8672
-75.3610
-76.0410
-76.7145
-78.0318
-80.0754
-72.4435
-72.4154
-72.3656
-72.3364
-72.3098
-72.2824
-72.2576
-72.2158
-72.1745
-72.1338
-72.0914
-71.7516
-72.0122
-71.9747
-71.9383
-71.9093
-71.9211
-71.9541
-74.5444
-74.8774
-74.8604
-74.8372
-74.8065
-74.7782
-74.8226
-74.8081
-74.7690
-75.7164
-75.6882
-74.1916
-74.3655
-74.4778
-74.4295
-74.4172
-74.3866
-74.3989
-74.3711
-74.3368
-74.3090
-71.2663
-72.4058
-72.3774
-72.3267
-72.2980
-72.2711
-72.2537
-72.2114
-72.1696
-72.1278
-72.0856
-71.7520
-71.7103
-71.9546
-71.9012
-71.8474
-71.7942
-71.7404
-71.6886
-71.6374
-71.5999
-71.5658
-71.5275
-71.4886
-71.4781
-71.4447
-71.4060
-71.3991
-71.6593
-71.5569
-71.1894
-71.1474
-71.1049
-71.0638
-71.0274
-71.0057
-70.8378
-70.8206
-70.7804
-70.7727
-70.8926
-72.3657
-72.3364
-72.2857
-72.2565
-72.2290
-72.2044
-72.1617
-72.1183
-72.0753
-72.0266
-71.6861
-71.9190
-71.8647
-71.8103
-71.7552
-71.7032
-71.6488
-71.5950
-71.5477
-71.5106
-71.4738
-71.4323
-71.4146
-71.3778
-71.3402
-71.2635
-71.2917
-71.4819
-71.3224
-71.0783
-71.0342
-70.9062
-70.8893
-70.8453
-70.7982
-70.7531
-70.7039
-70.6582
-70.6269
-70.7374
-72.3244
-72.2738
-72.2636
-72.2964
-72.2792
-74.2059
-74.1765
-74.1497
-74.1248
-73.6568
-73.6316
-74.0650
-74.0529
-74.0479
-74.0482
-74.0551
-74.0714
-74.0777
-74.1189
-74.1912
-74.2906
-74.4751
-74.7132
-75.0840
-75.7440
-77.1484
-70.9430
-70.9054
-70.8595
-70.8287
-70.7896
-70.7387
-70.6635
-70.7615
-70.8992
-74.3063
-75.3318
-77.5148
-74.5260
-74.4898
-74.4888
-74.4922
-74.5050
-74.4857
-74.4692
-74.4566
-74.4473
-73.9596
-73.9597
-74.4446
-74.4564
-74.4764
-74.5077
-74.5503
-74.6088
-74.1448
-74.8001
-74.9570
-75.1941
-75.4696
-75.8226
-76.3915
-77.2683
-78.7986
-73.6326
-73.6716
-73.7535
-73.8117
-73.9160
-74.0328
-74.4240
-74.7128
-75.1293
-75.8380
-77.2049
-81.7289
-74.4764
-74.4670
-74.4593
-74.4734
-74.4466
-74.4183
-74.3921
-74.3673
-73.8872
-73.8590
-74.3005
-74.2830
-74.2683
-74.2558
-74.2496
-74.2275
-74.2479
-74.2877
-75.4152
-75.6637
-75.9001
-76.2420
-76.7067
-77.4309
-78.1946
-79.3026
-73.7738
-73.8603
-73.9222
-74.2730
-74.4287
-74.6241
-74.7939
-75.2557
-75.8460
-76.9580
-78.9958
-81.6153
-74.3531
-74.3384
-74.3230
-74.3223
-74.2869
-74.2530
-74.2207
-74.1898
-73.7184
-73.6880
-74.0944
-74.0660
-74.0367
-73.9940
-73.9555
-73.9174
-73.8810
-73.8688
-73.8857
-73.8624
-73.8637
-73.8804
-73.9256
-73.9499
-73.9843
-74.4768
-73.5934
-73.6167
-73.6387
-73.6994
-73.7625
-73.7822
-73.9837
-74.2316
-74.7133
-75.5596
-77.5236
-81.5077
-74.2262
-74.2039
-74.1848
-74.1665
-74.1253
-74.0842
-74.0424
-73.5882
-73.5448
-73.9174
-73.8697
-73.8149
-73.7595
-73.7049
-73.6482
-73.5947
-73.5501
-73.5255
-73.4965
-73.4722
-73.4546
-73.4217
-73.3910
-73.3543
-73.3729
-73.5511
-73.7743
-73.1518
-73.1125
-73.0661
-73.0137
-72.9525
-72.9043
-70.2574
-70.2246
-70.1847
-70.1567
-70.1061
-70.1072
-70.1339
-74.0935
-74.0664
-74.0541
-74.0067
-73.9586
-73.9096
-73.8605
-73.4199
-73.3571
-73.6830
-73.6186
-73.5532
-73.4825
-73.4162
-73.3474
-73.2793
-73.2320
-73.1764
-73.1280
-73.0728
-73.0045
-72.9318
-72.8503
-72.7495
-70.7607
-70.8317
-70.8677
-70.5540
-70.4964
-70.4344
-70.3592
-70.3077
-70.2484
-72.4618
-72.6824
-72.9434
-73.4401
-74.4189
-76.3241
-73.9564
-73.9224
-73.8947
-73.8402
-73.7853
-73.7234
-73.6547
-73.2127
-73.5119
-73.4391
-73.3614
-73.2848
-73.2055
-73.1257
-71.1566
-70.8727
-71.0624
-71.0179
-70.9663
-70.9159
-70.8666
-70.8184
-70.7657
-70.7117
-70.7053
-75.1337
-77.1039
-72.8105
-72.8674
-72.9546
-73.0760
-73.2051
-73.4517
-73.8191
-74.2829
-75.0566
-76.3565
-78.7141
-73.8150
-73.7888
-73.7307
-73.6597
-71.6695
-71.6122
-71.3242
-71.2660
-71.4359
-71.3778
-71.3194
-71.2606
-71.2047
-71.1474
-71.1009
-71.0489
-73.4138
-73.4838
-73.5747
-73.6985
-73.8659
-74.0912
-74.3890
-74.8932
-75.9199
-77.1000
-79.9660
-73.4407
-73.5391
-73.7868
-74.0072
-74.3602
-74.7092
-75.0299
-75.4509
-76.4298
-78.7527
-71.8159
-71.7766
-71.7204
-71.6643
-71.6078
-71.5514
-71.2659
-71.4368
-73.6418
-73.6407
-73.6493
-73.6598
-73.6791
-73.7281
-73.7709
-73.8463
-73.9409
-74.0533
-74.1975
-74.3828
-74.6216
-74.9214
-75.3104
-75.9055
-77.1407
-78.2646
-73.7077
-73.6794
-73.6272
-73.5802
-73.5913
-73.5587
-73.5810
-73.5523
-73.6322
-73.5989
-70.4657
-73.9986
-73.9861
-73.9715
-73.9593
-73.9470
-73.5599
-73.5525
-73.9422
-73.9525
-73.9665
-73.9916
-74.0214
-74.0765
-74.1280
-74.2061
-74.3098
-74.4351
-74.5841
-74.7694
-74.9993
-75.2780
-75.6146
-76.0772
-76.7216
-77.9681
-80.1889
-73.1719
-73.1292
-73.0587
-72.8932
-72.7390
-72.5944
-70.4408
-70.4437
-70.4191
-70.4458
-70.5071
-70.5043
-74.2251
-74.2176
-74.2079
-74.2043
-74.2044
-73.8040
-74.2220
-74.2366
-74.2555
-74.2831
-74.3185
-74.3775
-74.4335
-74.5096
-74.6110
-74.7400
-74.8881
-75.0654
-75.2796
-75.5340
-75.8480
-75.8455
-75.9006
-73.5912
-73.4553
-73.3211
-73.5222
-73.1855
-70.6919
-70.6809
-70.6570
-70.6063
-70.5989
-70.5753
-70.5770
-70.5525
-70.5796
-70.5542
-70.8053
-70.8593
-74.4419
-74.4416
-74.4425
-74.4473
-74.0442
-74.0505
-74.4938
-74.5171
-74.5489
-74.5891
-74.6485
-74.7048
-74.7816
-74.3699
-74.9981
-73.6326
-73.5238
-73.4551
-73.3838
-73.3099
-73.2266
-73.1580
-73.0722
-71.1008
-71.0677
-71.0405
-71.1005
-71.0038
-70.8090
-70.7842
-70.7389
-70.7093
-70.7082
-70.6830
-70.8869
-70.8745
-70.9168
-70.8755
-70.9675
-71.0249
-74.6580
-74.6643
-74.6767
-74.6895
-74.2668
-74.2860
-74.7574
-73.9976
-73.9235
-73.8131
-73.7330
-73.6521
-73.5760
-73.5025
-73.4347
-73.3614
-73.2838
-73.2035
-71.1906
-71.1600
-71.1296
-71.1035
-71.0979
-71.1843
-71.1534
-71.1338
-71.1647
-70.9399
-70.9150
-71.0740
-71.0336
-71.0137
-71.0231
-71.0094
-71.0264
-71.0157
-71.0330
-71.0227
-71.1019
-71.0514
-74.3465
-74.2352
-74.1642
-73.7181
-73.6449
-73.9440
-73.8675
-73.7964
-73.7139
-73.6293
-73.5441
-73.4603
-71.2049
-71.4074
-71.3815
-71.3553
-71.3306
-71.3032
-71.2753
-71.2480
-71.2168
-71.2147
-73.6341
-74.8847
-76.6953
-71.2289
-71.2152
-71.2051
-71.1641
-71.1290
-71.1055
-71.0855
-71.0375
-70.9613
-70.9703
-70.9505
-71.0012
-70.9408
-74.1614
-74.0883
-74.0138
-73.5759
-73.5036
-73.7812
-73.7068
-71.6883
-71.6510
-71.6131
-71.5773
-71.5430
-71.5146
-71.4912
-71.4676
-71.4414
-71.4139
-71.4090
-73.6888
-73.9089
-74.2433
-74.7066
-75.6788
-76.6825
-78.7111
-71.2654
-71.2197
-71.1491
-71.0933
-71.0664
-71.0162
-70.9939
-70.9188
-70.8725
-70.9021
-70.8551
-70.9947
-70.9189
-74.0185
-73.9420
-71.7137
-71.6762
-71.8677
-71.8354
-71.7976
-71.7610
-71.7247
-71.6894
-71.6554
-71.6249
-71.5993
-73.8328
-73.9799
-73.9495
-73.9203
-73.8937
-73.8699
-73.8427
-73.8645
-73.8322
-74.0031
-74.0403
-74.0109
-71.8210
-71.5956
-71.1903
-71.1373
-71.0653
-71.0082
-70.9810
-70.9292
-70.8781
-70.8300
-70.9381
-70.8871
-70.8347
-70.8662
-70.7953
-72.0807
-72.0456
-71.7810
-71.7472
-71.9436
-71.9075
-71.8709
-71.8358
-71.9992
-71.9503
-72.0093
-71.7156
-71.9272
-71.8862
-71.8434
-71.8009
-71.7597
-71.7160
-71.6639
-71.6273
-71.5793
-71.5295
-71.6262
-71.4520
-71.4318
-71.5206
-71.1618
-71.1093
-71.0380
-70.9829
-70.9249
-70.8943
-70.9178
-70.8652
-70.8356
-70.8314
-70.7780
-70.7232
-70.7188
-70.6738
-72.1484
-71.8857
-71.8496
-72.0928
-72.1521
-72.1047
-72.1553
-72.1042
-72.0543
-72.0052
-71.9581
-71.9136
-71.8722
-71.8284
-71.7772
-71.7243
-71.6710
-71.6161
-71.5593
-71.4207
-71.3841
-71.3637
-71.4370
-71.3881
-71.3447
-71.3881
-71.0833
-71.0297
-70.9560
-70.9682
-70.9105
-70.8492
-70.8205
-70.7885
-70.7339
-70.7257
-70.6699
-70.6127
-70.6028
-70.5542
-72.3023
-72.1192
-72.0686
-72.2569
-72.2052
-72.1538
-72.1016
-72.0506
-72.0006
-71.9503
-71.6584
-71.8475
-71.7965
-71.7416
-71.6867
-71.6313
-71.4845
-71.4351
-71.3847
-71.3616
-71.3198
-71.4100
-71.3614
-71.3115
-71.2638
-71.2392
-71.0748
-71.0154
-70.9378
-70.8745
-70.8112
-70.7550
-70.7459
-70.6899
-70.6333
-70.6210
-70.5631
-70.5036
-70.4895
-70.4367
-72.1219
-72.0703
-72.2547
-72.2027
-72.1509
-72.0993
-72.0473
-71.9914
-71.9325
-71.8734
-71.8173
-71.7657
-71.6180
-71.5675
-71.5177
-71.4677
-71.4177
-71.3694
-71.3389
-71.2992
-71.2794
-71.3351
-71.2860
-71.3020
-71.2491
-71.0464
-70.9854
-70.9074
-70.8429
-70.7568
-70.7198
-70.7079
-70.6504
-70.5926
-70.5340
-70.5180
-70.4578
-70.3961
-70.3774
-70.3194
-72.0751
-72.0215
-72.2003
-72.1467
-72.0898
-72.0318
-71.9734
-71.9130
-71.8499
-71.7043
-71.6538
-71.6060
-71.5545
-71.5035
-71.4543
-71.4037
-71.3549
-71.3070
-71.2742
-71.2575
-71.2883
-71.3233
-71.2695
-71.2167
-71.1598
-70.9568
-70.8972
-70.8189
-70.7281
-70.6686
-70.6503
-70.6153
-70.5563
-70.4967
-70.4782
-70.4171
-70.3541
-70.2616
-70.2668
-70.2051
-72.0201
-72.1905
-72.1333
-72.0759
-72.0184
-71.8672
-71.8102
-71.7537
-71.6976
-71.4231
-71.5945
-71.5449
-71.4931
-71.4419
-71.3907
-71.3414
-71.2939
-71.3221
-71.3107
-71.2469
-71.2949
-71.2409
-71.1840
-71.1299
-71.0716
-70.8711
-70.8110
-70.7068
-70.6425
-70.6217
-70.5616
-70.5246
-70.4642
-70.4030
-70.3811
-70.3174
-70.2523
-70.1617
-70.1605
-70.0962
-71.9576
-72.1192
-71.9762
-71.9219
-71.8654
-71.8073
-71.7502
-71.6932
-71.6384
-71.5855
-71.5362
-71.4835
-71.4317
-71.3799
-71.3867
-71.3364
-71.2872
-71.2694
-71.2231
-71.1729
-71.2151
-71.1590
-71.1009
-71.0453
-70.9657
-70.7900
-70.6864
-70.6208
-70.5790
-70.5365
-70.4981
-70.4369
-70.3752
-70.3120
-70.2869
-70.2222
-70.1566
-71.5415
-71.5022
-71.4595
-71.8182
-71.9762
-71.9207
-71.8641
-71.8080
-71.7495
-71.6920
-71.6347
-71.3676
-71.5272
-71.4763
-71.4775
-71.4236
-71.3713
-71.3206
-71.2706
-71.2362
-71.1966
-71.1517
-71.1012
-71.1369
-71.0784
-71.0205
-70.9626
-70.7718
-70.6851
-70.6071
-70.5635
-70.4986
-70.4553
-70.4158
-70.3769
-71.3529
-71.2929
-71.2788
-71.2144
-71.1467
-71.1197
-71.0502
-70.9730
-71.9772
-71.9218
-71.8650
-71.8078
-71.7502
-71.6913
-71.6334
-71.5763
-71.5739
-71.5203
-71.4660
-71.4115
-71.3587
-71.3074
-71.2568
-71.2069
-71.1840
-71.1477
-71.0823
-71.0449
-71.0469
-71.0011
-70.9438
-70.8838
-70.6708
-70.5957
-70.6001
-71.3404
-71.2752
-71.2309
-71.1888
-71.1185
-71.0455
-70.9693
-70.9330
-70.8488
-70.7301
-70.7031
-70.6047
-70.4945
-71.9233
-71.8664
-71.8091
-71.7515
-71.6922
-71.6845
-71.6245
-71.5660
-71.5106
-71.4564
-71.4021
-71.3490
-71.2972
-71.2460
-71.1956
-71.1575
-71.1167
-71.0682
-71.0156
-71.0471
-70.9880
-70.9996
-71.6204
-71.5254
-71.3158
-71.2519
-71.1742
-71.1007
-71.0453
-70.9924
-70.9124
-70.8292
-70.7421
-70.6908
-70.5935
-70.4908
-70.3544
-70.2996
-70.1773
-70.0450
-71.8691
-71.8118
-71.8031
-71.7431
-71.6818
-71.6215
-71.5618
-71.3018
-71.4494
-71.3959
-71.3423
-71.2902
-71.2387
-71.1878
-71.1492
-71.0954
-71.1473
-71.6423
-71.5842
-71.6174
-71.5494
-77.8727
-71.3846
-71.1968
-71.1254
-71.0300
-70.9457
-70.8629
-70.7972
-70.7328
-70.6420
-70.5472
-70.4480
-70.3811
-70.2728
-70.1647
-61.9463
-61.9037
-61.8525
-61.8003
-71.8618
-71.8024
-71.7426
-71.6821
-71.6209
-71.5608
-71.5015
-71.4455
-71.3922
-71.3392
-71.2869
-71.3490
-71.7408
-73.7908
-73.9006
-74.0911
-74.3834
-74.7912
-75.6409
-77.6302
-77.9443
-81.6777
-71.0153
-70.8998
-70.8133
-70.7224
-70.6325
-70.5587
-70.4865
-70.3919
-62.2429
-62.1433
-62.0984
-62.0478
-61.9934
-61.9418
-61.8992
-61.8496
-61.7975
