-52.7747
-52.8889
-53.0109
-53.1316
-53.2508
-53.3690
-53.4860
-53.6016
-53.7158
-53.8286
-53.9401
-54.0503
-54.1592
-54.2668
-54.3732
-54.4784
-54.5825
-54.6854
-54.7873
-54.8881
-54.7137
-54.8068
-54.8988
-54.9898
-55.0799
-55.1689
-55.2570
-55.3442
-55.4305
-55.5158
-55.6003
-55.6837
-55.7662
-55.8478
-55.9287
-56.0087
-56.0878
-56.1660
-56.2433
-56.3198
-52.7566
-52.8798
-53.0018
-53.1225
-53.2417
-53.3595
-53.4758
-53.5908
-53.7044
-53.8167
-53.9277
-54.0374
-54.1459
-54.2533
-54.3597
-54.4651
-54.5694
-54.6725
-54.7746
-54.8757
-54.7045
-54.7977
-54.8899
-54.9810
-55.0711
-55.1603
-55.2484
-55.3356
-55.4219
-55.5072
-55.5916
-55.6750
-55.7576
-55.8394
-55.9204
-56.0006
-56.0799
-56.1583
-56.2358
-56.3124
-52.7418
-52.8659
-52.9885
-53.1097
-53.2294
-53.3479
-53.4651
-53.5809
-53.6952
-53.8076
-53.9187
-54.0285
-54.1371
-54.2445
-54.3507
-54.4557
-54.5595
-54.6623
-54.7641
-54.8649
-54.6963
-54.7894
-54.8815
-54.9727
-55.0630
-55.1524
-55.2407
-55.3282
-55.4147
-55.5002
-55.5848
-55.6684
-55.7510
-55.8329
-55.9138
-55.9939
-56.0732
-56.1515
-56.2289
-56.3055
-52.7330
-52.8553
-52.9765
-53.0961
-53.2150
-53.3334
-53.4505
-53.5661
-53.6804
-53.7936
-53.9054
-54.0160
-54.1253
-54.2335
-54.3404
-54.4462
-54.5506
-54.6535
-54.7554
-54.8563
-54.6906
-54.7838
-54.8760
-54.9671
-55.0573
-55.1465
-55.2347
-55.3220
-55.4084
-55.4938
-55.5783
-55.6620
-55.7448
-55.8267
-55.9079
-55.9882
-56.0676
-56.1461
-56.2238
-56.3005
-52.7296
-52.8524
-52.9736
-53.0934
-53.2117
-53.3285
-53.4438
-53.5578
-53.6704
-53.7816
-53.8915
-54.0012
-54.1107
-54.2190
-54.3261
-54.4319
-54.5367
-54.6403
-54.7429
-54.8445
-54.6823
-54.7763
-54.8692
-54.9611
-55.0516
-55.1410
-55.2294
-55.3168
-55.4034
-55.4890
-55.5736
-55.6573
-55.7401
-55.8220
-55.9031
-55.9834
-56.0628
-56.1413
-56.2190
-56.2958
-52.7200
-52.8438
-52.9662
-53.0872
-53.2068
-53.3248
-53.4415
-53.5559
-53.6686
-53.7799
-53.8899
-53.9987
-54.1061
-54.2124
-54.3175
-54.4217
-54.5246
-54.6265
-54.7287
-54.8305
-54.6715
-54.7656
-54.8587
-54.9507
-55.0417
-55.1318
-55.2209
-55.3090
-55.3962
-55.4825
-55.5678
-55.6522
-55.7352
-55.8173
-55.8986
-55.9790
-56.0586
-56.1372
-56.2150
-56.2919
-52.7152
-52.8373
-52.9580
-53.0775
-53.1971
-53.3152
-53.4320
-53.5473
-53.6613
-53.7741
-53.8855
-53.9956
-54.1045
-54.2114
-54.3165
-54.4205
-54.5234
-54.6251
-54.7260
-54.8259
-54.6676
-54.7601
-54.8516
-54.9420
-55.0314
-55.1215
-55.2107
-55.2991
-55.3865
-55.4729
-55.5584
-55.6429
-55.7265
-55.8093
-55.8911
-55.9722
-56.0523
-56.1316
-56.2101
-56.2877
-52.7156
-52.8377
-52.9584
-53.0776
-53.1953
-53.3116
-53.4265
-53.5401
-53.6524
-53.7644
-53.8759
-53.9862
-54.0952
-54.2029
-54.3095
-54.4149
-54.5192
-54.6225
-54.7247
-54.8252
-54.6689
-54.7614
-54.8529
-54.9434
-55.0330
-55.1215
-55.2091
-55.2959
-55.3817
-55.4665
-55.5504
-55.6334
-55.7172
-55.8001
-55.8821
-55.9634
-56.0437
-56.1231
-56.2018
-56.2795
-52.7098
-52.8333
-52.9552
-53.0756
-53.1945
-53.3120
-53.4270
-53.5406
-53.6528
-53.7637
-53.8734
-53.9818
-54.0890
-54.1950
-54.3000
-54.4056
-54.5100
-54.6133
-54.7156
-54.8169
-54.6646
-54.7585
-54.8512
-54.9430
-55.0339
-55.1234
-55.2110
-55.2978
-55.3837
-55.4686
-55.5526
-55.6356
-55.7178
-55.7990
-55.8796
-55.9594
-56.0384
-56.1164
-56.1940
-56.2721
-52.7105
-52.8312
-52.9505
-53.0702
-53.1892
-53.3067
-53.4228
-53.5376
-53.6510
-53.7631
-53.8738
-53.9824
-54.0896
-54.1956
-54.3004
-54.4041
-54.5067
-54.6082
-54.7087
-54.8084
-54.6580
-54.7520
-54.8449
-54.9368
-55.0278
-55.1177
-55.2068
-55.2949
-55.3822
-55.4686
-55.5542
-55.6384
-55.7208
-55.8023
-55.8830
-55.9628
-56.0419
-56.1200
-56.1973
-56.2738
-52.7178
-52.8384
-52.9575
-53.0752
-53.1915
-53.3064
-53.4200
-53.5325
-53.6459
-53.7581
-53.8689
-53.9785
-54.0868
-54.1939
-54.2998
-54.4046
-54.5073
-54.6089
-54.7094
-54.8089
-54.6596
-54.7520
-54.8433
-54.9336
-55.0231
-55.1118
-55.2012
-55.2896
-55.3771
-55.4636
-55.5491
-55.6338
-55.7176
-55.8005
-55.8825
-55.9637
-56.0440
-56.1233
-56.2006
-56.2772
-52.7140
-52.8373
-52.9590
-53.0792
-53.1982
-53.3133
-53.4267
-53.5389
-53.6497
-53.7593
-53.8677
-53.9749
-54.0820
-54.1892
-54.2952
-54.4000
-54.5037
-54.6064
-54.7079
-54.5802
-54.6623
-54.7551
-54.8466
-54.9372
-55.0269
-55.1155
-55.2033
-55.2902
-55.3762
-55.4612
-55.5454
-55.6294
-55.7132
-55.7961
-55.8782
-55.9595
-56.0400
-56.1195
-56.1981
-56.2759
-52.7134
-52.8347
-52.9552
-53.0754
-53.1941
-53.3113
-53.4274
-53.5421
-53.6555
-53.7660
-53.8742
-53.9813
-54.0872
-54.1919
-54.2955
-54.3980
-54.4997
-54.6023
-54.7042
-54.5711
-54.6611
-54.7548
-54.8474
-54.9389
-55.0294
-55.1190
-55.2069
-55.2938
-55.3798
-55.4650
-55.5491
-55.6324
-55.7148
-55.7963
-55.8771
-55.9570
-56.0362
-56.1157
-56.1945
-56.2724
-52.7164
-52.8378
-52.9577
-53.0762
-53.1932
-53.3089
-53.4237
-53.5382
-53.6515
-53.7635
-53.8742
-53.9838
-54.0923
-54.1988
-54.3025
-54.4052
-54.5067
-54.6073
-54.7068
-54.5688
-54.6615
-54.7537
-54.8463
-54.9379
-55.0286
-55.1182
-55.2069
-55.2948
-55.3816
-55.4675
-55.5525
-55.6360
-55.7184
-55.7999
-55.8808
-55.9607
-56.0399
-56.1181
-56.1956
-56.2722
-52.7244
-52.8441
-52.9623
-53.0791
-53.1958
-53.3114
-53.4257
-53.5387
-53.6504
-53.7611
-53.8711
-53.9809
-54.0894
-54.1967
-54.3029
-54.4079
-54.5119
-54.6145
-54.7139
-54.5773
-54.6699
-54.7615
-54.8520
-54.9416
-55.0304
-55.1181
-55.2063
-55.2941
-55.3811
-55.4670
-55.5521
-55.6363
-55.7195
-55.8019
-55.8834
-55.9641
-56.0434
-56.1217
-56.1992
-56.2759
-52.7333
-52.8528
-52.9708
-53.0875
-53.2028
-53.3169
-53.4299
-53.5418
-53.6537
-53.7644
-53.8739
-53.9821
-54.0891
-54.1950
-54.3004
-54.4053
-54.5092
-54.6120
-54.7138
-54.5813
-54.6761
-54.7698
-54.8606
-54.9501
-55.0387
-55.1265
-55.2132
-55.2992
-55.3842
-55.4684
-55.5517
-55.6359
-55.7193
-55.8017
-55.8833
-55.9641
-56.0441
-56.1231
-56.2013
-56.2787
-52.7428
-52.8620
-52.9799
-53.0966
-53.2120
-53.3261
-53.4389
-53.5505
-53.6609
-53.7700
-53.8780
-53.9853
-54.0923
-54.1981
-54.3028
-54.4064
-54.5089
-54.6104
-54.7115
-54.5818
-54.6765
-54.7702
-54.8628
-54.9545
-55.0452
-55.1350
-55.2225
-55.3084
-55.3933
-55.4774
-55.5606
-55.6429
-55.7244
-55.8051
-55.8850
-55.9649
-56.0449
-56.1241
-56.2024
-56.2799
-52.7576
-52.8750
-52.9911
-53.1071
-53.2222
-53.3360
-53.4485
-53.5596
-53.6695
-53.7785
-53.8863
-53.9930
-54.0986
-54.2029
-54.3063
-54.4095
-54.5118
-54.6132
-54.7137
-54.5853
-54.6789
-54.7714
-54.8636
-54.9553
-55.0460
-55.1358
-55.2246
-55.3126
-55.3996
-55.4857
-55.5701
-55.6524
-55.7339
-55.8145
-55.8944
-55.9735
-56.0518
-56.1292
-56.2059
-56.2818
-52.7739
-52.8918
-53.0077
-53.1223
-53.2355
-53.3475
-53.4589
-53.5699
-53.6795
-53.7880
-53.8952
-54.0013
-54.1065
-54.2108
-54.3140
-54.4162
-54.5174
-54.6175
-54.7168
-54.5905
-54.6842
-54.7768
-54.8684
-54.9590
-55.0486
-55.1372
-55.2257
-55.3137
-55.4008
-55.4869
-55.5721
-55.6564
-55.7398
-55.8224
-55.9039
-55.9830
-56.0613
-56.1387
-56.2154
-56.2913
-52.7856
-52.9043
-53.0217
-53.1377
-53.2514
-53.3632
-53.4738
-53.5831
-53.6913
-53.7985
-53.9055
-54.0114
-54.1161
-54.2197
-54.3222
-54.4237
-54.5247
-54.6248
-54.7239
-54.5988
-54.6913
-54.7828
-54.8737
-54.9643
-55.0540
-55.1427
-55.2306
-55.3175
-55.4035
-55.4886
-55.5735
-55.6578
-55.7413
-55.8239
-55.9057
-55.9867
-56.0669
-56.1462
-56.2247
-56.3008
-52.7982
-52.9163
-53.0332
-53.1489
-53.2633
-53.3765
-53.4883
-53.5981
-53.7061
-53.8130
-53.9187
-54.0232
-54.1267
-54.2300
-54.3323
-54.4336
-54.5338
-54.6330
-54.7313
-54.6080
-54.7004
-54.7919
-54.8824
-54.9720
-55.0606
-55.1485
-55.2360
-55.3230
-55.4090
-55.4942
-55.5784
-55.6618
-55.7442
-55.8258
-55.9074
-55.9885
-56.0687
-56.1481
-56.2266
-56.3043
-52.8119
-52.9296
-53.0460
-53.1611
-53.2749
-53.3876
-53.4992
-53.6096
-53.7188
-53.8268
-53.9329
-54.0373
-54.1406
-54.2430
-54.3441
-54.4443
-54.5441
-54.6431
-54.7413
-54.6192
-54.7108
-54.8014
-54.8913
-54.9808
-55.0695
-55.1572
-55.2441
-55.3302
-55.4154
-55.4998
-55.5840
-55.6674
-55.7499
-55.8316
-55.9125
-55.9926
-56.0718
-56.1502
-56.2286
-56.3064
-52.8300
-52.9458
-53.0603
-53.1745
-53.2879
-53.4001
-53.5110
-53.6207
-53.7295
-53.8373
-53.9439
-54.0494
-54.1538
-54.2565
-54.3576
-54.4576
-54.5568
-54.6549
-54.7521
-54.6315
-54.7230
-54.8134
-54.9030
-54.9916
-55.0793
-55.1660
-55.2527
-55.3387
-55.4238
-55.5082
-55.5917
-55.6743
-55.7561
-55.8374
-55.9182
-55.9983
-56.0777
-56.1561
-56.2338
-56.3107
-52.8493
-52.9644
-53.0785
-53.1914
-53.3031
-53.4137
-53.5241
-53.6336
-53.7418
-53.8488
-53.9547
-54.0598
-54.1640
-54.2672
-54.3692
-54.4702
-54.5698
-54.6677
-54.7648
-54.6456
-54.7364
-54.8263
-54.9153
-55.0038
-55.0914
-55.1780
-55.2639
-55.3489
-55.4330
-55.5166
-55.5999
-55.6825
-55.7643
-55.8454
-55.9256
-56.0051
-56.0837
-56.1620
-56.2397
-56.3165
-52.8698
-52.9844
-53.0976
-53.2096
-53.3208
-53.4309
-53.5400
-53.6479
-53.7550
-53.8617
-53.9674
-54.0718
-54.1752
-54.2775
-54.3793
-54.4801
-54.5800
-54.6789
-54.7768
-54.6598
-54.7505
-54.8403
-54.9292
-55.0171
-55.1042
-55.1905
-55.2762
-55.3610
-55.4450
-55.5282
-55.6105
-55.6919
-55.7726
-55.8535
-55.9337
-56.0131
-56.0919
-56.1697
-56.2468
-56.3231
-52.8932
-53.0054
-53.1177
-53.2293
-53.3397
-53.4489
-53.5571
-53.6646
-53.7711
-53.8766
-53.9810
-54.0848
-54.1879
-54.2901
-54.3910
-54.4910
-54.5901
-54.6887
-54.7865
-54.6716
-54.7631
-54.8537
-54.9430
-55.0308
-55.1179
-55.2040
-55.2894
-55.3739
-55.4575
-55.5405
-55.6227
-55.7041
-55.7846
-55.8644
-55.9435
-56.0217
-56.0998
-56.1777
-56.2548
-56.3311
-52.9190
-53.0307
-53.1412
-53.2506
-53.3594
-53.4682
-53.5760
-53.6825
-53.7880
-53.8928
-53.9969
-54.0999
-54.2020
-54.3032
-54.4039
-54.5036
-54.6024
-54.7002
-54.7970
-54.6833
-54.7746
-54.8651
-54.9546
-55.0432
-55.1309
-55.2175
-55.3027
-55.3872
-55.4708
-55.5536
-55.6355
-55.7166
-55.7970
-55.8767
-55.9556
-56.0338
-56.1113
-56.1878
-56.2637
-56.3390
-52.9428
-53.0552
-53.1662
-53.2751
-53.3831
-53.4898
-53.5956
-53.7015
-53.8066
-53.9107
-54.0137
-54.1157
-54.2174
-54.3182
-54.4181
-54.5171
-54.6152
-54.7128
-54.8095
-54.6971
-54.7876
-54.8772
-54.9661
-55.0545
-55.1422
-55.2289
-55.3148
-55.3999
-55.4840
-55.5666
-55.6485
-55.7296
-55.8099
-55.8894
-55.9682
-56.0462
-56.1236
-56.2001
-56.2759
-56.3509
-52.9673
-53.0787
-53.1893
-53.2988
-53.4070
-53.5136
-53.6190
-53.7233
-53.8265
-53.9293
-54.0320
-54.1337
-54.2343
-54.3340
-54.4331
-54.5317
-54.6296
-54.7265
-54.8226
-54.7114
-54.8018
-54.8912
-54.9797
-55.0673
-55.1540
-55.2403
-55.3261
-55.4110
-55.4952
-55.5785
-55.6609
-55.7425
-55.8227
-55.9021
-55.9809
-56.0589
-56.1362
-56.2127
-56.2884
-56.3633
-52.9961
-53.1056
-53.2139
-53.3221
-53.4298
-53.5365
-53.6421
-53.7464
-53.8492
-53.9512
-54.0521
-54.1521
-54.2523
-54.3517
-54.4501
-54.5476
-54.6441
-54.7407
-54.8366
-54.7267
-54.8166
-54.9057
-54.9939
-55.0814
-55.1680
-55.2537
-55.3386
-55.4227
-55.5064
-55.5896
-55.6720
-55.7536
-55.8343
-55.9143
-55.9935
-56.0714
-56.1486
-56.2250
-56.3008
-56.3758
-53.0249
-53.1343
-53.2421
-53.3488
-53.4545
-53.5596
-53.6647
-53.7687
-53.8717
-53.9736
-54.0742
-54.1738
-54.2725
-54.3703
-54.4678
-54.5650
-54.6613
-54.7567
-54.6573
-54.7422
-54.8319
-54.9207
-55.0087
-55.0959
-55.1823
-55.2678
-55.3526
-55.4366
-55.5197
-55.6019
-55.6834
-55.7647
-55.8453
-55.9253
-56.0045
-56.0829
-56.1606
-56.2374
-56.3131
-56.3880
-53.0530
-53.1620
-53.2700
-53.3769
-53.4820
-53.5862
-53.6893
-53.7915
-53.8940
-53.9955
-54.0960
-54.1956
-54.2940
-54.3915
-54.4881
-54.5838
-54.6787
-54.7738
-54.6704
-54.7599
-54.8484
-54.9361
-55.0237
-55.1107
-55.1969
-55.2822
-55.3669
-55.4508
-55.5337
-55.6158
-55.6972
-55.7777
-55.8575
-55.9365
-56.0155
-56.0938
-56.1714
-56.2483
-56.3244
-56.3998
-53.0834
-53.1900
-53.2972
-53.4037
-53.5091
-53.6136
-53.7162
-53.8179
-53.9186
-54.0183
-54.1181
-54.2172
-54.3154
-54.4127
-54.5090
-54.6044
-54.6990
-54.7928
-54.6894
-54.7781
-54.8664
-54.9539
-55.0405
-55.1264
-55.2116
-55.2968
-55.3812
-55.4649
-55.5479
-55.6300
-55.7113
-55.7916
-55.8713
-55.9502
-56.0284
-56.1058
-56.1825
-56.2592
-56.3352
-56.4106
-53.1162
-53.2221
-53.3270
-53.4309
-53.5355
-53.6395
-53.7425
-53.8446
-53.9449
-54.0442
-54.1426
-54.2400
-54.3373
-54.4341
-54.5300
-54.6251
-54.7194
-54.8128
-54.7104
-54.7984
-54.8856
-54.9719
-55.0583
-55.1439
-55.2288
-55.3128
-55.3961
-55.4793
-55.5620
-55.6440
-55.7252
-55.8056
-55.8853
-55.9642
-56.0422
-56.1195
-56.1961
-56.2719
-56.3470
-56.4215
-53.1507
-53.2552
-53.3591
-53.4624
-53.5647
-53.6661
-53.7681
-53.8697
-53.9704
-54.0702
-54.1684
-54.2655
-54.3616
-54.4569
-54.5517
-54.6463
-54.7402
-54.8332
-54.7315
-54.8192
-54.9061
-54.9923
-55.0775
-55.1621
-55.2463
-55.3301
-55.4133
-55.4957
-55.5772
-55.6580
-55.7391
-55.8194
-55.8990
-55.9778
-56.0561
-56.1336
-56.2100
-56.2857
-56.3607
-56.4350
-53.1860
-53.2898
-53.3928
-53.4948
-53.5963
-53.6969
-53.7968
-53.8957
-53.9953
-54.0947
-54.1932
-54.2908
-54.3869
-54.4818
-54.5758
-54.6691
-54.7616
-54.8542
-54.7533
-54.8405
-54.9269
-55.0126
-55.0977
-55.1820
-55.2656
-55.3484
-55.4306
-55.5127
-55.5942
-55.6748
-55.7547
-55.8339
-55.9127
-55.9914
-56.0695
-56.1469
-56.2236
-56.2995
-56.3747
-56.4488
-53.2187
-53.3236
-53.4270
-53.5284
-53.6290
-53.7287
-53.8277
-53.9260
-54.0235
-54.1200
-54.2173
-54.3145
-54.4109
-54.5064
-54.6007
-54.6935
-54.7856
-54.8768
-54.7758
-54.8625
-54.9486
-55.0338
-55.1183
-55.2021
-55.2854
-55.3680
-55.4499
-55.5311
-55.6116
-55.6917
-55.7715
-55.8505
-55.9288
-56.0063
-56.0832
-56.1603
-56.2369
-56.3127
-56.3878
-56.4623
-53.2517
-53.3558
-53.4591
-53.5614
-53.6622
-53.7613
-53.8597
-53.9571
-54.0539
-54.1499
-54.2450
-54.3393
-54.4344
-54.5296
-54.6239
-54.7174
-54.8099
-54.9008
-54.8004
-54.8861
-54.9710
-55.0557
-55.1398
-55.2232
-55.3059
-55.3878
-55.4693
-55.5503
-55.6306
-55.7101
-55.7889
-55.8673
-55.9453
-56.0228
-56.0996
-56.1756
-56.2510
-56.3259
-56.4009
-56.4753
-53.2922
-53.3918
-53.4911
-53.5928
-53.6937
-53.7936
-53.8919
-53.9889
-54.0850
-54.1803
-54.2750
-54.3687
-54.4617
-54.5539
-54.6468
-54.7400
-54.8324
-54.9241
-54.8253
-54.9106
-54.9953
-55.0791
-55.1622
-55.2449
-55.3272
-55.4089
-55.4898
-55.5700
-55.6496
-55.7290
-55.8076
-55.8856
-55.9629
-56.0395
-56.1160
-56.1919
-56.2672
-56.3417
-56.4156
-56.4888
-53.3369
-53.4321
-53.5300
-53.6272
-53.7249
-53.8242
-53.9227
-54.0204
-54.1164
-54.2112
-54.3053
-54.3986
-54.4911
-54.5828
-54.6738
-54.7639
-54.8548
-54.9461
-54.8482
-54.9343
-55.0198
-55.1033
-55.1861
-55.2682
-55.3495
-55.4303
-55.5110
-55.5909
-55.6701
-55.7486
-55.8264
-55.9041
-55.9812
-56.0577
-56.1335
-56.2087
-56.2835
-56.3578
-56.4315
-56.5047
