-74.3246
-73.7022
-75.7785
-73.8548
-71.2747
-71.4670
-71.3452
-72.3487
-72.2589
-68.3007
-69.0128
-69.4821
-69.2876
-70.1842
-70.7544
-65.5485
-65.3684
-65.1957
-64.9729
-64.8604
-64.5765
-64.3093
-64.1171
-63.9152
-63.7024
-63.4771
-63.2376
-62.9818
-73.6264
-73.1248
-73.6523
-72.7229
-67.9110
-68.7299
-72.7128
-67.4994
-68.1980
-69.0834
-69.4120
-69.8032
-70.4365
-65.6243
-65.5300
-65.4322
-65.3564
-65.0423
-64.8423
-64.5745
-64.3870
-64.1917
-63.9719
-63.7598
-63.5343
-63.2932
-66.0952
-66.1147
-66.0957
-66.0409
-65.9476
-65.8118
-64.0061
-63.9193
-63.9874
-63.9954
-63.9925
-63.9914
-67.0250
-64.6879
-64.5677
-67.6914
-68.6837
-68.1542
-68.8249
-63.4746
-63.3128
-65.4464
-65.3079
-65.1875
-64.9668
-64.7976
-64.6231
-64.4419
-64.2528
-64.0542
-63.8436
-63.6194
-66.4789
-66.5174
-66.5142
-66.4769
-66.4124
-66.2992
-66.1275
-65.8195
-63.9578
-63.9501
-63.9301
-63.9148
-63.9046
-63.9006
-63.9033
-63.8948
-63.7860
-63.7933
-63.8038
-66.4033
-68.1916
-68.8646
-63.8102
-63.5535
-63.2933
-63.1300
-63.0136
-65.1828
-64.9843
-64.8996
-64.8148
-64.6943
-64.5229
-64.3431
-64.1535
-63.9521
-66.8855
-66.9427
-66.9531
-66.9492
-66.8917
-66.8104
-66.6791
-66.3918
-66.3795
-66.1744
-63.8877
-63.8519
-63.8266
-63.8094
-63.8012
-63.7936
-63.6645
-63.6646
-63.6684
-63.5510
-63.5611
-68.9019
-64.4122
-64.2947
-63.3472
-63.1849
-63.0688
-62.8879
-62.6586
-64.7571
-64.7807
-64.7518
-64.6802
-64.6072
-64.4685
-64.2924
-67.3222
-67.3911
-67.4400
-67.4173
-67.3869
-67.3423
-67.2541
-66.9795
-67.0891
-66.9954
-66.7909
-66.5218
-63.7754
-63.7358
-63.7104
-63.7058
-63.5454
-63.5360
-63.5316
-63.4093
-63.4128
-63.4207
-63.4330
-63.4498
-63.6125
-63.6560
-63.7048
-63.7592
-63.8209
-63.9668
-62.9980
-62.8403
-62.6334
-62.4859
-62.3342
-64.3973
-64.4473
-64.5011
-64.5170
-64.4616
-67.8035
-67.8912
-67.8948
-67.8938
-67.8903
-67.8850
-67.8529
-67.5642
-67.8255
-67.8246
-67.8010
-67.7594
-67.6962
-67.6543
-67.6802
-63.6328
-63.4391
-63.4145
-63.3979
-63.2679
-63.2632
-63.2635
-63.2690
-63.2796
-63.4331
-63.4710
-63.5143
-63.5631
-63.6182
-63.7566
-63.8036
-63.8555
-63.8592
-62.5987
-62.4399
-62.2768
-62.1101
-64.1711
-64.2243
-64.2890
-70.6349
-70.2450
-70.0287
-69.4693
-69.8932
-69.9426
-70.0591
-70.2886
-70.8336
-63.8719
-63.7645
-63.6590
-63.4568
-63.4080
-63.3736
-63.3394
-63.3137
-63.4377
-63.4455
-63.4610
-63.4843
-63.5159
-63.6285
-63.6498
-63.6782
-63.6674
-63.7411
-63.8269
-62.4105
-62.2415
-62.0688
-61.8920
-63.9613
-74.3037
-71.5749
-72.1625
-72.8928
-56.4963
-56.3989
-56.2997
-63.3444
-63.2582
-63.1901
-63.1372
-63.0975
-63.2057
-63.2034
-63.2103
-63.2230
-63.2462
-63.3446
-63.3596
-63.3149
-63.3733
-63.4447
-63.5272
-63.6228
-63.7326
-62.1699
-61.8408
-61.6673
-70.6302
-70.8281
-70.9985
-71.7296
-73.5642
-71.5423
-71.9661
-72.5446
-56.4581
-56.3552
-56.2505
-56.1260
-56.0258
-63.0074
-62.9264
-62.8671
-62.9570
-62.9445
-62.9432
-62.9512
-62.9927
-63.0569
-63.0651
-63.0216
-63.0763
-63.1438
-63.0028
-63.0943
-63.2055
-63.3312
-63.6508
-63.6263
-66.1437
-66.3160
-66.2535
-66.2096
-66.0923
-66.1702
-66.1632
-65.9588
-66.0919
-66.0790
-65.9232
-65.9942
-65.9517
-65.8958
-65.8608
-65.8052
-56.3175
-56.2274
-56.1367
-56.0215
-55.9294
-55.8375
-55.7446
-62.5761
-62.6541
-62.6409
-62.6298
-62.6304
-62.6707
-62.7752
-62.5532
-62.5192
-62.5755
-62.6430
-62.9488
-63.0450
-63.1575
-63.2846
-63.4295
-63.5860
-66.5529
-66.7905
-66.7003
-66.6708
-66.6765
-66.7030
-66.7679
-66.5546
-66.8153
-68.4176
-68.3724
-68.8693
-69.3507
-70.2244
-56.3824
-56.2781
-56.1758
-56.0449
-55.9453
-55.8354
-55.7284
-55.6247
-55.5484
-55.4503
-62.2443
-62.2245
-62.2458
-62.5277
-62.5245
-62.4839
-62.5323
-62.5929
-62.6664
-62.7540
-62.8568
-62.9765
-63.1164
-63.2673
-68.7622
-69.2672
-70.1282
-71.1060
-72.4899
-71.5164
-71.9990
-56.3420
-56.2342
-56.1241
-56.0004
-55.8815
-55.7725
-55.6152
-55.5187
-55.4471
-55.4048
-55.3078
-55.2156
-62.2981
-62.3129
-62.2849
-62.2303
-62.2635
-62.3107
-62.3721
-62.4486
-62.5412
-62.6514
-62.7814
-62.9258
-63.9652
-63.9627
-63.9443
-63.8481
-63.8677
-63.9832
-63.7470
-67.3312
-63.7674
-63.4542
-55.9709
-55.8529
-55.7595
-55.7366
-55.6395
-55.5413
-55.3970
-55.2996
-55.2038
-55.1123
-55.0127
-54.9116
-61.8218
-61.7356
-61.7434
-61.7725
-61.8190
-61.8816
-61.9609
-62.0581
-62.1778
-62.3038
-64.1110
-64.1127
-64.0846
-63.9541
-63.9668
-63.9062
-63.8180
-63.6596
-63.6539
-63.5723
-63.4876
-63.3997
-63.3088
-63.2802
-63.1759
-63.0580
-62.8463
-62.8239
-62.7132
-62.4949
-55.7033
-55.6123
-55.5202
-55.4270
-55.3579
-55.2641
-55.1678
-55.0750
-54.9728
-54.8694
-54.7581
-54.6556
-61.5584
-61.5328
-61.5447
-61.5836
-61.6442
-61.7257
-61.8320
-61.9447
-65.4977
-65.4886
-65.4358
-64.0528
-64.0832
-64.0114
-63.9289
-63.7666
-63.7723
-63.6968
-63.6180
-63.5356
-63.5681
-63.5440
-63.4500
-63.3314
-63.1375
-62.9802
-62.8647
-62.6288
-62.5072
-62.3844
-62.2669
-55.4109
-55.3193
-55.2257
-55.1301
-55.0374
-54.9350
-54.8308
-54.7173
-54.6122
-54.5065
-54.4004
-54.2927
-61.3147
-61.3323
-61.3853
-61.4706
-61.5637
-65.7509
-65.7726
-65.7273
-65.6989
-65.7001
-65.6215
-65.5294
-65.2739
-64.0866
-63.9793
-63.9017
-63.8194
-63.7332
-63.7139
-63.6361
-63.5273
-63.3137
-63.1556
-63.0425
-62.8017
-62.6793
-62.5509
-62.4171
-62.3967
-62.2754
-55.1876
-55.0981
-54.9968
-54.8948
-54.7911
-54.6780
-54.5723
-54.4650
-54.3562
-54.2460
-54.1364
-54.0251
-61.0824
-61.1122
-61.1010
-66.0464
-66.0803
-66.0342
-66.1254
-66.3753
-66.3532
-66.3470
-66.1168
-66.2463
-66.2257
-66.2022
-66.1758
-66.1477
-63.9452
-63.8254
-63.7329
-63.4990
-63.3411
-63.2329
-62.9900
-62.8725
-62.7487
-62.6181
-62.6067
-62.4807
-62.3441
-62.2345
-62.0712
-54.8559
-54.7513
-54.6372
-54.5313
-54.4237
-54.3147
-54.2038
-54.0913
-53.9773
-53.8685
-53.7497
-60.7518
-67.6454
-68.4278
-68.3516
-69.9905
-69.5066
-68.5933
-68.6420
-68.5632
-68.6152
-68.5958
-68.7958
-69.6571
-64.7044
-64.3874
-64.1222
-63.7530
-63.5735
-63.4060
-63.2430
-63.2291
-63.0857
-62.9324
-62.8257
-62.6003
-62.3915
-62.1784
-61.9293
-54.5284
-54.4184
-54.3069
-54.1938
-54.0793
-53.9624
-53.8500
-53.7267
-53.5880
-73.1807
-70.0341
-69.8704
-69.5700
-69.3594
-69.2968
-69.4067
-70.3377
-64.9192
-64.6450
-64.4505
-64.0856
-63.9023
-63.7235
-63.5484
-63.5400
-63.3935
-63.2400
-63.1479
-62.9236
-62.7250
-62.5167
-62.2514
-62.0329
-61.8048
-54.2662
-54.1530
-54.0383
-53.9219
-53.8110
-53.6863
-53.5439
-73.2769
-70.6790
-70.6753
-69.8576
-69.4661
-67.8827
-68.3905
-68.6310
-65.1423
-64.8722
-64.6899
-64.3216
-64.1451
-63.9734
-63.8067
-63.8247
-63.6949
-63.6334
-63.4973
-63.2751
-63.0947
-62.8397
-62.6547
-62.4571
-62.2434
-62.0093
-61.7524
-61.4756
-53.8913
-53.7701
-53.6453
-53.5015
-72.6831
-71.2243
-70.1818
-67.7871
-67.8987
-68.0533
-68.1541
-68.4188
-65.3728
-65.1018
-64.9274
-64.5548
-64.3879
-64.2268
-64.0720
-64.1221
-64.0122
-63.9913
-63.8724
-63.6974
-63.4878
-63.2479
-63.0908
-62.9229
-62.7432
-62.5468
-62.3302
-62.0879
-61.8869
-61.5547
-53.6041
-53.4576
-71.1616
-70.0431
-69.0343
-66.6437
-67.4371
-67.5525
-67.7430
-67.8690
-67.9893
-68.2600
-65.6108
-65.3371
-65.1713
-64.7942
-64.6385
-64.4900
-64.3487
-64.4351
-64.3471
-64.3830
-64.2650
-64.1064
-63.9009
-63.6760
-63.5473
-63.4127
-63.2718
-63.1209
-62.9583
-62.7815
-62.6908
-62.4509
-62.1613
-61.6442
-65.3378
-65.5613
-66.0172
-67.5695
-66.3577
-66.2972
-66.5772
-67.3932
-67.5291
-67.6770
-67.8217
-67.9444
-65.8592
-65.5808
-65.4245
-65.0436
-64.9013
-64.7657
-64.6374
-64.7637
-64.6984
-64.7952
-64.6748
-64.5443
-64.3273
-64.1161
-64.0173
-63.9174
-63.8170
-63.7146
-63.6104
-63.6537
-63.5358
-63.4165
-63.2956
-62.8928
-65.5470
-65.7738
-65.8057
-65.8418
-66.6331
-66.9618
-66.9950
-65.9804
-66.2467
-66.3339
-67.1454
-67.3183
-67.4923
-67.6456
-69.1309
-68.8852
-68.7420
-67.9797
-67.9068
-67.2021
-67.4184
-70.3376
-67.7082
-67.6903
-67.4361
-67.2929
-67.4677
-67.7994
-68.4679
-69.6247
-70.4654
-69.2214
-65.4047
-65.6214
-65.6467
-65.6756
-65.6753
-65.7630
-65.7792
-66.7281
-66.0274
-66.1330
-66.2380
-67.1144
-67.3394
-69.2327
-68.9847
-68.7200
-68.7294
-68.0205
-67.7142
-66.6814
-66.7126
-68.3190
-68.8640
-68.3580
-68.7084
-69.0191
-69.4055
-70.0979
-69.5970
-69.3367
-65.4580
-65.4743
-65.4953
-65.5165
-65.5014
-65.5813
-65.5882
-65.5007
-65.7184
-65.7888
-67.1638
-67.3917
-68.8735
-69.3854
-68.8507
-68.5061
-68.4438
-67.9444
-67.6705
-67.3641
-66.4124
-66.9375
-66.6660
-66.9004
-67.1069
-67.1525
-68.4300
-67.4211
-67.7300
-68.0694
-68.4325
-69.0320
-69.4119
-69.2753
-65.1362
-65.1367
-65.1378
-65.1388
-65.0966
-65.1620
-65.4273
-66.3718
-66.6918
-66.8042
-66.9572
-67.1166
-67.5493
-69.5760
-68.7492
-68.1766
-67.9931
-66.8669
-66.8111
-66.6861
-66.5042
-66.2022
-66.4512
-66.6766
-66.8494
-67.0418
-67.0329
-67.3105
-67.6264
-67.9809
-68.3694
-69.0297
-69.4839
-69.2432
-65.0393
-65.0567
-65.0597
-65.0611
-65.0110
-66.1533
-66.1767
-66.0747
-66.3290
-66.3662
-66.4336
-66.4786
-66.5284
-66.5894
-66.6712
-66.7411
-66.8086
-66.6895
-66.8425
-66.6667
-66.8477
-66.9459
-66.7964
-67.1319
-66.4225
-66.6046
-66.7769
-66.9691
-66.9623
-67.2402
-67.5587
-67.9222
-68.3286
-69.0926
-70.1149
-69.2198
-64.8253
-64.8826
-66.0676
-66.2184
-66.1993
-66.3279
-66.3368
-66.2143
-66.4721
-66.4976
-66.5258
-66.5937
-66.6320
-66.6814
-66.7506
-66.8128
-66.8760
-66.7152
-66.8658
-66.6918
-66.8890
-67.1080
-67.1438
-67.7097
-67.4520
-66.6282
-66.7287
-66.9283
-66.9274
-67.2130
-67.5388
-67.9101
-68.3266
-69.2550
-70.5032
-69.2724
-65.7890
-65.9364
-66.0780
-66.2145
-66.2638
-66.4931
-66.5575
-66.4156
-66.6867
-66.7056
-66.7267
-66.7481
-66.8282
-66.8702
-66.9805
-66.9279
-67.0586
-66.8396
-67.6047
-67.4447
-67.2560
-67.5363
-67.8343
-68.9449
-68.8742
-68.1871
-66.9311
-67.1703
-67.1831
-67.4842
-68.3236
-68.6353
-69.0460
-70.3834
-68.4117
-64.3808
-64.4388
-66.0267
-66.0531
-66.1633
-66.3841
-66.4857
-66.4618
-66.8985
-66.9219
-66.9409
-66.9598
-67.0524
-67.0940
-67.2105
-67.2999
-66.9383
-66.8478
-67.3385
-67.6869
-68.2139
-68.5375
-68.7926
-71.6920
-71.5758
-71.5542
-67.3271
-67.7251
-67.7338
-68.0855
-68.3376
-68.5691
-68.7483
-69.4086
-68.1831
-64.3384
-64.3813
-64.4141
-64.3708
-64.3814
-66.2223
-66.3052
-66.2659
-66.6941
-67.0853
-67.4178
-67.7684
-68.7564
-69.2769
-67.6859
-68.3080
-68.2834
-68.7590
-68.8734
-69.5912
-67.1355
-67.6603
-67.8510
-68.0371
-67.5929
-67.8665
-68.1371
-68.0636
-64.2822
-64.3107
-64.3285
-64.2652
-64.2596
-64.3387
-64.3166
-64.2042
-66.3545
-66.5952
-66.9051
-67.3119
-67.8411
-69.7541
-70.2845
-65.0369
-67.2262
-67.6415
-68.7043
-69.1483
-69.3823
-66.7577
-66.8664
-67.3008
-66.9314
-67.2284
-67.5359
-67.8407
-67.2894
-64.2127
-64.2265
-64.2130
-64.2154
-64.1265
-64.2013
-64.1694
-64.0432
-64.1946
-64.1979
-64.1965
-66.5476
-67.0685
-67.8433
-70.4330
-64.6961
-64.5229
-64.4210
-67.3516
-68.9582
-69.1364
-66.2774
-65.6672
-66.1822
-66.4807
-66.8120
-67.1625
-67.5139
-67.8508
-65.0470
-64.1860
-62.9449
-62.8888
-62.9608
-62.8989
-62.9762
-62.9616
-62.8685
-62.9949
-63.0098
-63.0192
-63.0285
-63.0394
-63.0510
-65.8895
-64.2835
-64.1254
-64.0108
-63.9873
-63.9826
-68.8237
-64.9350
-65.1189
-65.3638
-65.9544
-66.3297
-66.7363
-67.1496
-67.5449
-64.2550
-64.7498
-64.7784
-64.6957
-64.8234
-64.7108
-64.8451
-62.8529
-62.7418
-62.8568
-62.8622
-62.8658
-62.8664
-62.8673
-62.8694
-62.8717
-62.8722
-62.8662
-62.7703
-62.7061
-62.6894
-62.7356
-62.7936
-62.8660
-62.9552
-63.2574
-63.4178
-63.6089
-63.8366
-64.1070
-64.4266
-64.8000
-65.5297
-66.0165
-66.4887
-66.9387
-63.2757
-65.2931
-65.3513
-65.5062
-65.7236
-65.8498
-66.5630
-65.9117
-65.9973
-66.4355
-66.7954
-63.9885
-63.7419
-63.5853
-62.6942
-62.6715
-62.6608
-62.6408
-62.5258
-62.4510
-62.4213
-62.4512
-62.4924
-62.5469
-62.6179
-62.8897
-63.0298
-63.2020
-63.4137
-63.6739
-63.9768
-64.3156
-64.7274
-65.5720
-66.1450
-66.6974
-62.0412
-69.4274
-70.9101
-69.3133
-69.7931
-69.6574
-63.4063
-63.3021
-63.2127
-63.1229
-62.9175
-62.7825
-62.7025
-62.6899
-62.6482
-62.5887
-62.5640
-62.7291
-62.7785
-62.8667
-63.0001
-63.1830
-63.4348
-63.7713
-64.2088
-65.1703
-65.8930
-66.6146
-60.5668
-70.6926
-72.2948
-68.8575
-69.3847
-68.9298
-63.0404
-62.9370
-62.6840
-62.5209
-62.4209
-62.2798
-62.1600
-62.0685
-62.1440
-62.1200
-62.1296
-62.1761
-62.2654
-62.4080
-62.6192
-62.9218
-63.3468
-63.9320
-65.3063
-66.2263
-52.7600
