-46.3146
-46.5528
-46.7847
-47.0081
-47.2305
-47.4478
-47.6607
-47.8718
-48.0796
-48.2832
-48.4831
-48.6809
-48.8711
-49.0580
-49.2387
-49.4187
-49.5954
-49.7872
-50.2738
-50.4439
-50.6076
-50.7692
-64.9366
-62.3373
-61.3674
-60.7636
-60.3863
-60.2513
-60.6449
-63.0368
-61.4952
-52.9621
-46.2186
-46.4556
-46.6922
-46.9219
-47.1490
-47.3707
-47.5859
-47.7962
-48.0023
-48.2038
-48.4015
-48.5987
-48.7896
-48.9768
-49.1611
-49.3424
-49.5329
-49.7113
-49.8813
-50.0516
-50.2140
-50.3853
-50.5508
-50.7168
-62.1819
-60.5035
-59.7802
-51.9047
-51.9416
-52.0737
-52.2134
-52.3296
-52.4542
-52.5767
-52.6969
-52.8156
-46.1408
-46.3839
-46.6216
-46.8513
-47.0780
-47.2997
-47.5168
-47.7293
-47.9372
-48.1408
-48.3407
-48.5408
-48.7337
-48.9224
-49.1046
-49.2858
-49.4635
-49.6414
-49.8090
-49.9760
-50.1344
-50.3009
-50.4596
-50.6156
-50.7724
-50.9221
-51.0689
-51.2038
-51.3482
-51.4905
-51.6305
-51.7683
-51.9038
-52.0366
-52.1780
-52.2945
-52.4196
-52.5426
-52.6635
-52.7775
-46.0616
-46.3074
-46.5471
-46.7787
-47.0089
-47.2344
-47.4547
-47.6701
-47.8807
-48.0866
-48.2879
-48.4874
-48.6794
-48.8677
-49.0496
-49.2307
-49.4084
-49.5863
-49.7555
-49.9246
-50.0851
-50.2540
-50.4147
-50.5726
-50.7316
-50.8830
-51.0312
-51.1664
-51.3111
-51.4531
-51.5927
-51.7297
-51.8646
-51.9973
-52.1401
-52.2663
-52.3810
-52.5041
-52.6251
-52.7443
-45.9938
-46.2426
-46.4849
-46.7179
-46.9482
-47.1730
-47.3927
-47.6073
-47.8172
-48.0229
-48.2261
-48.4284
-48.6236
-48.8148
-48.9994
-49.1830
-49.3630
-49.5431
-49.7136
-49.8827
-50.0426
-50.2116
-50.3723
-50.5302
-50.6895
-50.8411
-50.9894
-51.1240
-51.2688
-51.4109
-51.5507
-51.6884
-51.8242
-51.9581
-52.1026
-52.2308
-52.3454
-52.4694
-52.5914
-52.7112
-45.9266
-46.1762
-46.4198
-46.6551
-46.8878
-47.1153
-47.3376
-47.5551
-47.7677
-47.9750
-48.1779
-48.3804
-48.5753
-48.7663
-48.9509
-49.1342
-49.3142
-49.4942
-49.6647
-49.8344
-49.9955
-50.1655
-50.3272
-50.4861
-50.6466
-50.7999
-50.9494
-51.0840
-51.2295
-51.3726
-51.5135
-51.6521
-51.7886
-51.9229
-52.0682
-52.1983
-52.3229
-52.4365
-52.5590
-52.6794
-45.8695
-46.1206
-46.3655
-46.6018
-46.8351
-47.0628
-47.2850
-47.5019
-47.7141
-47.9217
-48.1251
-48.3280
-48.5234
-48.7151
-48.9035
-49.0853
-49.2664
-49.4477
-49.6195
-49.7905
-49.9525
-50.1233
-50.2858
-50.4456
-50.6069
-50.7610
-50.9107
-51.0567
-51.1911
-51.3349
-51.4764
-51.6157
-51.7529
-51.8879
-52.0345
-52.1669
-52.2928
-52.4049
-52.5280
-52.6490
-45.8093
-46.0614
-46.3070
-46.5440
-46.7778
-47.0066
-47.2303
-47.4488
-47.6626
-47.8716
-48.0763
-48.2805
-48.4770
-48.6696
-48.8584
-49.0406
-49.2220
-49.4035
-49.5759
-49.7479
-49.9105
-50.0819
-50.2449
-50.4086
-50.5708
-50.7268
-50.8788
-51.0280
-51.1627
-51.3078
-51.4724
-51.6141
-51.7537
-51.8913
-52.0413
-52.1777
-52.3075
-52.4196
-52.5456
-52.6697
-45.7599
-46.0134
-46.2613
-46.5003
-46.7359
-46.9660
-47.1909
-47.4108
-47.6259
-47.8366
-48.0429
-48.2487
-48.4469
-48.6412
-48.8318
-49.0157
-49.1991
-49.3826
-49.5592
-49.7297
-49.8938
-50.0666
-50.2302
-50.3917
-50.5556
-50.7132
-50.8669
-51.0158
-51.1501
-51.2966
-51.4409
-51.5830
-51.7474
-51.8896
-52.0460
-52.1941
-64.6375
-62.8101
-61.8014
-61.5043
-45.7071
-45.9603
-46.2122
-46.4510
-46.6867
-46.9176
-47.1434
-47.3642
-47.5802
-47.7915
-47.9984
-48.2048
-48.4036
-48.5984
-48.7895
-48.9738
-49.1576
-49.3415
-49.5186
-49.6983
-49.8642
-50.0400
-50.2071
-50.3717
-50.5373
-50.6965
-50.8542
-50.9808
-51.1159
-51.2668
-51.4162
-51.5642
-51.7107
-51.8598
-52.0172
-63.4635
-62.8329
-45.6646
-45.9189
-46.1666
-46.4082
-46.6415
-46.8719
-47.0971
-47.3172
-47.5331
-47.7448
-47.9609
-48.1681
-48.3677
-48.5634
-48.7555
-48.9409
-49.1259
-49.3111
-49.4897
-49.6624
-49.8291
-50.0057
-50.1739
-50.3407
-50.5148
-63.2109
-61.4630
-60.7355
-60.4141
-60.2831
-60.3379
-60.4965
-63.8379
-45.6051
-45.8613
-46.1110
-46.3543
-46.5893
-46.8212
-47.0478
-47.2692
-47.4858
-47.6976
-47.9050
-48.1118
-48.3117
-48.5076
-48.6997
-48.8843
-49.0683
-49.2528
-49.4306
-49.6175
-49.7838
-49.9602
-50.1283
-50.2959
-50.4701
-63.0435
-61.4625
-60.7232
-60.3835
-60.2413
-60.2289
-65.5001
-62.6287
-45.5840
-45.8391
-46.0878
-46.3302
-46.5643
-46.7956
-47.0216
-47.2430
-47.4599
-47.6722
-47.8800
-48.0873
-48.2869
-48.4818
-48.6727
-48.8571
-49.0413
-49.2255
-49.4029
-49.5740
-49.7446
-49.9125
-50.0773
-50.2398
-50.4069
-50.5640
-50.7176
-50.8678
-51.0038
-51.2017
-51.3983
-51.5453
-51.6928
-59.1967
-59.4368
-64.5440
-61.8778
-61.2040
-60.8698
-45.4752
-45.7252
-45.9684
-46.2053
-46.4338
-46.6591
-46.8785
-47.0925
-47.3012
-47.5048
-47.7030
-47.8999
-48.0886
-48.2728
-48.4529
-48.6256
-48.7973
-48.9686
-49.1329
-49.2907
-49.4476
-49.6010
-49.7508
-49.8976
-50.0483
-50.1886
-50.3257
-50.4574
-50.5723
-50.7000
-50.8246
-50.9465
-51.0659
-51.1844
-51.2989
-51.4082
-51.5162
-51.6124
-51.7132
-51.8113
-45.5328
-45.7878
-46.0362
-46.2784
-46.5122
-46.7435
-46.9701
-47.1917
-47.4086
-47.6206
-47.8275
-48.0346
-48.2343
-48.4301
-48.6223
-48.8076
-48.9929
-49.1786
-49.3582
-49.5321
-49.7073
-49.8827
-50.0600
-50.2330
-62.2527
-60.6000
-59.8996
-59.5758
-59.4162
-59.3588
-59.3490
-59.3598
-59.4023
-59.4092
-59.4740
-59.5493
-45.5135
-45.7675
-46.0152
-46.2574
-46.4921
-46.7241
-46.9507
-47.1723
-47.3889
-47.6011
-47.8090
-48.0165
-48.2163
-48.4123
-48.6046
-48.7901
-48.9756
-49.1618
-49.3418
-49.5149
-49.6866
-49.8557
-50.0219
-50.1857
-64.0085
-62.5422
-61.5727
-60.9721
-60.6001
-60.3867
-60.2546
-60.1666
-60.0270
-60.1266
-60.0596
-60.0796
-45.4996
-45.7550
-46.0042
-46.2472
-46.4818
-46.7127
-46.9379
-47.1578
-47.3730
-47.5837
-47.7902
-47.9969
-48.1966
-48.3934
-48.5867
-48.7731
-48.9598
-49.1441
-49.3278
-49.4801
-49.6513
-49.8197
-49.9849
-50.1474
-50.3547
-65.9269
-50.9336
-51.0569
-51.2026
-51.3463
-51.4881
-51.6310
-51.7690
-51.9033
-52.0446
-59.6946
-59.7484
-59.8623
-45.4961
-45.7481
-45.9944
-46.2342
-46.4656
-46.6945
-46.9204
-47.1423
-47.3594
-47.5669
-47.7736
-47.9805
-48.1796
-48.3740
-48.5646
-48.7482
-48.9445
-49.1260
-49.3079
-49.4803
-49.6534
-49.8260
-49.9992
-50.1682
-50.3337
-65.9808
-63.2562
-62.4057
-61.7412
-61.0343
-60.6965
-60.5576
-60.4893
-60.4652
-60.3640
-60.5274
-60.2346
-60.2468
-45.4891
-45.7394
-45.9852
-46.2259
-46.4584
-46.6885
-46.9134
-47.1323
-47.3518
-47.5619
-47.7674
-47.9728
-48.1706
-48.3662
-48.5585
-48.7470
-48.9288
-49.1108
-49.2932
-49.4652
-49.6367
-49.8045
-49.9692
-50.1298
-50.2894
-50.4542
-50.5994
-50.7318
-50.8634
-58.6748
-58.8032
-58.9289
-59.2065
-59.3610
-59.4970
-59.6243
-59.6510
-59.8835
-60.0170
-60.0387
-45.4909
-45.7438
-45.9888
-46.2277
-46.4609
-46.6863
-46.9098
-47.1286
-47.3445
-47.5560
-47.7630
-47.9702
-48.1689
-48.3632
-48.5536
-48.7402
-48.9199
-49.0817
-49.2618
-49.4480
-49.6313
-49.8029
-49.9726
-50.1412
-50.3076
-65.8635
-62.1669
-60.3543
-59.5935
-59.2443
-51.4558
-51.5988
-51.7361
-51.8705
-51.9852
-52.1339
-59.5295
-59.5863
-45.5046
-45.7522
-45.9939
-46.2296
-46.4618
-46.6873
-46.9108
-47.1209
-47.3343
-47.5526
-47.7573
-47.9620
-48.1590
-48.3531
-48.5443
-48.7315
-48.9117
-49.0922
-49.2735
-49.4441
-49.6244
-49.7950
-49.9635
-50.1305
-50.2948
-66.0404
-63.6242
-61.9346
-61.1820
-60.6638
-60.2656
-60.0463
-59.8977
-59.8093
-59.7526
-59.7518
-59.7868
-59.7397
-45.5104
-45.7579
-46.0021
-46.2407
-46.4739
-46.6958
-46.9157
-47.1310
-47.3420
-47.5522
-47.7582
-47.9641
-48.1626
-48.3569
-48.5468
-48.7330
-48.9124
-49.0924
-49.2629
-49.4327
-49.6033
-49.7708
-49.9355
-50.0980
-50.2561
-50.4209
-50.5744
-50.7249
-58.9340
-59.0722
-59.2083
-59.3424
-59.4745
-59.6315
-59.7614
-59.8719
-59.9630
-60.0755
-60.2052
-60.3074
-45.5280
-45.7734
-46.0120
-46.2456
-46.4738
-46.6957
-46.9183
-47.1364
-47.3500
-47.5565
-47.7577
-47.9594
-48.1536
-48.3457
-48.5363
-48.7230
-48.9026
-49.0829
-49.2624
-49.4309
-49.5996
-49.7825
-49.9462
-50.0896
-50.2745
-61.9454
-60.0915
-51.1426
-51.2862
-51.4271
-51.5706
-51.7075
-59.1917
-59.3629
-59.5406
-59.7339
-59.8906
-45.5514
-45.7926
-46.0287
-46.2617
-46.4893
-46.7089
-46.9270
-47.1403
-47.3491
-47.5557
-47.7664
-47.9721
-48.1697
-48.3627
-48.5505
-48.7338
-48.9105
-49.0874
-49.2693
-49.4420
-49.5973
-49.7790
-49.9499
-50.1151
-50.2777
-63.8146
-61.3566
-60.9745
-60.3830
-59.9815
-59.7672
-59.6169
-59.5374
-51.9662
-52.0800
-52.2299
-52.3565
-45.5829
-45.8215
-46.0547
-46.2835
-46.5080
-46.7251
-46.9418
-47.1543
-47.3625
-47.5665
-47.7665
-47.9666
-48.1591
-48.3512
-48.5417
-48.7276
-48.9066
-49.0845
-49.2627
-49.4317
-49.5949
-49.7585
-49.9203
-50.0824
-50.2420
-50.4037
-50.5604
-59.1844
-59.1922
-59.3281
-59.4619
-59.5935
-59.7225
-59.8784
-59.9851
-60.0966
-60.1258
-59.9350
-60.0287
-60.0131
-45.6171
-45.8547
-46.0864
-46.3130
-46.5343
-46.7478
-46.9610
-47.1721
-47.3836
-47.5868
-47.7867
-47.9868
-48.1794
-48.3674
-48.5535
-48.7359
-48.9106
-49.0894
-49.2716
-49.4453
-49.6222
-49.7905
-49.9523
-50.1118
-50.2501
-50.4252
-59.6305
-50.9797
-51.1245
-51.2671
-58.7428
-59.0187
-59.2425
-59.4508
-59.6187
-59.6677
-59.9454
-60.0894
-45.6528
-45.8882
-46.1205
-46.3481
-46.5689
-46.7812
-46.9928
-47.2002
-47.4038
-47.6033
-47.8010
-48.0001
-48.1928
-48.3813
-48.5672
-48.7480
-48.9218
-49.0974
-49.2751
-49.4443
-49.6075
-49.7736
-49.9372
-50.1019
-50.2729
-50.4337
-63.9563
-63.4468
-59.9126
-59.5099
-59.2656
-59.1655
-51.6815
-51.8170
-51.9469
-59.2269
-59.5133
-59.6897
-45.6944
-45.9252
-46.1529
-46.3763
-46.5959
-46.8092
-47.0222
-47.2280
-47.4300
-47.6288
-47.8236
-48.0190
-48.2075
-48.3948
-48.5718
-48.7514
-48.9238
-49.0979
-49.2740
-49.4413
-49.6029
-49.7658
-49.9262
-50.0845
-50.2411
-50.3957
-50.5472
-50.6880
-50.8372
-59.5458
-59.6760
-59.8041
-59.9110
-59.9877
-59.8120
-59.7019
-59.6190
-59.4633
-59.5902
-52.3301
-45.7409
-45.9664
-46.1888
-46.4085
-46.6237
-46.8321
-47.0405
-47.2469
-47.4504
-47.6503
-47.8436
-48.0379
-48.2252
-48.4091
-48.5904
-48.7666
-48.9369
-49.1105
-49.2863
-49.4532
-49.6140
-49.7755
-49.9349
-50.0921
-50.2480
-50.4008
-50.5490
-50.6862
-50.8324
-50.9786
-51.1232
-51.2658
-51.4064
-58.9679
-59.2440
-59.4918
-59.6929
-59.8514
-60.0507
-60.0496
-45.7955
-46.0185
-46.2372
-46.4517
-46.6618
-46.8710
-47.0734
-47.2759
-47.4747
-47.6701
-47.8655
-48.0617
-48.2505
-48.4355
-48.6146
-48.7905
-48.9627
-49.1288
-49.3018
-49.4662
-49.6264
-49.7814
-49.9462
-50.1030
-50.2583
-50.4105
-50.5572
-50.6927
-50.8387
-50.9827
-51.1248
-51.2648
-51.4030
-51.5507
-51.6870
-51.8223
-51.9538
-59.3584
-59.5617
-59.7750
-45.8559
-46.0745
-46.2895
-46.5017
-46.7097
-46.9135
-47.1102
-47.3092
-47.5070
-47.7012
-47.8919
-48.0837
-48.2693
-48.4563
-48.6368
-48.8136
-48.9854
-49.1513
-49.3249
-49.4880
-49.6450
-49.7969
-49.9591
-50.1155
-50.2701
-50.4227
-50.5689
-50.7035
-50.8484
-50.9912
-51.1320
-51.2711
-51.4092
-51.5565
-51.6905
-51.8238
-51.9540
-52.0787
-52.2104
-52.3427
-45.9159
-46.1326
-46.3460
-46.5550
-46.7601
-46.9616
-47.1563
-47.3522
-47.5446
-47.7340
-47.9235
-48.1142
-48.2979
-48.4804
-48.6571
-48.8321
-49.0052
-49.1718
-49.3462
-49.5093
-49.6664
-49.8188
-49.9808
-50.1344
-50.2903
-50.4371
-50.5823
-50.7153
-50.8599
-51.0026
-51.1432
-51.2822
-51.4192
-51.5665
-51.6991
-51.8315
-51.9630
-52.0856
-52.2136
-52.3455
-45.9855
-46.1961
-46.4019
-46.6080
-46.8112
-47.0100
-47.2027
-47.3963
-47.5870
-47.7746
-47.9587
-48.1443
-48.3254
-48.5106
-48.6863
-48.8585
-49.0275
-49.1899
-49.3642
-49.5282
-49.6857
-49.8381
-50.0005
-50.1548
-50.3129
-50.4600
-50.6030
-50.7317
-50.8735
-51.0150
-51.1555
-51.2940
-51.4307
-51.5797
-51.7121
-51.8437
-51.9743
-52.0964
-52.1961
-52.3538
-46.0530
-46.2618
-46.4692
-46.6700
-46.8661
-47.0623
-47.2528
-47.4443
-47.6325
-47.8179
-48.0010
-48.1861
-48.3637
-48.5403
-48.7119
-48.8828
-49.0501
-49.2103
-49.3814
-49.5411
-49.6942
-49.8459
-50.0083
-50.1623
-50.3206
-50.4678
-50.6108
-50.7374
-50.8783
-51.0167
-51.1531
-51.2876
-51.4211
-51.5690
-51.7000
-51.8291
-51.9573
-52.0790
-52.2031
-52.3607
-46.1314
-46.3319
-46.5317
-46.7318
-46.9308
-47.1221
-47.3058
-47.4941
-47.6804
-47.8639
-48.0442
-48.2267
-48.4038
-48.5804
-48.7509
-48.9173
-49.0802
-49.2376
-49.4083
-49.5671
-49.7183
-49.8661
-50.0251
-50.1767
-50.3351
-50.4844
-50.6289
-50.7515
-50.8929
-51.0324
-51.1699
-51.3045
-51.4367
-51.5832
-51.7127
-51.8396
-51.9674
-52.0910
-52.1782
-52.3369
-46.2418
-46.4190
-46.6108
-46.8038
-46.9964
-47.1887
-47.3739
-47.5581
-47.7392
-47.9200
-48.0991
-48.2805
-48.4582
-48.6299
-48.7999
-48.9673
-49.1315
-49.2845
-49.4518
-49.6089
-49.7587
-49.9059
-50.0651
-50.2158
-50.3725
-50.5197
-50.6657
-50.7648
-50.9062
-51.0456
-51.1826
-51.3178
-51.4511
-51.6003
-51.7327
-51.8572
-51.9823
-52.1050
-52.1857
-52.3480
-46.3941
-46.5509
-46.7061
-46.8852
-47.0700
-47.2564
-47.4360
-47.6209
-47.8028
-47.9801
-48.1547
-48.3341
-48.5116
-48.6825
-48.8501
-49.1813
-49.3362
-59.7632
-49.9422
-50.1040
-50.2570
-50.4162
-65.2030
-60.9486
-59.0175
-51.2230
-51.3593
-51.4938
-51.6465
-51.7832
-51.9083
-52.0363
-52.1628
-52.2851
-52.4069
-46.5462
-46.6969
-46.8490
-46.9999
-47.1497
-47.3289
-47.5012
-47.6813
-47.8593
-48.0391
-48.2140
-48.3916
-64.3531
-64.6323
-65.9684
-59.9365
-58.7944
-50.2869
-50.4350
-50.5955
-65.8340
-63.1974
-61.3064
-60.1382
-59.4558
-59.1072
-51.6995
-67.0821
-62.8303
-52.4492
-46.7049
-46.8492
-46.9931
-47.1406
-47.2866
-47.4310
-47.5820
-47.7497
-47.9223
-48.0963
-48.2693
-48.4465
-64.5522
-64.7453
-65.6960
-63.2934
-60.2622
-59.4170
-58.9006
-50.6178
-50.7580
-50.8845
-60.6849
-60.8287
-60.9788
-60.7458
-60.1870
-68.0919
-46.8565
-47.0017
-47.1420
-47.2815
-47.4251
-47.5662
-47.7032
-47.8354
-47.9904
-48.1574
-48.3252
-48.4998
-64.6985
-64.8091
-62.9675
-65.7140
-63.7969
-62.5186
-60.5176
-60.6862
-51.1589
-58.8989
-59.5142
-59.9757
-68.5740
-67.6995
