-59.4823
-59.4223
-59.3913
-61.3576
-61.4291
-61.1338
-61.1139
-60.9770
-62.3536
-62.5958
-62.7329
-62.7703
-59.4525
-59.6148
-66.2222
-66.0947
-59.2005
-59.3658
-59.5158
-59.5636
-59.5814
-60.1494
-59.6982
-59.3546
-51.7717
-51.7834
-51.7843
-51.7861
-51.7883
-51.7870
-51.7915
-51.7996
-51.8083
-51.8194
-51.8339
-51.6243
-59.4613
-59.4171
-59.4041
-61.3394
-61.0887
-61.1118
-61.0432
-64.9940
-62.6051
-62.7950
-62.8357
-62.8066
-59.5361
-59.6915
-62.3449
-69.4156
-69.2941
-68.8665
-66.1834
-65.8121
-59.3654
-59.4935
-59.6340
-59.6510
-59.6705
-60.1839
-59.7650
-59.4584
-51.9404
-51.9394
-51.9400
-51.9415
-51.9436
-51.9403
-51.9467
-51.9548
-51.9615
-51.9729
-51.7526
-51.7688
-59.4539
-59.4250
-60.9126
-61.0226
-61.0640
-61.0828
-60.9880
-65.3251
-62.7441
-62.9013
-62.9098
-60.1098
-59.6006
-59.9046
-69.2576
-68.8357
-68.2598
-65.0655
-65.9932
-63.7707
-59.5084
-59.6298
-59.6662
-59.7514
-59.7696
-60.2144
-59.9010
-59.5581
-52.0927
-52.0912
-52.0918
-52.0927
-52.0940
-52.0899
-52.0949
-52.1027
-52.1123
-52.1235
-51.8932
-51.9107
-59.4590
-59.4452
-60.7367
-61.0121
-61.0556
-61.0380
-65.7150
-65.4879
-62.9169
-63.0622
-63.0102
-60.1423
-59.6739
-59.9727
-65.6177
-64.9776
-63.0226
-59.6925
-59.6852
-59.8582
-59.8960
-59.9127
-60.4019
-60.0002
-59.6981
-52.2483
-52.2468
-52.2472
-52.2470
-52.2349
-52.2431
-52.2461
-52.2538
-52.2640
-52.0183
-52.0356
-52.0499
-59.4708
-60.8667
-60.7878
-60.9978
-61.0447
-61.0005
-60.1360
-60.2343
-59.7854
-61.2434
-72.4433
-65.4930
-64.2279
-62.6169
-59.8391
-59.8548
-59.9941
-60.0228
-60.1441
-60.4800
-60.0873
-59.8258
-52.3988
-52.3965
-52.3966
-52.3956
-52.3831
-52.3906
-52.3919
-52.3990
-52.4100
-52.1552
-52.1725
-52.1898
-59.5147
-60.6939
-60.8521
-61.0222
-61.0681
-61.4399
-62.2465
-62.2786
-62.3000
-62.3298
-60.1333
-59.7046
-59.8308
-61.2399
-71.2717
-70.4783
-65.9371
-64.9691
-63.7789
-62.3893
-59.8535
-60.0193
-60.1202
-60.2464
-60.2782
-60.5644
-60.1783
-59.9556
-52.5471
-52.5442
-52.5434
-52.5266
-52.5286
-52.5360
-52.5352
-52.5421
-52.2752
-52.2894
-52.3066
-52.3240
-60.6553
-60.7262
-60.8694
-61.0105
-61.0331
-61.5326
-62.1007
-62.0943
-62.0395
-61.9373
-60.1644
-59.7689
-60.0399
-61.2519
-64.6692
-63.5236
-62.2555
-60.0234
-60.1840
-60.3506
-60.3782
-60.4066
-60.6492
-60.2689
-60.0830
-52.6926
-52.6888
-52.6869
-52.6693
-52.6710
-52.6778
-52.6765
-52.3916
-52.4069
-52.4211
-52.4381
-52.4552
-60.6644
-60.7555
-60.8789
-60.9989
-61.3258
-61.5224
-61.6329
-61.8908
-61.8655
-61.1852
-60.1966
-59.8284
-60.0949
-61.2611
-64.3953
-63.3484
-60.0354
-60.1892
-60.4493
-60.4986
-60.5118
-60.5354
-60.7265
-60.3614
-52.9131
-52.8363
-52.8315
-52.8267
-52.8092
-52.8108
-52.8171
-52.8154
-52.5208
-52.5363
-52.5505
-52.5671
-52.5841
-60.6808
-60.7744
-60.8804
-60.9874
-61.3257
-61.5088
-61.5691
-61.7960
-61.6646
-61.0717
-60.2275
-59.8849
-60.1465
-61.2698
-71.8756
-72.2212
-63.9670
-62.7209
-60.1797
-60.4513
-60.5991
-60.6290
-60.6299
-60.6513
-60.7951
-60.4517
-52.9831
-52.9744
-52.9474
-52.9467
-52.9480
-52.9536
-52.6360
-52.6476
-52.6630
-52.6771
-52.6939
-52.7107
-60.7011
-60.7879
-60.8818
-61.2646
-61.3902
-61.4620
-61.5093
-61.6464
-61.1663
-61.0119
-60.2570
-59.9377
-60.1946
-61.2768
-67.6957
-70.6695
-64.5627
-63.8449
-62.6972
-60.3356
-60.6889
-60.7444
-60.7553
-60.7456
-60.9189
-60.5854
-53.1159
-53.0865
-53.0848
-53.0856
-52.7586
-52.7627
-52.7744
-52.7896
-52.8037
-52.8203
-52.8353
-60.7072
-60.7890
-60.8736
-61.2646
-61.3813
-61.4105
-61.4491
-61.5198
-61.0932
-60.2212
-59.8808
-59.9829
-60.2344
-64.5494
-63.3214
-62.7987
-60.9292
-60.8878
-61.0071
-60.6914
-53.2226
-53.2220
-53.2193
-53.2186
-52.8818
-52.8867
-52.8976
-52.9124
-52.9264
-52.9427
-52.9597
-60.7155
-60.7918
-61.1301
-61.2652
-61.3430
-61.3676
-61.4007
-61.4259
-61.0469
-60.2185
-59.9294
-60.1683
-60.2751
-64.4444
-63.3552
-62.8679
-60.9080
-60.9154
-61.0139
-60.7957
-53.3544
-53.3528
-53.3485
-52.9907
-53.0018
-53.0073
-53.0181
-53.0321
-53.0462
-53.0625
-53.0794
-60.7195
-60.7908
-61.1353
-61.2594
-61.3046
-61.3271
-61.3579
-61.0846
-61.0125
-60.2439
-59.9746
-60.2094
-61.2530
-62.1026
-62.2981
-62.3300
-63.6846
-63.3276
-62.9023
-70.0473
-70.0513
-61.0648
-60.9865
-61.9146
-70.9043
-61.0456
-60.8540
-68.0454
-68.7541
-53.4749
-53.4751
-53.0960
-53.1051
-53.1165
-53.1231
-53.1342
-53.1475
-53.1617
-53.1779
-53.1949
-60.7202
-61.0256
-61.1366
-61.2250
-61.2698
-61.2894
-61.3207
-61.0429
-60.9868
-60.2676
-60.0167
-60.2468
-61.2527
-61.8548
-62.0545
-67.4424
-63.7739
-63.4169
-66.0100
-68.8961
-67.2060
-61.1421
-61.1549
-62.0403
-67.2003
-61.1332
-60.9557
-66.9850
-65.2684
-53.6007
-53.5975
-53.2091
-53.2185
-53.2298
-53.2372
-53.2484
-53.2610
-53.2751
-53.2913
-53.3082
-60.7176
-61.0283
-61.1292
-61.1915
-61.2347
-61.2546
-61.2890
-61.0109
-60.9671
-60.2899
-60.0556
-60.2808
-61.2507
-61.7013
-61.7749
-64.1600
-63.8996
-63.5197
-66.4939
-67.6512
-65.5566
-61.2675
-61.2784
-62.2474
-65.3644
-61.2214
-61.0578
-65.4679
-63.4144
-53.7238
-53.3164
-53.3224
-53.3320
-53.3434
-53.3515
-53.3628
-53.3746
-53.3886
-53.4046
-53.4215
-60.9363
-61.0277
-61.1020
-61.1589
-61.2010
-61.2223
-61.0178
-60.9840
-60.9512
-60.0045
-60.2197
-60.3117
-61.2475
-61.5769
-67.1961
-64.3776
-64.2106
-63.7616
-66.6258
-66.5617
-63.7916
-61.3907
-61.4001
-62.3878
-64.5692
-61.3094
-63.8288
-64.3514
-62.5983
-53.4226
-53.4275
-53.4336
-53.4435
-53.4555
-53.4637
-53.4751
-53.4867
-53.5001
-53.5158
-53.5326
-60.9355
-61.0167
-61.0744
-61.1271
-61.1690
-61.1922
-60.9873
-60.9609
-60.9388
-60.0393
-60.2504
-60.3394
-61.2420
-61.4820
-64.8321
-61.5283
-62.1803
-62.5398
-64.1781
-61.3968
-63.9021
-63.6444
-53.9681
-53.5289
-53.5365
-53.5426
-53.5528
-53.5654
-53.5738
-53.5853
-53.5969
-53.6094
-53.6250
-53.6444
-60.9322
-60.9930
-61.0469
-61.0960
-61.1383
-61.1647
-60.9600
-60.9405
-60.8611
-60.0711
-60.2780
-60.3642
-61.2352
-64.1048
-61.5462
-64.0520
-63.2403
-53.6345
-53.6420
-53.6493
-53.6551
-53.6655
-53.6786
-53.6819
-53.6934
-53.7051
-53.7166
-53.7321
-54.1770
-60.9150
-60.9687
-61.0193
-61.0660
-61.1087
-60.9444
-60.9352
-60.9230
-60.7109
-60.1000
-60.3028
-60.3858
-61.2271
-62.0216
-61.8656
-61.6344
-63.9776
-62.9165
-53.7412
-53.7487
-53.7558
-53.7617
-53.7723
-53.7858
-53.7941
-53.8055
-53.8168
-53.8275
-54.2875
-54.3042
-60.8928
-60.9437
-60.9917
-61.0369
-61.0798
-60.9216
-60.9122
-60.8215
-60.6208
-60.1263
-60.3245
-60.4049
-61.2178
-61.8814
-61.9535
-61.7103
-63.6299
-60.0997
-53.8446
-53.8526
-53.8596
-53.8655
-53.8767
-53.8901
-53.8986
-53.9099
-53.9211
-54.3933
-54.4075
-54.4245
-60.8697
-60.9183
-60.9645
-61.0084
-61.0504
-60.8954
-60.8463
-60.7379
-60.0758
-60.2655
-60.3432
-61.0193
-61.1900
-61.3714
-62.0422
-61.7673
-60.3840
-60.0258
-53.9462
-53.9544
-53.9614
-53.9673
-53.9794
-53.9927
-54.0010
-54.0122
-54.0235
-54.5123
-54.5263
-54.5435
-60.8458
-60.8925
-60.9377
-60.9814
-60.8507
-60.8392
-60.7751
-60.6741
-60.0983
-60.2839
-60.3596
-61.0068
-61.1836
-61.3496
-62.1319
-61.7713
-60.2998
-59.9753
-54.0459
-54.0543
-54.0614
-54.0674
-54.0803
-54.0935
-54.1018
-54.1130
-54.6212
-54.6308
-54.6441
-54.6614
-60.8212
-60.8667
-60.9109
-60.9535
-60.8177
-60.7771
-60.7157
-60.6243
-60.1170
-60.2996
-60.3735
-61.0151
-61.1762
-61.3299
-62.2221
-59.4892
-60.2356
-59.9415
-54.1437
-54.1525
-54.1597
-54.1658
-54.1794
-54.1925
-54.2008
-54.7281
-54.7387
-54.7486
-54.7611
-54.7781
-60.7961
-60.8411
-60.8842
-60.9259
-60.7610
-60.7227
-60.6658
-60.5844
-60.1341
-60.3130
-60.3677
-61.0195
-61.1686
-61.3116
-59.5598
-59.5287
-60.1868
-59.9199
-54.2398
-54.2489
-54.2561
-54.2627
-54.2767
-54.2896
-54.2980
-54.8441
-54.8555
-54.8653
-54.8770
-54.8940
-60.7711
-60.8153
-60.8575
-60.7351
-60.7105
-60.6749
-60.6233
-60.5513
-60.2541
-60.3242
-60.3818
-61.0210
-61.1602
-61.2939
-61.8913
-61.9746
-62.0074
-62.0575
-62.0883
-62.1193
-62.1512
-62.1827
-62.2136
-62.2443
-59.5741
-59.5515
-60.1336
-59.8939
-54.3308
-54.3407
-54.3484
-54.3562
-54.3706
-54.3839
-54.9475
-54.9596
-54.9712
-54.9810
-54.9925
-55.0088
-60.7465
-60.7897
-60.8314
-60.6868
-60.6650
-60.6326
-60.5863
-60.0966
-60.2647
-60.3167
-60.3941
-61.0207
-61.1509
-61.2768
-61.7962
-61.8277
-61.8561
-61.8991
-61.9477
-61.9657
-61.9752
-62.0035
-61.9438
-61.6807
-59.6005
-60.3019
-60.1019
-59.8851
-54.4222
-54.4324
-54.4401
-54.4486
-54.4631
-55.0518
-55.0607
-55.0731
-55.0851
-55.0952
-55.1068
-55.1224
-60.7221
-60.7644
-60.8065
-60.6432
-60.6237
-60.5948
-60.5539
-60.1083
-60.2732
-60.3284
-60.4050
-61.0183
-61.1409
-61.2332
-61.7269
-61.7523
-61.7923
-61.8083
-61.8184
-61.8183
-61.7984
-61.7375
-61.6044
-59.6448
-59.6067
-60.2393
-60.0564
-59.8822
-54.5121
-54.5224
-54.5300
-54.5391
-55.1501
-55.1634
-55.1730
-55.1856
-55.1977
-55.2077
-55.2193
-55.2345
-60.6981
-60.7398
-60.6133
-60.6035
-60.5863
-60.5607
-60.5240
-60.1183
-60.2641
-60.3386
-60.4146
-61.0140
-61.1301
-61.2102
-61.6551
-61.6749
-61.7060
-61.7125
-61.7102
-61.6903
-61.6406
-61.5362
-61.3250
-59.6513
-59.6190
-60.1928
-60.0409
-59.8635
-54.5941
-54.6046
-54.6121
-54.6219
-55.2529
-55.2745
-55.2845
-55.2972
-55.3092
-55.3191
-55.3306
-55.3449
-60.6749
-60.7164
-60.5762
-60.5671
-60.5522
-60.5298
-60.4973
-60.1267
-60.2739
-60.3478
-60.8950
-61.0082
-61.0899
-61.1851
-61.5816
-61.6124
-61.6182
-61.6158
-61.6000
-61.5626
-61.4896
-61.3594
-61.1321
-59.6715
-59.6442
-60.1685
-60.0142
-59.8542
-54.6762
-54.6867
-54.6989
-55.3467
-55.3630
-55.3778
-55.3879
-55.4007
-55.4128
-55.4226
-55.4337
-55.4477
-60.6521
-60.6856
-60.5411
-60.5337
-60.5211
-60.5011
-60.4733
-60.2121
-60.2826
-60.3560
-60.8935
-60.9771
-61.0712
-61.1612
-61.5074
-61.5316
-61.5308
-61.5198
-61.4924
-61.4409
-61.3536
-61.2113
-60.9893
-59.6909
-59.6690
-60.1487
-60.0064
-59.8616
-54.7607
-54.7711
-55.4395
-55.4503
-55.4673
-55.4822
-55.4974
-55.5102
-55.5222
-55.5317
-55.5426
-55.5553
-60.6297
-60.5092
-60.5084
-60.5029
-60.4924
-60.4749
-60.0611
-60.2208
-60.2909
-60.3632
-60.8906
-60.9629
-61.0514
-61.1252
-61.4503
-61.4515
-61.4453
-61.4265
-61.3901
-61.3292
-61.2343
-61.0905
-60.8822
-59.7095
-59.6929
-60.1328
-60.0016
-54.8349
-54.8434
-54.8538
-55.5461
-55.5584
-55.5756
-55.5905
-55.6008
-55.6137
-55.6254
-55.6349
-55.6497
-55.6619
-60.6086
-60.4769
-60.4777
-60.4741
-60.4651
-60.4510
-60.0718
-60.2289
-60.2984
-60.3696
-60.8604
-60.9473
-61.0241
-61.0883
-61.3768
-61.3744
-61.3628
-61.3377
-61.2949
-61.2289
-61.1310
-60.9915
-60.8001
-59.7278
-59.7159
-60.1198
-59.9988
-54.9155
-54.9245
-55.6418
-55.6530
-55.6657
-55.6830
-55.6978
-55.7082
-55.7207
-55.7324
-55.7413
-55.7504
-55.7625
-60.5740
-60.4459
-60.4485
-60.4464
-60.4395
-60.4094
-60.0815
-60.2365
-60.3052
-60.3753
-60.8490
-60.9285
-60.9920
-61.0679
-61.3058
-61.3001
-61.2840
-61.2544
-61.2078
-61.1395
-61.0423
-60.9100
-59.8192
-59.7452
-59.7377
-60.1092
-59.9972
-54.9946
-55.7354
-55.7476
-55.7593
-55.7723
-55.7897
-55.8043
-55.8143
-55.8268
-55.8384
-55.8460
-55.8548
-55.8680
-60.4104
-60.4160
-60.4202
-60.4194
-60.4151
-60.3935
-60.1746
-60.2431
-60.3110
-60.3545
-60.8358
-60.9006
-60.9602
-61.0318
-61.2384
-61.2293
-61.2097
-61.1770
-61.1288
-61.0599
-60.9659
-60.8422
-59.7815
-59.7618
-59.7584
-60.1003
-59.9965
-55.0721
-55.8399
-55.8532
-55.8650
-55.8782
-55.8956
-55.9096
-55.9195
-55.9320
-55.9424
-55.9500
-55.9599
-55.9786
-60.3597
-60.3695
-60.3916
-60.3926
-60.3727
-60.0314
-60.1802
-60.2470
-60.2933
-60.3515
-60.8127
-60.8719
-60.9441
-60.9968
-61.0498
-61.1615
-61.1395
-61.1056
-61.0565
-60.9888
-60.8992
-60.7854
-59.7932
-59.7771
-59.7876
-60.0917
-59.9963
-55.9314
-55.9445
-55.9581
-55.9699
-55.9832
-56.0000
-56.0139
-56.0238
-56.0356
-56.0463
-56.0675
-56.0703
-56.0766
-60.3290
-60.3393
-60.3470
-60.3510
-60.3555
-60.0383
-60.1850
-60.2512
-60.2908
-60.3472
-60.7875
-60.8437
-60.9126
-60.9634
-61.0114
-61.0984
-61.0751
-61.0406
-60.9918
-60.9263
-60.8425
-60.7380
-59.8048
-59.7921
-60.1704
-60.0849
-63.1109
-56.0354
-56.0490
-56.0627
-56.0743
-56.0871
-56.1039
-56.1176
-56.1273
-56.1394
-56.1642
-56.1652
-56.1675
-56.1733
-60.2990
-60.3099
-60.3192
-60.3081
-60.3224
-60.0295
-60.1886
-60.2302
-60.2864
-60.7059
-60.7617
-60.8313
-60.8822
-60.9307
-60.9763
-61.0388
-61.0154
-60.9809
-60.9332
-60.8709
-60.7934
-60.6975
-59.8159
-59.8061
-60.1584
-63.3544
-63.1934
-56.1395
-56.1532
-56.1667
-56.1775
-56.1904
-56.2070
-56.2204
-56.2312
-56.2580
-56.2609
-56.2614
-56.2632
-56.2685
-60.2696
-60.2812
-60.2687
-60.2890
-60.3058
-60.0331
-60.1756
-60.2110
-60.2802
-60.6818
-60.7353
-60.8026
-60.8521
-60.8984
-60.9419
-60.9831
-60.9596
-60.9257
-60.8799
-60.8222
-60.7503
-60.6625
-59.8265
-59.8187
-60.1480
-63.4269
-63.2852
-56.2433
-56.2574
-56.2696
-56.2801
-56.2929
-56.3099
-56.3500
-56.3506
-56.3538
-56.3562
-56.3563
-56.3576
-56.3623
-60.2397
-60.2530
-60.2484
-60.2690
-60.2898
-60.1101
-60.1498
-60.2036
-60.2579
-60.6414
-60.7245
-60.7744
-60.8220
-60.8666
-60.9086
-60.9305
-60.9074
-60.8747
-60.8319
-60.7785
-60.7121
-60.6317
-59.8357
-59.8307
-63.6446
-63.5162
-63.3839
-56.3469
-56.3604
-56.3720
-56.3821
-56.3975
-56.4420
-56.4454
-56.4455
-56.4483
-56.4502
-56.4498
-56.4505
-56.4547
-60.2101
-60.2040
-60.2282
-60.2513
-59.9726
-60.0878
-60.1424
-60.1949
-60.2485
-60.6149
-60.6816
-60.7305
-60.7770
-60.8348
-60.8760
-60.8804
-60.8580
-60.8271
-60.7881
-60.7386
-60.6776
-59.8734
-59.8440
-63.0746
-63.7349
-63.6142
-63.4889
-56.4494
-56.4630
-56.4738
-56.4879
-56.5309
-56.5368
-56.5396
-56.5392
-56.5416
-56.5429
-56.5419
-56.5419
-56.5455
