-79.7402 -77.8763 -76.6243 -76.2688 -76.2743 -76.2730 -76.2657 -77.5805 -77.8279 -78.0398 -78.0670 -78.2211 -78.3359 -78.6136 -78.7081 -78.9013 -78.9513 -79.0246 -79.0868 -79.3895 -78.7060 -79.1023 -79.1227 -79.1369 -78.2230 -78.0046 -78.0001 -77.9971 -78.2161 -78.8211 -78.7568 -79.2610 -79.9872 -79.2481 -79.2510 -79.2522 -79.3252 -80.3878 -79.5373 -79.6084
-78.9639 -77.5832 -76.5956 -76.3505 -76.2207 -76.2243 -76.2222 -77.4966 -77.7312 -78.0495 -78.2400 -78.9934 -79.1293 -79.2423 -79.5581 -79.6230 -79.6670 -79.6951 -79.7111 -79.4859 -79.3698 -79.0863 -79.1049 -79.1191 -78.1659 -78.0224 -77.9822 -77.8929 -77.4804 -78.6345 -78.7330 -79.2577 -79.3798 -80.0341 -79.0817 -79.0745 -79.0570 -79.0665 -78.8523 -78.8039
-78.5949 -77.5437 -76.4222 -76.3073 -76.7670 -76.7730 -76.7726 -78.2190 -78.4830 -78.7268 -78.9203 -78.8806 -79.0003 -79.1040 -79.3959 -79.4845 -79.5580 -79.4740 -79.5260 -79.3966 -79.2906 -79.7101 -79.0826 -78.7734 -77.9894 -77.8618 -77.8436 -77.8203 -77.7382 -78.2417 -78.4567 -78.8478 -79.0095 -78.4994 -78.5118 -79.0598 -79.0505 -79.0961 -79.3772 -79.3384
0.0000 -79.8717 -77.9344 -77.0887 -76.9827 -76.7830 -76.8524 -78.2340 -78.4124 -78.5806 -78.5981 -78.7430 -78.6960 -78.2745 -78.4571 -78.7423 -78.8511 -78.9472 -79.0322 -79.0358 -78.9872 -79.2321 -79.2845 -79.3044 -78.0508 -78.0505 -78.4738 -78.4472 -78.4157 -78.8750 -79.0130 -79.4115 -79.6165 -79.1253 -79.1353 -79.1441 -79.1228 -79.7397 -79.4435 -79.4255
0.0000 -79.8305 -77.6940 -76.5125 -76.4061 -76.2305 -76.3210 -77.5470 -77.8440 -77.7907 -77.9709 -78.1365 -78.1491 -78.8131 -78.9097 -78.9957 -79.2669 -79.3421 -79.4077 -79.4386 -79.3816 -80.1929 -80.2817 -80.3555 -79.4402 -78.8379 -78.7150 -78.6906 -78.6688 -78.8265 -79.2643 -79.5671 -79.6651 -79.3873 -79.2618 -79.2599 -79.2589 -79.2284 -78.9467 -79.5130
-78.9049 -77.8561 -77.2745 -77.0459 -76.9488 -76.8989 -76.7498 -78.0731 -78.2541 -78.4245 -78.6400 -78.7728 -78.8934 -78.8388 -78.9341 -79.0200 -79.0909 -79.8083 -79.9527 -80.0613 -80.1015 -80.2712 -80.3512 -80.4187 -79.5460 -79.5075 -78.7908 -78.7684 -78.7469 -78.9660 -79.1886 -79.4942 -79.6829 -79.3965 -79.2562 -79.2488 -79.2432 -79.2095 -79.0280 -79.0188
-79.4328 -78.0003 -76.8456 -76.5981 -76.5223 -76.4412 -76.5733 -77.8262 -78.0096 -78.1820 -78.3328 -78.4860 -78.6405 -79.5709 -79.5400 -79.6742 -79.7967 -80.1354 -80.2468 -80.1780 -80.2428 -80.3476 -80.4200 -80.3012 -79.4973 -79.4724 -79.3194 -78.8509 -78.8190 -78.3103 -79.2672 -79.5350 -79.7201 -79.6027 -79.4552 -79.3585 -79.3577 -79.3212 -79.0392 -79.0304
-80.0374 -78.1748 -76.8837 -76.4203 -76.3736 -76.3220 -76.2714 -77.2375 -77.2924 -78.0519 -78.2283 -78.9204 -79.1084 -79.2808 -79.2736 -79.5771 -79.7098 -79.8313 -80.1695 -80.2799 -80.3713 -80.4705 -80.5526 -80.6242 -79.8159 -79.7904 -79.6279 -79.5643 -79.4930 -79.2218 -79.1973 -79.4150 -79.6014 -79.5603 -79.4379 -79.4023 -78.5087 -78.4407 -78.7508 -78.7631
-78.6347 -77.0928 -76.1659 -76.0186 -76.0102 -76.1684 0.0000 0.0000 0.0000 -79.7813 0.0000 0.0000 -80.6779 -79.0767 -79.1651 -79.1002 -79.7760 -79.8873 -80.2149 -80.3206 -80.4177 -80.5067 -80.5833 -80.6108 -79.8198 -79.7625 -79.5956 -79.5294 -79.4665 -79.7878 -78.9947 -79.4063 -79.5797 -79.6127 -79.5096 -79.4744 -79.3497 -79.2909 -78.9426 -78.9468
-78.3788 -77.4851 -76.4297 -76.0261 -76.0319 -76.0196 0.0000 0.0000 0.0000 -80.9444 0.0000 0.0000 -84.8254 -80.8106 -80.6952 -80.2585 -80.0236 -79.3808 -79.4345 -79.6674 -80.3221 -80.3679 -80.4084 -80.4423 -79.7317 -79.6813 -79.6330 -79.4742 -79.4179 -79.7548 -79.7093 -79.2925 -79.4597 -79.5451 -79.4740 -79.4427 -79.4126 -79.3551 -79.0612 -79.0328
-77.6658 -77.0502 -76.3813 -76.2167 -75.9771 -75.9847 0.0000 0.0000 0.0000 -83.3620 0.0000 0.0000 -84.8440 -81.2071 -80.7837 -80.7466 -80.3311 -80.2371 -80.1686 -80.1200 -80.2667 -80.2773 -79.6712 -79.6937 -79.1263 -79.5879 -79.5476 -79.4089 -79.3593 -79.6976 -78.7798 -79.7739 -79.3505 -79.4820 -79.4230 -79.3960 -79.3785 -79.3256 -79.0378 -79.0126
-77.2487 -76.9982 -76.1650 -76.0638 -76.0678 -76.2469 0.0000 0.0000 0.0000 -83.3842 0.0000 0.0000 -84.8694 -81.5660 -81.1176 -80.5701 -80.5400 -80.2766 -80.2064 -80.1526 -80.1130 -80.3064 -80.2860 -80.2650 -79.6298 -79.5680 -79.0122 -78.8962 -78.8504 -79.1519 -79.5769 -79.6525 -79.8181 -79.9575 -79.3738 -79.3515 -79.3297 -79.2901 -79.0092 -78.9875
-77.1925 -76.7779 -75.9779 -76.0621 -76.1018 -76.1322 0.0000 0.0000 0.0000 -83.4024 0.0000 0.0000 -84.8913 -81.6540 -80.8809 -80.6848 -80.3832 -80.1993 -80.1416 -80.0971 -80.0648 -80.2580 -80.2458 -80.2405 -79.6688 -79.5949 -79.5215 -79.3701 -79.3085 -79.6272 -79.5638 -78.8950 -79.2316 -79.3575 -79.8978 -79.3004 -79.2834 -79.2667 -78.9753 -78.9574
-76.9590 -76.6237 -75.8580 -75.7627 -75.7936 -75.9969 0.0000 0.0000 0.0000 -83.4121 0.0000 0.0000 -84.8981 -82.9071 -80.6969 -80.5151 -80.1699 -80.1284 -79.9853 -79.9620 -79.9499 -79.9452 -80.1529 -80.1588 -79.6479 -79.5819 -79.5220 -79.3982 -79.3285 -79.6412 -79.5748 -79.5255 -79.6524 -79.7819 -79.8745 -79.3698 -78.8417 -78.8258 -78.5557 -78.9149
-76.9247 -76.6440 -75.8824 -75.7886 -75.8204 -75.8476 -79.9293 0.0000 0.0000 -82.6745 0.0000 0.0000 -83.9023 -82.2158 -80.4520 -80.1569 -80.0704 -79.8379 -79.4153 -79.4366 -79.4398 -79.4665 -79.4930 -79.7065 -79.2999 -78.7900 -78.7211 -78.5900 -78.4911 -78.6931 -78.6589 -77.9584 -78.7155 -78.8235 -78.9160 -78.9432 -78.9293 -78.9083 -78.2131 -78.2032
-76.8912 -76.6254 -76.6794 -75.7820 -75.8158 -75.8451 -78.0319 -78.5677 -79.3165 -79.0211 -80.0362 -80.1086 -79.5900 -79.4158 -78.5568 -78.5500 -78.6162 -78.6719 -78.5834 -78.5447 -78.6177 -78.6665 -78.7121 -78.9090 -78.6166 -78.5954 -78.5751 -78.5558 -78.4850 -78.7608 -78.7268 -78.6970 -78.7457 -78.8527 -78.9454 -79.0100 -78.9919 -78.9748 -78.6864 -78.2468
-75.9511 -76.6081 -76.6618 -75.7757 -75.8102 -75.8405 -77.6225 -78.0696 -78.4921 -78.0629 -79.1983 -79.3395 -79.3425 -79.2540 -79.1108 -78.4954 -78.5665 -78.6366 -78.6966 -78.6409 -78.6039 -78.6747 -78.7235 -78.7701 -78.6604 -78.6411 -78.6225 -78.6045 -78.5415 -78.8224 -78.7889 -78.7595 -78.7739 -78.8755 -78.9722 -79.0442 -79.0475 -79.0302 -78.7516 -78.7273
-76.8973 -76.5960 -76.6493 -75.7758 -75.8111 -75.8425 -77.3777 -77.8307 -78.1078 -78.0558 -78.6394 -78.7500 -78.8954 -78.8341 -78.7591 -78.3949 -78.5077 -78.5866 -78.6568 -78.7195 -78.5845 -78.6608 -78.7289 -78.7782 -78.5549 -78.6804 -78.6638 -78.6474 -78.5924 -78.8783 -78.8458 -78.8170 -78.8046 -78.8993 -78.9907 -79.0689 -79.1036 -79.0857 -78.8050 -78.7848
-76.9216 -76.5832 -76.6387 -75.7776 -75.8136 -75.8458 -77.2240 -77.6440 -77.9363 -77.8847 -78.5131 -78.6296 -78.5207 -78.4529 -78.4004 -78.0877 -78.1895 -78.5037 -78.6083 -78.6778 -78.6173 -78.6170 -78.6999 -78.7790 -78.5870 -78.7144 -78.6998 -78.6853 -78.6385 -78.9292 -78.8979 -78.8700 -78.1758 -78.9173 -79.0078 -79.0917 -79.1523 -79.1354 -78.8536 -78.8358
-76.0855 -75.7892 -75.8500 -75.1443 -75.1844 -75.2201 -76.3051 -76.6284 -76.8737 -76.9440 -77.3033 -77.4615 -77.4883 -77.4582 -78.4215 -77.7726 -77.8565 -78.2324 -78.3251 -78.4106 -78.7031 -78.5640 -78.6496 -78.7311 -78.5920 -78.6030 -78.7315 -78.7189 -78.6805 -78.9755 -78.9457 -78.9190 -78.8925 -78.9354 -79.0237 -79.1104 -79.1727 -79.1818 -78.9214 -78.8819
-76.0773 -75.5593 -75.8188 -75.1270 -75.1734 -75.2167 -76.2391 -76.5336 -76.7705 -76.9241 -77.1166 -77.3377 -77.4462 -77.4438 -77.4492 -77.3695 -76.9907 -77.0665 -77.1394 -77.4465 -77.5246 -77.5976 -77.5006 -77.7389 -77.6593 -77.6814 -77.7019 -77.8300 -77.8147 -78.0657 -78.0523 -78.0411 -78.0295 -78.0511 -78.1303 -78.2061 -78.2701 -78.3064 -78.1024 -78.0788
-76.8558 -76.4569 -76.7323 -75.8927 -75.9358 -75.9754 -77.1456 -77.5776 -77.8638 -78.0924 -78.2825 -78.4425 -78.6997 -78.7350 -78.7481 -78.6583 -78.0972 -78.1777 -78.2550 -78.3294 -77.4449 -77.7564 -77.8087 -77.7434 -77.6715 -77.6843 -77.8702 -78.0065 -78.0249 -78.2878 -78.2730 -78.2602 -78.2470 -78.0643 -78.1370 -78.2125 -78.2808 -78.3344 -78.1323 -78.1095
-77.0369 -76.6108 -76.6202 -75.7977 -76.0422 -76.0816 -77.2291 -77.5422 -77.8140 -78.0486 -78.2510 -78.4199 -78.5621 -78.7750 -78.8006 -78.7384 -78.1454 -78.2254 -78.3026 -78.3770 -78.4484 -78.5178 -78.5746 -78.7460 -78.6923 -78.7058 -78.7070 -78.7078 -78.8473 -79.0469 -79.3860 -79.3662 -79.3353 -78.6041 -79.3706 -79.4519 -79.5299 -79.5832 -79.3243 -79.2794
-76.9965 -76.5707 -76.5641 -75.7627 -75.7973 -75.8310 -76.8669 -77.4123 -77.6730 -77.9037 -78.1079 -78.3809 -78.5379 -78.6765 -78.8493 -78.8030 -78.2121 -78.2726 -78.3494 -78.4237 -78.4952 -78.5647 -78.6293 -78.6642 -78.4469 -78.7578 -78.7835 -78.7839 -78.7839 -78.9105 -79.2291 -79.2126 -79.4337 -78.6964 -79.4400 -79.5215 -79.5963 -79.6546 -79.4144 -79.3689
-77.2009 -76.7518 -76.4923 -75.9063 -75.9395 -75.9704 -76.9944 -77.2421 -77.4653 -77.9681 -78.1649 -78.3410 -78.4994 -78.6424 -78.7725 -78.8599 -78.8134 -78.3114 -78.3956 -78.4697 -78.5411 -78.6106 -78.6789 -78.7206 -78.4978 -78.5210 -78.5434 -78.8595 -78.8593 -78.8586 -79.3171 -79.3002 -79.2823 -79.2653 -79.2856 -79.5873 -79.6618 -79.7259 -79.5039 -79.4576
-76.7427 -76.8203 -76.8085 -75.9581 -75.9928 -76.0231 -77.0270 -77.2596 -77.4716 -77.6636 -77.8360 -78.3067 -78.4651 -78.6095 -78.7418 -78.7815 -78.8627 -78.3351 -78.4363 -78.5150 -78.5863 -78.6556 -78.7214 -78.7719 -78.7297 -78.5710 -78.5934 -78.6150 -78.6359 -78.9331 -79.4045 -79.3873 -79.3689 -79.3514 -79.3498 -79.4268 -79.5069 -79.7966 -79.5921 -79.5454
-76.8002 -76.4023 -76.8750 -76.0146 -76.0458 -76.0756 -77.0623 -77.2816 -77.4838 -77.6691 -77.8375 -77.9907 -78.1301 -78.2573 -78.7133 -78.8159 -78.8994 -78.3424 -78.4468 -78.5477 -78.6303 -78.7000 -78.7656 -78.8197 -78.7999 -78.7847 -78.6428 -78.6642 -78.6850 -78.7054 -79.0420 -79.4738 -79.4551 -79.4372 -79.4124 -79.4858 -79.5664 -79.6413 -79.4761 -79.4398
-76.6705 -76.4666 -76.4571 -76.0668 -76.0985 -76.1277 -77.0996 -77.3073 -77.5005 -77.6790 -77.8434 -77.9942 -78.1325 -78.2597 -78.3768 -78.4852 -78.8314 -78.9142 -78.4543 -78.5551 -78.6518 -78.7300 -78.8047 -78.8653 -78.8664 -78.8544 -78.6916 -78.7129 -78.7342 -78.7550 -79.0941 -79.1135 -79.2478 -79.5228 -78.8050 -79.5470 -79.6245 -79.6987 -79.5542 -79.5404
-76.6943 -76.3701 -76.3638 -75.4164 -75.7444 -76.1746 -77.1332 -77.3311 -77.5168 -77.6899 -77.8531 -78.0010 -78.1379 -78.2645 -78.3818 -78.4909 -78.5557 -78.5325 -78.1684 -78.5627 -78.6604 -78.7510 -78.8256 -78.8922 -78.9222 -78.9206 -78.9100 -78.7623 -78.7835 -78.8040 -79.1456 -79.1650 -79.3056 -79.3108 -79.3124 -79.3562 -79.6832 -79.7566 -79.6320 -79.6178
-77.2622 -76.4398 -76.4329 -75.6661 -75.6780 -75.7084 -77.0193 -77.3664 -77.5438 -77.7103 -77.8659 -78.0110 -78.1459 -78.2716 -78.3887 -78.4981 -78.6004 -78.5951 -78.1089 -78.2827 -78.3677 -78.7633 -78.8460 -78.9132 -78.9624 -78.9647 -78.9654 -78.8089 -78.8322 -78.8527 -79.1966 -79.2160 -79.2332 -79.3679 -79.3715 -79.3942 -79.4802 -79.5703 -79.7086 -79.6948
-76.4222 -76.9859 -76.9709 -76.1165 -76.1182 -76.1444 0.0000 0.0000 -78.5432 -78.4732 -77.8816 -78.0236 -78.1564 -78.2809 -78.3974 -78.5067 -78.6094 -78.6550 -78.1629 -78.2259 -78.3983 -78.4805 -78.5591 -78.9336 -78.9941 -79.0056 -79.0085 -79.0101 -78.8672 -78.8954 -79.2263 -79.2665 -79.2837 -79.3003 -79.4281 -79.4335 -79.5141 -79.6024 -79.5366 -79.5484
-77.3703 -76.2221 -77.0360 -76.1793 -75.9678 -76.1969 0.0000 0.0000 0.0000 -82.4306 -78.9729 -79.0139 -79.0694 -79.1349 -79.2062 -78.5168 -78.6195 -78.7134 -78.6991 -78.2595 -78.3401 -78.5109 -78.5893 -78.6609 -78.7123 -78.7340 -79.0494 -79.0529 -79.0553 -78.9245 -79.2390 -79.3076 -79.3330 -79.3503 -79.4839 -78.8249 -79.5490 -79.6351 -79.5821 -79.5978
-77.5012 -77.1903 -76.3343 -76.2416 -76.0311 -76.2468 -78.4676 -80.6193 0.0000 -83.7484 -81.5211 -79.7682 -79.2323 -79.2949 -79.3603 -79.4278 -79.4965 -79.5654 -79.5581 -78.9706 -78.3730 -78.4514 -78.6196 -78.6966 -78.7534 -78.7908 -78.7910 -78.7904 -79.0978 -78.9531 -79.2492 -79.3272 -79.3633 -79.3881 -79.4103 -79.5407 -79.5851 -79.6676 -79.6274 -79.6467
-77.1556 -76.8752 -76.8498 -76.0152 -75.6470 -76.3334 -77.9275 -78.6335 -78.8554 -79.7677 -78.9492 -79.9751 -79.8736 -79.9537 -79.4733 -79.5406 -79.6073 -79.6734 -79.7163 -79.0823 -79.1423 -79.2035 -79.3717 -79.4362 -79.4915 -78.8464 -78.8476 -78.8480 -78.8476 -78.8465 -78.9544 -79.3371 -79.3930 -79.4181 -79.4409 -79.4644 -79.6154 -79.7007 -79.6725 -79.6936
-77.2206 -76.9631 -76.9469 -76.1032 -76.0663 -75.4174 -77.3276 -77.7657 -78.6851 -78.5464 -79.0991 -79.0347 -79.2352 -79.8496 -79.4814 -79.6557 -79.4810 -79.7594 -79.8241 -79.7970 -79.2368 -79.2955 -79.3540 -79.5231 -79.5822 -79.6262 -79.6224 -79.6030 -79.5843 -79.5665 -78.9804 -79.0470 -79.1114 -79.4477 -79.4708 -79.4947 -79.6352 -79.7171 -79.7078 -79.7359
-77.2246 -77.0307 -77.0326 -76.1896 -76.1526 -75.9255 -76.4391 -77.7203 -78.1494 -78.0955 -77.6901 -78.3318 -79.0612 -79.2686 -79.4141 -79.0732 -79.6395 -79.8005 -79.5962 -79.7358 -79.1957 -79.2844 -79.4339 -79.4922 -79.6588 -79.7133 -79.7250 -79.7042 -79.6843 -79.6654 -79.8952 -79.7654 -79.8239 -79.8513 -79.8564 -80.2281 -78.9114 -79.7334 -79.7343 -79.7624
-77.5167 -77.3316 -77.0883 -76.2746 -76.2374 -76.0092 0.0000 -77.8348 -77.9024 -78.1344 -78.3717 -77.7403 -78.3961 -78.5543 -78.7268 -79.4123 -79.1704 -79.2885 -79.3885 -80.2400 -79.1457 -79.2253 -79.2997 -79.4473 -79.5293 -79.7229 -79.7861 -79.7992 -79.7785 -79.7588 -79.9726 -80.0083 -79.8839 -79.9305 -79.9343 -79.9402 -79.9463 -79.9962 -80.4866 -80.5062
-77.5305 -77.3533 -77.3940 -76.5566 -76.5446 -78.0104 0.0000 0.0000 -78.1122 -79.3904 -78.9202 -78.2196 -77.6684 -77.7696 -78.6280 -78.7934 -78.9414 -79.0743 -78.8535 -79.4609 -78.9809 -79.7228 -79.3251 -79.4021 -79.4755 -79.5501 -79.7254 -79.8008 -79.8040 -79.8063 -80.0238 -80.0804 -79.9404 -79.9962 -80.0092 -80.0142 -80.0194 -80.0522 -80.0559 -80.1876
-77.2332 -77.0858 -77.4145 -76.5969 -76.5972 -76.5946 -78.8006 0.0000 -84.4464 -79.6785 -78.3293 -78.8149 -78.7533 -78.2671 -78.3345 -78.7054 -78.8634 -79.0065 -79.1358 -78.9497 -79.0353 -78.5997 -78.6737 -79.2192 -79.4886 -79.5686 -79.6416 -79.7764 -79.7735 -79.7699 -79.9606 -80.0816 -80.1352 -80.0229 -80.0729 -80.0852 -80.0898 -80.1062 -80.1192 -80.2528
-76.2604 -76.9559 -76.9876 -76.3782 -76.6368 -76.6380 -78.5993 -78.8872 -79.1393 -78.7564 -79.6972 -77.8588 -78.9507 -78.7743 -78.8053 -78.4820 -79.3485 -79.4855 -79.0730 -79.1987 -79.0424 -78.6228 -78.6962 -78.7685 -78.8378 -78.9082 -78.9775 -79.7000 -79.8144 -79.8141 -79.9891 -80.0382 -80.0845 -79.9559 -80.0178 -80.1020 -80.1251 -79.4570 -80.1805 -80.1891
