0.0000 0.0000 0.0000 0.0000 -79.2870 -78.9651 -78.1505 -77.9288 -77.7956 -77.5870 0.0000 0.0000 0.0000 0.0000 0.0000 0.0000 0.0000 0.0000 0.0000 0.0000 -78.9352 -78.1373 -78.0297 -78.4099 -78.3094 -77.7474 -77.6774 -77.5973 -77.5747 -77.7330 -77.7105 -77.6065 -77.5905 -77.5624 -77.5167 -76.5488 -76.5329 -76.5193 -76.5056 -76.4919
-84.3201 -84.2382 -84.1751 -84.1374 -78.8174 -78.7021 -78.2769 -78.1198 -77.9394 -77.7432 0.0000 0.0000 0.0000 0.0000 0.0000 0.0000 0.0000 0.0000 0.0000 0.0000 -81.4122 -78.9184 -78.4625 -78.5385 -78.4496 -78.3545 -78.2580 -77.7169 -77.6437 -77.6135 -77.8659 -77.7487 -77.6420 -77.6261 -77.6018 -77.5568 -76.5875 -76.5742 -76.5610 -76.5479
-82.5355 -83.3982 -83.3721 -82.7757 -78.7840 -78.7048 -78.3377 -78.1916 -78.0404 -77.8817 0.0000 0.0000 0.0000 0.0000 0.0000 0.0000 0.0000 0.0000 0.0000 0.0000 -81.5847 -80.5557 -78.9154 -79.0106 -78.8619 -78.4866 -78.3899 -78.2956 -78.2055 -77.6866 -77.7473 -77.8886 -77.7842 -77.6754 -77.6598 -77.6397 -77.5955 -76.6274 -76.6148 -76.6021
-81.8742 -81.9600 -82.1158 -81.3909 -78.4194 -78.3401 -78.5312 -78.2569 -78.1029 -77.9436 0.0000 0.0000 0.0000 0.0000 0.0000 0.0000 0.0000 0.0000 0.0000 0.0000 -81.9371 -80.9687 -80.2314 -79.0568 -79.2517 -78.9021 -78.5136 -78.4191 -78.3346 -78.2397 -78.2627 -76.7557 -77.9102 -77.8176 -77.7695 -77.6921 -77.6762 -77.6305 -76.6667 -76.6546
0.0000 0.0000 0.0000 0.0000 -79.7550 -78.5647 -78.1715 -78.0501 -77.9184 -77.7807 0.0000 0.0000 0.0000 0.0000 0.0000 0.0000 0.0000 0.0000 0.0000 0.0000 0.0000 -81.2030 -80.6199 -80.2123 -79.4612 -79.2755 -78.9207 -78.8103 -78.4425 -78.3612 -78.3773 -78.2894 -77.1213 -78.3609 -77.8493 -77.8024 -77.7233 -77.7062 -77.6672 -77.5997
0.0000 0.0000 0.0000 0.0000 -79.7249 -79.3599 -78.5733 -78.3953 -78.2704 -78.0802 0.0000 0.0000 0.0000 0.0000 0.0000 0.0000 0.0000 0.0000 0.0000 0.0000 0.0000 -81.3642 -80.8781 -80.5159 -79.6504 -79.4451 -79.2729 -79.1346 -78.8253 -78.7181 -78.4917 -78.3971 -78.3128 -77.1501 -78.3754 -78.2914 -77.8343 -77.7538 -77.7378 -77.7034
0.0000 0.0000 0.0000 0.0000 -79.6883 -79.2938 -78.8988 -78.1776 -78.0817 -78.0217 0.0000 0.0000 0.0000 0.0000 0.0000 0.0000 0.0000 0.0000 0.0000 0.0000 0.0000 -81.7049 -81.0556 -80.7150 -80.9701 -79.5650 -79.4159 -79.2597 -79.1343 -78.8320 -78.8474 -78.7538 -78.4144 -78.3338 -77.1776 -78.3892 -78.3161 -78.2632 -77.7811 -77.7689
-81.7920 -82.9253 -82.9125 -82.8991 -78.4562 -78.2946 -78.1532 -77.8842 -77.5458 -77.5199 0.0000 0.0000 0.0000 0.0000 0.0000 0.0000 0.0000 0.0000 0.0000 0.0000 0.0000 -81.7387 -81.1725 -80.8256 -81.1508 -80.7584 -79.4973 -79.3726 -79.2398 -79.1267 -78.8338 -78.8506 -78.7571 -78.4331 -78.3532 -78.2500 -78.4030 -78.3400 -78.2863 -78.1917
-79.9266 -81.0473 -81.0446 -80.7493 -77.9668 -77.9461 -77.9292 -77.9043 -77.7510 -77.4163 0.0000 0.0000 0.0000 0.0000 0.0000 0.0000 0.0000 0.0000 0.0000 0.0000 0.0000 -81.6509 -81.0629 -80.6868 -81.0900 -80.7591 -80.4687 -79.3464 -79.2482 -79.1433 -79.0622 -78.6926 -78.4350 -78.3442 -78.2883 -78.2297 -78.1645 -78.1636 -78.2263 -78.1814
-79.3829 -79.5987 -80.2422 -79.8888 -77.7968 -77.7923 -77.7895 -77.7851 -77.7090 -77.6352 -80.2348 -81.1210 -81.5872 -81.6491 -82.6137 -82.6587 -82.7029 -82.7492 -82.7579 -82.7314 -82.5070 -80.0967 -79.8912 -79.7319 -80.1690 -79.9861 -79.8100 -79.6343 -78.7499 -78.6897 -78.6193 -78.6701 -78.6003 -78.3866 -78.3353 -78.2826 -78.2307 -78.1798 -78.1847 -79.0110
-78.0303 -78.2161 -78.3838 -78.3274 -76.9632 -76.9755 -76.9886 -76.9997 -76.9839 -76.9623 -78.6689 -79.3399 -79.5912 -79.7447 -79.8604 -80.1312 -80.1757 -80.2097 -80.2232 -80.1885 -80.0002 -79.0970 -79.0026 -78.8592 -79.2345 -79.1167 -78.9993 -78.8793 -78.1319 -78.0579 -78.0176 -78.0532 -78.0169 -77.9672 -77.7916 -77.7556 -77.7181 -77.6809 -77.6443 -77.6476
-77.8257 -78.0126 -78.1842 -78.0904 -76.8798 -76.8987 -76.9350 -76.9512 -76.9413 -76.9514 -78.4528 -78.9979 -79.3080 -79.5082 -79.6541 -79.7709 -79.8705 -80.0491 -80.0436 -79.9824 -79.7903 -78.7460 -78.7399 -78.6935 -79.1504 -79.1450 -79.0557 -78.9507 -78.8504 -78.1260 -78.0646 -78.1109 -78.0607 -78.0263 -77.9791 -77.9366 -77.7715 -77.7356 -77.7001 -77.6625
0.0000 0.0000 0.0000 0.0000 -80.0715 -78.5179 -78.2383 -78.0939 -77.9912 -77.8924 -79.5798 -80.0288 -80.4950 -80.7466 -80.9249 -81.0608 -81.1710 -81.2648 -79.8745 -79.7971 -79.6350 -78.7037 -78.7024 -78.6617 -79.1115 -79.1104 -79.1072 -79.0124 -78.9178 -78.8241 -78.1301 -78.1565 -78.1072 -78.0691 -78.0365 -77.9915 -77.9512 -77.7882 -77.7540 -77.7199
0.0000 0.0000 0.0000 0.0000 -80.0615 -79.7761 -79.3260 -78.9608 -78.2350 -78.1140 -79.7227 -80.1529 -80.5534 -80.8121 -81.0006 -81.1445 -81.2598 -81.3560 -81.3937 -81.2295 -80.9833 -79.7972 -79.7685 -79.7381 -80.2349 -80.2088 -80.1864 -80.1415 -80.0069 -79.8761 -79.7492 -78.9883 -78.9277 -78.8567 -78.7995 -78.7493 -78.6893 -78.6290 -78.4328 -78.3822
0.0000 0.0000 0.0000 0.0000 -80.0453 -79.8615 -79.6644 -79.3364 -79.0764 -78.5340 -79.8072 -80.1963 -80.5682 -80.8300 -81.0284 -81.1827 -81.3065 -81.4091 -81.4520 -81.2846 -81.0521 -79.9010 -79.8692 -79.8367 -80.3354 -80.3064 -80.2822 -80.2533 -80.1982 -80.0679 -79.9413 -79.9397 -79.0620 -79.0006 -78.9288 -78.8703 -78.8198 -78.7597 -78.6991 -78.6439
0.0000 0.0000 0.0000 0.0000 -80.0651 -79.9032 -79.6717 -79.4571 -79.2074 -78.7122 0.0000 0.0000 0.0000 0.0000 0.0000 0.0000 0.0000 0.0000 0.0000 0.0000 -84.4334 -81.6728 -79.9855 -79.9245 -80.4243 -80.3940 -80.3687 -80.3390 -80.3090 -80.2499 -80.1236 -80.0012 -79.9997 -79.1299 -79.0681 -78.9958 -78.9478 -78.8861 -78.8259 -78.7660
0.0000 0.0000 0.0000 0.0000 -80.0780 -79.8649 -79.6395 -79.4400 -79.2734 -79.1212 0.0000 0.0000 0.0000 0.0000 0.0000 0.0000 0.0000 0.0000 0.0000 0.0000 -85.1572 -82.0453 -81.7272 -81.4555 -81.9512 -81.1232 -81.0482 -80.4234 -80.3861 -80.3549 -80.2970 -80.1748 -80.1758 -79.2828 -79.1927 -79.1308 -79.0584 -79.0101 -78.9486 -78.8888
0.0000 0.0000 0.0000 -88.8443 -80.0505 -79.8338 -79.6103 -79.4133 -79.2525 -79.1254 -82.4432 -84.8479 -85.1776 -85.3542 -89.0117 -89.0412 0.0000 0.0000 0.0000 -89.1671 -85.0415 -82.2366 -81.9577 -81.7008 -82.3046 -81.9876 -81.7668 -81.5705 -81.0750 -80.9938 -80.9399 -80.3669 -80.3438 -80.2231 -79.3398 -79.2512 -79.1896 -79.1174 -79.0688 -79.0078
0.0000 0.0000 0.0000 -86.1928 -80.0371 -79.8238 -79.6021 -79.4023 -79.2805 -79.1616 -81.8830 -82.8069 -83.8962 -84.4469 -84.7183 -84.9234 0.0000 0.0000 0.0000 -85.6145 -84.9312 -82.3144 -82.0883 -81.8740 -82.5201 -82.2058 -81.9845 -81.7854 -81.5939 -81.4145 -81.2445 -81.0853 -81.0484 0.0000 0.0000 -82.9355 -80.0272 -79.2450 -79.1734 0.0000
0.0000 0.0000 0.0000 -84.5701 -80.0395 -79.8335 -79.6116 -79.4130 -79.2509 -79.1277 -81.4358 -82.2168 -82.6384 -82.7788 -83.9775 -84.2720 0.0000 0.0000 0.0000 -85.4871 -84.6789 -82.3613 -82.1406 -81.9326 -81.9567 -82.3221 -82.1494 -81.9612 -81.7787 -81.6014 -81.4312 -81.2689 0.0000 0.0000 0.0000 0.0000 0.0000 0.0000 0.0000 0.0000
0.0000 0.0000 0.0000 0.0000 0.0000 -79.8408 -79.6228 -79.4204 -79.2474 -79.1119 -79.0168 -81.7721 -82.2117 -82.5051 -82.6166 -83.6380 -83.9699 0.0000 0.0000 -85.2481 -84.4754 -82.3265 -82.0793 -81.8829 -81.9065 -82.4612 -82.2279 -82.0769 -81.9084 -81.7480 -81.5860 -81.4315 0.0000 0.0000 0.0000 0.0000 0.0000 0.0000 0.0000 0.0000
-81.0748 0.0000 0.0000 0.0000 0.0000 -79.8636 -79.6533 -79.4518 -79.2710 -79.1215 -79.0073 -81.3945 -81.8639 -82.1700 -82.4019 -82.5821 -83.3482 0.0000 0.0000 -85.0698 -84.3427 -82.2707 -82.0156 -81.8110 -81.7890 -82.3522 -82.1895 -82.1211 -81.9932 -81.8378 -81.6894 -81.5474 0.0000 0.0000 0.0000 0.0000 0.0000 0.0000 0.0000 -89.0318
-82.3204 0.0000 0.0000 0.0000 0.0000 -79.8967 -79.6960 -79.4996 -79.3162 -79.1560 -79.0261 -81.1953 -81.5989 -81.8886 -82.1269 -82.3249 -82.4908 -83.1624 0.0000 0.0000 -84.2736 -82.2212 -81.9302 -81.6989 0.0000 0.0000 0.0000 0.0000 -82.6582 -82.0626 -81.8835 -81.7293 0.0000 0.0000 0.0000 0.0000 0.0000 0.0000 0.0000 -87.7711
0.0000 0.0000 0.0000 0.0000 0.0000 -79.9361 -79.7459 -79.5570 -79.3755 -79.2098 0.0000 0.0000 0.0000 0.0000 0.0000 0.0000 0.0000 0.0000 0.0000 0.0000 -84.2801 -82.2640 -81.9634 -81.7088 0.0000 0.0000 0.0000 0.0000 -83.8305 -82.5434 -82.0306 -81.8765 0.0000 0.0000 0.0000 0.0000 0.0000 0.0000 0.0000 -87.1486
0.0000 0.0000 0.0000 0.0000 0.0000 -79.9796 -79.7996 -79.6193 -79.4428 -79.2764 0.0000 0.0000 0.0000 0.0000 0.0000 0.0000 0.0000 0.0000 0.0000 0.0000 -84.3378 -82.3079 -81.9624 -81.7443 0.0000 0.0000 0.0000 0.0000 -83.8762 -82.6285 -82.4399 -82.0022 0.0000 0.0000 0.0000 0.0000 0.0000 0.0000 0.0000 0.0000
0.0000 0.0000 0.0000 0.0000 0.0000 -80.0255 -79.8551 -79.6837 -79.5137 -79.3500 0.0000 0.0000 0.0000 0.0000 0.0000 0.0000 0.0000 0.0000 0.0000 0.0000 -85.5795 -82.2001 -81.9612 -81.7499 0.0000 0.0000 0.0000 0.0000 -83.9242 -83.3760 -82.5321 -82.3549 0.0000 0.0000 0.0000 0.0000 0.0000 0.0000 0.0000 0.0000
0.0000 0.0000 0.0000 0.0000 0.0000 -80.0728 -79.9112 -79.7484 -79.5856 -79.4266 -82.8425 -88.8157 -88.8076 -88.8033 -88.4891 -88.1194 -87.6742 -87.5018 -87.1991 -86.9759 -84.2808 -82.1935 -81.9715 -81.7571 0.0000 0.0000 0.0000 0.0000 -85.8111 -83.5507 -82.6213 -82.4535 0.0000 0.0000 0.0000 0.0000 0.0000 0.0000 0.0000 0.0000
0.0000 0.0000 0.0000 0.0000 0.0000 -80.1208 -79.9673 -79.8127 -79.6572 -79.5036 -82.1485 -85.6697 -87.0964 -87.7230 -87.5204 -87.0703 -86.9389 -86.5830 -86.3385 -86.1775 -83.9480 -82.1843 -81.9704 -81.7651 0.0000 0.0000 0.0000 0.0000 -85.8507 -83.6595 0.0000 0.0000 0.0000 0.0000 0.0000 0.0000 0.0000 0.0000 0.0000 0.0000
0.0000 0.0000 0.0000 0.0000 0.0000 -80.1693 -80.0231 -79.8759 -79.7275 -79.5798 -81.8448 -82.6424 -85.7040 -86.3657 -86.3819 -86.4059 -86.0328 -85.7362 -85.5399 -85.4290 -83.5970 -82.1517 -81.9590 -81.7737 0.0000 0.0000 0.0000 0.0000 -85.8967 -83.6396 0.0000 0.0000 0.0000 0.0000 0.0000 0.0000 0.0000 0.0000 0.0000 0.0000
0.0000 0.0000 0.0000 0.0000 0.0000 -80.2073 -80.0784 -79.9380 -79.7961 -79.6545 -79.5148 -82.2261 -84.9313 -85.2164 -85.5985 -85.4643 -84.2215 -84.0760 -83.9721 -82.7950 -82.6527 -81.5024 -81.4779 -81.3437 -84.4649 -84.5620 -86.1309 -86.1881 -84.0374 -82.6133 0.0000 0.0000 0.0000 0.0000 0.0000 0.0000 0.0000 0.0000 0.0000 0.0000
-83.1010 -83.1558 -83.2104 -84.9651 -84.1322 -79.4986 -79.4080 -79.3159 -79.2213 -79.1254 -79.0294 -81.1720 -81.4181 -83.2784 -83.6234 -83.7430 -83.6602 -83.5540 -83.4709 -82.4907 -82.3619 -81.2999 -81.2895 -81.2875 -83.5283 -83.9578 -84.1454 -84.2871 -83.0164 -82.5902 -85.8472 -86.3182 -86.2398 -86.1652 -86.1168 -86.0956 -86.0937 -86.1063 -86.1287 -86.1573
-82.8164 -82.9052 -82.9847 -82.6103 -82.0438 -78.9682 -78.9001 -78.8301 -78.7574 -78.6828 -78.6073 -80.3616 -80.5732 -80.7055 -82.2462 -82.3672 -82.3404 -82.2829 -82.2241 -81.5286 -81.4178 -80.5530 -80.5475 -80.5544 -82.1314 -82.5526 -82.7032 -82.8613 -82.0334 -81.2286 -82.6741 -83.0724 -84.2389 -84.3030 -84.3065 -84.3265 -84.3591 -84.4011 -84.4483 -83.9733
-82.5636 -82.6828 -82.4935 -82.2141 -81.6628 -78.9769 -78.9133 -78.8481 -78.7803 -78.7105 -78.6394 -80.2668 -80.4937 -80.6301 -81.9667 -82.1854 -82.1818 -82.1412 -82.0864 -81.4635 -81.3354 -80.4804 -80.4638 -80.4657 -81.7841 -82.2021 -82.4706 -82.5826 -81.9139 -81.1469 -82.3029 -82.7574 -83.0081 -83.1805 -83.3122 -84.0527 -84.0996 -84.1570 -83.7790 -83.5756
0.0000 0.0000 0.0000 0.0000 0.0000 -80.2604 -79.9468 -79.7335 -79.5690 -78.8285 0.0000 0.0000 0.0000 0.0000 0.0000 -84.5684 -84.0866 -83.7499 -83.4961 -82.6272 -82.3645 -81.2515 -80.4019 -80.3925 -81.5376 -81.9182 -82.1944 -82.3943 -81.7969 -81.0650 -82.0788 -82.4938 -82.7579 -82.9525 -83.1045 -83.2264 -83.1371 -83.1247 -83.4587 -83.2494
0.0000 0.0000 0.0000 0.0000 0.0000 -80.4473 -80.1969 -79.9917 -79.8129 -79.6566 0.0000 0.0000 0.0000 0.0000 0.0000 -87.2131 -84.4125 -84.1131 -83.8361 -82.9665 -82.6440 -81.4411 -81.3214 -81.2433 -82.4499 -82.8681 -83.1677 -83.3938 -82.7331 -81.8327 -82.9397 -83.3853 -83.6955 -83.9322 -84.1191 -84.1049 -84.0902 -84.0351 -83.9057 -83.6624
0.0000 0.0000 0.0000 0.0000 0.0000 -80.9729 -80.3295 -80.1527 -79.9850 -79.8300 0.0000 0.0000 0.0000 0.0000 0.0000 0.0000 0.0000 0.0000 0.0000 0.0000 -83.4085 -81.6165 -81.4649 -81.3546 -82.4739 -82.8276 -83.0970 -83.3146 -82.7578 -81.8618 -81.9413 -83.2916 -83.5980 -83.8371 -83.9914 -84.0057 -83.9848 -83.9209 -83.7883 -83.5567
0.0000 0.0000 0.0000 0.0000 0.0000 -81.0389 -80.4197 -80.2653 -80.1128 -79.9660 0.0000 0.0000 0.0000 0.0000 0.0000 0.0000 0.0000 0.0000 0.0000 0.0000 -85.5452 -82.1165 -81.8973 0.0000 0.0000 0.0000 0.0000 0.0000 0.0000 -84.6213 -82.5140 -83.8387 -83.5044 -83.7456 -83.8929 -83.9065 -83.8805 -83.8137 -83.6867 -83.4716
0.0000 0.0000 0.0000 0.0000 0.0000 -81.0962 -80.4921 -80.3537 -80.2143 -80.0772 0.0000 0.0000 0.0000 0.0000 0.0000 0.0000 0.0000 0.0000 0.0000 0.0000 -85.4245 -82.2493 -82.0383 0.0000 0.0000 0.0000 0.0000 0.0000 0.0000 -84.6185 -84.3469 -83.8659 -84.1383 -84.3332 -84.4339 -84.3992 -83.7794 -83.7138 -83.5977 -83.4004
0.0000 0.0000 0.0000 0.0000 0.0000 -81.1489 -80.5559 -80.4284 -80.2959 -80.1673 0.0000 0.0000 0.0000 0.0000 0.0000 0.0000 0.0000 0.0000 0.0000 0.0000 -85.3663 -83.3474 -82.1556 0.0000 0.0000 0.0000 0.0000 0.0000 0.0000 -84.5248 -84.3942 -86.2700 -85.9748 -84.2739 -84.3679 -84.3339 -84.2675 -84.1670 -84.0278 -83.8081
0.0000 0.0000 0.0000 0.0000 0.0000 -81.1832 -80.5889 -80.4480 -80.3110 -80.1810 0.0000 0.0000 0.0000 0.0000 0.0000 0.0000 0.0000 0.0000 0.0000 0.0000 -85.1658 -83.2649 -82.2133 0.0000 0.0000 0.0000 0.0000 -91.6515 -89.4920 -84.4972 -84.3039 -85.9991 -86.1782 -86.0854 -84.2325 0.0000 0.0000 0.0000 -87.4315 -85.8192
