-71.3518 0.0000 0.0000 0.0000 0.0000 0.0000 0.0000 0.0000 -75.0096 -74.5736 -74.1647 -73.6910 -73.2421 -70.9867 -71.5903 -71.5091 -71.3969 -71.6152 -70.3335 -70.2542 -70.1750 -70.0922 -70.0036 -70.0539 -73.4868 0.0000 0.0000 0.0000 0.0000 0.0000 -74.0413 -73.2603 -71.6463 -69.9063 -71.5572 -72.0183 -72.4729 -72.0484 -70.1819 -70.5363
-71.1435 -71.2521 -71.3571 -71.4699 -71.5863 0.0000 0.0000 0.0000 -74.9424 -73.9330 -71.6868 -71.8278 -71.8146 -70.9156 -72.1549 -72.0728 -71.9576 -72.0120 -71.8215 -70.2697 -70.1893 -70.1050 -70.0148 -70.0665 -69.9918 -69.9111 -71.5508 -71.6615 -71.8512 -72.0198 -72.1280 -71.9472 -71.7272 -71.5068 -71.2801 -71.8209 -72.3626 -72.3649 -71.7119 -70.4360
-71.0320 -71.0407 -71.1484 -71.2619 -70.4248 -70.5475 -71.1177 -71.3474 -71.5651 -71.5266 -71.6785 -72.2890 -72.3816 -72.2620 -71.3103 -72.2464 -72.1488 -72.2425 -72.0718 -71.5891 -70.2051 -70.1194 -70.0278 -70.0813 -70.0060 -69.9245 -71.3928 -71.5103 -71.7095 -71.9327 -72.1185 -72.0487 -71.8213 -71.5958 -69.6268 -71.5544 -72.9239 -73.5914 -73.2489 -70.7922
-70.8164 -70.9190 -70.0485 -70.1797 -70.3172 -70.4602 -71.0514 -71.2949 -71.9746 -71.9389 -72.1210 -72.2874 -72.4467 -72.3710 -71.2352 -72.2731 -72.3505 -72.4930 -72.3503 -71.8633 -71.5569 -70.1355 -70.0425 -70.0982 -70.0226 -69.9400 -69.8511 -71.3370 -71.5513 -71.7891 -71.9919 -72.1869 -71.9256 -72.3538 -71.8507 -71.7506 -72.7249 -73.6750 -74.1919 -70.7184
-69.7496 -69.8701 -69.9284 -70.0654 -70.2089 -70.3596 -71.3749 -71.6523 -71.9197 -71.8806 -72.0968 -72.2930 -72.4570 -72.5197 -72.3293 -71.2781 -72.3738 -72.7598 -72.6536 -72.1679 -71.8999 -71.5204 -70.0472 -70.1173 -70.0416 -69.9581 -69.8675 -69.7090 -71.3641 -72.2884 -72.5589 -72.8440 -72.8062 -72.5302 -72.0114 -69.8915 -72.4099 -73.6811 -75.5629 -74.4115
-69.0244 -69.7303 -69.8618 -70.2606 -70.4176 -70.5835 -71.2738 -71.5686 -71.8166 -71.8045 -72.0499 -72.2795 -72.4772 -72.6504 -72.5135 -72.2457 -72.5378 -72.7887 -72.9742 -72.4939 -72.2841 -71.9658 -71.4766 -70.1153 -70.0526 -69.9673 -70.3375 -70.1730 -70.0622 -72.1174 -72.3987 -72.7099 -72.9675 -72.7340 -72.1886 -71.8647 -69.8729 -73.7513 -79.1604 -78.2235
-70.2448 -69.2881 -69.2715 -70.1698 -70.2606 -70.4350 -71.1547 -71.4673 -71.4679 -71.7142 -71.9817 -72.2361 -72.4787 -72.6839 -72.7484 -72.4825 -71.4458 -72.7112 -72.9761 -72.8160 -72.6901 -72.4713 -72.8054 -72.4314 -70.5924 -70.5184 -70.3370 -70.2233 -70.1011 -71.8855 -72.1998 -72.5335 -72.8132 -73.0320 -72.3894 -72.0541 -71.6752 -73.7595 0.0000 0.0000
-70.7570 -70.2750 -69.2757 -68.8922 -70.0775 -70.2611 -71.0132 -71.3428 -71.3336 -71.6038 -71.8978 -72.1799 -72.4515 -72.7128 -72.9108 -72.7967 -72.6939 -72.6151 -72.9020 -73.8179 -74.1390 -74.1814 -73.9717 -73.3639 -72.5394 -70.5881 -70.4093 -70.2886 -70.1595 -70.0503 -71.9466 -72.2893 -72.5770 -72.9478 -72.6863 -72.2731 -71.8800 -69.7159 0.0000 0.0000
-70.9231 -70.8641 -70.9313 -69.3335 -69.2363 -70.0549 -70.8431 -71.1605 -71.1680 -71.4662 -71.7917 -72.1096 -72.4143 -72.7315 -72.9845 -73.1627 -74.5273 -72.3416 -74.0807 -73.9080 -74.2527 -74.5775 -74.8845 -73.3973 -73.6692 -70.6769 -70.4656 -70.3556 -70.2758 -70.1093 -69.9463 -72.0341 -72.3408 -72.7491 -72.8908 -72.5462 -72.1227 -71.6559 0.0000 0.0000
-71.0942 -71.0762 -71.1632 -71.0629 -69.3472 -69.2294 -70.6366 -70.9159 -70.9605 -71.2913 -71.6566 -72.0191 -73.5091 -74.1225 -74.5858 -75.9247 -75.8590 -75.0407 -74.1336 -73.9757 -74.3281 -74.6912 -75.0338 -73.4139 -73.6980 -75.6820 -70.5389 -70.4035 -70.3475 -70.1739 -70.0025 -69.8369 -72.0454 -72.4959 -72.7132 -72.8449 -72.4323 -71.9200 -69.4846 -69.7971
-71.2156 -71.2662 -71.2788 -71.4392 -71.3723 -70.8909 -69.7147 -70.6153 -70.7011 -72.3566 -72.8951 -73.4583 -73.9967 -74.6383 -75.1055 -76.7727 -76.8857 -77.2584 -72.5259 -73.9389 -74.3774 -74.7718 -75.1681 -76.2353 -73.7120 -74.0047 -75.4915 -70.4722 -70.3988 -70.2443 -70.0674 -69.8940 -71.6762 -72.1720 -72.4670 -73.0321 -72.7679 -72.2351 -71.6370 -69.6422
-71.1405 -71.2236 -71.3202 -71.5536 -71.8557 -74.4903 -74.8914 -70.8422 -71.7339 -72.2756 -72.9191 -73.6376 -74.3040 -74.5554 -75.0522 -77.0218 -78.3716 0.0000 0.0000 -72.9150 -75.1268 -75.6453 -75.3743 -76.4925 -73.7112 -73.9915 -75.8354 -75.5554 -70.4849 -70.3311 -70.1135 -69.9571 -69.6820 -71.7552 -72.1409 -72.7935 -73.1502 -72.6547 -72.0201 -69.4848
-69.7750 -69.7386 -72.2221 -72.3717 -73.3361 0.0000 0.0000 -71.3354 -70.8056 -71.8770 -72.5655 -72.7363 -73.5198 -74.2730 -75.0252 -77.1894 0.0000 0.0000 0.0000 -72.7144 -74.9179 -75.6053 -76.2442 -77.9125 -74.1418 -74.3962 -76.5938 -76.6048 -76.5237 -70.5642 -70.3317 -70.1375 -69.8430 -69.6212 -71.8356 -72.6166 -73.2764 -73.1392 -72.5655 -72.1975
-70.7136 -70.6196 -70.5899 -70.5470 -72.5160 0.0000 0.0000 -71.0707 -70.4563 -70.3481 -71.2330 -72.0912 -73.1087 -74.0986 -75.4686 -77.3114 0.0000 0.0000 0.0000 -72.4273 -72.5668 -75.1139 -75.9301 -77.7973 -73.9331 -73.5764 -75.4495 -76.1989 -75.9343 -75.4407 -70.1403 -69.9614 -69.6507 -69.3415 -69.1574 -71.8620 -72.8703 -73.8491 -73.5707 -72.9220
-71.0812 -70.9603 -70.8114 -70.7533 -70.7165 -71.0512 -70.8885 -70.7024 -70.4666 -70.4438 -70.3454 -71.0838 -72.4271 -73.8930 -76.2586 -76.9295 -76.8995 -71.5713 -71.3747 -71.5602 -71.7607 -73.9098 -74.9347 -77.3318 -76.8748 -73.5218 -76.3215 -77.7644 -77.4628 -76.8716 -75.8189 -70.2224 -69.8649 -69.4988 -69.3150 -71.3349 -72.6960 -74.1310 -76.3529 -74.3311
-71.4390 -71.3362 -71.1987 -71.0331 -70.8554 -71.2370 -71.1492 -70.9759 -70.7598 -70.5325 -70.2971 -70.3990 -70.9464 -73.7367 0.0000 0.0000 0.0000 0.0000 -71.6833 -71.7907 -71.9076 -72.0554 -75.2362 -78.4250 -79.1051 -74.0737 -74.1446 -79.5490 -81.7393 -78.2239 -77.1126 -75.3074 -69.9433 -69.5628 -69.3480 -69.1586 -71.9263 -74.1353 -76.9678 -77.7674
-71.6252 -71.5332 -71.3819 -71.2364 -71.0378 -71.2323 -71.2529 -71.1991 -71.0767 -70.2641 -70.1057 -69.9290 -69.7789 -68.6470 -73.5258 0.0000 0.0000 0.0000 -71.3662 -71.4330 -71.5155 -71.6497 -74.8433 0.0000 0.0000 -73.8364 -73.9155 0.0000 0.0000 0.0000 -79.4223 -77.1370 -71.7311 -69.6316 -69.4115 -69.1915 -68.9955 -73.9582 0.0000 0.0000
-71.6419 -71.4927 -71.3527 -71.3016 -71.1851 -70.8061 -70.6869 -70.6706 -70.7030 -70.6693 -70.5848 -70.4476 -70.2993 -70.1773 -70.5677 0.0000 0.0000 -69.0720 -69.2771 -70.8595 -71.0153 -70.5843 -70.8103 0.0000 0.0000 -73.5789 -73.6561 0.0000 0.0000 0.0000 -80.8663 -81.6345 -71.6882 -71.5812 -69.4798 -69.1608 -68.9171 -68.5959 0.0000 0.0000
-71.5950 -70.6943 -70.6649 -70.6297 -70.5879 -71.0579 -71.0428 -71.0417 -70.3696 -71.0256 -71.0341 -71.0320 -70.9658 -70.9064 -70.9146 -71.4643 -67.9822 -68.0705 -68.0599 -68.5177 -70.6457 -70.9223 -71.2048 -71.5101 -72.0774 -72.4554 -72.8382 -73.1773 -73.3964 -74.2702 -77.3631 0.0000 -71.5785 -71.4792 -71.3854 -69.0878 -68.7875 -68.5674 -68.3313 -68.1105
-70.9806 -70.9634 -70.9427 -70.9183 -70.8894 -71.3248 -71.3073 -71.4064 -71.3993 -71.4454 -71.4903 -71.5656 -71.6855 -71.7752 -72.3623 -74.3772 -74.5700 -68.2635 -68.2271 -68.3677 -68.8863 -70.7829 -71.0586 -71.3409 -71.9104 -72.3108 -72.7311 -73.1440 -73.3794 -75.1859 -74.4903 -70.8200 -70.8931 -70.8822 -71.0995 -70.6008 -68.6068 -68.5678 -68.3510 -68.2584
-71.0697 -71.1185 -71.1636 -71.2065 -71.2467 -71.8142 -71.8639 -71.8064 -71.7165 -71.5858 -72.3308 -72.4985 -72.8430 -73.3460 0.0000 0.0000 0.0000 -66.1772 -68.1370 -68.2329 -68.3525 -68.8607 -70.8113 -71.0915 -71.6395 -72.0313 -72.4432 -72.8858 -73.1483 -74.9267 -75.6046 -70.6129 -70.7560 -70.8035 -70.9342 -71.1515 -68.8851 -68.6597 -68.4296 -68.3389
-71.0048 -71.0739 -71.1453 -71.2195 -71.7606 -71.8573 -71.9361 -72.0826 -72.0338 -71.9779 -71.8689 -71.6743 -72.9572 -73.4459 0.0000 0.0000 0.0000 -67.7570 -65.8573 -67.8976 -68.0044 -68.1369 -68.6605 -70.1493 -70.7052 -71.1277 -71.5872 -72.0627 -72.3937 0.0000 0.0000 -70.8567 -70.9328 -70.6615 -70.8696 -71.1155 -71.3647 -68.7507 -68.5144 -68.4095
-70.6730 -71.0009 -71.0713 -71.1447 -71.7334 -71.8569 -71.9830 -72.3480 -72.3426 -72.3447 -72.3118 -72.2405 -72.1201 -71.8741 0.0000 0.0000 0.0000 -67.7513 -67.0547 -65.4176 -67.3447 -67.4945 -67.6766 -70.1999 -70.8081 -71.3021 -71.8358 -72.3769 -72.4165 0.0000 0.0000 -70.6264 -70.5375 -70.5529 -70.8165 -70.8754 -71.1527 -71.3989 -68.5375 -68.4887
-70.8966 -70.9377 -70.7332 -70.7734 -71.6458 -71.7681 -71.8677 -72.3052 -72.4968 -72.6827 -72.7183 -72.7438 -72.7735 -73.2121 -73.5174 -73.4586 -69.6022 -69.8786 -67.9483 -67.1220 -65.4663 -67.4907 -67.6361 -67.8315 -70.4419 -70.9715 -71.2689 -72.1019 -72.7850 0.0000 0.0000 -70.0858 -70.0331 -70.1347 -70.4328 -70.7420 -71.0591 -71.3389 -71.4259 -68.6665
-70.8942 -70.9413 -70.9989 -71.0281 -71.5770 -71.3440 -70.5395 -71.8482 -72.2010 -72.4363 -72.7162 -73.3705 -73.7128 -74.6400 0.0000 0.0000 -70.9234 -70.3968 -69.9692 -67.7867 -67.0252 -65.3287 -65.6781 -67.4982 -67.8274 -70.2848 -71.2343 -71.8563 -72.6566 -72.9794 -72.1865 -69.5804 -69.7634 -69.6941 -70.2409 -70.3134 -70.6476 -71.1213 -72.3787 -72.7210
-70.9018 -70.9541 -70.9914 -71.0405 -71.6111 -71.6942 -71.7723 -70.7379 -71.4249 -72.0199 -72.2726 -72.6204 -73.6543 -74.6774 0.0000 0.0000 -71.2172 -70.7488 -70.3258 -69.6414 -67.6138 -66.8310 -65.1285 -65.3938 -67.4091 -67.7114 -70.6903 -71.4331 -71.8716 -72.6397 -72.5196 -69.0840 -69.5046 -69.6978 -70.0776 -70.5970 -71.0049 -71.4037 -73.7684 -75.3789
-71.5230 -70.9468 -71.0041 -71.0604 -71.6554 -71.7529 -71.8483 -71.9364 -70.7704 -71.9243 -72.0919 -70.7444 -72.7446 -74.7698 0.0000 0.0000 -71.6251 -71.0022 -70.5371 -69.8599 -69.4303 -67.1958 -66.3624 -64.8518 -65.2854 -67.2818 -68.0174 -70.8745 -71.9937 -73.0839 -74.4616 -73.0321 -69.2927 -69.6384 -70.0656 -70.5009 -70.9346 -71.3492 -74.0030 0.0000
-71.5827 -70.9331 -70.9953 -71.0588 -71.6734 -71.7831 -71.8935 -72.0062 -72.1317 -71.9126 -72.0399 -72.7270 -73.2601 -73.2605 -71.0617 -71.2431 -71.0335 -71.1653 -70.8374 -70.1247 -69.5112 -69.3952 -69.0186 -67.1192 -64.8795 -65.2611 -67.1701 -67.8868 -71.3858 -73.1007 -76.2864 -77.3004 -69.1886 -69.4513 -69.8941 -70.3513 -70.8138 -71.2708 -74.4129 0.0000
-71.6414 -71.5933 -70.9791 -71.0483 -71.6804 -71.8005 -71.9449 -72.0947 -72.2313 -72.3179 -72.5955 -72.6453 -74.9758 -75.7133 0.0000 0.0000 -72.3549 -71.9180 -71.4324 -70.3565 -70.3678 -70.0365 -69.6063 -69.1220 -67.0981 -66.3662 -64.7121 -66.9825 -70.9385 -73.1595 0.0000 0.0000 -69.1042 -69.3547 -69.8273 -70.3300 -70.8482 -71.3651 -76.5123 0.0000
-71.4249 -71.7129 -71.7124 -71.8054 -72.5858 -72.7361 -72.8900 -73.0515 -72.8690 -73.4434 -73.2295 -72.8341 -72.6917 -75.1353 0.0000 0.0000 -72.8623 -71.7490 -71.9568 -71.2531 -70.9884 -70.6766 -70.3021 -69.8235 -69.4576 -66.9828 -66.2357 -64.5395 -66.9412 -73.1215 0.0000 0.0000 -68.7045 -69.0169 -69.5525 -70.1197 -70.7048 -71.2883 -74.9112 -76.1003
-72.4298 -72.3974 -72.2881 -71.5001 -72.2053 -72.3131 -72.1442 -72.2456 -72.3507 -72.7440 -72.9792 -73.3958 -73.2827 -72.8058 0.0000 -71.7891 -72.3057 -72.7083 -72.5350 -71.8046 -71.5631 -71.2993 -70.9301 -70.2716 -70.4260 -69.9144 -66.9252 -66.0801 -64.4071 -66.6811 0.0000 0.0000 -68.0626 -68.5981 -69.1774 -69.8090 -70.4716 -71.1371 -75.3628 0.0000
-72.5402 -72.5807 -72.4534 -71.5252 -72.2469 -72.0768 -72.1817 -72.2853 -72.3965 -72.0595 -72.8594 -73.2677 -73.6005 -73.7584 -71.0531 -71.2727 -70.9956 -72.8305 -72.7330 -71.9611 -71.7863 -71.4949 -71.3604 -71.2222 -71.3480 -71.0596 -70.5194 -66.6741 -66.0105 -64.2199 -66.6063 -66.9054 -67.3870 -67.9447 -68.6033 -69.3232 -70.0702 -70.8228 -75.6519 0.0000
-72.8666 -72.9713 -72.9203 -72.7410 -71.9903 -72.1425 -72.2930 -72.4463 -72.1353 -72.2777 -73.4759 -74.0792 -74.8075 -77.5459 -78.0359 0.0000 -71.3704 -70.9643 -73.2048 -72.3819 -72.1798 -72.2182 -72.1489 -72.0443 -72.4255 -72.4302 -72.2844 -72.5729 -72.7304 -65.8327 -64.0627 -66.3501 -66.8488 -67.4210 -68.1206 -68.9107 -69.7962 -70.6052 -76.1309 0.0000
-72.8401 -72.9558 -72.7134 -73.3632 -71.6247 -71.7598 -71.9198 -71.6362 -71.8041 -71.9646 -73.4135 -73.7218 -74.4695 0.0000 0.0000 0.0000 -71.9882 -71.4975 -70.3551 -72.4677 -72.3213 -73.0552 -72.9972 -73.0083 -75.4528 -76.0805 -76.3300 0.0000 0.0000 -66.6350 -65.7459 -63.8697 -66.2314 -66.8596 -67.6398 -68.4939 -69.4644 -70.0270 -70.2517 -69.4023
-72.1894 -72.0470 -72.1913 -72.9484 -72.8236 -71.2389 -71.3873 -71.5151 -71.7093 -71.8720 -73.2613 -73.6737 -74.5031 0.0000 0.0000 0.0000 -72.2307 -71.7262 -71.0131 -70.3859 -72.5501 -72.6528 -72.5231 -72.4009 -73.0107 -73.5353 -72.9734 -72.6964 -66.8210 -66.5368 -66.3264 -66.0408 -63.6262 -63.9973 -66.7403 -67.7832 -69.0152 -70.3052 -75.0364 -70.5067
-71.7734 -71.9314 -72.0907 -73.0295 -72.3622 -71.1136 -71.2721 -71.3988 -71.6061 -71.7761 -72.1645 -73.6189 -74.1781 -73.9936 -74.2762 -72.1705 -71.8728 -71.5801 -71.0955 -70.3668 -69.9738 -72.2728 -72.8145 -74.0158 0.0000 0.0000 -74.4603 0.0000 0.0000 0.0000 -66.5096 -66.1882 -65.9643 -63.4454 -63.8176 -66.9988 -68.5882 -70.3883 0.0000 -71.0893
-71.6263 -71.8003 -71.5201 -72.3850 -72.4329 -72.2898 -71.1500 -71.2760 -71.4968 -71.6735 -72.0523 -73.5715 -74.7337 -74.6073 0.0000 0.0000 -72.9532 -72.2036 -71.8635 -70.9055 -70.4793 -70.0103 -72.9662 -74.4140 0.0000 0.0000 -74.4163 0.0000 0.0000 0.0000 -66.5674 -66.2426 -65.9601 -65.7376 -64.9099 -63.6232 -67.6063 -70.2798 0.0000 0.0000
-71.4580 -71.2151 -71.3901 -72.2766 -72.5243 -72.3907 -71.0196 -71.1446 -71.3804 -71.8441 -71.9376 -73.5116 -75.3764 -76.9631 0.0000 0.0000 -73.3547 -72.6826 -72.0397 -71.2492 -70.7994 -70.3684 -69.8460 -74.3516 0.0000 0.0000 -68.1850 0.0000 0.0000 0.0000 -68.9600 -66.2498 -66.0059 -65.7741 -65.5431 -64.7246 -63.0220 -70.1616 0.0000 0.0000
-70.8449 -71.0400 -71.2438 -72.1483 -72.4464 -72.5077 -72.3164 -71.0022 -71.2516 -71.7399 -71.8102 -73.4656 0.0000 -79.2251 0.0000 0.0000 -73.7568 -72.7058 -72.2149 -71.4874 -71.1067 -70.6746 -70.1752 -69.3545 0.0000 0.0000 -67.7046 0.0000 0.0000 0.0000 -68.9915 -68.4780 -68.0984 -65.8197 -65.5888 -65.3563 -64.4963 -62.8170 -64.9499 -65.0316
-70.6028 -70.8177 -71.0472 -71.9669 -72.3014 -72.6107 -72.4322 -70.8323 -71.0781 -71.6362 -71.6753 -71.8524 0.0000 -74.1124 -72.0279 -72.8914 -72.8867 -72.8036 -72.6041 -71.7663 -71.4277 -70.7047 -70.6436 -70.1368 -69.4844 -67.2745 -67.5229 -67.6317 -67.6824 -69.6098 -69.2937 -68.6831 -68.3333 -67.9445 -65.6110 -65.4503 -65.2082 -64.3390 -62.5918 -64.7830
