-53.7322 -53.6091 -53.4845 -53.3583 -53.2305 -53.1009 -52.9698 -52.8372 -52.7028 -52.5666 -52.4285 -52.2860 -52.1441 -52.0026 -51.8566 -51.7084 -51.5580 -51.4053 -51.2503 -51.0928 -50.9314 -50.7687 -50.6048 -50.4369 -50.2660 -50.0922 -49.9153 -49.7354 -49.5521 -49.3654 -49.1750 -48.9802 -48.7801 -48.5779 -48.3733 -48.1630 -47.9482 -47.7286 -47.5041 -47.2743
-53.7091 -53.5862 -53.4618 -53.3360 -53.2085 -53.0792 -52.9483 -52.8156 -52.6811 -52.5448 -52.4066 -52.2665 -52.1220 -51.9779 -51.8341 -51.6858 -51.5351 -51.3822 -51.2269 -51.0692 -50.9074 -50.7446 -50.5789 -50.4118 -50.2406 -50.0663 -49.8889 -49.7083 -49.5244 -49.3371 -49.1468 -48.9529 -48.7548 -48.5508 -48.3441 -48.1345 -47.9194 -47.6996 -47.4749 -47.2451
-53.6774 -53.5545 -53.4299 -53.3035 -53.1755 -53.0459 -52.9145 -52.7813 -52.6463 -52.5095 -52.3707 -52.2302 -52.0878 -51.9410 -51.7945 -51.6481 -51.4972 -51.3439 -51.1882 -51.0302 -50.8696 -50.7049 -50.5390 -50.3701 -50.1997 -50.0252 -49.8474 -49.6670 -49.4833 -49.2962 -49.1054 -48.9110 -48.7127 -48.5104 -48.3023 -48.0910 -47.8764 -47.6558 -47.4302 -47.1993
-53.6478 -53.5248 -53.4003 -53.2743 -53.1466 -53.0170 -52.8856 -52.7522 -52.6171 -52.4801 -52.3412 -52.2004 -52.0575 -51.9126 -51.7633 -51.6141 -51.4649 -51.3108 -51.1543 -50.9953 -50.8339 -50.6697 -50.5015 -50.3321 -50.1600 -49.9863 -49.8083 -49.6270 -49.4425 -49.2544 -49.0629 -48.8676 -48.6685 -48.4661 -48.2596 -48.0475 -47.8315 -47.6119 -47.3862 -47.1556
-53.6195 -53.4960 -53.3709 -53.2442 -53.1158 -52.9857 -52.8539 -52.7204 -52.5844 -52.4466 -52.3069 -52.1652 -52.0215 -51.8758 -51.7279 -51.5756 -51.4233 -51.2709 -51.1139 -50.9544 -50.7937 -50.6305 -50.4646 -50.2945 -50.1229 -49.9482 -49.7716 -49.5907 -49.4063 -49.2184 -49.0269 -48.8316 -48.6324 -48.4290 -48.2214 -48.0083 -47.7920 -47.5726 -47.3466 -47.1154
-53.5880 -53.4639 -53.3367 -53.2093 -53.0803 -52.9496 -52.8173 -52.6840 -52.5489 -52.4119 -52.2729 -52.1319 -51.9887 -51.8436 -51.6962 -51.5467 -51.3928 -51.2391 -51.0852 -50.9267 -50.7655 -50.6017 -50.4346 -50.2648 -50.0907 -49.9148 -49.7372 -49.5551 -49.3699 -49.1811 -48.9887 -48.7926 -48.5929 -48.3892 -48.1814 -47.9697 -47.7522 -47.5312 -47.3063 -47.0750
-53.5598 -53.4361 -53.3109 -53.1840 -53.0555 -52.9253 -52.7935 -52.6598 -52.5245 -52.3873 -52.2468 -52.1051 -51.9613 -51.8152 -51.6671 -51.5169 -51.3644 -51.2076 -51.0504 -50.8929 -50.7307 -50.5659 -50.3984 -50.2285 -50.0559 -49.8789 -49.7000 -49.5191 -49.3338 -49.1449 -48.9522 -48.7558 -48.5571 -48.3544 -48.1475 -47.9361 -47.7202 -47.4982 -47.2725 -47.0426
-53.5318 -53.4106 -53.2847 -53.1572 -53.0281 -52.8972 -52.7646 -52.6301 -52.4938 -52.3556 -52.2155 -52.0735 -51.9294 -51.7831 -51.6353 -51.4853 -51.3331 -51.1785 -51.0185 -50.8591 -50.6992 -50.5346 -50.3672 -50.1970 -50.0246 -49.8495 -49.6700 -49.4884 -49.3046 -49.1162 -48.9244 -48.7288 -48.5287 -48.3247 -48.1164 -47.9041 -47.6872 -47.4658 -47.2387 -47.0075
-53.5044 -53.3797 -53.2534 -53.1284 -52.9989 -52.8678 -52.7350 -52.6006 -52.4646 -52.3267 -52.1870 -52.0452 -51.9014 -51.7555 -51.6075 -51.4573 -51.3053 -51.1515 -50.9952 -50.8342 -50.6727 -50.5105 -50.3437 -50.1739 -50.0012 -49.8244 -49.6438 -49.4596 -49.2736 -49.0854 -48.8926 -48.6961 -48.4965 -48.2929 -48.0849 -47.8726 -47.6557 -47.4355 -47.2108 -46.9800
-53.4779 -53.3531 -53.2268 -53.0988 -52.9723 -52.8414 -52.7086 -52.5740 -52.4380 -52.3007 -52.1614 -52.0203 -51.8771 -51.7318 -51.5843 -51.4347 -51.2829 -51.1287 -50.9713 -50.8112 -50.6463 -50.4807 -50.3143 -50.1431 -49.9691 -49.7927 -49.6140 -49.4308 -49.2455 -49.0566 -48.8652 -48.6694 -48.4710 -48.2686 -48.0619 -47.8504 -47.6346 -47.4136 -47.1882 -46.9579
-53.4466 -53.3277 -53.2021 -53.0749 -52.9461 -52.8184 -52.6863 -52.5523 -52.4165 -52.2789 -52.1393 -51.9974 -51.8534 -51.7071 -51.5587 -51.4080 -51.2548 -51.0993 -50.9412 -50.7810 -50.6189 -50.4522 -50.2849 -50.1167 -49.9437 -49.7677 -49.5898 -49.4090 -49.2237 -49.0361 -48.8449 -48.6507 -48.4506 -48.2466 -48.0386 -47.8264 -47.6124 -47.3950 -47.1729 -46.9458
-53.4262 -53.3019 -53.1811 -53.0537 -52.9245 -52.7936 -52.6636 -52.5291 -52.3927 -52.2544 -52.1141 -51.9717 -51.8272 -51.6808 -51.5326 -51.3821 -51.2293 -51.0742 -50.9167 -50.7568 -50.5949 -50.4317 -50.2640 -50.0954 -49.9257 -49.7510 -49.5726 -49.3899 -49.2039 -49.0134 -48.8206 -48.6250 -48.4295 -48.2292 -48.0249 -47.8164 -47.6022 -47.3835 -47.1603 -46.9325
-53.4003 -53.2757 -53.1497 -53.0269 -52.8975 -52.7664 -52.6334 -52.5014 -52.3692 -52.2308 -52.0904 -51.9480 -51.8037 -51.6573 -51.5087 -51.3593 -51.2080 -51.0543 -50.8985 -50.7403 -50.5795 -50.4155 -50.2477 -50.0753 -49.9018 -49.7270 -49.5473 -49.3677 -49.1853 -48.9996 -48.8094 -48.6161 -48.4190 -48.2172 -48.0113 -47.8017 -47.5893 -47.3723 -47.1506 -46.9261
-53.3850 -53.2549 -53.1283 -53.0003 -52.8754 -52.7440 -52.6108 -52.4759 -52.3418 -52.2038 -52.0650 -51.9243 -51.7816 -51.6368 -51.4899 -51.3408 -51.1892 -51.0341 -50.8766 -50.7199 -50.5572 -50.3919 -50.2254 -50.0581 -49.8862 -49.7132 -49.5389 -49.3588 -49.1744 -48.9866 -48.7956 -48.6003 -48.4043 -48.2056 -48.0018 -47.7948 -47.5853 -47.3715 -47.1529 -46.9249
-53.3634 -53.2381 -53.1062 -52.9778 -52.8493 -52.7242 -52.5927 -52.4594 -52.3243 -52.1899 -52.0511 -51.9097 -51.7653 -51.6190 -51.4706 -51.3200 -51.1671 -51.0121 -50.8577 -50.7009 -50.5416 -50.3797 -50.2151 -50.0464 -49.8744 -49.6977 -49.5196 -49.3402 -49.1578 -48.9724 -48.7838 -48.5940 -48.3997 -48.2027 -48.0029 -47.7956 -47.5814 -47.3628 -47.1425 -46.9239
-53.3454 -53.2218 -53.0966 -52.9649 -52.8364 -52.7065 -52.5743 -52.4441 -52.3075 -52.1690 -52.0311 -51.8888 -51.7444 -51.6001 -51.4547 -51.3071 -51.1573 -51.0052 -50.8508 -50.6923 -50.5310 -50.3672 -50.2007 -50.0313 -49.8608 -49.6875 -49.5096 -49.3306 -49.1521 -48.9696 -48.7838 -48.5946 -48.3967 -48.1938 -47.9879 -47.7840 -47.5792 -47.3702 -47.1553 -46.9343
-53.3333 -53.2089 -53.0823 -52.9541 -52.8194 -52.6880 -52.5547 -52.4197 -52.2882 -52.1526 -52.0152 -51.8784 -51.7370 -51.5936 -51.4478 -51.2984 -51.1468 -50.9930 -50.8367 -50.6780 -50.5179 -50.3554 -50.1902 -50.0225 -49.8531 -49.6829 -49.5098 -49.3323 -49.1514 -48.9656 -48.7747 -48.5801 -48.3887 -48.1957 -47.9984 -47.7963 -47.5901 -47.3788 -47.1637 -46.9447
-53.3158 -53.1905 -53.0637 -52.9353 -52.8077 -52.6740 -52.5436 -52.4115 -52.2777 -52.1465 -52.0083 -51.8673 -51.7267 -51.5816 -51.4344 -51.2850 -51.1342 -50.9812 -50.8260 -50.6684 -50.5086 -50.3492 -50.1871 -50.0226 -49.8556 -49.6818 -49.5040 -49.3231 -49.1375 -48.9584 -48.7778 -48.5923 -48.4014 -48.2059 -48.0060 -47.8036 -47.5975 -47.3885 -47.1774 -46.9627
-53.3016 -53.1789 -53.0547 -52.9290 -52.8018 -52.6729 -52.5367 -52.4031 -52.2676 -52.1304 -51.9956 -51.8545 -51.7120 -51.5700 -51.4236 -51.2749 -51.1242 -50.9735 -50.8215 -50.6671 -50.5104 -50.3502 -50.1840 -50.0151 -49.8432 -49.6704 -49.5006 -49.3280 -49.1525 -48.9700 -48.7850 -48.5983 -48.4071 -48.2128 -48.0149 -47.8142 -47.6125 -47.4072 -47.1956 -46.9789
-53.2957 -53.1731 -53.0476 -52.9205 -52.7919 -52.6615 -52.5295 -52.3911 -52.2560 -52.1191 -51.9805 -51.8442 -51.7018 -51.5586 -51.4177 -51.2724 -51.1250 -50.9753 -50.8205 -50.6619 -50.5010 -50.3374 -50.1748 -50.0136 -49.8497 -49.6832 -49.5112 -49.3355 -49.1569 -48.9758 -48.7906 -48.6037 -48.4159 -48.2258 -48.0323 -47.8335 -47.6281 -47.4197 -47.2127 -47.0012
-53.2854 -53.1617 -53.0363 -52.9092 -52.7807 -52.6506 -52.5188 -52.3853 -52.2456 -52.1090 -51.9735 -51.8362 -51.7013 -51.5602 -51.4166 -51.2696 -51.1181 -50.9642 -50.8081 -50.6547 -50.5011 -50.3452 -50.1869 -50.0232 -49.8560 -49.6862 -49.5140 -49.3400 -49.1630 -48.9830 -48.8031 -48.6190 -48.4329 -48.2417 -48.0455 -47.8472 -47.6477 -47.4436 -47.2407 -47.0360
-53.2693 -53.1508 -53.0256 -52.8988 -52.7703 -52.6401 -52.5107 -52.3805 -52.2485 -52.1105 -51.9752 -51.8357 -51.6927 -51.5518 -51.4046 -51.2553 -51.1125 -50.9660 -50.8172 -50.6663 -50.5099 -50.3505 -50.1887 -50.0246 -49.8593 -49.6914 -49.5206 -49.3493 -49.1762 -49.0003 -48.8192 -48.6339 -48.4440 -48.2553 -48.0654 -47.8716 -47.6771 -47.4795 -47.2740 -47.0655
-53.2589 -53.1350 -53.0161 -52.8926 -52.7675 -52.6407 -52.5122 -52.3821 -52.2465 -52.1091 -51.9654 -51.8244 -51.6824 -51.5439 -51.4076 -51.2654 -51.1213 -50.9738 -50.8215 -50.6670 -50.5102 -50.3527 -50.1930 -50.0307 -49.8671 -49.7028 -49.5359 -49.3655 -49.1900 -49.0116 -48.8312 -48.6503 -48.4665 -48.2799 -48.0929 -47.9039 -47.7076 -47.5079 -47.3084 -47.1053
-53.2549 -53.1343 -53.0123 -52.8938 -52.7673 -52.6371 -52.5050 -52.3712 -52.2355 -52.1007 -51.9677 -51.8330 -51.6924 -51.5543 -51.4108 -51.2689 -51.1211 -50.9711 -50.8228 -50.6705 -50.5158 -50.3592 -50.2028 -50.0440 -49.8828 -49.7166 -49.5474 -49.3754 -49.2032 -49.0291 -48.8522 -48.6747 -48.4946 -48.3108 -48.1211 -47.9294 -47.7402 -47.5465 -47.3492 -47.1488
-53.2563 -53.1327 -53.0073 -52.8802 -52.7564 -52.6263 -52.4981 -52.3705 -52.2412 -52.1103 -51.9777 -51.8396 -51.6995 -51.5534 -51.4097 -51.2655 -51.1238 -50.9761 -50.8262 -50.6788 -50.5275 -50.3740 -50.2169 -50.0558 -49.8923 -49.7270 -49.5617 -49.3940 -49.2241 -49.0530 -48.8794 -48.7020 -48.5209 -48.3372 -48.1542 -47.9671 -47.7775 -47.5864 -47.3918 -47.1944
-53.2469 -53.1226 -52.9970 -52.8749 -52.7522 -52.6328 -52.5071 -52.3800 -52.2470 -52.1124 -51.9760 -51.8380 -51.6993 -51.5597 -51.4142 -51.2707 -51.1271 -50.9864 -50.8398 -50.6911 -50.5397 -50.3839 -50.2257 -50.0673 -49.9077 -49.7458 -49.5824 -49.4172 -49.2497 -49.0783 -48.9040 -48.7279 -48.5520 -48.3734 -48.1909 -48.0056 -47.8178 -47.6291 -47.4398 -47.2480
-53.2444 -53.1255 -53.0054 -52.8840 -52.7611 -52.6331 -52.5037 -52.3773 -52.2448 -52.1115 -51.9775 -51.8418 -51.7043 -51.5659 -51.4273 -51.2829 -51.1407 -50.9950 -50.8501 -50.6992 -50.5465 -50.3964 -50.2422 -50.0856 -49.9280 -49.7683 -49.6063 -49.4408 -49.2728 -49.1037 -48.9345 -48.7627 -48.5867 -48.4082 -48.2290 -48.0483 -47.8651 -47.6807 -47.4925 -47.3046
-53.2589 -53.1347 -53.0109 -52.8857 -52.7590 -52.6308 -52.5019 -52.3732 -52.2478 -52.1161 -51.9827 -51.8498 -51.7152 -51.5789 -51.4403 -51.2978 -51.1494 -51.0030 -50.8565 -50.7129 -50.5635 -50.4124 -50.2619 -50.1073 -49.9504 -49.7905 -49.6284 -49.4658 -49.3027 -49.1372 -48.9674 -48.7953 -48.6227 -48.4494 -48.2734 -48.0958 -47.9158 -47.7336 -47.5532 -47.3983
-53.2603 -53.1381 -53.0144 -52.8846 -52.7605 -52.6348 -52.5075 -52.3786 -52.2499 -52.1254 -51.9948 -51.8625 -51.7265 -51.5881 -51.4478 -51.3059 -51.1647 -51.0179 -50.8730 -50.7268 -50.5826 -50.4329 -50.2807 -50.1283 -49.9717 -49.8152 -49.6578 -49.4981 -49.3340 -49.1677 -49.0013 -48.8349 -48.6658 -48.4945 -48.3210 -48.1454 -47.9677 -47.8159 -47.6668 -47.5204
-53.2591 -53.1393 -53.0182 -52.8956 -52.7664 -52.6420 -52.5171 -52.3907 -52.2629 -52.1328 -52.0042 -51.8699 -51.7338 -51.5972 -51.4603 -51.3215 -51.1810 -51.0391 -50.8916 -50.7462 -50.5988 -50.4530 -50.3015 -50.1507 -50.0006 -49.8463 -49.6875 -49.5267 -49.3660 -49.2058 -49.0432 -48.8779 -48.7105 -48.5411 -48.3697 -48.2153 -48.0725 -47.9308 -47.7893 -47.6480
-53.2648 -53.1454 -53.0249 -52.9043 -52.7824 -52.6541 -52.5296 -52.4016 -52.2719 -52.1406 -52.0076 -51.8802 -51.7471 -51.6125 -51.4762 -51.3383 -51.1988 -51.0576 -50.9145 -50.7657 -50.6189 -50.4734 -50.3299 -50.1805 -50.0268 -49.8732 -49.7177 -49.5634 -49.4069 -49.2471 -49.0854 -48.9218 -48.7563 -48.5991 -48.4622 -48.3246 -48.1891 -48.0523 -47.9156 -47.7771
-53.2727 -53.1551 -53.0362 -52.9160 -52.7934 -52.6685 -52.5371 -52.4092 -52.2809 -52.1525 -52.0226 -51.8912 -51.7628 -51.6285 -51.4930 -51.3559 -51.2170 -51.0765 -50.9343 -50.7934 -50.6470 -50.5022 -50.3532 -50.2060 -50.0554 -49.9066 -49.7576 -49.6033 -49.4469 -49.2886 -49.1286 -48.9684 -48.8367 -48.7035 -48.5730 -48.4414 -48.3091 -48.1761 -48.0405 -47.9037
-53.2836 -53.1661 -53.0457 -52.9240 -52.8008 -52.6761 -52.5520 -52.4219 -52.2952 -52.1673 -52.0384 -51.9078 -51.7756 -51.6460 -51.5107 -51.3742 -51.2367 -51.1001 -50.9617 -50.8212 -50.6765 -50.5264 -50.3802 -50.2364 -50.0943 -49.9452 -49.7938 -49.6425 -49.4876 -49.3310 -49.1975 -49.0694 -48.9424 -48.8159 -48.6880 -48.5592 -48.4293 -48.2977 -48.1667 -48.0360
-53.2918 -53.1731 -53.0530 -52.9322 -52.8114 -52.6893 -52.5658 -52.4413 -52.3110 -52.1840 -52.0555 -51.9254 -51.7936 -51.6604 -51.5309 -51.3976 -51.2632 -51.1269 -50.9863 -50.8442 -50.7021 -50.5630 -50.4183 -50.2742 -50.1274 -49.9824 -49.8323 -49.6807 -49.5454 -49.4220 -49.2983 -49.1765 -49.0534 -48.9286 -48.8031 -48.6766 -48.5491 -48.4231 -48.2961 -48.1680
-53.2989 -53.1819 -53.0641 -52.9450 -52.8246 -52.7036 -52.5815 -52.4580 -52.3330 -52.2013 -52.0731 -51.9436 -51.8138 -51.6841 -51.5529 -51.4239 -51.2868 -51.1486 -51.0105 -50.8758 -50.7394 -50.6001 -50.4575 -50.3096 -50.1640 -50.0170 -49.8760 -49.7604 -49.6401 -49.5243 -49.4058 -49.2852 -49.1635 -49.0414 -48.9184 -48.7957 -48.6730 -48.5495 -48.4250 -48.3012
-53.3097 -53.1942 -53.0769 -52.9593 -52.8405 -52.7202 -52.5985 -52.4750 -52.3502 -52.2240 -52.0979 -51.9667 -51.8391 -51.7093 -51.5763 -51.4416 -51.3063 -51.1790 -51.0469 -50.9123 -50.7738 -50.6338 -50.4924 -50.3495 -50.2016 -50.0859 -49.9696 -49.8546 -49.7438 -49.6278 -49.5116 -49.3930 -49.2746 -49.1551 -49.0365 -48.9170 -48.7967 -48.6762 -48.5561 -48.4338
-53.3224 -53.2079 -53.0929 -52.9758 -52.8571 -52.7369 -52.6153 -52.4924 -52.3699 -52.2467 -52.1223 -51.9958 -51.8617 -51.7310 -51.5994 -51.4715 -51.3423 -51.2112 -51.0801 -50.9443 -50.8071 -50.6683 -50.5281 -50.4081 -50.2957 -50.1794 -50.0690 -49.9574 -49.8428 -49.7309 -49.6160 -49.5027 -49.3873 -49.2717 -49.1553 -49.0381 -48.9217 -48.8050 -48.6853 -48.5652
-53.3383 -53.2242 -53.1084 -52.9920 -52.8736 -52.7538 -52.6347 -52.5146 -52.3933 -52.2701 -52.1444 -52.0173 -51.8891 -51.7597 -51.6340 -51.5069 -51.3754 -51.2426 -51.1082 -50.9769 -50.8409 -50.7168 -50.6080 -50.4981 -50.3909 -50.2830 -50.1727 -50.0567 -49.9443 -49.8329 -49.7241 -49.6122 -49.5014 -49.3880 -49.2739 -49.1615 -49.0476 -48.9307 -48.8153 -48.7025
-53.3542 -53.2399 -53.1244 -53.0077 -52.8917 -52.7755 -52.6572 -52.5371 -52.4149 -52.2912 -52.1664 -52.0450 -51.9225 -51.7986 -51.6664 -51.5372 -51.4067 -51.2750 -51.1417 -51.0119 -50.9102 -50.8041 -50.6991 -50.5947 -50.4890 -50.3797 -50.2698 -50.1613 -50.0489 -49.9398 -49.8305 -49.7241 -49.6134 -49.5053 -49.3960 -49.2842 -49.1701 -49.0593 -48.9494 -48.8389
-53.3698 -53.2562 -53.1430 -53.0288 -52.9134 -52.7963 -52.6782 -52.5579 -52.4363 -52.3180 -52.1986 -52.0779 -51.9541 -51.8284 -51.7014 -51.5687 -51.4394 -51.3085 -51.2019 -51.0974 -50.9932 -50.8964 -50.7946 -50.6894 -50.5825 -50.4759 -50.3706 -50.2645 -50.1584 -50.0478 -49.9403 -49.8322 -49.7297 -49.6231 -49.5174 -49.4063 -49.2997 -49.1925 -49.0849 -48.9796
