-49.0166 -48.9101 -48.8018 -48.6979 -48.5949 -48.4913 -48.3870 -48.2876 -48.1936 -48.0869 -47.9891 -47.8904 -47.7890 -47.6961 -47.5954 -47.5039 -47.4086 -47.3181 -47.2278 -47.1402 -47.0518 -46.9636 -46.8808 -46.7977 -46.7146 -46.6399 -46.5646 -46.4946 -46.4224 -46.3512 -46.2853 -46.2221 -46.1667 -46.1104 -46.0650 -46.0090 -45.9723 -45.9393 -45.9383 -45.8978
-49.1536 -49.0479 -48.9471 -48.8467 -48.7456 -48.6440 -48.5472 -48.4570 -48.3530 -48.2571 -48.1618 -48.0633 -47.9712 -47.8711 -47.7821 -47.6912 -47.5987 -47.5125 -47.4267 -47.3445 -47.2535 -47.1601 -47.1134 -47.0106 -46.9403 -46.8669 -46.7959 -46.7287 -46.6567 -46.5882 -46.5233 -46.4679 -46.4127 -46.3628 -46.3163 -46.2632 -46.2331 -46.2271 -46.1926 -46.1557
-49.2881 -49.1902 -49.0900 -48.9913 -48.8926 -48.7978 -48.7107 -48.6101 -48.5158 -48.4238 -48.3271 -48.2371 -48.1442 -48.0536 -47.9650 -47.8757 -47.7915 -47.7061 -47.6278 -47.5410 -47.4589 -47.3844 -47.2993 -47.2274 -47.1569 -47.0864 -47.0206 -46.9548 -46.8833 -46.8260 -46.7648 -46.7137 -46.6573 -46.6149 -46.5652 -46.5237 -46.4930 -46.4819 -46.4456 -46.4103
-49.4251 -49.3295 -49.2333 -49.1374 -49.0448 -48.9598 -48.8624 -48.7694 -48.6812 -48.5869 -48.4944 -48.4050 -48.3148 -48.2318 -48.1419 -48.0584 -47.9775 -47.8974 -47.8165 -47.7361 -47.6514 -47.5875 -47.5113 -47.4449 -47.3758 -47.3093 -47.2470 -47.1794 -47.1181 -47.0584 -47.0024 -46.9502 -46.8960 -46.8559 -46.8088 -46.7734 -46.7701 -46.7286 -46.6901 -46.6559
-49.5593 -49.4654 -49.3723 -49.2819 -49.1987 -49.1044 -49.0129 -48.9280 -48.8361 -48.7484 -48.6620 -48.5726 -48.4957 -48.4094 -48.3275 -48.2476 -48.1662 -48.0936 -48.0080 -47.9372 -47.8714 -47.7867 -47.7212 -47.6538 -47.5875 -47.5259 -47.4651 -47.3973 -47.3459 -47.2841 -47.2334 -47.1803 -47.1317 -47.0928 -47.0469 -47.0454 -47.0087 -46.9721 -46.9287 -46.8950
-49.6937 -49.6055 -49.5211 -49.4400 -49.3486 -49.2582 -49.1757 -49.0867 -49.0000 -48.9161 -48.8293 -48.7493 -48.6668 -48.5843 -48.5077 -48.4279 -48.3558 -48.2748 -48.2037 -48.1250 -48.0566 -47.9883 -47.9252 -47.8596 -47.7969 -47.7380 -47.6765 -47.6181 -47.5644 -47.5089 -47.4597 -47.4071 -47.3649 -47.3217 -47.2820 -47.2785 -47.2415 -47.2079 -47.1649 -47.1287
-49.8351 -49.7486 -49.6718 -49.5832 -49.4936 -49.4136 -49.3275 -49.2418 -49.1602 -49.0760 -48.9963 -48.9176 -48.8344 -48.7606 -48.6831 -48.6105 -48.5366 -48.4609 -48.3740 -48.3347 -48.2473 -48.1872 -48.1243 -48.0617 -48.0031 -47.9463 -47.8845 -47.8350 -47.7781 -47.7280 -47.6824 -47.6298 -47.5955 -47.5475 -47.5362 -47.5060 -47.4686 -47.4369 -47.3948 -47.3584
-49.9732 -49.8957 -49.8099 -49.7237 -49.6455 -49.5627 -49.4779 -49.3981 -49.3168 -49.2374 -49.1621 -49.0802 -49.0065 -48.9322 -48.8585 -48.7900 -48.7121 -48.6480 -48.5785 -48.5058 -48.4437 -48.3816 -48.3191 -48.2616 -48.2057 -48.1504 -48.0932 -48.0448 -47.9902 -47.9436 -47.8966 -47.8552 -47.8187 -47.7993 -47.7572 -47.7257 -47.6918 -47.6593 -47.6202 -47.5874
-50.1128 -50.0339 -49.9459 -49.8695 -49.7920 -49.7084 -49.6304 -49.5517 -49.4728 -49.3997 -49.3206 -49.2461 -49.1749 -49.1002 -49.0345 -48.9610 -48.8932 -48.8174 -48.7778 -48.6918 -48.6336 -48.5734 -48.5125 -48.4565 -48.4062 -48.3488 -48.3005 -48.2487 -48.1990 -48.1549 -48.1075 -48.0750 -48.0356 -48.0129 -47.9777 -47.9425 -47.9082 -47.8761 -47.8401 -47.8655
-50.2485 -50.1620 -50.0910 -50.0133 -49.9315 -49.8575 -49.7810 -49.7029 -49.6312 -49.5555 -49.4799 -49.4116 -49.3386 -49.2718 -49.2038 -49.1323 -49.0735 -49.0116 -48.9394 -48.8802 -48.8216 -48.7595 -48.7055 -48.6517 -48.6022 -48.5461 -48.5026 -48.4493 -48.4036 -48.3619 -48.3187 -48.2887 -48.2722 -48.2269 -48.1945 -48.1600 -48.1244 -48.0901 -48.0573 -48.0901
-50.3782 -50.3031 -50.2277 -50.1522 -50.0767 -50.0022 -49.9292 -49.8575 -49.7850 -49.7081 -49.6419 -49.5717 -49.5034 -49.4405 -49.3684 -49.3082 -49.2391 -49.1818 -49.1181 -49.0647 -49.0041 -48.9476 -48.8927 -48.8458 -48.7904 -48.7441 -48.6978 -48.6511 -48.6082 -48.5676 -48.5314 -48.5253 -48.4768 -48.4344 -48.4030 -48.3695 -48.3376 -48.2954 -48.3212 -48.3095
-50.5202 -50.4470 -50.3635 -50.2889 -50.2211 -50.1474 -50.0760 -50.0093 -49.9340 -49.8667 -49.7996 -49.7294 -49.6689 -49.6014 -49.5373 -49.4604 -49.4260 -49.3531 -49.2989 -49.2426 -49.1856 -49.1352 -49.0851 -49.0344 -48.9804 -48.9387 -48.8915 -48.8465 -48.8078 -48.7665 -48.7370 -48.7240 -48.6751 -48.6377 -48.6071 -48.5735 -48.5444 -48.5058 -48.5324 -48.5233
-50.6572 -50.5801 -50.5062 -50.4304 -50.3584 -50.2925 -50.2251 -50.1519 -50.0862 -50.0224 -49.9533 -49.8915 -49.8292 -49.7613 -49.7062 -49.6463 -49.5874 -49.5291 -49.4780 -49.4200 -49.3677 -49.3180 -49.2705 -49.2200 -49.1688 -49.1265 -49.0787 -49.0396 -49.0042 -48.9648 -48.9624 -48.9177 -48.8710 -48.8380 -48.8064 -48.7743 -48.7473 0.0000 -48.7425 -48.7294
-50.7876 -50.7142 -50.6452 -50.5746 -50.4992 -50.4333 -50.3630 -50.2978 -50.2362 -50.1754 -50.1118 -50.0547 -49.9872 -49.9292 -49.8586 -49.8265 -49.7519 -49.7027 -49.6485 -49.5949 -49.5458 -49.4977 -49.4525 -49.4002 -49.3582 -49.3092 -49.2662 -49.2296 -49.1954 -49.1892 -49.1528 -49.1094 -49.0675 -49.0368 -49.0046 -48.9745 -48.9434 0.0000 -48.9483 -48.9347
-50.9180 -50.8507 -50.7817 -50.7146 -50.6503 -50.5775 -50.5063 -50.4455 -50.3871 -50.3212 -50.2692 -50.2065 -50.1448 -50.0915 -50.0357 -49.9747 -49.9203 -49.8716 -49.8161 -49.7680 -49.7206 -49.6754 -49.6289 -49.5813 -49.5408 -49.4932 -49.4528 -49.4202 -49.3824 -49.3804 -49.3418 -49.2970 -49.2598 -49.2288 -49.1968 -49.1680 -49.1891 0.0000 -49.1560 -49.1408
-51.0546 -50.9877 -50.9188 -50.8546 -50.7906 -50.7205 -50.6527 -50.5920 -50.5264 -50.4756 -50.4179 -50.3562 -50.3037 -50.2396 -50.2088 -50.1328 -50.0870 -50.0355 -49.9858 -49.9389 -49.8928 -49.8501 -49.8035 -49.7624 -49.7201 -49.6778 -49.6421 -49.6049 -49.5944 -49.5637 -49.5246 -49.4802 -49.4478 -49.4179 -49.3841 -49.3559 -57.8294 0.0000 0.0000 -49.3451
-51.1860 -51.1186 -51.0547 -50.9932 -50.9254 -50.8613 -50.8032 -50.7337 -50.6753 -50.6224 -50.5641 -50.5077 -50.4595 -50.4105 -50.3470 -50.2964 -50.2494 -50.2003 -50.1546 -50.1091 -50.0658 -50.0223 -49.9757 -49.9386 -49.8944 -49.8585 -49.8251 -49.7904 -49.7758 -49.7429 -49.7034 -49.6625 -49.6323 -49.6022 -49.5687 -49.5935 -57.9979 -65.7400 -61.3783 -49.5418
-51.3083 -51.2497 -51.1902 -51.1259 -51.0603 -51.0038 -50.9429 -50.8816 -50.8243 -50.7652 -50.7054 -50.6608 -50.6030 -50.5791 -50.5032 -50.4591 -50.4108 -50.3643 -50.3195 -50.2747 -50.2345 -50.1892 -50.1484 -50.1092 -50.0692 -50.0358 -50.0048 -49.9927 -49.9601 -49.9176 -49.8762 -49.8424 -49.8129 -49.7823 -49.7509 -49.7815 -58.1820 -60.4700 -49.7444 -49.7342
-51.4355 -51.3769 -51.3214 -51.2562 -51.1998 -51.1422 -51.0809 -51.0285 -50.9762 -50.9084 -50.8573 -50.7907 -50.7703 -50.7045 -50.6610 -50.6166 -50.5685 -50.5259 -50.4820 -50.4403 -50.3994 -50.3536 -50.3177 -50.2780 -50.2422 -50.2097 -50.2039 -50.1660 -50.1374 -50.0975 -50.0476 -50.0156 -49.9899 -49.9590 -49.9824 -49.9659 -58.3621 -60.0824 -49.9314 -49.9226
-51.5659 -51.5070 -51.4429 -51.3930 -51.3392 -51.2794 -51.2250 -51.1754 -51.1149 -51.0603 -51.0052 -50.9535 -50.9014 -50.8551 -50.8136 -50.7711 -50.7270 -50.6848 -50.6414 -50.6027 -50.5602 -50.5195 -50.4833 -50.4444 -50.4119 -50.3811 -50.3717 -50.3392 -50.3081 -59.5171 0.0000 -50.1878 -50.1600 -50.1304 -50.1624 -50.1448 -58.5283 -59.9227 -50.1174 -50.1101
-51.6972 -51.6347 -51.5749 -51.5222 -51.4652 -51.4149 -51.3671 -51.3118 -51.2536 -51.2057 -51.1455 -51.1132 -51.0454 -51.0020 -50.9656 -50.9197 -50.8824 -50.8410 -50.8007 -50.7620 -50.7182 -50.6824 -50.6468 -50.6114 -50.5798 -50.5723 -50.5361 -50.5089 -50.4759 0.0000 -50.4648 -50.3570 -50.3276 -50.3497 -50.3407 -57.7300 -58.7042 -59.8723 -50.3000 -50.2942
-51.8280 -51.7597 -51.7077 -51.6540 -51.5961 -51.5475 -51.5039 -51.4460 -51.3967 -51.3495 -51.3038 -51.2485 -51.1930 -51.1530 -51.1080 -51.0722 -51.0319 -50.9945 -50.9575 -50.9174 -50.8773 -50.8444 -50.8076 -50.7755 -50.7690 -50.7346 -50.6997 -50.6748 -50.6395 0.0000 -50.5581 -50.5292 -50.4952 -50.5233 -50.5116 -57.9839 -58.8751 -59.8829 -50.4794 -50.4749
-51.9508 -51.8973 -51.8385 -51.7824 -51.7319 -51.6854 -51.6285 -51.5827 -51.5368 -51.4829 -51.4575 -51.3883 -51.3484 -51.2996 -51.2554 -51.2155 -51.1828 -51.1440 -51.1117 -51.0703 -51.0356 -51.0022 -50.9671 -50.9369 -50.9281 -50.8940 -50.8640 -50.8359 -50.8001 0.0000 -50.7237 -50.6953 -50.7173 -50.6966 -50.6819 -58.2087 -59.0423 -59.9283 -50.6556 -50.6525
-52.0776 -52.0274 -51.9729 -51.9123 -51.8670 -51.8148 -51.7584 -51.7130 -51.6573 -51.6360 -51.5783 -51.5337 -51.4947 -51.4512 -51.4029 -51.3636 -51.3241 -51.2956 -51.2575 -51.2224 -51.1920 -51.1575 -51.1257 -51.1183 -51.0850 -51.0512 -51.0243 -50.9934 -60.2061 0.0000 -50.8866 -50.8587 -50.8868 -50.8721 -50.8511 -58.4405 -59.1876 -60.0404 0.0000 0.0000
-52.2053 -52.1532 -52.0986 -52.0533 -51.9977 -51.9418 -51.8935 -51.8488 -51.8005 -51.7831 -51.7150 -51.6776 -51.6370 -51.5946 -51.5557 -51.5097 -51.4722 -51.4375 -51.4053 -51.3716 -51.3446 -51.3102 -51.3050 -51.2717 -51.2387 -51.2056 -51.1811 -51.1470 -60.3216 -62.1128 -51.0467 -51.0710 -51.0536 -51.0406 -51.0265 -58.6932 -59.3417 -60.1252 0.0000 0.0000
-52.3300 -52.2767 -52.2292 -52.1854 -52.1309 -52.0708 -52.0267 -51.9696 -51.9481 -51.8892 -51.8554 -51.8182 -51.7771 -51.7377 -51.6996 -51.6613 -51.6269 -51.5827 -51.5446 -51.5223 -51.4896 -51.4623 -51.4546 -51.4218 -51.3891 -51.3569 -51.3310 -51.2957 -60.4772 -51.2300 -51.2036 -51.2369 -51.2206 -51.2098 -51.1939 -58.9524 -59.5030 -60.1280 -69.2196 -69.3541
-52.4510 -52.4017 -52.3592 -52.3098 -52.2552 -52.2106 -52.1590 -52.1160 -52.0694 -52.0232 -51.9864 -51.9551 -51.9154 -51.8784 -51.8414 -51.8048 -51.7715 -51.7342 -51.6924 -51.6621 -51.6368 -51.6296 -51.5994 -51.5675 -51.5353 -51.5094 -51.4808 -59.0251 -60.6523 -51.3871 -51.4129 -51.3975 -51.3829 -51.3728 -58.7659 -59.1710 -59.7168 -60.2336 -66.9904 -67.0153
-52.5705 -52.5285 -52.4851 -52.4318 -52.3842 -52.3408 -52.2891 -52.2589 -52.1983 -52.1595 -52.1224 -52.0822 -52.0525 -52.0165 -51.9805 -51.9470 -51.9132 -51.8770 -51.8467 -51.8047 -51.7952 -51.7724 -51.7404 -51.7138 -51.6829 -51.6616 -51.6309 -59.4642 -60.8066 -51.5389 -51.5709 -51.5555 -51.5427 -51.5324 -58.9602 -59.3776 -59.8907 -60.4317 -65.3925 -65.8542
-52.6927 -52.6515 -52.6041 -52.5540 -52.5122 -52.4515 -52.4331 -52.3830 -52.3387 -52.2936 -52.2553 -52.2163 -52.1798 -52.1526 -52.1181 -52.0867 -52.0515 -52.0178 -51.9885 -51.9565 -51.9384 -51.9070 -51.8841 -51.8556 -51.8329 -51.8090 -51.7763 -59.8236 -60.9571 -51.7407 -51.7259 -51.7107 -51.6995 -51.6899 -59.1631 -59.5754 -60.0590 -60.6207 0.0000 -63.8170
-52.8161 -52.7704 -52.7193 -52.6788 -52.6379 -52.5927 -52.5717 -52.5091 -52.4720 -52.4349 -52.3863 -52.3496 -52.3139 -52.2765 -52.2434 -52.2217 -52.1895 -52.1600 -52.1302 -52.1198 -52.0912 -52.0510 -52.0196 -51.9979 -51.9730 -51.9517 -51.9196 -60.1263 -51.8607 -51.8933 -51.8789 -51.8635 -51.8541 -51.8457 -59.3607 -59.7619 -60.2143 -60.6921 0.0000 -62.5652
-52.9361 -52.8865 -52.8407 -52.7995 -52.7478 -52.7311 -52.6794 -52.6390 -52.6035 -52.5655 -52.5248 -52.4789 -52.4441 -52.4098 -52.3791 -52.3480 -52.3267 -52.3016 -52.2953 -52.2619 -52.2316 -52.2004 -52.1596 -52.1296 -52.1162 -52.0868 -59.6489 -60.3890 -52.0569 -52.0434 -52.0290 -52.0146 -52.0093 -51.9972 -59.5535 -59.9295 -60.3681 -60.8158 0.0000 0.0000
-53.0505 -53.0023 -52.9621 -52.9228 -52.8827 -52.8639 -52.8008 -52.7647 -52.7304 -52.6920 -52.6559 -52.6203 -52.5750 -52.5431 -52.5139 -52.4849 -52.4565 -52.4388 -52.4297 -52.3998 -52.3696 -52.3386 -52.3082 -52.2705 -52.2470 -52.2255 -59.8947 -60.6203 -52.2048 -52.1908 -52.1764 -52.1644 -52.1604 -59.5196 -59.7337 -60.0857 -60.5201 -60.9410 0.0000 0.0000
-53.1628 -53.1220 -53.0819 -53.0341 -53.0142 -52.9603 -52.9215 -52.8907 -52.8550 -52.8206 -52.7857 -52.7515 -52.7183 -52.6774 -52.6475 -52.6166 -52.5904 -52.5831 -52.5606 -52.5330 -52.5039 -52.4730 -52.4431 -52.4182 -52.3812 -52.3495 -60.0830 -52.4046 -52.3424 -52.3356 -52.3213 -52.3129 -52.3079 -59.6766 -59.9170 -60.2597 -60.6310 -61.0668 0.0000 0.0000
-53.2775 -53.2394 -53.1807 -53.1656 -53.1226 -53.0800 -53.0465 -53.0119 -52.9790 -52.9463 -52.9158 -52.8826 -52.8512 -52.8222 -52.7775 -52.7497 -52.7457 -52.7133 -52.6827 -52.6650 -52.6363 -52.6077 -52.5785 -52.5556 -52.5269 -59.9051 -60.3258 -52.4850 -52.4830 -52.4686 -52.4616 -52.4568 -52.4502 -59.8244 -60.0726 -60.4008 -60.7572 -61.1186 -68.0664 -66.6862
-53.3912 -53.3544 -53.3120 -53.2944 -53.2392 -53.2032 -53.1710 -53.1363 -53.1011 -53.0709 -53.0391 -53.0105 -52.9829 -52.9533 -52.9217 -52.8945 -52.8741 -52.8417 -52.8135 -52.7848 -52.7664 -52.7389 -52.7140 -52.6911 -52.6604 -60.1804 -60.5512 -52.6262 -52.6123 -52.6094 -52.5962 -52.6010 -52.5930 -59.9890 -60.2410 -60.5558 -60.8952 -61.2536 -66.4507 -64.9903
-53.4961 -53.4553 -53.4420 -53.3964 -53.3579 -53.3262 -53.2925 -53.2573 -53.2240 -53.1910 -53.1627 -53.1343 -53.1147 -53.0847 -53.0566 -53.0523 -53.0196 -52.9721 -52.9447 -52.9160 -52.8866 -52.8699 -52.8481 -52.8250 -52.7945 -60.4240 -60.8601 -52.7683 -52.7535 -52.7388 -52.7408 -52.7379 -52.7364 -60.1694 -60.4238 -60.7281 -61.0578 -61.4261 0.0000 0.0000
-53.6124 -53.5771 -53.5587 -53.5126 -53.4794 -53.4476 -53.4142 -53.3803 -53.3475 -53.3160 -53.2851 -53.2585 -53.2347 -53.2123 -53.2103 -53.1819 -53.1513 -53.1232 -53.0723 -53.0435 -53.0151 -52.9877 -52.9778 -52.9531 -52.9254 -60.6534 -52.9304 -52.9187 -52.8911 -52.8774 -52.8694 -52.8790 -52.8669 -60.3320 -60.5849 -60.8830 -61.2004 -61.5565 0.0000 0.0000
-53.7282 -53.7033 -53.6554 -53.6176 -53.5970 -53.5649 -53.5315 -53.4998 -53.4681 -53.4376 -53.4098 -53.3833 -53.3558 -53.3412 -53.3400 0.0000 0.0000 0.0000 0.0000 -53.1692 -53.1418 -53.1168 -53.0951 -53.0671 -60.5602 -60.8728 -53.0677 -53.0555 -53.0405 -53.0146 -53.0083 -53.0034 -60.3020 -60.4439 -60.7423 -61.0292 -61.3357 -61.6520 0.0000 0.0000
-53.8542 -53.8346 -53.7761 -53.7339 -53.7033 -53.6818 -53.6496 -53.6185 -53.5887 -53.5602 -53.5344 -53.5074 -53.4785 -53.4752 -53.4633 0.0000 0.0000 0.0000 0.0000 -53.2934 -53.2665 -53.2438 -53.2205 -53.1919 -60.6648 -61.0654 -53.2022 -53.1899 -53.1759 -53.1640 -53.1448 -53.1383 -60.3717 -60.6001 -60.8323 -61.1651 -61.4611 -61.7685 0.0000 0.0000
-53.9752 -53.9256 -53.8902 -53.8593 -53.8165 -53.7834 -53.7634 -53.7332 -53.7053 -53.6790 -53.6540 -53.6259 -53.6207 -53.5942 -63.6357 0.0000 0.0000 0.0000 -68.6442 -53.4163 -53.3900 -53.3689 -53.3438 -53.3154 -60.8537 -61.1637 -53.3319 -53.3216 -53.3098 -53.2985 -53.2954 -53.2859 -60.5130 -60.6710 -60.9773 -61.2286 -61.5769 -61.8788 -69.3165 0.0000
