-68.4409 -68.2326 -68.0009 -67.7746 -67.5095 -67.2975 -67.0951 -69.6397 -70.4845 -70.3185 -71.8592 -72.3393 -72.3678 -72.3331 -71.6446 -71.0497 -68.0755 -67.7435 -67.4158 -67.0974 -66.7931 -66.5038 -66.2305 -65.9734 -65.7327 -65.5083 -68.0464 -68.8522 -68.6463 -68.0322 -67.4542 -66.9194 -66.4315 -65.9919 -65.5994 -65.2526 -67.6611 -67.4515 -67.3451 -67.3256
-68.3479 -68.3156 -68.0531 -67.8410 -67.6326 -67.4343 -67.2345 -67.0729 -70.3055 -70.3549 -71.5773 -72.0649 -72.4717 -71.8459 -71.5973 -70.9287 -70.2726 -67.8988 -67.5924 -67.2895 -66.9982 -66.7203 -66.4565 -66.2071 -65.9726 -65.7530 -65.5481 -68.3037 -68.8398 -68.2827 -67.7488 -67.2493 -66.7879 -66.3663 -65.9848 -65.6421 -65.3370 0.0000 0.0000 0.0000
-68.5588 -68.4583 -68.2791 -68.0668 -67.8653 -67.6550 -67.5187 -67.3208 -70.1633 -70.7989 -71.3595 -71.8248 0.0000 0.0000 -71.7688 -71.3750 -70.5749 -68.1987 -67.8821 0.0000 0.0000 -67.0898 0.0000 0.0000 -66.3536 -66.1127 0.0000 0.0000 -72.7022 -68.7213 -68.1666 0.0000 0.0000 0.0000 -66.4724 -66.1101 0.0000 0.0000 0.0000 0.0000
-68.7415 -68.4321 -68.3879 -68.2029 -68.0003 -67.8018 0.0000 0.0000 0.0000 -76.8811 -71.5837 -71.9266 0.0000 0.0000 0.0000 -71.5705 -70.8029 -68.2747 -67.9841 0.0000 0.0000 -67.3069 0.0000 0.0000 -72.2169 -66.3425 0.0000 0.0000 -72.7882 -68.9442 -68.4116 0.0000 0.0000 0.0000 -72.9280 -66.4503 0.0000 -77.5752 -76.0168 0.0000
-68.8267 -68.5903 -68.4043 -68.3709 -68.2418 -68.0387 0.0000 0.0000 0.0000 -76.4579 -71.4216 -71.7242 0.0000 0.0000 0.0000 -72.0743 -71.0012 -68.2696 -68.1502 0.0000 0.0000 -67.5020 0.0000 0.0000 -72.2763 -66.5862 -75.7591 -75.9361 -72.5891 -69.0775 -68.6279 -77.6075 0.0000 0.0000 -72.9629 -69.6122 0.0000 -76.3388 -74.7301 -73.4433
-68.9258 -68.7185 -68.5158 -68.5361 -68.3549 -68.1576 -74.2763 -79.1856 -79.1488 -75.9849 -74.2048 -71.6364 0.0000 0.0000 0.0000 -72.1217 -71.3283 -68.5462 -68.1337 -78.4138 -77.0598 -72.0995 -67.4182 -76.6563 -72.2102 -70.0105 -66.5419 -74.3869 -72.6458 -69.2566 -68.8331 -74.1837 -75.9904 -78.6889 -72.8407 -70.7018 -79.4296 -74.9042 -73.6749 -72.6302
-69.0236 -68.8966 -68.6704 -68.4890 -68.4489 -68.2412 -72.1792 -74.2894 -75.3688 -75.8973 -74.9002 -71.7153 -72.1071 -79.8698 -78.5435 -72.0456 -71.5221 -68.7650 -68.4758 -73.4970 -74.9211 -72.1369 -67.6007 -72.3971 -72.2103 -70.5931 -69.1295 -69.8724 -72.7031 -69.4105 -68.9776 -72.1532 -74.2891 -75.5702 -72.9172 -71.2911 -75.7544 -74.2940 -73.1739 -72.1889
-69.1976 -68.9957 -68.7897 -68.5575 -68.5144 -68.4012 -71.4824 -73.2824 -74.7377 -75.6010 -75.3747 -71.6406 -72.0876 -75.6966 -77.5378 -72.1424 -71.6352 -71.1353 -68.6522 -72.1844 -73.3329 -71.9329 -67.7290 -71.4574 -72.2591 -70.9720 -69.7613 -66.7561 -70.1360 -69.5583 -69.1916 -68.8354 -73.0622 -74.2287 -72.9660 -71.6743 -70.4687 -73.8935 -72.8877 -71.9584
-69.4026 -69.1848 -68.9367 -68.7214 -68.5525 -68.5131 -71.2110 -72.7493 -73.9040 -74.7859 -75.4330 -74.6869 -71.9039 -72.3547 -75.8905 -72.1349 -71.6769 -71.1466 -68.7912 -71.3488 -72.9700 -71.6843 -70.4648 -67.6704 -71.9002 -71.1614 -70.2210 -69.2953 -69.4949 -70.8819 -69.3359 -68.9991 -72.3014 -73.5134 -73.0294 -71.9577 -70.9303 -73.6249 -72.7272 -71.8051
-69.4796 -69.2319 -69.0403 -68.8508 -68.6662 -68.4788 0.0000 0.0000 -73.4289 -74.1815 -74.8097 -74.9714 -71.8215 -72.2311 -74.5971 -72.1148 -71.7005 -71.2884 -68.9178 -68.6939 -72.2739 -72.0533 -70.5324 -67.7586 -71.1816 -71.4391 -70.5513 -69.7347 -66.9716 -69.9657 -69.4305 -69.1160 -71.7201 -72.7870 -72.9781 -72.0882 -71.2188 -70.4056 -72.5599 -71.8013
-69.3916 -69.2105 -69.0308 -68.8548 -68.5970 -68.4706 0.0000 0.0000 -78.5831 -73.7477 -74.3330 -74.9031 -74.4295 -72.0246 -72.3713 -72.0951 -71.8025 -71.4115 -69.0353 -68.8177 -71.7736 -72.0910 -71.0593 -67.8338 -67.6213 -71.4521 -70.7303 -70.0379 -69.3864 -66.9702 -69.5600 -69.2650 -68.9774 -72.3464 -73.0310 -72.2598 -71.4994 -70.7760 -72.5349 -71.8468
-69.4672 -69.2883 -69.0986 -68.8904 -68.7314 -68.6310 0.0000 0.0000 -78.8206 -73.2043 -73.7974 -74.1391 -74.4851 -71.8286 -72.2295 -72.1281 -71.7015 -71.3357 -69.0473 -68.8970 -71.5807 -72.2021 -71.3090 -70.4472 -67.8921 -70.9107 -70.9567 -70.3294 -69.7447 -67.1360 -69.6836 -69.4044 -69.1313 -72.0201 -72.7892 -72.4034 -71.7314 -71.0988 -70.4868 -71.9753
-69.5248 -69.3085 -69.1502 -69.0541 -68.9110 -68.7416 -77.7449 -77.9666 -77.6386 -77.0191 -73.3512 -73.8491 -74.2916 -74.1667 -71.9864 -72.0209 -71.8197 -71.5273 -69.2071 -69.0152 -71.3666 -72.2091 -71.5824 -70.8000 -68.0719 -70.9038 -70.9598 -70.6160 -70.1112 -69.6232 -67.2115 -69.6162 -69.3510 -71.9072 -72.5764 -72.6137 -71.9958 -71.3972 -70.8284 -72.0440
-69.3782 -69.4723 -69.3339 -69.1818 -69.0299 -68.8779 -74.4853 0.0000 -77.1520 -77.1090 -73.1129 -73.4683 -73.7037 -74.2697 -71.9188 -72.1873 -71.8911 -71.5659 -71.2969 -69.1110 -68.9514 -71.9402 -71.7245 -70.9877 -70.3364 -68.0220 -71.2225 0.0000 0.0000 -70.1818 -67.4024 -69.7741 -69.4572 -69.2101 -72.3193 -72.7123 -72.1563 -71.6135 -71.0923 -72.1205
-69.5460 -69.4266 -69.3080 -69.3003 -69.1471 -68.9856 0.0000 0.0000 -80.6591 -76.9493 -76.6815 -73.5417 -73.9504 -74.3511 -72.7241 -72.3204 -72.1237 -71.8161 -71.3949 -69.2223 -69.0465 -71.7716 -71.8606 -71.2152 -70.6210 -68.1424 -71.0265 0.0000 0.0000 -75.3434 -69.9018 -67.4290 -69.5780 -69.3437 -72.1054 -72.6788 -72.2920 -71.7997 -71.3208 -70.8653
-69.6444 -69.5141 -69.3954 -69.2572 -69.2314 -69.0194 -78.0461 -78.7120 -79.3293 -78.1575 -77.7135 -73.3913 -73.8045 -74.2038 -72.8069 -72.2590 -72.1779 -71.8841 -71.6002 -69.3643 -69.1188 -71.7157 -72.0617 -71.5150 -70.9389 -68.3636 -68.2058 -74.8016 -77.6539 -74.8512 -70.1124 -67.5988 -69.7412 -69.4315 -71.8727 -72.4841 -72.4179 -72.0398 -71.5952 -71.1684
-69.8634 -69.6776 -69.4290 -69.2476 -69.1373 -69.1303 0.0000 0.0000 0.0000 -77.7071 -77.3262 -75.8916 -73.4323 -73.9967 -72.8055 -72.5036 -72.0607 -71.9734 -71.7166 -69.4913 -69.3254 -71.6416 -72.2005 -71.6992 -71.2066 -70.6944 -68.3646 -72.9967 -74.8967 -74.9763 -70.8346 -70.0290 -67.6289 -69.7378 -71.9078 -72.4236 -72.6419 -72.2175 -71.8022 -71.4016
-70.1755 -69.6515 -69.5287 -69.4142 -69.3020 -69.1660 0.0000 0.0000 0.0000 -78.7602 -78.3149 -76.0679 0.0000 0.0000 -72.7817 -72.5104 -72.2474 -71.9921 -71.8909 -69.6345 -69.4578 -71.5930 -72.1107 -71.8464 -71.3838 -70.9364 -68.5004 -71.0189 -73.0718 -74.2654 -73.6179 -70.3261 -69.9946 -67.6946 -69.6638 -72.4391 -72.7719 -72.3778 -71.9919 -71.6046
-70.1146 -69.9589 -69.5294 -69.3180 -69.2738 -69.1742 -77.9388 -78.0225 -79.0003 -77.6777 -77.4355 -76.5725 0.0000 0.0000 -73.2137 -72.8715 -72.5467 -72.2406 -71.9690 -69.7153 -69.5489 -69.3871 -71.9958 -71.9533 -71.5275 -71.1138 -68.6801 -68.5379 -72.0235 -73.3228 -73.8513 -70.4673 -70.2665 -67.8622 -69.8241 -72.3822 -72.8065 -72.5161 -72.1386 -71.8505
-70.0359 -69.9569 -69.8093 -69.4515 -69.4660 -69.3655 -74.7257 -77.1126 -77.9082 -77.7586 -77.5055 -76.7574 0.0000 0.0000 -73.5914 -72.9612 -72.5564 -72.2901 -72.0362 -71.7933 -69.6348 -69.4780 -71.8989 -72.2044 -71.8027 -71.4104 0.0000 -68.8298 -71.3753 -72.5892 -73.4860 0.0000 0.0000 -73.7809 -67.9166 -72.3314 -72.7228 -72.7725 -72.5092 -72.0201
-70.1587 -70.1634 -70.0118 -69.6577 -69.5525 -69.4543 -73.2483 -74.8611 -75.7584 -77.3367 -77.5322 -76.9368 0.0000 0.0000 -73.5972 -73.1367 -72.5960 -72.3389 -72.0944 -71.8607 -69.7154 0.0000 0.0000 0.0000 -72.2595 -71.6215 0.0000 0.0000 0.0000 -72.2134 -72.8733 0.0000 0.0000 -73.8468 -68.0865 -69.8944 -72.6134 0.0000 0.0000 -72.4488
-70.3576 -70.2267 -70.1641 -70.0127 -69.6914 -69.5801 0.0000 0.0000 0.0000 0.0000 0.0000 -78.0029 -81.7126 -79.2740 -73.3673 -73.0911 -72.6205 -72.3757 -72.0638 -71.8511 -69.7429 0.0000 0.0000 0.0000 -75.7625 -71.9267 0.0000 0.0000 0.0000 -78.0496 -72.4969 0.0000 0.0000 -73.9128 -70.2992 -68.1049 -72.4833 0.0000 0.0000 -76.5445
-70.6699 -70.3274 -70.1937 -70.0500 -69.9283 -69.6359 0.0000 0.0000 0.0000 -86.6226 -84.3291 -78.1425 -78.5041 -77.0635 -72.9054 -72.7013 -72.4994 -72.1428 -71.9464 -71.7550 -69.7313 -78.6336 -78.4314 -78.3886 -74.6210 -71.6267 0.0000 0.0000 0.0000 -77.3160 -74.0690 0.0000 0.0000 0.0000 -70.0849 -68.0690 -71.8129 0.0000 0.0000 -76.6087
-70.7451 -70.5046 -70.1097 -69.8091 -69.7132 -69.6084 -77.7547 -77.6818 -77.7331 -77.8212 -77.8987 -76.6891 -76.8186 -75.7927 -72.9114 -72.7172 -72.5290 -72.2213 -72.0306 -71.8444 -69.8229 -74.8184 -76.7004 -77.2599 -74.6488 -71.7470 -76.3207 -79.0118 -78.9166 -76.3400 -74.8514 -72.0027 -78.1515 -77.2598 -73.5286 -70.0216 -68.1068 -76.2159 -76.2753 -75.3317
-70.3317 -70.1886 -70.0501 -69.9099 -69.7789 -69.6744 -74.6220 -76.2720 -76.6587 -76.9816 -77.2265 -76.6381 -76.3533 -75.4535 -72.9237 -72.7359 -72.5565 -72.3818 -72.1135 -71.9324 -69.9138 -73.3233 -75.2178 -76.2172 -74.6715 -71.8572 -75.1726 -76.3517 -77.1510 -76.3455 -75.2568 -74.1632 -72.2620 -75.9454 -73.5699 -70.1276 -69.9711 -71.9721 -73.9232 -74.7533
-70.2189 -70.1273 -70.0350 -69.9353 -69.8589 -69.7443 -73.2931 -74.6583 -75.9258 -76.4081 -76.7661 -76.5045 -76.0281 -75.2529 -72.9438 -72.7593 -72.5852 -72.4182 -72.2551 -72.0190 -71.8471 -72.6196 -74.0221 -75.2936 -74.6886 -71.9579 -74.7763 -75.4830 -76.3806 -76.3465 -75.4996 -74.6269 -72.0341 -74.5701 -73.6090 -70.2296 -70.0778 -68.2710 -72.0559 -73.2877
-70.2600 -70.1725 -70.0841 -69.9952 -69.8991 -69.8099 -72.6651 -73.8995 -74.6955 -75.3888 -76.1315 -76.1460 -75.7339 -75.1233 -72.9712 -72.7868 -72.6153 -72.4530 -72.2969 -72.1012 -71.9342 -69.9652 -73.4434 -74.3563 -74.6954 -72.1096 -71.8040 -74.8925 -75.7651 -76.3372 -75.6532 -74.9393 -74.2458 -72.2478 -73.6429 -70.3264 -70.1794 -71.5353 -68.3341 -72.1328
-70.2989 -70.2155 -70.1311 -70.0459 -69.9535 -69.8678 -72.3362 -73.3650 -74.1696 -74.7436 -75.2468 -75.4620 -75.1004 -73.1794 -73.0080 -72.8253 -72.6547 -72.4945 -72.3422 -72.1953 -72.0217 -70.0549 -73.0604 -73.9024 -74.4553 -74.0038 -71.9014 -74.4903 -75.2973 -75.9336 -75.7613 -75.1648 -74.5722 -74.0113 -72.4512 -72.5633 -70.2784 -70.1390 -68.4278 -71.2903
-70.3469 -70.2563 -70.1758 -70.0945 -70.0058 -69.9235 -69.8409 -73.0312 -73.7732 -74.3405 -74.7950 -75.2012 -74.9748 -72.9369 -72.8103 -72.6808 -72.5488 -72.4150 -72.3904 -72.2471 -72.1098 -70.1502 -72.9669 -73.7634 -74.4355 -74.1407 -72.1258 -74.4311 -75.2066 -75.8572 -76.1643 -75.6187 -75.0728 -74.5459 -72.4075 -72.9475 -70.4609 -70.3197 -71.3930 -68.5190
-70.5021 -70.4294 -70.5500 -70.4578 -70.1571 -70.0760 -69.9946 -72.9698 -73.6926 -74.2695 -74.7465 -75.1365 -75.1760 -73.1427 -73.0165 -72.8876 -72.7563 -72.6232 -72.4889 -72.3536 -72.2181 -70.2579 -72.7857 -73.5070 -74.1371 -74.2641 -72.1198 -74.2192 -74.9216 -75.5332 -76.0564 -75.7622 -75.2870 -74.7208 -73.9464 -72.6116 -70.5587 -70.4164 -71.8100 -68.6326
0.0000 -70.8571 -70.7172 -70.7915 -70.6630 -70.5452 -70.4383 -73.1391 -73.5547 -74.1453 -74.5999 -75.0034 -75.2162 -73.2597 -73.1343 -73.0060 -72.8799 -72.7477 -72.6145 -72.4810 -72.3475 -70.3782 -72.6104 -73.2731 -73.8730 -74.3535 0.0000 0.0000 0.0000 -75.5360 -75.8610 -75.8679 -75.4798 -74.8070 -74.0981 -72.5486 -70.6441 -70.5096 -70.3778 -71.3526
0.0000 -71.3584 -70.8313 -70.7211 -70.9566 -70.8202 0.0000 0.0000 -74.0125 -74.3198 0.0000 0.0000 0.0000 0.0000 -73.6706 0.0000 0.0000 -73.1395 -72.9452 -72.7819 0.0000 0.0000 -77.4056 0.0000 0.0000 -75.7290 0.0000 0.0000 0.0000 -76.1581 -76.6203 -76.5839 0.0000 0.0000 -74.9526 -73.9542 -73.0301 -70.8165 -70.6617 0.0000
0.0000 -71.4417 -71.2462 -70.8052 -70.7013 -70.8499 0.0000 0.0000 -78.9557 -74.3702 0.0000 0.0000 0.0000 0.0000 -74.3471 0.0000 0.0000 -73.9780 -73.6457 -73.2635 0.0000 0.0000 -77.4431 0.0000 0.0000 -75.8238 -75.2146 0.0000 0.0000 -75.9288 -76.4059 -76.4887 0.0000 -86.3039 -74.7809 -74.0925 -73.4052 -70.9372 -70.7823 0.0000
0.0000 -71.5174 -71.3276 -71.1623 -70.7758 -70.6420 0.0000 0.0000 -79.0249 -74.3773 0.0000 0.0000 0.0000 0.0000 -74.0212 0.0000 0.0000 -74.0603 -73.7915 -73.5643 -79.0713 -83.6818 -77.4349 -73.8176 -82.4910 -75.8801 -75.3562 -80.6639 -78.0552 -77.5404 -76.1775 -76.3429 0.0000 -81.0039 -74.7979 -74.1720 -73.5661 -71.0405 -70.8886 0.0000
-82.8097 -71.6039 -71.4161 -71.2410 -71.0599 -70.6502 -79.5274 -79.6740 -77.9099 -74.2822 -73.9860 -80.7813 -80.4719 -79.5280 -74.0895 -82.7477 -82.6493 -73.9345 -73.7678 0.0000 -73.5965 -79.4065 0.0000 -73.6747 -78.8317 -75.9065 -75.4398 -78.8693 -77.7428 -77.2873 -75.9504 -76.3109 -76.6417 -78.7893 -74.7207 -74.1886 -73.6634 -71.1220 -70.9897 0.0000
-79.2949 -71.7214 -71.5082 -71.2889 -71.0514 -70.7167 -75.8599 -78.5162 -77.9066 -77.1570 -74.6227 -78.0151 -79.4041 -78.5283 -74.2728 -80.5288 -80.6750 -73.9953 -73.8296 0.0000 -73.6756 -78.7229 0.0000 -76.0392 -76.4493 -75.9803 -75.4623 -77.9085 -77.5158 -77.1081 -76.6225 -76.1339 -76.4395 -76.7258 -74.6283 -74.2416 -73.7637 -73.2954 -71.0712 0.0000
0.0000 -71.7706 -71.5185 -71.2653 -71.1284 -71.0002 -74.4881 -75.8980 -77.9381 -77.7885 -74.5450 -74.4191 -78.4677 -74.5937 -74.4975 -80.3368 -78.7478 -73.9578 -73.8699 -82.1021 -73.6622 -77.7269 -78.9136 -76.3430 -73.9214 -78.0286 -75.5126 -77.6809 -77.3140 -76.9330 -76.5055 -75.9893 -76.2739 -76.5386 -74.6397 -74.1958 -73.7632 -73.4165 -71.1472 -79.8841
0.0000 -71.7333 -71.4691 -71.3357 -71.2047 -71.0779 -74.2721 -75.1521 -76.0272 -77.7725 -76.5203 -75.2189 -76.9851 -74.6114 -74.5243 -79.4104 -77.9778 -73.9919 -73.8436 -79.6808 -73.6096 -76.6875 -78.3435 -77.1743 -73.8575 -77.6236 -75.5595 -77.4803 -77.1351 -76.7782 -76.3973 -75.8539 -76.1401 -76.3862 -74.6611 -74.2431 -73.8379 -73.4457 -71.2192 -71.1027
-78.3341 -71.6664 -71.5304 -71.4033 -71.2771 -71.0416 -73.9566 -75.1532 -75.6971 -76.6829 -77.4413 -75.1814 -75.4900 -74.6309 -74.5398 -78.8103 -77.5715 -74.0293 -73.8803 -77.9059 -76.2465 -76.2207 -77.4663 -77.0696 -73.7593 -76.9595 -75.5932 -75.2574 -76.9758 -76.6386 -79.1352 -79.1745 -76.0040 -76.3036 -74.7153 -74.3124 -73.9243 -73.5508 -71.2495 -71.1366
-76.3298 -71.6895 -71.5823 -71.4671 -71.2273 -71.2576 -73.8088 -75.2753 -76.1812 -76.2937 -76.7435 -75.1250 -75.4510 -74.2251 -74.5648 -78.4408 -77.3592 -74.0846 -73.9320 -77.1573 -76.1561 -75.8733 -77.0712 -77.1340 -76.0003 -76.5227 -75.7272 -75.3682 -77.0537 -76.5891 -79.1477 -79.2441 -75.9332 -76.1693 -74.7483 -74.3642 -73.9940 -73.6387 -73.2980 -71.2054
