-58.0434 -57.8486 -57.6157 -57.3913 -51.1102 -51.0753 -57.1621 -57.1737 -57.1958 -57.2251 -57.2399 -57.2857 -57.3358 -59.1023 -59.5661 -59.5465 -59.4376 -58.1750 -58.1417 -58.0878 -59.5190 -59.5830 -59.6172 -59.5424 -59.4505 -59.3668 -59.3429 -59.9603 -59.8844 -59.8181 -59.7543 -59.6946 -59.6407 -59.5864 -59.5551 -59.5611 -59.5687 -59.6010 -59.6557 -59.7282
-58.0606 -57.8534 -57.6036 -57.3578 -50.9972 -50.9662 -57.0861 -57.0969 -57.1183 -57.1470 -57.1638 -57.2107 -57.2598 -59.1431 -59.6706 -59.5165 -59.4002 -58.1097 -58.0750 -58.0192 -59.4848 -59.5520 -59.5796 -59.5004 -59.4437 -59.3142 -59.2880 -59.9221 -59.8505 -59.7805 -59.7135 -59.6511 -59.5956 -59.5399 -59.5101 -59.5201 -59.5346 -59.5748 -59.6379 -59.7176
-58.0848 -57.8652 -57.5972 -57.3287 -50.8821 -50.8496 -57.0070 -57.0170 -57.0371 -57.0453 -57.0846 -57.1325 -57.1841 -59.2148 -59.8443 -59.4844 -59.3598 -58.0411 -58.0051 -57.9777 -59.4481 -59.5186 -59.5390 -59.4171 -59.3938 -59.2516 -59.2347 -59.8897 -59.8139 -59.7402 -59.6697 -59.6048 -59.5385 -59.4930 -59.4838 -59.4791 -59.5011 -59.5498 -59.6209 -59.7083
-58.0726 -57.8855 -57.5978 -57.3053 -50.7699 -50.7310 -56.9246 -56.9332 -56.9323 -56.9627 -57.0027 -57.0482 -57.1041 -59.3385 -60.0633 -59.4508 -59.3164 -57.9692 -57.9210 -57.9019 -59.4089 -59.4830 -59.4959 -59.4071 -59.3338 -59.1923 -59.1863 -59.8547 -59.7745 -59.6969 -59.6232 -59.5559 -59.4885 -59.4442 -59.4382 -59.4383 -59.4687 -59.5263 -59.6057 -59.6544
-58.0085 -57.8853 -57.6075 -57.2891 -50.6504 -50.6101 -56.8388 -56.8460 -56.8461 -56.8767 -56.9146 -56.9642 -57.0210 -59.5557 -60.3811 -60.8339 -59.2700 -57.8986 -57.8683 -57.8066 -59.3673 -59.4452 -59.4127 -59.3485 -59.2773 -59.1294 -59.9036 -59.8173 -59.7325 -59.6507 -59.5737 -59.5043 -59.4365 -59.4127 -59.3920 -59.3996 -59.4379 -59.5047 -59.5997 -59.5884
-57.9411 -57.9231 -57.6283 -57.3037 -56.9736 -50.4870 -56.7492 -56.7364 -56.7566 -56.7848 -56.8262 -56.8768 -56.9350 -59.9933 -60.8335 -61.1985 -59.2269 -57.8199 -57.7872 -57.7235 -59.3232 -59.3985 -59.3936 -59.3169 -59.2170 -59.0625 -59.8693 -59.7774 -59.6878 -59.6017 -59.5214 -59.4411 -59.3826 -59.3607 -59.3460 -59.3622 -59.4100 -59.4924 -59.5570 -59.5186
-57.8704 -57.9744 -57.6862 -57.3080 -56.9341 -50.3622 -50.3260 -56.6437 -56.6609 -56.6922 -56.7344 -56.7861 -56.8460 -60.8064 -61.4086 -61.6149 -59.1742 -57.7609 -57.7026 -57.6368 -59.2700 -59.3212 -59.3413 -59.2587 -59.1527 -58.9914 -59.8329 -59.7353 -59.6403 -59.5499 -59.4663 -59.3845 -59.3267 -59.3080 -59.3004 -59.3263 -59.3916 -59.4766 -59.4845 -59.4448
-57.7963 -58.0460 -57.7380 -57.3269 -56.9070 -50.2350 -50.1934 -56.5453 -56.5643 -56.5961 -56.6394 -56.6921 -56.7537 0.0000 0.0000 0.0000 -59.1181 -57.6748 -57.6147 -57.5422 -59.2208 -59.2871 -59.2858 -59.1968 -59.0844 -58.9295 -59.7943 -59.6909 -59.5904 -59.4953 -59.4006 -59.3258 -59.2868 -59.2551 -59.2560 -59.2993 -59.3691 -59.4560 -59.4087 -59.2771
-57.7187 -58.1652 -57.8118 -57.3648 -56.8945 -50.1016 -50.0623 -56.4461 -56.4644 -56.4963 -56.5408 -56.5947 -58.4631 0.0000 0.0000 0.0000 -59.0889 -57.5806 -57.5188 -57.4485 -59.1364 -59.2395 -59.2268 -59.1312 -59.0120 -58.8637 -59.7535 -59.6441 -59.5380 -59.4381 -59.3403 -59.2650 -59.2278 -59.2024 -59.2196 -59.2684 -59.3495 -59.3780 -59.3291 -59.1919
-57.6382 -58.2198 -57.9122 -57.4276 -56.9014 -49.9696 -49.9293 -56.3434 -56.3611 -56.3932 -56.4383 -56.4939 -58.4708 0.0000 0.0000 0.0000 -61.2641 -57.4872 -57.4237 -57.3512 -59.1152 -59.1896 -59.1644 -59.0616 -58.8751 -58.7937 -59.7108 -59.5949 -59.4831 -59.3787 -59.2779 -59.2197 -59.1683 -59.1570 -59.1794 -59.2406 -59.3334 -59.2955 -59.2450 -59.1030
-57.5747 -58.2197 -58.0465 -57.5225 -56.9164 -49.8356 -49.7940 -56.2374 -56.2542 -56.2865 -56.3323 -56.3930 -58.4335 0.0000 0.0000 0.0000 -61.1210 -58.6777 -57.3246 -57.2295 -59.0588 -59.1379 -59.0985 -58.9879 -58.7918 -58.7195 -59.6660 -59.5434 -59.4257 -59.3092 -59.2138 -59.1552 -59.1151 -59.1073 -59.1421 -59.2164 -59.2659 -59.2082 -59.0591 -59.0100
-57.4857 -58.2426 -58.2253 -57.6619 -56.9846 -49.6990 -49.6561 -56.1282 -56.1438 -56.1763 -56.2257 -56.3061 -58.4024 0.0000 0.0000 0.0000 -60.9752 -58.5634 -58.3940 -57.1450 -59.0001 -59.0846 -59.0561 -58.9100 -58.7038 -58.6406 -59.6196 -59.4896 -59.3659 -59.2452 -59.1476 -59.0965 -59.0569 -59.0602 -59.1086 -59.1965 -59.1756 -59.1162 -58.9615 -58.9153
-57.3929 -58.3027 -58.4604 -57.8367 -57.1080 -49.5599 -49.5157 -56.0155 -56.0300 -56.0650 -56.1284 -56.1956 -58.3810 0.0000 0.0000 -61.1708 -60.8266 -58.4004 -58.2522 -58.8451 -58.9390 -59.0293 -58.9835 -58.8277 -58.6114 -59.6300 -59.5715 -59.4340 -59.2969 -59.1792 -59.1018 -59.0320 -59.0006 -59.0166 -59.0796 -59.1478 -59.0804 -59.0179 -58.8613 -58.8143
-57.2964 -58.4260 -58.7366 -58.1192 -57.3095 -49.4181 -49.3726 -55.8992 -55.9149 -55.9478 -56.0135 -56.0803 -58.3749 0.0000 0.0000 -61.0217 -60.6753 -58.2497 -58.1394 -60.5229 -58.8754 -58.9719 -58.9071 -58.7410 -58.5139 -59.6687 -59.5220 -59.3766 -59.2331 -59.1174 -59.0330 -58.9683 -58.9473 -58.9775 -59.0560 -59.0498 -58.9799 -58.8133 -58.7542 -58.7105
-57.1960 -58.6640 -59.1276 -58.5148 -57.6315 -56.4816 -49.2268 -55.7814 -55.7940 -55.8413 -55.8935 -55.9609 -58.3931 0.0000 0.0000 -60.8735 -60.5211 -58.0688 -57.9896 -60.4258 -60.4934 -58.9126 -58.8270 -58.6496 -58.4109 -59.6267 -59.4713 -59.3177 -59.1738 -59.0634 -58.9641 -58.9064 -58.8979 -58.9441 -59.0386 -58.9464 -58.8738 -58.7009 -58.6430 -58.6045
-57.0886 -58.6532 -59.1400 -59.0588 -58.1439 -56.7751 -49.0784 -55.6579 -55.6692 -55.7174 -55.7695 -55.8376 -58.4506 0.0000 0.0000 -60.7255 -60.3640 -57.9301 -57.8319 -60.3140 -60.4027 -60.5507 -58.7428 -58.5534 -58.3024 -59.5846 -59.4198 -59.2569 -59.1074 -58.9931 -58.8979 -58.8474 -58.8536 -58.9173 -58.9349 -58.8393 -58.7590 -58.5835 -58.5281 -58.4983
-56.9796 -58.5716 -59.1121 -59.7720 -58.9511 -57.4058 -48.9280 -55.5308 -55.5536 -55.5888 -55.6413 -55.7104 -58.5761 0.0000 0.0000 -60.5773 -60.1668 -57.7635 -57.6684 -60.1928 -60.3002 -60.4677 -60.2252 -58.4520 -58.1878 -59.5491 -59.3740 -59.1962 -59.0405 -58.9231 -58.8323 -58.7929 -58.8159 -58.8982 -58.8103 -58.7211 -58.5320 -58.4612 -58.4066 -58.3931
-49.3042 -58.4857 -59.0924 -60.6057 -60.1180 -58.8392 -48.7742 -48.7293 -55.4215 -55.4559 -55.5088 -55.5794 -58.8275 -59.9876 -64.2123 -60.4285 -60.0408 -57.5930 -57.4999 -60.0653 -60.1897 -60.4222 -60.0987 -58.3452 -58.0871 -59.5088 -59.3165 -59.1355 -58.9876 -58.8542 -58.7700 -58.7446 -58.7863 -58.8898 -58.6917 -58.5966 -58.4040 -58.3311 -58.2880 -56.6325
-59.0757 -58.3954 -59.0857 0.0000 0.0000 0.0000 -48.6174 -48.5737 -55.2851 -55.3187 -55.3718 -55.4438 -59.3388 -60.6044 -64.7540 -60.1905 -59.8714 -57.4188 -57.3269 -59.9332 -60.0746 -60.3245 -59.9633 -59.6106 -57.9925 -59.4704 -59.2666 -59.0756 -58.9206 -58.7879 -58.7130 -58.7042 -58.7682 -58.8903 -58.5638 -58.4623 -58.2672 -58.2009 -58.1713 -56.5457
-58.7846 -58.3006 -59.1575 0.0000 0.0000 0.0000 -48.6018 -48.4125 -55.1442 -55.1768 -55.2305 -55.3039 -60.4210 -61.4629 -61.7451 -59.9829 -59.6460 -57.2334 -57.1493 -59.7978 -59.9557 -60.2107 -59.8253 -59.3536 -59.0952 -59.4292 -59.2189 -59.0320 -58.8559 -58.7289 -58.6631 -58.6752 -58.7601 -58.5576 -58.4256 -58.2140 -58.1280 -58.0690 -56.3435 -58.2250
-58.4246 -59.6596 -59.2060 -62.8082 -62.8107 -60.4263 -48.4341 -48.2479 -54.9989 -55.0306 -55.0848 -55.1587 0.0000 0.0000 0.0000 -58.3601 -59.4189 -57.0277 -56.9357 -59.6594 -59.8344 -60.0857 -59.6737 -59.1800 -58.9571 -61.2158 -59.1745 -58.9763 -58.7956 -58.6737 -58.6243 -58.6572 -58.7624 -58.4000 -58.2838 -58.0683 -57.9844 -57.9383 -56.2502 -58.2086
-55.9094 -59.5522 -60.0734 -60.2395 -65.6539 -65.3924 -48.2608 -48.2035 -54.8492 -54.8801 -54.9337 -55.0139 0.0000 0.0000 0.0000 -59.8122 -59.1981 -56.8202 -56.7310 -59.5087 -59.7168 -59.9513 -59.5157 -58.9982 -61.5822 -61.1753 -59.1353 -58.9251 -58.7415 -58.6294 -58.5968 -58.6511 -58.7849 -58.2550 -58.1348 -57.9158 -57.8379 -57.8129 -56.1779 -58.2440
-55.7585 -59.3950 -60.7399 -58.4186 0.0000 0.0000 -48.0844 -48.0277 -55.2647 -54.7240 -54.7824 -54.8632 -57.9661 -61.0597 -60.8510 -59.6651 -59.0701 -56.6127 -56.5243 -59.3004 -59.5862 -59.8143 -59.3517 -58.8084 -61.5632 -61.1461 -60.7593 -58.8816 -58.6969 -58.5930 -58.5824 -58.6671 -58.8267 -58.1019 -57.8623 -57.7578 -57.6915 -55.9358 -57.9667 -58.3102
-55.6479 -59.2313 -61.4861 -61.1005 -58.2671 -57.4844 -47.9046 -47.8475 -55.0890 -54.5672 -54.6250 -54.7070 -58.2299 -61.5364 -60.7695 -59.5195 -58.9292 -56.4184 -56.3187 -59.1318 -59.4356 -59.6747 -59.1821 -58.6093 -61.5681 -61.1320 -60.7226 -60.3422 -58.6628 -58.5769 -58.5923 -58.7060 -58.1015 -57.9403 -57.6959 -57.5956 -57.5497 -55.8369 -58.0134 -58.4025
-55.5274 -59.0597 -61.3286 -62.7436 -61.6584 -59.4395 -47.7206 -47.6644 -54.9072 -54.9224 -54.4621 -54.5462 -58.8298 -60.2344 -65.6962 -59.3340 -58.7615 -56.2251 -55.4763 -58.9663 -59.3378 -59.5124 -59.0060 -58.3962 -61.5960 -61.1608 -60.7010 -60.3092 -60.0468 -58.5836 -58.6281 -58.7724 -57.9193 -57.7694 -57.5226 -57.4318 -55.6014 -57.6948 -58.1126 -58.5176
-55.4137 -55.1805 -61.1611 0.0000 0.0000 0.0000 -47.5293 -47.4769 -54.7174 -54.7346 -54.7847 -54.3783 -60.1080 -61.9874 -62.0885 -59.1479 -58.5691 -56.0378 -55.9204 -58.8070 -59.1966 -59.3549 -58.8113 -58.1752 -61.6642 -61.1921 -60.7096 -60.3077 -60.0582 -58.6199 -58.6967 -58.8714 -57.7446 -57.4702 -57.3433 -57.2713 -55.4953 -57.7855 -58.2504 -58.6641
-55.3001 -55.0186 -60.9961 0.0000 0.0000 0.0000 -47.3486 -47.2827 -54.5219 -54.5412 -54.5907 -54.2079 0.0000 0.0000 0.0000 -59.1157 -58.3465 -55.8406 -58.4367 -58.6728 -59.0616 -59.2036 -58.6102 -57.9344 -61.7635 -61.2593 -60.7565 -60.3460 -60.1163 -60.0684 -58.8052 -59.0095 -57.5600 -57.2807 -57.1603 -55.1782 -57.4025 -57.9287 -58.4217 -58.8459
-55.2081 -54.8895 -56.1067 0.0000 0.0000 0.0000 -47.1547 -47.0853 -54.3103 -54.3388 -54.3941 -54.4859 0.0000 0.0000 0.0000 -58.9937 -58.1246 -55.6205 -58.2874 -58.5591 -57.8307 -59.0612 -58.4014 -57.6964 -61.9430 -61.3749 -60.8573 -60.4404 -60.2367 -60.2330 -60.4150 -57.5723 -57.3651 -57.0833 -56.9786 -55.1317 -57.5515 -58.1406 -58.6401 -59.0669
-55.1266 -54.7657 -56.2264 -55.5380 -54.7661 -47.0260 -46.9575 -46.8972 -46.8313 -54.1283 -54.1909 -54.2863 -58.6525 -60.7406 -62.3187 -58.8868 -58.0081 -55.4380 -58.1193 -58.4399 -58.8494 -58.9300 -58.1962 -57.4918 -62.1523 -61.5632 -61.0328 -60.6337 -60.4419 -60.4859 -60.7147 -58.2880 -57.1597 -56.8796 -56.8072 -57.0366 -57.7972 -58.4072 -58.9116 -59.3303
-55.0545 -54.6634 -54.3625 -55.5803 -54.7641 -46.8256 -46.7559 -46.6945 -46.6344 -53.9085 -53.9803 -54.0805 -59.4358 -61.9058 -63.3453 -58.7865 -57.8031 -55.2541 -57.9412 -58.3164 -58.7677 -58.8316 -57.8780 -61.2356 -62.4668 -61.6907 -60.9668 -60.9229 -60.7638 -60.8542 -60.7857 -58.0239 -57.6210 -56.6741 -54.6759 -57.3482 -58.1427 -58.7496 -59.2414 -59.6369
-54.9966 -54.5753 -54.1947 -55.7796 -54.7901 -46.6225 -46.5500 -46.4876 -46.4277 -53.7137 -53.7575 -53.8685 -61.5044 -65.9030 -66.6762 -58.7291 -57.5874 -55.0318 -57.7814 -58.2286 -58.6908 -58.7682 -56.8434 -61.3530 -62.8724 -61.4813 -60.6715 -61.3705 -61.2427 -61.3708 -60.4007 -57.7480 -57.3459 -56.4760 -56.6713 -57.7838 -58.5807 -59.1765 -59.6302 -59.9838
-54.9724 -54.5007 -54.0753 -56.1058 -54.9810 -46.4089 -46.3405 -46.2762 -46.2158 -53.4969 -53.5307 -53.6459 0.0000 0.0000 0.0000 -58.7699 -54.9482 -54.8041 -57.6271 -58.1007 -59.8359 -58.7374 -57.4632 -59.8554 -63.4607 -61.2698 -60.3296 -62.0319 -61.9300 -61.5266 -57.7963 -57.4594 -57.0677 -54.6834 -57.2723 -58.4261 -59.1608 -59.6881 -60.0709 -60.1331
-54.9552 -54.4561 -53.9747 -56.6037 -55.3443 -53.8166 -46.1267 -46.0604 -45.9982 -53.2659 -53.3300 -53.4176 -56.1864 -56.7472 -60.5701 -58.8852 -54.7260 -54.5739 -57.4785 -58.0477 -60.0212 -58.7583 -57.2662 -62.4161 -64.4218 -61.0560 -59.9716 -62.9604 -62.8770 -61.3429 -57.4770 -57.0085 -56.7954 -54.6193 -59.3324 -59.3208 -59.8685 -60.2659 -60.1813 -58.0220
-55.0037 -54.4286 -53.8942 -53.4720 -56.0154 -54.0867 -45.9051 -45.8400 -45.7757 -53.0338 -53.1010 -53.2114 -55.9289 -56.5966 -60.9140 -59.2040 -54.4900 -54.3362 -57.3426 -57.9618 -60.4553 -58.8623 -57.0521 -64.2663 -65.5826 -60.8399 -64.5627 -64.1989 -64.0628 -61.1486 -57.1654 -56.6991 -54.2061 -59.0634 -61.3720 -62.3868 -60.6488 -60.3421 -57.7858 -58.2217
-55.0409 -54.4280 -53.8512 -53.3193 -57.0990 -54.8428 -45.6829 -45.6112 -45.5480 -52.7962 -52.8552 -52.9789 -55.7854 -59.5082 -61.5538 -59.9805 -54.2487 -54.0921 -57.2134 -62.5653 -61.1240 -59.2164 -56.8230 0.0000 0.0000 -59.1834 -66.0079 -65.6494 -65.4196 -60.9374 -56.8368 -56.3873 -54.0488 -64.0985 -64.2397 -64.2297 -60.7340 -59.7620 -57.8867 -58.3695
-55.1109 -54.4867 -53.8370 -53.2258 -56.8741 -56.8836 -45.4555 -45.3813 -45.3128 -52.5534 -52.6106 -52.7378 -55.6170 -60.2540 -62.4801 -62.0052 -54.0015 -53.8421 -57.0987 -63.2829 -62.2922 -60.0151 -56.5970 0.0000 0.0000 -60.6034 0.0000 0.0000 0.0000 -56.9407 -56.3406 -56.0978 0.0000 0.0000 -68.9914 -64.7819 -61.9050 -57.6551 -58.1604 -62.4133
-55.2305 -54.5717 -53.8627 -53.1730 -56.6386 -59.8730 -45.2226 -45.1461 -45.0754 -52.2916 -52.3603 -52.4818 -55.4536 -62.3686 -66.5629 -66.4201 -53.7482 -53.5613 -57.0031 -65.3497 -64.2814 -62.0248 -56.3855 0.0000 0.0000 -60.3766 0.0000 0.0000 0.0000 -56.6134 -55.9805 -53.5370 -53.8399 0.0000 -71.5887 -64.2937 -58.2708 -58.7430 0.0000 0.0000
-55.4048 -54.7109 -53.9429 -53.1703 -52.5089 0.0000 -44.9848 -44.9052 -44.8322 -52.0395 -52.1053 -52.2306 -55.3004 0.0000 0.0000 0.0000 -53.4900 -53.2755 -57.0013 0.0000 0.0000 0.0000 -52.6442 0.0000 0.0000 -55.5726 0.0000 0.0000 0.0000 -56.2264 -55.6475 -53.3712 -53.6861 -56.7469 -57.4665 -58.0642 -58.4857 -58.4777 0.0000 0.0000
-55.6085 -54.9221 -54.1130 -53.2356 -52.3968 0.0000 -44.7461 -44.6584 -44.5832 -51.7821 -51.8345 -51.9747 -55.1481 0.0000 0.0000 0.0000 -53.1994 -53.0082 -57.0019 0.0000 0.0000 0.0000 -52.3709 -52.3421 -52.3728 -55.6709 -56.5714 -57.1254 -56.4233 -55.6680 -53.0114 -53.2053 -56.1179 -56.9054 -57.7105 -58.3392 -58.5143 -58.0195 -57.9075 -55.4342
-55.9347 -55.1872 -54.3627 -53.3925 -52.4024 0.0000 -44.4969 -44.4084 -44.3279 -44.2601 -51.5679 -51.7037 -55.0548 -56.2518 -57.3587 -53.4990 -52.9275 -52.7306 -57.0560 -58.2120 -55.7256 -54.8303 -52.0911 -52.0513 -54.8069 -55.8428 -56.7828 -56.7799 -55.9996 -55.2415 -52.8390 -53.1465 -56.3698 -57.2176 -57.9968 -58.5818 -58.0915 -57.6132 -55.0153 -57.8059
