-63.3852
-63.5710
-63.7555
-63.9486
-63.9209
-63.7484
-63.6652
-63.4615
-63.2572
-63.0528
-62.8488
-62.6446
-62.4394
-62.2317
-62.0226
-61.8112
-61.5657
-61.3159
-61.1136
-60.9281
-53.1177
-53.0814
-53.0457
-53.0104
-52.9738
-52.9419
-60.6100
-60.7233
-60.8862
-60.7914
-60.6174
-52.7780
-52.7505
-52.7265
-52.7039
-52.6754
-52.6538
-52.6323
-52.6106
-52.5961
-63.2279
-63.4185
-63.6236
-63.8407
-63.9411
-63.7668
-63.6875
-63.4795
-63.2703
-63.0610
-62.8519
-62.6424
-62.4321
-62.2190
-62.0047
-61.7872
-61.5623
-61.3029
-61.0926
-60.8704
-53.0303
-52.9934
-52.9573
-52.9214
-52.8883
-52.8558
-60.5065
-60.6139
-60.7798
-60.7281
-60.5194
-52.6832
-52.6585
-52.6337
-52.6128
-52.5902
-52.5697
-52.5403
-52.5186
-52.5025
-63.0863
-63.2820
-63.4950
-63.7000
-63.9146
-63.7895
-63.7147
-63.5028
-63.2889
-63.0744
-62.8599
-62.6450
-62.4294
-62.2119
-61.9911
-61.7674
-61.5361
-61.2669
-61.0482
-60.8388
-52.9460
-52.9087
-52.8683
-52.8319
-52.7982
-52.7650
-60.4262
-60.5269
-60.6718
-60.6663
-60.4477
-52.5905
-52.5614
-52.5402
-52.5189
-52.4962
-52.4755
-52.4540
-52.4321
-52.4171
-62.9533
-63.1548
-63.3614
-63.5725
-63.7872
-63.7783
-63.7061
-63.5068
-63.3130
-63.0932
-62.8732
-62.6529
-62.4316
-62.2085
-61.9819
-61.7520
-61.5142
-61.2338
-61.0075
-60.7871
-60.5980
-52.8190
-52.7821
-52.7458
-52.7113
-52.6738
-60.3245
-60.4143
-60.5870
-60.6321
-60.3775
-52.4970
-52.4688
-52.4416
-52.4201
-52.4031
-52.3804
-52.3588
-52.3367
-52.3213
-62.8168
-63.0248
-63.2382
-63.4563
-63.6783
-63.7978
-63.7215
-63.5283
-63.3075
-63.0946
-62.8923
-62.6662
-62.4392
-62.2103
-61.9775
-61.7414
-61.4968
-61.2055
-60.9706
-60.7397
-60.5322
-52.7285
-52.6910
-52.6543
-52.6191
-52.5854
-52.5540
-60.3259
-60.4758
-60.5732
-60.3338
-52.4066
-52.3741
-52.3463
-52.3244
-52.3031
-52.2803
-52.2626
-52.2403
-52.2246
-62.6287
-62.9019
-63.1121
-63.3380
-63.5679
-63.8015
-63.7626
-63.5512
-63.3263
-63.0990
-62.8839
-62.6636
-62.4526
-62.2177
-61.9799
-61.7361
-61.4841
-61.1818
-60.9374
-60.6968
-60.4724
-52.6373
-52.5992
-52.5621
-52.5262
-52.4921
-52.4599
-60.2088
-60.3869
-60.5439
-60.2939
-52.3113
-52.2827
-52.2554
-52.2279
-52.2063
-52.1853
-52.1615
-52.1390
-52.1270
-62.5429
-62.7050
-62.9304
-63.2288
-63.4684
-63.6980
-63.8041
-63.6001
-63.3654
-63.1333
-62.8993
-62.6641
-62.4404
-62.2105
-61.9669
-61.7364
-61.4770
-61.1629
-60.9096
-60.6585
-60.4185
-52.5454
-52.5065
-52.4691
-52.4325
-52.3979
-52.3649
-60.0909
-60.2694
-60.4875
-60.2269
-59.9917
-52.1904
-52.1627
-52.1348
-52.1129
-52.0874
-52.0636
-52.0408
-52.0243
-62.3953
-62.6255
-62.8625
-63.0405
-63.2827
-63.5305
-63.8667
-63.6599
-63.4172
-63.1746
-62.9348
-62.6937
-62.4513
-62.2066
-61.9583
-61.7249
-61.4625
-61.1502
-60.8868
-60.6252
-60.3704
-52.4527
-52.4131
-52.3752
-52.3380
-52.3030
-52.2691
-59.9726
-60.1502
-60.3774
-60.1625
-59.9118
-52.0924
-52.0641
-52.0415
-52.0187
-51.9977
-51.9708
-51.9416
-51.9248
-62.2419
-62.4814
-62.7274
-62.9800
-63.2381
-63.5003
-63.8391
-63.6326
-63.4852
-63.2425
-62.9914
-62.7309
-62.4820
-62.2307
-61.9759
-61.7157
-61.4472
-61.1297
-60.8526
-60.5800
-60.3280
-52.3591
-52.3191
-52.2805
-52.2428
-52.2072
-52.1724
-59.8550
-60.0296
-60.2639
-60.1011
-59.8345
-51.9935
-51.9648
-51.9416
-51.9185
-51.8973
-51.8754
-51.8507
-51.8298
-62.0824
-62.3319
-62.5883
-62.8513
-63.1203
-63.3941
-64.0096
-63.7739
-63.4694
-63.2252
-63.0483
-62.7892
-62.5332
-62.2748
-62.0010
-61.7337
-61.4570
-61.1613
-60.8225
-60.5481
-60.2763
-60.0181
-52.2242
-52.1849
-52.1468
-52.1106
-52.0750
-59.7385
-59.9072
-60.1490
-60.0434
-59.7600
-51.8936
-51.8646
-51.8407
-51.8183
-51.7959
-51.7739
-51.7507
-51.7318
-61.9165
-62.1752
-62.4434
-62.7182
-62.9996
-63.2858
-64.4204
-63.8678
-63.6218
-63.3681
-63.0370
-62.7798
-62.5810
-62.3154
-62.0463
-61.7711
-61.4759
-61.1691
-60.8158
-60.5222
-60.2282
-59.9576
-52.1245
-52.0859
-52.0474
-52.0130
-51.9770
-59.6242
-59.7831
-60.0327
-59.9899
-59.6892
-51.7928
-51.7636
-51.7389
-51.7161
-51.6935
-51.6714
-51.6479
-51.6286
-61.7487
-62.0178
-62.2922
-62.5799
-62.8743
-63.1744
-64.5735
-64.2805
-63.7016
-63.4473
-63.1836
-62.9157
-62.6445
-62.3026
-62.0289
-61.8062
-61.5132
-61.1956
-60.8259
-60.5107
-60.2031
-59.9049
-52.0267
-51.9870
-51.9481
-51.9119
-51.8755
-59.5136
-59.6571
-59.9149
-59.9410
-59.6221
-51.6911
-51.6615
-51.6362
-51.6129
-51.5911
-51.5679
-51.5441
-51.5261
-61.5688
-61.8484
-62.1403
-62.4426
-62.7457
-63.0599
-64.7498
-64.4484
-64.1488
-63.5370
-63.2682
-62.9941
-62.7159
-62.4345
-62.1441
-61.7940
-61.4951
-61.2228
-60.8350
-60.5164
-60.1941
-59.8759
-51.9289
-51.8871
-51.8480
-51.8110
-51.7742
-51.7396
-59.5127
-59.7777
-59.8974
-59.5591
-51.5883
-51.5585
-51.5324
-51.5087
-51.4867
-51.4634
-51.4393
-51.4208
-61.3811
-61.6716
-61.9765
-62.2928
-62.6182
-62.9496
-64.9566
-64.6456
-64.3347
-64.0149
-63.3643
-63.0847
-62.7995
-62.5104
-62.2166
-61.9117
-61.5995
-61.2152
-60.8055
-60.5221
-60.1847
-59.8464
-51.8316
-51.7891
-51.7493
-51.7090
-51.6719
-51.6379
-59.3735
-59.6462
-59.8414
-59.4837
-51.4846
-51.4545
-51.4277
-51.4036
-51.3813
-51.3588
-51.3335
-51.3146
-61.1508
-61.4867
-61.8056
-62.1374
-62.4800
-62.8296
-65.2032
-64.8882
-64.5602
-64.2281
-63.8939
-63.1871
-62.8960
-62.5999
-62.2979
-61.9887
-61.6627
-61.3192
-60.8854
-60.4939
-60.1421
-59.8271
-59.4919
-51.6888
-51.6481
-51.6087
-51.5712
-51.5336
-59.2331
-59.5228
-59.7991
-59.4211
-51.3753
-51.3465
-51.3220
-51.2974
-51.2749
-51.2523
-51.2276
-51.2072
-60.9484
-61.2582
-61.5883
-61.9332
-62.3363
-62.7065
-65.4659
-65.1589
-64.8334
-64.4973
-64.1410
-63.8162
-63.0064
-62.7030
-62.3935
-62.0762
-61.7449
-61.3846
-60.9292
-60.5680
-60.1970
-59.8190
-59.4150
-51.5815
-51.5459
-51.5061
-51.4679
-51.4307
-59.1064
-59.3950
-59.7272
-59.3751
-51.2695
-51.2388
-51.2106
-51.1872
-51.1642
-51.1446
-51.1196
-51.0988
-60.7634
-61.0847
-61.4029
-61.7666
-62.1438
-62.5310
-65.6598
-65.3738
-65.1468
-64.8086
-64.4351
-64.0911
-63.8212
-62.8242
-62.5054
-62.1793
-61.8384
-61.4695
-60.9891
-60.6111
-60.2227
-59.8238
-59.4271
-51.4856
-51.4366
-51.3964
-51.3635
-51.3254
-58.9703
-59.2633
-59.6243
-59.3346
-51.1624
-51.1315
-51.1027
-51.0772
-51.0539
-51.0310
-51.0073
-50.9902
-60.5449
-60.8741
-61.2385
-61.6242
-61.9911
-62.4027
-66.0150
-65.7367
-65.4158
-65.0847
-64.7076
-64.4300
-64.1244
-62.9927
-62.6443
-62.3034
-61.9505
-61.5671
-61.1537
-60.6709
-60.2633
-59.8424
-59.4165
-51.3827
-51.3385
-51.2978
-51.2521
-51.2135
-58.8362
-59.1281
-59.5097
-59.3021
-58.8685
-51.0227
-50.9935
-50.9677
-50.9441
-50.9212
-50.8954
-50.8745
-60.3239
-60.6502
-61.0327
-61.4418
-61.8696
-62.3109
-66.3868
-66.1686
-65.8426
-65.5168
-65.1403
-64.7682
-64.4397
-64.2192
-62.7971
-62.4532
-62.0914
-61.6921
-61.2556
-60.6995
-60.3203
-59.8770
-59.4213
-51.2786
-51.2334
-51.1921
-51.1518
-51.1126
-58.7062
-58.9525
-59.3941
-59.2805
-58.8096
-50.9126
-50.8828
-50.8566
-50.8328
-50.8101
-50.7857
-50.7627
-52.4418
-60.4431
-60.8123
-61.2466
-61.7042
-62.1781
-66.9290
-66.7503
-66.4556
-66.0442
-65.6607
-65.2895
-64.9498
-64.6999
-64.6273
-62.5659
-62.1920
-61.7846
-61.4003
-60.5714
-60.4033
-59.9298
-59.4431
-58.9626
-51.1276
-51.0853
-51.0443
-51.0047
-50.9681
-58.8475
-59.2782
-59.2325
-58.7242
-50.8012
-50.7709
-50.7442
-50.7200
-50.6973
-50.6711
-50.6495
-52.3571
-60.1969
-60.6099
-61.0760
-61.5709
-62.0854
-67.5176
-67.6683
-67.0460
-66.7453
-66.4011
-65.9264
-65.5995
-65.3391
-65.2427
-65.3973
-62.3719
-61.9539
-61.5094
-60.3991
-60.4729
-60.0144
-59.4871
-58.9584
-51.0206
-50.9772
-50.9356
-50.8955
-50.8579
-58.7021
-59.1620
-59.2829
-58.7245
-50.6828
-50.6520
-50.6306
-50.6060
-50.5831
-50.5567
-50.5347
-52.2716
-52.2059
-60.3546
-60.8515
-61.3866
-61.9468
-68.8531
-69.1036
-69.4282
-69.6662
-67.1444
-66.8424
-66.5456
-66.1706
-66.0823
-66.2259
-66.6432
-62.1538
-61.6963
-60.2633
-60.5636
-60.0855
-59.5332
-58.9572
-50.9087
-50.8678
-50.8257
-50.7851
-50.7463
-58.5511
-59.0443
-59.3144
-58.7043
-50.5750
-50.5435
-50.5102
-50.4848
-50.4676
-50.4409
-50.4184
-52.1837
-52.1168
-60.0849
-60.6128
-61.1946
-61.8094
-70.0203
-70.6890
-71.1051
-70.5989
-70.9752
-71.1051
-67.8541
-67.4034
-67.3428
-67.3428
-67.7402
-68.2869
-61.9198
-60.1247
-60.4382
-60.2272
-59.6364
-59.0136
-50.7998
-50.7536
-50.7111
-50.6690
-50.6334
-58.3932
-58.9244
-59.3726
-58.7035
-50.4600
-50.4281
-50.3998
-50.3741
-50.3508
-50.3181
-50.2951
-52.0980
-52.0304
-59.7867
-60.3465
-60.9869
-61.6711
-69.1654
-69.4355
-69.1284
-69.3131
-68.8689
-59.9831
-60.3108
-60.4113
-59.7806
-59.1049
-50.6902
-50.6419
-50.5991
-50.5570
-50.5157
-58.2055
-58.7736
-59.4248
-58.7279
-50.3435
-50.3114
-50.2824
-50.2562
-50.2328
-50.2056
-50.1820
-52.0086
-51.9411
-51.8726
-60.0129
-60.7220
-61.4782
-59.8386
-60.1814
-60.5373
-59.9786
-59.2449
-50.5790
-50.5298
-50.4858
-50.4430
-50.4011
-58.0422
-58.6570
-59.3339
-58.7577
-50.2214
-50.1889
-50.1636
-50.1368
-50.1133
-50.0859
-50.0619
-51.9187
-51.8502
-51.7804
-59.6308
-60.3989
-61.2354
-59.6908
-60.0500
-60.4247
-60.2444
-59.4497
-58.5444
-50.4166
-50.3715
-50.3278
-50.2853
-57.8731
-58.5341
-59.2933
-58.8719
-50.1031
-50.0697
-50.0393
-50.0117
-49.9880
-49.9648
-49.9403
-51.8285
-51.7593
-51.6892
-51.6185
-60.0436
-60.9709
-61.9620
-62.9330
-63.9001
-64.6291
-64.2996
-63.9512
-63.6092
-63.3554
-63.2818
-63.4138
-63.7259
-60.6458
-59.3217
-59.5696
-59.9489
-60.3118
-60.6003
-59.7442
-58.7194
-50.3022
-50.2554
-50.2116
-50.1681
-57.7131
-58.4097
-59.2668
-59.0516
-49.9827
-49.9496
-49.9186
-49.8898
-49.8658
-49.8381
-49.8130
-51.7375
-51.6677
-51.5969
-51.5256
-59.6327
-60.6973
-61.8562
-63.0148
-64.1362
-65.1281
-64.7577
-64.3960
-64.0118
-63.7172
-63.5711
-63.6650
-63.7888
-60.5301
-60.9639
-59.4431
-59.8412
-60.2344
-60.6784
-60.2032
-59.0334
-50.1865
-50.1379
-50.0936
-50.0499
-50.0093
-58.2838
-59.2649
-59.3380
-49.8607
-49.8273
-49.7957
-49.7668
-49.7427
-49.7143
-49.6886
-51.6489
-51.5752
-51.5044
-51.4322
-51.3601
-60.3532
-61.7376
-63.1422
-64.4376
-65.5960
-65.3058
-64.8928
-64.5387
-64.2185
-64.0276
-64.0822
-63.8995
-60.4122
-60.8767
-59.2912
-59.7080
-60.1528
-60.6328
-60.8509
-59.4961
-50.0740
-50.0227
-49.9778
-49.9300
-49.8883
-58.1563
-61.0865
-59.7940
-49.7372
-49.7035
-49.6713
-49.6416
-49.6173
-49.5894
-49.5634
-51.5600
-51.4819
-51.4105
-51.3378
-51.2643
-59.9021
-61.6187
-63.3646
-64.9370
-66.2616
-65.9679
-65.5621
-65.1706
-64.8396
-64.6347
-64.6268
-64.1665
-60.3140
-60.8153
-59.1540
-59.5738
-60.0507
-60.5535
-61.7517
-60.2893
-49.9599
-49.9036
-49.8573
-49.8121
-49.7689
-58.0544
-62.0100
-60.5359
-58.6581
-49.5781
-49.5454
-49.5148
-49.4904
-49.4623
-49.4357
-51.4701
-51.3909
-51.3157
-51.2431
-51.1687
-59.2555
-61.4996
-63.7932
-67.1366
-67.4308
-68.0141
-68.8057
-66.0130
-65.6764
-65.4318
-65.3821
-64.5887
-60.1938
-60.7351
-59.0266
-59.4571
-59.9686
-64.0253
-63.0918
-61.5711
-59.2416
-49.7874
-49.7395
-49.6899
-49.6446
-57.9231
-63.2719
-61.8330
-59.5532
-49.4546
-49.4214
-49.3863
-49.3617
-49.3336
-49.3064
-51.3777
-51.2991
-51.2195
-51.1468
-51.0720
-50.9965
-61.3802
-64.6836
-68.5574
-68.6669
-68.8532
-69.2178
-68.2877
-66.7712
-66.5613
-66.4840
-65.4374
-60.0715
-60.6594
-58.9281
-59.3225
-59.8690
-65.4730
-64.8972
-63.8068
-61.4218
-49.6692
-49.6197
-49.5704
-49.5239
-57.8126
-64.4050
-63.4606
-61.6658
-49.3259
-49.2921
-49.2597
-49.2349
-49.2067
-49.1754
-51.2771
-51.2052
-51.1242
-51.0485
-50.9757
-50.8999
-61.2933
-68.0532
-67.5416
-59.9407
-60.5898
-58.8150
-59.1894
-59.7738
-67.1042
-67.0881
-67.0091
-66.8864
-49.5464
-49.4958
-49.4489
-49.4020
-57.7072
-66.8958
-66.5750
-66.0297
-49.1956
-49.1612
-49.1280
-49.1027
-49.0745
-49.0462
-51.1797
-51.1033
-51.0249
-50.9433
-50.8734
-50.7990
-50.7233
-69.9982
-70.4227
-59.8009
-60.5199
-65.8180
-59.0765
-59.7046
-67.7274
-69.4769
-49.4211
-49.3691
-49.3222
-49.2759
-57.5865
-49.0645
-49.0295
-48.9956
-48.9693
-48.9408
-48.9119
-51.0824
-51.0085
-50.9305
-50.8458
-50.7671
-50.6878
-50.6080
-50.5357
-50.4644
-58.5904
-59.2122
-59.8894
-60.5984
-66.9252
-59.6519
-60.4505
-61.1372
-58.9565
-59.6265
-49.2933
-49.2393
-49.1922
-49.1460
-49.1036
-48.9317
-48.8962
-48.8620
-48.8348
-48.8061
-48.7769
-50.9930
-50.9128
-50.8375
-50.7502
-50.6658
-50.5890
-50.5093
-50.4287
-50.3535
-58.2190
-58.8762
-59.6321
-60.4409
-62.4930
-59.4490
-60.4034
-61.6486
-58.8384
-59.5666
-49.2138
-49.1563
-49.1020
-49.0584
-49.0128
-48.9710
-48.7970
-48.7609
-48.7265
-48.6984
-48.6695
-48.6400
-50.8987
-50.8134
-50.7371
-50.6570
-50.5696
-50.4891
-50.4103
-50.3277
-50.2480
-57.8914
-58.5878
-59.3759
-60.2268
-62.8742
-62.7707
-63.0267
-59.3220
-62.6867
-62.1509
-58.6888
-59.5110
-49.0859
-49.0279
-48.9691
-48.9171
-48.8670
-48.8193
-48.7827
-48.7367
-48.6982
-48.6604
-48.6237
-48.5889
-48.5600
-48.5309
-48.5011
-50.8032
-50.7173
-50.6352
-50.5583
-50.4715
-50.3850
-50.3063
-50.2239
-50.1414
-50.0680
-58.2559
-59.1746
-60.1290
-63.6936
-63.5228
-63.6446
-64.0624
-59.1873
-63.4081
-62.9178
-58.7729
-59.4294
-60.3950
-58.9543
-57.0641
-48.9562
-48.8979
-48.8382
-48.7840
-48.7331
-48.6836
-48.6418
-48.5961
-48.5577
-48.5192
-48.4819
-48.4466
-48.4196
-48.3903
-48.3601
-50.7080
-50.6198
-50.5324
-50.4543
-50.3725
-50.2824
-50.2002
-50.1190
-50.0339
-49.9567
-57.8427
-58.8867
-60.0394
-64.8057
-64.7450
-64.8952
-65.3404
-59.0757
-64.2090
-63.8110
-63.3331
-59.5421
-60.6723
-60.2499
-57.9342
-48.8291
-48.7659
-48.7056
-48.6491
-48.5974
-48.5464
-48.5035
-48.4579
-48.4140
-48.3748
-48.3368
-48.3054
-48.2746
-48.2449
-48.2143
