-61.1858
-61.2095
-61.2347
-61.2610
-61.2993
-61.3534
-61.4012
-61.7271
-61.8375
-67.6977
-68.0554
-68.3151
-68.5427
-66.0905
-65.8438
-65.4894
-65.1152
-64.8121
-64.4984
-64.2612
-63.9406
-63.2408
-62.9420
-62.7515
-62.1203
-61.9806
-61.8687
-62.3424
-61.0529
-61.0827
-61.0997
-61.0956
-60.2929
-60.3022
-60.3214
-59.9368
-59.9551
-59.9816
-61.3906
-61.4096
-61.4282
-61.4467
-61.4764
-61.5202
-61.5555
-61.6094
-61.9606
-62.1381
-65.1841
-66.2091
-66.8702
-66.1180
-65.8572
-65.6216
-65.2563
-65.0240
-64.6913
-64.4063
-64.1073
-63.3963
-63.1686
-62.9569
-62.1454
-62.0112
-61.8904
-62.3386
-62.2570
-62.1986
-60.2783
-60.2987
-60.3190
-60.3213
-60.3393
-59.9650
-59.9844
-60.0029
-61.5856
-61.5999
-61.6122
-61.6240
-61.6520
-61.6780
-61.7046
-61.7285
-62.0890
-62.2915
-62.3891
-62.4731
-65.5628
-65.8634
-65.7323
-65.3515
-65.0581
-64.7668
-64.5053
-64.2278
-63.5116
-63.2915
-63.0876
-62.2902
-62.0995
-61.9713
-62.4246
-61.3778
-61.3426
-61.3106
-61.2462
-61.2163
-60.3592
-60.3771
-59.9937
-59.7073
-59.7117
-61.7731
-61.7829
-61.7886
-61.7910
-61.8116
-61.8307
-61.8522
-61.8654
-62.3865
-65.9730
-65.8804
-65.6965
-65.3374
-65.0764
-64.8062
-64.5698
-64.3114
-64.0652
-63.3820
-63.1830
-62.3685
-62.2207
-61.1843
-61.1109
-61.5420
-61.4852
-61.4484
-61.3895
-61.3375
-61.2933
-60.8776
-59.7199
-59.7256
-59.7304
-61.9535
-61.9563
-61.9603
-61.9573
-61.9756
-61.9905
-62.1221
-62.1310
-62.1475
-68.1397
-65.8026
-65.6627
-65.3211
-65.0749
-64.8256
-64.6156
-64.3673
-64.1340
-63.4460
-62.1844
-61.5358
-61.4459
-61.3612
-61.2677
-61.6871
-61.6417
-61.6065
-61.5437
-61.1034
-61.0402
-60.9816
-60.4639
-60.4481
-59.7694
-61.9454
-62.0906
-62.1287
-62.1219
-62.1283
-62.1379
-62.2437
-62.2455
-62.2553
-62.6855
-65.7322
-65.6243
-65.2951
-65.0640
-64.8311
-64.6304
-64.3984
-62.9261
-62.4277
-62.3120
-61.6568
-61.5558
-61.4740
-61.3967
-61.8752
-61.7898
-61.3717
-61.2976
-61.2277
-61.1619
-61.1242
-60.5805
-60.5360
-60.4942
-61.9018
-62.0419
-62.1818
-62.2652
-62.2404
-62.2211
-62.2050
-62.1930
-62.1841
-62.3724
-65.0640
-65.0021
-64.8037
-64.6988
-64.5964
-63.2408
-63.1864
-63.0600
-62.5514
-62.4253
-61.7511
-61.6678
-61.5889
-61.1784
-61.6271
-61.5799
-61.4936
-61.4187
-61.3535
-61.2860
-61.2220
-60.6591
-60.6121
-60.5678
-61.8523
-61.9860
-62.0929
-62.1797
-62.2765
-62.2949
-62.2683
-62.2433
-62.2201
-62.1984
-62.1660
-62.9398
-65.7377
-65.7308
-64.2001
-64.1532
-64.5891
-64.5961
-64.4705
-63.1961
-63.1718
-63.1711
-63.1435
-63.0978
-62.6488
-62.5430
-61.8570
-61.4300
-61.3305
-61.2517
-61.7184
-61.6740
-61.6530
-61.5741
-61.4677
-61.3992
-61.3340
-60.7498
-60.7019
-60.6565
-61.7717
-61.8819
-61.9845
-62.0584
-62.1471
-62.2330
-62.3029
-62.2628
-62.2195
-62.1700
-62.1075
-61.6122
-62.1117
-62.1242
-62.1535
-63.5172
-62.9428
-63.0347
-63.0334
-63.0501
-63.0561
-63.0643
-63.0549
-63.0171
-62.5973
-62.1905
-62.1342
-61.4897
-61.4104
-61.3341
-61.8456
-61.8053
-61.7625
-61.6861
-61.6109
-61.5073
-61.4412
-60.8358
-60.7874
-60.7414
-61.8729
-61.7714
-61.8692
-61.9530
-62.0239
-62.0999
-62.1663
-62.2203
-62.2024
-61.7249
-61.6817
-61.6208
-61.6202
-62.0431
-61.3808
-61.4085
-61.6910
-61.7482
-62.7827
-62.8425
-62.8815
-62.9298
-62.9424
-62.5436
-62.1596
-62.1398
-62.1165
-61.5309
-61.5065
-61.4326
-61.9404
-61.9036
-61.8642
-61.7921
-61.7169
-61.6447
-61.5438
-60.9171
-60.8685
-60.8222
-61.8289
-61.6691
-61.7597
-61.8360
-61.8984
-61.9635
-61.6365
-61.6942
-61.7463
-61.7740
-61.7346
-61.6785
-61.0207
-61.0306
-61.0170
-61.3897
-61.4188
-61.7367
-61.7567
-61.7885
-61.5250
-62.4340
-62.4525
-62.4595
-62.4583
-62.0825
-62.0691
-61.5107
-61.4995
-61.4860
-62.0287
-61.9956
-61.9593
-61.8924
-61.8174
-61.7452
-61.6769
-61.0214
-60.9451
-60.8987
-61.7616
-61.8347
-61.6509
-61.7189
-61.4376
-61.4932
-61.5557
-61.6126
-61.6485
-61.6978
-61.1361
-61.1538
-61.1292
-61.1055
-61.1094
-61.0930
-61.4156
-61.7322
-61.4814
-61.5121
-61.5294
-61.5612
-61.5692
-62.3799
-62.3865
-62.0455
-62.0421
-61.4634
-61.4592
-61.4519
-62.0450
-62.0767
-62.0488
-61.9872
-61.9129
-61.8408
-61.7722
-61.0950
-61.0448
-60.9710
-61.6748
-61.4468
-61.2313
-61.2998
-61.3606
-61.4283
-61.4750
-60.9811
-61.0244
-61.0796
-61.1315
-61.1804
-61.2210
-61.2057
-61.1813
-61.1897
-60.9422
-61.4575
-61.4757
-61.5145
-61.5335
-61.5675
-61.5794
-61.6067
-61.6097
-61.2966
-61.9939
-61.4157
-61.4170
-61.4154
-62.0152
-62.0602
-62.0838
-62.0772
-62.0033
-61.9318
-61.8631
-61.1642
-61.1141
-61.0662
-61.3105
-61.4144
-61.5189
-61.2379
-61.2832
-60.8339
-60.8936
-60.9570
-61.0170
-61.0737
-61.1226
-61.1723
-61.2190
-61.2628
-61.0582
-61.0275
-61.0366
-61.2478
-61.2161
-61.5172
-61.5380
-61.5943
-61.6079
-61.6180
-61.6220
-61.3038
-61.3039
-60.7999
-60.8035
-61.3822
-61.3961
-62.0356
-62.0646
-62.0743
-62.0565
-62.0181
-61.9497
-61.2289
-61.1793
-61.1315
-61.2818
-61.4168
-64.2812
-60.7435
-60.8154
-60.8837
-60.9485
-61.0060
-61.0636
-61.1180
-61.1693
-61.0032
-61.0395
-61.0727
-61.1028
-61.0970
-61.0959
-61.3007
-61.3200
-61.5627
-61.6007
-61.6156
-61.6269
-61.6342
-61.3106
-61.3117
-60.7993
-60.8039
-60.8073
-60.8187
-61.3904
-62.0487
-62.0647
-62.0494
-62.0321
-62.0136
-61.2895
-61.2403
-61.1700
-64.4430
-63.9544
-60.8048
-60.8710
-60.9368
-60.9992
-60.8656
-60.9130
-60.9571
-60.9978
-61.0354
-61.0698
-61.1011
-61.1388
-61.1975
-61.4020
-61.4062
-61.3929
-61.6074
-61.6235
-61.6358
-61.6440
-61.3171
-61.3191
-60.7980
-60.8036
-60.8079
-60.8204
-61.3997
-61.4334
-61.4582
-61.4507
-62.0327
-62.0127
-61.3031
-61.2697
-61.2275
-64.5131
-64.0386
-63.5243
-62.9064
-60.7494
-60.8050
-60.8572
-60.9058
-60.9511
-60.9931
-61.0318
-61.0674
-61.1164
-61.1556
-61.1821
-61.4608
-61.4884
-61.4855
-61.4751
-61.6317
-61.6450
-61.6545
-61.6601
-61.3261
-61.3264
-60.8025
-60.8078
-60.8212
-61.4081
-61.4438
-61.4745
-61.4675
-61.4606
-61.4271
-61.2764
-61.2647
-61.2760
-64.5761
-64.1664
-63.3809
-63.0330
-62.6766
-62.1510
-60.8498
-60.8996
-60.9460
-60.9891
-61.0289
-61.0816
-61.1154
-61.1556
-61.1831
-61.1717
-61.5153
-61.5755
-61.5671
-61.5349
-61.5016
-61.6647
-61.6706
-61.3309
-61.3335
-60.8007
-60.8067
-60.8211
-61.4154
-61.4531
-61.4900
-61.4845
-61.4778
-61.4680
-60.8632
-60.8199
-60.8168
-63.8648
-63.7264
-63.5922
-63.2344
-62.9531
-62.7175
-62.3496
-62.0760
-60.9417
-61.0011
-61.0423
-61.0801
-61.1150
-61.1560
-61.1845
-61.1736
-61.4855
-61.5755
-61.6306
-61.6253
-61.5907
-61.5549
-61.6812
-61.3351
-61.3387
-60.7981
-60.8049
-60.8207
-61.4430
-61.4835
-61.5060
-61.5006
-61.4949
-61.4853
-61.4743
-60.8254
-60.8227
-65.5687
-63.5149
-63.5003
-63.4690
-63.4227
-63.3975
-63.3694
-63.1587
-62.9239
-62.7567
-62.4951
-62.2607
-60.9982
-61.0404
-61.0792
-61.1246
-61.1569
-61.1862
-61.1760
-61.4819
-61.5474
-61.6394
-61.6591
-61.6745
-61.6421
-61.6027
-61.3395
-61.3628
-60.8114
-60.8206
-60.8374
-61.4492
-61.4777
-61.5188
-61.5182
-61.5104
-61.5010
-61.4899
-60.8289
-60.8266
-60.3655
-62.2697
-62.7289
-62.9336
-63.0255
-63.0900
-63.1256
-63.1137
-63.1444
-62.9424
-62.8161
-62.5855
-62.3866
-62.2220
-61.0788
-61.1250
-61.1582
-61.1882
-61.1785
-61.4778
-61.5456
-61.6254
-61.6696
-61.7052
-61.7173
-61.7087
-61.3067
-61.2728
-60.8066
-60.8170
-60.8181
-61.4338
-61.4846
-61.5275
-61.5321
-61.5245
-61.5152
-61.5044
-60.8310
-60.8293
-60.3989
-60.3148
-60.4041
-62.3270
-62.5694
-62.7354
-62.8648
-62.9367
-62.9585
-62.9945
-62.9514
-62.8513
-62.6564
-62.4836
-62.3332
-62.2244
-61.1599
-61.1906
-61.1817
-61.2011
-61.5619
-61.6527
-61.6769
-61.7175
-61.7299
-61.7374
-61.3668
-61.3412
-60.7399
-60.7949
-60.8141
-61.4373
-61.4902
-61.5351
-61.5451
-61.5378
-61.5286
-61.5178
-60.8318
-60.8306
-60.3808
-60.4864
-60.3892
-60.4697
-62.1263
-62.3817
-62.5609
-62.6874
-62.7502
-62.8191
-62.8689
-62.9040
-62.8842
-62.7146
-62.5613
-62.4384
-62.3384
-62.2467
-61.2018
-61.2212
-61.5595
-61.6532
-61.6923
-61.7300
-61.7423
-61.7496
-61.3701
-61.3572
-60.7709
-60.7594
-60.8087
-61.4389
-61.4948
-61.5416
-61.5574
-61.5501
-61.5410
-61.5302
-60.8315
-60.8307
-60.4016
-60.5117
-60.3756
-60.4733
-60.5358
-62.0322
-62.2575
-62.4317
-62.5622
-62.6353
-62.7118
-62.7698
-62.8337
-62.8646
-62.7867
-62.6624
-62.5355
-62.4212
-62.2741
-62.1984
-61.5558
-61.6522
-61.7078
-61.7221
-61.7551
-61.7427
-61.7437
-61.3608
-60.7702
-60.7923
-60.7826
-61.4388
-61.4978
-61.5501
-61.5689
-61.5616
-61.5525
-61.5416
-60.8298
-60.8294
-64.8767
-60.6567
-60.4514
-60.5304
-60.6037
-60.6722
-62.1865
-62.3665
-62.4946
-62.5718
-62.6516
-62.7133
-62.7601
-62.7946
-62.8336
-62.7169
-62.5986
-62.4404
-62.3341
-62.2514
-61.6503
-61.7254
-61.7384
-61.7288
-61.7561
-61.7562
-61.3640
-61.3664
-60.7850
-60.7955
-60.8033
-61.4619
-61.5541
-61.5797
-61.5724
-61.5631
-61.5521
-60.8269
-60.8268
-63.9462
-60.5095
-60.6135
-60.6832
-60.7492
-62.1707
-62.3151
-62.4126
-62.5116
-62.5904
-62.6524
-62.7004
-62.7508
-62.7761
-62.7621
-62.5989
-62.4865
-62.3926
-62.7821
-62.7542
-61.7370
-61.7459
-61.7493
-61.7693
-61.3670
-61.3694
-60.7770
-60.7879
-60.7975
-61.4987
-61.5396
-61.5895
-61.5823
-61.5729
-61.5615
-60.8227
-60.8230
-63.9490
-60.5954
-60.6671
-60.7497
-60.8126
-60.8720
-62.2858
-62.3749
-62.4685
-62.5443
-62.6195
-62.6663
-62.7017
-62.7272
-62.6905
-62.6298
-62.5327
-62.8962
-62.8816
-62.8362
-62.7598
-61.7666
-61.7623
-61.3698
-61.3720
-60.7684
-60.7795
-60.7895
-61.4978
-61.5572
-61.5975
-61.5914
-61.5817
-61.5701
-60.8174
-60.8179
-67.9349
-68.2479
-64.6694
-63.6215
-63.4277
-60.6677
-60.7351
-60.8145
-60.8744
-60.9308
-62.2743
-62.3522
-62.4388
-62.5246
-62.5818
-62.6266
-62.6606
-62.6323
-62.6146
-62.6238
-63.0253
-63.0124
-62.9925
-62.8911
-62.7999
-62.7229
-61.3537
-61.3744
-60.7590
-60.7705
-60.7806
-61.4958
-61.5648
-61.6050
-61.5986
-61.5898
-61.5777
-60.8109
-60.8115
-61.2487
-63.2531
-63.8008
-64.0768
-63.2116
-63.5566
-63.1619
-62.4470
-60.8016
-60.8777
-60.9346
-60.9881
-62.2579
-62.3410
-62.4335
-62.4991
-62.5522
-62.5940
-62.5528
-62.5620
-62.5770
-62.6143
-63.1348
-63.1287
-63.0364
-62.9337
-62.8323
-62.2107
-61.3580
-60.7491
-60.7607
-60.7710
-61.4952
-61.5640
-61.6119
-61.6050
-61.5959
-61.5845
-60.8031
-60.8039
-63.7845
-63.7278
-63.3418
-63.0254
-62.5017
-60.8664
-60.9241
-60.9932
-61.0435
-61.0755
-62.3529
-62.4212
-62.4612
-62.5092
-62.4948
-62.5091
-62.5298
-62.5721
-63.0854
-63.1841
-63.1808
-63.0715
-62.9610
-62.8486
-62.2418
-61.4258
-60.7503
-60.7606
-61.4910
-61.5622
-61.6182
-61.6109
-61.6013
-61.5893
-60.7942
-60.7951
-63.8686
-63.5444
-63.5396
-63.2180
-62.9548
-62.5540
-60.9295
-60.9840
-61.0499
-61.0816
-61.1372
-62.3403
-62.3961
-62.4477
-62.4382
-62.4574
-62.4830
-62.5299
-63.0254
-63.1325
-63.2038
-63.1745
-63.0906
-62.9690
-62.3270
-61.4546
-61.4327
-61.4016
-61.4859
-61.5593
-61.6216
-61.6161
-61.6059
-61.5933
-60.7835
-60.7850
-63.9453
-63.6642
-63.7199
-63.4216
-63.1506
-62.9218
-62.6038
-62.2759
-61.0421
-61.0913
-61.1310
-61.1719
-62.3543
-62.3943
-62.3855
-62.4080
-62.4685
-62.4885
-62.5009
-63.0788
-63.1893
-63.1648
-63.1294
-63.0782
-62.4116
-61.5056
-61.4610
-61.4378
-62.2672
-62.3123
-61.6198
-61.6209
-61.6098
-61.5964
-60.7714
-60.7733
-61.1053
-67.6749
-66.9831
-63.8019
-63.7663
-63.7439
-63.5116
-63.6061
-63.3477
-63.1129
-62.9109
-62.6508
-62.3501
-61.0852
-61.1544
-61.1802
-61.2178
-61.2518
-62.3438
-62.3634
-62.4258
-62.4486
-62.4640
-63.0234
-63.1423
-63.1571
-63.1226
-63.0720
-62.4394
-61.5537
-61.5072
-61.4658
-62.3221
-62.3587
-62.3873
-61.6250
-61.6132
-61.5988
-60.7582
-60.7600
-64.8927
-64.7081
-63.8587
-63.6288
-63.7703
-63.5293
-63.3022
-63.0747
-62.8938
-62.6764
-62.4510
-61.1492
-61.1751
-61.2269
-61.2608
-61.2496
-62.3340
-62.3894
-62.4120
-62.4291
-62.9665
-63.0940
-63.1584
-63.1183
-63.0664
-62.4149
-62.3902
-61.5217
-61.5071
-62.3578
-62.4151
-62.4404
-62.4060
-62.3457
-61.6005
-60.7438
-60.7456
-65.4171
-64.6063
-63.9401
-63.7315
-63.9168
-63.6932
-63.4566
-63.2546
-63.0689
-62.9038
-62.7355
-62.5203
-61.1999
-61.2227
-61.2706
-61.2585
-61.2733
-61.3226
-62.3836
-62.3980
-62.9087
-63.0446
-63.1571
-63.1176
-63.0640
-62.3903
-62.3662
-61.4865
-61.4873
-61.4945
-62.4496
-62.5076
-62.4676
-62.3981
-62.3315
-61.2851
-60.7300
-66.0711
-67.0409
-65.3340
-64.4943
-64.0143
-63.8230
-63.6076
-63.8187
-63.6166
-63.4228
-63.2400
-63.0708
-62.9375
-62.7731
-62.5806
-62.4370
-61.2672
-61.2679
-61.2823
-61.3317
-61.3504
-62.3783
-62.3831
-62.9952
-63.1341
-63.1217
-63.0657
-62.3659
-62.3420
-61.4506
-61.4524
-61.4488
-62.4487
-62.5331
-62.5300
-62.4558
-62.3827
-61.2750
-61.2431
-54.0206
-64.1222
-65.2711
-64.9698
-64.0829
-63.8836
-63.7043
-63.9534
-63.7630
-63.5782
-63.4010
-63.2335
-63.0976
-62.9539
-62.8043
-62.6317
-62.4690
-61.2646
-61.2788
-61.3415
-61.3598
-61.3743
-62.3731
-62.9493
-63.0942
-63.1393
-63.0732
-63.0065
-62.3181
-61.4174
-61.4167
-61.4140
-62.4190
-62.5074
-62.5504
-62.4800
-62.4028
-61.2935
-61.2581
-54.0747
-54.1097
-61.7149
-64.6096
-64.5488
-64.0027
-63.9560
-63.7918
-63.6236
-63.8979
-63.7218
-63.5511
-63.3875
-63.2533
-63.1064
-62.9676
-62.8340
-62.6748
-62.4585
-61.2887
-61.3390
-61.3697
-61.3836
-61.3936
-61.8382
-63.0608
-63.1598
-63.1116
-63.0161
-62.2947
-61.3804
-61.3804
-61.3785
-62.3880
-62.4490
-62.4836
-62.4662
-62.4266
-61.3625
-61.2739
-54.0959
-54.0421
-54.0768
-61.5245
-63.4248
-63.8369
-63.5408
-63.6191
-63.6570
-64.0222
-63.8551
-63.6911
-63.5321
-63.4015
-63.2548
-63.1127
-62.9830
-62.8595
-62.6294
-62.4815
-61.3501
-61.3675
-61.3936
-61.4027
-61.8209
-61.9585
-63.1887
-63.1407
-63.0337
-62.2725
-61.3433
-61.3211
-61.3190
-62.3258
-62.4210
-62.4691
-62.4313
-62.4091
-61.4141
-61.2750
-54.0841
-54.1178
-54.1532
-54.1873
-61.4513
-61.8620
-63.0348
-63.2397
-63.3614
-63.9046
-63.9579
-63.8222
-63.6690
-63.5417
-63.3967
-63.2539
-63.1214
-62.9963
-62.8143
-62.6395
-62.5522
-62.4517
-61.3916
-61.4002
-61.4165
-61.9473
-62.0904
-63.2052
-63.0677
-62.2258
-61.2841
-61.2843
-61.2828
-62.2906
-62.3921
-62.4543
-62.4157
-62.3732
-62.3458
-61.2402
