-59.3001
-59.2167
-52.3892
-52.3978
-52.4042
-60.2456
-60.9679
-61.6745
-62.0103
-61.2687
-60.4420
-52.4963
-52.5107
-52.5253
-52.5431
-52.5604
-52.5827
-60.1550
-61.5930
-71.8659
-71.9646
-72.0840
-64.2739
-69.9943
-69.2466
-64.0190
-61.5742
-61.4816
-61.4269
-61.3532
-61.2649
-61.1852
-61.1046
-61.0325
-59.4076
-59.3246
-52.5083
-52.5167
-52.5230
-60.2829
-60.9285
-61.5730
-61.9000
-61.2850
-60.5515
-52.6139
-52.6284
-52.6423
-52.6599
-52.6761
-52.6938
-76.7524
-76.1572
-76.2943
-64.4798
-63.9853
-69.3113
-67.1944
-64.5615
-71.5855
-69.9001
-61.6832
-61.6264
-61.5523
-61.4726
-61.3872
-61.2961
-61.2200
-61.1090
-59.4846
-59.4273
-52.6258
-52.6341
-52.6402
-60.3321
-60.9130
-61.5020
-61.8213
-61.3174
-60.6589
-52.7300
-52.7447
-52.7578
-52.7752
-52.7910
-52.8079
-52.8291
-74.8690
-74.1319
-73.2087
-64.6930
-64.2297
-69.4552
-68.0723
-64.3689
-68.4844
-67.9454
-61.8741
-61.7600
-61.6842
-61.5935
-61.4873
-61.4044
-61.2282
-61.1758
-66.1542
-59.5543
-59.5310
-52.7417
-52.7499
-52.7559
-60.3899
-60.9155
-61.4566
-61.7677
-61.3574
-60.7643
-52.8446
-52.8596
-52.8720
-52.8890
-52.9052
-52.9208
-52.9408
-68.5468
-64.9229
-64.4702
-64.0944
-64.8287
-66.9775
-65.3652
-61.9304
-61.8339
-61.7031
-61.5574
-61.4282
-61.3724
-61.3202
-61.3371
-59.6609
-59.6029
-52.8561
-52.8641
-52.8700
-60.4539
-60.9315
-61.4308
-61.7347
-61.4046
-60.8638
-52.9577
-52.9729
-52.9850
-53.0016
-53.0179
-53.0323
-53.0512
-64.3396
-67.2053
-68.2386
-72.3550
-65.1309
-64.6897
-70.5293
-71.7487
-62.0776
-61.8992
-61.6744
-61.6130
-61.5569
-61.4996
-61.4464
-61.5367
-59.7656
-59.7089
-52.9629
-52.9769
-52.9827
-60.5225
-60.9579
-61.4204
-61.7181
-61.4577
-60.9613
-60.4904
-53.0847
-53.0970
-53.1129
-53.1295
-53.1432
-53.1605
-62.4264
-74.1231
-72.5310
-64.8844
-64.3724
-68.4677
-70.6979
-62.1084
-61.8528
-61.7913
-61.7327
-61.6761
-61.7736
-61.7202
-61.6687
-66.9883
-59.8685
-59.8129
-53.0755
-53.0825
-53.0873
-60.5944
-60.9924
-61.4225
-61.7144
-61.5150
-61.0569
-60.6065
-53.1947
-53.2074
-53.2229
-53.2398
-53.2537
-53.2679
-61.6240
-63.7935
-75.1141
-74.3302
-64.9911
-64.0179
-68.2299
-69.0329
-70.6658
-70.9677
-69.1107
-62.1049
-61.9721
-61.9121
-62.0181
-61.9599
-61.9044
-61.8507
-61.7990
-64.6392
-59.9696
-59.9151
-53.1866
-53.1934
-53.1981
-60.6339
-61.0331
-61.4344
-61.7211
-61.5758
-61.1510
-60.7247
-53.3031
-53.3163
-53.3313
-53.3487
-53.3620
-53.3741
-70.1470
-70.2999
-64.4528
-64.1572
-67.2267
-68.8517
-69.1681
-68.7040
-67.7211
-65.4731
-62.0887
-62.2063
-62.1479
-62.0892
-62.0335
-61.9795
-61.9276
-61.8776
-60.0689
-60.0155
-53.2963
-53.3030
-53.3075
-53.3133
-61.0434
-61.4112
-61.7363
-61.6390
-61.2436
-60.8422
-53.4103
-53.4240
-53.4384
-53.4546
-53.4685
-53.4797
-70.2505
-70.0990
-69.7420
-69.5092
-69.4905
-64.5612
-64.5174
-65.4136
-67.9954
-68.4624
-67.9307
-66.9439
-65.9071
-62.3965
-62.3350
-62.2760
-62.2169
-62.1609
-62.1067
-62.0544
-62.0043
-60.1663
-60.1140
-53.4046
-53.4112
-53.4156
-53.4211
-61.0993
-61.4445
-61.7154
-61.7043
-61.3352
-60.9578
-53.5163
-53.5305
-53.5431
-53.5589
-53.5730
-53.5846
-53.7233
-68.5235
-68.6978
-68.7157
-68.7223
-69.3747
-64.9284
-64.6742
-64.4254
-67.4339
-67.8336
-68.1139
-67.1431
-65.9111
-62.5254
-62.4626
-62.4029
-62.3447
-62.2868
-62.2322
-62.1797
-62.1293
-60.2619
-60.2106
-53.5116
-53.5180
-53.5223
-53.5277
-61.1586
-61.4834
-61.7508
-61.7306
-61.3847
-61.0713
-53.6213
-53.6345
-53.6464
-53.6617
-53.6761
-53.6877
-53.7013
-64.8828
-66.6019
-67.2929
-68.2849
-68.5813
-66.3493
-64.8255
-64.5914
-67.0814
-68.0867
-67.6939
-66.9443
-65.9721
-62.6552
-62.5896
-62.5288
-62.4698
-62.4114
-62.3564
-62.3036
-62.2520
-60.3558
-60.3054
-53.6172
-53.6235
-53.6277
-53.6330
-61.2205
-61.5270
-61.7914
-61.7843
-61.4804
-61.1455
-53.7237
-53.7369
-53.7481
-53.7631
-53.7777
-53.7895
-53.8013
-63.7401
-64.9569
-66.4162
-67.1645
-67.6786
-67.6606
-64.9761
-65.1385
-67.5282
-67.7655
-67.4133
-66.7929
-66.0359
-64.9189
-62.7163
-62.6542
-62.5944
-62.5356
-62.4801
-62.4267
-62.3742
-60.4714
-60.3985
-53.7215
-53.7277
-53.7319
-53.7371
-61.2848
-61.5748
-61.8367
-61.8338
-61.5755
-61.2497
-53.8181
-53.8378
-53.8485
-53.8632
-53.8779
-53.8898
-53.9009
-62.5671
-64.5597
-65.3674
-66.2578
-66.9119
-67.4072
-65.5431
-65.3265
-66.2617
-67.5415
-67.2237
-66.7004
-66.0831
-62.8928
-62.8208
-62.7514
-62.6852
-62.6209
-62.5617
-62.5056
-60.5625
-54.1676
-53.8246
-53.8308
-53.8350
-53.8402
-61.3516
-61.6268
-61.8866
-61.8866
-61.6593
-61.3486
-53.9183
-53.9310
-53.9410
-53.9618
-53.9767
-53.9887
-53.9995
-62.1687
-63.7138
-64.9177
-65.5185
-66.9249
-67.5721
-65.7088
-63.0599
-62.9593
-62.8744
-62.8085
-62.7416
-62.6257
-62.5757
-60.6528
-54.2695
-53.9311
-53.9327
-53.9369
-53.9422
-61.4206
-61.6827
-61.9395
-61.9301
-61.7390
-61.4429
-54.0172
-54.0299
-54.0398
-54.0526
-54.0739
-54.1111
-54.1241
-61.9007
-63.1802
-63.2312
-63.1011
-62.9347
-62.8768
-62.8197
-62.7491
-62.6985
-60.7409
-54.3702
-54.0323
-54.0381
-54.0378
-54.0433
-61.4922
-61.7407
-61.9823
-61.9726
-61.8151
-61.5335
-61.3494
-54.1274
-54.1373
-54.1491
-54.1901
-54.2049
-54.2251
-54.3639
-62.8346
-74.9253
-74.2267
-71.7496
-63.1277
-63.0685
-63.0019
-62.9461
-62.8907
-62.8585
-60.8278
-54.4697
-54.1323
-54.1384
-54.1425
-54.1437
-61.5644
-61.7879
-62.0230
-62.0144
-61.8887
-61.6199
-61.4304
-54.2232
-54.2333
-54.2734
-54.2902
-54.3058
-54.3183
-54.3400
-62.6142
-75.7645
-75.1270
-74.6467
-74.0813
-73.0887
-71.9210
-71.0193
-63.2477
-63.2448
-63.1981
-63.1229
-63.0642
-63.0037
-60.9094
-54.5680
-54.2314
-54.2377
-54.2422
-54.2474
-61.6244
-61.8337
-62.0559
-62.0560
-61.9590
-61.7022
-61.5112
-54.3175
-54.3593
-54.3733
-54.3898
-54.4057
-54.4186
-54.4316
-62.4249
-70.8531
-76.6584
-76.0814
-75.4801
-74.9125
-74.3263
-73.5726
-63.4584
-63.3858
-63.3178
-63.2561
-63.1738
-63.0507
-60.9896
-54.6646
-54.3291
-54.3363
-54.3406
-54.3433
-61.7066
-61.8779
-62.0892
-62.0966
-62.0259
-61.7809
-61.5897
-54.4449
-54.4588
-54.4719
-54.4885
-54.5046
-54.5174
-54.5297
-62.3455
-65.0678
-76.0696
-75.4802
-63.5720
-63.4959
-63.3459
-63.2906
-63.2358
-63.1697
-61.0698
-54.7604
-54.4256
-54.4326
-54.4346
-54.4374
-61.7632
-61.9473
-62.1219
-62.1363
-62.0899
-62.0400
-61.8645
-54.5428
-54.5574
-54.5705
-54.5863
-54.6022
-54.6156
-54.6291
-62.3079
-62.9240
-75.1033
-72.1065
-63.5146
-63.4560
-63.4013
-63.3489
-63.2971
-61.1505
-54.8557
-54.5208
-54.5247
-54.5264
-54.5290
-61.8158
-61.9908
-62.1814
-62.1738
-62.3643
-62.1499
-61.9763
-54.6407
-54.6551
-54.6674
-54.6833
-54.7025
-54.7137
-54.7237
-62.3023
-62.8389
-75.9988
-75.3002
-74.7381
-74.0028
-72.2640
-71.7226
-63.6270
-63.5689
-63.5145
-63.4625
-63.4123
-61.2323
-54.9493
-54.6116
-54.6151
-54.6164
-54.6189
-61.8617
-62.0279
-62.2112
-62.4709
-62.4589
-62.2613
-62.0882
-54.7370
-54.7519
-54.7694
-54.7820
-54.7959
-54.8077
-54.8179
-54.9542
-62.7862
-77.7156
-76.8758
-76.2426
-75.6409
-75.0364
-74.4217
-73.3489
-72.4447
-71.4583
-63.8330
-63.7610
-63.6913
-63.6209
-63.5507
-61.3095
-55.0380
-54.7006
-54.7038
-54.7049
-54.7072
-61.9052
-62.0606
-62.4856
-62.5485
-62.5710
-62.3674
-62.1996
-54.8413
-54.8529
-54.8622
-54.8745
-54.8887
-54.9014
-54.9120
-54.9248
-62.7601
-63.2472
-76.8190
-76.1556
-75.6347
-75.0037
-74.3798
-64.0272
-63.8694
-63.7934
-63.7151
-63.5624
-61.3677
-55.1246
-54.7875
-54.7906
-54.7915
-54.7938
-61.9475
-62.3524
-62.5585
-62.6243
-62.6479
-62.5686
-62.3543
-54.9328
-54.9448
-54.9546
-54.9667
-54.9813
-54.9948
-55.0058
-55.0178
-62.7563
-63.2073
-63.9779
-63.8870
-63.7125
-63.6570
-61.4233
-55.2099
-54.8734
-54.8762
-54.8771
-54.9254
-62.2589
-62.4333
-62.6303
-62.8022
-62.7975
-62.6475
-62.4650
-55.0239
-55.0364
-55.0468
-55.0588
-55.0737
-55.0879
-55.0994
-55.1109
-62.7724
-63.1866
-64.0839
-63.8617
-63.8046
-63.7494
-61.4724
-55.2931
-54.9572
-54.9599
-55.0119
-55.0199
-62.3441
-62.5136
-62.8075
-62.8553
-62.8529
-62.7288
-62.5535
-55.2411
-55.1277
-55.1389
-55.1510
-55.1660
-55.1806
-55.1926
-55.2039
-62.8078
-63.1819
-74.4052
-64.0155
-63.9521
-63.8054
-63.7574
-61.5175
-55.3744
-55.0393
-55.1164
-55.1286
-55.1394
-62.5648
-62.6969
-62.8552
-62.9082
-62.9091
-62.8107
-62.6436
-62.5462
-55.2222
-55.2311
-55.2431
-55.2580
-55.2730
-55.2854
-55.2965
-62.8636
-63.1908
-75.4304
-74.1949
-73.5607
-72.0721
-64.1023
-63.9525
-63.9030
-63.8575
-61.5578
-55.4539
-55.2040
-55.2186
-55.2287
-55.2379
-62.6267
-62.7521
-62.9054
-62.9657
-62.9709
-62.8975
-62.7386
-62.6395
-55.3128
-55.3258
-55.3351
-55.3498
-55.3649
-55.3776
-55.3885
-62.9411
-63.2112
-77.0564
-76.6279
-75.4730
-74.8755
-73.6749
-73.0683
-72.1076
-70.0125
-67.4230
-64.0497
-64.0031
-63.9301
-61.9467
-55.6371
-55.3084
-55.3199
-55.3279
-55.3187
-62.6907
-62.8110
-62.9616
-63.0295
-63.0399
-62.9902
-62.8387
-62.7385
-55.4034
-55.4169
-55.4290
-55.4412
-55.4563
-55.4693
-55.4799
-55.4926
-63.2423
-76.9389
-76.3685
-75.2210
-74.5506
-73.3639
-72.8258
-71.5898
-70.6869
-69.3304
-67.4987
-64.1480
-64.1036
-64.0290
-62.1527
-55.6964
-55.4110
-55.4196
-55.4054
-55.4056
-62.7590
-62.8763
-63.0257
-63.1017
-63.1169
-63.0890
-62.9433
-62.8418
-55.4939
-55.5077
-55.5194
-55.5340
-55.5472
-55.5603
-55.5709
-55.5824
-63.2832
-63.7436
-76.3585
-75.7676
-74.4011
-73.1587
-72.6733
-71.6081
-71.0058
-70.1441
-68.9889
-67.5836
-64.2491
-64.2062
-64.1255
-62.3359
-55.7266
-55.5109
-55.4933
-55.4923
-55.4929
-62.8351
-62.9509
-63.0997
-63.1829
-63.2015
-63.1930
-63.0517
-62.9486
-55.5840
-55.5981
-55.6096
-55.6235
-55.6388
-55.6527
-55.6613
-55.6719
-63.3341
-63.6209
-75.8336
-74.4831
-73.0300
-72.0390
-71.6481
-71.1816
-70.5932
-69.8046
-68.8147
-67.6766
-64.3419
-64.2497
-64.1966
-62.4791
-55.7510
-55.5805
-55.5805
-55.5800
-55.5812
-62.9216
-63.0362
-63.1839
-63.2725
-63.2927
-63.3013
-63.1628
-63.0580
-55.6738
-55.6879
-55.6993
-55.7125
-55.7275
-55.7416
-55.7526
-55.7611
-63.3954
-63.6533
-79.3304
-72.9773
-72.0744
-71.7187
-71.3063
-70.8239
-70.2541
-69.5549
-68.6824
-67.7005
-64.7343
-64.1145
-64.0806
-62.6483
-55.7661
-55.6676
-55.6686
-55.6690
-55.6709
-63.0193
-63.1315
-63.2763
-63.3683
-63.3884
-63.3970
-63.2752
-63.1684
-55.7632
-55.7772
-55.7884
-55.8008
-55.8155
-55.8295
-55.8668
-55.8742
-63.5729
-63.7707
-72.3908
-72.0634
-71.7492
-71.4112
-71.0273
-70.5246
-69.9342
-69.2715
-68.5388
-67.1979
-66.3440
-64.2071
-64.1731
-55.7687
-55.7672
-55.7578
-55.7589
-55.7619
-63.1267
-63.2348
-63.3753
-63.4690
-63.4876
-63.4949
-63.3886
-63.2796
-55.8520
-55.8949
-55.9050
-55.9160
-55.9293
-55.9424
-55.9531
-55.9585
-63.6461
-63.7970
-69.2033
-73.3654
-72.1673
-71.9466
-71.7252
-71.4439
-71.0531
-70.6217
-70.1452
-69.6168
-68.3353
-67.8478
-67.2846
-66.5497
-64.2999
-64.2655
-68.6301
-55.8601
-55.8596
-55.8605
-55.8613
-55.8534
-63.2372
-63.3423
-63.4784
-63.5727
-63.5890
-56.0325
-56.0386
-56.0426
-56.0490
-63.8408
-64.0654
-69.2805
-71.4814
-71.3581
-71.1502
-70.8840
-70.5702
-70.2091
-68.9475
-68.6440
-68.2715
-67.8394
-67.3542
-66.7261
-64.3931
-64.3583
-66.7075
-55.9532
-55.9526
-55.9539
-55.9547
-55.9565
-63.4120
-63.4498
-63.5797
-63.6765
-63.6843
-56.1313
-56.1356
-56.1296
-56.1332
-63.8841
-64.0869
-68.1983
-69.2232
-70.6234
-70.5292
-70.3482
-69.1816
-69.0365
-68.8300
-68.5535
-68.2191
-67.8344
-67.4062
-66.8731
-64.5825
-64.4527
-65.8893
-56.0443
-56.0452
-56.0468
-56.0475
-56.0489
-63.5321
-63.6215
-63.7451
-63.7779
-63.7849
-56.2165
-56.2224
-56.2251
-56.2215
-63.9523
-64.0733
-67.4574
-68.4080
-69.0867
-69.0266
-69.0531
-69.0041
-68.8882
-68.7110
-68.4764
-68.1838
-67.8407
-67.4354
-66.9793
-66.5028
-64.5906
-65.4680
-56.1339
-56.1357
-56.1377
-56.1387
-56.1399
-56.1439
-63.7326
-63.8504
-63.9471
-63.9443
-56.3012
-56.3084
-56.3119
-56.2974
-63.9628
-64.1037
-67.0163
-67.1821
-67.8534
-68.3871
-68.6760
-68.8382
-68.7514
-68.6036
-68.4006
-68.1482
-67.8515
-67.4785
-67.0733
-66.6526
-64.8851
-65.2343
-56.2192
-56.2237
-56.2257
-56.2266
-56.2278
-56.2321
-63.8377
-63.9528
-64.0479
-64.0477
-56.3851
-56.3933
-56.3707
-56.3680
-63.9559
-63.7957
-64.0324
-66.9970
-67.6505
-68.1023
-68.3992
-68.5356
-68.6315
-68.5108
-68.3339
-68.1137
-67.8186
-67.5227
-67.5073
-67.1795
-64.9954
-56.3429
-64.0325
-64.1235
-64.1477
-64.1459
-56.4667
-56.4425
-56.4352
-56.3811
-63.7191
-63.8552
-64.0577
-66.8011
-67.4241
-67.9601
-68.2802
-68.3021
-68.3835
-68.4263
-68.2870
-68.6034
-68.2358
-67.9306
-67.5798
-67.3449
-65.1069
