-76.4479
-71.6255
-69.4127
-62.7170
-62.5470
-66.9513
-66.0681
-63.6286
-63.3609
-63.1182
-62.8676
-62.6117
-62.4035
-62.2161
-66.7182
-72.1845
-71.9784
-72.0088
-68.9794
-68.2489
-67.8161
-67.6468
-67.6845
-67.8116
-67.9971
-68.2037
-68.4131
-68.6043
-68.8018
-68.9867
-69.1664
-69.3827
-70.0953
-70.2305
-70.3661
-70.5024
-70.6620
-72.1193
-74.8672
-62.9537
-62.6858
-63.7675
-63.4577
-63.2292
-63.0093
-62.7980
-62.5949
-62.4016
-62.2296
-66.8609
-69.9526
-70.3630
-68.5169
-67.8482
-67.3796
-67.1550
-67.1416
-67.2538
-67.4397
-67.6624
-67.8950
-68.1245
-68.3380
-68.5515
-68.7524
-68.9456
-69.1284
-69.3019
-69.5013
-74.3602
-63.0938
-62.8414
-68.5405
-70.6363
-65.7736
-77.0790
-72.2778
-63.8630
-63.6040
-63.3872
-63.1779
-62.9757
-62.7800
-62.5910
-62.4222
-65.6096
-67.0243
-69.0041
-68.2738
-67.6197
-67.1220
-66.8338
-66.7399
-66.8150
-66.9785
-67.1953
-67.4350
-67.6792
-67.9112
-68.1427
-68.4441
-68.6585
-68.8519
-69.0330
-69.2029
-82.3046
-77.6628
-72.1406
-63.1929
-62.9520
-65.7410
-68.6809
-65.9262
-71.2802
-70.2712
-63.9890
-63.7558
-63.5460
-63.3430
-63.1457
-62.9564
-62.7744
-62.6088
-62.4429
-66.1487
-67.1777
-68.0884
-67.5076
-67.0019
-66.6514
-66.4859
-66.4936
-66.6118
-66.8145
-67.1063
-67.3959
-67.6409
-67.8875
-68.1257
-68.3461
-68.5470
-68.7361
-68.9140
-69.1271
-73.7704
-74.1060
-71.5240
-69.6191
-66.6338
-63.0939
-62.9695
-67.6212
-66.1349
-69.4054
-69.5164
-64.2021
-63.9034
-63.7001
-63.5030
-63.3104
-63.1259
-62.9486
-62.7790
-62.6265
-65.5334
-66.5116
-67.3241
-67.4333
-66.9249
-66.6973
-66.4536
-66.4242
-66.4799
-67.3185
-67.5575
-67.7850
-68.0069
-68.2177
-68.4171
-68.6054
-68.8140
-69.1693
-70.4857
-68.8282
-66.7380
-63.2449
-63.0440
-66.7012
-66.3319
-68.5892
-69.0506
-67.5353
-64.0470
-63.8497
-63.6582
-63.4700
-63.2900
-63.1170
-62.9509
-62.8033
-62.6746
-66.2667
-79.4676
-75.3020
-71.6179
-67.4741
-67.6988
-67.9160
-68.1221
-68.3177
-68.5030
-67.1500
-68.4101
-68.4384
-66.8404
-63.3918
-63.1969
-66.1691
-66.5151
-66.1465
-68.7860
-67.6316
-64.1995
-63.9954
-63.8091
-63.6249
-63.4494
-63.3038
-63.1351
-62.9847
-76.3164
-74.3692
-73.2141
-72.0244
-73.6456
-73.5615
-73.3496
-71.7043
-67.4215
-67.6417
-67.8524
-68.0529
-68.2436
-68.4693
-65.9129
-67.2610
-68.0374
-66.9396
-63.5340
-63.3450
-65.4457
-66.6797
-66.2981
-68.6321
-67.7271
-64.3411
-64.1834
-63.9981
-63.8118
-63.6316
-63.4584
-63.2943
-63.1367
-75.2660
-74.9025
-74.7802
-74.7047
-73.4887
-74.3682
-72.2742
-76.4526
-74.2672
-72.6094
-71.7327
-71.3799
-67.6063
-67.8096
-68.0038
-65.1544
-66.4366
-67.2656
-67.0389
-63.6903
-63.4894
-63.3936
-66.5936
-64.5941
-64.3829
-64.1848
-63.9818
-63.7583
-63.6391
-63.4804
-63.3238
-73.3756
-73.4150
-73.5531
-73.5517
-73.2962
-71.8962
-73.6166
-71.2339
-75.0065
-74.2188
-73.6716
-73.3190
-72.4623
-71.8339
-71.4472
-67.5867
-67.7828
-67.9714
-64.4738
-65.8233
-66.6661
-67.1394
-64.1999
-63.6729
-63.4958
-66.4338
-68.1606
-64.4109
-64.3105
-64.1283
-63.9603
-63.7940
-63.6337
-63.4807
-63.3461
-71.2781
-77.7854
-73.5446
-72.0066
-71.1902
-72.8089
-71.5728
-74.4189
-73.5173
-75.2351
-72.3246
-72.1645
-72.0700
-71.8892
-71.5065
-67.5796
-67.7699
-66.4259
-67.0561
-63.8978
-63.6885
-65.8662
-74.9587
-75.0322
-75.1575
-67.9445
-64.6104
-64.4375
-64.2612
-64.0985
-63.9405
-63.7845
-63.6349
-63.5029
-78.1761
-76.0711
-72.3376
-71.5640
-70.6966
-75.9750
-72.7200
-75.5296
-74.4765
-73.5838
-72.8613
-72.3143
-71.9380
-71.5611
-71.1691
-71.6759
-66.6501
-74.1066
-72.2622
-63.7370
-65.8807
-66.9415
-74.2644
-64.8086
-64.5991
-64.4188
-64.2506
-64.0894
-63.9356
-63.7884
-63.6066
-80.9218
-75.7243
-72.6424
-72.0054
-71.2034
-70.3869
-69.7156
-72.6524
-75.9777
-75.5487
-74.6688
-73.9968
-73.3052
-72.7316
-72.2988
-71.9911
-71.6270
-67.7802
-74.1801
-71.0221
-66.1682
-67.3173
-63.9954
-75.1008
-66.7304
-71.4008
-73.7160
-68.4360
-64.7431
-64.5128
-64.3537
-64.2006
-64.0414
-63.8958
-63.7572
-63.6199
-70.7421
-73.1644
-72.3963
-71.6982
-70.9543
-70.1804
-69.6928
-72.2852
-74.2773
-74.3381
-74.0256
-74.1025
-73.4166
-72.9853
-72.7128
-72.5494
-72.4673
-72.3194
-72.0709
-62.5281
-71.3736
-67.0228
-75.4622
-64.0802
-70.0778
-66.6017
-69.4668
-77.0436
-77.1474
-68.3122
-64.7867
-64.6188
-64.4983
-64.3064
-64.1597
-64.0192
-63.8849
-63.7495
-68.4508
-70.7421
-71.6914
-71.5792
-70.8011
-71.9559
-73.2095
-71.8540
-71.9305
-71.7566
-71.7014
-71.7158
-71.7650
-71.8343
-62.6501
-71.4697
-66.4179
-67.1513
-67.8357
-67.9608
-66.1077
-67.0339
-65.0074
-64.8197
-64.6269
-64.4728
-64.3258
-64.1856
-64.0514
-63.9207
-66.4305
-71.0331
-76.1306
-78.9036
-77.2903
-72.1812
-76.6793
-75.4268
-71.0588
-70.9328
-70.9449
-71.0222
-71.1399
-71.2692
-62.7732
-74.9847
-71.3384
-69.7130
-67.1719
-68.4999
-66.9770
-65.0963
-64.9163
-64.7588
-64.6084
-64.4639
-64.3218
-64.1615
-64.0238
-63.9801
-77.8478
-75.8126
-75.2144
-75.6063
-72.5700
-78.5184
-74.3893
-73.5476
-70.2741
-70.3007
-70.3661
-70.4915
-70.4461
-62.9650
-68.5021
-69.5801
-74.9051
-64.3418
-68.2158
-66.9278
-67.5751
-75.6631
-73.7281
-65.2024
-65.0198
-64.8715
-64.7500
-64.5802
-64.4415
-64.2679
-64.1430
-75.9556
-75.1415
-74.6475
-72.2162
-76.0402
-72.5831
-77.5168
-72.4722
-71.4974
-69.4718
-69.6044
-69.7933
-70.0031
-63.0014
-62.9697
-70.5358
-69.1544
-64.3777
-66.5256
-67.3429
-72.0019
-65.2102
-65.0529
-64.8727
-64.7261
-64.5303
-64.3851
-64.2622
-64.1554
-73.9871
-73.9732
-74.1087
-73.6539
-70.5010
-74.8334
-70.3216
-76.7071
-76.6079
-74.5629
-73.8310
-70.9150
-70.7737
-69.2399
-69.4080
-69.6156
-63.1206
-63.0698
-73.4004
-73.4606
-73.2110
-70.6855
-67.5128
-65.3064
-65.1467
-64.9983
-64.7819
-64.6126
-64.5103
-64.3866
-64.2687
-78.9625
-77.4951
-74.1148
-72.6692
-71.4351
-74.6124
-72.9537
-74.2324
-73.7040
-70.6297
-70.4083
-70.4367
-70.5154
-69.3631
-63.2396
-63.1873
-78.1786
-71.7962
-70.4275
-74.2444
-73.6685
-71.5570
-77.7176
-76.6222
-76.2226
-74.3971
-65.4380
-65.2873
-65.0310
-64.8850
-64.7470
-64.6195
-64.4982
-64.3831
-76.0991
-75.5242
-73.5343
-74.9415
-76.0096
-77.9552
-71.4871
-73.8736
-77.9361
-72.6986
-72.0526
-70.0532
-69.9583
-69.7959
-69.9502
-63.3776
-63.2444
-72.0104
-70.6481
-71.9465
-71.5932
-71.2864
-74.5587
-74.5363
-65.5757
-65.2874
-65.1329
-64.9539
-64.8522
-64.7281
-64.6108
-64.5006
-68.7211
-71.2382
-76.4984
-77.7361
-71.6547
-75.6836
-74.2254
-78.2696
-80.8910
-79.1244
-75.8905
-71.6884
-71.1503
-69.8410
-69.6948
-69.6998
-69.8192
-63.4101
-63.3239
-73.9289
-74.7757
-70.9460
-69.9933
-64.8147
-70.3069
-69.4515
-71.1372
-65.6281
-65.3799
-65.2270
-65.0844
-64.9588
-64.8410
-64.5236
-64.6201
-64.5280
-75.9222
-75.5619
-71.3981
-74.2150
-73.5035
-76.1981
-76.3787
-71.4014
-70.9370
-69.5779
-69.5039
-69.5394
-63.5074
-63.4204
-77.7105
-73.3793
-71.4129
-70.1318
-68.1534
-69.1272
-68.5831
-71.2450
-73.8909
-73.7203
-68.9638
-65.4630
-65.3147
-65.1861
-64.8340
-64.9649
-64.8609
-64.7178
-64.6648
-76.5579
-76.5576
-73.9405
-74.9078
-71.3859
-74.2935
-74.3104
-77.0712
-76.9983
-71.2356
-70.7154
-69.3189
-69.1864
-69.2979
-63.6036
-63.4458
-63.3986
-70.7409
-69.2445
-68.1235
-68.5959
-69.5169
-70.0777
-70.9419
-71.4845
-68.9946
-65.5545
-65.1047
-65.3012
-65.1943
-65.0923
-64.9937
-64.8979
-64.8039
-69.7082
-71.4022
-74.6989
-71.9064
-75.2497
-74.4345
-80.8365
-78.3599
-77.7349
-71.1007
-70.6072
-70.1960
-69.2143
-69.0989
-63.5883
-63.5413
-63.4984
-72.2147
-72.6148
-72.2963
-69.8641
-69.6687
-68.5292
-67.9672
-69.2946
-69.5875
-70.3296
-70.6163
-68.3201
-65.6372
-65.5166
-65.4137
-65.3136
-65.2159
-65.1265
-64.9623
-64.8710
-78.7679
-74.4590
-71.9001
-75.2950
-74.5575
-77.1106
-80.1888
-78.2970
-76.8327
-70.5074
-70.1566
-69.1061
-68.7701
-63.6861
-63.6409
-63.5995
-68.7804
-71.5403
-71.2132
-70.3969
-69.5067
-68.9371
-67.1385
-68.8123
-68.6202
-69.7914
-70.2407
-69.0183
-65.7702
-65.6494
-65.5468
-65.3897
-65.2961
-65.2051
-65.1165
-65.0158
-78.9001
-74.9836
-76.5561
-76.3428
-70.0942
-69.7637
-69.5382
-68.8057
-63.7859
-63.7436
-63.7020
-71.1437
-70.1703
-69.3218
-68.5188
-68.6911
-69.6841
-70.1743
-69.1572
-65.7906
-65.7014
-65.6114
-65.5189
-65.4270
-65.3120
-65.2021
-65.0973
-81.2783
-78.2227
-75.3035
-75.5009
-76.9286
-75.5005
-75.5333
-75.5566
-74.8247
-70.1622
-69.8121
-69.5562
-69.3951
-63.8873
-63.8461
-63.8052
-71.0468
-69.8735
-68.5013
-69.9152
-70.3891
-70.7449
-69.1432
-69.6797
-68.9987
-68.1389
-65.8421
-65.7432
-65.6116
-65.4917
-65.1968
-65.1163
-65.0374
-79.4227
-77.7480
-75.0596
-75.0951
-73.6766
-73.8750
-74.9250
-75.1659
-75.2034
-75.2503
-74.8776
-74.1650
-69.8850
-69.6092
-69.4116
-63.9878
-63.9479
-63.9303
-71.9607
-69.3124
-68.9427
-68.5447
-71.1752
-71.0554
-71.0967
-71.5583
-70.2541
-69.2501
-68.3838
-65.9283
-65.7830
-65.4676
-65.3846
-65.3032
-65.2232
-65.1539
-65.0766
-71.8685
-74.0498
-74.1129
-74.2724
-74.3711
-73.7558
-73.5573
-74.6361
-74.6207
-74.8353
-74.9133
-74.9277
-74.2217
-69.9816
-69.6890
-69.4653
-64.0740
-64.0246
-63.8321
-63.8065
-70.2666
-69.9299
-70.1004
-74.8717
-74.2467
-72.4387
-69.1216
-67.9732
-65.7533
-65.6580
-65.5752
-65.4932
-65.4150
-65.3357
-65.4190
-65.3344
-70.0800
-71.8366
-72.5585
-73.0312
-73.5855
-73.7575
-73.3487
-74.1761
-74.3325
-74.3337
-74.5732
-74.6732
-74.2903
-70.0865
-69.7896
-69.5495
-63.9555
-63.9237
-63.9307
-63.9054
-74.9408
-73.3578
-65.4536
-73.3878
-72.6696
-68.4816
-68.0561
-65.8983
-65.7642
-65.6851
-65.7802
-65.6942
-65.6167
-65.5306
-65.4465
-68.2470
-70.1885
-71.3024
-72.0592
-72.5443
-72.9006
-72.9595
-73.6795
-73.8916
-74.0664
-74.0999
-74.3524
-74.3638
-70.2702
-69.9151
-69.8439
-64.0483
-64.0520
-64.0290
-64.0029
-71.1069
-68.3620
-70.0311
-71.3138
-71.8224
-68.9937
-68.1908
-66.1855
-66.1047
-66.0170
-65.8906
-65.8145
-65.7270
-65.6416
-65.5581
-65.4886
-69.1094
-70.2958
-71.1748
-71.7901
-72.2500
-72.6438
-72.9376
-73.1935
-73.4009
-73.5943
-74.4801
-74.7868
-74.5982
-70.2411
-69.9751
-64.1407
-64.1500
-64.1273
-64.0983
-72.2900
-72.1429
-71.9859
-71.2191
-70.2269
-68.4318
-68.5838
-70.0353
-71.8384
-69.5048
-68.6283
-68.2470
-66.1902
-66.1219
-66.0496
-65.9226
-65.8360
-65.7513
-65.6684
-65.5876
-68.4242
-69.5442
-70.4545
-71.1380
-71.6947
-72.1165
-72.8825
-73.2309
-73.5222
-73.7684
-73.9893
-74.1860
-74.3545
-70.5098
-70.2327
-64.2696
-64.2484
-64.2255
-64.1914
-64.1325
-70.8311
-70.9992
-71.1517
-70.6623
-69.8876
-68.8624
-68.1441
-69.6986
-70.8572
-69.4788
-69.1506
-68.3782
-66.2961
-66.2250
-66.1513
-66.0649
-65.9801
-65.8604
-65.7781
-65.6980
-67.9804
-68.9981
-69.9072
-70.8832
-71.5306
-72.0389
-72.4576
-73.1134
-73.4412
-70.8815
-70.5256
-64.3691
-64.3478
-64.3190
-64.2563
-64.2250
-68.8303
-70.2648
-70.7606
-70.9415
-70.1531
-68.9205
-67.3318
-69.1214
-69.7919
-69.5035
-69.1688
-68.4732
-66.4243
-66.3282
-66.2404
-66.1663
-66.0827
-66.0005
-65.8896
-65.9127
-65.8492
-68.8146
-69.7046
-81.5889
-72.7770
-70.6627
-64.4703
-64.4484
-64.4125
-64.3490
-64.3210
-67.5430
-69.4119
-70.3890
-70.6686
-69.9980
-68.9911
-66.0478
-68.6994
-69.6706
-69.5161
-69.2331
-68.9467
-66.5364
-66.4235
-66.3396
-66.4222
-66.3339
-66.2474
-66.1628
-66.0799
-65.9721
-68.5430
-69.3772
-70.0801
-80.9720
-78.3590
-70.7980
-64.5717
-64.5454
-64.6785
-64.6088
-64.5738
-66.5808
-68.3785
-69.4828
-70.1860
-69.9122
-68.9711
-68.0253
-68.4278
-69.3088
-69.5391
-69.3294
-69.3042
-66.8688
-66.7382
-66.6543
-66.5642
-66.4758
-66.3890
-66.2965
-66.2082
-66.1235
-68.2701
-69.0354
-69.6895
-77.2509
-77.3076
-77.2956
-77.3482
-70.8779
-64.8602
-64.8168
-64.7393
-64.7032
-64.6676
-64.6331
-67.7159
-68.7937
-69.5621
-69.8653
-69.0370
-68.3196
-68.2566
-69.2868
-69.8452
-66.9698
-66.7790
-66.7030
-66.5869
-66.4200
-66.3357
-66.2533
-66.1727
-66.1065
-68.7969
-69.4095
-69.9670
-74.1589
-74.9640
-75.3122
-78.4212
-78.3478
-78.2191
-74.4836
-64.9576
-64.9114
-64.8327
-64.7961
-64.7607
-64.7262
-67.2868
-68.3500
-69.0616
-69.8954
-69.3753
-68.7455
-67.9339
-69.1022
-69.8111
-66.9195
-66.8030
-66.6731
-66.5961
-66.5104
-66.4266
-66.3446
-66.1757
-66.1415
-68.4950
-69.0664
-69.5418
-72.7162
-73.7243
-74.2746
-75.7892
-76.3966
-77.2418
-79.2755
-78.6192
-77.2356
-74.8754
-65.0561
-65.0053
-64.9262
-64.8891
-64.8529
-64.9251
-67.0089
-68.2200
-68.9430
-69.4173
-69.4838
-68.9522
-66.4926
-68.9675
-69.6118
-70.2257
-76.0668
-74.6940
-70.2764
-66.8492
-66.6561
-66.5678
-66.4884
-66.4200
-66.3450
-66.2713
-66.2353
-68.3658
-83.7982
-75.2955
-76.1131
-76.3953
-76.6444
-76.8599
-76.8274
-75.0792
