-41.3147 -41.0792 -40.8340 -40.6017 -40.3784 -40.1631 -39.9596 -39.7704 -39.5910 -39.4277 -39.2895 -39.1631 -39.0633 -38.9834 -38.9337 -38.9260 -39.0023 -39.1061 -39.2284 -39.3807 -39.5547 -39.7429 -39.9514 -40.1721 -47.0403 -47.6900 -48.3093 -48.9206 -49.5175 -50.0788 -50.6105 -51.1169 -51.5984 -52.0541 -52.4836 -52.8874 -53.2662 -53.6209 -53.9525 -54.2829
-41.0086 -40.7519 -40.4785 -40.2515 -40.0144 -39.7864 -39.5723 -39.3701 -39.1829 -39.0109 -38.8674 -38.7330 -38.6302 -38.5513 -38.5002 -38.4938 -38.5686 -38.6753 -38.8041 -38.9599 -39.1369 -39.3384 -39.5571 -39.7927 -46.8858 -47.5491 -48.2069 -48.8498 -49.4761 -50.0547 -50.6045 -51.1247 -51.6158 -52.0769 -52.5090 -52.9123 -53.2883 -53.6588 -53.9830 -54.2839
-40.6953 -40.4239 -40.1714 -39.8957 -39.6433 -39.4035 -39.1738 -38.9565 -38.7605 -38.5759 -38.4249 -38.2854 -38.1778 -38.0990 -38.0469 -38.0423 -38.1155 -38.2244 -38.3595 -38.5206 -38.7024 -38.9187 -39.1475 -46.0507 -46.7302 -47.4374 -48.1330 -48.8104 -49.4638 -50.0620 -50.6268 -51.1586 -51.6564 -52.1207 -52.5522 -52.9519 -53.3427 -53.6831 -53.9969 -54.3445
-40.3766 -40.0958 -39.8121 -39.5246 -39.2674 -39.0086 -38.7593 -38.5341 -38.3262 -38.1291 -37.9659 -37.8210 -37.7062 -37.6265 -37.5731 -37.5714 -37.6437 -37.7541 -37.8961 -38.0638 -38.2628 -38.4877 -38.7324 -45.8492 -46.6052 -47.3593 -48.0962 -48.8091 -49.4853 -50.1023 -50.6811 -51.2215 -51.7228 -52.1864 -52.6355 -53.0270 -53.3854 -53.7737 -54.1295 -54.7127
-40.0513 -39.7551 -39.4569 -39.1658 -38.8750 -38.6020 -38.3409 -38.0948 -37.8667 -37.6616 -37.4858 -37.3363 -37.2133 -37.1336 -37.0777 -37.0797 -37.1512 -37.2624 -37.4112 -37.5924 -37.8009 -38.0406 -38.3028 -45.7231 -46.5224 -47.3261 -48.1057 -48.8548 -49.5485 -50.1823 -50.7717 -51.3161 -51.8166 -52.2972 -52.7142 -53.1363 -53.5590 -54.1923 -56.5856 -56.6683
-39.7339 -39.4137 -39.1026 -38.7904 -38.4801 -38.1885 -37.9038 -37.6352 -37.3969 -37.1724 -36.9783 -36.8240 -36.6955 -36.6143 -36.5566 -36.5628 -36.6321 -36.7436 -36.9025 -37.0959 -37.3151 -37.5689 -45.2919 -45.6252 -46.4929 -47.3502 -48.1736 -48.9550 -49.6616 -50.3080 -50.9023 -51.4694 -51.9629 -52.4310 -52.9166 -53.6363 -56.2090 -56.3142 -56.4175 -56.5107
-39.4140 -39.0840 -38.7445 -38.4216 -38.0943 -37.7702 -37.4663 -37.1785 -36.9137 -36.6812 -36.4645 -36.2996 -36.1588 -36.0717 -36.0178 -36.0266 -36.0943 -36.2088 -36.3805 -36.5786 -36.8234 -37.0952 -45.0171 -45.5961 -46.5364 -47.4484 -48.3115 -49.1203 -49.8333 -50.4856 -51.1010 -51.6352 -52.2029 -53.0303 -55.8293 -55.9861 -56.1234 -56.2323 -56.3163 -56.3822
-39.0885 -38.7370 -38.3849 -38.0302 -37.6874 -37.3532 -37.0158 -36.7045 -36.4166 -36.1531 -35.9333 -35.7503 -35.5972 -35.5031 -35.4533 -35.4645 -35.5320 -35.6533 -35.8312 -36.0480 -36.3093 -36.6031 -44.8960 -45.6636 -46.6774 -47.6388 -48.5346 -49.3517 -50.0939 -50.7419 -51.4142 -52.3507 -55.4410 -55.7061 -55.9095 -56.0476 -56.1351 -56.1874 -56.2176 -56.1784
-38.7062 -38.3301 -38.0333 -37.6590 -37.2892 -36.9261 -36.5627 -36.2247 -35.9028 -35.6203 -35.3779 -35.1748 -35.0137 -34.9091 -34.8621 -34.8755 -34.9440 -35.0723 -35.2586 -35.4983 -35.7750 -43.7588 -45.0030 -45.8645 -46.9441 -47.9437 -48.8598 -49.6933 -50.4747 -51.5680 -55.1086 -55.5796 -55.8776 -56.0474 -56.1312 -56.1554 -56.1441 -56.1137 -56.0037 -55.9777
-38.4602 -38.0657 -37.6655 -37.2692 -36.8729 -36.4811 -36.0910 -35.7152 -35.3778 -35.0577 -34.7885 -34.5598 -34.3918 -34.2811 -34.2374 -34.2547 -34.3205 -34.4555 -34.6523 -34.9075 -35.2173 -43.8393 -45.4420 -46.2501 -47.3732 -48.4129 -49.3780 -50.7031 -56.1309 -56.3305 -56.4574 -56.5089 -56.4947 -56.4290 -56.3278 -56.2074 -56.0824 -55.8658 -55.7790 -55.6989
-38.2053 -37.8023 -37.3820 -36.9598 -36.5419 -36.1095 -35.6867 -35.2690 -34.8909 -34.5346 -34.2286 -33.9634 -33.7787 -33.6454 -33.5933 -33.6118 -33.6839 -33.8410 -34.0579 -34.3544 -42.3485 -44.5479 -45.6240 -46.8802 -48.0271 -49.6931 -59.7063 -58.9848 -57.9053 -57.3926 -57.0963 -56.8673 -56.6484 -56.4239 -56.1961 -55.9768 -55.7774 -55.6068 -55.2760 -55.0755
-37.8981 -37.4550 -37.0257 -36.5780 -36.1237 -35.6699 -35.2195 -34.7715 -34.3378 -33.9506 -33.6008 -33.3176 -33.1099 -32.9737 -32.9155 -32.9439 -33.0114 -33.1732 -33.4081 -33.7332 -43.5907 -45.2864 -46.6375 -48.4403 0.0000 0.0000 0.0000 -59.8595 -59.1605 -58.3654 -57.7935 -57.3179 -56.8830 -56.4728 -56.0937 -55.7105 -55.4180 -54.8539 -54.5989 -54.4142
-37.6336 -37.1840 -36.7183 -36.2576 -35.7795 -35.2899 -34.8026 -34.3056 -33.8318 -33.3821 -32.9946 -32.6670 -32.4243 -32.2703 -32.2088 -32.2386 -32.3083 -32.4904 -32.7651 -33.1142 -46.0483 0.0000 0.0000 0.0000 0.0000 0.0000 0.0000 -61.3580 -59.7963 -59.1292 -58.3242 -57.5681 -56.7996 -56.1650 -55.6449 -55.2265 -54.4381 -54.1101 -53.8732 -53.7119
-37.3727 -36.9112 -36.4409 -35.9490 -35.4542 -34.9399 -34.4145 -33.8801 -33.3546 -32.8381 -32.3850 -32.0080 -31.7294 -31.5426 -31.4760 -31.5067 -31.5873 -31.7945 -32.1006 0.0000 0.0000 0.0000 0.0000 0.0000 0.0000 0.0000 0.0000 0.0000 -60.7700 -59.4569 -58.4434 -57.4039 -56.5179 -55.7691 -55.1514 -54.0470 -53.6142 -53.3037 -53.0941 -52.9681
-37.1452 -36.6704 -36.1852 -35.6787 -35.1559 -34.6304 -34.0727 -33.5054 -32.9191 -32.3410 -31.8221 -31.3830 -31.0518 -30.8330 -30.7415 -30.7700 -30.8705 -31.1117 -31.4747 -31.9553 0.0000 0.0000 0.0000 0.0000 0.0000 0.0000 0.0000 0.0000 -61.3245 -59.9194 -58.5517 -57.3138 -56.2156 -55.2779 -54.4205 -53.1218 -52.7025 -52.4246 -52.2597 -50.4247
-36.9146 -36.4449 -35.9631 -35.4567 -34.9267 -34.3770 -33.8083 -33.1955 -32.5596 -31.9188 -31.3184 -30.8079 -30.4119 -30.1428 -30.0177 -30.0350 -30.1703 -30.4597 -30.8862 -31.4476 0.0000 0.0000 0.0000 0.0000 0.0000 0.0000 0.0000 0.0000 0.0000 -60.3325 -58.7825 -57.2186 -55.7297 -54.3293 -52.6579 -52.0660 -51.6862 -51.4684 -49.7025 -49.8542
-36.7166 -36.2398 -35.7523 -35.2617 -34.7407 -34.2013 -33.6200 -33.0007 -32.3124 -31.6183 -30.9385 -30.3460 -29.8833 -29.5515 -29.3739 -29.3748 -29.5592 -29.9212 -30.4221 -31.0728 -31.8056 0.0000 0.0000 0.0000 0.0000 0.0000 0.0000 0.0000 0.0000 -60.9814 -59.0193 -56.9212 -54.6915 -52.2886 -51.3895 -50.8457 -48.8141 -48.9468 -49.1216 -49.3290
-36.5169 -36.0430 -35.5661 -35.0873 -34.6027 -34.0970 -33.5530 -32.9339 -32.2515 -31.5078 -30.7606 -30.0974 -29.5475 -29.1421 -28.8962 -28.8678 -29.1332 -29.5791 -30.1801 -30.9068 -31.6810 0.0000 0.0000 0.0000 0.0000 0.0000 0.0000 0.0000 0.0000 0.0000 -59.7075 -56.3865 -52.2345 -50.6672 -47.9038 -47.9712 -48.1284 -48.3372 -48.5841 -48.8592
-36.3293 -35.8514 -35.3769 -34.9302 -34.4898 -34.0422 -33.5818 -33.0327 -32.3694 -31.6280 -30.8783 -30.1621 -29.5459 -29.0672 -28.7766 -28.7422 -29.0537 -29.5689 -30.2763 -31.0407 -31.8101 -32.5655 0.0000 0.0000 0.0000 0.0000 0.0000 0.0000 0.0000 0.0000 -61.2554 -55.8229 -49.8914 -46.9339 -47.0422 -47.2407 -47.5029 -47.8090 -48.1445 -48.4974
-36.1288 -35.6471 -35.1920 -34.7556 -34.3540 -33.9975 -33.6441 -33.2315 -32.6591 -31.9322 -31.1908 -30.4888 -29.8722 -29.4857 -29.3735 -29.4370 -29.5828 -29.9757 -30.6481 -31.3835 -32.0847 -32.7599 0.0000 0.0000 0.0000 0.0000 0.0000 0.0000 0.0000 0.0000 0.0000 -45.8917 -45.8572 -46.0115 -46.2890 -46.6433 -47.0418 -39.1548 -39.6353 -40.0547
-35.9097 -35.4287 -34.9674 -34.5368 -34.1693 -33.8743 -33.6296 -33.3455 -32.8479 -32.1693 -31.5510 -31.1621 -31.0250 -31.2473 -31.7731 -32.0802 -31.7147 -31.5038 -31.6172 -31.8634 -32.2384 -32.7549 -33.2312 -33.4493 0.0000 0.0000 0.0000 0.0000 0.0000 -44.7568 -44.6535 -44.6042 -44.9005 -37.1828 -37.6849 -38.1118 -38.5284 -39.0377 -39.4757 -39.9101
-35.6735 -35.1676 -34.6792 -34.2421 -33.8713 -33.5785 -33.3850 -33.1704 -32.7346 -32.2654 -32.2986 -33.0832 -34.4638 -36.3581 -38.5033 -39.5687 -37.6418 -36.0213 -34.2839 -33.0336 -32.3660 -32.4560 -32.8192 -32.9849 0.0000 0.0000 0.0000 -44.3516 -43.0486 -34.9017 -35.3934 -35.9107 -36.4296 -36.9424 -37.4556 -37.9032 -38.4151 -38.8756 -39.3349 -39.7793
-35.4070 -34.8628 -34.3379 -33.8506 -33.4220 -33.0782 -32.8429 -32.6679 -32.3983 -32.3551 -33.5383 -36.7122 -42.4279 -43.4666 -42.6139 -42.8568 -43.6350 -43.5866 -39.3815 -34.9196 -32.5471 -31.9913 -32.1464 -32.2610 -32.3925 -32.6838 -33.0397 -33.5087 -34.0194 -34.5558 -35.1077 -35.6624 -36.2048 -36.7746 -37.2520 -37.7118 -38.2683 -38.7503 -39.2189 -39.6632
-35.1374 -34.5415 -33.9695 -33.4057 -32.8814 -32.4450 -32.1172 -31.9560 -31.8514 -32.1687 -34.2777 -40.0904 -42.1883 -39.0135 -37.4817 -37.9579 -39.3338 -38.2389 -48.0940 -36.1130 -32.3622 -31.3639 -31.3653 -31.4554 -31.6785 -32.0635 -32.5516 -33.1058 -33.6828 -34.2713 -34.8613 -35.4437 -36.0163 -36.5812 -37.0741 -37.6356 -38.1372 -38.6319 -39.1052 -39.5583
-34.8776 -34.2489 -33.6114 -32.9747 -32.3621 -31.8042 -31.3762 -31.1466 -31.0815 -31.4182 -33.5990 -40.3414 -39.9931 -38.6713 -31.6996 -31.1916 -35.1462 -38.9443 -44.0535 -35.6077 -31.5891 -30.5901 -30.5710 -30.7008 -31.0288 -31.5328 -32.1097 -32.7421 -33.3792 -34.0203 -34.6503 -35.2584 -35.8813 -36.4114 -36.9168 -37.5200 -38.0398 -38.5373 -39.0111 -39.4750
-34.6544 -33.9833 -33.2878 -32.5975 -31.9134 -31.2725 -30.7234 -30.3698 -30.2251 -30.4135 -32.2124 -37.8730 -44.0514 -38.0599 -34.9387 -30.7108 -37.1039 -39.4470 -43.0228 -34.0339 -30.5878 -29.8179 -29.8472 -30.0777 -30.5320 -31.1211 -31.7886 -32.4725 -33.1568 -33.8331 -34.4863 -35.1169 -35.7269 -36.2708 -36.8855 -37.4312 -37.9564 -38.4556 -38.9415 -39.4125
-34.4797 -33.7839 -33.0676 -32.3431 -31.6062 -30.8912 -30.2637 -29.7676 -29.4891 -29.5609 -30.8482 -35.0689 -48.7050 -40.2900 -37.1016 -35.9401 -38.3478 -44.9040 -39.4631 -32.3033 -29.7477 -29.2074 -29.3141 -29.6814 -30.2327 -30.8880 -31.5958 -32.3160 -33.0318 -33.7260 -34.3920 -35.0550 -35.6369 -36.2548 -36.8222 -37.3754 -37.9014 -38.4060 -38.8971 -39.3666
-34.3722 -33.6749 -32.9482 -32.2020 -31.4666 -30.7324 -30.0450 -29.4495 -29.0437 -28.9683 -29.7815 -32.3830 -37.9277 -44.8149 -38.9518 -38.0621 -41.3565 -42.8522 -34.7167 -30.8720 -29.1355 -28.8165 -29.0519 -29.5258 -30.1422 -30.8351 -31.5618 -32.2805 -32.9963 -33.6972 -34.3909 -35.0049 -35.5830 -36.2201 -36.7986 -37.3491 -37.8705 -38.3827 -38.8708 -39.3369
-34.3670 -33.6563 -32.9492 -32.2150 -31.4826 -30.7451 -30.0410 -29.4073 -28.8990 -28.6735 -29.0794 -30.3301 -33.1012 -38.0549 -45.2954 -49.9052 -41.6636 -35.7683 -31.7044 -29.6941 -28.8448 -28.7097 -29.0658 -29.6096 -30.2453 -30.9418 -31.6500 -32.3614 -33.0643 -33.7421 -34.4159 -35.0197 -35.6522 -36.2419 -36.8105 -37.3501 -37.8766 -38.3835 -38.8654 -39.3256
-34.3931 -33.7269 -33.0418 -32.3385 -31.6188 -30.9203 -30.2307 -29.6029 -29.0856 -28.8471 -29.0131 -29.6135 -30.9197 -33.2836 -36.2305 -37.4021 -35.3422 -32.4999 -30.5151 -29.4811 -29.0262 -29.0019 -29.3446 -29.8801 -30.5118 -31.1741 -31.8506 -32.5376 -33.2131 -33.8803 -34.4942 -35.1250 -35.7239 -36.3019 -36.8600 -37.3926 -37.9078 -38.4070 -38.8827 -39.3438
-34.4996 -33.8736 -33.2109 -32.5474 -31.8769 -31.2274 -30.5579 -29.9480 -29.4634 -29.2139 -29.3011 -29.7401 -30.4776 -31.5762 -32.8371 -33.3981 -32.7401 -31.5479 -30.5424 -29.8334 -29.4503 -29.4638 -29.7883 -30.2872 -30.9049 -31.5172 -32.1509 -32.7891 -33.4270 -34.0504 -34.6407 -35.2615 -35.8403 -36.3946 -36.9230 -37.4575 -37.9638 -38.4502 -38.9246 -39.3795
-34.6527 -34.0631 -33.4478 -32.8418 -32.2080 -31.5614 -30.9474 -30.3920 -29.9630 -29.7206 -29.7675 -30.1545 -30.7875 -31.4448 -32.0369 -32.3292 -32.1782 -31.6540 -30.9908 -30.3569 -30.0290 -30.0528 -30.3348 -30.7869 -31.3264 -31.9189 -32.5321 -33.1097 -33.7020 -34.2780 -34.8622 -35.4279 -35.9822 -36.5219 -37.0482 -37.5586 -38.0459 -38.5168 -38.9780 -39.4246
-34.8794 -34.3148 -33.7407 -33.1544 -32.5663 -31.9790 -31.4269 -30.9284 -30.5436 -30.3211 -30.3440 -30.6685 -31.2499 -31.8941 -32.4039 -32.6316 -32.5460 -32.1075 -31.4916 -30.9671 -30.7070 -30.7145 -30.9599 -31.3503 -31.8214 -32.3537 -32.9113 -33.4762 -34.0175 -34.5553 -35.1016 -35.6435 -36.1614 -36.6761 -37.1793 -37.6734 -38.1494 -38.6134 -39.0609 -39.4891
-35.1399 -34.5948 -34.0630 -33.5221 -32.9804 -32.4489 -31.9491 -31.5229 -31.1837 -30.9903 -31.0190 -31.2718 -31.7640 -32.3839 -32.9365 -33.1835 -33.0460 -32.6018 -32.0666 -31.6549 -31.4454 -31.4514 -31.6411 -31.9675 -32.3875 -32.8599 -33.3513 -33.8635 -34.3670 -34.8840 -35.3769 -35.8809 -36.3702 -36.8712 -37.3444 -37.8136 -38.2704 -38.7159 -39.1495 -39.5726
-35.4252 -34.9328 -34.4176 -33.9345 -33.4424 -32.9651 -32.5274 -32.1436 -31.8608 -31.7011 -31.7286 -31.9336 -32.3160 -32.8246 -33.2889 -33.5203 -33.4294 -33.0957 -32.7011 -32.3854 -32.2264 -32.2160 -32.3678 -32.6243 -32.9829 -33.3907 -33.8472 -34.2890 -34.7446 -35.2284 -35.6964 -36.1508 -36.6105 -37.0762 -37.5291 -37.9808 -38.4147 -38.8417 -39.2596 -39.6662
-35.7587 -35.2927 -34.8042 -34.3720 -33.9360 -33.5095 -33.1229 -32.8004 -32.5560 -32.4395 -32.4441 -32.5941 -32.8837 -33.2559 -33.5928 -33.7749 -33.7603 -33.5787 -33.3218 -33.1017 -32.9764 -32.9831 -33.0884 -33.3122 -33.6029 -33.9578 -34.3516 -34.7466 -35.1913 -35.6189 -36.0491 -36.4686 -36.8946 -37.3013 -37.7329 -38.1596 -38.5745 -38.9887 -39.3881 -39.7791
-36.1090 -35.6857 -35.2653 -34.8110 -34.4488 -34.0653 -33.7290 -33.4482 -33.2517 -33.1476 -33.1510 -33.2512 -33.4457 -33.7054 -33.9452 -34.0913 -34.1240 -34.0505 -33.9152 -33.7741 -33.7074 -33.7210 -33.8107 -33.9959 -34.2402 -34.5595 -34.8760 -35.2534 -35.6394 -36.0348 -36.4190 -36.8246 -37.2126 -37.5979 -37.9745 -38.3521 -38.7515 -39.1452 -39.5243 -39.9107
-36.4871 -36.1011 -35.7034 -35.3302 -34.9492 -34.6484 -34.3354 -34.0987 -33.9207 -33.8219 -33.8137 -33.8848 -34.0142 -34.1936 -34.3640 -34.4868 -34.5390 -34.5346 -34.4729 -34.4130 -34.3897 -34.4195 -34.5154 -34.6625 -34.8800 -35.1352 -35.4006 -35.7632 -36.1043 -36.4618 -36.8234 -37.1891 -37.5565 -37.9143 -38.2668 -38.6171 -38.9524 -39.3085 -39.6829 -40.0533
-36.8804 -36.5119 -36.1634 -35.8135 -35.4535 -35.1978 -34.9406 -34.7328 -34.5778 -34.4862 -34.4504 -34.4929 -34.5849 -34.7069 -34.8298 -34.9330 -34.9997 -35.0326 -35.0296 -35.0300 -35.0387 -35.0860 -35.1857 -35.3169 -35.5230 -35.7087 -35.9818 -36.2678 -36.5873 -36.9012 -37.2398 -37.5802 -37.9141 -38.2474 -38.5810 -38.9045 -39.2264 -39.5418 -39.8541 -40.1990
-37.2747 -36.9435 -36.6221 -36.3091 -36.0239 -35.7293 -35.5448 -35.3372 -35.2024 -35.1028 -35.0759 -35.0797 -35.1476 -35.2454 -35.3228 -35.4177 -35.4862 -35.5408 -35.5853 -35.6136 -35.6523 -35.7195 -35.8112 -35.9825 -36.1067 -36.2634 -36.5345 -36.7886 -37.0671 -37.3567 -37.6614 -37.9754 -38.2849 -38.5973 -38.9005 -39.2117 -39.5081 -39.8120 -40.1092 -40.4025
