-65.0499 -64.9585 -64.9145 -66.9317 -66.8865 -66.8287 -66.7669 -66.5929 -66.5423 -66.4960 -66.4551 -66.4208 -66.3947 -66.3789 -66.3765 -66.3941 -66.4393 -66.5084 -66.6204 -66.7944 -66.7088 -67.4893 -68.3293 -69.7786 0.0000 0.0000 0.0000 0.0000 -66.1329 -66.3584 -66.6747 -67.1294 -67.7953 -68.7356 -72.2732 -74.4302 0.0000 0.0000 0.0000 0.0000
-67.3909 -67.2147 -67.1628 -67.1133 -67.0657 -67.0316 -66.9913 -66.9550 -66.9179 -66.8933 -66.8765 -66.8693 -66.8738 -66.8930 -66.9306 -66.9914 -67.0822 -66.8767 -67.4306 -67.7578 -68.2194 -68.8986 -69.9059 -73.1881 0.0000 0.0000 0.0000 0.0000 -66.9237 -67.2206 -67.6141 -68.1367 -68.8308 -69.0958 -69.9900 -72.2218 0.0000 0.0000 0.0000 0.0000
-67.5238 -67.4800 -67.4393 -67.4014 -67.3659 -67.3212 -67.2288 -67.1354 -67.0403 -66.9440 -66.8406 -66.7419 -66.6420 -66.2687 -66.1778 -66.3625 -66.2900 -66.2208 -66.1555 -66.0951 -66.0391 -65.9879 -65.9386 -65.8922 -65.7854 -65.6810 -65.5737 -65.2469 -65.1622 -65.0786 -64.9960 -64.9140 -64.8178 -64.7025 -64.5859 -64.4679 -64.3486 -64.2278 -64.1055 -63.9816
-67.5850 -67.4940 -67.4018 -67.3085 -67.2141 -67.1186 -67.0325 -66.9334 -66.8341 -66.7315 -66.3707 -66.2753 -66.4362 -66.3510 -66.2667 -66.1833 -66.1010 -66.0202 -65.9400 -65.8621 -65.7844 -65.7052 -65.6221 -65.4917 -65.3501 -65.0715 -64.9586 -64.8423 -64.7219 -64.5965 -64.4590 -64.2934 -64.1158 -63.9233 -63.7104 -63.4692 -60.9423 -60.8070 -60.6686 -60.5259
-67.4175 -67.3230 -67.2271 -67.1307 -67.0314 -66.9307 -66.8288 -66.4915 -66.6378 -66.5485 -66.4570 -66.3650 -66.2726 -66.1752 -66.0821 -65.9889 -65.8953 -65.8014 -65.7067 -65.6106 -65.5121 -65.3994 -65.2526 -64.9812 -64.8502 -64.7180 -64.5782 -64.4316 -64.2740 -64.0884 -63.8895 -61.5279 -61.4015 -61.2734 -61.1433 -61.0112 -60.8763 -60.7380 -60.5948 -60.3608
-67.2388 -67.1403 -67.0404 -66.7123 -66.6173 -66.7555 -66.6645 -66.5828 -66.4878 -66.3918 -66.2946 -66.1960 -66.0962 -65.9952 -65.8928 -65.7853 -65.6799 -65.5724 -65.4625 -65.3492 -65.2151 -64.9491 -64.8119 -64.6692 -64.5205 -62.1980 -62.0856 -61.9664 -61.8460 -61.7242 -61.6009 -61.4762 -61.3498 -61.2212 -61.0908 -60.9579 -60.7230 -60.5990 -60.4743 -60.3489
-66.8446 -66.7619 -66.8831 -66.7920 -66.6977 -66.6025 -66.5195 -66.4210 -66.3327 -66.2309 -66.1275 -66.0224 -65.9148 -65.8054 -65.6937 -65.5795 -65.4623 -65.3391 -65.2148 -65.0640 -62.6959 -62.5921 -62.4874 -62.3821 -62.2743 -62.1577 -62.0409 -61.9223 -61.8025 -61.6815 -61.5590 -61.4351 -61.3095 -61.1819 -60.9572 -60.8379 -60.7181 -60.5978 -60.4773 -60.3564
-66.9431 -66.8609 -66.7657 -66.6692 -66.5712 -66.4719 -66.3589 -66.2559 -66.1516 -66.0715 -65.9631 -65.8525 -65.7392 -71.9473 0.0000 0.0000 0.0000 0.0000 -62.8774 -62.7756 -62.6735 -62.5705 -62.4641 -62.3510 -62.2370 -62.1215 -62.0057 -61.8885 -61.7701 -61.6504 -61.5294 -61.4071 -61.1907 -61.0761 -60.9611 -60.8459 -60.7305 -53.4612 -53.3139 -53.1901
-66.8177 -66.7204 -66.6328 -66.5324 -66.4302 -66.3264 -66.2208 -66.1130 -68.6051 -69.0314 -69.8649 -71.7463 -72.0821 -74.9409 0.0000 0.0000 0.0000 0.0000 -62.8630 -62.7631 -62.6595 -62.5508 -68.4957 -74.4420 0.0000 -68.4626 0.0000 0.0000 0.0000 -73.5990 -67.7327 0.0000 0.0000 0.0000 0.0000 -71.4406 0.0000 0.0000 0.0000 0.0000
-66.6958 -66.5951 -68.7301 -68.8150 -68.9146 -69.0595 -69.2695 -69.5770 -70.0364 -70.6053 -70.5905 -70.5392 -70.8138 -70.7245 -70.6349 -70.5454 -70.4702 -70.3817 -65.7511 -66.6332 -67.4776 -68.7199 -71.2775 -74.5461 0.0000 -73.0063 0.0000 0.0000 0.0000 -73.6818 -72.8281 0.0000 0.0000 0.0000 0.0000 -70.8874 0.0000 -68.9715 0.0000 0.0000
-69.2068 -69.2744 -69.3672 -69.4937 -69.6845 -69.9125 -70.2200 -70.2209 -70.1061 -69.9655 -70.0358 -69.9385 -69.6890 -69.3725 -68.9451 -66.1910 -66.4742 -66.8273 -67.5921 -67.9762 -68.8534 -70.4956 -72.3590 -74.6494 0.0000 -73.2998 0.0000 -73.3974 0.0000 -71.9764 -73.0177 0.0000 -72.9723 0.0000 -71.5332 -70.8608 0.0000 -69.3539 0.0000 -70.7899
-69.7228 -69.8278 -69.9630 -70.1361 -70.1210 -69.9949 -69.8571 -69.7046 -69.5332 -69.5163 -69.2945 -66.3569 -66.4926 -66.6575 -66.8787 -67.0631 -67.4883 -68.0946 -68.3056 -68.9632 -70.1844 -71.4360 -72.9762 -74.7519 0.0000 -73.6120 0.0000 -73.1669 0.0000 -71.7956 -73.2550 0.0000 -71.9903 0.0000 -69.1651 -70.9707 0.0000 -69.7506 0.0000 -68.2755
-70.2133 -70.1134 -69.9870 -69.8515 -69.7050 -69.5670 -69.3898 -69.1914 -66.6654 -66.7535 -66.8533 -66.9836 -67.1706 -67.3885 -71.1987 -77.1544 0.0000 0.0000 0.0000 -66.1992 -66.1341 -66.0689 -65.9999 -65.9586 -69.0524 -69.4856 -70.4221 -72.5501 0.0000 -65.4154 -65.3716 -65.3162 -65.2558 -65.1990 -69.5225 -71.0415 0.0000 -65.0181 -64.9821 -64.9656
-69.9085 -69.8008 -69.6522 -69.4919 -69.3175 -66.8432 -66.9906 -67.0771 -67.1639 -67.2681 -67.3990 -67.5620 -67.6459 -71.6940 -73.6171 -75.7975 0.0000 0.0000 0.0000 -70.7900 -71.6288 -72.6084 -73.7078 -74.9043 0.0000 -65.5099 -65.4143 -65.3396 -65.2670 -65.1380 -65.0619 -64.9870 -64.9110 -64.8371 -64.7486 -64.6924 -64.6299 -64.5692 -64.5153 -64.4629
-69.6213 -67.0669 -67.0915 -67.1262 -67.1903 -67.3369 -67.4351 -67.5186 -67.6217 -67.7461 -67.8974 -69.4550 -69.9314 -70.4254 -71.4586 -73.6768 0.0000 0.0000 0.0000 -71.3413 -72.1114 -72.9876 -73.0660 -74.9896 0.0000 0.0000 0.0000 0.0000 -64.9779 -64.8447 -64.7636 -64.6557 -64.5639 -64.4726 -64.3734 -64.2930 -64.2065 -64.1195 -64.0357 -63.9495
-67.0273 -66.9543 -66.8805 -66.8063 -66.8061 -66.7273 -66.6387 -66.5761 -66.4846 -66.3109 -66.3160 -66.2517 -66.1817 -66.1077 -66.0348 -65.9475 -65.8585 -65.7623 -65.6540 -65.5660 -65.4724 -65.3784 -65.2842 -65.1898 -65.0961 -65.0009 -64.9033 -64.8025 -64.6917 -64.5530 -64.4521 -64.3439 -64.2237 -64.1153 -64.0033 -63.8952 -63.7815 -63.6679 -63.5536 -63.4283
-66.9119 -66.8356 -66.7591 -66.7535 -66.6659 -66.5751 -66.4827 -66.3884 -66.2328 -66.2309 -66.1774 -66.1023 -66.0245 -65.9338 -65.8422 -65.7682 -65.6771 -65.5820 -65.4535 -65.3567 -65.2708 -65.2961 -65.4194 -72.8793 0.0000 0.0000 0.0000 -67.7230 -65.1125 -65.0310 -64.9502 -64.8816 -64.7940 -64.6894 -64.5628 -64.4831 -64.3989 -64.3113 -64.2277 -64.1486
-69.1560 -69.2013 -69.1629 -69.0945 -69.0477 -69.0071 -68.8397 -68.9759 -69.0089 -69.0879 -69.1846 -69.3389 -69.5766 -70.0585 -70.9378 -73.1430 -77.2762 0.0000 0.0000 -70.4336 -68.0818 -68.2676 -68.4412 -68.5716 -68.9029 -69.4469 -70.2659 -71.3740 -72.6311 -72.9656 0.0000 -64.5618 -64.4510 -64.3002 -64.1922 -64.0888 -63.9780 -63.8683 -63.7499 -63.6371
-69.7234 -69.6725 -69.6147 -69.5996 -69.4346 -69.4589 -69.6624 -69.7181 -69.8346 -70.0194 -70.2527 -70.5872 -71.0726 -71.8258 -73.0374 -74.4581 -77.1954 0.0000 0.0000 -69.7807 -70.3287 -71.1468 -72.2484 -73.5554 -75.4122 0.0000 -73.8573 0.0000 -72.0731 -73.9003 0.0000 -67.3024 -67.7577 -68.3369 -69.2983 -70.5928 -72.4124 0.0000 -68.3902 0.0000
-68.7264 -68.6491 -68.5556 -68.3467 -68.4044 -68.3593 -68.3167 -68.2787 -68.2505 -68.2245 -68.1990 -68.1817 -68.1739 -68.1835 -68.2159 -68.2793 -68.3843 -68.5465 -68.7870 -69.1375 -69.6969 -70.4898 -71.5716 -73.0537 -74.8907 0.0000 -73.3473 0.0000 -71.7327 -73.6751 0.0000 -66.8687 -67.3290 -67.9522 -74.2044 0.0000 -71.8764 0.0000 -71.2799 0.0000
-68.4725 -68.2756 -68.2035 -68.2149 -68.1394 -68.0836 -68.0305 -67.9800 -67.9329 -67.8912 -67.8477 -67.8280 -67.8090 -67.8086 -67.8201 -67.8781 -67.9811 -68.1454 -68.3939 -68.7591 -69.2803 -70.0190 -71.1111 -72.5953 -74.3634 0.0000 -73.3379 0.0000 -71.3359 -73.2183 0.0000 -66.6807 -70.0490 -71.5078 -73.7287 0.0000 -71.5983 0.0000 -70.9204 0.0000
-68.1311 -68.1500 -68.0744 -68.0002 -67.9049 -67.8244 -67.7627 -67.7047 -67.6488 -67.5946 -67.5497 -67.5290 -67.5135 -67.5207 -67.5579 -67.6341 -67.7618 -67.9436 -68.2277 -68.6308 -69.1896 -69.9475 -70.9559 -72.1994 -72.8393 -73.3682 -73.0669 0.0000 -71.0068 0.0000 0.0000 -68.9218 -69.9951 -74.4271 0.0000 0.0000 0.0000 0.0000 -73.9022 0.0000
-67.8318 -67.7585 -67.6846 -67.6099 -67.5346 -67.4376 -67.3504 -67.2721 -67.1915 -67.1104 -67.0289 -66.9471 -66.8757 -66.7922 -66.7082 -66.6242 -66.5398 -66.4553 -66.3708 -66.2853 -66.1987 -66.1016 -66.0165 -65.9346 -65.8459 -65.7423 -65.6492 -65.5565 -65.4153 -65.3528 -65.2498 -65.1082 -64.9742 -64.8960 -64.7728 -64.6334 -64.5252 -64.4159 -64.2933 -64.1527
-67.7225 -67.6465 -67.5699 -67.4925 -67.4132 -67.3315 -67.2246 -67.1404 -67.0435 -66.9597 -66.8756 -66.7912 -66.7063 -66.6312 -66.5463 -66.4600 -66.3716 -66.2810 -66.1901 -66.0989 -66.0077 -65.9165 -65.8248 -65.7385 -65.6321 -65.5247 -65.4239 -65.3217 -65.1786 -65.1027 -64.9800 -64.8606 -64.7013 -64.6072 -64.4874 -64.3622 -64.1965 -64.0706 -63.9419 -63.7989
-67.6127 -67.5341 -67.4547 -67.3739 -67.2880 -67.1985 -67.1082 -67.0000 -66.9128 -66.8126 -66.7261 -66.6390 -66.5514 -66.4636 -66.3817 -66.2910 -66.2002 -66.1076 -66.0129 -65.9179 -65.8222 -65.7256 -65.6283 -65.5303 -65.4284 -65.3228 -65.2139 -65.0971 -64.9444 -64.8491 -64.7249 -64.5972 -64.4517 -64.3399 -64.1880 -64.0528 -63.9120 -63.7319 -63.5855 -63.4327
-67.5030 -67.4217 -67.3390 -67.2499 -67.1600 -67.0690 -66.9767 -66.8834 -66.7735 -66.6834 -66.5922 -66.4883 -66.3959 -66.3029 -66.2173 -66.1235 -66.0292 -65.9345 -65.8390 -65.7414 -65.6410 -65.5393 -65.4360 -65.3302 -65.2260 -65.1141 -64.9985 -64.8712 -64.7468 -64.6193 -64.4846 -64.3371 -64.1857 -64.0603 -63.9155 -63.7460 -63.5929 -63.4327 -63.2592 -63.0667
-67.3491 -67.2638 -67.1745 -67.0842 -66.9930 -66.9005 -66.8494 -66.7538 -66.6370 -66.5420 -66.4467 -66.3502 -66.2427 -66.1466 -66.0500 -65.9599 -65.8622 -65.7638 -65.6644 -65.5638 -65.4618 -65.3564 -65.2455 -65.1302 -65.0146 -64.9077 -64.7838 -64.6501 -64.5203 -64.3839 -64.2429 -64.0975 -63.9386 -63.7991 -63.6434 -63.4731 -63.3074 -63.1076 -62.9279 -62.7313
-67.2394 -67.1495 -67.0587 -66.9670 -66.8742 -66.7794 -66.6827 -66.5844 -66.4842 -66.3651 -66.2674 -66.1687 -66.0688 -65.9575 -65.8923 -65.7905 -65.6937 -65.5942 -65.4904 -65.3852 -65.2784 -65.1698 -65.0595 -64.9404 -64.8200 -64.7202 0.0000 0.0000 0.0000 0.0000 0.0000 0.0000 0.0000 0.0000 0.0000 0.0000 0.0000 0.0000 -62.6002 -62.3966
-67.1149 -67.0239 -66.9314 -66.8367 -66.7418 -66.6435 -66.5458 -66.4465 -66.3438 -66.2437 -66.1243 -66.0312 -65.9290 -65.8251 -65.7198 -65.6042 -65.5033 -65.3960 -65.2869 -65.2255 -67.4990 -67.8056 -68.2521 -69.1846 -71.3504 -75.2408 0.0000 0.0000 0.0000 0.0000 0.0000 0.0000 0.0000 0.0000 0.0000 0.0000 0.0000 0.0000 -62.2680 -62.0511
-67.0037 -66.9101 -66.8154 -66.7197 -66.6230 -66.5246 -66.4258 -66.3253 -66.2230 -66.1157 -66.0112 -65.8892 -65.7849 -68.8118 -68.7330 -68.6536 -68.5545 -68.4882 -68.4136 -68.3384 -68.2620 -68.1845 -68.1014 -68.0188 -67.9353 -67.8505 -67.7487 -67.6256 -67.5280 -67.3928 -67.3098 -67.2138 -67.1545 -67.0585 -66.9612 -66.8594 -66.7266 -62.1937 -61.9770 -61.7495
-66.8950 -66.8000 -66.7041 -66.6071 -66.5105 -66.4112 -66.3106 -69.1320 -69.0451 -68.9553 -68.8531 -68.7620 -68.6353 -68.5466 -68.4558 -68.3631 -68.2680 -68.1512 -68.0640 -67.9679 -67.8686 -67.7633 -67.6544 -67.5394 -67.4179 -67.2892 -67.1483 -66.9824 -66.7880 -66.5980 -66.3521 -66.0835 -65.7704 -65.3780 -62.5529 -62.3577 -62.1525 -61.9380 -61.7055 -61.4720
-66.8377 -69.4627 -69.3760 -69.2883 -69.1996 -69.1098 -69.0188 -68.9264 -68.8301 -68.7355 -68.6382 -68.5211 -68.4193 -68.2825 -68.1801 -68.0742 -67.9647 -67.8513 -67.7339 -67.6013 -67.4796 -67.3499 -67.2133 -67.0678 -66.9090 -66.7149 -66.5241 -66.3143 -66.0781 -65.7713 -65.4489 -62.8648 -62.6895 -62.5158 -62.3226 -62.1217 -61.9130 -61.6951 -61.4706 -61.2369
-69.3773 -69.2884 -69.1983 -69.1062 -69.0124 -68.9169 -68.8199 -68.7212 -68.6205 -68.5179 -68.4100 -68.3041 -68.1696 -68.0216 -67.9068 -67.7885 -67.6652 -67.5366 -67.4018 -67.2824 -67.0870 -66.9307 -66.7649 -66.5870 -66.3946 -66.1833 -65.9501 -65.6894 -63.2172 -63.0497 -62.8572 -62.6769 -62.4788 -62.2922 -62.1071 -61.9043 -61.6965 -61.4884 -62.1288 -62.1252
-69.2147 -69.1214 -69.0267 -68.9301 -68.8264 -68.7258 -68.6227 -68.5176 -68.4100 -68.3000 -68.1874 -68.0717 -67.9484 -67.7968 -67.6384 -67.5068 -67.3705 -67.2254 -67.0705 -66.9074 -66.7559 -66.5730 -66.3476 -66.1438 -65.9223 -63.5206 -63.3638 -63.2023 -63.0362 -62.8652 -62.6907 -62.4877 -62.2988 -62.0945 -61.9029 -61.7193 -62.2210 -62.1784 -62.2418 -62.4024
-69.1504 -69.0538 -68.9559 -68.8567 -68.7564 -68.6558 -68.5617 0.0000 0.0000 0.0000 0.0000 0.0000 0.0000 0.0000 -67.3804 -67.2310 -67.0800 -66.9193 -66.7504 -66.5719 -66.3831 -66.2015 -63.8329 -63.6619 -63.5112 -63.3566 -63.1978 -63.0337 -62.8649 -62.6919 -62.5141 -62.3374 -62.1276 -61.9301 -62.3320 -62.2648 -62.2981 -62.4030 -62.5772 -62.8125
-69.0547 -71.2904 -71.5502 -72.0114 -72.9045 -74.9163 -78.4733 0.0000 0.0000 0.0000 0.0000 0.0000 0.0000 0.0000 -67.2063 -67.0255 -66.8531 -66.6805 -66.4966 -64.1453 -64.0017 -63.8657 -63.7171 -63.5644 -63.3845 -63.2272 -63.0659 -62.9007 -62.7305 -62.5568 -62.3810 -62.1892 -62.0192 -62.4080 -62.3829 -62.4447 -62.5697 -62.7560 -62.9754 -63.2413
-72.2256 -72.5606 -73.0600 -73.8171 -75.0969 -82.2755 0.0000 0.0000 0.0000 0.0000 0.0000 0.0000 0.0000 0.0000 -66.9494 -66.7741 -64.4600 -64.2963 -64.1590 -64.0171 -63.8719 -63.7234 -63.5830 -63.4300 -63.2731 -63.1116 -62.9256 -62.7629 -62.6251 -62.4671 -62.3176 -72.3346 0.0000 -62.5611 -62.6446 -62.7546 -62.9160 -63.1173 -63.3729 -63.5182
-73.2125 -73.6600 -74.2817 -75.2062 -76.5985 -82.3426 0.0000 0.0000 0.0000 0.0000 0.0000 0.0000 0.0000 0.0000 -64.5877 -64.4200 -64.2691 -64.1270 -63.9929 -63.8528 -63.7069 -63.5579 -63.4059 -63.2868 -63.1735 -63.0170 -62.8471 -62.6634 -62.5170 -66.7655 -71.4615 -72.3568 0.0000 -62.8380 -62.9602 -63.1102 -63.2730 -63.4828 -63.4290 -63.2353
-74.0704 -74.5883 -75.3702 -76.3250 -81.0966 -82.4092 0.0000 0.0000 0.0000 0.0000 0.0000 0.0000 0.0000 0.0000 -64.4862 -64.3528 -64.2126 -64.0579 -63.9354 -63.7923 -63.6463 -63.5068 -63.3560 -63.2041 -63.0651 -67.5944 0.0000 0.0000 -66.7466 -64.7611 -64.6186 -62.9520 -63.0517 -63.1770 -63.2887 -63.4516 -63.5543 -63.3453 -63.1468 -62.9630
-74.8617 -75.5071 -76.2021 -77.0426 -81.1164 -82.4755 0.0000 0.0000 0.0000 0.0000 0.0000 0.0000 0.0000 0.0000 -64.4042 -64.2719 -64.1349 -63.9916 -63.8357 -63.6875 -63.5416 -63.3938 -63.2463 -66.3423 -67.7034 -73.0100 0.0000 0.0000 -64.7176 -64.5638 -63.1747 -63.2849 -63.4722 0.0000 0.0000 -63.5178 -63.3258 -63.1255 -62.9018 -62.6834
