-71.8473 -71.7496 -71.6485 -71.8833 -70.3815 -70.4397 -71.9830 -72.0938 -72.1971 -72.3033 -72.4083 -72.6017 -72.7108 -72.8203 -72.9292 -73.0368 -73.1424 -73.2449 -73.1947 -68.0425 -67.9845 -67.9304 -67.8655 -67.6996 -67.6090 -67.5592 -67.0449 -66.9711 -67.5173 -67.4324 -67.4195 -67.4091 -67.3998 -67.3614 -67.3522 -67.3425 -67.3322 -67.3208 -67.3084 -67.3482
-71.8293 -71.7312 -71.6343 -70.2022 -70.2546 -71.6780 -71.7179 -72.2147 -72.3110 -72.4090 -72.5076 -72.6072 -72.7075 -72.9037 -73.0054 -73.1057 -73.2038 -68.1481 -68.0917 -68.0346 -67.9808 -67.9174 -67.8191 -67.6941 -67.6434 -67.0877 -67.0093 -67.4665 -67.4772 -67.4614 -67.4486 -67.4374 -67.4268 -67.4164 -67.4057 -67.3642 -67.3521 -67.3390 -67.3248 -67.3094
-71.8125 -71.7146 -71.6183 -70.3172 -71.7264 -71.7638 -71.8643 -71.9421 -72.0216 -72.1016 -72.6010 -72.6951 -72.7893 -72.8831 -68.1391 -68.1758 -68.1775 -68.1410 -68.0847 -68.0311 -67.9690 -67.8727 -67.7482 -67.6969 -67.1776 -67.1001 -66.9920 -67.5238 -67.4747 -67.4598 -67.4768 -67.4645 -67.4525 -67.4405 -67.4282 -67.4153 -67.4018 -67.3565 -67.3409 -67.3242
-71.7975 -71.7035 -70.3795 -70.3875 -71.8102 -71.8912 -71.9635 -72.0374 -72.1122 -72.1874 -72.2631 -67.9945 -67.9974 -67.9992 -68.1617 -68.1626 -68.1562 -68.1011 -68.0814 -67.9865 -67.9261 -67.8046 -67.7506 -67.7041 -67.1627 -67.0367 -67.5673 -67.5501 -67.5331 -67.5179 -67.4728 -67.4594 -67.4770 -67.4635 -67.4496 -67.4355 -67.4206 -67.4049 -67.3881 -67.3386
-71.7878 -70.3969 -70.4488 -71.8568 -71.8883 -71.9892 -72.0580 -72.1276 -72.1978 -68.0179 -68.0203 -68.0219 -68.0226 -68.0222 -68.0206 -68.0177 -67.9856 -67.9330 -68.0049 -67.9459 -67.8586 -67.8045 -67.7568 -67.2310 -67.0997 -67.6152 -67.5952 -67.5762 -67.5597 -67.5446 -67.5300 -67.5153 -67.4689 -67.4543 -67.4709 -67.4552 -67.4389 -67.4217 -67.4036 -67.3845
-70.4594 -70.5098 -71.9049 -71.9342 -72.0183 -72.0823 -68.0436 -68.0455 -68.0469 -68.0479 -68.0482 -68.0478 -68.0464 -68.0441 -68.0405 -68.0349 -67.9825 -67.8931 -67.8356 -67.7193 -67.6657 -67.7770 -67.2376 -67.1622 -67.6642 -67.6415 -67.6202 -67.6020 -67.5854 -67.5696 -67.5545 -67.5394 -67.5240 -67.5080 -67.4589 -67.4421 -67.4245 -67.4381 -67.4188 -72.6490
-70.5712 -70.5758 -71.9818 -72.0510 -68.0763 -68.0772 -68.0776 -68.0776 -68.0772 -68.0762 -68.0747 -68.0723 -68.0691 -68.0649 -68.0595 -68.0001 -67.9440 -67.8875 -67.7723 -67.7189 -67.6701 -67.1270 -67.0538 -67.0035 -67.5240 -67.6654 -67.6454 -67.6273 -67.6105 -67.5942 -67.5781 -67.5620 -67.5456 -67.5290 -67.5117 -67.4933 -72.5022 -72.5283 -72.5526 -72.6842
-70.6371 -68.1134 -68.1015 -68.1129 -68.1122 -68.1112 -68.1098 -68.1081 -68.1060 -68.1033 -68.1000 -68.0957 -68.0908 -68.0848 -68.0464 -67.9946 -67.9391 -67.8250 -67.7718 -67.7227 -67.6133 -67.1144 -67.0531 -67.5402 -67.5173 -67.4948 -67.4743 -67.4873 -67.4685 -67.6179 -67.6008 -67.5836 -67.5662 -67.5485 -72.6009 -72.6289 -72.6554 -72.6789 -72.5884 -72.6084
-68.1573 -68.1447 -68.1506 -68.1485 -68.1462 -68.1436 -68.1406 -68.1373 -68.1335 -68.1291 -68.1241 -68.1183 -68.0804 -68.0732 -68.0452 -67.9904 -67.9357 -67.8268 -67.7123 -67.6650 -67.1802 -67.1139 -67.5889 -67.5643 -67.5401 -67.5183 -67.4979 -67.4782 -67.4588 -67.4725 -67.4532 -72.0531 -72.5945 -72.6212 -72.6476 -72.6732 -72.6978 -72.7210 -72.7422 -72.7597
-68.1902 -68.1894 -68.1860 -68.1826 -68.1786 -68.1745 -68.1701 -68.1652 -68.1598 -68.1539 -68.1473 -68.1094 -68.1015 -68.0927 -68.0417 -67.9877 -67.8795 -67.7642 -67.7169 -67.2452 -67.1743 -67.1434 -67.6086 -67.5861 -67.5630 -67.5415 -67.5208 -67.5006 -67.4806 -71.9740 -71.9892 -72.1020 -72.1179 -72.1335 -72.1486 -72.1628 -72.7397 -72.7606 -72.7800 -72.7875
-68.3576 -68.3648 -68.3610 -68.3568 -68.3523 -68.2041 -68.1983 -68.1920 -68.1852 -68.1778 -68.1397 -68.1312 -68.1220 -68.0932 -68.0397 -67.9322 -67.8170 -67.7691 -67.3045 -67.2344 -67.1752 -67.6567 -67.6327 -67.6083 -67.5857 -67.5641 -67.5430 -71.9966 -72.0093 -72.0227 -72.0365 -72.0503 -72.0638 -72.0768 -72.1912 -72.2032 -72.2142 -72.2240 -72.2323 -72.2303
-68.4064 -68.4015 -68.3963 -68.3909 -68.3852 -68.3792 -68.3728 -68.3659 -68.3275 -68.1713 -68.1622 -68.1525 -68.1421 -68.0919 -67.9851 -67.8703 -67.8220 -67.7781 -67.2942 -67.2356 -67.7055 -67.6799 -67.6542 -67.6305 -72.0188 -72.0267 -72.0364 -72.0472 -72.0588 -72.0709 -72.0832 -72.0954 -72.1072 -72.1185 -72.1289 -72.1383 -72.2529 -72.2604 -72.2667 -72.2629
-68.2969 -68.2900 -68.2828 -68.4237 -68.4169 -68.4097 -68.4021 -68.3635 -68.3551 -68.3462 -68.3366 -68.3264 -68.2970 -67.9783 -67.9237 -67.8753 -67.8303 -67.3593 -67.2958 -67.7551 -67.7249 -67.7009 -72.0623 -72.0651 -72.0708 -72.0784 -72.0874 -72.0973 -72.1077 -72.1185 -72.1293 -72.1399 -72.1501 -72.1596 -72.1683 -72.1760 -72.1825 -72.1878 -72.2934 -72.2961
-68.3287 -68.3206 -68.3124 -68.3039 -68.2951 -68.2860 -68.2475 -68.3914 -68.3820 -68.3720 -68.3616 -68.3506 -68.1802 -68.1300 -68.0787 -68.0322 -67.5594 -67.4896 -67.3151 -72.1214 -72.1184 -72.1139 -72.1141 -72.1174 -72.1229 -72.1300 -72.1381 -72.1469 -72.1562 -72.1656 -72.1749 -72.1839 -72.1925 -72.2003 -72.2073 -72.2133 -72.2181 -72.2218 -72.2160 -72.2166
-68.4992 -68.4908 -68.4823 -68.3313 -68.2927 -68.2827 -68.2724 -68.2616 -68.2507 -68.2392 -68.2272 -68.1509 -68.1868 -68.1356 -68.0887 -67.6219 -67.5530 -71.2864 -72.6141 -72.6093 -72.6038 -72.6038 -72.1668 -72.1702 -72.1752 -72.1815 -72.1886 -72.1963 -72.2043 -72.2123 -72.2201 -72.2274 -72.2343 -72.2405 -72.2459 -72.2503 -72.2535 -72.2477 -72.2483 -72.2475
-68.5312 -68.5219 -68.5125 -68.4734 -68.4634 -68.4533 -68.4429 -68.4321 -68.2735 -68.2005 -68.1848 -68.0856 -68.0352 -67.9885 -67.5419 -71.1301 -71.3794 -72.6894 -72.6732 -72.6733 -72.6710 -72.6724 -72.6769 -72.6833 -72.6911 -72.6999 -72.2454 -72.2454 -72.2520 -72.2586 -72.2649 -72.2707 -72.2759 -72.2805 -72.2842 -72.2869 -72.2886 -72.2814 -72.2805 -72.2783
-68.5621 -68.5229 -68.5127 -68.5024 -68.4919 -68.4810 -68.4698 -68.4582 -68.3821 -68.3682 -68.2857 -68.2348 -72.3711 -72.3166 -71.2238 -71.1312 -71.1154 -72.2886 -72.2836 -72.2763 -72.2730 -72.7422 -72.7467 -72.7532 -72.7607 -72.7689 -72.7775 -72.7863 -72.7951 -72.8036 -72.8117 -72.3137 -72.3173 -72.3202 -72.3223 -72.3235 -72.3236 -72.3150 -72.3127 -72.3073
-68.5633 -68.5528 -68.5420 -68.5310 -68.5197 -68.5081 -68.4961 -68.4200 -68.4058 -68.3415 -72.9277 -72.8603 -72.8013 -71.6407 -71.5311 -71.4761 -72.7754 -72.3436 -72.3339 -72.3286 -72.3263 -72.3260 -72.3272 -72.3290 -72.3320 -72.3484 -72.8457 -72.8537 -72.8615 -72.8690 -72.8759 -72.8822 -72.8876 -72.8920 -72.8953 -72.3601 -72.3513 -72.3455 -72.3349 -72.3230
-68.5934 -68.5821 -68.5706 -68.5589 -68.5468 -68.5345 -68.4583 -73.1530 -73.0859 -73.0101 -72.9428 -72.8821 -71.7299 -71.6216 -71.5402 -72.8505 -72.8423 -72.8323 -72.8274 -72.8261 -72.8273 -72.8302 -72.3802 -72.3819 -72.3837 -72.3863 -72.3891 -72.3919 -72.3944 -72.3967 -72.9404 -72.9456 -72.9500 -72.9534 -72.9557 -72.9514 -72.9351 -72.9256 -72.9144 -72.3464
-68.6106 -68.5989 -68.5869 -68.5747 -68.5012 -73.1575 -73.1855 -73.1672 -73.0980 -73.0250 -72.9633 -71.8184 -71.7114 -71.6313 -72.9266 -72.9067 -72.9032 -72.8965 -72.8936 -72.8934 -72.8951 -72.8981 -72.9021 -72.9067 -72.9118 -72.9170 -72.4383 -72.4400 -72.4414 -72.4423 -72.4428 -72.4426 -72.4418 -72.4343 -72.4325 -72.9863 -72.9771 -72.9664 -72.9542 -72.9402
-68.6369 -68.6245 -68.6119 -73.1264 -73.1539 -73.1814 -73.2085 -73.1427 -73.0713 -73.0099 -72.9922 -71.8142 -71.7215 -71.6975 -72.9806 -72.9750 -72.9663 -72.9618 -72.9602 -72.9607 -72.9627 -72.9658 -72.9695 -72.9738 -72.9785 -72.9832 -72.9877 -72.9915 -72.9954 -72.9986 -73.0002 -72.4783 -72.4697 -72.4602 -72.4495 -72.4309 -72.4180 -72.4039 -72.3886 -72.9797
-73.2735 -73.3045 -73.1571 -73.1835 -73.2097 -73.2359 -73.2158 -73.1448 -73.0829 -73.0292 -71.8840 -71.7800 -71.7029 -73.0153 -73.0082 -73.0367 -73.0306 -73.0276 -73.0269 -73.0279 -73.0299 -73.0329 -73.0365 -73.0405 -73.0447 -73.0488 -73.0528 -73.0564 -73.0565 -73.0520 -73.0466 -73.0401 -73.0326 -73.0239 -73.0139 -72.9946 -72.4397 -72.4244 -72.4077 -72.3898
-73.3373 -73.1895 -73.2148 -73.2400 -73.2651 -73.2887 -73.2182 -73.1561 -73.1005 -71.9648 -71.8621 -71.7859 -73.0812 -73.0628 -73.0594 -73.0521 -73.0484 -73.0471 -73.0477 -73.0497 -73.0526 -73.0997 -73.1030 -73.1066 -73.1103 -73.1139 -73.1133 -73.1093 -73.1047 -73.0993 -73.0923 -73.0850 -73.0765 -73.0668 -73.0482 -73.0359 -73.0223 -73.0072 -72.9906 -72.9722
-73.2254 -73.2509 -73.2719 -73.2960 -73.3199 -73.2914 -73.2292 -73.1723 -72.0451 -71.9434 -71.8682 -71.8883 -73.1268 -73.1214 -73.1122 -73.1068 -73.1040 -73.1033 -73.1040 -73.1057 -73.1082 -73.1115 -73.1151 -73.1190 -73.1177 -73.1149 -73.1620 -73.1571 -73.1516 -73.1453 -73.1380 -73.1293 -73.1199 -73.1094 -73.0901 -73.0771 -73.0628 -73.0470 -73.0298 -73.0111
-73.2798 -73.3042 -73.3287 -73.3530 -73.3694 -73.3024 -73.2445 -73.1963 -72.0376 -71.9500 -71.9028 -73.1918 -73.1842 -73.1730 -73.1660 -73.1617 -73.1597 -73.1591 -73.1597 -73.1611 -73.1634 -73.1659 -73.1624 -73.1588 -73.1552 -73.1512 -73.1468 -73.1419 -73.1364 -73.1302 -73.1232 -73.1735 -73.1629 -73.1442 -73.1318 -73.1181 -73.1031 -73.0868 -73.0691 -73.0500
-73.3298 -73.3568 -73.3801 -73.4033 -73.3739 -73.3166 -73.2637 -72.1167 -72.0310 -71.9575 -73.2574 -73.2394 -73.2346 -73.2258 -73.2201 -73.2167 -73.2149 -73.2144 -73.2149 -73.2146 -73.2100 -73.2055 -73.2010 -73.1965 -73.1917 -73.1867 -73.1811 -73.1751 -73.1684 -73.1610 -73.1529 -73.1439 -73.1340 -73.1152 -73.1034 -73.0904 -73.1434 -73.1266 -73.1086 -73.0891
-73.3863 -73.4049 -73.4271 -73.4406 -73.3831 -73.3321 -72.2079 -72.1099 -72.0353 -73.3203 -73.3010 -73.2962 -73.2863 -73.2791 -73.2744 -73.2715 -73.2699 -73.2666 -73.2605 -73.2549 -73.2495 -73.2442 -73.2389 -73.2334 -73.2276 -73.2214 -73.2148 -73.2076 -73.1998 -73.1913 -73.1820 -73.1719 -73.1538 -73.1418 -73.1290 -73.1144 -73.0994 -73.0834 -73.0663 -73.0482
-73.4385 -73.4596 -73.4749 -73.4456 -73.3968 -72.2819 -72.1849 -72.1144 -72.1114 -73.3634 -73.3527 -73.3419 -73.3347 -73.3302 -73.3275 -73.3220 -73.3142 -73.3072 -73.3006 -73.2943 -73.2882 -73.2821 -73.2758 -73.2694 -73.2626 -73.2554 -73.2477 -73.2394 -73.2306 -73.2210 -73.2107 -73.1996 -73.1805 -73.1676 -73.1538 -73.1390 -73.1227 -73.1060 -73.0884 -73.0701
-73.4879 -73.5045 -73.5158 -73.4620 -72.3524 -72.2698 -72.1895 -72.1331 -73.4222 -73.4056 -73.4012 -73.3925 -73.3825 -73.3733 -73.3649 -73.3576 -73.3511 -73.3451 -73.3396 -73.3329 -73.3260 -73.3191 -73.3121 -73.3047 -73.2970 -73.2888 -73.2801 -73.2708 -73.2609 -73.2504 -73.2391 -73.2270 -73.2071 -73.1933 -73.1787 -73.1633 -73.1471 -73.1297 -73.1125 -73.0952
-73.5327 -73.5517 -73.5276 -73.4810 -72.3465 -72.2640 -72.1920 -73.4772 -73.4622 -73.4566 -73.4459 -73.4329 -73.4218 -73.4081 -73.3997 -73.3921 -73.3851 -73.3787 -73.3725 -73.3665 -73.3606 -73.3546 -73.3475 -73.3393 -73.3307 -73.3215 -73.3119 -73.3017 -73.2909 -73.2794 -73.2672 -73.2474 -73.2337 -73.2193 -73.2043 -73.1887 -73.1728 -73.1570 -67.7036 -73.1258
-73.5820 -73.5907 -73.5422 -72.4332 -72.3383 -72.2698 -73.5406 -73.5194 -73.5065 -73.4892 -73.4785 -73.4664 -73.4559 -73.4465 -73.4379 -73.4258 -73.4184 -73.4114 -73.4046 -73.3979 -73.3912 -73.3844 -73.3773 -73.3699 -73.3622 -73.3538 -73.3433 -73.3323 -73.3206 -73.3083 -73.2954 -73.2749 -73.2608 -73.2463 -73.2315 -73.2170 -67.7818 -73.1891 -73.1754 -73.1615
-73.6306 -73.6058 -72.5037 -72.4099 -72.3442 -72.3168 -73.5748 -73.5521 -73.5405 -73.5245 -73.5071 -73.4994 -73.4892 -73.4799 -73.4714 -73.4631 -73.4552 -73.4433 -73.4359 -73.4285 -73.4209 -73.4133 -73.4054 -73.3972 -73.3886 -73.3796 -73.3701 -73.3602 -73.3498 -73.3373 -73.3172 -73.3035 -73.2898 -73.2762 -67.8591 -73.2505 -73.2380 -73.2253 -73.2121 -73.1983
-73.6695 -72.5753 -72.4957 -72.4156 -72.3454 -73.6240 -73.6018 -73.5892 -73.5717 -73.5567 -73.5436 -73.5281 -73.5177 -73.5123 -73.5035 -73.4952 -73.4870 -73.4789 -73.4707 -73.4582 -73.4500 -73.4415 -73.4328 -73.4238 -73.4145 -73.4047 -73.3946 -73.3840 -73.3732 -73.3621 -73.3444 -73.3337 -67.9359 -73.3112 -73.2996 -73.2880 -73.2758 -73.2632 -73.2499 -73.2358
-73.6892 -72.5676 -72.4842 -72.4137 -73.6756 -73.6490 -73.6352 -73.6193 -73.6031 -73.5889 -73.5762 -73.5647 -73.5540 -73.5401 -73.5308 -73.5262 -73.5177 -73.5093 -73.5006 -73.4918 -73.4828 -73.4691 -73.4597 -73.4500 -73.4400 -73.4297 -73.4192 -73.4086 -73.3981 -73.3880 -68.0092 -73.3631 -73.3543 -73.3456 -73.3366 -73.3270 -73.3148 -73.3018 -73.2881 -73.2737
-72.7124 -72.6144 -72.5463 -72.4781 -73.6993 -73.6767 -73.6639 -73.6467 -73.6345 -73.6209 -73.6085 -73.5969 -73.5861 -73.5757 -73.5658 -73.5522 -73.5474 -73.5385 -73.5295 -73.5205 -73.5108 -73.5010 -73.4909 -73.4761 -73.4658 -73.4555 -73.4454 -73.4357 -68.0838 -73.4118 -73.4037 -73.3956 -73.3872 -73.3784 -73.3691 -73.3593 -73.3489 -73.3377 -73.2713 -73.2449
-72.6744 -72.6116 -72.5678 -73.8360 -73.8144 -73.8049 -73.7904 -73.6769 -73.6625 -73.6525 -73.6402 -73.6285 -73.6175 -73.6069 -73.5966 -73.5865 -73.5767 -73.5626 -73.5575 -73.5479 -73.5383 -73.5283 -73.5180 -73.5078 -73.4978 -73.4837 -68.1561 -73.4671 -73.4594 -73.4453 -73.4375 -73.4293 -73.4207 -73.4116 -73.4019 -73.3916 -73.3257 -73.3027 -73.2884 -73.2735
-72.6689 -72.6016 -73.8780 -73.8607 -73.8448 -73.8286 -73.8152 -73.8038 -73.7943 -73.7861 -73.7791 -73.6597 -73.6484 -73.6375 -73.6268 -73.6163 -73.6059 -73.5955 -73.5808 -73.5706 -73.5653 -73.5557 -73.5465 -68.2785 -73.5290 -73.5211 -73.5086 -73.5014 -73.4876 -73.4799 -73.4718 -73.4633 -73.4543 -73.4447 -73.3801 -73.3580 -73.3446 -73.3306 -73.3161 -73.3009
-72.6649 -73.9240 -73.8982 -73.8848 -73.8670 -73.8534 -73.8404 -73.8293 -73.8196 -73.8112 -73.8039 -73.7975 -73.7955 -73.7908 -73.7865 -73.6458 -73.6350 -73.6244 -73.6138 -73.6036 -73.5893 -68.3483 -73.5775 -73.5704 -73.5639 -73.5567 -73.5495 -73.5420 -73.5227 -73.5147 -73.5062 -73.4972 -73.4337 -73.4126 -73.3999 -73.3868 -73.3731 -73.3589 -73.3440 -73.3285
-72.7164 -73.9453 -73.9223 -73.9098 -73.8926 -73.8778 -73.8715 -73.8555 -73.8455 -73.8366 -73.8288 -73.8218 -73.8157 -73.8140 -73.8098 -73.8058 -73.8028 -73.7926 -73.7805 -68.4210 -73.6265 -73.6190 -73.6070 -73.6056 -73.5991 -73.5927 -73.5858 -73.5783 -73.5638 -73.5550 -73.4869 -73.4664 -73.4545 -73.4421 -73.4293 -73.4159 -73.4019 -73.3873 -73.3721 -73.3563
-74.2704 -74.2464 -74.2327 -74.2133 -73.9215 -73.9067 -73.8935 -73.8817 -73.8730 -73.8634 -73.8548 -73.8471 -73.8403 -73.8344 -73.8330 -73.8295 -73.8272 -68.5140 -73.8267 -73.8224 -73.8123 -73.8022 -73.7921 -73.6419 -73.6297 -73.6280 -73.6211 -73.6073 -73.5463 -73.5266 -73.5151 -73.4975 -73.4846 -73.4720 -73.4588 -73.4450 -73.4307 -73.4158 -73.4003 -73.3842
