-68.4353 -68.4436 -69.0152 -68.9989 -68.8821 -69.2286 0.0000 -74.7302 -70.8453 -70.3374 -70.0913 -69.8976 -69.7535 -68.5071 -69.1685 -69.4201 -69.5092 -69.4056 -68.6421 -68.7014 -68.7767 -68.8623 -68.9543 -69.0499 -69.0824 -69.1697 -69.2572 -69.3443 -69.4310 -69.4979 -69.0525 -69.1245 -68.7359 -68.7892 -69.3414 -69.4132 -69.5017 -69.5730 -70.5693 -70.6960
-68.4501 -69.0355 -72.6836 -72.1598 -71.7673 -71.5907 -72.4953 -71.8536 -69.9804 -69.7526 -69.4828 -69.3503 -69.3576 -69.6248 -69.5911 -69.4969 -68.7665 -68.4153 -68.4658 -68.5394 -68.7947 -68.7658 -68.8432 -68.9242 -69.0081 -69.0923 -69.1774 -69.2616 -69.3458 -69.4289 -69.0062 -68.6067 -68.6583 -69.2016 -69.2730 -69.3437 -69.4143 -69.4846 -70.4510 -71.2775
-68.9243 0.0000 0.0000 -72.0236 -71.9736 -71.7526 -71.7726 -70.1585 -69.9600 -69.7574 -68.3305 -69.7667 -70.1909 -69.8986 -68.7814 -68.8250 -68.6391 -68.6495 -68.6854 -68.5645 -68.6262 -68.6961 -68.7712 -68.8497 -68.9308 -69.0128 -69.0952 -69.1769 -69.2587 -69.3397 -68.4937 -68.5430 -69.0790 -69.1322 -69.2021 -69.2724 -69.3421 -69.9968 -70.0558 -71.1108
-68.9461 0.0000 -73.4128 -70.3193 -70.4145 -70.3215 -70.1968 -69.1834 -68.4636 -69.5794 0.0000 -71.6802 -69.3230 -69.1256 -69.2081 -68.9227 -68.8849 -68.4085 -68.4426 -68.4929 -68.5540 -68.6225 -68.6956 -68.7718 -68.8510 -68.9306 -69.0105 -69.0900 -69.1697 -68.7646 -68.4298 -68.9408 -69.0089 -69.0774 -69.1460 -69.2099 -69.8638 -69.9126 -69.9579 -70.9772
-70.6208 -71.1071 -71.4679 -70.8485 -70.4801 -70.2877 -69.2538 -68.4516 -68.5058 -70.2134 -72.1076 -69.5021 -69.2883 -69.1403 -68.3482 -68.3271 -68.3120 -68.3290 -68.3659 -68.4170 -68.4778 -68.5449 -68.6165 -68.6910 -68.7674 -68.8454 -68.9232 -69.0013 -68.6069 -69.1561 -68.8194 -68.8689 -68.9364 -69.0041 -69.7032 -69.7497 -69.7961 -69.8213 -69.8688 -70.8463
-70.8853 -70.7695 -71.4667 -70.8228 -70.3815 -69.2259 -68.5712 -68.6220 -68.6645 -70.2271 -70.3369 -68.8802 -68.7041 -68.2097 -68.2505 -68.2334 -68.2321 -68.2457 -68.2851 -68.3369 -68.3973 -68.4636 -68.5338 -68.6066 -68.6812 -68.7573 -68.8334 -68.4504 -68.9855 -69.0616 -69.1371 -68.7945 -68.8723 -69.5731 -69.6168 -69.6612 -69.7031 -69.7484 -69.7943 -70.7171
-71.3932 -71.3720 -71.5967 -69.6233 -69.4695 -68.7230 -68.7578 -68.7871 -69.9161 -69.8494 -69.5218 -68.6673 -68.2917 -68.1843 -68.1477 -68.1369 -68.1413 -68.1664 -68.2000 -68.2525 -68.3129 -68.3784 -68.4474 -68.5187 -68.5917 -68.6664 -68.2942 -68.8160 -68.8904 -68.9653 -69.0398 -69.4019 -69.4425 -69.4839 -69.5261 -69.5655 -69.6095 -69.6538 -69.6987 -69.7522
-71.2146 -70.6113 -69.7401 -69.8351 -69.6292 -68.9487 -68.9003 -68.4897 -69.7602 -69.6292 -68.5497 -68.1300 -68.1605 -68.0984 -68.0423 -68.0358 -68.0466 -68.0753 -68.1182 -68.1713 -68.2244 -68.2892 -68.3572 -68.4273 -68.4991 -68.1385 -68.6459 -68.7198 -68.7932 -69.6664 -69.7102 -69.3111 -69.3500 -69.3898 -69.4307 -69.4689 -69.5115 -69.5553 -69.5994 -69.6443
-69.0701 -69.2186 -69.7368 -69.8456 -68.3527 -68.4821 -68.4588 -69.4500 -69.6109 -69.4799 -68.0545 -68.0006 -67.8893 -68.0106 -68.0005 -67.9310 -67.9472 -67.9801 -68.0251 -68.0790 -68.1388 -68.1960 -68.2632 -68.3325 -67.9823 -68.4757 -68.5482 -68.6329 -69.5104 -69.5509 -69.5922 -69.2149 -69.2522 -69.2907 -69.3270 -69.3678 -69.4096 -69.4527 -69.4963 -69.5409
-69.0946 -69.2101 -68.7771 -69.1186 -68.3438 -68.3888 -68.5112 -69.4122 -69.4944 -68.5188 -67.9212 -67.8675 -67.7761 -67.8140 -67.8761 -67.8850 -67.8438 -67.8802 -67.9275 -67.9820 -68.0420 -68.1058 -68.1721 -67.8267 -68.3043 -68.3755 -69.2759 -69.3543 -69.3920 -69.4300 -69.4692 -69.1130 -69.1490 -69.1831 -69.2219 -69.2620 -69.3032 -69.3456 -69.3893 -69.4337
-68.5380 -68.6529 -68.7680 -68.2855 -68.3363 -68.3729 -68.6874 -69.3596 -68.6955 -67.8319 -67.7779 -67.7363 -67.6576 -67.6901 -67.6861 -67.7639 -67.7277 -67.7759 -67.8251 -67.8808 -67.9410 -68.0048 -67.6769 -68.1391 -68.2138 -69.1332 -69.1983 -69.2324 -69.2677 -69.3035 -69.3410 -69.0051 -69.0369 -69.0736 -69.1117 -69.1514 -69.1924 -69.2347 -69.2785 -68.1852
-68.5245 -68.6364 -68.5671 -68.2646 -68.3143 -68.3577 -69.2309 -68.5058 -68.4818 -67.6768 -67.6301 -67.5313 -67.5394 -67.5624 -67.5639 -67.5800 -67.6757 -67.6588 -67.7100 -67.7749 -67.8360 -67.5201 -67.9662 -68.8399 -69.0003 -69.0416 -69.0724 -69.1040 -69.1372 -69.1712 -69.2073 -68.8880 -68.9224 -68.9586 -68.9966 -69.0360 -69.0771 -68.0244 -68.0314 -68.0814
-68.4993 -68.6183 -68.1859 -68.2352 -68.8451 -68.6303 -68.3250 -68.2918 -68.0856 -67.5101 -67.3977 -67.3982 -67.4162 -67.4362 -67.4379 -67.4596 -67.4952 -67.6031 -67.5989 -67.3221 -67.3621 -68.5343 -68.6988 -68.8607 -68.8934 -68.9186 -68.9466 -68.9687 -69.0002 -69.0329 -69.0644 -68.7679 -68.8021 -68.8382 -68.8762 -68.9159 -67.8251 -67.8749 -67.9250 -67.9761
-68.4614 -69.1944 -68.8632 -68.7779 -68.5253 -68.2819 -68.0977 -68.0776 -67.3726 -67.3463 -67.2476 -67.2650 -67.3001 -67.3008 -67.3132 -67.3356 -67.3752 -67.4241 -67.1671 -67.5432 -68.3828 -68.5582 -68.7187 -68.7363 -68.7568 -68.7797 -68.8051 -68.8334 -68.8564 -68.2745 -68.2873 -68.0226 -68.0615 -68.1100 -67.6707 -67.7159 -67.7618 -67.8088 -67.8565 -67.9052
-69.3343 -68.7896 -68.7308 -68.4240 -67.3272 -68.0394 -67.8716 -67.8371 -67.1976 -67.1739 -67.0989 -67.1153 -67.1591 -67.1608 -67.1800 -67.2125 -67.2492 -66.4506 -67.4014 -67.4897 -67.6553 -68.5605 -68.5946 -68.6210 -68.6488 -68.6784 -68.7097 -68.7436 -68.7786 -68.8052 -68.8434 -68.5832 -67.5106 -67.5122 -67.5571 -67.6028 -67.6496 -67.6974 -67.7460 -67.7953
-69.0774 -68.7234 -68.3320 -67.1485 -66.4841 -66.8661 -66.7211 -66.5920 -67.2291 -67.0657 -67.0832 -67.1111 -67.1495 -67.1690 -67.1901 -67.2285 -66.9863 -68.0955 -68.2760 -68.5239 -68.5977 -68.6014 -68.6090 -68.6015 -68.6064 -68.6155 -68.6287 -68.6463 -68.6636 -68.6873 -68.7137 -67.3124 -67.3506 -67.3949 -67.4407 -67.4875 -67.5354 -67.5841 -67.6336 -67.6838
-71.3495 -69.9597 -67.8716 -67.7019 -68.3411 -68.2538 -68.2733 -67.3368 -67.2864 -67.2367 -67.1661 -67.1729 -67.1975 -67.2016 -67.2258 -66.9738 -68.1367 -68.3141 -68.4823 -68.4616 -68.5134 -68.4355 -68.4288 -68.4274 -68.4312 -68.4475 -68.4601 -68.4747 -68.4955 -67.3033 -67.3482 -67.2005 -67.2295 -67.2753 -67.3221 -67.3701 -67.4190 -67.4688 -67.5194 -67.5707
-71.5625 -68.1650 -67.9012 -67.7268 -68.1818 -68.2579 -68.0038 -67.3259 -67.2693 -67.2070 -67.1492 -67.1524 -67.1679 -68.0692 -66.9274 -67.8985 -68.0685 -68.2349 -68.3280 -68.2933 -68.2718 -68.2607 -68.2521 -68.2495 -68.2526 -68.2611 -68.2789 -67.1071 -67.1204 -67.1654 -67.2117 -67.0751 -67.1107 -67.1532 -67.2013 -67.2505 -67.3006 -67.3516 -67.4034 -67.4559
-68.3714 -68.1357 -67.9081 -68.3180 -68.1870 -68.2571 -67.3917 -67.3125 -67.2503 -67.1451 -67.1853 -67.1440 -67.6933 -66.5930 -67.7749 -67.9466 -68.1156 -68.1888 -68.1469 -68.1139 -68.0841 -68.0675 -68.0614 -68.0586 -68.0620 -68.0683 -66.8841 -66.9329 -66.9785 -67.0243 -67.0718 -67.1202 -66.9848 -67.0331 -67.0826 -67.1288 -67.1802 -67.2325 -67.2856 -67.3554
-68.1230 -67.8902 -67.7646 -68.2048 -68.1457 -68.2187 -67.3562 -67.2791 -66.6506 -66.5928 -67.7150 -67.6275 -66.4386 -67.6501 -67.8281 -67.9972 -68.0480 -67.9926 -67.9465 -67.9107 -67.8844 -67.8620 -67.8529 -67.8536 -66.6520 -66.6934 -66.7367 -66.7817 -66.8327 -66.8811 -66.9301 -66.9801 -66.8563 -66.9062 -66.9572 -67.0092 -67.0580 -67.1753 -68.5601 -68.6947
-66.9000 -66.8245 -66.9272 -67.1927 -67.0000 -66.9898 -66.4915 -66.4724 -66.4154 -67.5943 -67.4056 -66.3241 -67.5964 -67.7087 -67.8787 -67.9087 -67.8336 -67.7720 -67.7246 -67.6872 -67.6602 -67.6435 -66.4461 -66.4549 -66.4978 -66.5411 -66.5861 -66.6323 -66.6804 -66.7354 -66.7862 -66.8379 -66.7254 -66.7771 -66.8299 -68.2274 -68.3702 -68.5031 -68.6378 -68.7675
-66.5122 -66.4566 -66.7830 -66.7670 -66.7408 -66.2911 -66.2746 -67.4525 -67.5184 -67.2480 -66.1107 -67.4212 -67.6546 -67.7693 -67.7665 -67.6726 -67.5920 -67.5272 -67.4770 -67.4413 -67.4165 -66.2190 -66.2575 -66.2984 -66.3386 -66.3851 -66.4320 -66.4805 -66.5307 -66.5828 -66.6357 -66.6941 -66.6067 -68.0214 -68.1653 -68.3047 -68.4399 -68.5714 -68.6995 -68.8186
-66.2104 -66.3006 -66.4954 -66.4873 -66.4726 -67.2096 -67.3656 -67.5008 -67.0771 -67.0619 -67.2930 -67.4954 -67.7240 -67.6899 -67.5046 -67.3999 -67.3190 -67.2534 -67.2046 -65.9765 -66.0127 -66.0509 -66.0917 -66.1351 -66.1797 -66.2191 -66.2655 -66.3127 -66.3619 -66.4129 -66.5314 -67.9921 -67.9460 -68.0906 -68.2303 -68.3657 -68.4973 -68.6256 -68.0628 -68.1477
-65.9322 -66.2194 -66.2258 -66.2079 -67.4428 -67.2725 -68.1900 -66.9579 -66.9124 -67.1677 -67.3980 -67.6967 -67.5045 -67.3848 -67.2538 -67.0912 -66.9980 -65.7161 -65.7395 -65.7684 -65.7995 -65.2828 -65.3089 -65.3665 -65.4401 -66.0256 -66.0806 -66.1406 -67.6021 -67.7832 -67.9568 -68.1225 -68.0708 -68.2229 -68.3642 -68.5013 -68.6346 -68.7645 -68.8876 -68.9443
-65.6316 -66.0740 -67.2760 -66.1739 -66.7280 -66.7923 -65.6830 -66.7921 -67.0824 -67.3439 -67.7003 -67.4515 -67.2310 -67.0898 -66.9540 -66.8509 -65.5614 -65.5933 -65.6310 -65.6703 -65.7124 -65.7558 -65.8065 -65.8562 -65.9079 -65.9781 -67.5037 -67.6873 -67.8661 -68.0352 -68.1979 -68.3534 -68.2866 -68.4240 -68.5638 -68.6936 -68.7607 -68.8139 -68.8678 -68.9223
-64.4958 -66.0479 0.0000 0.0000 -71.8939 -68.0545 -67.7400 -67.7794 -68.6100 -68.2819 -67.8271 -67.4357 -67.1308 -66.8927 -65.5089 -65.5225 -65.5086 -65.5310 -65.5605 -65.5964 -65.6343 -65.6760 -65.7191 -65.8539 -67.4076 -67.6025 -67.7852 -67.9577 -68.1173 -68.2749 -68.4253 -68.5710 -68.4896 -68.5686 -68.6165 -68.6722 -68.7224 -68.7735 -68.8257 -68.8789
-66.3070 0.0000 0.0000 0.0000 -67.3212 -68.3880 -70.1896 -69.7705 -69.5873 -68.3307 -67.6823 -67.1829 -65.4536 -65.4304 -65.4458 -65.4526 -65.4680 -65.4543 -65.4801 -65.5129 -65.5484 -67.1312 -67.3547 -67.5557 -67.7476 -67.9223 -68.0869 -68.2432 -68.3927 -68.5314 -68.6247 -68.6690 -68.4974 -68.5411 -68.5866 -68.6337 -68.6822 -68.7382 -68.7892 -68.8412
-67.1881 0.0000 -67.6109 -67.2132 -68.7410 0.0000 0.0000 -70.6711 -69.0486 -67.9094 -67.1154 -65.4078 -65.3638 -65.3381 -65.3268 -65.3522 -65.3658 -65.3871 -65.3968 -67.1128 -67.3555 -67.5665 -67.7567 -67.9756 -68.0912 -68.2492 -68.3945 -68.4839 -68.5171 -68.5533 -68.5879 -68.6293 -68.4620 -68.5037 -68.5477 -68.5934 -68.6407 -68.6894 -68.7457 -68.7971
-71.0671 -66.4166 -66.0448 -68.4194 -70.8849 0.0000 0.0000 -71.8623 -68.0791 -65.4133 -65.3293 -65.2709 -65.2319 -65.2094 -65.2004 -65.2029 -66.8875 -67.2259 -67.4420 -67.6565 -67.8439 -68.0133 -68.1671 -68.3108 -68.4211 -68.3875 -68.4158 -68.4426 -68.4730 -68.5064 -68.5427 -68.5773 -68.4282 -68.4568 -68.4998 -68.5447 -68.5913 -68.6396 -68.6892 -68.7463
-66.7427 -66.2995 -70.6060 -73.4647 -70.9193 0.0000 0.0000 -66.1829 -65.4404 -65.2094 -65.1443 -65.0967 -65.0647 -65.0495 -67.0460 -67.4394 -67.7436 -67.9502 -68.1213 -68.2099 -68.3169 -68.3072 -68.3074 -68.3119 -68.3223 -68.3362 -68.3564 -68.3861 -68.4145 -68.4464 -68.4814 -68.5194 -68.3721 -68.4008 -68.4432 -68.4878 -68.5343 -68.5824 -68.6321 -68.6831
-66.3971 0.0000 0.0000 0.0000 -73.0171 -65.7796 -65.8428 -65.2342 -65.1510 -64.9704 -64.9222 -64.9095 -68.3571 -68.3893 -68.4311 -68.4851 -68.5450 -68.6620 -68.3658 -68.2811 -68.2583 -68.2459 -68.2417 -68.2459 -68.2544 -68.3145 -68.2859 -68.3095 -68.3422 -68.3736 -68.4084 -68.4462 -68.3102 -68.3350 -68.3776 -68.4226 -68.4694 -68.5180 -68.5681 -68.6196
0.0000 0.0000 0.0000 -69.5742 -65.5189 -65.3851 -65.2197 -64.7213 -64.8671 -68.7420 -68.4802 -68.5046 -68.5311 -68.5721 -68.6195 -68.6683 -68.7274 -68.3178 -68.2795 -68.2519 -68.1762 -68.1612 -68.1555 -68.1590 -68.1674 -68.1815 -68.2469 -68.2235 -68.2516 -68.2884 -68.3237 -68.3622 -68.4042 -68.2643 -68.3035 -68.3490 -68.3969 -68.4465 -68.4974 -68.5498
0.0000 -69.2568 -65.4432 -65.3147 -65.1184 -64.9802 -64.8337 0.0000 0.0000 -71.4215 -70.5801 -69.6953 -69.4767 -69.3560 -69.2919 -68.2920 -68.2224 -68.1621 -68.1633 -68.1361 -68.1187 -68.0540 -68.0481 -68.0513 -68.0624 -68.0779 -68.0988 -68.1700 -68.1529 -68.1864 -68.2278 -68.2677 -68.3100 -68.1799 -68.2249 -68.2681 -68.3171 -68.3680 -68.4203 -68.4740
-65.0681 -65.0172 -64.8579 -64.6861 -64.5869 -64.5202 0.0000 -73.8771 0.0000 -72.2229 -71.4453 -70.8877 -70.2091 -69.8522 -68.2250 -68.1422 -68.0754 -68.0230 -68.0186 -67.9944 -67.9800 -67.9232 -67.9216 -67.9265 -67.9390 -67.9585 -67.9819 -68.0517 -68.0866 -68.0768 -68.1162 -68.1589 -68.2080 -68.0873 -68.1344 -68.1834 -68.2303 -68.2828 -68.3368 -68.3922
-64.4644 -64.2824 -64.1533 -64.1539 -62.6434 -65.9212 0.0000 -76.1143 -73.5386 -72.0425 -71.7128 -70.9336 -70.1496 -68.1301 -68.0348 -67.9577 -67.8968 -67.8500 -67.8158 -67.8317 -67.8186 -67.8178 -67.7745 -67.7840 -67.8007 -67.8220 -67.8504 -67.8822 -67.9593 -68.0021 -67.9995 -68.0448 -68.0927 -67.9825 -68.0358 -68.0872 -68.1405 -68.1953 -68.2474 -68.3048
-63.8074 -63.7110 -63.6251 0.0000 0.0000 -69.4124 -69.2966 -68.3695 -67.7847 -66.8152 -69.4877 -68.3318 -68.1764 -68.0424 -67.8089 -67.7405 -67.6879 -67.6493 -67.6227 -67.6076 -67.6393 -67.6431 -67.6080 -67.6245 -67.6462 -67.6740 -67.7070 -67.7435 -67.7836 -67.8677 -67.8726 -67.9216 -67.9729 -67.8727 -67.9262 -67.9807 -68.0370 -68.0977 -68.1564 -68.2122
-63.1132 -63.0729 -63.1435 -63.1571 -63.1553 -75.8188 0.0000 0.0000 -74.8411 -70.9530 -68.0060 -68.0101 -67.8763 -67.7652 -67.5489 -67.4918 -67.4504 -67.4224 -67.4059 -67.3979 -67.4351 -67.4494 -67.4688 -67.4505 -67.4796 -67.5130 -67.5510 -67.5934 -67.6385 -67.7237 -67.7775 -67.7902 -67.8455 -67.7563 -67.8134 -67.8711 -67.9384 -67.9993 -69.5488 -69.6809
-62.3993 -62.4207 -62.5086 -62.5926 0.0000 0.0000 -74.4861 0.0000 -69.6328 -68.0125 -67.8340 -67.5171 -67.5332 -67.4442 -67.3751 -67.2135 -67.1835 -67.1692 -67.1655 -67.1712 -67.1850 -67.2392 -67.2693 -67.3026 -67.3001 -67.3400 -67.3845 -67.4326 -67.4840 -67.5377 -67.6302 -67.6912 -69.3029 -69.2811 -69.4314 -69.5639 -69.6835 -69.7957 -69.9019 -70.0034
-61.6761 -61.8282 0.0000 -74.0959 0.0000 0.0000 -75.2205 -69.1627 -68.7228 -67.5475 -67.3975 -67.2736 -67.0229 -67.0822 -67.0376 -67.0086 -66.8956 -66.8968 -66.9077 -66.9266 -66.9526 -67.0140 -67.0543 -67.0986 -67.1075 -67.1569 -67.2092 -69.6133 -69.6945 -69.7763 -69.8577 -70.0028 -70.0895 -69.8698 -69.9453 -70.0218 -70.0968 -70.1728 -70.2490 -70.3252
-58.6915 -67.8523 0.0000 0.0000 -72.2586 -69.2691 -68.6900 -68.2716 -67.2078 -67.0359 -66.9063 -66.8179 -66.7555 -66.5926 -66.6747 -66.6700 -66.6766 -66.6049 -66.6318 -66.6656 -66.7051 -66.7497 -66.8275 -66.8826 0.0000 0.0000 0.0000 -72.5607 -71.2907 -70.9592 -70.7923 -70.7813 -70.7512 -70.4893 -70.4285 -70.4567 -70.4936 -70.5362 -70.5852 -70.6382
