-68.0802
-67.5304
-66.7123
-65.4172
-57.0429
-56.9791
-56.9143
-56.8755
-56.8160
-56.7556
-64.2535
-64.2497
-64.2684
-64.3030
-64.3483
-64.3922
-64.4531
-64.5192
-64.5902
-64.6656
-64.7448
-64.8284
-64.9151
-65.0061
-65.1007
-65.1987
-67.4254
-67.6101
-67.8015
-68.0007
-68.0937
-67.9459
-67.7853
-67.6158
-67.4348
-65.3063
-65.1271
-64.9400
-64.7462
-64.6020
-69.0068
-68.7858
-68.3155
-67.4345
-65.4187
-56.9524
-56.8874
-56.8217
-56.7596
-56.6971
-56.6339
-64.1611
-64.1628
-64.1861
-64.2147
-64.2650
-64.3229
-64.3871
-64.4569
-64.5311
-64.6101
-64.6922
-64.7792
-64.8701
-64.9649
-65.0638
-65.1665
-67.4594
-67.6554
-67.8596
-68.0690
-68.0124
-67.8571
-67.6900
-67.5088
-67.3157
-65.1659
-64.9766
-64.7807
-64.6389
-69.5545
-69.7808
-71.0112
-70.9358
-70.8594
-56.8980
-56.8319
-56.7647
-56.6987
-56.6355
-56.5721
-56.5070
-64.0549
-64.0645
-64.0854
-64.1307
-64.1854
-64.2477
-64.3163
-64.3899
-64.4677
-64.5505
-64.6382
-64.7303
-64.8263
-64.9257
-65.0290
-67.2996
-67.5021
-67.7132
-67.9300
-68.0700
-67.9252
-67.7640
-67.5854
-67.3923
-67.1870
-65.0184
-64.8212
-64.6825
-69.4715
-69.7227
-56.8508
-56.7847
-56.7157
-56.6460
-56.5789
-56.5134
-56.4480
-63.9732
-63.9504
-63.9666
-64.0023
-64.0508
-64.1090
-64.1745
-64.2465
-64.3245
-64.4077
-64.4950
-64.5871
-64.6840
-64.7848
-64.8894
-67.1336
-67.3416
-67.5561
-67.7778
-68.0036
-67.9828
-67.8303
-67.6672
-67.4775
-67.2741
-67.0543
-64.8680
-64.7332
-69.3832
-69.6620
-56.7893
-56.7233
-56.6554
-56.5857
-56.5152
-56.4487
-56.3826
-56.3162
-63.8399
-63.8397
-63.8659
-63.9093
-63.9643
-64.0284
-64.0991
-64.1761
-64.2588
-64.3467
-64.4392
-64.5356
-64.6365
-64.7416
-64.8509
-67.1684
-67.3896
-67.6169
-67.8538
-68.0453
-67.8975
-67.7384
-67.5651
-67.3714
-67.1531
-66.9183
-64.7914
-69.2903
-69.6005
-56.7273
-56.6611
-56.5939
-56.5248
-56.4542
-56.3837
-56.3173
-56.2489
-56.1816
-63.7231
-63.7346
-63.7685
-63.8182
-63.8791
-63.9486
-64.0246
-64.1058
-64.1928
-64.2850
-64.3818
-64.4837
-64.5902
-64.7010
-66.9882
-67.2174
-67.4536
-67.6999
-67.9537
-67.9724
-67.8168
-67.6473
-67.4650
-67.2634
-67.0298
-66.9275
-69.1919
-69.5381
-56.6668
-56.5984
-56.5312
-56.4632
-56.3929
-56.3216
-56.2518
-56.1831
-56.1162
-56.0471
-63.6079
-63.6293
-63.6712
-63.7270
-63.7931
-63.8673
-63.9479
-64.0346
-64.1268
-64.2247
-64.3275
-64.4358
-64.5493
-64.6910
-67.0395
-67.2851
-67.5414
-67.8059
-68.0517
-67.9021
-67.7376
-67.5591
-67.3635
-67.1544
-67.0542
-69.0868
-69.4748
-56.6069
-56.5364
-56.4675
-56.3995
-56.3305
-56.2593
-56.1855
-56.1163
-56.0485
-55.9804
-63.4913
-63.4922
-63.5229
-63.5724
-63.6348
-63.7068
-63.7868
-63.8735
-63.9663
-64.0649
-64.1691
-64.2786
-64.3941
-64.5136
-66.8529
-67.1099
-67.3769
-67.6543
-67.9381
-67.9939
-67.8355
-67.6622
-67.4704
-67.2617
-67.1964
-68.9739
-69.4105
-56.5465
-56.4757
-56.4040
-56.3350
-56.2659
-56.1956
-56.1219
-56.0491
-55.9804
-55.9117
-55.8422
-63.3644
-63.3776
-63.4178
-63.4754
-63.5450
-63.6237
-63.7101
-63.8031
-63.9024
-64.0076
-64.1191
-64.2355
-64.3573
-66.6599
-66.9274
-67.2058
-67.4954
-67.7925
-68.0209
-67.9414
-67.7747
-67.5882
-67.5615
-67.2308
-68.8515
-69.3453
-56.4862
-56.4145
-56.3423
-56.2700
-56.2006
-56.1289
-56.0576
-55.9846
-55.9117
-55.8426
-55.7731
-55.7020
-63.2409
-63.2665
-63.3165
-63.3820
-63.4588
-63.5442
-63.6372
-63.7370
-63.8430
-63.9557
-64.0735
-64.1973
-64.3249
-66.7363
-67.0269
-67.3299
-67.6415
-67.9352
-68.0552
-67.8002
-67.5892
-67.5732
-67.3326
-68.7175
-69.2791
-56.4246
-56.3529
-56.2802
-56.2072
-56.1346
-56.0627
-55.9921
-55.9194
-55.8455
-55.7730
-55.7030
-55.6327
-63.1191
-63.1217
-63.1592
-63.2183
-63.2918
-63.3757
-63.4681
-63.5681
-63.6749
-63.7887
-63.9080
-64.0322
-64.1639
-66.5354
-66.8405
-67.1570
-67.3942
-67.6837
-67.8228
-67.8912
-67.7285
-67.6419
-67.4056
-68.5690
-69.2119
-56.3622
-56.2904
-56.2178
-56.1443
-56.0685
-55.9961
-55.9251
-55.8535
-55.7796
-55.7047
-55.6326
-55.5616
-55.4898
-62.9888
-63.0063
-63.0550
-63.1232
-63.2045
-63.2959
-63.3957
-63.5035
-63.6178
-63.7385
-63.8643
-63.9982
-66.2504
-66.5325
-66.8596
-67.1984
-67.5471
-67.6723
-67.8477
-67.7919
-67.8045
-67.5688
-68.4033
-69.1437
-56.2989
-56.2271
-56.1548
-56.0809
-56.0049
-55.9303
-55.8577
-55.7858
-55.7129
-55.6379
-55.5619
-55.4901
-55.4181
-55.3448
-62.8623
-62.8941
-62.9538
-63.0309
-63.1197
-63.2185
-63.3260
-63.4025
-63.5052
-63.6340
-63.7701
-63.9123
-66.2694
-66.6075
-66.9605
-67.3241
-67.6716
-67.7511
-67.9515
-68.0092
-67.7500
-68.2181
-69.0745
-56.1627
-56.0907
-56.0153
-55.9409
-55.8658
-55.7903
-55.7174
-55.6445
-55.5702
-55.4941
-55.4179
-55.3454
-55.2725
-55.1752
-62.7370
-62.7822
-62.8522
-62.9021
-62.9840
-63.0928
-63.2087
-63.3313
-63.4287
-63.5658
-63.7105
-66.0574
-66.4175
-66.7918
-67.1783
-67.5735
-67.7140
-67.9362
-68.1987
-67.9504
-68.0167
-69.0042
-56.0994
-56.0252
-55.9501
-55.8759
-55.8003
-55.7241
-55.6476
-55.5743
-55.5003
-55.4244
-55.3472
-55.2714
-55.1978
-55.1236
-62.5431
-62.5669
-62.6276
-62.7097
-62.8064
-62.8823
-62.9981
-63.1224
-63.2546
-63.3942
-63.5418
-65.8326
-66.2137
-66.6125
-67.0243
-67.4461
-67.7607
-67.8697
-68.4032
-68.2271
-67.8255
-69.1410
-56.0811
-55.9581
-55.8833
-55.8090
-55.7336
-55.6568
-55.5796
-55.5030
-55.4287
-55.3536
-55.2765
-55.1886
-55.1139
-55.0400
-54.9428
-62.3899
-62.4303
-62.5035
-62.5962
-62.7013
-62.8169
-62.9425
-63.0763
-63.2186
-63.3683
-63.5253
-65.9946
-66.4198
-66.8607
-67.3134
-67.7748
-67.8872
-68.4223
-68.4640
-67.9154
-69.0624
-56.0221
-55.8929
-55.8162
-55.7405
-55.6650
-55.5885
-55.5109
-55.4254
-55.3459
-55.2717
-55.1962
-55.1187
-55.0345
-54.9600
-54.8850
-54.7847
-62.2716
-62.3290
-62.4144
-62.5167
-62.6308
-62.7579
-62.8931
-63.0375
-63.1896
-63.3501
-65.7572
-66.2112
-66.6856
-67.1742
-67.6725
-68.0291
-68.4394
-68.7211
-68.4962
-69.1589
-55.9598
-55.8735
-55.7485
-55.6706
-55.5819
-55.5073
-55.4315
-55.3543
-55.2763
-55.1944
-55.1191
-55.0423
-54.9637
-54.8850
-54.8095
-54.7114
-62.1298
-62.1597
-62.2320
-62.3288
-62.4425
-62.5684
-62.7047
-62.8511
-63.0059
-63.1696
-65.4974
-65.9845
-66.4967
-67.0273
-67.5686
-68.1113
-68.6206
-69.0419
-56.3600
-69.0733
-55.8977
-55.7933
-55.7100
-55.5905
-55.5142
-55.4328
-55.3574
-55.2804
-55.2023
-55.1232
-55.0469
-54.9703
-54.8920
-54.8119
-54.7333
-54.6565
-54.5549
-62.0022
-62.0516
-62.1389
-62.2492
-62.3741
-62.5116
-62.6592
-62.8166
-62.9833
-63.1590
-65.7354
-66.2912
-66.8701
-67.4636
-68.0600
-69.0695
-69.3592
-56.3071
-56.2241
-56.1428
-56.0529
-55.9728
-55.8944
-55.8154
-55.7343
-55.6433
-55.5166
-55.4411
-55.3641
-55.2886
-55.2120
-55.1337
-55.0542
-54.9741
-54.8971
-54.8192
-54.7392
-54.6578
-54.5792
-54.4790
-54.3958
-61.8800
-61.9501
-62.0526
-62.1750
-62.3124
-62.4615
-62.6214
-62.7909
-62.9708
-65.4583
-66.0652
-66.7014
-67.3552
-70.1766
-69.8896
-70.0154
-56.2434
-56.1602
-56.0763
-55.9941
-55.9130
-55.8249
-55.7458
-55.6658
-55.5835
-55.4985
-55.3729
-55.2964
-55.2188
-55.1423
-55.0644
-54.9846
-54.9038
-54.8232
-54.7449
-54.6655
-54.5840
-54.5011
-54.4225
-54.3194
-61.7296
-61.7657
-61.8544
-61.9717
-62.1079
-62.2577
-62.4195
-62.5924
-62.7764
-65.1451
-65.8124
-66.5189
-67.2453
-71.3457
-71.1877
-71.3120
-56.1890
-56.0980
-56.0138
-55.9288
-55.8456
-55.7644
-55.6830
-55.6028
-55.5216
-55.4378
-55.3514
-55.2271
-55.1496
-55.0714
-54.9936
-54.9144
-54.8332
-54.7509
-54.6698
-54.5902
-54.5091
-54.4261
-54.3432
-54.2407
-54.1564
-61.5965
-61.6581
-61.7656
-61.8980
-62.0475
-62.2110
-62.3871
-62.5745
-62.7740
-65.5238
-66.3154
-67.1339
-72.4322
-73.6552
-74.0681
-56.1264
-56.0429
-55.9593
-55.8739
-55.7875
-55.7033
-55.6216
-55.5390
-55.4577
-55.3752
-55.2898
-55.1596
-55.0793
-55.0004
-54.9212
-54.8425
-54.7619
-54.6792
-54.5956
-54.5140
-54.4329
-54.3502
-54.2656
-54.1825
-54.0771
-53.9907
-61.4715
-61.5583
-61.6834
-61.8311
-61.9957
-62.1745
-62.3661
-62.5708
-65.1486
-66.0378
-66.9630
-56.0720
-55.9882
-55.9035
-55.8185
-55.7318
-55.6442
-55.5589
-55.4766
-55.3929
-55.3103
-55.2265
-55.1395
-55.0103
-54.9290
-54.8488
-54.7687
-54.6890
-54.6068
-54.5228
-54.4376
-54.3555
-54.2729
-54.1884
-54.1023
-53.9967
-53.9107
-53.8221
-61.3559
-61.4657
-61.6088
-61.7731
-61.9356
-62.1303
-62.3384
-64.7415
-65.7675
-66.8477
-56.0167
-55.9329
-55.8479
-55.7619
-55.6757
-55.5877
-55.4988
-55.4128
-55.3293
-55.2445
-55.1605
-55.0756
-54.9416
-54.8586
-54.7763
-54.6948
-54.6137
-54.5327
-54.4493
-54.3637
-54.2773
-54.1943
-54.1101
-54.0242
-53.9367
-53.8288
-53.7412
-61.1723
-61.2324
-61.3643
-61.5256
-61.7072
-61.9059
-62.1192
-62.3483
-65.4352
-66.7322
-55.9603
-55.8766
-55.7917
-55.7054
-55.6182
-55.5308
-55.4414
-55.3511
-55.2645
-55.1798
-55.0936
-55.0085
-54.9221
-54.7888
-54.7044
-54.6211
-54.5382
-54.4561
-54.3737
-54.2890
-54.2019
-54.1148
-54.0302
-53.9446
-53.8537
-53.7433
-53.6551
-53.5651
-61.0270
-61.1349
-61.2898
-61.4713
-61.6729
-61.8914
-62.1575
-65.0598
-66.6934
-55.9064
-55.8193
-55.7345
-55.6482
-55.5608
-55.4724
-55.3836
-55.2928
-55.2010
-55.1139
-55.0277
-54.9405
-54.8539
-54.7662
-54.6335
-54.5476
-54.4634
-54.3791
-54.2959
-54.2118
-54.1259
-54.0338
-53.9465
-53.8604
-53.7728
-53.6836
-53.5710
-53.4812
-53.3888
-60.9105
-61.0486
-61.2535
-61.4580
-61.6827
-61.9253
-62.2117
-66.5732
-55.8558
-55.7653
-55.6762
-55.5900
-55.5027
-55.4140
-55.3243
-55.2341
-55.1419
-55.0487
-54.9607
-54.8734
-54.7848
-54.6968
-54.5620
-54.4757
-54.3882
-54.3030
-54.2135
-54.1291
-54.0436
-53.9560
-53.8666
-53.7783
-53.6907
-53.6014
-53.4873
-53.4002
-53.3085
-60.7339
-60.8317
-61.0003
-61.2043
-61.4328
-61.6821
-61.9475
-66.4520
-55.8036
-55.7139
-55.6220
-55.5308
-55.4434
-55.3549
-55.2649
-55.1738
-55.0822
-54.9884
-54.8945
-54.8052
-54.7164
-54.6265
-54.5371
-54.3990
-54.3112
-54.2223
-54.1361
-54.0491
-53.9633
-53.8761
-53.7871
-53.6961
-53.6123
-53.5228
-53.4315
-53.3139
-53.2214
-53.1274
-60.6017
-60.7421
-60.9405
-61.1715
-61.4241
-61.7016
-66.3297
-55.7454
-55.6603
-55.5698
-55.4764
-55.3833
-55.2946
-55.2047
-55.1133
-55.0209
-54.9278
-54.8326
-54.7333
-54.6427
-54.5525
-54.4613
-54.3705
-54.2373
-54.1480
-54.0575
-53.9702
-53.8820
-53.8002
-53.7111
-53.6200
-53.5278
-53.4380
-53.3466
-53.2305
-53.1335
-53.0394
-52.9428
-60.4874
-60.6682
-60.8981
-61.1560
-61.4425
-61.7534
-55.7096
-55.6005
-55.5147
-55.4234
-55.3287
-55.2339
-55.1434
-55.0521
-54.9545
-54.8605
-54.7662
-54.6694
-54.5739
-54.4818
-54.3903
-54.2978
-54.1597
-54.0788
-53.9877
-53.8960
-53.8068
-53.7176
-53.6283
-53.5374
-53.4447
-53.3516
-53.2604
-53.1672
-53.0471
-52.9498
-52.8539
-52.7547
-60.3920
-60.6099
-60.8736
-61.1686
-61.4899
-55.7506
-55.5885
-55.4533
-55.3665
-55.2748
-55.1733
-55.0768
-54.9844
-54.8919
-54.7978
-54.7027
-54.6067
-54.5089
-54.4119
-54.3249
-54.2317
-54.1374
-54.0001
-53.9114
-53.8184
-53.7260
-53.6352
-53.5443
-53.4533
-53.3606
-53.2660
-53.1721
-53.0795
-52.9614
-52.8603
-52.7626
-52.6645
-60.1296
-60.3148
-60.5762
-60.8785
-61.2119
-61.5742
-65.8918
-55.8184
-55.6296
-55.4349
-55.2978
-55.2099
-55.1183
-55.0207
-54.9226
-54.8283
-54.7343
-54.6461
-54.5491
-54.4514
-54.3525
-54.2536
-54.1585
-54.0636
-53.9678
-53.8317
-53.7409
-53.6467
-53.5526
-53.4603
-53.3680
-53.2751
-53.1804
-53.0840
-52.9894
-52.8949
-52.7730
-52.6705
-52.5718
-52.4705
-60.0199
-60.2639
-60.5826
-60.9295
-61.3092
-65.7997
-55.8580
-55.6651
-55.4999
-55.3093
-55.1460
-55.0567
-54.9645
-54.8738
-54.7736
-54.6770
-54.5814
-54.4842
-54.3856
-54.2863
-54.1864
-54.0857
-53.9890
-53.8926
-53.7498
-53.6606
-53.5678
-53.4713
-53.3762
-53.2822
-53.1883
-53.0935
-52.9969
-52.8985
-52.8032
-52.6837
-52.5811
-52.4799
-52.3788
-52.2759
-59.9522
-60.2539
-60.6109
-61.0096
-61.4441
-55.9306
-55.7357
-55.5659
-55.3493
-55.1907
-55.0001
-54.9091
-54.8160
-54.7159
-54.6140
-54.5154
-54.4182
-54.3194
-54.2193
-54.1184
-54.0173
-53.9148
-53.8166
-53.7184
-53.5773
-53.4860
-53.3912
-53.2930
-53.1966
-53.1006
-53.0051
-52.9084
-52.8121
-52.7121
-52.6155
-52.4917
-52.3864
-52.2830
-52.1803
-59.6423
-59.9063
-60.2684
-60.6848
-61.1513
-61.6494
-55.9873
-55.8179
-55.6458
-55.4244
-55.2553
-55.0608
-54.8432
-54.7506
-54.6562
-54.5554
-54.4520
-54.3510
-54.2522
-54.1518
-54.0500
-53.9480
-53.8452
-53.7410
-53.6410
-53.5417
-53.4012
-53.3084
-53.2114
-53.1136
-53.0159
-52.9181
-52.8208
-52.7220
-52.6214
-52.5205
-52.3981
-52.2932
-52.1861
-52.0825
-51.9780
-59.5506
-59.8994
-60.3365
-60.8249
-61.3604
-56.0540
-55.8870
-55.6671
-55.4938
-55.2960
-55.0999
-54.9037
-54.7332
-54.5894
-54.4939
-54.3920
-54.2871
-54.1838
-54.0833
-53.9812
-53.8776
-53.7747
-53.6700
-53.5643
-53.4656
-53.3186
-53.2246
-53.1300
-53.0305
-52.9281
-52.8292
-52.7297
-52.6304
-52.5295
-52.4269
-52.3246
-52.1984
-52.0910
-51.9823
-51.8777
-51.7718
-59.5065
-59.9492
-60.4655
-61.0420
-56.1452
-55.9277
-55.7590
-55.5636
-55.3641
-55.1652
-54.9667
-54.7689
-54.5710
-54.4256
-54.3286
-54.2258
-54.1193
-54.0135
-53.9112
-53.8106
-53.7053
-53.6011
-53.4951
-53.3868
-53.2833
-53.1375
-53.0420
-52.9454
-52.8435
-52.7391
-52.6389
-52.5377
-52.4362
-52.3328
-52.2281
-52.1016
-51.9947
-51.8846
-51.7752
-51.6700
-51.5619
-59.5243
-60.0654
-60.6863
-56.1917
-55.9943
-55.8236
-55.6288
-55.4323
-55.2317
-55.0316
-54.8309
-54.6313
-54.4314
-54.2588
-54.1638
-54.0601
-53.9517
-53.8433
-53.7391
-53.6336
-53.5274
-53.4217
-53.3132
-53.2029
-53.0977
-52.9530
-52.8557
-52.7574
-52.6529
-52.5468
-52.4449
-52.3418
-52.2377
-52.1326
-52.0256
-51.8959
-51.7865
-51.6738
-51.5649
-51.4581
-59.0697
-59.6146
-60.2831
