-65.5494
-65.5568
-65.5648
-65.5874
-65.6513
-65.6532
-65.6791
-65.6832
-65.7029
-65.6947
-65.6364
-65.6725
-65.5786
-65.5516
-65.5179
-65.4838
-65.4392
-65.3884
-65.3383
-65.2860
-65.2173
-65.1541
-65.1065
-65.2684
-65.4450
-65.1447
-65.3285
-65.2332
-64.9379
-64.6248
-64.5553
-64.4852
-64.4145
-64.3431
-64.2176
-64.1466
-64.0748
-64.0019
-63.9281
-63.8339
-65.5244
-65.5336
-65.5432
-65.5527
-65.6162
-65.6482
-65.6626
-65.6510
-65.6719
-65.6794
-65.6363
-65.6886
-65.6256
-65.5998
-65.5689
-65.5253
-65.4786
-65.4286
-65.3795
-65.3092
-65.2470
-65.1654
-65.6743
-65.5629
-65.2359
-65.4571
-65.3535
-65.0289
-64.7277
-64.6606
-64.5733
-64.5237
-64.4543
-64.3650
-64.2579
-64.1870
-64.0968
-64.0445
-63.9507
-63.8775
-65.5023
-65.4988
-65.5233
-65.5335
-65.5436
-65.6139
-65.6317
-65.6489
-65.6569
-65.6484
-65.6047
-65.6706
-65.6263
-65.6171
-65.6075
-65.5627
-65.5171
-65.4681
-65.4168
-65.3359
-65.2574
-65.7973
-65.4140
-65.3282
-65.5669
-65.4712
-65.1165
-64.8067
-64.7601
-64.6760
-64.6091
-64.5608
-64.4737
-64.4047
-64.2784
-64.2084
-64.1359
-64.0649
-63.9937
-63.9219
-65.4679
-65.4799
-65.5056
-65.5020
-65.5267
-65.5951
-65.6162
-65.6234
-65.6280
-65.6473
-65.5846
-65.6377
-65.5948
-65.5885
-65.5935
-65.5663
-65.5544
-65.5011
-65.4244
-65.3442
-65.9160
-65.5180
-65.7493
-65.6912
-65.5878
-65.2229
-64.9026
-64.8383
-64.7735
-64.7086
-64.6432
-64.5772
-64.5104
-64.4426
-64.2953
-64.2461
-64.1770
-64.0877
-64.0364
-64.1377
-68.3121
-68.4145
-65.4746
-65.4862
-65.5114
-65.5630
-65.5996
-65.6074
-65.6117
-65.6176
-65.6173
-65.6361
-65.5640
-65.5414
-65.5468
-65.5364
-65.5334
-65.4894
-65.4640
-66.0304
-65.3091
-65.8836
-65.8336
-65.7029
-65.0600
-64.9968
-64.9332
-64.8693
-64.8060
-64.7416
-64.6574
-64.6107
-64.5429
-64.4582
-64.3325
-64.2843
-64.1980
-64.1371
-64.2610
-64.4005
-65.4306
-65.4450
-68.4389
-68.5518
-65.4820
-65.4898
-65.5818
-65.5795
-65.5966
-65.6042
-65.6011
-65.5281
-65.5944
-65.5265
-65.5158
-65.4786
-65.4702
-65.4437
-66.1083
-65.6684
-66.0327
-65.9539
-65.7957
-65.1500
-65.0888
-65.0440
-64.9646
-64.9014
-64.8376
-64.7557
-64.7065
-64.6423
-64.5588
-64.4938
-64.3888
-64.3035
-64.4581
-64.6223
-64.5318
-64.4435
-65.3998
-65.4148
-65.4432
-65.4561
-68.5700
-68.6966
-65.5507
-65.5683
-65.5827
-65.5742
-65.5715
-65.4955
-65.5637
-65.4792
-65.4551
-65.4471
-65.8147
-66.0634
-65.6858
-66.0461
-66.0083
-65.5837
-65.2367
-65.1930
-65.1169
-65.0556
-64.9940
-64.9319
-64.8667
-64.8039
-64.7398
-64.6582
-64.5944
-64.5485
-64.4084
-64.5707
-64.7474
-64.6375
-64.5722
-64.2619
-65.3839
-65.3996
-65.4116
-65.4249
-65.4368
-65.4624
-68.8468
-69.0252
-65.5484
-65.5461
-65.5428
-65.4498
-65.5162
-65.4319
-65.4067
-66.3259
-66.0585
-65.6807
-66.0877
-65.9876
-65.5657
-65.2361
-65.2277
-65.1846
-65.1424
-65.0996
-65.0223
-64.9589
-64.8979
-64.8358
-64.7559
-64.7111
-64.6479
-64.8242
-64.9682
-64.8687
-64.7596
-64.6968
-64.3788
-64.1024
-65.3527
-65.3829
-65.3977
-65.4113
-65.4234
-65.4342
-65.5020
-65.5340
-68.9903
-69.1440
-65.4984
-65.4164
-65.4859
-65.3684
-66.4340
-66.0548
-66.0449
-66.0910
-65.9816
-65.2557
-65.2131
-65.1750
-65.1666
-65.1410
-65.1331
-65.0884
-65.0468
-64.9878
-64.9284
-64.8677
-64.8070
-64.7281
-64.9356
-65.1543
-64.9777
-64.9013
-64.5839
-64.2721
-64.2088
-64.1452
-65.3531
-65.3555
-65.3705
-65.3986
-65.4108
-65.4217
-65.4238
-65.4858
-65.4848
-65.4860
-69.0408
-69.2364
-65.4208
-66.7099
-66.0489
-66.0506
-66.1042
-65.9748
-65.2155
-65.1939
-65.1514
-65.1448
-65.1214
-65.0776
-65.0701
-65.0464
-65.0395
-64.9988
-64.9580
-64.8989
-64.8225
-65.0701
-65.2962
-65.1819
-65.0312
-64.6944
-64.3751
-64.3137
-64.2701
-64.1887
-65.3256
-65.3427
-65.3729
-65.3870
-65.3845
-65.4011
-65.3930
-65.4517
-65.4722
-65.4280
-65.3993
-65.3824
-68.9970
-65.2587
-66.0887
-66.1537
-65.9695
-65.1771
-65.1539
-65.1469
-65.1039
-65.0792
-65.0571
-65.0501
-65.0266
-64.9870
-64.9811
-64.9586
-64.9529
-65.2243
-65.5116
-65.4132
-65.3003
-64.9442
-64.6384
-64.4954
-64.4354
-64.3747
-64.2950
-64.2359
-68.3201
-68.4566
-65.3465
-65.3608
-65.3625
-65.3705
-65.3475
-65.4021
-65.4147
-65.3756
-65.3504
-65.3174
-65.2270
-66.1473
-66.2184
-65.5469
-65.1524
-65.1298
-65.1233
-65.0814
-65.0391
-65.0342
-65.0128
-64.9899
-64.9670
-64.9446
-64.9395
-64.9011
-65.2141
-65.5251
-65.4857
-65.4147
-65.0678
-64.7363
-64.6610
-64.5362
-64.4777
-64.4031
-64.3611
-64.3001
-68.2219
-68.3578
-68.5045
-68.6356
-65.3309
-65.3241
-65.3164
-65.3065
-65.3476
-65.3069
-65.3016
-65.2683
-66.2195
-66.2951
-65.1353
-65.1281
-65.1035
-65.0623
-65.0571
-65.0360
-64.9947
-64.9904
-64.9535
-64.9469
-64.9243
-64.9029
-64.8819
-65.5616
-65.5154
-65.4356
-65.1116
-64.7979
-64.7951
-64.7575
-64.7195
-64.5978
-64.5233
-64.4650
-64.4068
-64.3290
-65.2767
-65.2943
-68.3445
-68.4632
-68.6006
-68.7543
-65.2642
-65.2380
-65.2942
-65.2897
-65.7324
-66.4538
-66.4302
-65.1077
-65.0844
-65.0585
-65.0356
-65.0151
-65.0106
-64.9904
-64.9499
-64.9306
-64.9120
-64.9054
-64.8670
-65.2115
-65.5517
-65.5026
-65.4238
-65.0749
-64.7824
-64.7468
-64.7488
-64.7300
-64.7282
-64.6216
-64.5841
-64.5282
-64.4513
-64.3933
-65.2670
-65.2675
-65.2632
-65.2581
-65.2473
-68.4869
-68.6548
-68.6716
-68.8543
-66.8489
-66.7445
-66.7128
-65.1411
-65.0366
-65.0306
-65.0095
-64.9872
-64.9676
-64.9482
-64.9289
-64.9053
-64.8870
-64.8696
-64.8483
-65.6030
-65.5418
-65.4499
-65.4112
-64.7675
-64.7661
-64.7351
-64.7174
-64.7171
-64.6820
-64.6816
-64.5936
-64.5902
-64.5535
-64.5162
-64.4600
-65.2243
-65.2354
-65.2312
-65.2177
-65.2062
-65.1659
-65.1405
-68.5578
-69.0979
-66.7757
-65.1053
-65.0705
-64.9867
-64.9815
-64.9455
-64.9238
-64.9204
-64.9017
-64.8994
-64.8452
-64.8280
-65.2206
-65.5968
-65.4907
-65.4348
-65.0594
-64.7513
-64.7208
-64.7197
-64.7027
-64.6862
-64.6696
-64.6527
-64.6510
-64.5464
-64.5465
-64.5288
-64.5280
-64.4912
-65.2059
-65.1886
-65.1723
-65.1612
-65.1357
-65.1106
-65.0857
-65.0609
-65.0323
-65.0084
-65.0649
-65.0576
-65.0102
-64.9361
-64.9164
-64.8946
-64.8918
-64.8583
-64.8406
-64.8389
-64.8015
-65.6659
-65.5681
-65.4753
-65.4174
-64.7339
-64.7045
-64.7049
-64.6890
-64.6891
-64.6561
-64.6570
-64.6385
-64.6228
-64.6068
-64.5201
-64.5210
-64.4865
-64.4870
-64.4693
-68.0866
-68.0625
-65.1431
-65.1039
-65.0649
-65.0404
-65.0264
-65.0026
-64.9789
-64.9555
-64.9939
-64.9915
-64.9801
-64.8857
-64.8667
-64.8456
-64.8284
-64.8119
-64.8114
-64.7955
-65.6667
-65.5518
-65.4539
-65.0407
-64.7025
-64.6864
-64.6875
-64.6727
-64.6413
-64.6403
-64.6258
-64.6280
-64.5956
-64.5974
-64.5820
-64.4953
-64.4795
-64.4632
-64.4645
-64.4296
-68.0369
-68.0513
-68.0211
-67.9851
-65.0323
-64.9945
-64.9568
-64.9338
-64.9254
-64.9029
-64.8809
-64.9392
-64.9208
-64.8818
-64.8027
-64.7973
-64.7810
-64.7504
-65.1380
-65.6616
-65.5350
-65.4302
-64.6823
-64.6835
-64.6676
-64.6529
-64.6390
-64.6229
-64.6096
-64.6124
-64.5820
-64.5854
-64.5715
-64.5744
-64.5424
-64.4554
-64.4571
-64.4416
-64.4256
-64.4089
-65.0728
-67.8955
-67.9206
-67.9615
-67.9584
-67.9250
-67.8796
-64.8940
-64.8719
-64.8356
-64.8142
-64.8875
-64.8797
-64.8388
-64.7546
-64.7350
-64.7200
-65.6594
-65.6546
-65.4935
-65.0404
-64.6571
-64.6460
-64.6494
-64.6188
-64.6026
-64.6063
-64.5941
-64.5821
-64.5692
-64.5568
-64.5613
-64.5485
-64.5352
-64.5219
-64.4528
-64.4201
-64.4043
-64.4058
-64.3896
-64.9930
-64.9702
-64.9616
-67.7772
-67.8237
-67.8796
-67.9384
-67.9177
-67.8767
-64.8125
-64.7777
-64.8204
-64.8264
-64.8042
-64.7080
-64.6894
-65.8407
-65.6353
-65.4555
-64.6447
-64.6494
-64.6194
-64.6079
-64.5978
-64.5852
-64.5897
-64.5620
-64.5507
-64.5563
-64.5444
-64.5503
-64.5217
-64.5098
-64.5148
-64.5024
-64.4162
-64.4019
-64.3868
-64.3708
-64.3540
-64.9318
-64.9099
-64.8884
-64.8670
-64.8598
-64.8393
-67.7370
-67.8171
-67.9145
-68.0045
-68.0165
-68.1964
-64.8058
-64.7784
-66.1570
-66.1282
-65.6289
-65.4023
-64.6167
-64.6068
-64.5948
-64.5667
-64.5753
-64.5670
-64.5394
-64.5451
-64.5352
-64.5257
-64.5326
-64.5050
-64.5116
-64.5009
-64.4900
-64.4784
-64.4667
-64.3981
-64.3843
-64.3697
-64.3544
-64.3379
-64.8707
-64.8495
-64.8286
-64.8220
-64.7883
-64.7687
-64.7495
-64.7446
-67.6632
-67.7920
-67.9577
-68.1880
-68.5807
-66.4759
-65.6237
-64.5833
-64.5731
-64.5767
-64.5691
-64.5629
-64.5350
-64.5286
-64.5227
-64.5282
-64.5186
-64.4934
-64.5015
-64.4932
-64.4840
-64.4920
-64.4651
-64.4721
-64.4610
-64.4497
-64.3635
-64.3499
-64.3533
-64.3381
-64.3037
-66.8898
-64.7758
-64.7694
-64.7500
-64.7309
-64.7123
-64.7083
-64.6770
-64.6601
-64.6436
-64.6420
-67.8975
-65.6377
-64.5836
-64.5719
-64.5498
-64.5434
-64.5221
-64.5172
-64.5060
-64.5008
-64.4962
-64.4870
-64.4785
-64.4705
-64.4795
-64.4722
-64.4640
-64.4561
-64.4476
-64.4556
-64.4276
-64.4166
-64.3474
-64.3338
-64.3195
-64.3043
-64.3058
-66.8091
-66.8035
-66.7989
-66.7954
-64.6744
-64.6571
-64.6405
-64.6243
-64.6230
-64.5945
-64.5807
-64.5677
-64.5700
-64.5595
-64.5504
-64.5281
-64.5368
-64.5319
-64.5275
-64.5235
-64.5051
-64.4642
-64.4602
-64.4727
-64.4649
-64.4571
-64.4500
-64.4434
-64.4368
-64.4459
-64.4385
-64.4133
-64.4219
-64.4122
-64.4197
-64.3148
-64.3012
-64.3041
-64.2875
-64.2701
-66.7294
-66.7258
-66.7230
-66.7214
-66.7210
-66.7219
-66.7245
-64.5739
-64.5604
-64.5477
-64.5357
-64.5393
-64.5153
-64.5067
-64.4992
-64.5080
-64.5037
-64.5006
-64.4981
-64.4961
-64.4950
-64.4714
-64.4537
-64.4359
-64.4297
-64.4390
-64.4327
-64.4265
-64.4369
-64.4128
-64.4058
-64.4152
-64.4064
-64.3798
-64.3868
-64.3012
-64.2849
-64.2875
-64.2522
-64.2535
-66.6503
-66.6489
-66.6486
-66.6496
-66.6519
-66.6557
-66.6612
-66.6686
-66.6778
-66.6891
-64.4945
-64.4858
-64.4780
-64.4712
-64.4657
-64.4615
-64.4586
-64.4717
-64.4708
-64.4717
-64.4558
-64.4707
-64.4493
-64.4492
-64.4451
-64.4231
-64.4012
-64.3955
-64.4064
-64.3992
-64.3918
-64.3836
-64.3749
-64.3656
-64.3708
-64.2870
-64.2673
-64.2523
-64.2365
-64.2379
-66.5719
-66.5733
-66.5760
-66.5802
-66.5859
-66.5934
-66.6027
-66.6139
-66.6271
-66.6421
-66.6588
-66.6774
-64.4443
-64.4394
-64.4355
-64.4325
-64.4459
-64.4309
-64.4315
-64.4336
-64.4499
-64.4509
-64.4307
-64.4315
-64.4300
-64.4253
-64.4207
-64.3993
-64.3771
-64.3701
-64.3801
-64.3718
-64.3610
-64.3498
-64.3372
-64.2566
-64.2506
-64.2355
-64.2014
-64.2029
-66.4950
-66.4996
-66.5057
-66.5137
-66.5235
-66.5352
-66.5490
-66.5648
-66.5824
-66.6016
-66.6224
-66.6445
-66.6680
-66.6932
-66.7205
-64.4074
-64.4074
-64.4084
-64.4102
-64.4292
-64.4163
-64.4183
-64.3987
-64.4162
-64.4162
-64.4120
-64.4081
-64.4041
-64.3993
-64.3927
-64.3673
-64.3404
-64.3298
-64.3367
-64.3240
-64.2421
-64.2176
-64.2019
-64.2038
-64.1865
-66.4200
-66.4285
-66.4388
-66.4511
-66.4656
-66.4821
-66.5007
-66.5213
-66.5434
-66.5671
-66.5920
-66.6179
-66.6449
-66.6733
-66.7033
-66.7357
-66.7707
-66.8087
-64.3929
-64.3976
-64.4009
-64.4037
-64.3850
-64.3872
-64.3879
-64.4000
-64.3962
-64.3920
-64.3692
-64.3786
-64.3709
-64.3622
-64.3347
-64.3064
-64.2937
-64.2980
-64.2045
-64.1884
-64.1711
-64.1532
-66.3481
-66.3610
-66.3761
-66.3933
-66.4129
-66.4345
-66.4581
-66.4835
-66.5103
-66.5382
-66.5672
-66.5971
-66.6280
-66.6599
-66.6933
-66.7286
-66.7662
-66.8063
-66.8508
-66.8941
-64.3731
-64.3924
-64.3736
-64.3759
-64.3937
-64.3727
-64.3671
-64.3610
-64.3719
-64.3647
-64.3576
-64.3495
-64.3402
-64.3302
-64.3180
-64.2863
-64.1738
-64.1574
-64.1584
-64.1399
-66.2803
-66.2983
-66.3187
-66.3414
-66.3661
-66.3929
-66.4215
-66.4516
-66.4828
-66.5151
-66.5483
-66.5823
-66.6171
-66.6528
-66.6896
-66.7280
-66.7683
-66.8108
-66.8572
-66.9021
-66.9473
-66.9924
-66.9955
-64.3665
-64.3673
-64.3605
-64.3540
-64.3652
-64.3424
-64.3350
-64.3450
-64.3369
-64.3278
-64.3001
-64.3062
-64.2930
-64.1974
-64.1631
-64.1272
-64.1085
-66.2178
-66.2414
-66.2674
-66.2955
-66.3256
-66.3575
-66.3909
-66.4256
-66.4614
-66.4981
-66.5355
-66.5738
-66.6125
-66.6519
-66.6920
-66.7332
-66.7760
-66.8205
-66.8687
-66.9152
-66.9617
-67.0065
-67.0070
-67.0489
-67.0904
-67.1213
-64.3438
-64.3378
-64.3306
-64.3237
-64.3164
-64.3079
-64.2982
-64.3060
-64.2941
-64.2808
-64.1845
-64.1687
-64.1514
-64.1329
-66.1615
-66.1911
-66.2227
-66.2563
-66.2916
-66.3284
-66.3667
-66.4061
-66.4464
-66.4876
-66.5294
-66.5717
-66.6142
-66.6569
-66.7000
-66.7437
-66.7884
-66.8346
-66.8842
-66.9304
-66.9759
-67.0188
-67.0181
-67.0618
-67.1043
-67.1364
-67.1673
-67.1996
-64.3043
-64.3145
-64.3065
-64.2973
-64.3061
-64.2770
-64.2644
-64.2505
-64.1713
-64.1552
-64.1195
-64.1197
-66.1121
-66.1476
-66.1848
-66.2238
-66.2642
-66.3061
-66.3492
-66.3934
-66.4384
-66.4840
-66.5299
-66.5760
-66.6219
-66.6676
-66.7131
-66.7587
-66.8049
-66.8505
-66.8988
-66.9433
-66.9881
-67.0329
-67.0333
-67.0770
-67.1222
-67.1562
-67.1871
-67.2190
-67.2498
-67.2822
-67.3142
-64.2886
-64.2790
-64.2669
-64.2535
-64.2394
-64.1405
-64.1236
-64.1243
-64.1057
-66.0700
-66.1112
-66.1541
-66.1984
-66.2440
-66.2910
-66.3389
-66.3879
-66.4374
-66.4872
-66.5369
-66.5863
-66.6352
-66.6831
-66.7305
-66.7757
-66.8203
-66.8670
-66.9115
-66.9575
-67.0041
-67.0505
-67.0516
-67.0966
-67.1415
-67.1789
-67.2099
-67.2419
-67.2728
-67.3050
-67.3364
-67.3666
-67.3972
-67.4246
-64.2446
-64.2296
-64.1287
-64.1295
-64.0929
-64.0735
-66.0350
-66.0820
-66.1305
-66.1805
-66.2315
-66.2834
-66.3364
-66.3898
-66.4435
-66.4970
-66.5499
-66.6020
-66.6531
-66.7009
-66.7468
-66.7911
-66.8345
-66.8819
-66.9279
-66.9753
-67.0233
-67.0710
-67.1180
-67.1184
-67.1643
-67.2037
-67.2347
-67.2669
-67.2979
-67.3303
-67.3619
-67.3921
-67.4225
-67.4490
-67.4737
-67.4968
-67.3369
-64.1002
-64.0810
-64.0606
-66.0079
-66.0605
-66.1147
-66.1700
-66.2270
-66.2838
-66.3412
-66.3988
-66.4559
-66.5124
-66.5680
-66.6200
-66.6697
-66.7173
-66.7622
-66.8070
-66.8522
-66.9008
-66.9479
-66.9963
-67.0452
-67.0939
-67.1419
-67.1423
-67.1890
-67.2304
-67.2614
-67.2935
-67.3246
-67.3573
-67.3893
-67.4197
-67.4504
-67.4770
-67.5016
-67.5241
-67.3588
-67.3757
-67.3918
-64.0495
-65.9892
-66.0476
-66.1073
-66.1679
-66.2294
-66.2918
-66.3531
-66.4140
-66.4740
-66.5307
-66.5847
-66.6371
-66.6859
-66.7338
-66.7809
-66.8274
-66.8738
-66.9232
-66.9710
-67.0199
-67.0695
-67.1190
-67.1677
-67.1679
-67.2153
-67.2588
-67.2895
-67.3216
-67.3527
-67.3856
-67.4178
-67.4488
-67.4798
-67.5067
-67.5315
-67.5542
-67.3846
-67.4011
-67.4161
-67.4280
