-71.8706
-70.7632
-69.8101
-69.1859
-68.9762
-68.9154
-65.5785
-65.5678
-65.5723
-65.6674
-72.2249
-71.7518
-71.3680
-71.1362
-70.8553
-70.6698
-70.3525
-70.3275
-70.2470
-70.1798
-74.2981
-74.0859
-74.4691
-74.0505
-74.8523
-74.4357
-74.2374
-74.2981
-74.9276
-74.8378
-74.0217
-75.2548
-74.9819
-74.7602
-74.2815
-73.9304
-70.8816
-69.7366
-68.9174
-68.6589
-65.2764
-65.2821
-65.2994
-65.3032
-75.8120
-72.1426
-71.5933
-71.2664
-70.9994
-70.6926
-70.5252
-70.3073
-70.1430
-70.0740
-70.0184
-76.0318
-75.4010
-74.6385
-74.2885
-74.1631
-74.0297
-73.9718
-74.0724
-76.1576
-76.2911
-75.5919
-75.2963
-74.1370
-74.2555
-73.8166
-69.5036
-68.6258
-65.0294
-65.0098
-64.9910
-64.9870
-72.1224
-71.4030
-71.1324
-70.8332
-70.5673
-70.2977
-70.1878
-70.1100
-69.9238
-69.8807
-75.9402
-74.1551
-73.8701
-73.8243
-73.7196
-73.3844
-71.8101
-71.6300
-76.0462
-74.1608
-73.9037
-74.1414
-72.4783
-64.7775
-64.7293
-64.7094
-64.6917
-64.7049
-69.9838
-72.2321
-71.5271
-71.0687
-70.6660
-70.2351
-70.1341
-70.0139
-69.9959
-69.9327
-69.9101
-78.9397
-74.8724
-73.6912
-73.5033
-73.2458
-71.5996
-71.5396
-71.3867
-73.0871
-72.8955
-75.2687
-72.7575
-72.5660
-72.3880
-71.2006
-64.3942
-64.3713
-64.3889
-64.3933
-72.4949
-71.7261
-71.1666
-70.7648
-69.9611
-69.7947
-69.7590
-69.7279
-69.6423
-69.6498
-74.4076
-73.8318
-74.7891
-74.1168
-73.5845
-71.4672
-71.3599
-71.2833
-73.7656
-73.7181
-73.3943
-72.9448
-72.6159
-72.5673
-71.6174
-71.4887
-71.3602
-71.2832
-71.2371
-64.0407
-64.0451
-64.0553
-73.1099
-72.1746
-71.4831
-69.9084
-69.6932
-69.5625
-69.4240
-69.3856
-69.3726
-69.3457
-74.9142
-74.0117
-73.2657
-74.7615
-72.1570
-71.6481
-71.3808
-71.3338
-75.4213
-75.0536
-74.3983
-73.7159
-73.4449
-73.0097
-72.5120
-72.1515
-71.7136
-71.5860
-71.3249
-71.4279
-71.3859
-63.7173
-63.7143
-63.8284
-74.5551
-73.0616
-69.9306
-69.6726
-69.4346
-69.2886
-69.1825
-69.1329
-69.0433
-69.0491
-73.8202
-75.7033
-74.5137
-73.6502
-72.7218
-72.2246
-71.4104
-71.2242
-71.0903
-76.2179
-75.4621
-74.6135
-73.9530
-73.7418
-73.1145
-72.6580
-72.2991
-71.6394
-71.5419
-71.6930
-71.6513
-71.6093
-63.3726
-63.4044
-72.9974
-75.5406
-72.8533
-69.7691
-69.4750
-69.2051
-69.0353
-68.9160
-68.8598
-68.8064
-68.8099
-76.2271
-76.1642
-74.9370
-74.3452
-73.2180
-71.3489
-71.1204
-70.9468
-70.8234
-76.5122
-75.8757
-74.9944
-74.2177
-73.9562
-73.3691
-72.9648
-72.5762
-71.9472
-71.6360
-71.7152
-71.8998
-71.8630
-63.0390
-72.7623
-70.1277
-69.6746
-69.3298
-69.0369
-68.8455
-68.7003
-68.6295
-68.6046
-76.2135
-74.4648
-71.3817
-71.0883
-70.8670
-70.6851
-70.4688
-78.9749
-77.3585
-74.1009
-74.0086
-74.0623
-73.7033
-73.2753
-72.8596
-72.2391
-71.9112
-71.9832
-71.9108
-72.0934
-71.1473
-70.2951
-69.6583
-69.3070
-68.9672
-68.7454
-68.5881
-68.4868
-68.4580
-76.8610
-71.5750
-71.0614
-70.8025
-70.6255
-70.4322
-70.2899
-70.4556
-78.7732
-77.5937
-74.8892
-74.3791
-73.8017
-73.8438
-73.6688
-73.4786
-73.1641
-72.3323
-72.1961
-72.2524
-72.1697
-72.1476
-67.9510
-75.9988
-71.9126
-70.8069
-70.0558
-69.5133
-69.0425
-68.8178
-68.6240
-68.4945
-68.4542
-76.7174
-73.1983
-72.3554
-71.5043
-71.0458
-70.6378
-70.3390
-70.1635
-70.0623
-70.0789
-79.8808
-77.6446
-75.0692
-74.8356
-74.1427
-73.8111
-73.4298
-73.4628
-73.2812
-72.4790
-72.4314
-72.3953
-75.2309
-74.3674
-73.2431
-71.4332
-70.7566
-70.0908
-69.5241
-69.0894
-68.8402
-68.6717
-68.6063
-73.7812
-72.6413
-71.5928
-71.0763
-70.6455
-70.3190
-70.0126
-69.8333
-78.2261
-75.0002
-74.7999
-74.5844
-73.7983
-73.6566
-73.5200
-73.2730
-73.1087
-72.3716
-72.3278
-71.7601
-71.0939
-70.6719
-70.2268
-69.9769
-69.6441
-69.2945
-69.0418
-68.9177
-68.9761
-75.0378
-73.4873
-72.1138
-71.3623
-70.7977
-70.4356
-70.1348
-69.9037
-69.8681
-77.3705
-75.0418
-74.7461
-74.5320
-73.7499
-73.6199
-73.5017
-73.3925
-73.3391
-72.7375
-72.2796
-73.2534
-70.4640
-70.0208
-69.6879
-69.4492
-69.3174
-69.2147
-69.1489
-69.1623
-69.1765
-74.8975
-73.5209
-72.5110
-73.1479
-72.1209
-71.3904
-70.8544
-70.4304
-70.1693
-69.9780
-74.7893
-74.5447
-74.3469
-74.0035
-73.4393
-73.3376
-73.2491
-73.1697
-73.2202
-72.8187
-73.4220
-74.1611
-75.6946
-69.3941
-69.0822
-68.8445
-68.7060
-66.1711
-66.2498
-66.3535
-75.7907
-74.0346
-72.3968
-71.9819
-71.6246
-71.3346
-71.1047
-70.7087
-76.0390
-74.7791
-74.5479
-74.1783
-74.0244
-73.7738
-73.2680
-73.2064
-73.1260
-73.0556
-72.7965
-74.3884
-74.0244
-74.4941
-75.8925
-76.1590
-65.3242
-65.4024
-65.4954
-65.5951
-65.6960
-65.8256
-74.6674
-72.3585
-71.7303
-71.3223
-71.0523
-70.8125
-70.6293
-75.2259
-74.4710
-74.2689
-74.0973
-73.8880
-73.6222
-73.4948
-73.0412
-73.0055
-72.9585
-74.8421
-75.0133
-75.0807
-75.0099
-75.5588
-76.2258
-76.4413
-76.3243
-64.6625
-64.8103
-64.9542
-65.0896
-65.2464
-65.3954
-74.1315
-75.7543
-73.5508
-72.4964
-71.7284
-71.1767
-70.7581
-70.4877
-70.2873
-70.4038
-78.9808
-76.9815
-74.2709
-74.1751
-73.9852
-73.8114
-73.5433
-73.3626
-73.2383
-72.8204
-72.7821
-76.1078
-75.7000
-75.7480
-75.6201
-75.5070
-75.9238
-76.4914
-76.0170
-74.7374
-74.6728
-64.0265
-64.2280
-64.4156
-64.6108
-64.7845
-73.7689
-74.4232
-73.0118
-71.9910
-71.2376
-70.7218
-70.3514
-70.0844
-70.0203
-69.9603
-69.9194
-74.3646
-74.1120
-73.8845
-73.7020
-73.4354
-73.2930
-73.1517
-73.0045
-77.5717
-76.7445
-76.4780
-76.2204
-75.7122
-75.6875
-75.4602
-75.8244
-74.5406
-74.4851
-74.4440
-61.4629
-61.6630
-61.8635
-75.6181
-72.5080
-71.5752
-71.7287
-70.9987
-70.4778
-70.1079
-69.9538
-69.8182
-76.7722
-75.4905
-74.2710
-74.0642
-73.8479
-73.6396
-73.3489
-73.1941
-73.0605
-72.9401
-76.9893
-76.2919
-76.6269
-75.7549
-74.9966
-73.7847
-74.3734
-74.7035
-74.3877
-74.3242
-61.1425
-61.3571
-68.9381
-75.2238
-73.6421
-71.8733
-71.4063
-70.8019
-70.3731
-70.2006
-68.0505
-77.9031
-74.0210
-73.4598
-73.5424
-73.3060
-73.1159
-72.8628
-72.9686
-72.8393
-71.1799
-71.1788
-76.6732
-76.1663
-73.8332
-73.5787
-75.7344
-76.1459
-74.5890
-74.5119
-74.4353
-76.4055
-61.0949
-71.3093
-69.1657
-76.4532
-74.3594
-73.0405
-72.1382
-70.9545
-70.2790
-69.8057
-67.7902
-67.8196
-73.9797
-73.7173
-73.4618
-73.1794
-73.0445
-72.7749
-72.6220
-72.4920
-70.6361
-70.7795
-77.9638
-73.6416
-79.0520
-78.0674
-76.7646
-75.9345
-74.1439
-74.3842
-76.4304
-77.0018
-75.2790
-61.2532
-70.6125
-69.2650
-74.0238
-72.0421
-70.0581
-67.4371
-67.4544
-67.4779
-75.5831
-77.0751
-73.8762
-73.6317
-73.3789
-73.1460
-72.9266
-72.6638
-72.4647
-70.5650
-70.5039
-70.6322
-73.5444
-73.8543
-74.0475
-79.0266
-76.8919
-73.9037
-73.9587
-76.8198
-77.4254
-75.2984
-77.2038
-63.5075
-74.2674
-71.5006
-70.3407
-67.0815
-67.0765
-67.1905
-67.2058
-67.2278
-73.5886
-73.4174
-73.2295
-73.0395
-72.8177
-72.5433
-72.3713
-70.3985
-70.3125
-73.5578
-74.1061
-74.3668
-74.5942
-74.6605
-75.2315
-74.0143
-73.7931
-77.3517
-78.1747
-76.9469
-75.1080
-77.1309
-71.4720
-71.7698
-66.8560
-66.8442
-66.8514
-66.8693
-66.8931
-66.9855
-73.6069
-73.2569
-72.9591
-72.8196
-72.6492
-72.4136
-70.3335
-70.2558
-75.0258
-74.9448
-75.2131
-75.1311
-75.1276
-75.1703
-75.6100
-75.7772
-75.8687
-75.2496
-73.7805
-79.7548
-78.2384
-75.1223
-77.1023
-77.5296
-66.4355
-66.4020
-66.5282
-66.5449
-66.5639
-66.5665
-66.6043
-66.6370
-66.6727
-73.3853
-73.0752
-72.8086
-72.5751
-72.3413
-70.2666
-70.1414
-70.0917
-78.9383
-77.1179
-76.4817
-76.0726
-75.7594
-75.8367
-76.1694
-76.2397
-74.6987
-74.2215
-73.8633
-75.3148
-77.0677
-77.6841
-78.1474
-66.1229
-66.0793
-66.0740
-66.2341
-66.2563
-66.2779
-66.3347
-68.9091
-73.9108
-73.2445
-72.8819
-72.5811
-72.3302
-72.1155
-69.9949
-69.8919
-69.7216
-78.9799
-75.5297
-76.7772
-76.3798
-76.6618
-76.6433
-74.6251
-74.1959
-73.7412
-77.3173
-79.7019
-79.2235
-78.1196
-65.7687
-65.7916
-65.8155
-68.5589
-68.6455
-68.5723
-73.7703
-73.0762
-72.6858
-72.3399
-72.0524
-69.8284
-69.7479
-69.5027
-69.4163
-76.2066
-78.5310
-77.7968
-76.9198
-77.2475
-77.1373
-74.0758
-73.6351
-73.1869
-76.1305
-75.7456
-80.1338
-78.0889
-68.4495
-68.3080
-68.1976
-68.0941
-68.0158
-75.4328
-73.6382
-72.9154
-72.4523
-72.0804
-71.7682
-69.5749
-69.4849
-69.2153
-69.1708
-69.2714
-69.2476
-74.1057
-76.5174
-80.0879
-78.2718
-78.3773
-77.9774
-73.9761
-73.4495
-75.6863
-76.5078
-76.9249
-76.7472
-74.8755
-78.5197
-67.7577
-67.6698
-67.6116
-67.5920
-67.6684
-73.6417
-72.7652
-72.2042
-71.7641
-69.4213
-69.3183
-69.0460
-68.9457
-68.8955
-68.8596
-77.7935
-76.3252
-75.4560
-74.7663
-75.1051
-78.8167
-74.0893
-73.2539
-77.4851
-77.4015
-77.6999
-76.9068
-76.4393
-74.6736
-73.2012
-67.0461
-67.0160
-67.0220
-67.1030
-75.2927
-73.8130
-72.6421
-71.9374
-71.4103
-69.1393
-68.8246
-68.7513
-68.6960
-68.6203
-68.5787
-80.8342
-78.4352
-76.6817
-75.7854
-74.6200
-74.1563
-74.2565
-78.7684
-78.7404
-78.5697
-78.3877
-77.2674
-76.6431
-74.6774
-74.2034
-73.7969
-73.0266
-72.6880
-66.3263
-66.3800
-66.4463
-73.1147
-72.5484
-71.6575
-69.0030
-68.6045
-68.5194
-68.4388
-68.3783
-68.3077
-68.2795
-82.2806
-80.5622
-77.1637
-75.6302
-74.5395
-71.8112
-71.5507
-74.4223
-79.5122
-78.7396
-78.0374
-77.2223
-76.6683
-74.1709
-73.6444
-73.2097
-72.8079
-72.5942
-72.3790
-70.1582
-65.5787
-65.7800
-74.4769
-72.3789
-68.7109
-68.4460
-68.3206
-68.1990
-68.1159
-68.0516
-67.9800
-67.9501
-80.1320
-75.5027
-71.5941
-71.1298
-70.7949
-68.3780
-68.3236
-80.7455
-78.5509
-77.9806
-77.1553
-74.2990
-73.5639
-72.9259
-72.4807
-72.1171
-69.8335
-69.8167
-69.8189
-65.4413
-65.6858
-73.4896
-72.2252
-68.2446
-68.0659
-67.8113
-67.8521
-67.7664
-67.7058
-67.6385
-67.6089
-67.7039
-73.7343
-71.4734
-70.5515
-67.9054
-67.9442
-67.9847
-67.9959
-68.0585
-68.1510
-79.4926
-78.2325
-74.5183
-73.4411
-72.6671
-72.1104
-69.7451
-69.7084
-69.6493
-69.6316
-69.5095
-74.5220
-74.3118
-68.4015
-67.8013
-67.6428
-67.5194
-67.3367
-67.2796
-67.3210
-67.2665
-67.2443
-67.3151
-67.3274
-67.3547
-67.5039
-67.5363
-67.5504
-67.5971
-67.6437
-67.6837
-67.6953
-67.7426
-67.8032
-67.8878
-67.9736
-78.8271
-73.3356
-72.2125
-69.5461
-69.5428
-69.5395
-69.4749
-69.4781
-69.4575
-69.3458
-74.6391
-67.5030
-67.2985
-67.1456
-67.0376
-66.9561
-66.8994
-66.8065
-66.7998
-66.8345
-66.8947
-66.9318
-66.9480
-66.9836
-67.0210
-67.1710
-67.2176
-67.2832
-67.3389
-67.3925
-67.4464
-67.5122
-69.5967
-69.5245
-69.5152
-69.5091
-73.5046
-69.4046
-69.3400
-69.3247
-69.3243
-69.2751
-69.2813
-69.2887
-69.1970
-69.1835
-67.6917
-67.2632
-66.9258
-66.6319
-66.5610
-66.4659
-66.4079
-66.3788
-66.3614
-66.3627
-66.3252
-66.4073
-66.4766
-66.5310
-66.5779
-66.6258
-66.6764
-69.7780
-69.8650
-70.1881
-70.2752
-69.6209
-69.5037
-69.4387
-69.3796
-69.3078
-69.2290
-69.2300
-69.2273
-69.3881
-69.2315
-69.1693
-69.1458
-69.1114
-69.1144
-69.0775
-69.0878
-69.0991
-69.0201
-69.0334
-66.4739
-66.1629
-65.9828
-65.8478
-65.7452
-65.7651
-65.7639
-65.7837
-65.8173
-65.8413
-65.8895
-74.7928
-72.9490
-72.1787
-71.7365
-71.5240
-71.4029
-71.3396
-71.3136
-69.3994
-69.3026
-69.2291
-69.1661
-69.1146
-69.0729
-69.0164
-68.9690
-68.9286
-68.9155
-68.8137
-68.9443
-68.9261
-68.8947
-68.8614
-68.8753
-68.8921
-68.9090
-68.8415
-68.8627
-65.1004
-65.0143
-64.9809
-64.9757
-65.0047
-65.0528
-65.1136
-65.1853
-65.2532
-74.2426
-74.8933
-73.0953
-72.6817
-72.1031
-71.2796
-69.0280
-68.9367
-68.8590
-68.9387
-68.8837
-68.8399
-68.8040
-68.7648
-68.7139
-68.6888
-68.6950
-68.5694
-68.5803
-68.5863
-68.5877
-68.6566
-68.6745
-68.6953
-68.6341
-68.6615
-68.6905
-63.6876
-63.8389
-63.9749
-64.1106
-64.2296
-64.3574
-64.4829
-64.6380
-76.9458
-80.0959
-73.9838
-72.0383
-68.9340
-68.8182
-68.7196
-68.6347
-68.5710
-68.5184
-68.5929
-68.5479
-68.5223
-68.5013
-68.4752
-68.4361
-68.3451
-68.3487
-68.3328
-68.3599
-68.3414
-68.3598
-68.3892
-68.4981
-68.4486
-68.4812
-68.5143
-59.6358
-62.4292
-62.7966
-63.0981
-63.3519
-63.5813
-63.7983
-79.4769
-72.0767
-68.7384
-68.6278
-68.5206
-68.4172
-68.3271
-68.2681
-68.2239
-68.2073
-68.1602
-68.2102
-68.1825
-68.1566
-68.1607
-68.0927
-68.1236
-68.1236
-68.0872
-68.1238
-68.1498
-68.1831
-68.1446
-68.1849
-68.2265
-68.3362
