-63.3003
-64.5883
-64.7505
-64.9136
-65.0801
-65.3738
-65.4533
-63.3473
-63.3549
-63.3917
-63.4068
-65.4273
-65.4439
-65.5245
-65.5778
-65.6362
-65.7000
-63.6614
-63.7416
-63.8058
-63.8693
-63.9044
-66.0376
-66.1664
-66.0934
-65.9068
-63.8609
-63.9725
-66.3424
-66.3865
-64.1529
-64.2364
-66.9767
-67.8614
-67.7012
-67.4221
-67.1358
-66.7282
-64.2695
-64.1940
-63.1878
-63.2877
-64.6512
-64.8570
-65.1085
-65.2831
-65.3818
-63.2970
-63.2598
-63.2957
-63.3079
-65.3330
-65.3567
-65.4276
-65.4797
-63.4925
-63.5491
-63.5857
-63.6770
-63.7413
-65.9186
-65.9553
-65.9581
-66.0890
-66.0183
-65.8361
-63.8322
-63.8882
-66.2826
-66.3263
-64.0696
-64.2204
-66.9098
-67.8481
-67.6767
-67.3835
-67.0835
-66.6576
-64.1777
-64.1006
-64.2322
-63.0971
-64.5847
-64.7569
-65.0126
-65.1917
-65.3110
-65.2195
-63.1642
-63.1992
-63.2115
-65.2396
-65.2659
-63.3210
-63.3699
-63.4242
-63.4570
-63.5472
-65.6738
-65.7541
-65.7903
-65.8764
-65.8791
-66.0115
-65.8598
-65.7650
-63.7456
-63.8026
-66.2239
-66.3231
-63.9810
-64.1990
-66.8389
-67.8411
-67.6574
-67.3411
-67.0325
-66.5851
-64.0823
-64.0215
-64.1506
-63.0269
-64.4779
-64.6576
-64.9155
-65.1505
-65.2391
-65.1445
-63.0683
-63.0790
-61.7601
-63.1603
-63.1961
-63.2520
-63.3006
-65.3527
-65.3869
-65.5082
-65.5896
-65.6703
-65.7098
-65.7748
-65.7993
-65.9333
-65.7916
-65.7834
-63.6572
-63.7128
-66.1496
-66.2557
-63.8903
-64.1996
-66.7682
-67.8409
-67.6414
-67.3072
-66.9809
-66.5120
-64.0026
-63.9253
-64.0302
-62.9353
-64.3694
-64.6288
-64.8176
-65.0588
-65.1709
-65.0725
-61.6259
-61.6435
-61.6844
-63.1001
-63.1277
-65.1470
-65.2006
-65.2221
-65.3438
-65.4234
-65.5043
-65.5417
-65.6285
-65.6930
-65.7188
-65.7546
-65.7201
-65.7037
-63.5629
-63.6194
-66.1421
-66.1891
-63.8025
-64.1755
-66.6936
-67.8471
-67.6297
-67.2785
-66.9339
-66.4408
-63.9063
-63.8285
-63.9072
-62.8432
-62.8979
-64.5240
-64.7666
-64.9686
-63.0385
-62.9911
-61.5506
-61.5678
-62.9288
-62.9490
-64.9955
-65.0640
-65.1104
-65.1404
-65.2573
-65.3370
-65.4171
-65.4581
-65.5248
-65.6100
-65.6336
-65.6732
-65.6413
-65.6206
-63.4673
-63.5252
-66.0779
-66.1213
-63.7073
-64.1486
-66.6181
-67.8591
-67.6275
-67.2587
-66.8926
-66.4023
-62.5644
-62.5001
-63.7818
-63.9778
-62.7409
-62.5604
-62.7339
-62.8789
-62.9939
-62.9409
-62.8338
-62.7981
-62.8334
-62.8574
-64.9094
-64.9750
-64.9805
-65.0938
-65.1696
-65.2484
-65.2868
-65.3714
-65.4335
-65.5161
-65.5037
-65.5844
-65.6518
-65.5365
-63.3692
-63.4279
-66.0122
-66.0542
-63.6162
-64.1434
-66.5433
-68.0092
-67.6284
-67.2838
-64.5903
-64.3569
-62.4875
-62.4220
-63.6548
-62.1606
-61.3533
-62.4870
-62.6662
-62.8155
-64.9951
-64.8874
-64.7883
-62.7082
-62.7224
-62.7647
-64.8232
-64.8839
-64.8969
-65.0046
-65.0800
-65.1584
-65.1918
-65.2752
-65.3373
-65.4212
-65.4126
-65.4931
-65.5675
-65.4473
-63.2313
-63.3562
-65.9505
-65.9910
-63.5195
-64.1153
-66.4701
-64.1677
-64.9969
-64.8137
-64.5901
-64.3158
-62.3972
-63.5198
-61.9184
-62.0744
-61.2818
-64.2623
-64.4890
-64.7174
-64.9468
-64.8348
-64.7286
-62.6176
-62.6305
-62.6711
-64.7366
-64.7300
-64.8525
-64.9086
-64.9785
-65.0121
-65.0935
-65.1567
-65.2391
-65.3222
-65.3204
-65.4858
-65.4812
-65.3578
-63.1301
-63.2564
-65.8941
-65.9393
-62.1748
-62.6598
-64.2325
-64.1130
-65.0126
-64.8391
-66.8710
-66.3176
-63.5033
-63.4255
-61.8228
-63.6886
-63.9217
-62.6342
-64.4012
-64.6388
-64.8584
-64.7833
-64.6704
-62.5217
-62.5371
-62.5763
-64.6455
-64.6341
-64.7502
-64.8060
-64.8786
-64.9113
-64.9916
-65.0529
-65.1353
-65.1293
-65.2223
-65.3880
-65.3948
-65.2681
-63.0598
-63.1562
-63.8160
-63.8603
-62.0979
-62.5860
-64.1840
-66.1036
-67.7783
-67.4079
-66.8857
-66.2681
-63.4092
-63.3171
-63.2752
-63.5701
-63.8128
-62.4586
-64.3119
-64.5593
-64.7573
-64.7282
-64.6133
-62.4326
-62.4397
-62.4505
-64.5099
-64.5759
-64.6469
-64.6998
-64.7314
-64.8040
-64.9447
-64.9469
-65.0308
-65.0288
-65.1238
-65.2898
-65.3091
-63.3351
-61.7730
-61.8577
-63.7858
-63.8289
-63.2327
-63.8805
-66.2803
-66.0372
-67.9303
-67.4880
-66.8456
-66.2132
-63.2761
-63.2189
-63.1464
-63.4480
-63.7406
-62.3777
-64.2193
-64.4787
-64.6543
-64.6758
-64.5505
-62.3988
-62.3373
-62.3462
-62.3636
-64.4710
-64.5372
-64.5896
-64.6186
-64.6960
-64.7575
-64.8401
-64.8428
-64.9329
-63.2358
-63.3064
-63.3436
-63.3052
-61.6892
-61.7771
-65.7912
-65.8355
-63.1398
-63.7917
-66.2260
-65.9458
-68.0287
-67.5064
-66.8752
-66.2009
-63.1765
-63.1197
-63.0691
-63.3213
-63.6241
-62.2901
-64.1583
-64.3926
-64.5398
-64.6143
-64.4760
-64.3614
-62.2327
-62.2170
-62.2800
-64.3629
-64.4251
-64.4480
-64.5085
-64.6434
-64.6488
-64.7333
-62.9544
-63.0342
-63.1660
-63.2397
-63.2837
-65.0636
-62.7596
-62.8637
-65.7987
-65.8678
-63.0346
-63.6835
-66.1408
-65.9080
-68.0355
-67.6439
-66.9526
-66.1987
-63.0769
-63.0311
-62.9278
-63.2253
-63.5021
-63.7842
-62.2201
-64.2976
-64.4207
-64.5284
-64.4118
-64.2807
-62.1242
-62.1102
-62.1743
-64.2543
-64.3127
-64.3362
-64.3983
-62.7173
-62.7880
-62.8612
-62.8817
-63.0155
-64.9190
-65.0733
-65.0753
-64.9865
-62.6632
-62.7676
-65.7945
-65.8610
-62.9345
-63.5885
-66.1099
-65.8428
-67.8971
-67.8106
-67.0604
-66.2657
-62.9967
-62.9561
-62.7780
-63.0804
-63.3660
-63.6612
-62.0764
-64.2494
-64.2909
-64.4006
-64.3388
-64.2017
-61.9931
-62.0252
-62.0407
-64.1452
-62.4694
-62.5229
-62.5900
-62.6389
-62.7105
-62.7331
-64.5478
-64.7264
-64.8300
-64.9870
-65.0540
-64.8845
-62.5501
-62.6537
-65.8481
-65.9148
-62.8384
-63.4928
-66.0609
-65.7418
-67.9597
-68.1382
-67.3095
-66.3203
-62.9099
-62.8535
-62.6293
-62.9262
-63.2229
-63.5283
-61.9855
-64.1332
-64.1631
-64.2627
-64.2669
-64.1243
-61.8854
-61.9170
-60.8155
-62.3628
-62.3909
-62.4434
-62.5171
-64.2489
-64.3381
-64.3528
-64.5325
-64.6357
-64.7151
-64.8717
-64.9522
-64.7962
-64.6606
-62.5039
-65.9564
-66.0474
-62.7388
-63.4413
-66.0595
-65.7157
-67.8435
-68.4939
-67.5933
-66.4318
-62.8080
-62.8072
-62.4900
-62.7607
-63.0704
-63.3913
-61.8819
-64.0229
-64.0342
-64.1374
-64.1966
-62.2836
-60.7595
-60.7077
-60.7277
-60.7545
-63.9579
-64.0249
-64.0737
-64.1497
-64.1658
-64.2344
-64.4119
-64.5143
-64.6193
-64.8274
-64.8749
-64.7140
-64.5725
-62.4038
-66.4235
-66.3040
-62.6588
-66.3272
-65.9660
-65.6479
-67.7503
-68.9868
-68.0131
-66.8471
-62.7721
-62.7269
-62.3133
-62.6025
-62.9118
-63.2498
-63.5986
-61.7679
-62.1982
-62.2532
-62.3473
-62.2344
-62.1787
-60.6263
-61.7210
-61.7200
-63.8620
-63.9264
-63.9501
-64.0235
-64.0409
-64.1370
-64.3113
-64.4157
-64.5225
-64.7328
-64.7823
-64.8247
-64.5187
-62.3208
-66.6049
-66.6930
-62.5725
-66.3028
-65.9176
-65.5664
-67.8783
-70.0528
-69.0546
-67.3674
-62.6954
-62.6102
-62.1404
-62.4212
-62.7465
-63.1035
-61.8554
-60.5223
-62.1075
-62.1619
-62.2314
-63.9247
-63.7900
-61.6054
-61.5977
-61.6175
-63.7479
-63.7991
-63.8392
-63.9171
-63.9331
-64.1065
-64.2095
-64.3159
-64.6645
-64.8355
-64.7278
-64.5826
-64.4258
-62.2144
-67.3695
-67.5260
-62.4695
-66.4419
-66.1249
-65.7306
-67.9285
-71.3823
-70.2788
-68.1868
-62.5530
-62.4860
-54.4489
-60.9339
-61.2058
-61.4780
-61.7656
-60.4545
-63.7080
-63.7573
-63.8523
-63.8742
-63.7312
-61.4865
-61.4790
-61.5030
-63.6460
-63.6583
-63.7293
-63.7473
-63.8278
-64.1268
-64.2313
-64.2491
-64.4060
-64.5739
-64.6867
-64.4958
-64.3372
-62.1067
-69.2309
-70.3807
-62.4846
-66.5943
-66.0972
-65.6024
-67.6568
-72.5011
-72.0273
-70.1190
-62.4438
-62.4336
-54.1146
-60.7879
-61.0718
-62.8065
-63.2281
-61.4628
-63.6111
-63.6390
-63.7427
-63.7939
-63.6406
-61.3586
-61.3714
-61.3953
-63.5449
-63.5489
-63.7378
-63.7556
-63.9112
-63.9273
-64.0333
-64.1433
-64.3016
-64.4713
-64.5869
-64.4090
-64.2660
-62.0108
-62.1107
-62.3129
-67.9657
-65.9212
-65.5114
-67.5666
-74.2793
-62.4100
-62.3323
-54.0296
-61.8547
-62.2338
-62.6558
-63.1064
-63.5327
-61.3071
-63.4899
-63.6154
-63.7422
-63.5773
-61.3430
-61.2713
-61.3590
-63.4839
-63.5522
-63.4691
-63.5537
-63.7132
-63.8158
-63.9235
-64.0792
-64.1959
-64.3679
-64.5106
-64.3453
-64.1708
-61.9438
-62.0455
-62.1138
-62.1811
-67.8483
-65.9040
-65.4657
-67.3085
-62.2983
-62.2119
-54.1807
-54.1272
-62.0225
-62.4839
-62.9466
-63.4395
-61.1813
-63.4027
-63.4865
-63.6410
-63.6092
-63.4481
-61.2324
-61.2453
-61.2067
-63.3552
-63.3536
-63.4416
-63.6093
-63.7027
-63.8123
-63.9941
-64.1118
-64.2867
-64.4882
-64.3372
-64.1535
-61.8349
-61.9365
-62.0053
-62.0731
-67.7543
-65.8936
-65.4264
-64.9174
-62.2889
-62.1771
-62.0938
-54.0878
-54.0300
-61.8097
-62.2990
-62.8040
-63.3390
-61.1114
-63.4111
-63.5159
-63.6343
-63.5467
-63.3078
-61.0700
-61.0838
-61.0917
-63.2395
-63.2365
-63.3887
-63.6294
-63.6096
-63.7631
-63.8812
-64.0798
-64.2576
-64.3909
-64.2603
-64.0623
-61.7235
-61.7855
-61.8914
-61.9542
-67.6576
-65.9178
-65.4306
-64.8463
-64.3593
-62.1472
-62.0494
-61.9672
-53.9970
-53.9385
-61.5861
-62.1006
-62.7764
-63.3275
-63.4647
-63.2963
-63.2915
-63.3710
-63.4007
-63.2413
-60.9563
-60.9452
-60.9754
-63.0219
-63.1373
-63.2893
-63.3935
-63.4922
-63.7242
-63.8472
-63.9704
-64.1034
-64.2894
-64.1785
-63.9693
-61.6103
-61.6718
-61.7790
-61.8419
-67.5586
-68.0192
-65.4022
-64.7437
-64.2344
-62.0128
-61.8843
-61.7748
-53.9053
-53.8612
-53.8051
-61.9755
-62.6131
-63.2189
-63.8243
-60.8864
-63.1508
-63.2687
-63.3631
-63.1785
-60.8423
-60.9074
-60.8703
-62.9278
-63.0795
-63.2371
-63.3453
-63.5013
-63.6054
-63.7370
-63.8658
-63.9975
-64.1863
-64.1623
-63.8759
-61.4958
-61.5373
-61.6364
-61.7078
-67.3849
-68.1118
-65.3997
-64.6627
-64.1262
-61.9066
-61.8200
-61.7480
-61.6749
-53.8264
-53.7674
-53.7060
-61.6627
-62.3279
-63.0834
-63.7922
-60.7768
-62.9821
-63.1276
-63.3794
-63.2061
-62.9175
-60.7222
-60.7130
-62.8828
-63.0271
-63.1118
-63.2175
-63.3859
-63.4961
-63.6237
-63.7554
-63.8899
-64.0432
-64.0419
-63.7479
-61.3603
-61.4232
-61.5222
-61.5940
-67.2878
-68.3965
-65.4631
-64.7605
-64.0508
-61.8053
-61.7038
-61.6284
-61.5541
-53.7298
-53.6622
-53.6004
-61.3841
-62.1294
-62.9786
-63.7754
-60.7200
-62.9861
-63.0278
-63.1745
-63.0782
-62.9102
-60.6441
-60.6228
-62.8227
-62.8987
-62.9923
-63.1027
-63.2640
-63.3777
-63.4730
-63.6029
-63.7448
-63.9442
-63.9618
-63.6565
-61.2440
-61.3158
-61.4261
-61.4990
-67.2663
-68.6107
-65.4794
-64.7277
-63.9413
-61.6871
-61.5835
-61.4764
-61.4022
-53.6230
-53.5664
-53.5039
-53.4667
-61.9303
-62.9577
-63.9191
-63.4268
-60.6648
-62.8777
-63.1446
-63.0914
-62.8404
-60.4844
-60.4987
-60.5699
-62.7428
-62.8349
-62.9821
-63.1084
-63.2260
-63.3582
-63.4909
-63.6357
-63.8747
-63.9190
-63.5997
-61.1460
-61.1996
-61.3097
-61.3829
-67.2127
-68.8784
-68.0110
-64.7068
-63.7975
-61.5281
-61.4312
-61.3329
-61.2580
-53.5250
-53.4677
-53.4161
-53.3505
-61.7354
-62.7814
-63.8826
-63.9463
-60.4708
-62.8067
-62.9922
-62.9899
-62.7690
-60.3497
-60.3648
-60.4296
-62.5921
-62.7099
-62.8574
-62.9853
-63.1543
-63.2754
-63.4148
-63.5641
-63.7722
-63.8450
-63.5106
-61.0184
-61.0795
-61.1882
-61.2624
-67.1001
-69.2423
-68.1270
-64.6441
-63.6477
-61.3866
-61.2871
-61.2237
-61.1483
-53.4363
-53.3787
-53.3057
-53.2468
-61.3512
-62.7379
-64.0475
-64.7228
-60.3571
-62.6590
-62.7915
-62.8983
-62.6889
-60.2300
-60.2753
-60.3075
-62.5016
-62.6496
-62.7669
-62.8980
-63.0388
-63.1631
-63.3028
-63.4538
-63.6633
-63.7651
-63.4158
-60.8916
-60.9558
-61.0641
-61.1196
-66.7948
-69.3282
-68.4205
-64.7204
-63.5624
-61.2819
-61.1754
-61.0965
-61.0201
-53.3309
-53.2691
-53.2151
-53.1553
-53.1459
-62.6238
-64.2299
-65.9431
-60.2964
-62.4848
-62.6411
-62.8280
-62.6052
-62.3892
-60.1782
-60.2081
-62.3924
-62.4877
-62.6421
-62.7735
-62.9141
-63.0358
-63.1805
-63.3380
-63.5476
-63.6835
-63.3725
-60.7163
-60.7815
-60.9002
-60.9944
-66.7571
-70.2493
-69.1531
-64.8341
-63.4454
-61.1592
-61.0478
-60.9678
-60.8919
-53.2417
-53.1722
-53.1137
-53.0507
-52.9865
-62.4431
-64.7333
-67.9174
-65.8591
-60.2216
-62.4983
-62.7294
-62.5773
-62.3968
-60.0581
-60.0863
-62.3167
-62.3644
-62.5123
-62.6421
-62.7849
-62.9287
-63.0580
-63.1863
-63.3996
-63.5072
-63.2192
-60.6066
-60.6729
-60.7513
-60.8690
-66.5987
-70.3317
-70.3135
-68.3845
-63.3097
-61.0239
-60.9403
-60.8718
-60.7957
-53.1391
-53.0654
-53.0102
-52.9485
-52.8823
-62.3562
-72.1003
-60.0438
-62.3874
-62.5534
-62.5717
-62.3409
-59.9325
-59.9568
-62.1835
-62.2212
-62.3644
-62.4683
-62.6144
-62.7633
-62.8703
-63.0348
-63.2509
-63.4494
-63.1267
-60.4782
-60.5567
-60.6242
-60.7421
-66.4792
-70.9769
-72.8219
-70.7524
-63.2830
-60.9520
-60.8430
-60.7608
-60.6799
-53.0385
-52.9732
-52.9095
-52.8489
-52.7820
-62.1678
-59.8913
-62.2176
-62.3741
-62.5285
-62.2721
-59.7949
-59.8379
-59.8379
-62.0524
-62.1933
-62.3566
-62.4523
-62.6040
-62.7472
-62.9119
-63.1324
-63.3771
-63.0322
-60.3484
-60.4275
-60.4948
-60.6040
-66.3534
-72.6696
-63.1952
-60.8352
-60.7208
-60.6345
-60.5399
-52.9372
-52.8719
-52.7958
-52.7423
-52.6739
-52.6026
-52.5474
-59.7516
-62.0110
-62.1475
-62.4565
-62.1777
-59.6427
-59.7054
-59.7205
-61.8935
-61.9828
-62.1615
-62.3107
-62.4698
-62.6200
-62.7875
-62.9956
-63.3072
-62.9421
-60.2258
-60.2944
-60.3627
-60.4715
-66.1692
-63.0447
-60.7031
-60.5843
-60.4972
-60.4043
-52.8350
-52.7688
-52.6976
-52.6314
-52.5679
-52.4941
-52.4401
-52.3861
-52.3628
-59.5727
-59.5626
-61.9641
-62.3108
-62.1599
-61.8234
-59.5686
-59.5552
-61.7579
-61.8412
-62.0179
-62.1699
-62.3323
-62.5074
-62.6579
-62.8698
-63.2402
-62.8261
-60.0767
-60.1459
-60.2048
-60.3240
-64.6184
-63.3954
-60.6607
-60.5638
-60.4457
-60.3481
-60.2566
-52.7303
-52.6649
-52.5930
-52.5277
-52.4563
-52.3875
-52.3246
-52.2766
-52.2552
-59.4618
-59.4039
-61.8326
-62.0811
-62.1045
-61.7946
-59.4333
-59.4181
-61.6204
-61.6949
-61.8680
-62.0231
-62.1900
-62.3440
-62.4844
-62.7167
-63.1476
-62.7654
-59.9803
-60.0117
-60.0734
-60.1906
-64.6228
-71.8496
-63.2619
-60.5218
-60.3992
-60.2953
-60.1931
-60.0991
-52.6252
-52.5594
-52.4855
-52.4187
-52.3501
-52.2822
-52.2190
-52.1598
-52.1182
-52.0633
-59.2459
-61.5965
-61.8950
-62.0686
-61.7394
-59.2936
-59.2772
-61.4811
-61.5234
-61.6492
-61.8520
-62.0271
-62.2088
-62.3549
-62.5930
-63.0996
-62.6911
-59.8446
-59.8753
-59.9384
-60.0554
-64.6461
-63.1508
-60.3772
-60.1866
-60.0867
-60.0005
-59.9195
