-63.5441
-63.4421
-63.3270
-63.2143
-51.8284
-51.6863
-51.5459
-51.4029
-51.2567
-51.0375
-50.8964
-50.7528
-50.6075
-50.4583
-50.3054
-50.1533
-50.0009
-49.8439
-49.6868
-49.5301
-49.3735
-49.1713
-49.0216
-48.8703
-48.7181
-48.5613
-48.4031
-48.2486
-48.0685
-47.9041
-47.7284
-47.5652
-47.3988
-47.2294
-47.0630
-46.8951
-46.7267
-46.5640
-46.3950
-46.2262
-63.5353
-65.2471
-65.7168
-66.6777
-51.5329
-51.4677
-51.3243
-51.1770
-51.0277
-50.8075
-50.6634
-50.5166
-50.3677
-50.2155
-50.0590
-49.9013
-49.7452
-49.5847
-49.4245
-49.2638
-49.1019
-48.9004
-48.7470
-48.5908
-48.4343
-48.2720
-48.1080
-47.9490
-47.7601
-47.5896
-47.4103
-47.2447
-47.0722
-46.8974
-46.7276
-46.5540
-46.3846
-46.2146
-46.0399
-60.1189
-66.6758
-68.7943
-51.5553
-51.3210
-51.2481
-51.0981
-50.9465
-50.7244
-50.5733
-50.4245
-50.2745
-50.1220
-49.9661
-49.8061
-49.6430
-49.4826
-49.3187
-49.1553
-48.9901
-48.7713
-48.6216
-48.4645
-48.3031
-48.1421
-47.9752
-47.8055
-47.6103
-47.4417
-47.2648
-47.0833
-46.9135
-46.7344
-46.5538
-46.3811
-46.2019
-46.0299
-45.8526
-60.2836
-59.8579
-69.0842
-51.1046
-51.0261
-50.8697
-50.7132
-50.4881
-50.3331
-50.1790
-50.0259
-49.8702
-49.7101
-49.5463
-49.3791
-49.2126
-49.0466
-48.8785
-48.7084
-48.4892
-48.3346
-48.1737
-48.0066
-47.8409
-47.6691
-47.4941
-47.2891
-47.1136
-46.9313
-46.7462
-46.5700
-46.3850
-46.1989
-46.0237
-45.8390
-45.6607
-59.8522
-59.4447
-59.5104
-59.4355
-51.0286
-50.9530
-50.7990
-50.6386
-50.4754
-50.2500
-50.0900
-49.9305
-49.7706
-49.6111
-49.4474
-49.2793
-49.1077
-48.9349
-48.7662
-48.5937
-48.4183
-48.1993
-48.0388
-47.8740
-47.7012
-47.5301
-47.3532
-47.1427
-46.9571
-46.7757
-46.5890
-46.3977
-46.2140
-46.0230
-45.8346
-45.6520
-45.4633
-59.4524
-59.4866
-59.1102
-59.2497
-59.3668
-59.3076
-58.9806
-58.5636
-58.0885
-50.7204
-50.5660
-50.4021
-50.2326
-50.0056
-49.8420
-49.6783
-49.5122
-49.3468
-49.1780
-49.0049
-48.8284
-48.6492
-48.4771
-48.3005
-48.0688
-47.9008
-47.7338
-47.5649
-47.3861
-47.2091
-47.0268
-46.8056
-46.6136
-46.4286
-46.2351
-46.0390
-45.8462
-45.6474
-45.4577
-45.2661
-51.9922
-51.8478
-59.1283
-58.7647
-58.9134
-59.1260
-59.3332
-59.2805
-58.8703
-58.3648
-50.4820
-50.3244
-50.1598
-49.9262
-49.7547
-49.5874
-49.4193
-49.2487
-49.0772
-48.9044
-48.7260
-48.5419
-48.3575
-48.1792
-47.9983
-47.7656
-47.5928
-47.4189
-47.2455
-47.0605
-46.8772
-46.6590
-46.4566
-46.2583
-46.0691
-45.8683
-45.6669
-45.4658
-45.2629
-45.0672
-51.9311
-51.7855
-51.6370
-51.4872
-58.3954
-58.5363
-58.7758
-59.1094
-59.4867
-59.4412
-58.9986
-58.8237
-50.0765
-49.9088
-49.6765
-49.4993
-49.3261
-49.1538
-48.9782
-48.7997
-48.6223
-48.4406
-48.2516
-48.0617
-47.8738
-47.6866
-47.4533
-47.2747
-47.0935
-46.9149
-46.7240
-46.5337
-46.3043
-46.0949
-45.8925
-45.6960
-45.4875
-45.2803
-45.0725
-44.8632
-51.8716
-51.7243
-51.5750
-51.4230
-51.1932
-51.0399
-58.1123
-58.3675
-58.7695
-59.3314
-59.9391
-60.9702
-60.8678
-60.7372
-49.6496
-49.4195
-49.2385
-49.0576
-48.8807
-48.7001
-48.5159
-48.3315
-48.1457
-47.9523
-47.7578
-47.5621
-47.3172
-47.1340
-46.9469
-46.7578
-46.5731
-46.3757
-46.1477
-45.9364
-45.7206
-45.5128
-45.3085
-45.0918
-44.8779
-44.6648
-51.8178
-51.6703
-51.5200
-51.3667
-51.2102
-50.9773
-50.8189
-50.6595
-57.8822
-58.3661
-59.1229
-59.9258
-61.7647
-63.4857
-65.3706
-49.3271
-49.1516
-48.9703
-48.7849
-48.5993
-48.4142
-48.2245
-48.0316
-47.8404
-47.6438
-47.4446
-47.2416
-46.9943
-46.8066
-46.6122
-46.4149
-46.2202
-46.0148
-45.7733
-45.5544
-45.3341
-45.1179
-44.9055
-44.6800
-44.4619
-51.7589
-51.6117
-51.4621
-51.3087
-51.1526
-50.9928
-50.7596
-50.5974
-50.4324
-50.2663
-57.7983
-58.8964
-60.0402
-62.5605
-49.0585
-48.8758
-48.6924
-48.5049
-48.3104
-48.1190
-47.9242
-47.7243
-47.5250
-47.3259
-47.1214
-46.9113
-46.6602
-46.4680
-46.2652
-46.0620
-45.8580
-45.6150
-45.3884
-45.1603
-44.9319
-44.7068
-44.4855
-44.2526
-51.6197
-51.5532
-51.4011
-51.2485
-51.0919
-50.9327
-50.7697
-50.5363
-50.3708
-50.2020
-50.0299
-49.8603
-58.6622
-60.5553
-48.9698
-48.7830
-48.5928
-48.4040
-48.2161
-48.0163
-47.8142
-47.6145
-47.4084
-47.1989
-46.9952
-46.7864
-46.5184
-46.3154
-46.1175
-45.9070
-45.6959
-45.4821
-45.2263
-44.9911
-44.7573
-44.5185
-44.2812
-44.0481
-51.5642
-51.4147
-51.3431
-51.1881
-51.0302
-50.8695
-50.7070
-50.5399
-50.3061
-50.1377
-49.9655
-49.7894
-49.6131
-49.4364
-64.4685
-48.8839
-48.6960
-48.5055
-48.3085
-48.1100
-47.9154
-47.7134
-47.5023
-47.2935
-47.0823
-46.8638
-46.6527
-46.4391
-46.1708
-45.9594
-45.7519
-45.5357
-45.3155
-45.0598
-44.8216
-44.5794
-44.3373
-44.0884
-43.8405
-51.5086
-51.3572
-51.2051
-51.1267
-50.9683
-50.8072
-50.6415
-50.4743
-50.2381
-50.0680
-49.8957
-49.7204
-49.5411
-49.3602
-49.1759
-48.9909
-48.8026
-48.6110
-48.4149
-48.2182
-48.0175
-47.8139
-47.6101
-47.4047
-47.1886
-46.9662
-46.7467
-46.5211
-46.2978
-46.0771
-45.8096
-45.5921
-45.3721
-45.1500
-44.9193
-44.6481
-44.3995
-44.1513
-43.8988
-43.6389
-51.4575
-51.3046
-51.1491
-51.0676
-50.9082
-50.7461
-50.5805
-50.4113
-50.2398
-50.0006
-49.8266
-49.6490
-49.4691
-49.2865
-49.1028
-48.9139
-48.7208
-48.5270
-48.3298
-48.1287
-47.9227
-47.7157
-47.5083
-47.2965
-47.0833
-46.8652
-46.6350
-46.4036
-46.1742
-45.9391
-45.6531
-45.4369
-45.2121
-44.9783
-44.7490
-44.4730
-44.2189
-43.9621
-43.7040
-43.4404
-51.4088
-51.2539
-51.0965
-50.9372
-50.8499
-50.6858
-50.5190
-50.3492
-50.1754
-49.9998
-49.7594
-49.5793
-49.3971
-49.2115
-49.0229
-48.8355
-48.6446
-48.4464
-48.2436
-48.0401
-47.8334
-47.6212
-47.4043
-47.1917
-46.9740
-46.7508
-46.5266
-46.2930
-46.0495
-45.8134
-45.5711
-45.2796
-45.0549
-44.8230
-44.5780
-44.3371
-44.0405
-43.7733
-43.5063
-43.2357
-51.3635
-51.2086
-51.0507
-50.8896
-50.7257
-50.6306
-50.4626
-50.2913
-50.1147
-49.9355
-49.7546
-49.5116
-49.3274
-49.1394
-48.9481
-48.7536
-48.5585
-48.3637
-48.1641
-47.9557
-47.7422
-47.5280
-47.3103
-47.0867
-46.8641
-46.6401
-46.4096
-46.1750
-45.9366
-45.6867
-45.4385
-45.1885
-44.8919
-44.6578
-44.4167
-44.1646
-43.8749
-43.5958
-43.3185
-43.0410
-58.5256
-58.2739
-58.0254
-50.8423
-50.6786
-50.5113
-50.4104
-50.2381
-50.0619
-49.8815
-49.6972
-49.4518
-49.2649
-49.0748
-48.8810
-48.6834
-48.4816
-48.2798
-48.0751
-47.8696
-47.6592
-47.4394
-47.2137
-46.9876
-46.7592
-46.5288
-46.2938
-46.0559
-45.8115
-45.5641
-45.3111
-45.0511
-44.7367
-44.4916
-44.2446
-43.9928
-43.7318
-43.4207
-43.1308
-42.8422
-58.9517
-58.7180
-58.4654
-58.1905
-57.8901
-57.5722
-50.2924
-50.1854
-50.0089
-49.8294
-49.6428
-49.4532
-49.2059
-49.0130
-48.8169
-48.6179
-48.4149
-48.2076
-47.9980
-47.7874
-47.5726
-47.3555
-47.1332
-46.9015
-46.6628
-46.4241
-46.1872
-45.9423
-45.6926
-45.4380
-45.1773
-44.9187
-44.6503
-44.3301
-44.0753
-43.8137
-43.5505
-43.2439
-42.9455
-42.6479
-59.6483
-59.0983
-59.0288
-58.8103
-58.5722
-58.3074
-58.0047
-58.0353
-57.5726
-49.7206
-49.5364
-49.3436
-49.1473
-48.8952
-48.6961
-48.4935
-48.2862
-48.0750
-47.8598
-47.6422
-47.4915
-47.2689
-47.0430
-46.8133
-46.5775
-46.3331
-46.0835
-45.8350
-45.5833
-45.3235
-45.0583
-44.7860
-44.5171
-44.1824
-43.9176
-43.6504
-43.3746
-43.0962
-42.7667
-42.4555
-59.4665
-59.4800
-58.9707
-59.0041
-59.0642
-59.1558
-59.0052
-58.8436
-59.1924
-59.0329
-58.8622
-58.6796
-49.1164
-48.9137
-48.6596
-48.4545
-48.2444
-48.0325
-47.8154
-47.5929
-47.3696
-47.1436
-46.9116
-46.6740
-46.4341
-46.1892
-45.9364
-45.6791
-45.4179
-45.1507
-44.8804
-44.6030
-44.3193
-44.0332
-43.6942
-43.4223
-43.1350
-42.8474
-42.5127
-42.2742
-58.9426
-58.9511
-58.9912
-58.6022
-58.7374
-58.9373
-59.1440
-59.3997
-60.0640
-61.0873
-61.7609
-62.2732
-64.2058
-48.6197
-48.4150
-48.2070
-47.9923
-47.7725
-47.5480
-47.3203
-47.0891
-46.8551
-46.6175
-46.3736
-46.1217
-45.8674
-45.6085
-45.3461
-45.0765
-44.7994
-44.5149
-44.2268
-43.9359
-43.6392
-43.2908
-43.0146
-42.7168
-42.4134
-42.0561
-51.1731
-58.4492
-58.4026
-58.4021
-58.0442
-58.1733
-58.3871
-58.7175
-59.2129
-61.3688
-63.1526
-64.3397
-48.3697
-48.1603
-47.9475
-47.7297
-47.5069
-47.2760
-47.0394
-46.8007
-46.5601
-46.3128
-46.0607
-45.8032
-45.5377
-45.2660
-44.9969
-44.7209
-44.4343
-44.1392
-43.8354
-43.5355
-43.1650
-42.8760
-42.5797
-42.2834
-41.9215
-51.1369
-50.9780
-50.8141
-50.6456
-50.4706
-57.3939
-57.4596
-57.6498
-58.0093
-58.6358
-62.9026
-48.5289
-48.3242
-48.1141
-47.8994
-47.6802
-47.4554
-47.2264
-46.9924
-46.7523
-46.5052
-46.2546
-46.0006
-45.7389
-45.4696
-45.1969
-44.9165
-44.6335
-44.3471
-44.0525
-43.7469
-43.4332
-43.1172
-42.7445
-42.4440
-42.1330
-41.8168
-51.0928
-50.9339
-50.7714
-50.6048
-50.4354
-50.1888
-50.0156
-49.8380
-49.6562
-56.9067
-57.6137
-59.4630
-48.6870
-48.4801
-48.2712
-48.0626
-47.8490
-47.6308
-47.4054
-47.1742
-46.9381
-46.6956
-46.4481
-46.1973
-45.9423
-45.6772
-45.3663
-45.0886
-44.8008
-44.5064
-44.2147
-43.9125
-43.6033
-43.2849
-42.9600
-42.6298
-42.2466
-41.9301
-41.6021
-59.6185
-59.4782
-59.3274
-50.5651
-50.3935
-50.2189
-49.9673
-49.7904
-49.6103
-49.3930
-49.2050
-49.0129
-48.8148
-48.6127
-48.4062
-48.1950
-47.9776
-47.7568
-47.5317
-47.3049
-47.0745
-46.8381
-46.5942
-46.3425
-46.0858
-45.8243
-45.5593
-45.2864
-45.0044
-44.7137
-44.4165
-44.1129
-43.8033
-43.4872
-43.1646
-42.8319
-42.4982
-42.0917
-41.7698
-41.4346
-60.9921
-62.7529
-64.9608
-49.7097
-49.5256
-49.3377
-49.1458
-48.9509
-48.7546
-48.5542
-48.3492
-48.1397
-47.9239
-47.7025
-47.4774
-47.2474
-47.0101
-46.7669
-46.5185
-46.2681
-46.0125
-45.7494
-45.4780
-45.2047
-44.9239
-44.6342
-44.3350
-44.0251
-43.7098
-43.3917
-43.0612
-42.7196
-42.3719
-42.0247
-41.6168
-41.2792
-59.7505
-60.1425
-70.1129
-49.6584
-49.4749
-49.2877
-49.0966
-48.9020
-48.7021
-48.4980
-48.2893
-48.0762
-47.8593
-47.6402
-47.4157
-47.1866
-46.9532
-46.7120
-46.4643
-46.2099
-45.9476
-45.6783
-45.4022
-45.1248
-44.8430
-44.5511
-44.2506
-43.9424
-43.6222
-43.2978
-42.9644
-42.6179
-42.2603
-41.8954
-41.5277
-41.1120
-58.7189
-58.9597
-59.4120
-60.2641
-61.0922
-67.8593
-49.6101
-49.4259
-49.2379
-49.0461
-48.8504
-48.6511
-48.4479
-48.2403
-48.0278
-47.8110
-47.5886
-47.3597
-47.1251
-46.8855
-46.6432
-46.3972
-46.1445
-45.8850
-45.6164
-45.3392
-45.0540
-44.7621
-44.4659
-44.1608
-43.8501
-43.5282
-43.1950
-42.8617
-42.5181
-42.1630
-41.7914
-41.4124
-40.9630
-50.7733
-50.6106
-50.4451
-50.2781
-50.1068
-60.8789
-49.5691
-49.3832
-49.1937
-48.9999
-48.8021
-48.6004
-48.3958
-48.1868
-47.9733
-47.7550
-47.5316
-47.3033
-47.0696
-46.8299
-46.5846
-46.3352
-46.0778
-45.8135
-45.5424
-45.2645
-44.9802
-44.6877
-44.3888
-44.0829
-43.7676
-43.4417
-43.1056
-42.7587
-42.4126
-42.0537
-41.6829
-41.2968
-40.9095
-50.7295
-50.5658
-50.3993
-50.2296
-50.0572
-49.8817
-49.7033
-49.5216
-49.3364
-49.1476
-48.9550
-48.7584
-48.5573
-48.3513
-48.1401
-47.9240
-47.7028
-47.4766
-47.2452
-47.0088
-46.7680
-46.5213
-46.2681
-46.0102
-45.7470
-45.4762
-45.1983
-44.9124
-44.6172
-44.3128
-44.0015
-43.6850
-43.3604
-43.0252
-42.6749
-42.3115
-41.9455
-41.5670
-41.1776
-40.7811
-50.6891
-50.5245
-50.3570
-50.1866
-50.0130
-49.8366
-49.6571
-49.4741
-49.2875
-49.0972
-48.9029
-48.7045
-48.5023
-48.2957
-48.0850
-47.8701
-47.6501
-47.4249
-47.1944
-46.9591
-46.7178
-46.4690
-46.2134
-45.9507
-45.6827
-45.4089
-45.1293
-44.8422
-44.5460
-44.2403
-43.9243
-43.6013
-43.2721
-42.9312
-42.5796
-42.2158
-41.8453
-41.4708
-41.0793
-40.6688
-50.6478
-50.4833
-50.3163
-50.1463
-49.9732
-49.7962
-49.6158
-49.4319
-49.2444
-49.0531
-48.8579
-48.6585
-48.4550
-48.2472
-48.0352
-47.8183
-47.5971
-47.3708
-47.1392
-46.9021
-46.6596
-46.4111
-46.1563
-45.8949
-45.6263
-45.3507
-45.0690
-44.7787
-44.4789
-44.1692
-43.8504
-43.5232
-43.1878
-42.8472
-42.4948
-42.1297
-41.7503
-41.3622
-40.9642
-40.5526
-50.6024
-50.4368
-50.2683
-50.0967
-49.9225
-49.7452
-49.5646
-49.3806
-49.1933
-49.0027
-48.8083
-48.6099
-48.4074
-48.2007
-47.9898
-47.7743
-47.5536
-47.3265
-47.0933
-46.8543
-46.6093
-46.3578
-46.0998
-45.8348
-45.5623
-45.2822
-44.9966
-44.7067
-44.4088
-44.1015
-43.7841
-43.4559
-43.1161
-42.7674
-42.4107
-42.0411
-41.6571
-41.2594
-40.8546
-40.4384
-50.5602
-50.3940
-50.2249
-50.0533
-49.8789
-49.7013
-49.5202
-49.3358
-49.1477
-48.9558
-48.7601
-48.5603
-48.3563
-48.1478
-47.9347
-47.7168
-47.4938
-47.2656
-47.0317
-46.7922
-46.5478
-46.2971
-46.0398
-45.7755
-45.5055
-45.2283
-44.9430
-44.6491
-44.3492
-44.0394
-43.7181
-43.3861
-43.0429
-42.6875
-42.3247
-41.9530
-41.5686
-41.1685
-40.7512
-40.3296
-50.5234
-50.3577
-50.1887
-50.0164
-49.8410
-49.6624
-49.4804
-49.2949
-49.1058
-48.9130
-48.7162
-48.5154
-48.3104
-48.1011
-47.8871
-47.6684
-47.4447
-47.2159
-46.9816
-46.7415
-46.4956
-46.2440
-45.9856
-45.7201
-45.4471
-45.1668
-44.8785
-44.5815
-44.2754
-43.9632
-43.6414
-43.3094
-42.9668
-42.6119
-42.2435
-41.8659
-41.4780
-41.0741
-40.6549
-40.2205
-50.4853
-50.3190
-50.1497
-49.9774
-49.8017
-49.6227
-49.4402
-49.2542
-49.0646
-48.8711
-48.6738
-48.4723
-48.2666
-48.0565
-47.8417
-47.6221
-47.3975
-47.1683
-46.9338
-46.6935
-46.4473
-46.1951
-45.9362
-45.6704
-45.3972
-45.1163
-44.8272
-44.5294
-44.2225
-43.9072
-43.5838
-43.2500
-42.9046
-42.5467
-42.1754
-41.7896
-41.3965
-40.9907
-40.5677
-40.1260
-50.4649
-50.2981
-50.1283
-49.9556
-49.7796
-49.6004
-49.4178
-49.2316
-49.0418
-48.8482
-48.6507
-48.4491
-48.2192
-48.0086
-47.7942
-47.5750
-47.3507
-47.1212
-46.8862
-46.6454
-46.3986
-46.1455
-45.8851
-45.6175
-45.3425
-45.0596
-44.7690
-44.4703
-44.1623
-43.8444
-43.5160
-43.1798
-42.8335
-42.4748
-42.1042
-41.7195
-41.3193
-40.9085
-40.4818
-40.0376
-50.3888
-50.2212
-50.0507
-49.8772
-49.7005
-49.5205
-49.3372
-49.1503
-48.9589
-48.7635
-48.5645
-48.3618
-48.1547
-47.9431
-47.7268
-47.5056
-47.2792
-47.0705
-46.8336
-46.5909
-46.3420
-46.0867
-45.8247
-45.5559
-45.2809
-44.9982
-44.7073
-44.4075
-44.0985
-43.7796
-43.4503
-43.1097
-42.7612
-42.4019
-42.0291
-41.6416
-41.2389
-40.8204
-40.3924
-39.9461
-50.4406
-50.1975
-50.0265
-49.8524
-49.6751
-49.4945
-49.3105
-49.1235
-48.9329
-48.7384
-48.5392
-48.3358
-48.1285
-47.9167
-47.7003
-47.4789
-47.2525
-47.0208
-46.7836
-46.5405
-46.2913
-46.0360
-45.7746
-45.5061
-45.2303
-44.9467
-44.6546
-44.3534
-44.0424
-43.7216
-43.3911
-43.0496
-42.6962
-42.3333
-41.9593
-41.5711
-41.1710
-40.7540
-40.3191
-39.8723
