-60.8391
-60.9895
-61.1160
-60.6970
-60.9597
-60.8575
-60.7228
-64.1857
-64.3281
-64.2617
-64.3221
-64.4019
-64.3846
-64.5184
-64.6294
-64.6998
-64.4897
-64.8954
-65.0099
-65.0487
-64.8702
-64.6294
-64.5975
-65.3156
-65.3151
-65.3501
-65.2368
-65.3995
-65.4363
-65.3722
-64.9662
-65.2428
-65.2953
-65.3048
-65.2086
-65.0914
-64.9794
-64.9025
-61.7035
-61.5195
-60.5286
-60.2323
-60.5608
-64.2404
-64.3155
-64.3859
-64.5347
-64.6246
-64.5536
-64.6200
-64.6663
-64.8075
-64.8855
-64.9673
-64.6423
-65.2063
-66.5051
-65.0890
-65.8599
-65.8223
-65.7285
-67.6579
-66.0633
-65.4218
-65.6423
-65.6425
-65.5475
-65.4252
-65.2998
-65.1870
-65.1043
-61.5396
-60.8733
-59.9212
-59.6163
-64.9566
-65.9860
-65.8337
-65.2534
-65.2935
-64.9151
-69.2747
-67.1520
-65.3851
-67.9982
-68.2924
-67.8081
-67.1264
-66.6873
-66.3722
-65.4102
-65.5139
-60.7335
-59.9011
-59.0756
-59.2988
-65.3272
-65.8467
-69.3239
-71.8193
-69.7254
-65.6386
-67.6871
-67.1591
-66.4654
-66.8714
-66.6319
-59.1028
-56.0043
-56.2224
-56.6834
-57.0635
-67.4512
-64.1196
-61.6834
-65.8498
-63.6709
-63.3018
-62.8396
-62.6984
-60.2844
-70.6770
-70.8603
-65.5663
-65.2057
-68.2953
-67.2246
-66.9537
-56.1547
-56.2026
-56.3974
-56.8554
-57.1819
-57.9006
-58.1269
-58.1155
-58.9443
-59.1886
-59.3123
-59.1983
-59.5917
-59.1214
-59.2327
-59.7265
-59.9425
-60.1629
-60.3895
-66.2982
-60.8314
-60.9893
-60.7009
-61.0561
-60.9282
-61.4773
-61.6131
-68.3197
-66.0711
-56.3437
-56.3829
-56.7591
-57.0333
-57.2852
-57.7610
-58.0385
-58.0253
-58.2411
-58.2240
-58.3480
-58.8191
-59.0579
-59.1944
-59.3032
-59.4097
-59.3459
-59.6331
-59.1933
-59.3042
-59.8517
-60.0623
-60.2823
-60.4845
-60.7077
-60.7274
-60.7033
-60.6896
-61.0002
-60.8587
-61.3567
-61.4984
-61.6844
-61.8172
-61.8229
-61.5120
-62.0968
-62.2512
-56.3616
-56.5673
-56.9703
-57.2132
-57.4533
-57.9575
-58.1730
-58.1746
-58.3548
-58.2276
-58.4521
-58.9012
-59.1958
-59.3407
-59.4361
-59.5289
-59.5056
-59.7234
-59.2798
-59.8153
-60.0029
-60.2064
-60.4179
-60.6072
-60.7707
-60.7991
-60.6492
-60.9303
-61.1286
-61.3062
-61.4598
-61.5886
-61.6524
-61.7293
-61.4840
-61.8880
-62.0941
-62.3022
-69.3149
-56.5561
-56.7580
-57.1679
-57.4118
-57.8812
-58.1671
-58.2923
-58.2902
-58.4665
-58.7047
-58.5674
-58.6582
-59.3312
-59.4826
-59.5809
-59.6674
-59.6546
-59.1963
-59.3722
-59.9939
-60.1783
-60.3714
-60.5611
-60.7276
-60.8167
-60.6454
-60.7935
-61.0513
-61.2393
-61.4208
-61.5359
-61.6370
-61.7197
-61.4603
-61.7787
-61.9798
-62.1618
-62.2859
-62.3186
-56.7543
-57.1287
-57.3671
-57.6004
-58.1172
-58.3401
-58.3964
-58.4355
-58.7305
-58.9059
-58.6949
-58.7730
-59.4954
-59.6460
-59.7297
-59.8210
-59.7861
-59.3008
-60.0506
-60.2072
-60.3724
-60.5418
-60.7004
-60.7843
-60.6531
-60.9400
-60.8927
-61.2070
-61.3796
-61.5063
-61.6250
-61.7280
-61.7917
-61.5311
-61.8815
-62.0412
-62.1936
-62.3004
-61.6933
-62.2211
-56.9559
-57.3393
-57.5698
-57.7949
-58.3847
-58.0159
-58.5170
-58.7108
-58.9035
-59.1045
-58.8346
-58.8990
-59.6523
-59.8208
-59.9048
-59.9379
-59.9184
-59.4172
-60.3035
-60.4411
-60.5689
-60.6977
-60.7710
-60.8101
-60.7245
-61.0485
-61.0519
-61.3737
-61.5016
-61.6182
-61.7257
-61.8867
-61.7757
-61.8583
-61.9947
-62.0963
-62.1614
-61.7839
-62.0571
-62.2874
-57.1586
-57.5515
-57.7756
-58.4164
-58.6372
-58.7668
-58.7822
-58.9652
-59.1451
-59.3182
-58.9890
-59.0402
-59.8146
-59.9994
-60.0862
-60.0701
-59.3800
-60.4189
-60.5671
-60.6605
-60.7626
-60.7823
-60.8311
-60.7683
-61.0402
-61.2277
-61.2301
-61.5164
-61.6312
-68.2635
-66.6254
-65.1736
-64.7999
-64.6976
-64.5588
-64.4955
-63.7579
-63.7711
-64.1341
-64.3066
-61.7275
-61.3822
-61.1081
-68.2759
-65.6076
-62.7612
-68.3943
-63.5455
-66.8667
-64.9350
-64.0227
-64.0246
-64.0241
-64.0603
-64.0978
-67.1296
-65.4887
-65.7619
-65.4437
-64.5000
-64.2981
-64.2032
-64.3572
-64.5870
-64.6257
-61.2291
-60.6122
-60.7280
-68.9872
-67.0510
-63.8741
-68.3358
-64.0508
-68.0605
-64.3761
-65.1214
-64.7911
-64.6165
-64.5104
-66.3170
-66.7028
-66.2575
-65.1439
-64.8889
-64.7551
-64.7085
-64.8316
-64.9736
-64.9148
-60.7141
-59.9892
-59.7091
-57.1191
-64.3545
-64.2190
-62.7531
-62.1075
-61.1518
-61.4483
-61.9072
-66.0425
-64.6976
-64.0960
-63.8416
-61.0956
-61.2746
-71.3522
-68.3966
-67.0868
-66.7807
-66.2335
-65.3064
-65.1640
-65.1648
-64.5054
-65.1689
-65.2723
-64.1950
-64.9865
-56.3968
-56.6845
-56.9561
-57.3254
-57.9615
-58.0929
-57.8704
-58.5758
-58.8299
-58.7599
-59.0161
-59.1713
-59.2228
-59.1918
-59.3746
-59.7485
-59.9491
-60.4030
-60.5894
-60.7475
-60.9213
-61.0948
-69.6397
-67.8015
-66.8524
-66.5944
-65.1699
-65.1214
-65.0464
-64.9911
-64.9093
-63.7628
-63.8571
-67.0568
-66.8027
-66.4485
-56.6112
-56.8983
-57.1754
-57.5240
-57.8021
-58.2716
-58.3531
-57.9897
-58.8088
-59.0262
-59.1381
-58.9083
-59.2212
-59.3237
-59.3753
-59.3962
-59.5782
-59.9250
-60.3661
-60.6882
-60.7280
-60.8909
-73.2093
-66.7222
-65.6129
-64.9568
-64.9985
-64.9060
-64.8138
-63.4763
-63.5007
-63.5976
-69.0369
-66.8093
-56.8332
-57.1215
-57.3986
-57.7484
-58.0033
-58.4640
-58.5588
-58.1146
-59.1205
-59.3828
-59.3587
-59.1249
-59.4490
-59.5237
-59.5617
-59.6259
-59.7984
-60.4418
-60.6629
-60.8642
-60.8811
-70.8550
-66.6524
-64.3899
-64.7471
-64.6653
-64.6517
-63.3024
-63.2464
-63.2619
-63.3354
-67.2820
-57.0623
-57.3539
-57.6316
-57.9739
-58.6861
-58.7180
-58.7624
-58.2361
-59.4204
-59.6002
-59.5327
-59.5373
-59.7074
-59.7665
-59.7960
-59.8753
-60.3336
-60.5581
-60.8760
-61.1705
-68.3767
-66.4750
-64.5891
-64.4334
-62.9476
-62.8699
-62.9949
-63.0266
-63.0000
-63.0537
-63.4271
-68.8152
-64.6216
-60.5541
-60.7720
-60.4448
-60.6430
-69.2479
-65.2404
-61.7403
-66.9964
-64.5877
-63.6205
-63.4482
-63.1182
-62.8624
-66.1779
-65.9086
-68.8190
-75.0343
-72.2702
-66.3090
-64.2516
-62.5357
-62.5723
-62.5992
-62.6702
-62.6302
-62.7349
-62.4401
-62.8515
-67.0229
-67.3273
-67.2284
-66.7021
-64.3767
-63.2876
-60.5626
-60.0555
-60.1467
-59.9249
-71.3124
-67.5485
-62.4642
-67.5547
-64.2803
-67.4957
-73.9968
-64.4851
-62.1268
-61.9080
-62.1630
-62.1941
-62.2544
-62.3269
-62.3793
-62.3771
-70.6981
-71.1227
-65.1551
-63.4532
-63.3072
-59.6096
-59.7604
-58.3595
-61.8965
-67.4117
-61.8419
-61.6323
-61.6099
-61.6250
-61.6723
-61.7190
-61.7991
-61.8893
-59.8730
-60.0234
-60.3221
-65.7484
-63.5033
-63.3158
-63.2025
-54.3151
-54.6613
-54.9832
-60.7660
-59.4027
-56.2248
-67.3708
-62.2299
-61.4565
-61.1159
-58.4888
-58.6085
-58.8034
-58.9895
-59.1775
-59.3584
-59.5211
-59.6952
-59.8493
-59.9998
-59.9929
-60.4617
-60.9678
-66.6561
-63.6298
-63.3773
-63.0168
-63.0962
-54.5686
-54.9163
-55.2333
-55.3604
-55.5521
-55.7122
-55.8575
-55.9868
-56.1068
-56.2181
-56.3323
-56.4661
-55.3788
-56.6153
-56.9989
-57.3487
-57.5312
-57.9089
-58.1772
-58.4026
-58.5762
-58.7751
-58.9644
-59.1516
-59.3364
-59.5047
-59.6810
-59.8353
-59.9854
-67.2880
-66.0284
-68.4711
-65.7295
-67.8602
-63.7851
-62.8166
-62.8459
-62.9132
-63.4130
-54.8493
-55.1955
-55.5037
-55.5493
-55.7366
-55.8835
-56.0096
-56.1203
-56.2217
-56.3139
-56.4154
-56.4981
-55.3491
-56.8265
-57.2357
-57.5768
-57.7616
-58.1208
-58.3769
-58.5589
-58.7617
-58.9534
-59.0412
-59.3247
-59.4915
-59.6748
-59.8329
-59.9815
-71.1219
-67.0329
-62.7601
-62.6732
-62.6966
-62.7405
-55.1645
-55.5008
-55.7939
-55.7595
-55.9122
-56.0574
-56.1626
-56.2522
-56.3274
-56.4050
-56.4960
-55.3073
-56.5901
-57.0943
-57.5019
-57.8333
-58.0113
-58.3505
-58.5613
-58.7655
-58.9573
-59.1416
-59.3250
-59.4910
-59.6745
-59.8323
-59.9876
-60.2782
-60.4576
-70.6355
-62.6182
-62.4314
-62.5136
-62.5819
-55.5220
-55.8322
-56.1010
-56.4002
-56.0983
-56.2338
-56.3153
-56.3759
-56.4311
-56.4895
-56.5732
-55.2734
-56.9102
-57.4391
-57.8214
-58.1100
-58.2830
-58.5882
-58.7918
-58.9610
-59.1620
-59.3398
-59.5066
-58.9998
-59.8456
-67.3995
-67.4198
-65.5830
-64.2447
-62.7871
-62.4513
-62.3403
-62.3493
-62.3989
-62.5146
-55.9064
-56.1601
-56.3999
-56.6749
-56.2790
-56.4001
-56.4620
-56.4982
-56.5273
-56.5679
-56.6488
-55.2253
-57.3805
-57.8542
-58.1754
-58.4215
-58.5585
-58.8363
-59.0328
-59.0849
-59.3803
-59.8103
-59.9457
-59.9452
-69.4953
-63.1465
-62.5028
-62.2591
-62.1969
-62.2091
-62.2617
-62.3611
-61.0456
-61.2641
-61.3181
-60.1200
-59.4462
-58.9980
-56.6151
-56.6387
-55.2042
-57.3272
-57.9878
-58.3124
-58.5500
-58.7361
-59.1228
-59.3601
-59.5144
-59.1340
-59.9123
-60.0593
-60.1672
-60.4074
-59.2668
-62.4997
-62.2940
-62.0616
-62.0165
-60.3618
-60.4770
-60.6191
-60.7707
-61.0862
-68.4912
-64.7840
-61.1141
-60.3857
-59.1446
-58.6628
-58.3296
-58.1412
-56.0057
-65.4488
-65.6778
-64.1954
-63.3981
-62.1922
-63.7651
-62.6642
-62.2401
-62.0439
-60.2009
-60.1926
-60.2958
-60.4194
-60.5615
-60.5638
-64.5974
-56.6593
-55.1860
-64.6108
-61.3430
-59.7114
-59.1764
-58.6901
-58.3584
-58.2029
-55.9292
-67.5199
-65.3517
-62.9500
-61.7237
-60.0684
-60.0748
-60.1334
-60.1405
-60.3062
-60.9188
-61.0190
-67.2675
-67.8246
-56.8149
-56.4027
-56.1027
-55.2153
-64.7139
-60.6395
-59.8630
-59.3590
-58.8374
-58.4725
-56.0195
-55.7938
-68.3932
-65.4729
-61.5959
-60.0007
-59.9728
-59.9970
-59.7658
-60.0648
-60.7657
-60.7063
-60.7805
-60.8502
-60.9509
-68.3122
-56.5610
-56.1176
-55.7690
-55.4875
-54.4990
-61.5430
-60.4941
-59.8802
-59.0390
-58.4188
-55.7346
-55.4223
-63.1754
-68.5119
-61.1888
-58.7473
-59.8541
-60.0467
-60.0786
-61.1145
-60.9659
-60.8666
-60.5514
-60.6979
-60.6768
-60.7518
-60.8450
-60.9399
-56.3380
-55.8041
-55.3903
-55.0711
-54.8319
-54.2359
-61.4447
-60.3306
-59.5990
-58.6644
-55.7306
-55.3698
-55.0633
-65.6028
-62.0174
-59.4033
-59.3327
-59.2605
-59.8897
-61.5261
-61.5398
-61.2621
-61.0652
-60.9276
-60.8629
-60.7903
-60.7794
-60.7771
-60.8943
-67.7360
-56.1159
-55.4414
-54.9440
-54.5820
-54.3182
-54.1304
-54.0514
-53.6041
-56.4991
-61.3905
-60.1840
-59.3427
-58.3152
-55.3926
-55.0313
-57.8431
-58.8468
-59.1944
-59.4181
-62.5121
-61.9293
-61.2865
-60.8706
-59.6868
-61.6382
-61.5884
-61.3356
-61.1442
-61.0968
-61.0008
-60.9570
-60.0524
-61.0407
-67.0292
-55.8862
-54.9933
-54.3872
-53.9756
-53.6942
-51.3615
-51.4508
-53.9465
-53.3442
-57.2630
-61.1954
-60.0508
-59.1880
-58.0273
-55.0951
-54.7272
-66.1878
-64.8536
-63.6434
-62.8642
-61.9990
-61.3903
-62.0056
-59.5799
-62.1139
-61.8358
-61.5700
-61.4577
-61.4034
-61.3016
-61.2716
-63.0459
-55.6484
-54.3675
-53.6177
-50.8857
-50.9776
-51.0704
-51.1628
-51.2569
-53.6391
-60.6801
-59.5165
-58.7746
-55.1678
-54.7496
-54.4059
-66.9042
-65.3809
-64.1791
-63.2461
-62.3507
-63.0094
-62.4359
-59.5533
-62.5520
-62.2350
-62.0389
-62.0181
-60.6559
-55.4101
-53.2461
-50.4815
-50.5766
-50.6731
-50.7703
-50.8684
-50.9668
-53.3713
-53.4003
-61.1522
-59.7821
-58.9407
-54.9282
-54.4379
-54.0375
-67.6912
-66.2406
-65.5883
-63.6042
-61.1899
-60.4873
-54.9211
-52.7577
-49.9620
-50.0599
-50.1592
-50.2580
-50.3593
-50.4620
-52.8891
-53.1202
-53.3438
-53.5570
-53.2074
-61.2292
-59.6042
-58.7609
-54.5432
-54.0456
-53.6445
-61.0132
-58.8068
-54.1274
-52.8584
-49.4693
-49.5203
-49.6179
-49.7215
-49.8265
-49.9311
-52.3806
-52.6299
-52.8703
-53.1025
-53.3282
-53.5459
-52.9862
-61.4245
-59.5049
-54.8304
-54.1814
-53.6708
-53.2666
-60.8024
-53.8440
-48.8732
-48.9503
-49.0511
-49.1575
-49.2627
-49.3721
-51.8499
-52.1201
-52.3811
-52.6311
-52.8716
-53.1037
-53.3282
-53.5456
