-63.3293
-62.2028
-61.2949
-60.7291
-60.4763
-60.4197
-56.9881
-56.9884
-56.9957
-57.0720
-63.6586
-63.1740
-62.8178
-62.5955
-62.3883
-62.2228
-61.9703
-61.8805
-61.8096
-61.7563
-66.6168
-66.5385
-66.8254
-67.0105
-67.1619
-66.8482
-66.7179
-66.3121
-66.4719
-67.2711
-66.4270
-68.1542
-67.8280
-67.5864
-67.3792
-67.2285
-62.3389
-61.1565
-60.4063
-60.1524
-56.6993
-56.7035
-56.7089
-56.7177
-67.7450
-63.6042
-63.0416
-62.7052
-62.4301
-62.1982
-62.0604
-61.8638
-61.6846
-61.6196
-61.5736
-68.9599
-67.9751
-67.8393
-66.6500
-66.5546
-66.0529
-65.9552
-66.0215
-68.0480
-69.5948
-68.6485
-68.2805
-67.1836
-67.2111
-67.0767
-60.9345
-60.0413
-56.4272
-56.4126
-56.4080
-56.4070
-63.6073
-62.9627
-62.5971
-62.2859
-62.0634
-61.8206
-61.6983
-61.6003
-61.4609
-61.4238
-68.6498
-66.4538
-65.9294
-65.8108
-65.6914
-65.2942
-63.5265
-63.4299
-69.2925
-67.1788
-66.8659
-67.0494
-64.7848
-56.1627
-56.1195
-56.1061
-56.1020
-56.1076
-61.4773
-63.7391
-63.0176
-62.5462
-62.2068
-61.7414
-61.6455
-61.5350
-61.4650
-61.4083
-61.3471
-70.6517
-66.6239
-65.6933
-65.5186
-65.1555
-63.3170
-63.2457
-63.1746
-64.9904
-64.6634
-67.7187
-64.9375
-64.7539
-64.6063
-63.2637
-55.7937
-55.7841
-55.7816
-55.7892
-64.0242
-63.2369
-62.6661
-62.2563
-61.4675
-61.3579
-61.2645
-61.1896
-61.1156
-61.0951
-65.8720
-65.2245
-66.4889
-65.7504
-65.2308
-63.1460
-63.0591
-62.9759
-65.9603
-65.6845
-65.2010
-64.7082
-64.3492
-64.1325
-63.5109
-63.4058
-63.3314
-63.2995
-63.2971
-55.4452
-55.4442
-55.4549
-64.6824
-63.7168
-63.0078
-61.3799
-61.2027
-61.0737
-60.9696
-60.8918
-60.8357
-60.7981
-66.3382
-65.4386
-64.7152
-66.4096
-63.6630
-63.1588
-63.0202
-62.8802
-67.7666
-67.6034
-66.5099
-65.6896
-65.2433
-64.7712
-64.3595
-64.0023
-63.6331
-63.5317
-63.3789
-63.4578
-63.4613
-55.1010
-55.1091
-55.1784
-66.0367
-64.6518
-61.3998
-61.1437
-60.9431
-60.8002
-60.6840
-60.6010
-60.5428
-60.5226
-65.4191
-67.1769
-65.9759
-65.0857
-64.2430
-63.7602
-62.8984
-62.7279
-62.6026
-69.1438
-67.8270
-66.7738
-65.9711
-65.5344
-65.0297
-64.5750
-64.2749
-63.7936
-63.7023
-63.7414
-63.7236
-63.7235
-54.7536
-54.7849
-64.5297
-67.0725
-64.4399
-61.2329
-60.9389
-60.7093
-60.5452
-60.4201
-60.3325
-60.2715
-60.2509
-68.2619
-67.8646
-66.4558
-65.7846
-64.7601
-62.8308
-62.6111
-62.4468
-62.3155
-67.9518
-68.3637
-67.2372
-66.4052
-65.9790
-65.3887
-64.8135
-64.5266
-64.0543
-63.8313
-63.8629
-63.9163
-63.8952
-54.4124
-64.3451
-61.5941
-61.1379
-60.7926
-60.5338
-60.3466
-60.2029
-60.1070
-60.0459
-68.0914
-66.0496
-62.8464
-62.5569
-62.3432
-62.1662
-62.0336
-70.5714
-68.8547
-66.5905
-66.5288
-65.1166
-64.7376
-64.4323
-64.1787
-63.7717
-63.5731
-63.6173
-63.5928
-63.6702
-62.5876
-61.7666
-61.1695
-60.7697
-60.4628
-60.2450
-60.0862
-59.9787
-59.9055
-69.1094
-63.0363
-62.6026
-62.3031
-62.0887
-61.9031
-61.7556
-61.8102
-70.7229
-69.0782
-66.8684
-65.7976
-65.1145
-64.7853
-64.4345
-64.1581
-63.9347
-63.4850
-63.4019
-63.4588
-63.4504
-63.4994
-59.3166
-67.5638
-63.3887
-62.2960
-61.5313
-60.9822
-60.5771
-60.3211
-60.1265
-59.9949
-59.9070
-68.2251
-64.5820
-63.6960
-62.9674
-62.5013
-62.1285
-61.8597
-61.6558
-61.5141
-61.4743
-71.4712
-69.4181
-67.0057
-66.7576
-65.6205
-65.0385
-64.5497
-64.3065
-64.0492
-63.5462
-63.4313
-63.3561
-68.6076
-65.9847
-64.8384
-62.9448
-62.2560
-61.5794
-61.0423
-60.6031
-60.3413
-60.1828
-60.0811
-65.1790
-64.0183
-63.1267
-62.5346
-62.0989
-61.7770
-61.5230
-61.3452
-69.9462
-66.9084
-66.7155
-66.4454
-65.6850
-65.1297
-64.7164
-64.3858
-64.1305
-63.6397
-63.5256
-63.2430
-62.6238
-62.1885
-61.7160
-61.5116
-61.1809
-60.8264
-60.5711
-60.3963
-60.3754
-66.3960
-64.8682
-63.6146
-62.8511
-62.3007
-61.8931
-61.5907
-61.3696
-61.3123
-68.8770
-66.8623
-66.6338
-66.4426
-65.9469
-65.8317
-65.4284
-65.0095
-64.7255
-64.2703
-63.8734
-63.7488
-61.9331
-61.4899
-61.1752
-60.9720
-60.8319
-60.7364
-60.6786
-60.6647
-60.6662
-66.4571
-64.8999
-63.9559
-64.6779
-63.6339
-62.8767
-62.3275
-61.9288
-61.6367
-61.4149
-66.5725
-66.3582
-66.1750
-65.9375
-65.5781
-65.4928
-65.4261
-65.3076
-65.1273
-64.7012
-64.2107
-64.2672
-64.6005
-60.8398
-60.5271
-60.3296
-60.2024
-57.5945
-57.6761
-57.7689
-67.2818
-65.6251
-63.9462
-63.4905
-63.1235
-62.8252
-62.5973
-62.1960
-67.6310
-66.4780
-66.2800
-65.9494
-65.8373
-65.6822
-65.3888
-65.3367
-65.2764
-65.2302
-65.0993
-65.0445
-64.5844
-64.5741
-64.8722
-64.8607
-56.7000
-56.7972
-56.8976
-57.0032
-57.1115
-57.2298
-66.1980
-63.8642
-63.2793
-62.8497
-62.5331
-62.2917
-62.1124
-66.7773
-66.0903
-65.9204
-65.7756
-65.6354
-65.4708
-65.3842
-65.1227
-65.0967
-65.0741
-66.2323
-65.8045
-65.4859
-65.1702
-65.1594
-65.2514
-65.2343
-65.2040
-56.0463
-56.1984
-56.3469
-56.4910
-56.6401
-56.7836
-65.6176
-67.3205
-65.0370
-63.9907
-63.2266
-62.6657
-62.2662
-61.9815
-61.7775
-61.7636
-70.5258
-68.6593
-65.9849
-65.7676
-65.6039
-65.4662
-65.2948
-65.1825
-65.1020
-64.8650
-64.8418
-66.9438
-66.3940
-66.1327
-65.8291
-65.5496
-65.5501
-65.7052
-65.6029
-65.5791
-65.5442
-55.4043
-55.6103
-55.8045
-55.9941
-56.1728
-65.3289
-65.9488
-64.5277
-63.4760
-62.7245
-62.1925
-61.8104
-61.5448
-61.4641
-61.3525
-61.2779
-65.9425
-65.6931
-65.4823
-65.3085
-65.1255
-65.0190
-64.9257
-64.8410
-68.9289
-68.4769
-67.0197
-66.6876
-66.2400
-65.8047
-65.4721
-65.4686
-65.2739
-65.1778
-65.1129
-52.8191
-53.0234
-53.2194
-67.2113
-64.0578
-63.0443
-63.2364
-62.4816
-61.9447
-61.5638
-61.3715
-61.2025
-68.2758
-67.0494
-65.8274
-65.6408
-65.4236
-65.2221
-64.9965
-64.8640
-64.7644
-64.6830
-68.4556
-67.3461
-66.7553
-65.8733
-65.4338
-65.2073
-65.1684
-65.0320
-64.8688
-64.8076
-52.4991
-52.7162
-60.3103
-66.8651
-65.1967
-63.3970
-62.9047
-62.2810
-61.8397
-61.6360
-59.4413
-69.3814
-65.5969
-65.0847
-65.0882
-64.8671
-64.6838
-64.4863
-64.6161
-64.5213
-62.6535
-62.6676
-68.3677
-67.0509
-66.0328
-65.5513
-65.1032
-64.8700
-64.8157
-64.6884
-64.6045
-64.4938
-52.4525
-62.7201
-60.5229
-67.9204
-65.9372
-64.5630
-63.6619
-62.4347
-61.7428
-61.2546
-59.1806
-59.2107
-65.5265
-65.2615
-65.0187
-64.7972
-64.6050
-64.3887
-64.2416
-64.1181
-62.1730
-62.2704
-69.2250
-65.9487
-70.6762
-66.2543
-65.3699
-64.9093
-64.6643
-64.5921
-64.4621
-64.3789
-64.3316
-52.5915
-62.0197
-60.6698
-65.5935
-63.5597
-61.5094
-58.8330
-58.8513
-58.8768
-67.3189
-68.6475
-65.4160
-65.1693
-64.9108
-64.6780
-64.4743
-64.2636
-64.1150
-62.0790
-62.0249
-62.0606
-65.0896
-65.5074
-65.7572
-69.3429
-67.4504
-66.3758
-66.3259
-67.7330
-67.6291
-67.5330
-64.2705
-54.8481
-65.6476
-62.9940
-61.7710
-58.4586
-58.4652
-58.5822
-58.5990
-58.6222
-65.1671
-64.9445
-64.7519
-64.5635
-64.3430
-64.1155
-63.9549
-61.8996
-61.8444
-65.2029
-65.7337
-66.0446
-66.3116
-66.4601
-66.8441
-66.4892
-66.2262
-68.0093
-68.1069
-67.9952
-67.7248
-67.6838
-62.8674
-63.2280
-58.2289
-58.2196
-58.2362
-58.2564
-58.2817
-58.3759
-65.1304
-64.7753
-64.5161
-64.3361
-64.1655
-63.9739
-61.8104
-61.7374
-66.8697
-66.8332
-66.9729
-66.9707
-66.9628
-67.0396
-67.3181
-67.4582
-67.5639
-67.0694
-66.1106
-69.0401
-68.4933
-67.7394
-68.1278
-67.9768
-57.7880
-57.7677
-57.8952
-57.9129
-57.9348
-57.9585
-57.9869
-58.0214
-58.0590
-64.8973
-64.5813
-64.3129
-64.0850
-63.8810
-61.7085
-61.6099
-61.5641
-71.6812
-69.1618
-68.4870
-68.0717
-67.8325
-67.8227
-67.9739
-68.0119
-66.3963
-66.0120
-65.6623
-68.0234
-68.6118
-68.4154
-68.2719
-57.4706
-57.4478
-57.4566
-57.5983
-57.6328
-57.6656
-57.7144
-60.3341
-65.3032
-64.7491
-64.3805
-64.0741
-63.8213
-63.6111
-61.4331
-61.3555
-61.1824
-71.5164
-67.4550
-69.0070
-68.6199
-68.6873
-68.6009
-66.3290
-65.8948
-65.4923
-70.4244
-69.1509
-68.7347
-68.5377
-57.1314
-57.1564
-57.1839
-59.9873
-60.0559
-59.9833
-65.1842
-64.5728
-64.1764
-63.8248
-63.5345
-61.2520
-61.1738
-60.9528
-60.8832
-68.1945
-71.2798
-70.4248
-69.3192
-69.3506
-69.1844
-65.7752
-65.3208
-64.9256
-67.8705
-68.0288
-69.3460
-68.8375
-59.8463
-59.7053
-59.5949
-59.5057
-59.4451
-66.8565
-65.0629
-64.4039
-63.9323
-63.5549
-63.2406
-60.9937
-60.9058
-60.6551
-60.6133
-60.6422
-60.6247
-65.5010
-68.3529
-73.6983
-71.2088
-70.9851
-70.2876
-65.6508
-65.0919
-67.5854
-68.3986
-68.8167
-68.9491
-67.0303
-69.4446
-59.1465
-59.0602
-59.0141
-58.9953
-59.0247
-65.0769
-64.2485
-63.6732
-63.2254
-60.8309
-60.7309
-60.4578
-60.3790
-60.3312
-60.2980
-69.4743
-67.8762
-67.0187
-66.4660
-66.5055
-71.5776
-65.8005
-64.8717
-69.5945
-69.5696
-69.7525
-69.2777
-68.7371
-66.7335
-65.5416
-58.4271
-58.4089
-58.4168
-58.4789
-66.7868
-65.2059
-64.1180
-63.3978
-62.8598
-60.5418
-60.2260
-60.1559
-60.1040
-60.0489
-60.0101
-72.7959
-70.2325
-68.4756
-67.3763
-66.0573
-65.5620
-65.9226
-71.3412
-71.2508
-70.9815
-70.8918
-69.7277
-69.0264
-66.7881
-66.2727
-65.8463
-65.2779
-64.9903
-57.7084
-57.7650
-57.8335
-64.6372
-64.0198
-63.1056
-60.3990
-59.9975
-59.9137
-59.8357
-59.7784
-59.7273
-59.7027
-74.4216
-72.6717
-69.0401
-67.2052
-66.0215
-63.2382
-62.9326
-65.9247
-72.3747
-71.2795
-70.7323
-69.7721
-68.9846
-66.2456
-65.7009
-65.2579
-64.8799
-64.5873
-64.5908
-62.3450
-56.9526
-57.1578
-66.0154
-63.8433
-60.1046
-59.8318
-59.7081
-59.5877
-59.5058
-59.4441
-59.3904
-59.3638
-72.5877
-67.0770
-63.0161
-62.5304
-62.2053
-59.7507
-59.7000
-73.9171
-71.3084
-70.7232
-69.5825
-66.4055
-65.6339
-64.9694
-64.5306
-64.1934
-61.9131
-61.9353
-61.9676
-56.8141
-57.0326
-64.9843
-63.6839
-59.6261
-59.4472
-59.1938
-59.2348
-59.1506
-59.0914
-59.0399
-59.0135
-59.0473
-65.1131
-62.8831
-61.9576
-59.2729
-59.3086
-59.3489
-59.3817
-59.4360
-59.5070
-72.7390
-70.8913
-66.6321
-65.4933
-64.6953
-64.1366
-61.7281
-61.7244
-61.7231
-61.7408
-61.7110
-65.9550
-65.8435
-59.7823
-59.1775
-59.0194
-58.8968
-58.7195
-58.6569
-58.7012
-58.6600
-58.6404
-58.6675
-58.6771
-58.6985
-58.8558
-58.8925
-58.9206
-58.9652
-59.0084
-59.0500
-59.0649
-59.1162
-59.1773
-59.2478
-59.3222
-71.7271
-65.3552
-64.1915
-61.4542
-61.4836
-61.5138
-61.5118
-61.5461
-61.5510
-61.5322
-66.2507
-58.8761
-58.6689
-58.5167
-58.4098
-58.3295
-58.2739
-58.1840
-58.1734
-58.2238
-58.2559
-58.2818
-58.3043
-58.3391
-58.3792
-58.5368
-58.5879
-58.6505
-58.7055
-58.7605
-58.8166
-58.8789
-61.0849
-61.0593
-61.0630
-61.0762
-65.4612
-61.2323
-61.2002
-61.2186
-61.2528
-61.2642
-61.3047
-61.3467
-61.3311
-61.3507
-59.0363
-58.6060
-58.2911
-57.9985
-57.9265
-57.8320
-57.7756
-57.7482
-57.7323
-57.7349
-57.7046
-57.7717
-57.8355
-57.8869
-57.9343
-57.9855
-58.0403
-61.1803
-61.2741
-61.5990
-61.6891
-61.0243
-60.9162
-60.8782
-60.8491
-60.8228
-60.7737
-60.7904
-60.8128
-61.0370
-60.9878
-60.9823
-60.9903
-60.9908
-61.0298
-61.0512
-61.0970
-61.1448
-61.1401
-61.1871
-57.8184
-57.5211
-57.3412
-57.2138
-57.1055
-57.1264
-57.1271
-57.1489
-57.1844
-57.2187
-57.2687
-66.3270
-64.4160
-63.6234
-63.1943
-62.9711
-62.8471
-62.7819
-62.7591
-60.8038
-60.7080
-60.6290
-60.5834
-60.5636
-60.5536
-60.5445
-60.5421
-60.5235
-60.5481
-60.5341
-60.7170
-60.7515
-60.7561
-60.7813
-60.8218
-60.8840
-60.9409
-60.9472
-60.9998
-56.4521
-56.3658
-56.3332
-56.3311
-56.3608
-56.4097
-56.4726
-56.5465
-56.6239
-65.6784
-66.4919
-64.6064
-64.1753
-63.5773
-62.7303
-60.4299
-60.3391
-60.2628
-60.3388
-60.2808
-60.2705
-60.2689
-60.2709
-60.2737
-60.2896
-60.3214
-60.2698
-60.3266
-60.3625
-60.3992
-60.5474
-60.6116
-60.6784
-60.6915
-60.7491
-60.8086
-55.0333
-55.1851
-55.3225
-55.4598
-55.5815
-55.7104
-55.8381
-55.9775
-68.4285
-72.4128
-65.5413
-63.5166
-60.3356
-60.2195
-60.1210
-60.0374
-59.9711
-59.9170
-59.9903
-59.9671
-59.9761
-59.9917
-59.9904
-59.9979
-59.9867
-60.0191
-60.0410
-60.1069
-60.1555
-60.2295
-60.2829
-60.4494
-60.4854
-60.5556
-60.6185
-50.9703
-53.7706
-54.1398
-54.4432
-54.7022
-54.9304
-55.1359
-71.1465
-63.5543
-60.1374
-60.0172
-59.9111
-59.8176
-59.7270
-59.6680
-59.6225
-59.6085
-59.5570
-59.6170
-59.6322
-59.6509
-59.6990
-59.7186
-59.7821
-59.8218
-59.8402
-59.9153
-59.9886
-60.0691
-60.1161
-60.1992
-60.2773
-60.4272
