-51.4918
-50.2897
-49.7875
-46.5412
-49.5420
-50.7824
-52.0356
-33.9474
-33.9240
-33.9629
-33.9897
-34.0243
-34.0870
-43.4285
-45.9097
-50.7017
-52.0238
-52.4486
-52.1912
-51.9021
-51.5773
-49.1991
-50.4255
-50.6229
-50.9767
-51.1970
-50.5546
-50.0125
-49.6664
-49.5291
-49.6047
-49.8351
-50.1635
-50.5453
-50.9326
-51.3176
-50.9696
-52.2987
-51.0811
-46.6865
-46.8499
-49.7348
-50.7277
-51.7703
-48.6870
-46.1119
-34.3329
-34.2487
-34.2864
-34.3119
-34.3459
-34.4758
-42.7741
-44.7708
-46.3840
-50.2514
-51.2769
-51.1520
-50.9450
-50.6658
-48.8998
-49.7520
-49.9298
-50.2847
-50.7277
-50.2241
-49.7265
-49.3746
-49.2135
-49.2221
-49.4059
-51.1561
-51.9636
-50.7976
-46.9743
-47.1253
-49.9198
-50.7418
-34.6647
-34.6578
-34.5998
-34.6242
-34.7360
-34.8000
-42.5987
-44.1829
-45.6207
-46.8384
-50.2757
-50.3929
-50.2638
-50.0707
-48.8175
-48.5849
-49.4471
-49.7689
-50.1993
-50.0346
-49.0098
-51.6411
-50.9168
-47.3902
-50.1063
-50.8086
-34.9898
-34.9796
-34.9038
-34.9270
-35.0521
-35.1174
-42.6362
-43.9011
-45.1554
-46.2834
-47.2735
-49.8530
-49.7892
-49.7091
-49.6443
-48.4942
-50.5550
-56.6862
-59.3193
-63.6383
-51.7539
-55.6311
-47.6493
-50.2991
-50.9208
-55.6296
-49.7940
-47.2385
-35.3067
-35.2914
-35.2922
-35.2973
-35.3586
-35.4267
-35.5032
-43.7972
-44.8883
-45.9148
-46.8497
-47.6905
-50.6239
-56.9513
-58.4135
-58.9346
-58.2359
-57.8324
-62.6424
-51.4911
-54.7366
-53.9055
-47.9273
-50.4994
-50.1326
-58.0908
-35.6138
-35.5967
-35.5948
-35.5959
-35.6582
-35.7265
-35.8022
-43.8025
-44.7542
-48.4917
-50.7397
-61.0600
-57.2078
-57.1060
-56.9767
-56.8539
-56.5604
-62.7488
-60.6963
-60.0922
-51.3588
-54.1340
-52.1725
-49.7764
-50.7068
-51.9136
-56.1259
-35.9116
-35.8956
-35.9635
-35.9801
-35.9514
-36.0175
-36.0923
-60.9059
-54.4509
-60.6705
-50.8839
-58.7624
-59.7873
-59.0175
-56.3477
-56.0579
-56.0097
-55.8492
-55.5874
-55.5894
-55.7393
-55.9647
-50.6113
-50.9202
-52.0068
-52.8229
-36.2008
-36.2466
-36.2630
-36.2789
-36.3116
-36.3001
-45.5927
-59.9283
-58.9801
-58.4811
-58.4833
-59.5395
-58.1993
-54.7210
-58.3529
-58.5324
-51.0971
-57.1240
-58.5611
-58.3098
-55.6889
-55.3500
-55.2949
-55.1758
-54.8876
-54.8701
-55.0249
-55.2747
-50.8368
-51.1435
-52.1386
-52.5834
-56.6800
-48.5515
-36.4827
-36.5409
-36.5572
-36.5722
-36.6036
-36.5757
-61.2006
-51.0816
-60.3770
-57.3166
-55.8050
-58.3909
-56.9313
-54.9822
-57.6529
-57.2082
-55.4140
-56.5012
-57.4380
-57.7252
-55.2653
-54.8729
-54.8136
-54.7884
-54.4453
-54.3624
-54.4810
-54.7239
-61.2380
-61.2818
-61.2028
-51.0650
-51.3643
-52.7735
-36.8181
-36.8268
-36.8437
-36.8580
-36.8873
-36.9200
-59.9329
-58.3950
-51.3518
-59.8985
-57.8949
-52.2778
-57.5791
-56.6890
-55.2380
-56.4857
-56.0667
-55.3993
-56.1634
-56.4743
-56.8428
-54.5242
-62.6469
-59.7614
-59.3888
-58.1469
-51.2943
-51.5982
-52.8941
-37.0968
-37.1049
-37.1256
-37.1397
-37.1633
-37.1957
-55.1477
-55.4037
-55.6535
-51.6145
-59.5677
-60.0046
-58.6529
-51.9239
-57.3957
-56.6435
-55.7136
-55.2792
-55.1861
-59.2411
-56.5381
-58.5165
-61.6454
-57.8948
-57.6116
-54.8618
-51.5239
-52.2410
-52.5337
-55.7413
-55.3034
-54.9514
-37.3681
-37.3756
-37.4000
-37.4138
-37.4320
-37.4641
-49.6153
-52.1334
-53.3833
-51.8715
-50.2385
-59.3012
-58.4363
-57.4451
-56.6871
-63.0135
-56.6012
-60.6577
-61.7344
-58.0658
-61.2532
-60.7332
-60.0857
-57.0174
-56.5525
-54.4670
-51.7587
-52.1822
-52.3324
-53.6349
-37.6324
-37.6427
-37.6671
-37.6807
-37.6981
-37.7256
-51.5807
-52.1231
-50.7264
-59.8507
-60.2856
-62.3745
-62.8058
-62.3710
-61.7413
-63.3967
-61.3577
-60.4097
-56.5520
-59.0977
-59.3498
-58.7866
-56.3049
-55.7973
-54.3244
-51.9867
-53.0197
-53.3208
-53.9392
-37.8900
-37.9030
-37.9273
-37.9408
-37.9574
-37.9806
-60.3206
-60.3086
-60.8153
-63.4306
-62.3224
-60.2760
-59.4015
-60.0017
-60.6066
-60.0875
-58.2966
-59.8744
-59.0641
-56.2785
-56.3583
-58.3654
-57.8531
-55.7301
-55.1331
-54.3074
-52.2129
-53.1245
-53.7392
-54.1102
-38.1454
-38.1569
-38.1810
-38.1944
-38.2103
-38.2338
-65.5518
-63.1068
-64.6462
-62.3572
-59.4288
-61.4660
-59.6965
-58.2612
-57.5279
-58.3024
-59.3439
-59.0127
-58.8053
-57.5698
-58.3150
-57.6181
-55.6179
-55.9660
-57.1984
-57.0045
-55.0701
-54.3595
-52.4489
-53.2235
-53.8242
-54.1668
-38.3966
-38.4045
-38.4286
-38.4417
-38.4570
-38.4827
-64.6185
-63.8098
-63.6096
-61.3987
-61.3899
-62.6570
-60.2032
-58.4950
-58.5512
-58.3043
-57.1494
-56.6394
-57.1685
-58.1835
-58.2475
-58.0391
-58.4465
-57.1743
-57.1445
-55.5931
-55.6501
-55.7895
-55.2344
-53.1680
-53.6283
-54.2542
-38.6417
-38.6468
-38.6702
-38.6832
-38.6981
-38.7256
-51.0072
-59.0848
-59.3025
-59.5202
-59.7340
-59.9390
-60.1417
-60.3415
-59.5818
-59.2204
-57.8909
-57.8515
-57.0588
-56.6217
-56.1243
-56.5102
-57.4122
-57.7085
-57.4900
-57.5242
-56.9673
-56.5614
-56.2264
-55.2516
-55.5310
-55.1975
-53.5393
-53.7248
-54.3733
-38.8811
-38.8856
-38.9062
-38.9191
-38.9353
-38.9628
-48.8920
-51.3278
-56.0229
-57.2434
-57.9980
-58.5411
-58.9713
-59.0371
-58.7511
-58.4412
-58.1838
-57.3785
-56.6367
-55.8866
-55.8295
-56.1218
-56.9119
-57.3430
-57.1069
-57.1172
-57.1856
-56.4484
-56.1944
-55.3112
-55.3646
-56.3309
-61.4259
-61.2307
-53.6222
-53.8031
-54.0103
-57.6417
-57.2756
-56.9969
-39.1149
-39.1200
-39.1368
-39.1495
-39.1680
-39.1946
-48.0939
-50.0854
-51.6392
-55.4232
-56.4999
-57.2844
-57.8955
-58.2763
-58.0746
-57.8333
-57.6205
-57.0692
-56.3831
-55.7127
-53.0318
-55.9097
-56.6022
-57.1055
-56.8655
-56.8504
-57.0181
-56.4275
-59.3083
-59.8700
-58.6994
-53.6148
-53.7219
-53.8136
-55.3981
-54.1843
-51.6969
-39.3432
-39.3490
-39.3623
-39.3749
-39.3954
-39.4210
-47.7705
-49.3863
-50.7851
-51.9418
-55.3163
-56.2270
-56.9537
-57.5546
-57.5339
-57.3515
-57.1872
-56.8194
-56.2446
-55.6337
-52.9738
-55.9995
-56.4134
-56.9726
-65.0649
-58.7677
-58.5294
-57.1655
-54.2474
-54.6349
-55.1068
-39.5665
-39.5730
-39.5850
-39.5970
-39.6179
-39.6425
-47.6584
-48.9910
-50.2239
-51.3048
-52.2357
-55.3780
-56.1612
-56.8222
-57.0769
-56.9638
-56.8480
-56.6867
-56.1944
-53.6998
-58.1432
-63.5388
-59.8151
-59.5348
-58.2041
-54.6329
-54.9542
-48.7572
-39.7850
-39.7921
-39.8035
-39.8149
-39.8355
-39.8592
-47.6563
-48.7738
-49.8591
-50.8505
-51.7363
-52.5217
-55.5132
-56.2016
-58.3348
-60.3796
-65.7730
-67.1344
-66.4826
-63.7157
-66.2233
-62.2374
-60.0749
-59.3555
-58.1434
-54.9100
-55.2787
-48.4190
-39.9990
-40.0066
-40.0174
-40.0282
-40.0486
-40.0714
-47.7179
-48.6672
-49.6274
-50.5313
-60.5343
-52.8005
-66.2650
-65.9127
-67.5802
-65.3950
-62.6168
-63.3343
-63.6994
-64.3573
-62.4550
-64.5041
-61.2809
-60.0728
-59.2215
-58.1405
-55.1443
-55.3582
-65.5375
-40.2085
-40.2167
-40.2288
-40.2395
-40.2572
-40.2792
-47.8189
-68.1527
-64.0938
-63.8957
-63.4902
-63.3923
-63.4512
-63.6256
-61.8170
-59.8585
-62.1825
-62.4749
-62.9538
-61.2316
-60.6373
-59.9490
-59.1194
-58.0790
-55.2724
-55.5644
-62.9627
-40.4138
-40.4224
-40.4362
-40.4468
-40.4617
-40.4829
-67.6762
-63.4809
-63.3099
-62.8606
-62.7256
-62.7142
-62.7611
-62.6499
-62.4532
-62.2429
-62.1598
-62.2665
-62.5276
-64.9727
-60.7705
-61.3861
-61.1719
-61.1948
-61.4249
-60.1547
-59.8256
-59.7074
-58.8666
-57.9850
-55.5211
-55.7237
-60.9080
-59.0757
-58.8860
-40.6150
-40.6241
-40.6394
-40.6500
-40.6621
-40.6826
-53.1693
-61.2096
-61.3957
-61.5773
-61.7130
-61.0348
-60.7826
-60.9412
-61.1843
-61.4323
-61.6653
-61.6594
-61.4665
-61.2682
-61.1984
-61.3307
-61.6289
-62.0124
-60.2559
-60.1920
-60.5149
-60.5261
-60.7349
-59.7358
-59.5615
-59.4441
-58.8731
-58.1026
-55.6160
-55.8155
-60.0350
-53.3181
-40.8123
-40.8239
-40.8386
-40.8491
-40.8612
-40.8784
-51.0197
-53.4393
-60.2800
-60.5042
-60.2900
-59.0867
-58.9745
-59.3607
-59.8324
-60.2695
-60.6528
-60.8385
-60.6332
-60.4963
-60.4503
-60.5963
-60.9120
-61.0142
-59.8737
-59.8085
-60.0345
-60.0249
-60.2104
-59.4483
-59.3477
-59.3371
-58.6671
-57.9745
-55.6467
-55.7939
-59.1232
-55.1444
-53.5834
-51.1655
-41.0059
-41.0199
-41.0339
-41.0444
-41.0564
-41.0705
-50.1837
-52.1681
-53.7027
-59.1054
-59.3723
-58.2200
-57.9390
-58.2487
-58.7639
-59.2893
-59.7669
-60.1309
-59.9824
-59.8865
-59.8727
-60.0274
-60.3415
-60.5819
-59.5842
-59.5025
-59.6837
-59.6525
-59.8054
-59.2817
-59.2630
-59.0427
-58.4021
-57.7306
-55.5261
-54.7521
-54.9934
-53.8407
-52.3095
-50.3262
-41.1960
-41.2121
-41.2256
-41.2360
-41.2480
-41.2593
-49.8216
-51.4376
-52.8225
-53.9598
-54.8881
-57.9170
-51.6286
-57.5650
-57.9933
-58.5147
-59.0236
-59.4942
-59.4585
-59.3896
-59.4198
-59.5810
-59.8873
-60.2343
-59.3610
-59.2853
-59.4258
-59.3765
-59.4975
-59.6359
-59.1837
-59.8841
-54.7203
-54.5640
-54.0921
-52.9585
-41.3846
-41.4008
-41.4138
-41.4241
-41.4360
-41.4470
-49.6704
-51.0103
-52.2334
-53.2987
-54.2110
-54.9898
-57.5509
-56.1714
-57.4859
-57.9361
-58.4309
-58.9125
-59.0363
-59.0062
-59.0602
-59.2266
-59.5223
-59.9080
-59.1854
-59.1001
-59.1406
-59.1722
-59.2628
-59.4851
-59.1326
-59.3322
-64.9354
-64.7679
-54.6032
-54.3305
-62.0822
-41.5698
-41.5859
-41.5984
-41.6087
-41.6205
-41.6314
-49.6295
-50.7609
-51.8400
-52.8189
-53.6890
-54.4558
-55.1253
-51.9929
-56.4150
-57.5356
-57.9776
-58.4410
-58.7083
-58.6990
-58.7724
-58.9426
-59.2283
-59.5974
-59.0443
-58.9701
-59.0015
-59.0204
-59.0849
-59.2764
-59.1012
-61.3119
-61.6383
-57.9650
-54.4998
-55.9437
-62.2525
-62.3772
-62.2904
-54.3502
-41.7517
-41.7678
-41.7798
-41.7900
-41.8018
-41.8124
-49.6524
-50.6225
-51.5794
-52.4736
-53.2910
-54.0303
-54.6893
-55.2931
-55.8602
-56.6538
-57.6506
-58.0726
-58.4419
-58.4543
-58.5326
-58.7140
-58.9898
-59.3433
-58.9322
-58.8525
-58.8948
-58.9093
-58.9505
-59.1142
-59.0839
-58.4946
-58.1390
-57.0763
-55.8035
-56.2998
-60.6380
-59.9434
-54.5945
-52.1836
-41.9303
-41.9464
-41.9580
-41.9682
-41.9798
-41.9903
-49.7152
-50.5564
-51.4112
-52.2278
-52.9906
-53.6946
-54.3343
-54.9284
-55.4687
-55.9646
-56.8873
-57.7987
-58.1995
-58.2624
-58.3499
-58.5306
-58.7964
-59.1347
-58.8422
-58.7751
-58.7964
-58.8289
-58.8518
-58.9894
-59.0769
-58.2538
-57.5514
-58.6891
-56.1585
-56.3253
-59.0969
-54.8312
-53.3086
-51.3290
-42.1059
-42.1220
-42.1331
-42.1432
-42.1547
-42.1651
-42.1796
-50.5398
-51.3089
-52.0563
-52.7665
-53.4327
-54.0526
-54.6216
-55.1580
-55.6511
-56.1089
-57.1146
-57.8809
-58.1163
-58.2073
-58.3849
-58.6405
-58.9640
-58.7708
-58.6997
-58.7360
-58.7723
-58.7814
-58.8944
-59.0773
-57.8656
-59.2943
-58.8439
-56.2655
-55.4314
-55.0622
-53.9374
-52.5623
-50.9476
-42.2784
-42.2945
-42.3052
-42.3153
-42.3267
-42.3369
-42.3523
-50.5580
-51.2546
-51.9412
-52.6023
-53.2307
-53.8231
-54.3734
-54.8970
-55.3827
-55.8373
-56.2625
-57.3372
-57.9395
-58.1001
-58.2653
-58.5165
-58.8255
-58.7154
-58.6565
-58.6924
-58.7345
-58.7333
-58.8250
-59.0073
-57.5174
-59.4506
-58.7636
-55.4685
-55.2574
-54.3899
-53.3347
-52.1186
-50.7772
-42.4481
-42.4641
-42.4745
-42.4844
-42.4958
-42.5058
-42.5219
-50.6017
-51.2360
-51.8691
-52.4853
-53.0775
-53.6416
-54.1713
-54.6752
-55.1549
-55.6027
-56.0250
-56.4221
-56.8224
-57.9350
-58.1810
-58.4203
-58.7148
-58.6742
-58.6266
-58.6631
-58.7117
-58.7035
-58.7768
-58.9363
-59.8349
-59.3887
-56.1808
-55.3566
-54.7510
-53.8977
-52.9270
-51.8531
-50.7171
-42.6153
-42.6309
-42.6409
-42.6508
-42.6620
-42.6722
-42.6889
-50.6640
-51.2445
-51.8304
-52.4062
-52.9643
-53.5006
-54.0129
-54.4958
-54.9629
-55.4020
-55.8182
-56.2124
-56.5862
-56.9342
-58.0200
-58.3220
-58.6286
-58.6461
-58.6082
-58.6302
-58.7006
-58.6885
-58.7464
-58.8844
-56.8502
-56.3239
-55.7347
-55.0708
-54.3428
-53.5395
-52.6520
-51.6984
-50.7210
-42.7806
-42.7950
-42.8047
-42.8145
-42.8256
-42.8366
-42.8533
-50.7405
-51.2739
-51.8182
-52.3572
-52.8836
-53.3934
-53.8837
-54.3495
-54.8029
-55.2314
-55.6399
-56.0291
-56.3997
-56.7461
-57.0833
-58.1802
-58.5152
-58.6300
-58.6006
-58.6242
-58.6942
-58.6858
-58.7309
-58.8493
-56.4759
-55.9496
-55.3686
-54.7252
-54.0312
-53.2805
-52.4694
-51.6165
-50.7648
-42.9433
-42.9565
-42.9658
-42.9756
-42.9866
-42.9984
-43.0150
-50.8279
-51.3197
-51.8269
-52.3326
-52.8299
-53.3145
-53.7835
-54.2319
-54.6664
-55.0878
-55.4873
-55.8701
-56.2358
-56.5796
-56.9146
-57.2361
-57.5732
-58.5605
-58.5820
-58.6280
-58.6769
-58.6936
-58.7280
-58.8288
-56.1567
-55.6370
-55.0707
-54.4527
-53.7953
-53.0957
-52.3526
-51.5839
-50.8353
-43.1035
-43.1154
-43.1244
-43.1342
-43.1450
-43.1577
-43.1742
-50.9237
-51.3783
-51.8524
-52.3280
-52.7984
-53.2594
-53.7078
-54.1427
-54.5590
-54.9680
-55.3581
-55.7331
-56.0931
-56.4389
-56.7645
-57.0841
-57.3950
-57.6905
-58.5384
-58.6038
-58.6767
-58.7103
-58.7359
-58.8206
