-54.2412 -54.0767 -47.1071 -46.8937 -46.7018 -46.5068 -46.3080 -46.1048 -45.8972 -45.6850 -45.4679 -45.2457 -45.0183 -44.7859 -44.5475 -44.3031 -44.0527 -43.7965 -43.5337 -43.2874 -43.0094 -42.7257 -42.4337 -42.1166 -41.8091 -41.4905 -41.1616 -40.8263 -40.4838 -40.1293 -39.7724 -39.3928 -38.9997 -38.5903 -38.1732 -37.7435 -37.2914 -36.8294 -36.3557 -35.8601
-47.4214 -47.2403 -47.0557 -46.8677 -46.6756 -46.4793 -46.2790 -46.0746 -45.8659 -45.6528 -45.4352 -45.2128 -44.9853 -44.7525 -44.5138 -44.2708 -44.0227 -43.7685 -43.5078 -43.2628 -42.9863 -42.7014 -42.4081 -42.0947 -41.7914 -41.4788 -41.1538 -40.8180 -40.4767 -40.1255 -39.7737 -39.4009 -39.0110 -38.6032 -38.1945 -37.7799 -37.3400 -43.5251 -43.3081 -43.1460
-47.3935 -47.2115 -47.0259 -46.8367 -46.6444 -46.4485 -46.2486 -46.0443 -45.8357 -45.6225 -45.4064 -45.1853 -44.9593 -44.7282 -44.4912 -44.2483 -43.9996 -43.7449 -43.4854 -43.2425 -42.9698 -42.6895 -42.4003 -42.1025 -41.7816 -41.4698 -41.1490 -40.8233 -40.4879 -40.1348 -39.7791 -39.4170 -39.0425 -38.6475 -44.7314 -44.5157 -44.3294 -44.1659 -44.0322 -43.9398
0.0000 -47.1840 -46.9989 -46.8102 -46.6185 -46.4238 -46.2250 -46.0221 -45.8148 -45.6025 0.0000 -45.1632 -44.9367 -44.7055 -44.4713 -44.2314 -43.9855 -43.7332 -43.4747 -43.2313 -42.9587 -42.6792 -42.3919 -42.0996 -41.7853 -41.4774 -41.1555 -40.8258 -40.4973 -40.1582 -39.8063 -46.0170 -45.7228 -45.5005 -45.3087 -45.1383 -44.9904 -44.8700 -44.7843 -44.7426
0.0000 0.0000 -46.9799 -46.7924 -57.4499 0.0000 -53.9804 -54.7169 -56.6231 -59.4884 0.0000 0.0000 -44.9251 -44.6955 -44.4605 -44.2201 -43.9742 -43.7226 -43.4648 -43.2016 -42.9550 -42.6805 -42.3949 -42.0997 -41.7852 -41.4857 -41.1766 -40.8556 -40.5261 -46.8214 -46.5738 -46.4066 -46.2165 -46.0444 -45.8902 -45.7556 -45.6447 -45.5633 -45.5190 -45.5203
0.0000 -56.4398 -56.5857 -57.6718 -59.4427 0.0000 0.0000 0.0000 0.0000 -57.8257 -59.9780 -45.1743 -44.9122 -44.6838 -44.4501 -44.2109 -43.9690 -43.7214 -43.4666 -43.2022 -42.9514 -42.6788 -42.4023 -42.1171 -41.8219 -41.5061 -47.8628 -47.6112 -47.3881 -47.1880 -47.0047 -46.8843 -46.7285 -46.5876 -46.4644 -46.3619 -46.2845 -46.2380 -46.2290 -46.2637
-57.2132 -57.7794 -57.9338 -57.5100 -60.0328 -63.5802 -64.5361 0.0000 0.0000 0.0000 -45.3819 -45.1642 -44.9397 -44.6813 -44.4510 -44.2125 -43.9669 -43.7156 -43.4656 -43.2105 -42.9671 -42.6936 -42.4158 -48.8882 -48.6390 -48.3438 -48.1394 -47.9504 -47.7740 -47.6092 -47.4559 -47.3142 -47.2378 -47.1241 -47.0287 -46.9546 -46.9054 -46.8864 -46.9038 -46.9641
-57.0503 -56.9784 -56.9234 -56.4796 -56.6053 -57.4684 -58.1967 -59.8025 0.0000 -45.5969 -45.3841 -45.1661 -44.9382 -44.6758 -44.4424 -44.2116 -43.9754 -43.7318 -43.4802 -43.2227 -49.6769 -49.5336 -49.3133 -49.1069 -48.9125 -48.7299 -48.4892 -48.3293 -48.1789 -48.0381 -47.9079 -47.7891 -47.7408 -47.6502 -47.5781 -47.5279 -47.5030 -47.5076 -47.5463 -47.4948
-56.3184 -56.1514 -55.9592 -55.3977 -55.2305 -55.4085 -46.2104 -46.0116 -45.8052 -45.5924 -45.3747 -45.1554 -44.9373 -44.6849 -44.4584 -44.2249 -43.9860 -50.4729 -50.2555 -50.0473 -49.8501 -54.8932 -49.5746 0.0000 -49.2380 -49.0803 -48.8560 -48.7172 -48.5867 -48.4658 -48.3546 -48.2555 -48.1700 -48.1634 -48.1119 -48.0824 -48.0777 -48.1010 -47.6301 -47.0433
-55.2089 -54.8409 -46.9718 -46.7378 -46.5519 -46.3572 -46.2022 -45.9983 -45.7953 -45.5919 -45.3840 -45.1698 -44.9494 -44.6950 -51.2101 -51.0043 -50.8062 -50.6170 -50.4536 -53.8249 -54.9411 -61.1899 0.0000 0.0000 0.0000 0.0000 -49.3120 -49.1052 -48.9924 -48.8884 -48.7944 -48.7129 -48.6453 -48.6630 -48.6299 -48.6177 -48.3592 -47.8326 -47.2726 -46.6759
-47.3343 -47.1549 -46.9681 -46.7765 -46.5381 -46.3501 -46.2023 -46.0082 -45.8081 -45.6024 -45.3923 -52.0580 -51.8543 -51.6547 -51.3314 -51.1567 -53.6921 -53.9768 -54.4554 -55.2011 -57.9681 -62.5482 0.0000 -59.9912 0.0000 0.0000 -49.6891 -49.4905 -49.3930 -49.3044 -49.2264 -49.1607 -49.1089 -49.1489 -49.0596 -48.5819 -48.0789 -47.5483 -46.9880 -46.3977
-47.3230 -47.1410 -46.9629 -46.7803 -46.5510 -46.3629 -46.2118 -46.0152 -45.8147 -52.5305 -52.3460 -52.1633 -51.9855 -51.8123 -54.1614 -54.3160 -54.5745 -54.9582 -55.5036 -57.1458 -56.9406 -56.7264 -56.9841 -56.7528 -56.4299 -50.1743 -50.0636 -49.8724 -49.7882 -49.7134 -49.6496 -49.5978 -49.5597 -49.2129 -48.8328 -48.3539 -47.8522 -47.3273 -46.7800 -46.2145
-47.3278 -47.1544 -46.9746 -46.7893 -46.5572 -46.3690 -53.1472 -52.9767 -52.8082 -52.6429 -52.4810 -52.3200 -54.9072 -54.9900 -54.8416 -55.0656 -55.3763 -55.7963 -56.5036 -56.1544 -55.7434 -55.2026 -54.7693 -50.7299 -50.6297 -50.5315 -50.4347 -50.3482 -50.1766 -50.1144 -50.0629 -49.8726 -49.4599 -49.0296 -48.6473 -48.1734 -47.6812 -47.1728 -46.6530 -49.7900
-57.9083 0.0000 0.0000 0.0000 -53.5715 -53.2034 -53.0496 -53.0935 -52.9436 -55.3598 -55.3680 -55.4139 -55.5003 -55.6368 -55.8344 -55.7443 -56.0783 -56.0992 -55.6910 -55.2151 -54.6399 -53.9334 -51.0337 -51.0593 -50.9687 -50.8832 -50.8018 -50.7269 -50.5575 -50.4952 -50.1145 -49.7191 -49.3085 -48.8823 -48.5039 -48.0420 -47.5682 -49.6966 -50.3170 -51.0728
-65.3387 0.0000 0.0000 0.0000 0.0000 -53.3215 -53.1829 -55.7940 -55.7896 -55.8148 -55.8713 -55.9592 -56.0809 -56.2494 -56.4753 -56.2532 -55.8790 -55.4582 -54.9803 -54.4406 -51.5322 -51.4368 -51.3459 -51.3866 -51.3069 -51.2341 -51.1629 -51.0987 -50.7303 -50.3646 -49.9860 -49.5944 -49.1896 -48.7722 -48.3435 -47.9617 -50.4195 -50.8010 -51.3374 -52.0610
0.0000 0.0000 0.0000 -61.5066 -56.3133 -55.8424 -55.8210 -56.1941 -56.2265 -56.2836 -56.3686 -56.4836 -56.6305 -56.8226 -56.5449 -55.7726 -55.3640 -54.9191 -52.0080 -51.9141 -51.8235 -51.7371 -51.6553 -51.7099 -51.6413 -51.5782 -51.4409 -51.0878 -50.7243 -50.2576 -49.8838 -49.4991 -49.1041 -48.7004 -50.5874 -50.9607 -51.2523 -51.6503 -52.1736 -52.8294
0.0000 0.0000 0.0000 -56.6761 -56.6347 -56.1799 -56.1821 -56.2052 -56.6620 -56.7412 -56.8450 -56.9816 -56.8879 -56.5117 -56.1111 -55.6890 -54.9834 -52.3689 -52.2808 -52.1951 -52.1127 -52.0345 -51.9600 -51.8921 -51.9717 -51.6769 -51.3405 -50.9913 -50.6329 -50.1743 -49.8083 -49.4342 -49.0532 -51.1281 -51.3377 -51.6830 -51.9869 -52.3779 -52.8647 -53.3625
-68.6299 0.0000 -57.0349 -57.0027 -56.9836 -56.9710 -56.5419 -56.5808 -57.0854 -57.1789 -57.2247 -56.8915 -56.5371 -56.1604 -55.7836 -52.9773 -52.7152 -52.6306 -52.5497 -52.4723 -52.3987 -52.3287 -52.2620 -52.0813 -51.9118 -51.5897 -51.2583 -50.9152 -50.5638 -50.1155 -49.7603 -49.4002 -51.6648 -51.7886 -51.9609 -52.1876 -52.6296 -52.9980 -53.0091 -52.4719
-62.8320 -57.3715 -57.3522 -57.3392 -57.3358 -57.3411 -56.8922 -56.9435 -57.4923 -57.2517 -56.9325 -56.6034 -56.2664 -53.4168 -53.3234 -53.2324 -52.9679 -52.8905 -52.8161 -52.7454 -52.6789 -52.5905 -52.3041 -52.0101 -51.8376 -51.5201 -51.1944 -50.8597 -50.5175 -50.1705 -52.0296 -52.1139 -52.2121 -52.3482 -52.5243 -52.7473 -53.1934 -52.8500 -52.3048 -51.6918
-57.6671 -57.6693 -57.6690 -57.6746 -57.6842 -57.7033 -57.2300 -57.1260 -57.3097 -57.0081 -56.7061 -56.4197 -53.7472 -53.6580 -53.5707 -53.4863 -53.2210 -53.1472 -53.0792 -53.0149 -52.8010 -52.5229 -52.2399 -51.9490 -51.7779 -51.4674 -51.1499 -50.8255 -50.4947 -52.6316 -52.5351 -52.6129 -52.7197 -52.8585 -53.0336 -53.1327 -52.6615 -52.2851 -51.6957 -51.0358
-57.9366 -57.9667 -57.9856 -58.0049 -58.0246 -57.9975 -57.6906 -56.9457 -56.6861 -56.8478 -54.1458 -54.0624 -53.9807 -53.8980 -53.8167 -53.7382 -53.6629 -53.4012 -53.2722 -53.0105 -52.7414 -52.4673 -52.1878 -51.9013 -51.6090 -51.4287 -51.1204 -50.8087 -53.0665 -53.1037 -52.9941 -53.0777 -53.1875 -53.3263 -53.1745 -52.7162 -52.2190 -51.7993 -51.1849 -50.5042
-57.6834 -58.2613 -58.2922 -58.3268 -58.0999 -57.8187 -57.5269 -56.8214 -54.2885 -54.4465 -54.3670 -54.2888 -54.2127 -54.1366 -54.0609 -53.9879 -53.9182 -53.4729 -53.2194 -52.9590 -52.6942 -52.4248 -52.1490 -51.8681 -51.5826 -51.4080 -53.4546 -53.4697 -53.4993 -53.5453 -53.6099 -53.5103 -53.6209 -53.2677 -52.8259 -52.3512 -51.8382 -51.3924 -50.7701 -50.0907
-58.5198 -58.5509 -58.4522 -58.2097 -57.9499 -57.6898 -57.4431 -54.5678 -54.4926 -54.6616 -54.5869 -54.5142 -54.4431 -54.3732 -54.3028 -54.1312 -53.8757 -53.4272 -53.1763 -52.9193 -52.6595 -52.3939 -52.1237 -51.8496 -51.5723 -53.8393 -53.8491 -53.8732 -53.9113 -53.9613 -54.0300 -53.7965 -53.3972 -52.9734 -52.5215 -52.0378 -51.5185 -50.9591 -50.4450 -49.7382
-58.7639 -58.5365 -58.3133 -58.0868 -57.8634 -55.2001 -55.1118 -54.7665 -54.6940 -54.8760 -54.8060 -54.7381 -54.6718 -54.5770 -54.3339 -54.0856 -53.8331 -53.5764 -53.1422 -52.8905 -52.6354 -52.3754 -52.1120 -54.0101 -54.0006 -54.0021 -54.2285 -54.2578 -54.3011 -54.3557 -54.1444 -53.5522 -53.1466 -52.7169 -52.2605 -51.7748 -51.2570 -50.6925 -50.1553 -49.4763
-58.6489 -58.4232 -58.2263 -55.5572 -55.4801 -55.3975 -55.3162 -55.2336 -54.8943 -54.8279 -55.0238 -54.9600 -54.7666 -54.5338 -54.2941 -54.0487 -53.7996 -53.5457 -53.1195 -52.8736 -52.6231 -52.3699 -54.3535 -54.3412 -54.3385 -54.3464 -54.5906 -54.6242 -54.6713 -54.3122 -53.9219 -53.5137 -52.9287 -52.4974 -52.0415 -51.5595 -51.0278 -50.4685 -49.9455 -49.3577
-58.5751 -57.8397 -55.8136 -55.7421 -55.6715 -55.5941 -55.5176 -55.4399 -55.0932 -55.0308 -55.1764 -54.9545 -54.7285 -54.4982 -54.2623 -54.0206 -53.7755 -53.5263 -53.1071 -52.8667 -52.6229 -54.6820 -54.6675 -54.6613 -54.6639 -54.6746 -54.9374 -54.8447 -54.4893 -54.1176 -53.7266 -53.3189 -52.7425 -52.3134 -51.8598 -51.3598 -50.8344 -50.3026 -49.7651 -42.3144
-56.1416 -56.0637 -55.9956 -55.9280 -55.8611 -55.7923 -55.7181 -55.6448 -55.2884 -55.0869 -55.1410 -54.9213 -54.6978 -54.4705 -54.2386 -54.0013 -53.7596 -53.5169 -53.2735 -55.0203 -54.9969 -54.9805 -54.9715 -54.9696 -54.9749 -54.9894 -54.7736 -54.6736 -54.3176 -53.9470 -53.5582 -53.1526 -52.5868 -52.1513 -51.6864 -51.2011 -50.7008 -50.2136 -49.7774 -42.5751
-56.3186 -56.2445 -56.1759 -56.1130 -56.0524 -55.9876 -55.9171 -55.7571 -55.2614 -55.0615 -54.8579 -54.8953 -54.6748 -54.4506 -54.2234 -53.9910 -53.7545 -53.5189 -55.6043 -55.2997 -55.2816 -55.2701 -55.2645 -55.2655 -55.2522 -54.9489 -54.6338 -54.5227 -54.1678 -53.7993 -53.4146 -53.0115 -52.5791 -52.0063 -51.5550 -51.0910 -50.6269 -50.2094 -42.9319 -42.8118
-56.4953 -56.4237 -56.3559 -56.2976 -56.2406 -56.1478 -55.9408 -55.7300 -55.5164 -55.0419 -54.8406 -54.8764 -54.6591 -54.4390 -54.2162 -53.9885 -53.7592 -55.9179 -55.8874 -55.5716 -55.5581 -55.5491 -55.5465 -55.4219 -55.1290 -54.8255 -54.5108 -54.3914 -54.0389 -53.6738 -53.2847 -52.8760 -52.4523 -51.8968 -51.4639 -51.0291 -50.6164 -43.2929 -43.1824 -53.6246
-56.6703 -56.6035 -56.1917 -56.4837 -56.3134 -56.1200 -55.9163 -55.7082 -55.4975 -55.0283 -54.8298 -54.8647 -54.6512 -54.4354 -54.2163 -56.2546 -56.2211 -56.1901 -56.1642 -55.8401 -55.8245 -55.8187 -55.5951 -55.3124 -55.0198 -54.7170 -54.4038 -54.0797 -53.9250 -53.5531 -53.1681 -52.7681 -52.3568 -51.8210 -51.4123 -51.0175 -50.6777 -43.5282 -43.4278 -53.8525
-56.8479 -56.7823 -56.6620 -56.4761 -56.2884 -56.0964 -55.8973 -55.6921 -55.4847 -55.0206 -54.8253 -54.8602 -54.6510 -54.4401 -56.5437 -56.5119 -56.4833 -56.4564 -56.4341 -56.4156 -56.0351 -55.7705 -55.4974 -55.2154 -54.9239 -54.6229 -54.3107 -53.9810 -53.8180 -53.4522 -53.0751 -52.6871 -52.2908 -51.8929 -51.4017 -51.0616 -43.8678 -43.7708 -52.0864 -52.5061
-57.0134 -56.8282 -56.6405 -56.4530 -56.2683 -56.0786 -55.8839 -55.6818 -55.4777 -55.0193 -54.8271 -54.6330 -56.8587 -56.8217 -56.7909 -56.7663 -56.7400 -56.7160 -56.6955 -56.5342 -55.9475 -55.6834 -55.4112 -55.1306 -54.8411 -54.5355 -54.2201 -53.8944 -53.7309 -53.3723 -53.0056 -52.6317 -52.2541 -51.8832 -51.4356 -51.1680 -44.0970 -44.0092 -52.6416 -51.4120
-57.0151 -56.8096 -56.6237 -56.4370 -56.2535 -56.0662 -55.8755 -55.6772 -55.4769 -55.2749 -54.8355 -56.7514 -57.0910 -57.0604 -57.0358 -57.0126 -56.9897 -56.9681 -56.7179 -56.4466 -55.8696 -55.6066 -55.3360 -55.0522 -54.7589 -54.4566 -54.1451 -53.8245 -53.4947 -53.3133 -52.9586 -52.6013 -52.2467 -51.9109 -51.6238 -44.4128 -44.3116 -52.1429 -52.0892 -44.0714
-57.0017 -56.8983 -66.0120 0.0000 0.0000 -56.0594 -55.8724 -55.6786 -55.4820 -55.2845 -56.9978 -56.9642 -57.3218 -57.2947 -57.2736 -57.2522 -57.1594 -56.9023 -56.6384 -56.3689 -56.0935 -55.5356 -55.2618 -54.9799 -54.6900 -54.3916 -54.0850 -53.7702 -53.4486 -53.2741 -52.9335 -52.5958 -52.2706 -51.9797 -44.7457 -44.6355 -51.9974 -52.6119 -51.6944 -44.3080
-60.9186 -63.1115 -66.1563 0.0000 0.0000 -56.0581 -55.8744 -55.6860 -57.7012 -57.6560 -57.2034 -57.1703 -57.5484 -57.5271 -57.5050 -57.3316 -57.0852 -56.8301 -56.5682 -56.2965 -56.0186 -55.4695 -55.1982 -54.9196 -54.6334 -54.3397 -54.0387 -53.7316 -53.4193 -53.2542 -52.9305 -52.6168 -52.3281 -52.0933 -44.9564 -44.8441 -52.4470 -52.2583 -44.6141 -44.5400
0.0000 0.0000 0.0000 0.0000 -56.2820 -56.0624 -55.8823 -57.9582 -57.9138 -57.8719 -57.8332 -57.3750 -57.3502 -57.7355 -57.5021 -57.2633 -57.0184 -56.7619 -56.4982 -56.2288 -55.9537 -55.4135 -55.1454 -54.8704 -54.5888 -54.3005 -54.0065 -53.7079 -53.4064 -53.1054 -52.9502 -52.6660 -52.4230 -45.2498 -45.1700 -52.5680 -52.7590 -52.1214 -44.8393 -44.7673
0.0000 0.0000 0.0000 0.0000 -56.2895 -56.0836 -58.1996 -58.1637 -58.1235 -58.0843 -58.0451 -57.5753 -57.4716 -57.6720 -57.4386 -57.1979 -56.9517 -56.6980 -56.4372 -56.1706 -55.8987 -55.6220 -55.1029 -54.8322 -54.5554 -54.2737 -53.9875 -53.6987 -53.4098 -53.1258 -52.9941 -52.7466 -45.5376 -45.4553 -45.3737 -52.9565 -52.5863 -45.1298 -45.0598 -44.9935
-63.5457 -63.4000 -62.7638 -56.4790 -58.5263 -58.4521 -58.3981 -58.3665 -58.3297 -58.2902 -58.2561 -57.6269 -57.4220 -57.6101 -57.3763 -57.1374 -56.8932 -56.6426 -56.3851 -56.1216 -55.8537 -55.5808 -55.0702 -54.8041 -54.5335 -54.2590 -60.9201 0.0000 -53.4300 -53.1661 -53.0644 -52.8598 -45.7317 -45.6408 -53.0197 -53.1800 -52.5736 -45.3434 -45.2760 -45.2147
-61.0404 -59.9688 -56.6646 -58.7690 -58.7179 -58.6479 -58.5937 -58.5648 -58.5329 -58.4543 -58.2318 -57.5788 -57.3742 -57.1644 -57.3214 -57.0844 -56.8426 -56.5955 -56.3413 -56.0817 -55.8176 -55.5492 -55.0467 -54.7864 -54.5224 -54.2566 0.0000 0.0000 0.0000 -53.2285 -53.0218 -46.0041 -45.9303 -53.1624 -53.3619 -53.1053 -45.6448 -45.5536 -45.4910 -45.4309
-57.0218 -59.0433 -58.9986 -58.9521 -58.9077 -58.8406 -58.8026 -58.7601 -58.6172 -58.4002 -58.1821 -57.9578 -57.3320 -57.1235 -57.2736 -57.0390 -56.7997 -56.5558 -56.3055 -56.0501 -55.7904 -55.5265 -55.0356 -54.7785 -54.5225 -61.0265 0.0000 0.0000 -62.8003 -53.3136 -46.2411 -46.1939 -46.1108 -53.4600 -53.5251 -45.9156 -45.8493 -45.7599 -45.7014 -45.6424
