0.0000 0.0000 0.0000 0.0000 0.0000 0.0000 0.0000 0.0000 0.0000 0.0000 0.0000 0.0000 0.0000 0.0000 0.0000 0.0000 0.0000 0.0000 0.0000 0.0000 0.0000 0.0000 0.0000 0.0000 0.0000 0.0000 0.0000 0.0000 0.0000 0.0000 0.0000 0.0000 0.0000 0.0000 0.0000 0.0000 0.0000 0.0000 0.0000 0.0000
-54.5850 -54.5611 -54.5369 -54.5114 -54.4857 -54.4619 -54.4388 -54.4154 -54.3911 -54.3671 -54.3456 -54.3197 -54.3037 -54.2836 -54.2647 -54.2470 -54.2298 -54.2136 -54.1975 -60.8307 -61.0399 -61.1227 0.0000 0.0000 0.0000 -62.9031 -63.2378 -62.4673 -62.6154 -64.2833 -64.3765 -63.3219 -62.1870 -62.2685 -65.8483 -67.1682 -68.1013 -68.6413 -68.8226 -64.7060
-54.5169 -54.4928 -54.4684 -54.4428 -54.4168 -54.3921 -54.3687 -54.3452 -54.3206 -54.2961 -54.2699 -54.2525 -54.2317 -54.2114 -54.1920 -54.1740 -54.1565 -54.1401 -54.1238 -60.7585 -60.9770 -61.0599 0.0000 0.0000 0.0000 -62.8413 -63.1859 -62.3733 -62.5278 -64.2779 -64.5377 -63.4214 -62.1469 -62.2399 -67.1102 -68.3644 -69.2487 -68.8770 -68.8279 -69.1511
-54.4483 -54.4239 -54.3993 -54.3737 -54.3473 -54.3218 -54.2981 -54.2744 -54.2496 -54.2249 -54.1979 -54.1804 -54.1592 -54.1386 -54.1187 -54.1005 -54.0826 -54.0660 -54.0495 -60.6849 -60.9135 -60.9967 0.0000 0.0000 0.0000 -62.7645 -63.1430 -62.2905 -62.3742 -64.2506 -65.1428 -63.7149 -62.0973 -62.1971 -68.9632 -72.6526 -72.7400 -69.2355 -64.5852 -74.3065
-54.3790 -54.3545 -54.3296 -54.3040 -54.2773 -54.2510 -54.2269 -54.2030 -54.1781 -54.1531 -54.1255 -54.1076 -54.0860 -54.0653 -54.0450 -54.0265 -54.0082 -53.9913 -53.9746 -60.6099 -60.8495 -60.9329 0.0000 0.0000 -62.2954 -62.7179 -62.9851 -62.1589 -62.3639 -64.3760 -66.0019 -64.1760 -54.1349 -62.1833 0.0000 0.0000 0.0000 -69.4330 -64.7494 0.0000
-54.3092 -54.2845 -54.2594 -54.2337 -54.2068 -54.1798 -54.1553 -54.1310 -54.1061 -54.0808 -54.0524 -54.0344 -54.0123 -53.9915 -53.9707 -53.9518 -53.9333 -53.9160 -53.8990 -60.5334 -60.7849 -60.8684 -64.2950 -64.2498 -62.1194 -62.5922 -63.0718 -62.1413 -62.3251 -64.4592 -67.1616 -65.1469 -54.0650 -62.1563 0.0000 0.0000 0.0000 -69.3660 -64.8234 0.0000
-54.2389 -54.2139 -54.1885 -54.1630 -54.1358 -54.1085 -54.0832 -54.0585 -54.0334 -54.0037 -53.9833 -53.9606 -53.9381 -53.9170 -53.8959 -53.8766 -53.8578 -53.8401 -53.8229 -60.4554 -60.7193 -60.8029 0.0000 0.0000 -62.1136 -62.6149 -63.1045 -62.0650 -62.2027 -68.8879 -72.6900 -67.3093 -53.9870 -62.1319 0.0000 0.0000 -68.6177 -64.4468 -64.7178 -65.1238
-54.1680 -54.1427 -54.1172 -54.0914 -54.0643 -54.0366 -54.0105 -53.9854 -53.9603 -53.9302 -53.9092 -53.8862 -53.8633 -53.8419 -53.8206 -53.8007 -53.7816 -53.7635 -53.7460 -60.3754 -60.6530 -60.7368 0.0000 0.0000 -62.0261 -62.5634 -63.0793 -61.9135 -62.1156 0.0000 0.0000 0.0000 -53.9165 -62.1231 0.0000 0.0000 -64.0257 -64.3278 -64.8494 -65.2708
-54.0967 -54.0711 -54.0454 -54.0193 -53.9922 -53.9642 -53.9373 -53.9119 -53.8865 -53.8562 -53.8345 -53.8112 -53.7880 -53.7661 -53.7446 -53.7243 -53.7047 -53.6862 -53.6684 -60.2944 -60.5860 -60.6700 0.0000 0.0000 -61.9393 -62.5078 -62.9907 -61.8085 -60.6473 0.0000 0.0000 0.0000 -53.8295 -62.0055 -62.6631 -63.2996 -63.8907 -64.4623 -65.0082 -65.4488
-54.0249 -53.9989 -53.9729 -53.9466 -53.9196 -53.8914 -53.8636 -53.8378 -53.8122 -53.7816 -53.7596 -53.7356 -53.7120 -53.6897 -53.6679 -53.6471 -53.6272 -53.6082 -53.5902 -60.2126 -60.5183 -60.6024 0.0000 0.0000 -61.8561 -62.3493 -61.2684 -61.7232 -64.3141 0.0000 0.0000 -62.2567 -53.7289 -61.9736 -62.6994 -63.3928 -64.0389 -64.6314 -62.8919 -63.2048
-53.9526 -53.9262 -53.8999 -53.8734 -53.8465 -53.8179 -53.7893 -53.7632 -53.7331 -53.7107 -53.6841 -53.6594 -53.6354 -53.6126 -53.5906 -53.5692 -53.5490 -53.5296 -53.5113 -60.1318 -60.4499 -60.5342 -63.3910 -64.0252 -60.2519 -62.3291 -63.0777 -61.6810 -64.5281 0.0000 0.0000 -62.0788 -53.6416 -61.9539 -62.7647 -63.5220 -62.2473 -62.6667 -61.0505 -63.3607
-53.8799 -53.8530 -53.8264 -53.7996 -53.7727 -53.7439 -53.7149 -53.6879 -53.6573 -53.6348 -53.6078 -53.5823 -53.5581 -53.5348 -53.5125 -53.4907 -53.4701 -53.4502 -53.4318 -53.5297 -60.3809 -60.4657 -64.0791 -72.4786 -61.6002 -62.4334 -63.2542 -61.6466 -64.8295 -62.7815 -62.7204 -62.0218 -53.5524 -61.9527 -61.3116 -61.9062 -62.4206 -62.8432 -61.0188 -63.5391
-53.8066 -53.7793 -53.7522 -53.7252 -53.6980 -53.6692 -53.6399 -53.6120 -53.5809 -53.5582 -53.5309 -53.5047 -53.4802 -53.4563 -53.4338 -53.4115 -53.3906 -53.3702 -53.3515 -53.3330 -60.3117 -60.3968 0.0000 0.0000 -61.5918 -62.5380 -63.4493 -61.5963 -62.2978 -62.7448 -62.7296 -61.9659 -53.2474 -60.6741 -61.4477 -62.1001 -62.6343 -63.0090 -60.9891 -63.7183
-53.7333 -53.7051 -53.6775 -53.6502 -53.6227 -53.5940 -53.5642 -53.5354 -53.5040 -53.4809 -53.4533 -53.4264 -53.4016 -53.3771 -53.3543 -53.3317 -53.3104 -53.2896 -53.2707 -53.2519 -60.2419 -60.3271 0.0000 0.0000 -61.5012 -62.5879 -63.6412 -61.4791 -62.2245 -62.6920 -61.1749 -60.6061 -53.1645 -60.7627 -61.6530 -62.3625 -62.9020 -62.9519 -63.2339 -64.2167
-53.6598 -53.6303 -53.6022 -53.5745 -53.5466 -53.5180 -53.4878 -53.4542 -53.4305 -53.4029 -53.3750 -53.3474 -53.3222 -53.2972 -53.2742 -53.2513 -53.2297 -53.2085 -53.1891 -53.1700 -60.1712 -60.2566 0.0000 0.0000 -61.4107 -62.7130 -63.9025 -60.0635 -60.7088 -61.1114 -61.2618 -60.6217 -53.0809 -60.9275 -61.9524 -62.7039 -63.2311 -62.8941 -64.1310 -71.9235
-53.5856 -53.5548 -53.5263 -53.4980 -53.4699 -53.4413 -53.4108 -53.3762 -53.3522 -53.3242 -53.2961 -53.2679 -53.2423 -53.2169 -53.1935 -53.1703 -53.1482 -53.1266 -53.1067 -53.0874 -60.0997 -60.1853 0.0000 0.0000 -61.3010 -61.0325 -62.0042 -59.9978 -60.7100 -61.1429 -61.3924 -60.6646 -52.9970 -61.2224 -62.4001 -63.1497 -63.7370 -62.0911 0.0000 0.0000
-53.5108 -53.4787 -53.4497 -53.4208 -53.3924 -53.3638 -53.3331 -53.2981 -53.2733 -53.2448 -53.2164 -53.1881 -53.1617 -53.1360 -53.1120 -53.0886 -53.0660 -53.0440 -53.0236 -53.0040 -60.0275 -60.1133 -60.3911 -60.0081 -59.8049 -61.0123 -62.4050 -59.9321 -60.7243 -61.2231 -61.5864 -60.7533 -52.9118 -61.7907 -63.0613 0.0000 -70.9161 -62.1293 0.0000 -62.6063
-53.4352 -53.4024 -53.3725 -53.3431 -53.3143 -53.2854 -53.2548 -53.2194 -53.1937 -53.1649 -53.1362 -53.1075 -53.0804 -53.0544 -53.0298 -53.0061 -52.9830 -52.9607 -52.9398 -52.9199 -59.9544 -60.0404 -60.3349 -60.0482 -59.7298 -61.0065 -62.9888 -59.8663 -60.7559 -62.5637 -61.8783 -60.9106 -52.8257 -62.9621 0.0000 0.0000 0.0000 -62.0739 -62.2966 -62.6046
-53.3590 -53.3258 -53.2946 -53.2648 -53.2355 -53.2062 -53.1720 -53.1442 -53.1136 -53.0843 -53.0552 -53.0262 -52.9983 -52.9720 -52.9468 -52.9228 -52.8993 -52.8766 -52.8551 -52.8349 -59.8804 -59.9667 -60.2800 -60.1325 -59.6539 -60.9946 -60.8388 -59.8006 -60.8081 -62.9875 -62.3098 -61.1986 -52.7388 0.0000 0.0000 0.0000 -61.6574 -61.9724 -62.2777 -62.5970
-53.2821 -53.2486 -53.2162 -53.1858 -53.1560 -53.1266 -53.0923 -53.0642 -53.0328 -53.0030 -52.9735 -52.9441 -52.9155 -52.8888 -52.8630 -52.8388 -52.8148 -52.7917 -52.7697 -52.7492 -59.8057 -59.8921 -60.2267 -60.2908 -52.6548 -60.9877 -60.8086 -59.7351 -60.8932 -63.2507 -62.9455 -61.7549 -52.8617 -60.6662 0.0000 -61.2771 -61.6161 -61.9349 -62.2747 -62.5955
-53.2045 -53.1706 -53.1371 -53.1064 -53.0758 -53.0462 -53.0121 -52.9836 -52.9513 -52.9210 -52.8910 -52.8613 -52.8320 -52.8049 -52.7784 -52.7539 -52.7296 -52.7060 -52.6834 -52.6627 -59.7301 -59.8167 -60.1756 -60.5821 -52.5669 -60.9862 -60.7992 -59.6715 -62.7744 -63.7181 0.0000 -66.2449 -52.7788 -60.5713 -60.8753 -61.2223 -61.5785 -61.9124 -62.2671 -62.6005
-53.1266 -53.0922 -53.0579 -53.0263 -52.9951 -52.9650 -52.9308 -52.9022 -52.8692 -52.8383 -52.8078 -52.7777 -52.7477 -52.7202 -52.6930 -52.6682 -52.6436 -52.6196 -52.5963 -52.5753 -59.6536 -59.7404 -60.2279 -61.1471 -52.4782 -61.6033 -60.7985 -59.6060 -63.6251 0.0000 0.0000 0.0000 -52.6743 -60.4766 -60.8038 -61.1704 -61.5366 -61.9055 -62.2662 -62.6132
-53.0486 -53.0130 -52.9784 -52.9455 -52.9138 -52.8794 -52.8525 -52.8201 -52.7867 -52.7549 -52.7238 -52.6933 -52.6630 -52.6347 -52.6071 -52.5817 -52.5567 -52.5323 -52.5084 -52.4871 -59.5761 -59.6630 -62.6141 -62.3356 -52.3885 -62.0611 -60.8012 -59.5367 0.0000 0.0000 0.0000 -60.7158 -52.5787 -60.3804 -60.7333 -61.1216 -61.5089 -61.8955 -62.2738 -61.1299
-52.9699 -52.9331 -52.8981 -52.8640 -52.8318 -52.7964 -52.7694 -52.7372 -52.7033 -52.6706 -52.6391 -52.6081 -52.5774 -52.5484 -52.5204 -52.4944 -52.4691 -52.4442 -52.4198 -52.3979 -52.4235 -59.5846 -63.2463 -62.9211 -52.2978 -66.0977 -62.5209 -60.6545 0.0000 0.0000 -61.0129 -60.6195 -52.4816 -60.2832 -60.6643 -61.0685 -60.2536 -60.5675 -60.8762 -61.1651
-52.8905 -52.8523 -52.8170 -52.7818 -52.7491 -52.7129 -52.6856 -52.6535 -52.6193 -52.5857 -52.5536 -52.5220 -52.4910 -52.4612 -52.4328 -52.4061 -52.3806 -52.3552 -52.3303 -52.3079 -52.2862 -59.5055 -63.4932 -69.1731 -60.2012 0.0000 -68.1022 -60.6441 -61.0413 -61.3526 -60.9344 -60.5190 -52.3828 -60.1845 -59.5338 -59.8936 -60.2613 -60.5880 -60.9112 -62.7838
-52.8104 -52.7714 -52.7352 -52.6992 -52.6656 -52.6287 -52.6010 -52.5691 -52.5344 -52.4999 -52.4673 -52.4351 -52.4037 -52.3732 -52.3444 -52.3170 -52.2911 -52.2654 -52.2401 -52.2171 -52.1950 -59.4255 0.0000 0.0000 -60.2001 0.0000 -60.1567 -60.5492 -60.9780 -61.2922 -60.8511 -59.3555 -52.1057 -59.1332 -59.5011 -59.8924 -61.5261 -62.0056 -62.4690 -62.9057
-52.7296 -52.6901 -52.6526 -52.6163 -52.5815 -52.5478 -52.5155 -52.4834 -52.4487 -52.4136 -52.3803 -52.3474 -52.3156 -52.2843 -52.2551 -52.2269 -52.2008 -52.1747 -52.1489 -52.1253 -52.1029 -59.3445 0.0000 0.0000 -60.1325 -52.2121 -52.1842 -60.4392 -60.8931 -59.9544 -59.6318 -59.2937 -52.0117 -59.0683 -60.5469 -61.0776 -61.5933 -62.1040 -62.5939 -63.0511
-52.6480 -52.6081 -52.5692 -52.5325 -52.4928 -52.4623 -52.4291 -52.3967 -52.3623 -52.3265 -52.2924 -52.2588 -52.2265 -52.1946 -52.1650 -52.1360 -52.1096 -52.0832 -52.0569 -52.0326 -52.0099 -59.2629 0.0000 0.0000 -60.0753 -52.1075 -51.8893 -59.2294 -59.6484 -59.9453 -59.5990 -60.2730 -52.0914 -59.9896 -60.5561 -61.1287 -61.6814 -62.2258 -62.7454 -63.2240
-52.5658 -52.5253 -52.4849 -52.4479 -52.4072 -52.3760 -52.3419 -52.3091 -52.2749 -52.2387 -52.2036 -52.1695 -52.1366 -52.1043 -52.0740 -52.0442 -52.0175 -51.9907 -51.9640 -51.9390 -51.9160 -59.1805 -60.0156 -61.3249 -58.8433 -51.8121 -51.7935 -59.1856 -59.6318 -61.2520 -60.7536 -60.2387 -51.9954 -59.9634 -60.5784 -61.1995 -61.7949 -62.3748 -62.9317 -63.2936
-52.4840 -52.4418 -52.4006 -52.3625 -52.3209 -52.2889 -52.2537 -52.2207 -52.1867 -52.1500 -52.1141 -52.0794 -52.0458 -52.0131 -51.9820 -51.9517 -51.9244 -51.8975 -51.8702 -51.8445 -51.8211 -59.0970 -60.0919 -61.8245 -58.8120 -51.7154 -51.8744 -60.2504 -60.8861 -61.3289 -60.7745 -60.2058 -51.8991 -59.9382 -60.6182 -61.2964 -61.8265 -62.4275 -63.0044 -64.5650
-52.4015 -52.3574 -52.3157 -52.2761 -52.2379 -52.2011 -52.1652 -52.1314 -52.0977 -52.0606 -52.0237 -51.9885 -51.9541 -51.9210 -51.8893 -51.8585 -51.8305 -51.8032 -51.7755 -51.7490 -51.7253 -59.0126 -63.1679 -62.8040 -59.9036 -51.8071 -51.7858 -60.2624 -60.9537 -61.4181 -60.8042 -60.1678 -51.8023 -59.9236 -60.5797 -61.3083 -61.9890 -62.6284 -63.2421 -67.1022
-52.3182 -52.2722 -52.2300 -52.1852 -52.1503 -52.1124 -52.0759 -52.0411 -52.0071 -51.9702 -51.9325 -51.8967 -51.8615 -51.8280 -51.7955 -51.7644 -51.7355 -51.7080 -51.6799 -51.6525 -51.6284 -58.9270 0.0000 0.0000 -59.9910 -51.7120 -51.6902 -60.2699 -61.0324 -61.5257 -60.8467 -60.0312 -51.6872 -59.8248 -60.6597 -61.4646 -62.2042 -61.1683 -68.4346 -68.3320
-52.2341 -52.1869 -52.1435 -52.0971 -52.0619 -52.0230 -51.9858 -51.9499 -51.9155 -51.8790 -51.8408 -51.8041 -51.7679 -51.7341 -51.7009 -51.6692 -51.6395 -51.6117 -51.5832 -51.5550 -51.5305 -58.8400 0.0000 0.0000 -60.0539 -51.6122 -51.5873 -60.2448 -60.9575 -61.4677 -60.7448 -60.0097 -51.5848 -59.8393 -60.7877 -61.6828 -62.4883 -61.2645 -68.9169 0.0000
-52.1725 -52.1015 -52.0563 -52.0093 -51.9725 -51.9329 -51.8950 -51.8578 -51.8232 -51.7869 -51.7482 -51.7106 -51.6738 -51.6391 -51.6052 -51.5731 -51.5425 -51.5143 -51.4855 -51.4567 -51.4315 -59.8120 0.0000 0.0000 -60.1602 -51.5046 -51.4635 -60.1387 -61.0823 -61.6199 -60.8223 -59.9994 -51.4813 -59.8928 -60.9848 -61.9870 -62.8692 -61.5943 0.0000 0.0000
-52.0870 -52.0153 -51.9681 -51.9242 -51.8823 -51.8423 -51.8033 -51.7651 -51.7298 -51.6940 -51.6547 -51.6161 -51.5787 -51.5432 -51.5087 -51.4760 -51.4444 -51.4158 -51.5699 -51.5374 -51.5084 -51.6788 -60.8717 -61.6810 -60.1970 -51.3799 -51.3589 -60.1922 -61.2755 -61.8219 -60.9572 -60.0148 -51.3766 -60.0101 -61.3943 -62.5591 -63.9114 -62.0455 0.0000 0.0000
-51.9989 -51.9284 -51.8757 -51.8348 -51.7912 -51.7508 -51.7108 -51.6719 -51.6355 -51.5998 -51.5602 -51.5208 -51.4826 -51.4461 -51.4112 -51.3778 -51.5319 -51.4998 -51.4672 -51.4341 -51.4044 -51.3762 -61.0885 -62.4076 -60.6162 -51.2743 -51.2531 -60.3068 -61.5714 -62.1211 -61.1529 -60.1570 -51.2832 -60.3286 -61.9003 -66.2516 -65.2081 -62.9562 -51.4984 0.0000
-51.9090 -51.8407 -51.7874 -51.7446 -51.6994 -51.6583 -51.6175 -51.5778 -51.5400 -51.5040 -51.4647 -51.4244 -51.3856 -51.5426 -51.5035 -51.4657 -51.4289 -51.3962 -51.3635 -51.3299 -51.2993 -51.2708 -61.4997 -63.3128 -61.4756 -51.1675 -51.1457 -60.5254 -62.1757 -62.7460 -61.6013 -60.2966 -51.1781 -60.7737 -62.6921 -70.7246 0.0000 -65.2796 -51.4008 -51.4385
-51.8187 -51.7756 -51.6982 -51.6534 -51.6076 -51.5649 -51.5233 -51.4828 -51.4435 -51.4070 -51.5719 -51.5267 -51.4830 -51.4403 -51.4009 -51.3624 -51.3251 -51.2916 -51.2588 -51.2246 -51.1931 -51.1643 -62.3404 -64.4875 -63.5107 -51.0767 -51.0544 -61.1067 -62.9952 -63.4200 -62.1144 -60.5396 -51.0712 -61.6862 0.0000 0.0000 0.0000 0.0000 -51.2896 -51.3299
-51.7276 -51.6859 -51.6117 -51.5612 -51.5149 -51.4703 -51.4282 -51.3868 -51.5547 -51.5138 -51.4712 -51.4255 -51.3809 -51.3371 -51.2972 -51.2581 -51.2203 -51.1858 -51.1530 -51.1182 -51.0857 -51.0563 -64.3365 0.0000 0.0000 -50.9728 -50.9486 -62.0240 -64.3363 -65.8045 -62.9182 -60.9895 -50.9627 -63.8692 0.0000 0.0000 0.0000 -51.1389 -51.1786 -51.2207
-51.6356 -51.5899 -51.5213 -51.4686 -51.4211 -51.5939 -51.5468 -51.4999 -51.4538 -51.4116 -51.3696 -51.3233 -51.2778 -51.2334 -51.1924 -51.1527 -51.1144 -51.0788 -51.0456 -51.0104 -50.9769 -50.9471 0.0000 0.0000 0.0000 -50.8617 -50.8374 -64.1681 -66.5806 -67.6452 -68.2534 -61.9018 -50.8526 0.0000 0.0000 -50.9543 -50.9904 -51.0257 -51.0604 -51.1016
