0.0000 0.0000 0.0000 0.0000 0.0000 0.0000 0.0000 0.0000 0.0000 0.0000 0.0000 0.0000 0.0000 0.0000 0.0000 0.0000 0.0000 0.0000 0.0000 0.0000 0.0000 0.0000 0.0000 0.0000 0.0000 0.0000 0.0000 0.0000 0.0000 0.0000 0.0000 0.0000 0.0000 0.0000 0.0000 0.0000 0.0000 0.0000 0.0000 0.0000
-58.3426 -58.3752 -58.4067 -58.4377 -58.4699 -58.5015 -58.5336 -58.5663 -58.5988 -58.6306 -59.1200 -59.1531 -59.1855 -59.2178 -59.2492 -59.2806 -59.3112 -59.3422 -59.3723 -59.4035 -59.4356 -59.4663 -59.4970 -59.5261 -59.5538 -59.5807 -59.6073 -59.6346 -59.6658 -59.7400 -59.7648 -59.7894 -59.8134 -59.8367 -59.8596 -59.8819 -59.9046 -59.9266 -59.9480 -59.9686
-58.3049 -58.3372 -58.3684 -58.4011 -58.4333 -58.4657 -58.4990 -58.5321 -58.5645 -58.5959 -59.0840 -59.1169 -59.1498 -59.1819 -59.2138 -59.2450 -59.2766 -59.3072 -59.3395 -59.3718 -59.4031 -59.4340 -59.4637 -59.4923 -59.5196 -59.5471 -59.5749 -59.6022 -59.6337 -59.6628 -59.7332 -59.7578 -59.7818 -59.8053 -59.8284 -59.8517 -59.8744 -59.8964 -59.9176 -59.9381
-58.2668 -58.2984 -58.3314 -58.3642 -58.3970 -58.4309 -58.4645 -58.4976 -58.5298 -58.5597 -59.0479 -59.0810 -59.1137 -59.1462 -59.1780 -59.2101 -59.2414 -59.2741 -59.3071 -59.3394 -59.3705 -59.4008 -59.4296 -59.4575 -59.4862 -59.5139 -59.5422 -59.5697 -59.6004 -59.6305 -59.6555 -59.7261 -59.7502 -59.7740 -59.7980 -59.8214 -59.8439 -59.8658 -59.8868 -59.9064
-58.2276 -58.2607 -58.2942 -58.3273 -58.3619 -58.3961 -58.4298 -58.4627 -58.4932 -58.5233 -59.0117 -59.0450 -59.0777 -59.1100 -59.1428 -59.1747 -59.2080 -59.2416 -59.2745 -59.3062 -59.3375 -59.3665 -59.3950 -59.4239 -59.4522 -59.4815 -59.5089 -59.5363 -59.5680 -59.5976 -59.6231 -59.6476 -59.7189 -59.7436 -59.7676 -59.7908 -59.8132 -59.8347 -59.8549 -59.8744
-58.1889 -58.2233 -58.2568 -58.2919 -58.3268 -58.3611 -58.3948 -58.4259 -58.4565 -58.4868 -58.9753 -59.0087 -59.0416 -59.0746 -59.1070 -59.1410 -59.1752 -59.2087 -59.2410 -59.2729 -59.3025 -59.3321 -59.3612 -59.3899 -59.4194 -59.4473 -59.4757 -59.5032 -59.5353 -59.5650 -59.5906 -59.6157 -59.6407 -59.7130 -59.7368 -59.7599 -59.7819 -59.8027 -59.8228 -59.8423
-58.1511 -58.1853 -58.2211 -58.2565 -58.2915 -58.3258 -58.3577 -58.3889 -58.4198 -58.4501 -58.9387 -58.9723 -59.0058 -59.0389 -59.0730 -59.1079 -59.1420 -59.1750 -59.2075 -59.2377 -59.2679 -59.2976 -59.3272 -59.3567 -59.3853 -59.4139 -59.4419 -59.4702 -59.5020 -59.5323 -59.5582 -59.5843 -59.6094 -59.6336 -59.7058 -59.7283 -59.7497 -59.7704 -59.7906 -59.8100
-58.1131 -58.1490 -58.1850 -58.2210 -58.2559 -58.2886 -58.3204 -58.3519 -58.3828 -58.4132 -58.9020 -58.9362 -58.9699 -59.0046 -59.0401 -59.0745 -59.1080 -59.1411 -59.1720 -59.2028 -59.2331 -59.2633 -59.2932 -59.3228 -59.3517 -59.3803 -59.4088 -59.4363 -59.4687 -59.4999 -59.5267 -59.5524 -59.5776 -59.6018 -59.6245 -59.6959 -59.7173 -59.7380 -59.7581 -59.7780
-58.0763 -58.1129 -58.1492 -58.1848 -58.2183 -58.2510 -58.2831 -58.3146 -58.3456 -58.3762 -58.8656 -58.9000 -58.9352 -58.9713 -59.0064 -59.0406 -59.0739 -59.1054 -59.1368 -59.1678 -59.1985 -59.2287 -59.2589 -59.2890 -59.3183 -59.3469 -59.3751 -59.4032 -59.4398 -59.4677 -59.4945 -59.5204 -59.5452 -59.5688 -59.5913 -59.6131 -59.6847 -59.7055 -59.7261 -59.7464
-58.0398 -58.0768 -58.1130 -58.1473 -58.1804 -58.2130 -58.2455 -58.2771 -58.3083 -58.3395 -58.8291 -58.8650 -58.9017 -58.9374 -58.9722 -59.0061 -59.0382 -59.0700 -59.1015 -59.1326 -59.1633 -59.1942 -59.2246 -59.2549 -59.2847 -59.3135 -59.3418 -59.3707 -59.4079 -59.4349 -59.4619 -59.4877 -59.5119 -59.5350 -59.5579 -59.5797 -59.6009 -59.6735 -59.6944 -59.7148
-58.0034 -58.0403 -58.0754 -58.1091 -58.1423 -58.1751 -58.2073 -58.2394 -58.2713 -58.3026 -58.7937 -58.8311 -58.8675 -58.9030 -58.9374 -58.9702 -59.0026 -59.0348 -59.0659 -59.0971 -59.1285 -59.1596 -59.1906 -59.2206 -59.2506 -59.2801 -59.3096 -59.3386 -59.3752 -59.4025 -59.4283 -59.4536 -59.4778 -59.5014 -59.5238 -59.5462 -59.5683 -59.6416 -59.6629 -59.6843
-57.9666 -58.0025 -58.0368 -58.0707 -58.1041 -58.1370 -58.1693 -58.2018 -58.2341 -58.2667 -58.7596 -58.7966 -58.8327 -58.8678 -58.9012 -58.9343 -58.9670 -58.9986 -59.0303 -59.0620 -59.0937 -59.1254 -59.1560 -59.1867 -59.2166 -59.2472 -59.2773 -59.3061 -59.3426 -59.3694 -59.3945 -59.4188 -59.4435 -59.4671 -59.4903 -59.5130 -59.5355 -59.5575 -59.6323 -59.6538
-57.9287 -57.9636 -57.9981 -58.0322 -58.0656 -58.0986 -58.1317 -58.1643 -58.1975 -58.2320 -58.7248 -58.7616 -58.7973 -58.8313 -58.8650 -58.8982 -58.9304 -58.9625 -58.9949 -59.0274 -59.0592 -59.0906 -59.1219 -59.1526 -59.1840 -59.2142 -59.2441 -59.2732 -59.3092 -59.3349 -59.3604 -59.3848 -59.4085 -59.4331 -59.4569 -59.4801 -59.5030 -59.5261 -59.5482 -59.6239
-57.8894 -57.9246 -57.9592 -57.9934 -58.0270 -58.0607 -58.0939 -58.1277 -58.1625 -58.1963 -58.6894 -58.7258 -58.7604 -58.7948 -58.8284 -58.8612 -58.8939 -58.9269 -58.9601 -58.9926 -59.0246 -59.0561 -59.0877 -59.1197 -59.1507 -59.1812 -59.2105 -59.2389 -59.2748 -59.3006 -59.3256 -59.3505 -59.3750 -59.3990 -59.4233 -59.4477 -59.4715 -59.4944 -59.5174 -59.5392
-57.8500 -57.8853 -57.9201 -57.9543 -57.9887 -58.0225 -58.0570 -58.0924 -58.1268 -58.1605 -58.6529 -58.6882 -58.7235 -58.7576 -58.7911 -58.8242 -58.8580 -58.8918 -58.9249 -58.9576 -58.9898 -59.0223 -59.0546 -59.0862 -59.1174 -59.1473 -59.1762 -59.2038 -59.2398 -59.2660 -59.2911 -59.3164 -59.3416 -59.3658 -59.3905 -59.4155 -59.4397 -59.4634 -59.4860 -59.5078
-57.8104 -57.8458 -57.8807 -57.9157 -57.9502 -57.9852 -58.0214 -58.0564 -58.0907 -58.1239 -58.6153 -58.6507 -58.6855 -58.7200 -58.7536 -58.7881 -58.8225 -58.8564 -58.8897 -58.9226 -58.9559 -58.9889 -59.0212 -59.0526 -59.0833 -59.1126 -59.1408 -59.1694 -59.2045 -59.2309 -59.2574 -59.2828 -59.3080 -59.3339 -59.3586 -59.3832 -59.4081 -59.4317 -59.4542 -59.4754
-57.7706 -57.8061 -57.8417 -57.8768 -57.9125 -57.9493 -57.9851 -58.0200 -58.0537 -58.0860 -58.5774 -58.6127 -58.6475 -58.6816 -58.7172 -58.7523 -58.7868 -58.8208 -58.8544 -58.8885 -58.9222 -58.9552 -58.9873 -59.0185 -59.0481 -59.0769 -59.1057 -59.1343 -59.1697 -59.1965 -59.2231 -59.2498 -59.2759 -59.3014 -59.3273 -59.3520 -59.3756 -59.3993 -59.4217 -59.4433
-57.7304 -57.7667 -57.8025 -57.8388 -57.8763 -57.9127 -57.9483 -57.9827 -58.0154 -58.0476 -58.5390 -58.5744 -58.6092 -58.6448 -58.6806 -58.7162 -58.7510 -58.7852 -58.8202 -58.8546 -58.8883 -58.9210 -58.9527 -58.9829 -59.0126 -59.0415 -59.0698 -59.1000 -59.1352 -59.1624 -59.1897 -59.2170 -59.2439 -59.2700 -59.2954 -59.3201 -59.3434 -59.3665 -59.3889 -59.4109
-57.6906 -57.7271 -57.7641 -57.8022 -57.8393 -57.8756 -57.9106 -57.9438 -57.9766 -58.0089 -58.5003 -58.5357 -58.5719 -58.6084 -58.6442 -58.6797 -58.7152 -58.7509 -58.7860 -58.8203 -58.8537 -58.8859 -58.9168 -58.9471 -58.9768 -59.0057 -59.0349 -59.0655 -59.1008 -59.1291 -59.1571 -59.1844 -59.2118 -59.2384 -59.2631 -59.2872 -59.3110 -59.3336 -59.3563 -59.3793
-57.6507 -57.6883 -57.7272 -57.7649 -57.8018 -57.8375 -57.8712 -57.9046 -57.9376 -57.9699 -58.4612 -58.4980 -58.5351 -58.5716 -58.6078 -58.6437 -58.6801 -58.7164 -58.7513 -58.7855 -58.8181 -58.8497 -58.8807 -58.9111 -58.9408 -58.9708 -59.0002 -59.0317 -59.0675 -59.0963 -59.1245 -59.1526 -59.1792 -59.2053 -59.2305 -59.2545 -59.2778 -59.3014 -59.3248 -59.3480
-57.6115 -57.6510 -57.6895 -57.7271 -57.7633 -57.7976 -57.8317 -57.8653 -57.8982 -57.9306 -58.4230 -58.4608 -58.4980 -58.5348 -58.5717 -58.6088 -58.6453 -58.6809 -58.7162 -58.7493 -58.7816 -58.8133 -58.8443 -58.8749 -58.9057 -58.9358 -58.9660 -58.9995 -59.0346 -59.0636 -59.0919 -59.1197 -59.1464 -59.1719 -59.1971 -59.2217 -59.2458 -59.2699 -59.2939 -59.3170
-57.5738 -57.6130 -57.6513 -57.6879 -57.7229 -57.7577 -57.7919 -57.8255 -57.8585 -57.8919 -58.3854 -58.4233 -58.4609 -58.4986 -58.5364 -58.5737 -58.6099 -58.6454 -58.6790 -58.7120 -58.7448 -58.7765 -58.8080 -58.8396 -58.8704 -58.9016 -58.9326 -58.9670 -59.0022 -59.0313 -59.0591 -59.0861 -59.1128 -59.1388 -59.1635 -59.1892 -59.2146 -59.2389 -59.2629 -59.2868
-57.5354 -57.5744 -57.6115 -57.6471 -57.6826 -57.7175 -57.7518 -57.7854 -57.8194 -57.8539 -58.3476 -58.3859 -58.4244 -58.4630 -58.5009 -58.5378 -58.5739 -58.6081 -58.6418 -58.6748 -58.7072 -58.7401 -58.7724 -58.8039 -58.8363 -58.8680 -58.8996 -58.9349 -58.9697 -58.9981 -59.0258 -59.0527 -59.0788 -59.1049 -59.1316 -59.1573 -59.1831 -59.2085 -59.2326 -59.2555
-57.4963 -57.5340 -57.5703 -57.6065 -57.6421 -57.6770 -57.7113 -57.7458 -57.7810 -57.8158 -58.3098 -58.3492 -58.3885 -58.4271 -58.4647 -58.5012 -58.5362 -58.5705 -58.6042 -58.6374 -58.6707 -58.7037 -58.7366 -58.7698 -58.8024 -58.8348 -58.8667 -58.9023 -58.9361 -58.9645 -58.9921 -59.0190 -59.0454 -59.0725 -59.0995 -59.1258 -59.1520 -59.1774 -59.2013 -59.2240
-57.4554 -57.4925 -57.5293 -57.5655 -57.6011 -57.6361 -57.6712 -57.7071 -57.7425 -57.7775 -58.2730 -58.3130 -58.3523 -58.3906 -58.4275 -58.4632 -58.4982 -58.5326 -58.5664 -58.6007 -58.6344 -58.6679 -58.7018 -58.7358 -58.7691 -58.8017 -58.8333 -58.8684 -58.9021 -58.9305 -58.9582 -58.9856 -59.0135 -59.0408 -59.0680 -59.0950 -59.1204 -59.1451 -59.1690 -59.1925
-57.4134 -57.4510 -57.4879 -57.5242 -57.5599 -57.5956 -57.6321 -57.6682 -57.7039 -57.7404 -58.2364 -58.2763 -58.3153 -58.3527 -58.3891 -58.4248 -58.4599 -58.4946 -58.5296 -58.5640 -58.5986 -58.6333 -58.6677 -58.7018 -58.7357 -58.7678 -58.7990 -58.8341 -58.8678 -58.8963 -58.9247 -58.9535 -58.9819 -59.0099 -59.0371 -59.0630 -59.0885 -59.1126 -59.1370 -59.1606
-57.3716 -57.4092 -57.4461 -57.4826 -57.5190 -57.5560 -57.5928 -57.6294 -57.6666 -57.7033 -58.1992 -58.2389 -58.2768 -58.3139 -58.3503 -58.3861 -58.4217 -58.4575 -58.4925 -58.5283 -58.5637 -58.5990 -58.6339 -58.6680 -58.7008 -58.7332 -58.7644 -58.7996 -58.8335 -58.8629 -58.8925 -58.9219 -58.9507 -58.9787 -59.0051 -59.0308 -59.0558 -59.0810 -59.1049 -59.1286
-57.3293 -57.3669 -57.4041 -57.4412 -57.4787 -57.5164 -57.5538 -57.5918 -57.6292 -57.6656 -58.1615 -58.1998 -58.2376 -58.2747 -58.3112 -58.3478 -58.3842 -58.4200 -58.4569 -58.4930 -58.5293 -58.5650 -58.5996 -58.6331 -58.6658 -58.6977 -58.7295 -58.7651 -58.8000 -58.8305 -58.8609 -58.8905 -58.9190 -58.9462 -58.9725 -58.9987 -59.0241 -59.0487 -59.0732 -59.0964
-57.2866 -57.3246 -57.3624 -57.4004 -57.4388 -57.4771 -57.5159 -57.5540 -57.5910 -57.6272 -58.1217 -58.1601 -58.1979 -58.2351 -58.2727 -58.3099 -58.3467 -58.3843 -58.4214 -58.4585 -58.4949 -58.5301 -58.5644 -58.5978 -58.6305 -58.6625 -58.6945 -58.7309 -58.7676 -58.7988 -58.8292 -58.8582 -58.8861 -58.9134 -58.9404 -58.9667 -58.9921 -59.0169 -59.0409 -59.0643
-57.2438 -57.2824 -57.3209 -57.3601 -57.3993 -57.4388 -57.4777 -57.5154 -57.5520 -57.5870 -58.0816 -58.1201 -58.1580 -58.1965 -58.2344 -58.2724 -58.3107 -58.3488 -58.3866 -58.4238 -58.4595 -58.4945 -58.5287 -58.5621 -58.5951 -58.6279 -58.6606 -58.6985 -58.7351 -58.7668 -58.7963 -58.8250 -58.8533 -58.8812 -58.9082 -58.9345 -58.9601 -58.9848 -59.0084 -59.0313
-57.2012 -57.2403 -57.2802 -57.3204 -57.3607 -57.4002 -57.4386 -57.4757 -57.5115 -57.5466 -58.0411 -58.0799 -58.1191 -58.1577 -58.1969 -58.2360 -58.2750 -58.3136 -58.3514 -58.3878 -58.4235 -58.4584 -58.4926 -58.5266 -58.5603 -58.5940 -58.6282 -58.6663 -58.7024 -58.7326 -58.7627 -58.7922 -58.8208 -58.8487 -58.8759 -58.9023 -58.9276 -58.9521 -58.9759 -58.9999
-57.1585 -57.1992 -57.2404 -57.2814 -57.3216 -57.3607 -57.3983 -57.4348 -57.4706 -57.5058 -58.0007 -58.0407 -58.0800 -58.1202 -58.1601 -58.2001 -58.2395 -58.2778 -58.3150 -58.3514 -58.3870 -58.4220 -58.4570 -58.4915 -58.5265 -58.5614 -58.5956 -58.6329 -58.6684 -58.6991 -58.7293 -58.7594 -58.7881 -58.8161 -58.8433 -58.8694 -58.8947 -58.9197 -58.9448 -58.9691
-57.1285 -57.1710 -57.2009 -57.2418 -57.2817 -57.3198 -57.3569 -57.3934 -57.4293 -57.4654 -57.5099 -58.0012 -58.0425 -58.0833 -58.1241 -58.1642 -58.2031 -58.2410 -58.2781 -58.3145 -58.3503 -58.3862 -58.4216 -58.4577 -58.4935 -58.5282 -58.5614 -58.5986 -58.6348 -58.6659 -58.6962 -58.7258 -58.7553 -58.7831 -58.8101 -58.8363 -58.8627 -58.8887 -58.9138 -58.9385
-57.0882 -57.1312 -57.1731 -57.2015 -57.2401 -57.2779 -57.3151 -57.3518 -57.3887 -57.4253 -57.4646 -57.9635 -58.0053 -58.0469 -58.0878 -58.1272 -58.1659 -58.2037 -58.2408 -58.2776 -58.3144 -58.3507 -58.3878 -58.4244 -58.4596 -58.4935 -58.5269 -58.5649 -58.6014 -58.6326 -58.6630 -58.6927 -58.7212 -58.7496 -58.7770 -58.8046 -58.8314 -58.8576 -58.8831 -58.9077
-57.0479 -57.0906 -57.1322 -57.1717 -57.1977 -57.2357 -57.2730 -57.3109 -57.3482 -57.3858 -57.4235 -57.9262 -57.9686 -58.0101 -58.0502 -58.0895 -58.1281 -58.1660 -58.2038 -58.2414 -58.2788 -58.3168 -58.3540 -58.3897 -58.4245 -58.4590 -58.4931 -58.5311 -58.5678 -58.5991 -58.6294 -58.6588 -58.6875 -58.7163 -58.7454 -58.7731 -58.8003 -58.8266 -58.8520 -58.8759
-57.0068 -57.0489 -57.0892 -57.1289 -57.1679 -57.2066 -57.2320 -57.2700 -57.3087 -57.3472 -57.3858 -57.8891 -57.9311 -57.9719 -58.0120 -58.0513 -58.0899 -58.1289 -58.1672 -58.2057 -58.2444 -58.2822 -58.3186 -58.3542 -58.3899 -58.4248 -58.4590 -58.4973 -58.5340 -58.5650 -58.5952 -58.6250 -58.6551 -58.6844 -58.7132 -58.7412 -58.7690 -58.7949 -58.8196 -58.8436
-56.9644 -57.0055 -57.0459 -57.0856 -57.1253 -57.1651 -57.2043 -57.2304 -57.2699 -57.3093 -57.3480 -57.8509 -57.8925 -57.9332 -57.9733 -58.0129 -58.0527 -58.0921 -58.1314 -58.1710 -58.2092 -58.2463 -58.2831 -58.3196 -58.3553 -58.3904 -58.4248 -58.4630 -58.4994 -58.5305 -58.5617 -58.5927 -58.6229 -58.6527 -58.6816 -58.7095 -58.7360 -58.7623 -58.7871 -58.8110
-56.9205 -56.9616 -57.0021 -57.0428 -57.0834 -57.1236 -57.1647 -57.2055 -57.2461 -57.2711 -57.3091 -57.8118 -57.8533 -57.8941 -57.9348 -57.9754 -58.0158 -58.0559 -58.0963 -58.1349 -58.1729 -58.2108 -58.2481 -58.2847 -58.3207 -58.3559 -58.3900 -58.4280 -58.4647 -58.4973 -58.5292 -58.5605 -58.5911 -58.6208 -58.6492 -58.6766 -58.7031 -58.7287 -58.7542 -58.7782
-56.8761 -56.9174 -56.9591 -57.0004 -57.0417 -57.0836 -57.1255 -57.1669 -57.2074 -57.2465 -57.2694 -57.7721 -57.8137 -57.8555 -57.8968 -57.9382 -57.9792 -58.0201 -58.0595 -58.0984 -58.1372 -58.1753 -58.2128 -58.2497 -58.2857 -58.3204 -58.3547 -58.3937 -58.4317 -58.4645 -58.4968 -58.5283 -58.5587 -58.5878 -58.6160 -58.6434 -58.6699 -58.6956 -58.7207 -58.7458
-56.8313 -56.8741 -56.9162 -56.9587 -57.0014 -57.0442 -57.0864 -57.1274 -57.1673 -57.2063 -57.2446 -57.7498 -57.7749 -57.8172 -57.8594 -57.9013 -57.9426 -57.9828 -58.0228 -58.0625 -58.1014 -58.1398 -58.1775 -58.2141 -58.2498 -58.2848 -58.3206 -58.3604 -58.3987 -58.4319 -58.4643 -58.4952 -58.5251 -58.5542 -58.5825 -58.6099 -58.6366 -58.6627 -58.6880 -58.7130
