-41.0158 -41.3202 -41.6176 -41.9139 -42.2005 -42.4810 -42.7530 -43.0167 -43.2757 -43.5317 -43.7814 -44.0252 -44.2643 -44.5001 -44.7313 -44.9572 -45.1776 -45.3935 -45.6051 -45.8109 -46.0110 -46.2067 -46.3982 -46.5860 -46.7727 -46.9561 -47.1356 -47.3115 -47.4838 -47.6515 -47.8162 -47.9779 -48.1367 -48.2927 -48.4460 -48.5972 -48.7457 -48.8916 -49.0349 -49.1756
-40.8706 -41.1786 -41.4893 -41.7899 -42.0798 -42.3616 -42.6360 -42.9053 -43.1722 -43.4340 -43.6906 -43.9411 -44.1854 -44.4221 -44.6527 -44.8765 -45.0969 -45.3121 -45.5223 -45.7309 -45.9358 -46.1365 -46.3328 -46.5243 -46.7109 -46.8940 -47.0724 -47.2480 -47.4201 -47.5896 -47.7562 -47.9195 -48.0797 -48.2370 -48.3915 -48.5431 -48.6926 -48.8401 -48.9849 -49.1272
-40.7232 -41.0442 -41.3574 -41.6613 -41.9568 -42.2452 -42.5289 -42.8106 -43.0848 -43.3500 -43.6066 -43.8551 -44.0971 -44.3329 -44.5677 -44.7988 -45.0246 -45.2449 -45.4589 -45.6676 -45.8719 -46.0716 -46.2669 -46.4585 -46.6468 -46.8314 -47.0121 -47.1891 -47.3625 -47.5328 -47.7006 -47.8658 -48.0279 -48.1869 -48.3418 -48.4950 -48.6454 -48.7931 -48.9379 -49.0801
-40.5876 -40.9161 -41.2348 -41.5470 -41.8500 -42.1462 -42.4352 -42.7155 -42.9879 -43.2552 -43.5161 -43.7705 -44.0186 -44.2604 -44.4969 -44.7281 -44.9534 -45.1737 -45.3893 -45.6000 -45.8062 -46.0079 -46.2053 -46.3998 -46.5904 -46.7767 -46.9591 -47.1378 -47.3129 -47.4846 -47.6524 -47.8169 -47.9784 -48.1368 -48.2926 -48.4456 -48.5960 -48.7437 -48.8890 -49.0323
-40.4742 -40.8083 -41.1292 -41.4405 -41.7467 -42.0487 -42.3421 -42.6267 -42.9025 -43.1707 -43.4327 -43.6878 -43.9386 -44.1833 -44.4220 -44.6550 -44.8835 -45.1076 -45.3264 -45.5401 -45.7489 -45.9529 -46.1521 -46.3460 -46.5356 -46.7214 -46.9035 -47.0820 -47.2570 -47.4287 -47.5977 -47.7642 -47.9278 -48.0883 -48.2460 -48.4008 -48.5528 -48.7021 -48.8487 -48.9929
-40.3532 -40.6925 -41.0203 -41.3395 -41.6540 -41.9589 -42.2541 -42.5404 -42.8181 -43.0883 -43.3542 -43.6158 -43.8703 -44.1180 -44.3593 -44.5937 -44.8226 -45.0460 -45.2641 -45.4771 -45.6852 -45.8886 -46.0896 -46.2861 -46.4787 -46.6674 -46.8521 -47.0331 -47.2104 -47.3842 -47.5545 -47.7211 -47.8843 -48.0446 -48.2021 -48.3568 -48.5087 -48.6579 -48.8045 -48.9485
-40.2474 -40.5878 -40.9191 -41.2467 -41.5657 -41.8748 -42.1747 -42.4653 -42.7465 -43.0206 -43.2888 -43.5494 -43.8031 -44.0512 -44.2937 -44.5303 -44.7616 -44.9875 -45.2083 -45.4240 -45.6348 -45.8402 -46.0410 -46.2374 -46.4298 -46.6182 -46.8027 -46.9835 -47.1607 -47.3343 -47.5046 -47.6716 -47.8358 -47.9971 -48.1554 -48.3111 -48.4640 -48.6142 -48.7618 -48.9064
-40.1505 -40.4976 -40.8387 -41.1680 -41.4869 -41.7965 -42.0963 -42.3881 -42.6737 -42.9530 -43.2246 -43.4885 -43.7452 -43.9952 -44.2389 -44.4766 -44.7084 -44.9346 -45.1553 -45.3704 -45.5807 -45.7863 -45.9875 -46.1844 -46.3772 -46.5662 -46.7517 -46.9336 -47.1118 -47.2866 -47.4581 -47.6263 -47.7914 -47.9534 -48.1125 -48.2688 -48.4223 -48.5726 -48.7202 -48.8653
-40.0636 -40.4193 -40.7627 -41.0946 -41.4158 -41.7273 -42.0293 -42.3244 -42.6116 -42.8905 -43.1620 -43.4268 -43.6847 -43.9356 -44.1801 -44.4184 -44.6508 -44.8779 -45.0999 -45.3167 -45.5285 -45.7355 -45.9380 -46.1361 -46.3299 -46.5198 -46.7057 -46.8879 -47.0664 -47.2414 -47.4131 -47.5819 -47.7475 -47.9100 -48.0695 -48.2260 -48.3799 -48.5310 -48.6795 -48.8254
-39.9876 -40.3448 -40.6893 -41.0234 -41.3466 -41.6594 -41.9656 -42.2632 -42.5522 -42.8329 -43.1058 -43.3712 -43.6296 -43.8813 -44.1275 -44.3675 -44.6011 -44.8291 -45.0518 -45.2693 -45.4819 -45.6898 -45.8932 -46.0922 -46.2870 -46.4777 -46.6646 -46.8477 -47.0272 -47.2031 -47.3757 -47.5449 -47.7110 -47.8734 -48.0327 -48.1892 -48.3434 -48.4948 -48.6436 -48.7898
-39.9237 -40.2838 -40.6314 -40.9672 -41.2917 -41.6078 -41.9152 -42.2133 -42.5026 -42.7836 -43.0567 -43.3223 -43.5808 -43.8326 -44.0782 -44.3178 -44.5515 -44.7801 -45.0037 -45.2220 -45.4354 -45.6440 -45.8479 -46.0475 -46.2427 -46.4339 -46.6212 -46.8047 -46.9845 -47.1608 -47.3336 -47.5027 -47.6686 -47.8313 -47.9911 -48.1480 -48.3022 -48.4536 -48.6024 -48.7485
-39.8625 -40.2229 -40.5707 -40.9067 -41.2359 -41.5545 -41.8630 -42.1621 -42.4532 -42.7362 -43.0112 -43.2787 -43.5389 -43.7918 -44.0382 -44.2784 -44.5127 -44.7413 -44.9645 -45.1826 -45.3959 -45.6050 -45.8095 -46.0096 -46.2054 -46.3971 -46.5848 -46.7688 -46.9491 -47.1258 -47.2990 -47.4689 -47.6355 -47.7990 -47.9595 -48.1172 -48.2720 -48.4432 -48.5923 -48.7389
-39.8087 -40.1685 -40.5005 -40.8419 -41.1720 -41.4914 -41.8008 -42.1008 -42.3919 -42.6747 -42.9497 -43.2180 -43.4797 -43.7346 -43.9830 -44.2250 -44.4610 -44.6912 -44.9160 -45.1354 -45.3499 -45.5595 -45.7643 -45.9647 -46.1616 -46.3543 -46.5431 -46.7275 -46.9079 -47.0849 -47.2584 -47.4286 -47.5955 -47.7594 -47.9202 -48.0781 -48.2332 -48.3856 -48.5354 -48.6825
-39.7729 -40.1338 -40.4870 -40.8281 -41.1583 -41.4773 -41.7862 -42.0857 -42.3762 -42.6582 -42.9325 -43.1994 -43.4592 -43.7129 -43.9602 -44.2014 -44.4367 -44.6663 -44.8905 -45.1099 -45.3248 -45.5349 -45.7404 -45.9414 -46.1381 -46.3302 -46.5179 -46.7022 -46.8831 -47.0604 -47.2343 -47.4047 -47.5720 -47.7360 -47.8970 -48.0551 -48.2103 -48.3628 -48.5126 -48.6598
-39.7473 -40.1113 -40.4624 -40.8005 -41.1277 -41.4445 -41.7520 -42.0510 -42.3412 -42.6239 -42.9001 -43.1691 -43.4308 -43.6854 -43.9335 -44.1755 -44.4120 -44.6427 -44.8679 -45.0879 -45.3028 -45.5128 -45.7177 -45.9178 -46.1134 -46.3048 -46.4923 -46.6760 -46.8560 -47.0325 -47.2057 -47.3759 -47.5429 -47.7068 -47.8676 -48.0255 -48.1805 -48.3329 -48.4825 -48.6295
-39.7338 -40.0949 -40.4437 -40.7805 -41.1061 -41.4211 -41.7271 -42.0261 -42.3183 -42.6025 -42.8784 -43.1467 -43.4076 -43.6614 -43.9083 -44.1492 -44.3842 -44.6136 -44.8383 -45.0579 -45.2725 -45.4824 -45.6868 -45.8871 -46.0836 -46.2759 -46.4643 -46.6489 -46.8299 -47.0073 -47.1812 -47.3518 -47.5192 -47.6835 -47.8453 -48.0041 -48.1600 -48.3133 -48.4639 -48.6113
-39.7346 -40.0916 -40.4366 -40.7706 -41.0951 -41.4116 -41.7189 -42.0177 -42.3079 -42.5892 -42.8622 -43.1282 -43.3873 -43.6398 -43.8859 -44.1264 -44.3621 -44.5921 -44.8166 -45.0359 -45.2500 -45.4596 -45.6645 -45.8650 -46.0611 -46.2530 -46.4409 -46.6249 -46.8053 -46.9820 -47.1553 -47.3253 -47.4921 -47.6557 -47.8163 -47.9739 -48.1290 -48.2823 -48.4331 -48.5813
-39.7433 -40.0963 -40.4378 -40.7698 -41.0931 -41.4072 -41.7130 -42.0094 -42.2968 -42.5758 -42.8471 -43.1118 -43.3719 -43.6257 -43.8731 -44.1145 -44.3499 -44.5789 -44.8018 -45.0193 -45.2317 -45.4395 -45.6427 -45.8420 -46.0374 -46.2297 -46.4181 -46.6026 -46.7836 -46.9611 -47.1351 -47.3058 -47.4732 -47.6376 -47.7988 -47.9566 -48.1116 -48.2637 -48.4133 -48.5601
-39.7612 -40.1091 -40.4473 -40.7792 -41.1014 -41.4132 -41.7145 -42.0076 -42.2925 -42.5719 -42.8442 -43.1092 -43.3674 -43.6180 -43.8622 -44.1003 -44.3325 -44.5591 -44.7820 -45.0012 -45.2154 -45.4247 -45.6294 -45.8297 -46.0255 -46.2165 -46.4035 -46.5867 -46.7663 -46.9424 -47.1151 -47.2844 -47.4506 -47.6139 -47.7753 -47.9339 -48.0895 -48.2424 -48.3927 -48.5404
-39.7841 -40.1275 -40.4672 -40.7986 -41.1165 -41.4223 -41.7194 -42.0116 -42.2972 -42.5747 -42.8442 -43.1061 -43.3614 -43.6103 -43.8540 -44.0931 -44.3268 -44.5549 -44.7775 -44.9943 -45.2058 -45.4127 -45.6150 -45.8132 -46.0071 -46.1984 -46.3864 -46.5708 -46.7516 -46.9289 -47.1027 -47.2732 -47.4403 -47.6033 -47.7633 -47.9203 -48.0745 -48.2259 -48.3747 -48.5209
-39.8225 -40.1632 -40.4941 -40.8162 -41.1292 -41.4339 -41.7353 -42.0277 -42.3104 -42.5826 -42.8481 -43.1072 -43.3625 -43.6112 -43.8539 -44.0908 -44.3219 -44.5474 -44.7681 -44.9838 -45.1962 -45.4042 -45.6075 -45.8065 -46.0012 -46.1915 -46.3776 -46.5600 -46.7388 -46.9142 -47.0865 -47.2556 -47.4227 -47.5869 -47.7480 -47.9061 -48.0613 -48.2137 -48.3635 -48.5106
-39.8752 -40.2072 -40.5322 -40.8505 -41.1593 -41.4610 -41.7546 -42.0403 -42.3185 -42.5901 -42.8579 -43.1190 -43.3732 -43.6187 -43.8581 -44.0916 -44.3211 -44.5468 -44.7673 -44.9832 -45.1943 -45.4003 -45.6018 -45.7990 -45.9859 -46.1751 -46.3682 -46.5511 -46.7304 -46.9061 -47.0784 -47.2473 -47.4131 -47.5760 -47.7359 -47.8929 -48.0471 -48.1983 -48.3466 -48.4935
-39.9323 -40.2660 -40.5856 -40.8966 -41.1992 -41.4941 -41.7830 -42.0639 -42.3395 -42.6088 -42.8716 -43.1279 -43.3781 -43.6229 -43.8647 -44.1009 -44.3316 -44.5543 -44.7712 -44.9832 -45.1906 -45.3967 -45.5991 -45.7972 -45.9912 -46.1809 -46.3658 -46.5469 -46.7245 -46.8987 -47.0695 -47.2383 -47.4041 -47.5669 -47.7266 -47.8836 -48.0377 -48.1892 -48.3377 -48.4837
-39.9960 -40.3194 -40.6351 -40.9453 -41.2467 -41.5380 -41.8222 -42.0994 -42.3700 -42.6342 -42.8922 -43.1455 -43.3948 -43.6379 -43.8753 -44.1070 -44.3331 -44.5550 -44.7750 -44.9902 -45.2008 -45.4048 -45.6028 -45.7970 -45.9872 -46.1746 -46.3607 -46.5432 -46.7221 -46.8976 -47.0693 -47.2367 -47.4009 -47.5618 -47.7198 -47.8748 -48.0276 -48.1790 -48.3278 -48.4741
-40.0757 -40.3885 -40.6959 -40.9964 -41.2920 -41.5809 -41.8632 -42.1380 -42.4057 -42.6682 -42.9246 -43.1746 -43.4190 -43.6581 -43.8919 -44.1223 -44.3478 -44.5681 -44.7834 -44.9939 -45.1997 -45.4025 -45.6040 -45.8014 -45.9948 -46.1833 -46.3654 -46.5438 -46.7188 -46.8905 -47.0614 -47.2303 -47.3959 -47.5583 -47.7177 -47.8737 -48.0258 -48.1752 -48.3219 -48.4664
-40.1653 -40.4703 -40.7700 -41.0629 -41.3496 -41.6305 -41.9060 -42.1777 -42.4441 -42.7049 -42.9597 -43.2079 -43.4501 -43.6866 -43.9175 -44.1437 -44.3660 -44.5838 -44.7976 -45.0074 -45.2127 -45.4136 -45.6104 -45.8029 -45.9915 -46.1779 -46.3634 -46.5455 -46.7241 -46.8991 -47.0671 -47.2319 -47.3937 -47.5526 -47.7088 -47.8653 -48.0190 -48.1699 -48.3180 -48.4636
-40.2586 -40.5594 -40.8518 -41.1357 -41.4172 -41.6927 -41.9623 -42.2269 -42.4864 -42.7434 -42.9949 -43.2417 -43.4832 -43.7189 -43.9482 -44.1724 -44.3916 -44.6060 -44.8161 -45.0239 -45.2274 -45.4269 -45.6230 -45.8150 -46.0031 -46.1875 -46.3681 -46.5452 -46.7191 -46.8917 -47.0635 -47.2320 -47.3973 -47.5596 -47.7158 -47.8686 -48.0187 -48.1661 -48.3109 -48.4549
-40.3645 -40.6543 -40.9360 -41.2184 -41.4932 -41.7587 -42.0244 -42.2864 -42.5420 -42.7920 -43.0373 -43.2782 -43.5161 -43.7486 -43.9781 -44.2027 -44.4215 -44.6344 -44.8429 -45.0470 -45.2470 -45.4430 -45.6374 -45.8283 -46.0155 -46.1993 -46.3794 -46.5559 -46.7290 -46.8990 -47.0662 -47.2305 -47.3919 -47.5545 -47.7137 -47.8700 -48.0235 -48.1742 -48.3204 -48.4625
-40.4737 -40.7547 -41.0322 -41.3038 -41.5693 -41.8358 -42.0979 -42.3509 -42.6015 -42.8482 -43.0893 -43.3250 -43.5573 -43.7854 -44.0102 -44.2307 -44.4472 -44.6612 -44.8710 -45.0746 -45.2732 -45.4679 -45.6590 -45.8462 -46.0300 -46.2121 -46.3932 -46.5692 -46.7419 -46.9113 -47.0776 -47.2407 -47.4012 -47.5594 -47.7149 -47.8676 -48.0176 -48.1668 -48.3147 -48.4600
-40.6236 -40.8675 -41.1311 -41.3964 -41.6572 -41.9162 -42.1699 -42.4227 -42.6704 -42.9099 -43.1460 -43.3790 -43.6070 -43.8300 -44.0495 -44.2665 -44.4795 -44.6891 -44.8943 -45.0983 -45.2987 -45.4952 -45.6856 -45.8720 -46.0551 -46.2346 -46.4107 -46.5833 -46.7538 -46.9226 -47.0882 -47.2509 -47.4107 -47.5676 -47.7218 -47.8734 -48.0226 -48.1698 -48.3145 -48.4567
-40.8264 -41.0438 -41.2565 -41.4969 -41.7500 -42.0040 -42.2538 -42.4986 -42.7375 -42.9759 -43.2103 -43.4375 -43.6616 -43.8823 -44.0985 -44.3103 -44.5179 -44.7244 -44.9275 -45.1269 -45.3226 -45.5146 -45.7060 -45.8941 -46.0787 -46.2575 -46.4329 -46.6052 -46.7739 -46.9394 -47.1018 -47.2618 -47.4210 -47.5773 -47.7308 -47.8817 -48.0302 -48.1761 -48.3195 -48.4603
-41.0358 -41.2430 -41.4490 -41.6520 -41.8558 -42.0986 -42.3401 -42.5796 -42.8165 -43.0482 -43.2741 -43.4993 -43.7213 -43.9377 -44.1500 -44.3593 -44.5648 -44.7663 -44.9638 -45.1592 -45.3536 -45.5444 -45.7315 -45.9152 -46.0958 -46.2760 -46.4527 -46.6261 -46.7943 -46.9596 -47.1221 -47.2812 -47.4373 -47.5905 -47.7411 -47.8913 -48.0390 -48.1842 -48.3271 -48.4676
-41.2550 -41.4504 -41.6441 -41.8428 -42.0402 -42.2348 -42.4379 -42.6665 -42.8957 -43.1224 -43.3476 -43.5674 -43.7813 -43.9946 -44.2054 -44.4115 -44.6139 -44.8130 -45.0087 -45.2013 -45.3903 -45.5759 -45.7616 -45.9439 -46.1228 -46.2985 -46.4710 -46.6417 -46.8112 -46.9774 -47.1404 -47.2993 -47.4555 -47.6092 -47.7596 -47.9070 -48.0518 -48.1941 -48.3356 -48.4754
-41.4755 -41.6636 -41.8499 -42.0366 -42.2255 -42.4136 -42.6000 -42.7841 -42.9863 -43.2026 -43.4207 -43.6362 -43.8506 -44.0593 -44.2624 -44.4649 -44.6653 -44.8620 -45.0557 -45.2462 -45.4337 -45.6180 -45.7985 -45.9757 -46.1517 -46.3261 -46.4974 -46.6657 -46.8310 -46.9934 -47.1550 -47.3146 -47.4714 -47.6252 -47.7755 -47.9234 -48.0689 -48.2112 -48.3506 -48.4876
-41.6948 -41.8773 -42.0586 -42.2390 -42.4176 -42.5951 -42.7741 -42.9524 -43.1289 -43.3033 -43.5049 -43.7109 -43.9181 -44.1235 -44.3280 -44.5266 -44.7198 -44.9129 -45.1047 -45.2931 -45.4780 -45.6598 -45.8392 -46.0157 -46.1887 -46.3583 -46.5251 -46.6923 -46.8563 -47.0176 -47.1762 -47.3320 -47.4852 -47.6385 -47.7893 -47.9375 -48.0828 -48.2252 -48.3653 -48.5032
-41.9248 -42.0928 -42.2670 -42.4416 -42.6134 -42.7845 -42.9538 -43.1236 -43.2926 -43.4623 -43.6299 -43.7982 -43.9963 -44.1933 -44.3902 -44.5865 -44.7822 -44.9720 -45.1572 -45.3416 -45.5246 -45.7045 -45.8812 -46.0549 -46.2268 -46.3961 -46.5622 -46.7247 -46.8843 -47.0431 -47.2005 -47.3553 -47.5075 -47.6572 -47.8045 -47.9498 -48.0949 -48.2375 -48.3777 -48.5152
-42.1536 -42.3164 -42.4790 -42.6432 -42.8109 -42.9745 -43.1382 -43.3007 -43.4618 -43.6232 -43.7847 -43.9460 -44.1054 -44.2746 -44.4632 -44.6518 -44.8408 -45.0297 -45.2162 -45.3973 -45.5745 -45.7507 -45.9257 -46.0976 -46.2667 -46.4330 -46.5976 -46.7601 -46.9200 -47.0757 -47.2287 -47.3796 -47.5308 -47.6795 -47.8258 -47.9698 -48.1113 -48.2506 -48.3889 -48.5262
-42.3798 -42.5381 -42.6956 -42.8505 -43.0054 -43.1666 -43.3238 -43.4794 -43.6356 -43.7903 -43.9443 -44.0968 -44.2522 -44.4058 -44.5578 -44.7282 -44.9090 -45.0913 -45.2721 -45.4525 -45.6302 -45.8032 -45.9730 -46.1417 -46.3091 -46.4738 -46.6358 -46.7952 -46.9527 -47.1087 -47.2623 -47.4123 -47.5592 -47.7038 -47.8481 -47.9912 -48.1318 -48.2702 -48.4064 -48.5405
-42.6085 -42.7574 -42.9096 -43.0608 -43.2084 -43.3568 -43.5094 -43.6615 -43.8090 -43.9593 -44.1081 -44.2556 -44.4022 -44.5488 -44.6974 -44.8447 -44.9900 -45.1616 -45.3349 -45.5105 -45.6838 -45.8561 -46.0255 -46.1911 -46.3541 -46.5159 -46.6763 -46.8342 -46.9895 -47.1423 -47.2930 -47.4429 -47.5906 -47.7353 -47.8766 -48.0156 -48.1531 -48.2907 -48.4261 -48.5592
-42.8341 -42.9803 -43.1221 -43.2672 -43.4128 -43.5542 -43.6958 -43.8402 -43.9881 -44.1297 -44.2722 -44.4156 -44.5578 -44.6986 -44.8387 -44.9818 -45.1239 -45.2641 -45.4070 -45.5753 -45.7422 -45.9108 -46.0771 -46.2417 -46.4034 -46.5623 -46.7190 -46.8742 -47.0281 -47.1795 -47.3284 -47.4749 -47.6191 -47.7634 -47.9055 -48.0456 -48.1814 -48.3152 -48.4469 -48.5785
