-70.5244
-70.7331
-70.8319
-71.3973
-71.4613
-71.5288
-71.6283
-71.7053
-71.7633
-71.6810
-71.7228
-72.2028
-72.1036
-72.0108
-73.3966
-73.4099
-73.4228
-73.2951
-73.3059
-73.3201
-73.3605
-73.6546
-73.5341
-73.4139
-70.2335
-70.3346
-70.4950
-70.6716
-70.9082
-71.1324
-71.4788
-71.6676
-71.0969
-70.1929
-67.9068
-58.7899
-58.7270
-58.6654
-66.9241
-68.4066
-72.6675
-70.5971
-70.6748
-70.8003
-71.3235
-71.3931
-71.4934
-71.5734
-71.6572
-71.7353
-71.6540
-71.7035
-72.2516
-72.1591
-72.0706
-73.4690
-73.4842
-73.4975
-73.5140
-73.5367
-73.4567
-73.9519
-73.8795
-73.7073
-70.1972
-70.2631
-70.4301
-70.6117
-70.8336
-71.0946
-71.2491
-72.2894
-71.9907
-71.6660
-71.6002
-58.7320
-58.6688
-58.6050
-58.5430
-67.7986
-73.7132
-70.3299
-70.5370
-70.6179
-71.1794
-71.2491
-71.3224
-71.4273
-71.5113
-71.5996
-71.6920
-71.6224
-71.6803
-72.3051
-72.2167
-72.1374
-73.5607
-73.5960
-73.6391
-73.6871
-73.7232
-74.3948
-74.2332
-74.1934
-73.9716
-70.1529
-70.2712
-70.4570
-70.6651
-70.9372
-71.2214
-73.6693
-73.5972
-73.5313
-73.4797
-73.4409
-58.6156
-58.5522
-58.4876
-66.7810
-74.6076
-73.3899
-70.2816
-70.4947
-70.6025
-71.1211
-71.1950
-71.2727
-71.3827
-71.4719
-71.5655
-71.6636
-71.7568
-71.6865
-72.4082
-72.3276
-72.2588
-73.8022
-73.8683
-73.9491
-74.0305
-74.6767
-75.0003
-74.9771
-74.6836
-74.0908
-70.0798
-70.2873
-70.5039
-70.7830
-71.0862
-74.9690
-75.5615
-58.5543
-58.4912
-58.4278
-58.3637
-74.3747
-75.3262
-73.2907
-70.2182
-70.4367
-70.9696
-71.0437
-71.1215
-71.2038
-71.3189
-71.4131
-71.5120
-71.6157
-71.7489
-71.6838
-72.5212
-72.4542
-72.4024
-74.0352
-74.1416
-74.2695
-75.0941
-79.4752
-80.6858
-69.9136
-70.1082
-70.3155
-70.5588
-70.8643
-71.2526
-58.4286
-58.3652
-58.3013
-74.1178
-75.1737
-76.0597
-70.1246
-70.1559
-70.3799
-70.8873
-70.9655
-71.0480
-71.1616
-71.2566
-71.3561
-71.4607
-71.8405
-71.7553
-71.6971
-72.6801
-72.6340
-72.6086
-72.6319
-75.4812
-77.1081
-69.7593
-70.1204
-70.3544
-70.6754
-70.9946
-58.3646
-58.3009
-58.2371
-73.9375
-74.9831
-78.2373
-78.6452
-70.0141
-70.0951
-70.3691
-70.8052
-70.8877
-70.9749
-71.0939
-71.1943
-71.3000
-71.4110
-71.8590
-71.7798
-71.7309
-72.8997
-72.8861
-72.9019
-72.9811
-75.6435
-77.8375
-69.6310
-69.8116
-70.0063
-70.2315
-70.5490
-71.1758
-70.8957
-67.3195
-58.3570
-58.2912
-58.2260
-58.1601
-69.5147
-74.8955
-69.9507
-70.0381
-70.6414
-70.7237
-70.8108
-70.9029
-71.0279
-71.1341
-71.2459
-71.3634
-71.8975
-71.8264
-71.7900
-73.1985
-73.2367
-73.3268
-73.5026
-77.7821
-69.6409
-69.6626
-69.8051
-70.0172
-70.2440
-70.3815
-70.7252
-72.8791
-72.4380
-71.6444
-67.1959
-58.2291
-58.1636
-58.0974
-69.3699
-74.8873
-76.4644
-69.9222
-69.8889
-70.1379
-70.5560
-70.6429
-70.7351
-70.8329
-70.9641
-71.0766
-71.1949
-72.0513
-71.9640
-71.9048
-71.8858
-73.6078
-73.7278
-73.9254
-75.3487
-75.4061
-75.6092
-75.2475
-75.1878
-69.6510
-69.6992
-69.8968
-70.1209
-70.3874
-70.7601
-71.8510
-74.8789
-74.2093
-74.1461
-67.0274
-58.1003
-58.0344
-69.2139
-69.2835
-76.3917
-69.6581
-69.8380
-69.8081
-70.3599
-70.4401
-70.5278
-70.6206
-70.7442
-70.8515
-70.9646
-71.0835
-72.0554
-71.9758
-71.9281
-71.9268
-73.9797
-74.2136
-74.5635
-76.3372
-77.2589
-78.8599
-78.2597
-69.6181
-69.7666
-70.0021
-70.2690
-70.6317
-71.0385
-77.2695
-58.0379
-57.9704
-69.1171
-69.0939
-69.1571
-69.2830
-69.3583
-69.6100
-69.7768
-69.7549
-70.2790
-70.3647
-70.4582
-70.5574
-70.6883
-70.8034
-70.9415
-72.3150
-72.2594
-72.2044
-72.1890
-72.2320
-74.7998
-75.2230
-77.3446
-79.5243
-69.5320
-69.6693
-69.8602
-70.1430
-70.5069
-70.9708
-57.9060
-68.9530
-69.0135
-68.9925
-69.0599
-69.1304
-69.2156
-69.2993
-69.6349
-69.7298
-69.7372
-70.2030
-70.2997
-70.4027
-70.5121
-70.6553
-70.7825
-70.9168
-72.5194
-72.4589
-72.4350
-72.4609
-72.5602
-75.0261
-75.5088
-69.5548
-69.7270
-69.9842
-70.2949
-70.7460
-57.8393
-68.8065
-68.8657
-68.9296
-68.9123
-68.9825
-69.0583
-69.1380
-67.6623
-69.5726
-69.5569
-69.8893
-70.1178
-70.2206
-70.3304
-70.4477
-70.5992
-70.7350
-70.8792
-72.7617
-72.7380
-72.7620
-72.8494
-73.0308
-75.3156
-69.5307
-69.6403
-69.7190
-70.0047
-70.5385
-71.0470
-57.7751
-68.6498
-68.7071
-68.7691
-68.8364
-68.8227
-68.8968
-68.9758
-69.0609
-67.5273
-69.5114
-69.5025
-69.7974
-70.0314
-70.1412
-70.2583
-70.4078
-70.5446
-70.6900
-73.1037
-73.0867
-73.1199
-73.2179
-73.4054
-73.7300
-77.3630
-73.9987
-69.7047
-69.5448
-69.5734
-69.7276
-69.9846
-70.3124
-70.8137
-70.9752
-70.6668
-70.3843
-70.4514
-57.7313
-68.4977
-68.5322
-68.5928
-68.6732
-68.6617
-68.7340
-68.8122
-68.8956
-68.9846
-67.4154
-69.4538
-69.4814
-69.7064
-69.9460
-70.0630
-70.1878
-70.3469
-70.4932
-70.6488
-73.3095
-73.5259
-73.6236
-73.8276
-74.1592
-74.7018
-76.5284
-77.2844
-76.0138
-76.5050
-69.7172
-69.6911
-69.7694
-69.9908
-70.3317
-70.8050
-75.7337
-76.9133
-78.0019
-72.0934
-71.8610
-68.3318
-68.3908
-68.4284
-68.4924
-68.5622
-68.5697
-68.6471
-68.7291
-68.8176
-68.9173
-67.3024
-69.4005
-69.5194
-69.6199
-69.8615
-69.9856
-70.1183
-70.2868
-70.4428
-73.1006
-73.3628
-73.6960
-74.1140
-74.6235
-75.2379
-77.6956
-79.1478
-69.8061
-69.8176
-69.9756
-70.2710
-70.6774
-72.1624
-78.5517
-68.1677
-68.2205
-68.2829
-68.3239
-68.3919
-68.4658
-68.4635
-68.5455
-68.6485
-68.7417
-68.9798
-67.1894
-69.1917
-69.4253
-69.6587
-69.7828
-69.9161
-70.0601
-70.2400
-70.4081
-73.1579
-73.4841
-73.8982
-74.4160
-75.0434
-77.4461
-70.0054
-69.9547
-70.0185
-70.2525
-70.6470
-71.2670
-68.0108
-68.0517
-68.1077
-68.1742
-68.2190
-68.2910
-68.3696
-68.3722
-68.4597
-68.5533
-68.6689
-68.9386
-67.0742
-69.2396
-69.0738
-69.5736
-69.7068
-69.8500
-70.0279
-70.1975
-70.3800
-73.2577
-73.6735
-74.2006
-74.8559
-75.6798
-70.2930
-70.1937
-70.1908
-70.3296
-70.6703
-71.2490
-76.4042
-67.8872
-67.8999
-67.9426
-67.9937
-68.0643
-68.1133
-68.1900
-68.1949
-68.2816
-68.3749
-68.4748
-68.5816
-68.9704
-66.9586
-69.1995
-69.0035
-69.4916
-69.6350
-69.7896
-69.9811
-70.1645
-72.9918
-73.4167
-73.9646
-74.6546
-75.5133
-70.6472
-70.3820
-70.4959
-70.5664
-70.8168
-71.3353
-78.0487
-71.4502
-60.1913
-67.7702
-67.7793
-67.8237
-67.8869
-67.9624
-68.0068
-68.0885
-68.0990
-68.1917
-68.2915
-68.3984
-68.5198
-68.9237
-66.8317
-69.1479
-68.9718
-69.0047
-69.5679
-69.7351
-69.9421
-70.1404
-73.0932
-73.6460
-73.8289
-74.1059
-74.4202
-74.9104
-72.6731
-71.4756
-71.2973
-71.0150
-70.9452
-70.9416
-71.1147
-71.5323
-72.2713
-73.7248
-74.2707
-75.1138
-60.1519
-60.0817
-67.6533
-67.6573
-67.7031
-67.7701
-67.8506
-67.9091
-67.9921
-68.0084
-68.0968
-68.2030
-68.3169
-68.5730
-68.8730
-66.7068
-68.9066
-69.0354
-68.9564
-68.8732
-69.6694
-69.8639
-72.5012
-73.1280
-73.8913
-74.8492
-75.3683
-76.1278
-76.9611
-78.0361
-77.5798
-71.5079
-71.5106
-71.5336
-71.6919
-72.0602
-72.7528
-60.1125
-60.0413
-59.9703
-67.5341
-67.5305
-67.5769
-67.6476
-67.7332
-67.7966
-67.8897
-67.9126
-68.0186
-68.1330
-68.2437
-68.6295
-68.8376
-66.5864
-68.8086
-68.9360
-69.2245
-68.8640
-68.7949
-69.8417
-72.2156
-73.1289
-74.5425
-76.2617
-71.6359
-72.2398
-72.4383
-72.8332
-73.5230
-76.1629
-60.0762
-60.0023
-59.9297
-59.8580
-59.8359
-67.4053
-67.4519
-67.5268
-67.6184
-67.6876
-67.7870
-67.8172
-67.9310
-68.0538
-68.1859
-68.6285
-68.8537
-66.4636
-68.7104
-68.8680
-69.1746
-69.3708
-68.8108
-68.7380
-71.8288
-73.1568
-75.3408
-69.9281
-69.8846
-69.6565
-72.8922
-73.8319
-74.5974
-75.7399
-60.0394
-59.9654
-59.8905
-59.8165
-59.7442
-59.6714
-67.2763
-67.3225
-67.4017
-67.4998
-67.5749
-67.6066
-67.7225
-67.8454
-67.9785
-68.1403
-68.6070
-69.1647
-66.3572
-68.5843
-68.7805
-69.1009
-69.3149
-69.5745
-68.8894
-68.6819
-73.0617
-77.3814
-70.0994
-70.0739
-70.1561
-69.9476
-69.6993
-69.3808
-76.0473
-59.9971
-59.9242
-59.8533
-59.7777
-59.7021
-59.6290
-59.5554
-67.1466
-67.1904
-67.2749
-67.3806
-67.4635
-67.5035
-67.6244
-67.7560
-67.8982
-68.2081
-68.5627
-69.0872
-66.2199
-68.4733
-68.8178
-69.0310
-69.2657
-69.5246
-71.5641
-68.6716
-68.4200
-68.1509
-67.8622
-67.5508
-67.1882
-66.8378
-70.0672
-70.7625
-70.6012
-70.4044
-70.1419
-69.7184
-69.2946
-59.9592
-59.8885
-59.8116
-59.7360
-59.6596
-59.5866
-59.5124
-59.4381
-67.0166
-67.0560
-67.1454
-67.2591
-67.3497
-67.3993
-67.5308
-67.6653
-67.8195
-68.3021
-69.3372
-69.0301
-66.0886
-68.3863
-68.7367
-68.9729
-69.2547
-72.1729
-72.3295
-72.0071
-68.4824
-68.2082
-67.9211
-66.6089
-67.2122
-66.8335
-69.9655
-71.4509
-71.3878
-71.3142
-71.2149
-71.1134
-59.9164
-59.8460
-59.7748
-59.7020
-59.6256
-59.5482
-59.4664
-59.3906
-59.3194
-66.8867
-66.9181
-67.0122
-67.1343
-67.2330
-67.2919
-67.4337
-67.5884
-67.7581
-68.2831
-69.3365
-69.0006
-65.9636
-68.2906
-68.6756
-68.9392
-69.2548
-73.1534
-73.6738
-73.6405
-73.6072
-73.2093
-67.9906
-66.6046
-67.2789
-66.8714
-69.8961
-72.6607
-73.4713
-73.6810
-59.8747
-59.8025
-59.7313
-59.6595
-59.5868
-59.5098
-59.4319
-59.3530
-59.2754
-59.1956
-66.7387
-66.7584
-66.8792
-67.0119
-67.0511
-67.1915
-67.3465
-67.5159
-67.8274
-68.3025
-69.3594
-68.9893
-65.8328
-68.2161
-68.4219
-68.9227
-69.2817
-74.9074
-75.7449
-76.8439
-78.8984
-73.0583
-67.4272
-67.3655
-66.9373
-66.4200
-73.5845
-74.7741
-67.1124
-59.7563
-59.6822
-59.6100
-59.5372
-59.4638
-59.3872
-59.3140
-59.2344
-59.1551
-59.0783
-59.0257
-66.6172
-66.7202
-66.8630
-66.9365
-67.0895
-67.2587
-67.4460
-67.9256
-69.7173
-69.4099
-69.0055
-65.7042
-68.1604
-68.0554
-68.9537
-75.1259
-77.2544
-66.3468
-67.5828
-67.4923
-67.0550
-66.4921
-76.1481
-67.0298
-67.0089
-66.9147
-59.5664
-59.4931
-59.4195
-59.3451
-59.2684
-59.1890
-59.1087
-59.0279
-58.9502
-58.8720
-66.4674
-66.5731
-66.7283
-66.7865
-66.9635
-67.1729
-67.3763
-67.9799
-69.8221
-69.4932
-69.0477
-65.5316
-68.0925
-68.0411
-68.9795
-77.1692
-66.1278
-66.4222
-67.9055
-67.7538
-67.2489
-66.6189
-65.8270
-67.0219
-67.0104
-66.9055
-66.8070
-59.4500
-59.3748
-59.3004
-59.2251
-59.1486
-59.0684
-58.9873
-58.9055
-58.8263
-58.7472
-66.3266
-66.4343
-66.6037
-66.6790
-66.8600
-67.0544
-67.2787
-70.0758
-69.9305
-69.5879
-69.0969
-65.3618
-68.0265
-67.9957
-77.0812
-64.6816
-66.1977
-67.7785
-68.5974
-68.1965
-67.6886
-67.0105
-67.0729
-66.9154
-66.9113
-66.8024
-66.6993
-59.3321
-59.2551
-59.1798
-59.1037
-59.0269
-58.9462
-58.8643
-58.7817
-58.7008
-58.6208
-66.1860
-66.2917
-66.4139
-66.5705
-66.7710
-66.9945
-67.3969
-70.5066
-71.4582
-70.9022
-69.3988
-65.2435
-68.0511
-67.9603
-67.5551
-65.5264
-65.3426
-65.1910
-65.0227
-64.5608
-66.4067
-68.6743
-69.2783
-68.9277
-68.4950
-67.0449
-66.9669
-66.8082
-66.8124
-66.6995
-66.5921
-66.4923
-59.1339
-59.0577
-58.9807
-58.9031
-58.8224
-58.7397
-58.6563
-58.5736
-58.4927
-66.0485
-66.1447
-66.2870
-66.4631
-66.6866
-66.9368
-67.6545
-71.3761
-73.0512
-73.0412
-72.8753
-65.0985
-68.0468
-68.0761
-67.5804
-65.4293
-65.2411
-65.0910
-64.9278
-64.4385
-66.8361
-74.0934
-75.4952
-67.0177
-66.9373
-66.8600
-66.7004
-66.7030
-66.5971
-66.4852
-66.3802
-59.0122
-58.9340
-58.8561
-58.7777
-58.6970
-58.6135
-58.5292
-58.4447
-58.3628
-58.3048
-65.9926
-66.1584
-66.3841
-66.6386
-66.9248
-70.4369
-73.6512
-76.5706
-64.9592
-68.0447
-68.3744
-67.6298
-65.3322
-65.1413
-64.9300
-64.4328
-64.3093
-70.0351
-67.0587
-66.9097
-66.8289
-66.7494
-66.5897
-66.5907
-66.4941
-66.3785
-66.2685
-58.8896
-58.8094
-58.7311
-58.6520
-58.5714
-58.4871
-58.4021
-58.3162
-58.2332
-58.1496
-65.8509
-66.0464
-66.2752
-66.5626
-66.8933
-73.5829
-67.3443
-68.1250
-68.6227
-67.8004
-67.0733
-65.0127
-64.8276
-64.2971
-64.1677
-70.0300
-67.8054
-66.8001
-66.7187
-66.5598
-66.4775
-66.4764
-66.3898
-66.2700
-66.1559
-66.0507
-58.6817
-58.6024
-58.5224
-58.4413
-58.3567
-58.2709
-58.1838
-58.0989
-58.0141
-65.6786
-65.9086
-66.1704
-66.4982
-67.5179
-64.5882
-67.3275
-68.3059
-69.0576
-68.8901
-67.3368
-64.9175
-64.7147
-64.1270
-63.9971
-71.5074
-70.8994
-67.9364
-66.6892
-66.6064
-66.4431
-66.3632
-66.3598
-66.2787
-66.1599
-66.0407
-65.9296
-58.5531
-58.4720
-58.3910
-58.3090
-58.2244
-58.1376
-58.0498
-57.9629
-57.8765
-65.4453
-65.7633
-66.0715
-66.4505
-64.4651
-64.4576
-67.4000
-68.6877
-69.8235
-69.7787
-67.8628
-64.8294
-64.6371
-63.9717
-63.8347
-73.3382
-73.2525
-73.1662
-72.9070
-66.5774
-66.4932
-66.3294
-66.2482
-66.2426
-66.1595
-66.0501
-65.9260
-65.8091
-58.4231
-58.3399
-58.2578
-58.1750
-58.0902
-57.9993
-57.9135
-57.8246
-57.7375
-65.2686
-65.6194
-65.9728
-66.4273
-64.4259
-64.3052
-64.3106
-67.6352
-69.6092
-71.4851
-71.5835
-69.8984
-64.7882
-63.9681
-63.8306
-75.1008
-76.4845
-66.4626
-66.3795
-66.2148
-66.2097
-66.1244
-66.0395
-65.9408
-65.8119
-65.6869
-65.5754
-58.2060
-58.1227
-58.0391
-57.9541
-57.8655
-57.7757
-57.6848
-57.5931
-57.5245
-65.4770
-65.8940
-66.4316
-67.2223
-65.9647
-65.1785
-64.2926
-64.1642
-64.1720
-68.3473
-71.8414
-74.2879
-76.0003
-64.8061
-63.8302
