-52.0377
-52.0051
-51.9774
-51.9266
-51.8977
-51.9141
-51.9468
-51.9806
-52.0111
-52.0443
-52.0825
-52.4214
-52.4749
-52.5291
-52.5842
-52.6412
-52.7060
-52.7661
-52.8281
-52.8953
-52.9695
-53.0337
-53.1034
-53.1627
-53.2313
-53.3074
-53.4178
-53.5022
-53.5449
-53.6209
-53.7035
-53.7789
-53.8586
-53.9405
-54.0224
-53.5267
-53.5957
-53.6790
-53.7708
-53.8741
-51.9124
-51.8807
-51.8348
-51.8032
-51.7962
-51.7947
-51.8282
-51.8614
-51.8923
-51.9291
-51.9682
-52.0039
-52.3418
-52.3965
-52.4526
-52.5116
-52.5774
-52.6376
-52.7020
-52.7728
-52.8469
-52.9093
-52.9636
-53.0433
-53.1130
-53.2209
-53.3050
-53.3566
-53.4282
-53.5096
-53.5911
-53.6674
-53.7511
-53.8346
-53.3770
-53.4446
-53.5239
-53.6151
-53.7160
-54.3951
-51.7837
-51.7354
-51.7087
-51.6953
-51.6704
-51.6722
-51.7050
-51.7388
-51.7690
-51.8091
-51.8506
-51.8902
-51.9349
-52.2623
-52.3193
-52.3804
-52.4471
-52.5075
-52.5756
-52.6476
-52.7205
-52.7634
-52.8449
-52.9222
-53.0209
-53.1046
-53.1607
-53.2377
-53.3117
-53.3972
-53.4775
-53.5576
-53.6427
-53.7289
-53.2886
-53.3639
-53.4563
-53.5598
-53.6613
-61.4034
-51.6417
-51.6045
-51.5961
-51.5669
-51.5416
-51.5422
-51.5786
-51.6132
-51.6444
-51.6861
-51.7284
-51.7697
-51.8194
-51.8633
-52.1844
-52.2476
-52.3153
-52.3770
-52.1983
-52.5204
-52.5732
-52.6384
-52.7244
-52.8009
-52.6624
-52.9597
-53.0415
-53.1175
-53.1970
-53.2834
-53.3627
-53.4472
-53.5342
-53.1265
-53.2049
-53.2895
-53.3922
-53.5039
-54.1163
-61.3370
-51.5104
-51.4936
-51.4624
-51.4341
-51.4087
-51.4095
-51.4464
-51.4846
-51.5167
-51.5602
-51.6031
-51.6464
-51.6972
-51.7458
-51.7934
-52.1141
-52.1810
-52.2445
-52.0743
-52.1309
-52.2116
-52.2997
-52.3832
-52.4790
-52.5302
-52.6070
-52.9206
-52.9961
-53.0810
-53.1664
-53.2471
-53.3358
-52.9579
-53.0402
-53.1219
-53.2218
-53.3319
-53.8988
-61.1716
-61.2615
-51.3914
-51.3593
-51.3323
-51.2962
-51.2717
-51.2740
-51.3114
-51.3502
-51.3861
-51.4298
-51.4749
-51.5202
-51.5722
-51.6235
-51.6755
-51.7332
-51.7943
-51.8693
-51.9438
-52.0106
-52.0758
-52.1595
-52.2693
-52.3337
-52.4181
-52.4943
-52.5729
-52.8740
-52.9638
-53.0481
-53.1335
-52.7835
-52.8686
-52.9541
-53.0464
-53.1533
-53.6998
-53.8257
-61.0906
-61.1788
-51.2538
-51.2208
-51.1920
-51.1619
-51.1321
-51.1345
-51.1737
-51.2129
-51.2499
-51.2978
-51.3437
-51.3910
-51.4442
-51.4963
-51.5521
-51.6126
-51.6694
-51.7324
-51.8008
-51.8822
-51.9522
-52.0357
-52.1217
-52.2130
-52.2956
-52.3812
-52.4561
-52.5345
-52.8449
-52.9288
-52.6049
-52.6879
-52.7803
-52.8708
-52.9714
-53.4974
-53.6013
-60.9217
-61.0033
-61.0906
-51.1130
-51.0790
-51.0491
-51.0187
-50.9933
-50.9923
-51.0319
-51.0728
-51.1109
-51.1603
-51.2081
-51.2589
-51.3127
-51.3670
-51.4230
-51.4890
-51.5464
-51.5943
-51.6632
-51.7493
-51.8188
-51.9141
-51.9902
-52.0722
-52.1738
-52.2594
-52.3403
-52.4246
-52.5095
-52.2202
-52.5048
-52.5932
-52.6935
-52.7925
-52.8954
-53.3956
-53.5234
-60.8292
-60.9108
-60.9980
-51.1255
-50.9344
-50.9035
-50.8727
-50.8470
-50.8506
-50.8885
-50.9287
-50.9692
-51.0200
-51.0686
-51.1245
-51.1788
-51.2346
-51.2934
-51.3609
-51.4076
-51.4733
-51.5402
-51.6082
-51.6919
-51.7817
-51.8628
-51.9442
-52.0309
-52.1326
-52.2175
-52.3088
-52.3962
-52.1253
-52.2082
-52.5018
-52.6084
-52.7148
-53.1858
-53.2917
-60.6559
-60.7320
-60.8142
-60.9020
-50.9720
-50.9347
-50.7552
-50.7240
-50.6979
-50.7016
-50.7432
-50.7829
-50.8235
-50.8769
-50.9269
-50.9830
-51.0417
-51.0980
-51.1607
-51.2159
-51.2776
-51.3463
-51.4184
-51.4837
-51.5535
-51.6456
-51.7267
-51.8171
-51.9063
-51.9917
-52.0908
-52.1927
-51.9423
-52.0311
-52.1193
-52.2241
-52.5218
-52.9743
-53.0792
-53.2089
-60.5537
-60.6311
-60.7144
-60.6866
-50.8158
-50.7779
-50.7433
-50.5725
-50.5461
-50.5498
-50.5919
-50.6353
-50.6771
-50.7304
-50.7817
-50.8398
-50.8992
-50.9595
-51.0141
-51.0812
-51.1445
-51.2163
-51.2916
-51.3550
-51.4320
-51.5089
-51.5911
-51.6857
-51.7814
-51.8632
-51.9561
-51.7450
-51.8418
-51.9314
-52.0344
-52.1377
-52.5528
-52.8620
-52.9702
-60.3755
-60.4479
-60.5269
-60.5172
-60.5736
-50.6571
-50.6185
-50.5830
-50.5491
-50.3913
-50.3952
-50.4377
-50.4822
-50.5283
-50.5814
-50.6325
-50.6936
-50.7527
-50.8056
-50.8747
-50.9433
-51.0089
-51.0848
-51.1588
-51.2219
-51.3062
-51.3826
-51.4577
-51.5507
-51.6465
-51.7358
-51.5389
-51.6259
-51.7266
-51.8384
-51.9440
-52.3508
-52.4461
-52.5491
-52.8831
-60.2646
-60.3392
-60.3442
-60.4003
-60.4626
-50.4957
-50.4563
-50.4200
-50.3856
-50.3570
-50.2376
-50.2810
-50.3258
-50.3734
-50.4299
-50.4813
-50.5435
-50.5949
-50.6595
-50.7305
-50.8005
-50.8727
-50.9468
-51.0211
-51.0888
-51.1778
-51.2533
-51.3328
-51.4180
-51.5077
-51.3300
-51.4260
-51.5159
-51.6147
-51.7310
-51.8539
-52.2336
-52.3387
-52.4424
-59.0965
-60.1508
-60.2279
-60.2232
-60.2849
-58.7762
-50.3302
-50.2912
-50.2542
-50.2192
-50.1904
-50.1946
-50.1209
-50.1663
-50.2156
-50.2727
-50.3285
-50.3828
-50.4426
-50.5087
-50.5841
-50.6559
-50.7295
-50.8068
-50.8793
-50.9555
-51.0430
-51.1195
-51.2047
-51.2938
-51.1191
-51.2075
-51.3071
-51.4039
-51.5177
-51.6288
-51.9997
-52.1178
-52.2258
-52.3360
-59.0225
-59.0788
-59.0766
-60.1032
-58.6609
-58.7102
-50.1632
-50.1221
-50.0856
-50.0499
-50.0213
-50.0252
-50.0697
-50.0038
-50.0546
-50.1123
-50.1701
-50.2281
-50.2879
-50.3555
-50.4353
-50.5055
-50.5823
-50.6636
-50.7355
-50.8183
-50.9048
-50.9858
-51.0729
-51.1652
-51.0020
-51.0920
-51.1850
-51.2982
-51.4116
-51.7716
-51.8730
-51.9864
-52.1113
-52.2669
-58.9334
-58.9511
-58.9973
-59.0377
-58.5987
-58.6607
-49.9932
-49.9511
-49.9128
-49.8780
-49.8487
-49.8528
-49.8977
-49.9453
-49.8905
-49.9488
-50.0009
-50.0672
-50.1318
-50.2027
-50.2803
-50.3514
-50.4322
-50.5145
-50.5886
-50.6793
-50.7637
-50.8490
-50.9401
-50.7999
-50.8853
-50.9827
-51.0749
-51.1817
-51.5352
-51.6444
-51.7547
-51.8629
-51.9787
-58.7475
-58.7986
-58.8490
-58.9171
-57.8097
-57.8590
-58.6097
-49.8202
-49.7771
-49.7386
-49.7014
-49.6729
-49.6772
-49.7225
-49.7710
-49.8259
-49.7748
-49.8361
-49.9036
-49.9713
-50.0452
-50.1223
-50.1958
-50.2794
-50.3624
-50.4366
-50.5374
-50.6187
-50.7083
-50.5874
-50.6742
-50.7690
-50.8685
-50.9701
-51.2943
-51.4033
-51.5162
-51.6282
-51.7461
-51.8806
-58.5489
-58.6596
-58.7530
-57.7095
-57.7696
-57.8240
-57.8690
-49.6539
-49.6002
-49.5608
-49.5226
-49.4928
-49.4983
-49.5440
-49.5936
-49.6431
-49.7031
-49.6684
-49.7365
-49.8054
-49.8821
-49.9619
-50.0380
-50.1220
-50.2058
-50.2880
-50.3864
-50.4730
-50.3624
-50.4582
-50.5476
-50.6509
-50.7539
-50.8604
-51.1731
-51.2780
-51.3813
-51.5026
-51.6195
-58.3757
-58.4285
-58.4934
-57.5618
-57.6535
-57.7164
-57.7795
-57.8205
-49.4741
-49.4287
-49.3797
-49.3405
-49.3104
-49.3151
-49.3621
-49.4064
-49.4637
-49.5249
-49.5919
-49.5665
-49.6362
-49.7159
-49.7959
-49.8777
-49.9629
-50.0446
-50.1365
-50.2327
-50.1340
-50.2280
-50.3231
-50.4220
-50.5330
-50.6376
-50.9371
-51.0489
-51.1533
-51.2590
-51.3704
-51.5165
-58.2391
-58.3243
-58.3837
-57.4565
-57.5512
-57.6589
-57.7056
-57.7861
-49.2905
-49.2438
-49.2037
-49.1547
-49.1244
-49.1293
-49.1695
-49.2221
-49.2813
-49.3434
-49.4132
-49.4825
-49.4636
-49.5465
-49.6268
-49.7120
-49.8012
-49.8818
-49.9806
-49.9014
-49.9904
-50.0899
-50.1886
-50.2971
-50.4081
-50.6942
-50.8055
-50.9184
-51.0258
-51.1376
-51.2491
-58.0245
-58.0969
-58.1927
-57.3316
-57.3847
-57.4596
-57.5457
-57.6663
-59.4900
-49.1035
-49.0553
-49.0149
-48.9734
-48.9348
-48.9339
-48.9808
-49.0338
-49.0952
-49.1588
-49.2297
-49.2993
-49.3749
-49.3737
-49.4543
-49.5431
-49.6340
-49.7168
-49.8235
-49.7474
-49.8447
-49.9486
-50.0523
-50.1669
-50.4467
-50.5568
-50.6712
-50.7839
-50.8961
-51.0124
-51.1469
-57.9317
-57.9713
-57.1599
-57.2352
-57.3274
-57.3894
-57.4502
-57.5457
-63.5150
-48.9130
-48.8631
-48.8225
-48.7795
-48.7434
-48.7410
-48.7882
-48.8426
-48.9050
-48.9694
-49.0428
-49.1125
-49.1909
-49.2817
-49.2790
-49.3710
-49.4627
-49.5515
-49.5045
-49.5955
-49.6967
-49.8061
-49.9129
-50.0309
-50.3002
-50.4167
-50.5347
-50.6470
-50.7647
-50.8805
-57.8066
-57.8406
-57.0290
-57.0667
-57.1544
-57.2347
-57.3086
-57.3944
-48.7195
-48.6669
-48.6263
-48.5789
-48.5455
-48.5511
-48.5916
-48.6475
-48.7106
-48.7754
-48.8521
-48.9221
-49.0048
-49.0221
-49.1036
-49.1949
-49.2873
-49.2403
-49.3436
-49.4423
-49.5490
-49.6586
-49.7734
-50.0374
-50.1531
-50.2735
-50.3931
-50.5089
-50.6283
-50.7718
-57.7006
-57.7417
-56.9634
-57.0165
-57.0659
-57.1333
-57.2319
-58.3676
-48.5220
-48.4684
-48.4237
-48.3752
-48.3438
-48.3495
-48.3979
-48.4488
-48.5126
-48.5791
-48.6571
-48.7302
-48.8161
-48.8439
-48.9263
-49.0183
-48.9744
-49.0769
-49.1790
-49.2852
-49.4004
-49.5101
-49.7653
-49.8820
-50.0024
-50.1271
-50.2465
-50.3681
-50.4905
-57.5430
-57.5872
-56.8549
-56.8947
-56.9550
-57.0088
-57.0622
-57.1357
-48.3201
-48.2635
-48.2188
-48.1709
-48.1385
-48.1443
-48.1938
-48.2459
-48.3111
-48.3793
-48.4582
-48.5336
-48.5657
-48.6572
-48.7474
-48.7161
-48.8011
-48.9100
-49.0115
-49.1254
-49.2439
-49.4838
-49.6056
-49.7237
-49.8502
-49.9761
-50.0982
-50.2238
-50.3745
-57.4198
-56.7242
-56.7685
-56.8332
-56.8853
-56.9494
-57.0148
-58.0360
-58.1988
-48.1114
-48.0543
-48.0107
-47.9630
-47.9289
-47.9349
-47.9849
-48.0446
-48.1054
-48.1761
-48.2552
-48.3339
-48.4261
-48.4637
-48.4456
-48.5412
-48.6282
-48.7391
-48.8452
-48.9627
-49.1993
-49.3183
-49.4421
-49.5654
-49.6941
-49.8216
-49.9468
-50.0773
-57.2448
-56.5835
-56.6288
-56.6925
-56.7511
-56.8137
-56.8819
-57.8052
-57.9769
-58.1035
-51.4657
-51.7855
-47.8990
-47.8429
-47.7973
-47.7497
-47.7154
-47.7204
-47.7715
-47.8324
-47.9009
-47.9683
-48.0480
-48.1300
-48.2253
-48.3186
-48.2577
-48.3568
-48.4568
-48.5676
-48.6760
-48.7950
-49.0232
-49.1491
-49.2735
-49.4045
-49.5359
-49.6613
-49.7946
-49.9272
-57.1057
-56.4797
-56.5385
-56.6104
-56.6752
-56.7418
-57.5941
-57.7506
-57.9026
-51.2187
-51.3423
-51.4622
-47.6084
-47.6269
-47.5792
-47.5313
-47.4960
-47.5017
-47.5533
-47.6154
-47.6856
-47.7613
-47.8362
-47.9218
-48.0201
-48.0144
-48.1158
-48.1679
-48.2783
-48.3920
-48.5057
-48.7270
-48.8445
-48.9755
-49.1041
-49.2394
-49.3728
-49.5033
-49.6386
-56.9033
-56.3168
-56.3733
-56.4479
-56.5173
-56.5897
-56.6719
-57.5362
-57.6812
-51.0100
-51.0943
-51.2194
-51.3338
-47.3949
-47.3362
-47.3563
-47.3076
-47.2712
-47.2773
-47.3308
-47.3934
-47.4656
-47.5436
-47.6250
-47.7092
-47.7170
-47.8134
-47.9184
-48.0220
-48.0963
-48.2104
-48.4249
-48.5448
-48.6667
-48.7971
-48.9325
-49.0705
-49.2046
-49.3432
-49.4808
-56.1393
-56.1966
-56.2727
-56.3427
-56.4156
-56.5075
-57.3171
-57.4622
-57.6112
-50.8321
-50.9679
-51.0883
-51.2085
-47.1754
-47.1160
-47.0638
-47.0790
-47.0413
-47.0475
-47.1025
-47.1670
-47.2405
-47.3209
-47.4034
-47.4123
-47.5069
-47.6073
-47.7163
-47.8219
-47.9509
-48.1096
-48.2355
-48.3582
-48.4874
-48.6165
-48.7570
-48.8973
-49.0354
-49.1783
-56.5347
-56.0092
-56.0766
-56.1592
-56.2363
-56.3257
-57.0896
-57.2347
-57.3830
-50.5623
-50.7027
-50.8321
-50.9567
-58.2980
-46.9497
-46.8897
-46.8345
-46.7853
-46.8060
-46.8123
-46.8686
-46.9347
-47.0108
-47.0929
-47.0989
-47.1955
-47.2969
-47.3964
-47.5108
-47.6225
-47.8309
-47.9552
-48.0402
-48.1678
-48.3028
-48.4382
-48.5793
-48.7196
-48.8644
-49.0091
-55.8171
-55.8830
-55.9597
-56.0382
-56.1302
-56.2270
-56.9937
-57.1445
-50.3356
-50.4283
-50.5662
-50.6947
-50.8239
-61.6216
-46.7173
-46.6582
-46.6010
-46.5502
-46.5652
-46.5715
-46.6291
-46.6967
-46.7749
-46.7885
-46.8731
-46.9736
-47.0771
-47.1854
-47.2977
-47.4181
-47.6184
-47.7490
-47.8828
-47.9737
-48.1133
-48.2556
-48.3992
-48.5402
-48.6883
-48.7839
-55.6727
-55.7539
-55.8365
-55.9215
-56.0211
-56.7425
-56.8953
-57.0532
-50.1440
-50.2900
-50.4239
-50.5563
-46.4807
-46.4196
-46.3601
-46.3100
-46.2670
-46.3247
-46.3838
-46.4529
-46.5333
-46.5535
-46.6428
-46.7463
-46.8527
-46.9663
-47.0794
-47.2765
-47.4024
-47.5387
-47.6744
-47.8169
-47.9172
-48.0680
-48.2150
-48.3612
-48.4195
-55.4531
-55.5325
-55.6132
-55.7051
-55.8103
-56.4808
-56.6294
-56.7931
-49.8509
-50.0022
-50.1413
-50.2805
-46.2388
-46.1748
-46.1126
-46.0619
-46.0185
-46.0236
-46.1323
-46.2030
-46.2246
-46.3124
-46.4062
-46.5140
-46.6239
-46.7422
-46.9215
-47.0528
-47.1838
-47.3232
-47.4618
-47.6109
-47.7611
-47.8741
-48.0246
-48.1783
-48.2680
-55.3024
-55.3818
-55.4747
-55.5767
-56.2144
-56.3663
-56.5217
-49.5986
-49.7027
-49.8505
-49.9921
-50.1382
-50.2894
-50.6845
-45.9900
-45.9237
-45.8584
-45.8069
-45.7624
-45.7687
-45.8290
-45.8912
-45.9748
-46.0646
-46.1637
-46.2752
-46.3884
-46.5673
-46.6883
-46.8265
-46.9604
-47.1031
-47.2482
-47.3997
-47.5560
-47.6759
-47.8312
-47.9109
-55.0955
-55.1627
-55.2334
-55.3306
-55.4484
-56.0811
-56.2442
-56.4180
-49.3931
-49.5494
-49.6927
-49.8420
-49.9929
-50.1364
-50.2780
-50.5344
-45.7345
-45.6653
-45.5983
-45.5454
-45.4992
-45.5056
-45.5178
-45.5896
-45.7185
-45.8104
-45.9153
-46.0287
-46.1975
-46.3251
-46.4533
-46.5913
-46.7354
-46.8773
-47.0300
-47.1844
-47.3472
-47.5082
-47.5611
-47.7475
-54.9335
-55.0099
-55.0927
-55.1938
-55.7849
-55.9498
-56.1240
-49.0740
-49.2392
-49.3855
-49.5350
-49.6917
-49.8370
-49.9868
-50.1314
-50.2736
-45.4743
-45.4010
-45.3320
-45.2773
-45.2294
-45.1908
-45.2543
-45.3287
-45.4170
-45.5523
-45.6611
-45.7778
-45.9450
-46.0748
-46.2131
-46.3519
-46.5012
-46.6488
-46.8058
-46.9665
-47.1342
-47.2314
-47.3992
-54.6833
-54.7681
-54.8501
-54.9567
-55.5030
-55.6458
-55.8204
-48.7954
-48.9112
-49.0697
-49.2215
-49.3795
-49.5315
-49.6815
-49.8358
-49.9824
-50.1242
-45.2069
-45.1311
-45.0609
-45.0054
-44.9136
-44.9203
-44.9855
-45.0627
-45.1529
-45.2495
-45.4007
-45.5632
-45.6879
-45.8174
-45.9645
-46.1077
-46.2613
-46.4156
-46.5785
-46.7433
-46.9142
-47.0216
-47.2204
-54.6824
-54.5877
-54.6982
-54.8139
-55.3630
-55.5250
-55.6942
-48.5726
-48.7413
-48.8968
-49.0571
-49.2177
-49.3692
-49.5248
-49.6795
-49.8255
-49.9831
-44.9308
-44.8532
-44.7825
-44.7255
-44.6362
-44.6431
-44.7086
-44.7894
-44.8824
-44.9804
-45.1715
-45.2930
-45.4239
-45.5536
-45.7066
-45.8560
-46.0137
-46.1775
-46.3436
-46.5203
-46.6319
-46.8080
-54.3893
-54.4779
-54.5881
-54.5338
-55.0581
-55.2208
-55.4017
-48.2257
-48.4012
-48.5601
-48.7247
-48.8902
-49.0464
-49.2087
-49.3671
-49.5167
-49.6779
-49.8326
-44.6459
-44.5662
-44.4957
-44.3999
-44.3499
-44.3579
-44.4232
-44.5069
-44.6022
-44.7381
-44.8577
-45.0159
-45.1521
-45.2896
-45.4409
-45.5996
-45.7584
-45.9317
-46.1043
-46.2368
-46.4103
-46.6168
-54.1701
-54.2738
-54.4014
-54.9118
-54.8932
-55.0858
-47.9202
-48.0487
-48.2162
-48.3814
-48.5511
-48.7125
-48.8792
-49.0441
-49.2010
-49.3606
-49.5223
-49.6739
