-72.8553
-73.0293
-73.1242
-73.7434
-73.9189
-74.2684
-74.7640
-78.2604
-69.9072
-69.8747
-69.6039
-69.9159
-69.9363
-69.6974
-69.2325
-69.1357
-68.9647
-69.3714
-60.6520
-60.5803
-60.5081
-60.4357
-69.1696
-70.9146
-72.6759
-60.0326
-59.9506
-59.8495
-59.7684
-59.6644
-59.5862
-59.5072
-59.4275
-59.3470
-70.1421
-70.0124
-72.1348
-72.3709
-72.7825
-73.5518
-73.8358
-75.1689
-76.6800
-69.2004
-69.5795
-69.7349
-69.7399
-69.6039
-69.7132
-69.8165
-70.4128
-70.3524
-70.1447
-69.4569
-69.3841
-69.3108
-60.5327
-60.3378
-60.2644
-60.1208
-60.1996
-60.0047
-59.9230
-59.8234
-59.7430
-59.6394
-59.5607
-59.4813
-59.4011
-59.3205
-73.1261
-73.0430
-72.9425
-72.8843
-72.7927
-69.8849
-69.7510
-69.8012
-74.3235
-76.5777
-68.8197
-69.1378
-69.1921
-69.2163
-69.0487
-69.1672
-69.3286
-70.1579
-70.3890
-70.7144
-70.5183
-70.7147
-71.0587
-71.7201
-73.1271
-74.8779
-60.0780
-59.9767
-59.8951
-59.7963
-59.7160
-59.6341
-59.5349
-59.4558
-59.3755
-59.2945
-74.0182
-74.3975
-74.6693
-75.5595
-77.3046
-70.0824
-69.9888
-69.8751
-69.7402
-69.2792
-68.8605
-61.3260
-61.1889
-61.0733
-61.0039
-68.5512
-68.8994
-69.1794
-69.3517
-69.5749
-69.6049
-70.2567
-71.2718
-72.7723
-73.7941
-75.0179
-60.0274
-59.9475
-59.8666
-59.7692
-59.6894
-59.6076
-59.5084
-59.4290
-59.3490
-59.2681
-75.1686
-74.0661
-74.2661
-74.6940
-77.3973
-70.6336
-70.6896
-70.5261
-70.2921
-69.8732
-69.4519
-69.6169
-69.4234
-68.9963
-68.8440
-68.6620
-68.7254
-60.8320
-60.7536
-60.6700
-68.2819
-68.6709
-69.4516
-71.1953
-73.5871
-59.9975
-59.9175
-59.8367
-59.7401
-59.6603
-59.5791
-59.4808
-59.4021
-59.3226
-59.2424
-75.9995
-74.0649
-75.0019
-78.5631
-71.3350
-69.9989
-70.0585
-69.9883
-70.7774
-71.2771
-71.3489
-71.1322
-71.4784
-74.7978
-69.6666
-69.5065
-69.1078
-69.0335
-60.3820
-60.3084
-60.2343
-60.1674
-60.0911
-59.9701
-59.8895
-59.8081
-59.7111
-59.6309
-59.5495
-59.4513
-59.3725
-59.2929
-59.2126
-79.6608
-73.6228
-74.1137
-74.6678
-75.3740
-71.9089
-71.9348
-71.7531
-71.4043
-71.9687
-69.8643
-70.6667
-72.0560
-73.0441
-74.7996
-69.7019
-69.7499
-70.3944
-71.2227
-72.4028
-73.0701
-74.4202
-74.6275
-60.0467
-59.9433
-59.8628
-59.7815
-59.6851
-59.6045
-59.5224
-59.4236
-59.3437
-59.2631
-59.1823
-79.7783
-70.7361
-70.8299
-70.9227
-72.4218
-74.3616
-75.4937
-76.4552
-80.3833
-69.1724
-68.9740
-68.5777
-60.8658
-68.4955
-60.6727
-68.4073
-68.8016
-69.5874
-71.3368
-72.7847
-59.9183
-59.8376
-59.7560
-59.6595
-59.5783
-59.4957
-59.3970
-59.3170
-59.2363
-59.1552
-70.3199
-70.3874
-70.3964
-70.3489
-70.4035
-70.3209
-70.3611
-70.4308
-70.4959
-75.1076
-80.3451
-69.8709
-69.7486
-69.4337
-69.3594
-69.2909
-69.7603
-69.6405
-69.3421
-68.9484
-60.4128
-60.3393
-60.2656
-60.1911
-70.0448
-72.3254
-59.8432
-59.7620
-59.6647
-59.5838
-59.5022
-59.4191
-59.3718
-59.2913
-59.2099
-59.1285
-61.9817
-61.9187
-61.8606
-61.7872
-61.7112
-69.8715
-69.8963
-69.9170
-70.0078
-69.9568
-70.2633
-70.4772
-71.4095
-71.6820
-72.7716
-73.8008
-75.4988
-70.3899
-70.6794
-70.7021
-71.3095
-72.1787
-72.7664
-74.5736
-60.0936
-60.0223
-59.9321
-59.8232
-59.7422
-59.6457
-59.5652
-59.4839
-59.4011
-59.3021
-59.2209
-59.1390
-59.0651
-70.1008
-69.9101
-69.8785
-69.7334
-69.6284
-61.6310
-61.5631
-61.5022
-61.4186
-61.3691
-61.3083
-61.2434
-69.7632
-69.6852
-69.6184
-72.2110
-75.5869
-69.5168
-69.7857
-69.8911
-70.5465
-71.5726
-73.0880
-75.0615
-59.9873
-59.9041
-59.8032
-59.7222
-59.6260
-59.5453
-59.4639
-59.3811
-59.2824
-59.2013
-59.1196
-59.0459
-70.4111
-70.2073
-70.1529
-70.0920
-69.9896
-69.8841
-69.8229
-69.7054
-69.4853
-69.4966
-69.3918
-69.2545
-61.1234
-61.0517
-60.9461
-60.8759
-60.8484
-60.8124
-60.7409
-60.6277
-60.5497
-60.4382
-68.9503
-69.7384
-71.4890
-60.0438
-59.9635
-59.8638
-59.7832
-59.7020
-59.6058
-59.5249
-59.4436
-59.3608
-59.2622
-59.1810
-59.0991
-59.0249
-70.7231
-70.5642
-70.5288
-70.4765
-70.4009
-70.3780
-70.2978
-70.1068
-70.0120
-70.1020
-70.0479
-69.9531
-69.6978
-69.5985
-69.2831
-69.2104
-69.4342
-69.5975
-69.2728
-69.1691
-60.5335
-60.4234
-60.3498
-60.2754
-60.2004
-60.1940
-60.1223
-60.0254
-59.9451
-59.8475
-59.7667
-59.6850
-59.5887
-59.5072
-59.4250
-59.3414
-59.2421
-59.1605
-59.0781
-59.0034
-71.0003
-70.9404
-73.1530
-73.1759
-73.2808
-73.2851
-73.3030
-73.1319
-73.5205
-73.8186
-74.2810
-75.0512
-76.1053
-72.9999
-74.0082
-75.7032
-69.8999
-70.0533
-70.2661
-69.9709
-70.1806
-70.5526
-71.2731
-74.1481
-60.0067
-59.9262
-59.8304
-59.7496
-59.6681
-59.5722
-59.4906
-59.4084
-59.3248
-59.2257
-59.1435
-59.0605
-58.9850
-79.2134
-77.5878
-77.9492
-78.7414
-70.9845
-72.4189
-75.7287
-69.2016
-69.3217
-69.5022
-69.5231
-69.9526
-70.6133
-72.9461
-59.9849
-59.9046
-59.8106
-59.7302
-59.6490
-59.5538
-59.4725
-59.3906
-59.3073
-59.2083
-59.1261
-59.0430
-58.9674
-80.1471
-76.5173
-79.4365
-79.3279
-60.9768
-60.8758
-60.8085
-60.8061
-60.7013
-60.6264
-60.5505
-60.4737
-60.3674
-60.2935
-69.0082
-69.8249
-72.7639
-59.9622
-59.8690
-59.7891
-59.7088
-59.6277
-59.5328
-59.4516
-59.3697
-59.2865
-59.1880
-59.1060
-59.0232
-58.9477
-70.3377
-70.3207
-70.2667
-70.2233
-70.3404
-69.9155
-70.0682
-70.0278
-69.9586
-69.8236
-69.8182
-69.7464
-69.3480
-69.0690
-69.2720
-69.3765
-69.1001
-69.0055
-60.5559
-60.4547
-60.3491
-60.2751
-60.2008
-60.1277
-60.1151
-60.0430
-59.9407
-59.8479
-59.7680
-59.6873
-59.6060
-59.5112
-59.4297
-59.3476
-59.2644
-59.1661
-59.0840
-59.0012
-58.9254
-70.0452
-70.0078
-69.9806
-69.9409
-69.8713
-69.8578
-69.6714
-69.8510
-69.8665
-69.8066
-69.8196
-69.8754
-69.8715
-69.4123
-69.4579
-69.8293
-70.0568
-70.0547
-70.0940
-70.2021
-70.4044
-70.4836
-71.2293
-72.8383
-60.0018
-59.9192
-59.8273
-59.7473
-59.6666
-59.5853
-59.4907
-59.4091
-59.3269
-59.2433
-59.1448
-59.0623
-58.9791
-58.9029
-61.8326
-61.7696
-61.7058
-61.6403
-61.5675
-61.4819
-61.4369
-61.3744
-61.3080
-61.2336
-69.3770
-69.3775
-69.3367
-68.9523
-68.9716
-69.2698
-69.3326
-69.4174
-69.5449
-69.7349
-69.7555
-70.1833
-70.8428
-74.9527
-59.9804
-59.9004
-59.8087
-59.7282
-59.6469
-59.5517
-59.4701
-59.3882
-59.3057
-59.2219
-59.1234
-59.0407
-58.9574
-58.8809
-61.8066
-61.7466
-61.6821
-61.6165
-61.5435
-61.4589
-61.4150
-61.3524
-61.2845
-61.2129
-61.1461
-61.0737
-60.9931
-60.8770
-60.8066
-60.7707
-60.7021
-60.6286
-60.5539
-60.4786
-60.3731
-60.2993
-69.2350
-70.6947
-72.9651
-59.9630
-59.8722
-59.7918
-59.7113
-59.6300
-59.5350
-59.4534
-59.3711
-59.2882
-59.2040
-59.1051
-59.0217
-58.9377
-58.8603
-69.8392
-69.7634
-69.6824
-69.5972
-69.4990
-69.2884
-61.3925
-61.3276
-61.2591
-61.1898
-61.1187
-61.0447
-60.9635
-60.8545
-60.7803
-60.7478
-60.6782
-60.6047
-60.5303
-60.4556
-60.3510
-60.2775
-60.2035
-60.1906
-60.1163
-60.0246
-59.9417
-59.8519
-59.7730
-59.6934
-59.6126
-59.5177
-59.4360
-59.3536
-59.2705
-59.1862
-59.0874
-59.0040
-58.9198
-58.8422
-70.1325
-70.0708
-70.0006
-69.9245
-69.7122
-69.7772
-69.7174
-69.6455
-69.5638
-69.4773
-69.3810
-69.2676
-69.1203
-68.8223
-68.7248
-68.8928
-68.8227
-68.7348
-68.6450
-68.5564
-60.3270
-60.2532
-60.1790
-60.1570
-60.0750
-59.9935
-59.9152
-59.8259
-59.7468
-59.6670
-59.5866
-59.4929
-59.4122
-59.3305
-59.2480
-59.1641
-59.0659
-58.9828
-58.8990
-58.8217
-70.4366
-70.3908
-70.3335
-70.2631
-70.0777
-70.1850
-70.1428
-70.0905
-70.0383
-69.9846
-69.9257
-69.8569
-69.7644
-69.4987
-69.5112
-69.8443
-69.9249
-70.0476
-70.2674
-70.6681
-71.1122
-72.7849
-60.1192
-60.0466
-59.9676
-59.8887
-59.7994
-59.7201
-59.6401
-59.5595
-59.4659
-59.3849
-59.3033
-59.2210
-59.1374
-59.0396
-58.9342
-58.8500
-58.7721
-70.7406
-70.6986
-70.6578
-70.4852
-70.4414
-70.5858
-70.5584
-70.5320
-70.5085
-70.4864
-70.4642
-70.4376
-70.3978
-70.1761
-70.5982
-70.7578
-71.2502
-69.9251
-70.7600
-72.1997
-60.0744
-60.0015
-59.9245
-59.8387
-59.7562
-59.6762
-59.5956
-59.5143
-59.4204
-59.3386
-59.2562
-59.1730
-59.0886
-59.0034
-58.9065
-58.8221
-58.7436
-70.9080
-70.9609
-70.9882
-70.8287
-70.9804
-70.9775
-70.9699
-70.9676
-70.9705
-71.2635
-74.9888
-77.1389
-75.1224
-77.5217
-60.4219
-60.3463
-60.2434
-60.2285
-60.1458
-60.0491
-59.9760
-59.9004
-59.8117
-59.7323
-59.6523
-59.5716
-59.4903
-59.3965
-59.3146
-59.2321
-59.1489
-59.0644
-58.9792
-58.8822
-58.7980
-58.7190
-70.4808
-70.5001
-70.5372
-70.4773
-70.7262
-70.8869
-71.1172
-71.4304
-71.8956
-72.6079
-73.7469
-76.7869
-73.2851
-77.5849
-60.3996
-60.3239
-60.2235
-60.1870
-60.1180
-60.0249
-59.9514
-59.8767
-59.7882
-59.6983
-59.6182
-59.5374
-59.4561
-59.3626
-59.2807
-59.1983
-59.1150
-59.0306
-58.9456
-58.8488
-58.7709
-58.6855
-61.6456
-61.5793
-61.4990
-61.4314
-61.3823
-61.3139
-61.2448
-61.1749
-61.1039
-70.8210
-71.6502
-73.9592
-60.6724
-60.6062
-60.5606
-60.4521
-60.3769
-60.2998
-60.1899
-60.1599
-60.0890
-60.0006
-59.9268
-59.8520
-59.7540
-59.6745
-59.5941
-59.5134
-59.4320
-59.3385
-59.2566
-59.1739
-59.0905
-59.0060
-58.9208
-58.8238
-58.7458
-58.6601
-61.6277
-61.5613
-61.4814
-61.4309
-61.3637
-61.2951
-61.2259
-61.1566
-61.0856
-61.0135
-60.9402
-60.8887
-60.8264
-60.7497
-60.6558
-60.5861
-60.5358
-60.4322
-60.3558
-60.2719
-60.1702
-60.1368
-60.0655
-59.9787
-59.9045
-59.8129
-59.7322
-59.6522
-59.5719
-59.4909
-59.4091
-59.3157
-59.2335
-59.1506
-59.0668
-58.9821
-58.8966
-58.7993
-58.7209
-58.6349
-61.6097
-61.5308
-61.4637
-61.4126
-61.3449
-61.2762
-61.2075
-61.1373
-61.0662
-60.9941
-60.9208
-60.8700
-60.8011
-60.7244
-60.6379
-60.5669
-60.5102
-60.4119
-60.3288
-60.2526
-60.1812
-60.1155
-60.0451
-59.9582
-59.8733
-59.7913
-59.7118
-59.6320
-59.5515
-59.4704
-59.3888
-59.2956
-59.2134
-59.1303
-59.0467
-58.9619
-58.8763
-58.7794
-58.7007
-58.6144
-70.9146
-71.0531
-71.6302
-72.5186
-74.5219
-60.9731
-60.8997
-60.8500
-60.7728
-60.6560
-60.6178
-60.5468
-60.4833
-60.3842
-60.3086
-60.2074
-60.1613
-60.0942
-60.0237
-59.9274
-59.8527
-59.7710
-59.6919
-59.6120
-59.5315
-59.4503
-59.3573
-59.2756
-59.1931
-59.1101
-59.0262
-58.9412
-58.8557
-58.7586
-58.6795
-58.5933
-72.1607
-72.4885
-73.4142
-74.6187
-76.4307
-60.9664
-60.9090
-60.8411
-60.7642
-60.6527
-60.6130
-60.5414
-60.4691
-60.3798
-60.3044
-60.2030
-60.1574
-60.0892
-60.0080
-59.9228
-59.8483
-59.7670
-59.6877
-59.6080
-59.5275
-59.4465
-59.3536
-59.2718
-59.1895
-59.1065
-59.0224
-58.9377
-58.8522
-58.7551
-58.6760
-58.5898
-76.2880
-80.8260
-60.8714
-60.7992
-60.7252
-60.6381
-60.5715
-60.4919
-60.4279
-60.3399
-60.2643
-60.1633
-60.1169
-60.0373
-59.9656
-59.8812
-59.8017
-59.7247
-59.6456
-59.5654
-59.4848
-59.4035
-59.3106
-59.2286
-59.1459
-59.0624
-58.9783
-58.8932
-58.8072
-58.7100
-58.6305
-58.5437
-77.9871
-80.9091
-60.7581
-60.6796
-60.5990
-60.5254
-60.4535
-60.3759
-60.3007
-60.2249
-60.1242
-60.0768
-59.9964
-59.9243
-59.8400
-59.7600
-59.6829
-59.6035
-59.5232
-59.4422
-59.3606
-59.2676
-59.1852
-59.1020
-59.0183
-58.9337
-58.8481
-58.7619
-58.6645
-58.5842
-58.4969
-78.6344
-81.0265
-60.7570
-60.6756
-60.5938
-60.5265
-60.4546
-60.3766
-60.3014
-60.2257
-60.1252
-60.0677
-59.9969
-59.9242
-59.8405
-59.7605
-59.6832
-59.6041
-59.5237
-59.4427
-59.3611
-59.2681
-59.1857
-59.1025
-59.0188
-58.9341
-58.8484
-58.7622
-58.6647
-58.5842
-58.4968
-79.4760
-81.0838
-60.7327
-60.6467
-60.5742
-60.5062
-60.4341
-60.3557
-60.2804
-60.2043
-60.0944
-60.0464
-59.9748
-59.9018
-59.8184
-59.7381
-59.6606
-59.5815
-59.5010
-59.4197
-59.3379
-59.2450
-59.1623
-59.0791
-58.9951
-58.9101
-58.8245
-58.7380
-58.6403
-58.5595
-58.4718
-79.7202
-81.0827
-60.7030
-60.6230
-60.5532
-60.4847
-60.4123
-60.3336
-60.2580
-60.1720
-60.0725
-60.0240
-59.9521
-59.8785
-59.7923
-59.7148
-59.6371
-59.5579
-59.4771
-59.3959
-59.3139
-59.2209
-59.1382
-59.0547
-58.9704
-58.8853
-58.7995
-58.7127
-58.6149
-58.5338
-58.4459
-78.7009
-81.0754
-60.6791
-60.6005
-60.5314
-60.4624
-60.3900
-60.3109
-60.2256
-60.1497
-60.0506
-60.0020
-59.9296
-59.8558
-59.7742
-59.6925
-59.6148
-59.5356
-59.4551
-59.3738
-59.2917
-59.1992
-59.1164
-59.0328
-58.9487
-58.8636
-58.7777
-58.6909
-58.5932
-58.5120
-58.4241
-73.1296
-73.3974
-74.1231
-75.0650
-77.2723
-81.9115
-60.6586
-60.5582
-60.5129
-60.4436
-60.3666
-60.2818
-60.2064
-60.1304
-60.0317
-59.9825
-59.9098
-59.8356
-59.7538
-59.6724
-59.5944
-59.5153
-59.4345
-59.3529
-59.2708
-59.1783
-59.0953
-59.0116
-58.9274
-58.8420
-58.7558
-58.6689
-58.5712
-58.4896
-58.4015
-69.6637
-69.5994
-69.6131
-69.5465
-69.4778
-69.4066
-69.3349
-69.2628
-69.1902
-69.1170
-60.7504
-60.6384
-60.5626
-60.4939
-60.4240
-60.3371
-60.2621
-60.1867
-60.1105
-60.0121
-59.9625
-59.8893
-59.8149
-59.7332
-59.6517
-59.5736
-59.4945
-59.4137
-59.3321
-59.2500
-59.1575
-59.0743
-58.9907
-58.9061
-58.8206
-58.7343
-58.6473
-58.5494
-58.4676
-58.3793
-61.4067
-61.3404
-61.2840
-61.2169
-61.1491
-61.0803
-61.0109
-60.9411
-60.8708
-60.7977
-60.6934
-60.6177
-60.5435
-60.4743
-60.3945
-60.3172
-60.2424
-60.1668
-60.0908
-59.9928
-59.9427
-59.8693
-59.7904
-59.7130
-59.6313
-59.5530
-59.4738
-59.3927
-59.3123
-59.2199
-59.1372
-59.0541
-58.9701
-58.8852
-58.7994
-58.7130
-58.6257
-58.5278
-58.4457
-58.3573
