-51.0771
-51.0072
-50.9338
-50.8664
-50.7987
-50.7267
-50.6675
-50.6058
-50.5325
-50.4735
-50.4146
-50.3549
-50.2981
-50.2457
-50.1934
-50.1377
-50.0929
-50.0396
-49.9940
-49.9509
-49.9091
-49.8774
-49.8601
-49.8139
-49.7827
-49.7489
-49.7175
-49.6774
-49.6452
-49.6812
-49.6672
-57.4190
-58.2941
-58.3618
-58.1934
-49.6875
-49.6965
-58.2624
-59.3630
-60.5656
-51.2402
-51.1684
-51.0996
-51.0362
-50.9643
-50.9037
-50.8348
-50.7762
-50.7125
-50.6587
-50.5980
-50.5417
-50.4892
-50.4393
-50.3850
-50.3374
-50.2895
-50.2405
-50.1976
-50.1557
-50.1208
-50.1135
-50.0640
-50.0229
-49.9925
-49.9580
-49.9284
-49.8876
-49.9139
-49.9019
-49.8875
-57.6334
-58.3809
-58.4331
-58.2452
-49.9111
-49.9162
-58.2544
-59.2023
-60.2474
-51.3991
-51.3271
-51.2661
-51.1979
-51.1345
-51.0578
-51.0228
-50.9485
-50.8942
-50.8374
-50.7805
-50.7275
-50.6778
-50.6291
-50.5744
-50.5329
-50.4824
-50.4374
-50.3989
-50.3568
-50.3281
-50.3132
-50.2638
-50.2281
-50.1975
-50.1640
-50.1336
-50.0961
-50.1304
-50.1173
-50.1034
-57.8418
-58.4918
-58.5387
-58.3188
-50.1298
-50.1334
-58.3036
-59.1281
-60.0455
-51.5538
-51.4902
-51.4273
-51.3590
-51.3045
-51.2421
-51.1818
-51.1234
-51.0715
-51.0132
-50.9607
-50.9110
-50.8637
-50.8130
-50.7656
-50.7216
-50.6742
-50.6326
-50.5961
-50.5578
-50.5539
-50.5082
-50.4627
-50.4297
-50.3980
-50.3662
-50.3341
-50.3543
-50.3422
-50.3285
-50.3189
-58.0461
-58.5932
-58.6818
-58.4217
-50.3438
-50.3493
-58.3913
-59.1164
-59.8641
-51.7105
-51.6514
-51.5835
-51.5252
-51.4559
-51.4233
-51.3475
-51.2981
-51.2431
-51.1892
-51.1398
-51.0919
-51.0464
-50.9939
-50.9532
-50.9065
-50.8628
-50.8265
-50.7886
-50.7834
-50.7454
-50.6996
-50.6590
-50.6271
-50.5944
-50.5642
-50.5307
-50.5633
-50.5497
-50.5355
-50.5295
-58.2340
-58.7095
-58.8298
-58.5386
-50.5533
-50.5607
-58.5016
-59.1410
-59.7858
-51.8687
-51.8042
-51.7422
-51.6885
-51.6339
-51.5716
-51.5173
-51.4681
-51.4121
-51.3636
-51.3159
-51.2706
-51.2232
-51.1763
-51.1355
-51.0890
-51.0499
-51.0168
-50.9778
-50.9738
-50.9332
-50.8872
-50.8513
-50.8205
-50.7869
-50.7582
-50.7782
-50.7661
-50.7529
-50.7407
-57.9865
-58.4290
-58.8505
-58.9713
-58.6660
-50.7582
-50.7678
-58.6272
-59.2023
-59.7505
-52.0216
-51.9548
-51.9021
-51.8381
-51.8083
-51.7315
-51.6854
-51.6329
-51.5830
-51.5358
-51.4895
-51.4465
-51.3970
-51.3565
-51.3133
-51.2714
-51.2362
-51.2023
-51.1920
-51.1597
-51.1166
-51.0718
-51.0403
-51.0099
-50.9757
-50.9484
-50.9772
-50.9648
-50.9536
-50.9418
-58.1838
-58.6227
-58.9859
-59.1092
-58.8022
-50.9615
-50.9707
-58.7629
-59.2848
-59.7584
-52.1688
-52.1125
-52.0386
-52.0102
-51.9455
-51.8962
-51.8486
-51.7972
-51.7510
-51.7051
-51.6616
-51.6172
-51.5709
-51.5328
-51.4880
-51.4518
-51.4190
-51.3840
-51.3752
-51.3399
-51.2970
-51.2567
-51.2261
-51.1951
-51.1624
-51.1876
-51.1712
-51.1597
-51.1510
-51.1393
-58.3929
-58.8128
-59.1239
-59.2539
-58.9414
-51.1612
-51.1697
-58.9020
-59.3827
-59.7946
-52.3173
-52.2666
-52.2076
-52.1572
-52.1013
-52.0579
-52.0088
-51.9620
-51.9167
-51.8718
-51.8308
-51.7846
-51.7441
-51.7039
-51.6641
-51.6295
-51.5987
-51.5858
-51.5549
-51.5168
-51.4741
-51.4382
-51.4083
-51.3768
-51.3456
-51.3766
-51.3624
-51.3512
-51.3445
-51.3340
-58.6000
-59.0139
-59.2680
-59.4007
-59.0845
-51.3566
-51.3633
-59.0493
-59.4916
-59.8524
-52.4683
-52.4021
-52.3738
-52.3069
-52.2599
-52.2159
-52.1676
-52.1240
-52.0797
-52.0378
-51.9960
-51.9505
-51.9142
-51.8735
-51.8379
-51.8053
-51.7978
-51.7606
-51.7309
-51.6903
-51.6479
-51.6163
-51.5871
-51.5551
-51.5792
-51.5648
-51.5501
-51.5405
-51.5343
-51.5243
-58.8038
-59.1984
-59.4143
-59.5535
-59.2305
-51.5482
-51.5546
-59.1998
-59.6083
-59.9265
-52.6171
-52.5658
-52.5111
-52.4589
-52.4166
-52.3709
-52.3266
-52.2837
-52.2400
-52.2010
-52.1576
-52.1173
-52.0803
-52.0416
-52.0086
-51.9779
-51.9667
-51.9338
-51.9011
-51.8606
-51.8206
-51.7915
-51.7626
-51.7301
-51.7625
-51.7472
-51.7342
-51.7274
-51.7206
-51.7120
-59.0032
-59.3798
-59.5622
-59.7083
-59.3754
-51.7360
-51.7424
-59.3550
-59.7308
-59.9603
-52.7519
-52.7259
-52.6558
-52.6124
-52.5692
-52.5244
-52.4830
-52.4408
-52.4003
-52.3610
-52.3168
-52.2813
-52.2445
-52.2093
-52.1774
-52.1696
-52.1326
-52.1041
-52.0683
-52.0283
-51.9924
-51.9637
-51.9344
-51.9562
-51.9426
-51.9264
-51.9159
-51.9107
-51.9035
-51.8963
-59.2132
-59.5581
-59.7109
-59.8524
-59.5241
-51.9204
-51.9267
-59.4989
-59.8579
-60.0528
-52.9106
-52.8545
-52.8044
-52.7644
-52.7190
-52.6779
-52.6373
-52.5953
-52.5579
-52.5170
-52.4771
-52.4434
-52.4060
-52.3741
-52.3673
-52.3325
-52.2981
-52.2713
-52.2327
-52.1929
-52.1611
-52.1329
-52.1031
-52.1333
-52.1219
-52.1025
-52.0958
-52.0907
-52.0804
-52.0773
-52.6019
-52.5697
-52.5647
-59.9858
-59.6732
-52.1010
-52.1078
-59.6525
-59.9913
-60.1457
-53.0646
-52.9946
-52.9536
-52.9116
-52.8676
-52.8275
-52.7890
-52.7500
-52.7129
-52.6707
-52.6362
-52.6021
-52.5671
-52.5362
-52.5273
-52.4927
-52.4624
-52.4325
-52.3940
-52.3549
-52.3269
-52.2990
-52.3220
-52.3072
-52.2950
-52.2773
-52.2726
-52.2676
-52.2569
-52.2580
-52.7545
-52.6971
-52.7426
-52.8479
-52.8103
-52.2789
-52.2853
-59.8060
-60.1244
-60.2636
-53.1850
-53.1408
-53.1001
-53.0566
-53.0158
-52.9766
-52.9383
-52.9025
-52.8639
-52.8246
-52.7935
-52.7582
-52.7265
-52.7188
-52.6851
-52.6503
-52.6239
-52.5910
-52.5532
-52.5172
-52.4901
-52.4624
-52.4915
-52.4814
-52.4652
-52.4512
-52.4463
-52.4384
-52.4304
-52.4829
-52.8789
-52.8714
-52.9187
-53.0233
-52.9856
-52.4538
-52.4602
-52.9230
-53.0289
-60.3818
-53.3231
-53.2851
-53.2444
-53.2006
-53.1618
-53.1234
-53.0878
-53.0528
-53.0125
-52.9791
-52.9471
-52.9123
-52.9069
-52.8733
-52.8400
-52.8075
-52.7827
-52.7469
-52.7096
-52.6775
-52.6505
-52.6752
-52.6581
-52.6496
-52.6325
-52.6222
-52.6171
-52.6089
-52.6012
-52.6549
-53.0503
-53.0427
-53.1422
-53.1961
-53.0582
-52.6257
-52.6320
-53.0940
-53.2004
-60.4913
-53.4648
-53.4267
-53.3848
-53.3440
-53.3061
-53.2679
-53.2355
-53.1989
-53.1612
-53.1312
-53.0982
-53.0666
-53.0583
-53.0253
-52.9924
-52.9636
-52.9364
-52.9003
-52.8636
-52.8352
-52.8083
-52.8388
-52.8228
-52.8151
-52.7989
-52.7903
-52.7850
-52.7767
-52.7733
-52.9489
-53.2187
-53.2635
-53.3130
-53.3169
-53.2277
-52.7947
-52.8009
-53.2626
-53.3691
-60.6143
-53.6045
-53.5649
-53.5245
-53.4852
-53.4483
-53.4123
-53.3809
-53.3434
-53.3107
-53.2804
-53.2469
-53.2403
-53.2078
-53.1753
-53.1425
-53.1172
-53.0871
-53.0517
-53.0156
-52.9903
-53.0160
-52.9999
-52.9891
-52.9774
-52.9627
-52.9555
-52.9470
-52.9417
-52.9396
-53.1897
-53.4342
-53.4306
-53.4809
-53.4847
-53.2947
-52.9609
-52.9670
-53.4251
-53.5344
-53.8479
-53.7414
-53.7011
-53.6634
-53.6250
-53.5883
-53.5552
-53.5229
-53.4871
-53.4579
-53.4268
-53.4184
-53.3869
-53.3548
-53.3230
-53.2922
-53.2683
-53.2355
-53.2007
-53.1684
-53.1428
-53.1744
-53.1583
-53.1494
-53.1380
-53.1244
-53.1182
-53.1095
-53.1040
-53.1033
-53.4526
-53.5970
-53.5955
-53.6461
-53.6498
-53.4088
-53.1243
-53.1304
-53.5883
-53.6976
-54.0112
-53.8755
-53.8367
-53.8003
-53.7629
-53.7279
-53.6960
-53.6641
-53.6317
-53.6027
-53.5709
-53.5627
-53.5314
-53.4995
-53.4683
-53.4408
-53.4152
-53.3816
-53.3475
-53.3187
-53.3455
-53.3304
-53.3179
-53.3073
-53.2965
-53.2843
-53.2782
-53.2695
-53.2671
-53.2644
-53.6630
-53.7575
-53.7577
-53.8111
-53.8122
-53.5704
-53.2851
-53.2912
-53.7489
-53.8583
-54.1725
-54.0077
-53.9713
-53.9358
-53.8987
-53.8664
-53.8350
-53.8018
-53.7742
-53.7447
-53.7348
-53.7048
-53.6738
-53.6426
-53.6115
-53.5872
-53.5590
-53.5260
-53.4919
-53.4666
-53.4989
-53.4837
-53.4716
-53.4637
-53.4524
-53.4416
-53.4324
-53.4270
-53.4244
-53.4230
-53.8209
-53.9168
-53.9174
-53.9711
-53.9720
-53.7303
-53.4434
-53.4461
-53.9070
-54.0173
-54.3313
-54.1394
-54.1041
-54.0697
-54.0339
-54.0031
-53.9721
-53.9409
-53.9146
-53.9074
-53.8749
-53.8449
-53.8141
-53.7836
-53.7544
-53.7313
-53.7007
-53.6683
-53.6360
-53.6644
-53.6499
-53.6348
-53.6246
-53.6186
-53.6059
-53.5966
-53.5877
-53.5856
-53.5793
-53.5791
-54.1010
-54.0741
-54.0747
-54.1285
-54.1294
-53.8876
-53.5992
-53.6019
-54.0626
-54.1739
-54.4876
-54.2681
-54.2356
-54.2017
-54.1701
-54.1389
-54.1073
-54.0792
-54.0527
-54.0427
-54.0128
-53.9829
-53.9523
-53.9226
-53.8963
-53.8720
-53.8403
-53.8084
-53.7796
-53.8132
-53.7987
-53.7874
-53.7760
-53.7706
-53.7569
-53.7455
-53.7408
-53.7385
-53.7319
-53.7328
-54.2539
-54.2289
-54.2296
-54.2835
-54.2872
-54.0426
-53.7527
-53.7553
-54.2160
-54.3280
-54.5419
-54.3969
-54.3657
-54.3326
-54.3038
-54.2719
-54.2416
-54.2154
-54.2099
-54.1773
-54.1487
-54.1190
-54.0890
-54.0595
-54.0361
-54.0096
-53.9784
-53.9465
-53.9725
-53.9597
-53.9452
-53.9341
-53.9264
-53.9195
-53.9057
-53.8959
-53.8915
-53.8891
-53.8825
-53.9342
-54.3810
-54.3813
-54.4072
-54.4363
-54.4397
-54.1952
-53.9002
-53.9065
-54.3669
-54.4798
-54.6436
-54.5246
-54.4939
-54.4636
-54.4358
-54.4032
-54.3760
-54.3719
-54.3413
-54.3114
-54.2828
-54.2531
-54.2239
-54.1961
-54.1738
-54.1451
-54.1145
-54.0826
-54.1174
-54.1041
-54.0936
-54.0790
-54.0746
-54.0660
-54.0533
-54.0440
-54.0439
-54.0375
-54.0314
-54.0834
-54.4810
-54.5315
-54.5327
-54.5868
-54.5899
-54.3455
-54.0500
-54.0554
-54.5164
-54.6293
-54.6685
-54.6510
-54.6209
-54.5939
-54.5651
-54.5327
-54.5084
-54.5016
-54.4710
-54.4435
-54.4149
-54.3853
-54.3570
-54.3318
-54.3088
-54.2788
-54.2486
-54.2703
-54.2601
-54.2462
-54.2360
-54.2238
-54.2207
-54.2103
-54.1952
-54.1901
-54.1905
-54.1837
-54.1785
-54.3053
-54.6288
-54.6544
-54.6809
-54.7349
-54.7379
-54.4936
-54.1979
-54.2021
-54.6639
-54.7767
-54.7907
-54.7757
-54.7492
-54.7223
-54.6926
-54.6634
-54.6600
-54.6293
-54.6011
-54.5738
-54.5451
-54.5162
-54.4881
-54.4656
-54.4406
-54.4107
-54.3809
-54.4109
-54.4003
-54.3864
-54.3763
-54.3678
-54.3648
-54.3526
-54.3390
-54.3344
-54.3349
-54.3277
-54.3235
-54.5258
-54.7744
-54.7752
-54.8270
-54.8808
-54.8837
-54.6385
-54.3437
-54.3467
-54.8093
-54.9218
-54.9356
-54.8998
-54.8757
-54.8479
-54.8185
-54.8147
-54.7863
-54.7554
-54.7277
-54.7022
-54.6736
-54.6456
-54.6190
-54.5975
-54.5705
-54.5414
-54.5614
-54.5497
-54.5385
-54.5289
-54.5163
-54.5099
-54.5059
-54.4888
-54.4808
-54.4808
-54.4774
-54.4697
-54.4664
-54.7193
-54.9179
-54.9188
-54.9711
-55.0246
-55.0275
-54.7824
-54.4873
-54.4893
-54.9526
-55.0650
-55.0785
-55.0245
-55.0006
-54.9719
-54.9449
-54.9392
-54.9107
-54.8806
-54.8545
-54.8288
-54.8001
-54.7732
-54.7491
-54.7274
-54.6988
-54.6701
-54.6959
-54.6864
-54.6746
-54.6653
-54.6543
-54.6501
-54.6442
-54.6269
-54.6206
-54.6213
-54.6177
-54.6097
-54.6073
-55.0103
-55.1092
-55.0604
-55.1130
-55.1664
-55.1692
-54.8496
-54.6290
-54.6307
-55.0938
-55.1563
-55.2193
-55.1477
-55.1230
-55.0944
-55.0916
-55.0643
-55.0335
-55.0057
-54.9795
-54.9537
-54.9259
-54.8991
-54.8774
-54.8536
-54.8253
-54.8466
-54.8307
-54.8214
-54.8135
-54.8010
-54.7905
-54.7882
-54.7805
-54.7637
-54.7627
-54.7599
-54.7559
-54.7477
-54.7475
-55.1498
-55.2488
-55.2499
-55.2529
-55.3062
-55.3042
-54.9148
-54.7716
-54.7713
-55.2331
-55.2954
-55.3582
-55.2692
-55.2414
-55.2390
-55.2129
-55.1854
-55.1546
-55.1290
-55.1028
-55.0769
-55.0501
-55.0248
-55.0040
-54.9785
-54.9508
-54.9766
-54.9637
-54.9539
-54.9461
-54.9352
-54.9263
-54.9245
-54.9104
-54.8993
-54.8989
-54.8967
-54.8921
-54.8839
-54.8861
-55.3123
-55.3866
-55.3877
-55.3909
-55.4441
-55.4420
-55.0528
-54.9095
-54.9099
-55.3705
-55.4327
-55.4951
-55.3883
-55.3605
-55.3589
-55.3327
-55.3050
-55.2759
-55.2509
-55.2243
-55.1983
-55.1728
-55.1496
-55.1288
-55.1017
-55.1234
-55.1050
-55.0950
-55.0846
-55.0778
-55.0677
-55.0610
-55.0589
-55.0431
-55.0334
-55.0332
-55.0316
-55.0264
-55.0187
-55.0228
-55.5477
-55.5226
-55.5235
-55.5769
-55.5802
-55.5780
-55.1890
-55.0454
-55.0466
-55.5060
-55.5680
-55.6302
-55.5058
-55.4999
-55.4772
-55.4507
-55.4232
-55.3961
-55.3710
-55.3442
-55.3194
-55.2938
-55.2728
-55.2502
-55.2232
-55.2501
-55.2334
-55.2246
-55.2185
-55.2085
-55.1985
-55.1938
-55.1906
-55.1740
-55.1703
-55.1664
-55.1647
-55.1589
-55.1531
-55.2076
-55.6815
-55.6568
-55.6574
-55.7112
-55.7094
-55.7121
-55.3233
-55.1796
-55.1847
-55.6398
-55.6518
-55.7621
-55.6442
-55.6168
-55.5939
-55.5671
-55.5402
-55.5148
-55.4894
-55.4625
-55.4389
-55.4146
-55.3945
-55.3703
-55.3920
-55.3752
-55.3612
-55.3525
-55.3464
-55.3374
-55.3275
-55.3248
-55.3153
-55.3031
-55.3010
-55.2979
-55.2962
-55.2896
-55.2864
-55.3407
-55.7886
-55.7891
-55.7896
-55.8437
-55.8668
-55.8447
-55.4558
-55.3127
-55.3179
-55.7726
-55.7836
-55.8936
-55.7568
-55.7320
-55.7091
-55.6823
-55.6576
-55.6320
-55.6063
-55.5793
-55.5548
-55.5346
-55.5145
-55.4888
-55.5159
-55.4987
-55.4875
-55.4831
-55.4737
-55.4648
-55.4554
-55.4541
-55.4427
-55.4307
-55.4301
-55.4277
-55.4259
-55.4187
-55.4179
-55.4969
-55.8940
-55.9196
-55.9203
-55.9746
-56.0224
-55.9755
-55.5866
-55.4440
-55.4493
-55.9037
-55.9137
-56.0234
-55.8703
-55.8459
-55.8226
-55.7959
-55.7736
-55.7477
-55.7216
-55.6958
-55.6713
-55.6532
-55.6316
-55.6545
-55.6378
-55.6208
-55.6121
-55.6074
-55.5994
-55.5904
-55.5829
-55.5770
-55.5685
-55.5621
-55.5575
-55.5558
-55.5536
-55.5473
-55.5476
-55.7506
-55.9978
-56.0485
-56.0494
-56.0985
-56.1514
-56.1047
-55.7158
-55.5737
-55.5789
-56.0332
-56.0406
-56.1516
-55.9828
-55.9584
-55.9347
-55.9095
-55.8882
-55.8616
-55.8355
-55.8109
-55.7875
-55.7702
-55.7473
-55.7742
-55.7583
-55.7435
-55.7351
-55.7316
-55.7236
-55.7145
-55.7091
-55.7031
-55.6927
-55.6876
-55.6834
-55.6824
-55.6796
-55.6742
-55.6758
-55.9279
-56.1248
-56.1757
-56.1768
-56.2260
-56.2787
-56.2322
-55.8433
-55.7017
-55.7070
-56.0901
-56.1673
-56.2782
-56.0939
-56.0690
-56.0456
-56.0227
-56.0013
-55.9766
-55.9480
-55.9246
-55.9031
-55.8858
-55.9100
-55.8934
-55.8773
-55.8650
-55.8620
-55.8542
-55.8462
-55.8371
-55.8337
-55.8266
-55.8204
-55.8119
-55.8077
-55.8074
-55.8039
-55.7996
-55.8023
-56.1035
-56.2502
-56.3013
-56.3276
-56.3520
-56.4045
-56.3581
-55.9696
-55.8281
-55.8334
-56.0919
-56.2930
-56.4031
-56.2037
-56.1784
-56.1528
-56.1344
-56.1130
-56.0877
-56.0603
-56.0369
-56.0173
-55.9990
-56.0268
-56.0110
-55.9949
-55.9851
-55.9827
-55.9753
-55.9673
-55.9580
-55.9517
-55.9481
-55.9416
-55.9345
-55.9312
-55.9308
-55.9276
-55.9236
-55.9271
-56.3273
-56.3742
-56.3756
-56.4464
-56.4763
-56.4789
-56.4825
-56.0945
-55.9529
-55.9582
-56.2151
-56.4174
-56.5265
-56.3119
-56.2866
-56.2630
-56.2448
-56.2228
-56.1975
-56.1713
-56.1489
-56.1300
-56.1590
-56.1423
-56.1272
-56.1119
-56.1091
-56.1022
-56.0950
-56.0869
-56.0789
-56.0734
-56.0678
-56.0614
-56.0557
-56.0532
-56.0528
-56.0499
-56.0466
-56.0504
-56.4499
-56.5466
-56.4981
-56.5444
-56.5992
-56.6017
-56.6052
-56.2180
-56.0762
-56.0815
-56.3382
-56.5443
-56.6483
