-73.2730
-73.8962
-77.8466
-75.5039
-74.8258
-74.0928
-73.3399
-71.2108
-71.1419
-71.1587
-71.2047
-71.1956
-70.6527
-70.3833
-70.0761
-69.7459
-69.4062
-69.1810
-68.8336
-62.1554
-62.1042
-62.2291
-62.3143
-62.3598
-62.4066
-62.4542
-62.5032
-62.5532
-62.6033
-62.7332
-62.7812
-62.8470
-62.8969
-62.9467
-62.9977
-63.1360
-63.2010
-63.2667
-63.3360
-63.3852
-73.7723
-76.2639
-75.5980
-74.8856
-74.1897
-73.4884
-71.2444
-71.2355
-71.2634
-71.1278
-70.5256
-70.2099
-69.8481
-69.4631
-69.0790
-68.8610
-62.0769
-62.1130
-62.0524
-62.1397
-62.2735
-62.3181
-62.3636
-62.4105
-62.4590
-62.5082
-62.5578
-62.6066
-62.7358
-62.7859
-62.8538
-62.9051
-62.9574
-63.0930
-63.1618
-63.2296
-63.2998
-63.3501
-74.2033
-76.5301
-75.8631
-75.2669
-74.7440
-74.1546
-71.4063
-71.3305
-71.0561
-70.3937
-70.0149
-69.5796
-69.1239
-68.6856
-61.9839
-62.0324
-62.0708
-62.1062
-62.0922
-62.1417
-62.2775
-62.3218
-62.3681
-62.4153
-62.4633
-62.5119
-62.5592
-62.6084
-62.7417
-62.7929
-62.8639
-62.9170
-63.0462
-63.1203
-63.1910
-63.2640
-63.3155
-74.7653
-74.9945
-77.6011
-77.0552
-76.5689
-76.2524
-76.0930
-76.0740
-71.7323
-71.0043
-70.2564
-69.7878
-69.2491
-68.7026
-61.8429
-61.9273
-61.9821
-62.0278
-62.1126
-62.1545
-62.0942
-62.1435
-62.2821
-62.3267
-62.3723
-62.4188
-62.4651
-62.5137
-62.5625
-62.6126
-62.7505
-62.8226
-62.8759
-62.9284
-63.0745
-63.1523
-63.2290
-63.2816
-75.4358
-75.6900
-78.7237
-78.3546
-78.0621
-78.7883
-78.3949
-78.6387
-70.9891
-70.1137
-69.5069
-68.8165
-61.7314
-61.7845
-61.8694
-61.9247
-62.0267
-62.0766
-62.1177
-62.1591
-62.0964
-62.1465
-62.2865
-62.3304
-62.3742
-62.4208
-62.4685
-62.5170
-62.5684
-62.6208
-62.7614
-62.8338
-62.8848
-63.0231
-63.1133
-63.1951
-63.2485
-76.3482
-76.3679
-71.0406
-69.9656
-69.1220
-68.2026
-61.6712
-61.7247
-61.8099
-61.8663
-61.9738
-62.0368
-62.0820
-62.1231
-62.1649
-62.0986
-62.1483
-62.2890
-62.3320
-62.3781
-62.4241
-62.4735
-62.5246
-62.5764
-62.7181
-62.7693
-62.8407
-62.8923
-63.0742
-63.1630
-63.2165
-77.5703
-69.8128
-68.4874
-61.5556
-61.6092
-61.6631
-61.7489
-61.8551
-61.9196
-61.9842
-62.0449
-62.0885
-62.1290
-62.1697
-62.0990
-62.2494
-62.2923
-62.3367
-62.3830
-62.4312
-62.4809
-62.5320
-62.5817
-62.7237
-62.7960
-62.8481
-63.0348
-63.1323
-63.1852
-69.6625
-61.4385
-61.4917
-61.5455
-61.5997
-61.7331
-61.7983
-61.8638
-61.9297
-61.9963
-62.0541
-62.0942
-62.1332
-62.1723
-62.0993
-62.2544
-62.2989
-62.3436
-62.3901
-62.4381
-62.4857
-62.5347
-62.5849
-62.7297
-62.8032
-62.8594
-63.1014
-76.6134
-61.3354
-61.3746
-61.4261
-61.4799
-61.5355
-61.6735
-61.7396
-61.8061
-61.8739
-61.9415
-62.0090
-62.0595
-62.0978
-62.1370
-62.1776
-62.1028
-62.2632
-62.3061
-62.3505
-62.3947
-62.4404
-62.4881
-62.5376
-62.5882
-62.7361
-62.8150
-63.0006
-61.1002
-61.1372
-61.1747
-61.2111
-61.2467
-61.2802
-61.3155
-61.3610
-61.4132
-61.5166
-61.6118
-61.6787
-61.7471
-61.8158
-61.8845
-61.9530
-62.0207
-62.0639
-62.1036
-62.1445
-62.0560
-62.1091
-62.2703
-62.3111
-62.3528
-62.3966
-62.4426
-62.4905
-62.5406
-62.6901
-62.7700
-62.9632
-75.2035
-60.9498
-60.9898
-61.0488
-61.0579
-61.0962
-61.1336
-61.1700
-61.2042
-61.2369
-61.2690
-61.3015
-61.3936
-61.4525
-61.5477
-61.6161
-61.6853
-61.7550
-61.8249
-61.8940
-61.9645
-62.0310
-62.0721
-62.1137
-62.1554
-62.0619
-62.1105
-62.2732
-62.3130
-62.3547
-62.3985
-62.4447
-62.4938
-62.5451
-62.7032
-62.7836
-60.7859
-60.8265
-60.8661
-60.9065
-60.9474
-61.0060
-61.0162
-61.0548
-61.0922
-61.1279
-61.1613
-61.1939
-61.2257
-61.2588
-61.3407
-61.3914
-61.4819
-61.5506
-61.6205
-61.6912
-61.7616
-61.8336
-61.9064
-61.9808
-62.0420
-62.0840
-62.1252
-62.1647
-62.0602
-62.1090
-62.2755
-62.3150
-62.3565
-62.4011
-62.4482
-62.4997
-62.5582
-62.7399
-62.9365
-60.6984
-60.7401
-60.7808
-60.8216
-60.8635
-60.9040
-60.9633
-60.9743
-61.0129
-61.0501
-61.0847
-61.1183
-61.1509
-61.1841
-61.2644
-61.3023
-61.3403
-59.5722
-61.4824
-61.5523
-61.6231
-61.6959
-61.7700
-61.8461
-61.9245
-62.0035
-62.0547
-62.0946
-62.1327
-62.1670
-62.0583
-62.2400
-62.2776
-62.3176
-62.3597
-62.4062
-62.4568
-62.5128
-62.5672
-62.7526
-60.6520
-60.6938
-60.7351
-60.7779
-60.8195
-60.8602
-60.9210
-60.9319
-60.9706
-61.0065
-61.0412
-61.0748
-61.1087
-61.1884
-61.2270
-61.2649
-61.3029
-61.3722
-61.4251
-61.4805
-61.5520
-61.6265
-61.7034
-61.7837
-61.8652
-61.9469
-62.0246
-62.0634
-62.1016
-62.1353
-62.1705
-62.0559
-62.2432
-62.2811
-62.3226
-62.3677
-62.4151
-62.4686
-62.5204
-62.5743
-60.6051
-60.6470
-60.6904
-60.7331
-60.7748
-60.8172
-60.8780
-60.8890
-60.9265
-60.9623
-60.9972
-61.0318
-61.0673
-61.1509
-61.1896
-61.2285
-61.2661
-61.3349
-61.3738
-61.4154
-61.4780
-61.5532
-61.6340
-61.7171
-61.8014
-61.8857
-61.9684
-62.0327
-62.0711
-62.1045
-62.1393
-62.1747
-62.0543
-62.2489
-62.2895
-62.3313
-62.3757
-62.4256
-62.4741
-62.5260
-60.5576
-60.6012
-60.6450
-60.6878
-60.7308
-60.7736
-60.8345
-60.8447
-60.8817
-60.9178
-60.9532
-60.9897
-61.0731
-61.1130
-61.1530
-61.1917
-61.2293
-61.2978
-61.3364
-61.3751
-61.4143
-61.4782
-61.5592
-61.6446
-61.7314
-61.8179
-61.9051
-61.9921
-62.0409
-62.0788
-62.1097
-62.1448
-62.1814
-62.0569
-62.2583
-62.2977
-62.3421
-62.3845
-62.4298
-62.4791
-60.5104
-60.5550
-60.5990
-60.6427
-60.6866
-60.7295
-60.7901
-60.7993
-60.8365
-60.8727
-60.9101
-60.9934
-61.0347
-61.0757
-61.1158
-61.1547
-61.1921
-61.2607
-61.3005
-61.3391
-61.3798
-61.4204
-61.4803
-61.5644
-61.6525
-61.7434
-61.8359
-61.9287
-62.0108
-62.0499
-62.0807
-62.1176
-62.1552
-62.0066
-62.0587
-62.2660
-62.3068
-62.3462
-62.3885
-62.4344
-60.4633
-60.5083
-60.5526
-60.5978
-60.6418
-60.6847
-60.7440
-60.7534
-60.7907
-60.8288
-60.8675
-60.9544
-60.9966
-61.0380
-61.0782
-61.1171
-61.1542
-61.2246
-61.2647
-61.3063
-61.3472
-61.3870
-61.4262
-61.4787
-61.5646
-61.6600
-61.7585
-61.8585
-61.9587
-62.0212
-62.0537
-62.0923
-62.1294
-62.1657
-62.0066
-62.0569
-62.2745
-62.3112
-62.3504
-62.3929
-60.4159
-60.4611
-60.5071
-60.5523
-60.5964
-60.6379
-60.6974
-60.7069
-60.7457
-60.7854
-60.8721
-60.9154
-60.9583
-60.9999
-61.0403
-61.0785
-61.1173
-61.1882
-61.2311
-61.2744
-61.3153
-61.3548
-61.3911
-61.4270
-59.4112
-61.5643
-61.6693
-61.7788
-61.8893
-61.9905
-62.0282
-62.0667
-62.1041
-62.1394
-62.1728
-62.0028
-62.2442
-62.2795
-62.3160
-62.3568
-60.3680
-60.4146
-60.4610
-60.5062
-60.5494
-60.5906
-60.6503
-60.6607
-60.7014
-60.7417
-60.8323
-60.8765
-60.9194
-60.9612
-61.0010
-61.0409
-61.0800
-61.1532
-61.1987
-61.2423
-61.2834
-61.3210
-61.3573
-61.3927
-61.4275
-61.4800
-61.5639
-61.6835
-61.8091
-61.9353
-61.9964
-62.0411
-62.0777
-62.1121
-62.1462
-62.1798
-62.0022
-62.2499
-68.7626
-68.8565
-60.3202
-60.3677
-60.4141
-60.4589
-60.5013
-60.5427
-60.6030
-60.6154
-60.6569
-60.7471
-60.7927
-60.8369
-60.8800
-60.9213
-60.9625
-61.0030
-61.0432
-61.1199
-61.1665
-61.2100
-61.2496
-61.2874
-61.3241
-61.3595
-61.3938
-61.4281
-61.4629
-61.5650
-61.7090
-61.8566
-61.9393
-62.0061
-62.0500
-62.0856
-62.1202
-62.1540
-62.1876
-67.8612
-68.8967
-68.9942
-60.2726
-60.3202
-60.3665
-60.4101
-60.4526
-60.4942
-60.5567
-60.5702
-60.6601
-60.7068
-60.7524
-60.7968
-60.8396
-60.8819
-60.9239
-60.9652
-61.0087
-61.0868
-61.1340
-61.1757
-61.2154
-61.2538
-61.2909
-61.3266
-61.3617
-61.3958
-61.4304
-61.4668
-61.5693
-61.7483
-61.8849
-61.9441
-62.0140
-62.0590
-62.0943
-62.1287
-68.8823
-68.9142
-68.0202
-69.1597
-60.2995
-60.2720
-60.3169
-60.3606
-60.4034
-60.4469
-60.5108
-60.5244
-60.6188
-60.6657
-60.7115
-60.7557
-60.7992
-60.8425
-60.8850
-60.9294
-60.9743
-61.0533
-61.0991
-61.1408
-61.1811
-61.2201
-61.2577
-61.2945
-61.3301
-61.3657
-61.4017
-61.4361
-61.4699
-61.5697
-61.8161
-61.8773
-61.9495
-62.0226
-62.0821
-68.9448
-69.0762
-69.1800
-69.1326
-68.1803
-60.2512
-60.2990
-60.3450
-60.3106
-60.3548
-60.4002
-60.4643
-60.5289
-60.5771
-60.6241
-60.6698
-60.7143
-60.7590
-60.8027
-60.8480
-60.8943
-60.9395
-61.0182
-61.0634
-61.1057
-61.1467
-61.1862
-61.2250
-61.2625
-61.2999
-61.3376
-61.3732
-61.4067
-61.4379
-61.4682
-61.5667
-61.8047
-61.8795
-61.9559
-68.9764
-69.2396
-69.2999
-69.4057
-69.4983
-68.1842
-60.2015
-60.2488
-60.2951
-60.3412
-60.3886
-60.3529
-60.4666
-60.4864
-60.5346
-60.5817
-60.6273
-60.6734
-60.7184
-60.7646
-60.8121
-60.8587
-60.9030
-60.9821
-61.0274
-61.0704
-61.1120
-61.1528
-61.1923
-61.2317
-61.2714
-61.3089
-61.3440
-61.3765
-61.4071
-61.4368
-61.4687
-59.2115
-61.8023
-68.6258
-68.9877
-69.3644
-69.6526
-69.8482
-69.7438
-69.8210
-60.1502
-60.1978
-60.2449
-60.2935
-60.3419
-60.3893
-60.5101
-60.4432
-60.4916
-60.5382
-60.5856
-60.6319
-60.6792
-60.7275
-60.7757
-60.8216
-60.8652
-60.9460
-60.9911
-61.0348
-61.0777
-61.1193
-61.1607
-61.2025
-61.2418
-61.2791
-61.3135
-61.3460
-61.3772
-61.4104
-61.4374
-61.4504
-67.2568
-68.5822
-68.9657
-69.3701
-69.8102
-70.0627
-70.2591
-70.4309
-60.0982
-60.1461
-60.1957
-60.2456
-60.2944
-60.3950
-60.4680
-60.4885
-60.5373
-60.4957
-60.5433
-60.5916
-60.6408
-60.6903
-60.7379
-60.7829
-60.8270
-60.9087
-60.9545
-60.9995
-61.0433
-61.0868
-61.1307
-61.1719
-61.2113
-61.2479
-61.2824
-61.3158
-61.3528
-61.3819
-61.4077
-67.3186
-67.4000
-67.4682
-68.8791
-69.3123
-69.7987
-70.2839
-70.7648
-71.2080
-60.0454
-60.0955
-60.1467
-60.1969
-60.2972
-60.3516
-60.4251
-60.4453
-60.4963
-60.5464
-60.5966
-60.5518
-60.6028
-60.6520
-60.6984
-60.7439
-60.7885
-60.8710
-60.9183
-60.9642
-61.0098
-61.0558
-61.0990
-61.1406
-61.1793
-61.2160
-61.2515
-61.2855
-61.3228
-61.3523
-67.4672
-67.5682
-67.5851
-67.6343
-67.6698
-69.1493
-69.6902
-70.2639
-70.8523
-71.3903
-59.9931
-60.0454
-60.0969
-60.1481
-60.2525
-60.3074
-60.3809
-60.4027
-60.4546
-60.5065
-60.5591
-60.6121
-60.6636
-60.6115
-60.6585
-60.7045
-60.7496
-60.8336
-60.8819
-60.9298
-60.9777
-61.0231
-61.0669
-61.1076
-61.1465
-61.1841
-61.2201
-61.2600
-61.2925
-67.5784
-67.6955
-67.7868
-67.7888
-67.8234
-67.8389
-67.8432
-69.4051
-70.0972
-70.8661
-71.5754
-59.9418
-59.9945
-60.0468
-60.1508
-60.2070
-60.2619
-60.3367
-60.3595
-60.4129
-60.4674
-60.5219
-60.5760
-60.6264
-60.6756
-60.7234
-60.7696
-60.7108
-60.7961
-60.8464
-60.8964
-60.9441
-60.9901
-61.0330
-61.0740
-61.1137
-61.1519
-61.1940
-61.2293
-67.6905
-67.8421
-67.9462
-68.0225
-68.0071
-68.0274
-68.0278
-68.0128
-68.0011
-69.6079
-70.6822
-71.7655
-59.8898
-59.9431
-60.0465
-60.1040
-60.1604
-60.2161
-60.2922
-60.3160
-60.3721
-60.4280
-60.4842
-60.5368
-60.5885
-60.6389
-60.6881
-60.7364
-60.7834
-60.8706
-60.8116
-60.8619
-60.9102
-60.9552
-60.9984
-61.0403
-61.0805
-61.1248
-61.1624
-67.8160
-67.9965
-68.1302
-68.2232
-68.2731
-68.2380
-68.2432
-68.2294
-68.1998
-68.1703
-68.1181
-69.7806
-71.9585
-59.8371
-59.8910
-59.9986
-60.0563
-60.1130
-60.1703
-60.2472
-60.2737
-60.3309
-60.3887
-60.4433
-60.4969
-60.5496
-60.6012
-60.6523
-60.7025
-60.7517
-60.8436
-60.8962
-60.9453
-60.8743
-60.9197
-60.9637
-61.0060
-61.0525
-67.6651
-67.9589
-68.1780
-68.3320
-68.4387
-68.5086
-68.5369
-68.4795
-68.4687
-68.4402
-68.3974
-68.3548
-68.2863
-68.2130
-68.1452
-59.7841
-59.8909
-59.9499
-60.0075
-60.0660
-60.1237
-60.2035
-60.2607
-60.2898
-60.3463
-60.4016
-60.4561
-60.5098
-60.5630
-60.6158
-60.6675
-60.7206
-60.8148
-60.8702
-60.9205
-60.9672
-61.0100
-60.9285
-60.9772
-67.7777
-68.1368
-68.3938
-68.5723
-68.6907
-68.7649
-68.8071
-68.8112
-68.7298
-68.7020
-68.6587
-68.6029
-68.5486
-68.4682
-68.3806
-68.2869
-59.7809
-59.8410
-59.8997
-59.9593
-60.0182
-60.0785
-60.1596
-60.2178
-60.2461
-60.3029
-60.3590
-60.4143
-60.4694
-60.5239
-60.5778
-60.6335
-60.6885
-60.7846
-60.8409
-60.8935
-60.9440
-60.9907
-61.0398
-68.6643
-68.3787
-68.6710
-68.8658
-68.9940
-69.0666
-69.1054
-69.1150
-69.1062
-69.0652
-68.9413
-68.8833
-68.8146
-68.7493
-68.6585
-68.5605
-68.4550
-59.7300
-59.7897
-59.8503
-59.9103
-59.9715
-60.0332
-60.1148
-60.1730
-60.2012
-60.2586
-60.3154
-60.3720
-60.4278
-60.4835
-60.5412
-60.5976
-60.6560
-60.7511
-60.8099
-60.8635
-60.9185
-60.9687
-69.1581
-69.8188
-70.1872
-70.3522
-69.3601
-69.4270
-69.4594
-69.4532
-69.4321
-69.3943
-69.3305
-69.1849
-69.1124
-69.0314
-68.9869
-68.8562
-68.7487
-68.6348
-59.6777
-59.7392
-59.8002
-59.8622
-59.9250
-59.9870
-60.0689
-60.1267
-60.1554
-60.2135
-60.2714
-60.3282
-60.3853
-60.4446
-60.5028
-60.5602
-60.6200
-60.7161
-60.7763
-60.8309
-60.8904
-69.9912
-70.7984
-71.2031
-71.4217
-71.5255
-71.5281
-71.3953
-69.8441
-69.8133
-69.7521
-69.6846
-69.5983
-69.4309
-69.3446
-69.2523
-69.2001
-69.0585
-68.9433
-68.7763
-59.6259
-59.6880
-59.7507
-59.8145
-59.8776
-59.9396
-60.0214
-60.0796
-60.1088
-60.1675
-60.2256
-60.2838
-60.3445
-60.4041
-60.4630
-60.5193
-60.5822
-60.6799
-60.7394
-60.8027
-72.6301
-72.6637
-72.6957
-72.7263
-72.7554
-72.7829
-72.8090
-72.8335
-72.8565
-72.8780
-70.0831
-69.9756
-69.8854
-69.6779
-69.5790
-69.4761
-69.4175
-69.2653
-69.0915
-68.8992
-59.5738
-59.6371
-59.7018
-59.7660
-59.8287
-59.8908
-59.9731
-60.0317
-60.0611
-60.1202
-60.1795
-60.2413
-60.3022
-60.3624
-60.4202
-60.5137
-60.5838
-60.6898
-60.7587
-71.2668
-70.6924
-70.4358
-70.1639
-69.9354
-69.4246
-69.2201
-69.0117
-59.5353
-59.6023
-59.6689
-59.7340
-59.7987
-59.8632
-59.9471
-60.0065
-60.0373
-60.0987
-60.1629
-60.2263
-60.2893
-60.3499
-60.4107
-60.4717
-60.5424
-60.6485
-60.7147
-71.5168
-70.8342
-70.5585
-70.2628
-69.8968
-69.5735
-69.3161
-69.0036
-59.4795
-59.5468
-59.6126
-59.6774
-59.7424
-59.8066
-59.8911
-59.9524
-59.9852
-60.0513
-60.1165
-60.1810
-60.2421
-60.3033
-60.3644
-60.4253
-60.4961
-60.6018
-60.6664
-70.6858
-70.2451
-69.9976
-69.6495
-69.2918
-68.1232
