-55.8151
-55.9963
-56.1691
-56.3897
-56.6572
-56.9858
-57.3293
-57.6998
-57.9984
-57.9369
-57.8823
-57.9430
-58.1510
-58.5349
-59.6906
-62.3949
-62.1251
-61.8493
-61.5644
-53.7532
-44.6787
-44.5780
-44.4745
-44.3765
-44.2961
-44.2236
-44.1487
-44.0928
-44.0586
-44.0258
-43.9956
-43.9846
-43.9071
-43.9879
-44.0283
-44.0555
-44.0452
-44.1314
-44.1879
-56.2450
-56.4361
-56.6372
-56.8500
-57.1101
-57.3904
-57.7156
-58.0591
-58.0626
-57.9826
-58.0001
-58.1358
-58.4221
-58.7937
-59.8139
-60.8387
-60.0499
-58.8206
-54.1938
-45.0962
-44.9977
-44.8997
-44.8028
-44.7088
-44.6361
-44.5704
-44.5007
-44.4487
-44.4158
-44.3848
-44.3600
-44.3435
-44.3475
-44.3206
-44.3600
-44.3858
-44.4197
-44.4892
-44.5384
-56.0168
-56.6520
-56.8483
-57.0309
-57.2552
-57.5307
-57.8117
-58.1429
-58.2082
-58.1299
-58.1068
-58.1867
-58.3692
-58.6669
-58.9756
-59.9075
-59.4775
-58.3724
-54.6227
-53.1396
-45.4056
-45.3084
-45.2135
-45.1229
-45.0400
-44.9682
-44.9056
-44.8392
-44.7984
-44.7606
-44.7306
-44.7091
-44.7002
-44.7272
-44.7210
-44.6810
-44.7054
-44.8070
-44.8721
-44.8884
-54.0451
-57.0391
-57.4552
-57.6573
-57.9017
-58.1993
-58.4715
-58.3536
-58.2986
-58.3354
-58.4209
-58.5967
-58.8804
-59.6783
-59.3083
-58.3881
-55.0315
-53.8939
-45.7983
-45.7038
-45.6109
-45.5242
-45.4383
-45.3626
-45.2917
-45.2270
-53.7051
-45.1381
-45.0954
-45.0686
-45.0545
-45.0772
-45.0548
-45.0487
-44.9897
-45.0128
-45.1272
-45.1935
-45.2268
-53.3894
-63.9404
-57.8352
-58.0658
-58.2660
-58.4791
-58.4819
-58.5626
-58.6835
-58.8584
-59.0881
-59.3487
-56.2731
-55.4330
-54.4955
-53.5312
-46.0863
-45.9933
-45.9050
-45.6794
-45.6090
-45.5451
-45.4291
-45.4007
-45.3902
-45.4064
-45.3781
-45.3680
-45.3692
-45.3788
-45.4408
-45.5077
-45.5841
-53.2053
-64.1725
-58.2042
-58.4153
-58.8873
-58.7049
-58.7286
-58.7742
-58.9062
-59.0761
-59.3460
-56.5774
-55.8323
-55.0227
-54.1716
-46.4576
-46.3666
-46.2780
-55.8094
-45.9833
-45.9188
-45.8603
-45.7477
-45.7220
-45.7422
-45.7228
-45.6962
-45.6806
-45.6814
-45.6868
-45.7474
-45.8145
-45.8909
-53.2546
-64.3089
-66.9442
-58.5446
-58.9229
-63.9205
-58.8971
-58.9438
-59.0343
-59.1618
-59.3554
-56.8713
-56.2030
-55.5063
-54.7700
-54.0672
-46.7269
-46.6403
-46.5576
-56.0893
-46.2796
-46.2198
-46.1641
-60.4307
-57.1847
-46.0618
-46.0367
-46.0469
-46.0286
-46.0016
-45.9846
-46.0464
-46.0630
-46.0469
-46.1156
-46.1905
-53.4351
-63.8652
-58.6522
-58.9935
-59.2351
-64.0131
-68.2614
-67.7302
-59.0605
-59.1315
-59.2379
-59.3697
-57.1492
-56.5708
-55.9389
-55.2808
-54.6276
-47.0793
-46.9948
-46.9134
-46.8347
-56.3621
-59.2831
-56.8160
-46.5703
-46.5101
-55.0853
-57.5803
-55.1641
-46.3663
-46.3704
-46.3416
-46.3243
-46.2973
-46.2800
-46.3512
-46.3677
-46.3384
-46.4049
-46.4788
-46.5440
-59.8400
-59.0974
-59.3228
-62.2541
-64.0552
-65.2504
-59.2213
-59.2694
-59.3512
-59.4583
-57.3906
-56.9142
-56.3491
-55.7547
-55.1511
-54.6219
-47.3336
-47.2557
-47.1781
-55.0142
-56.6535
-57.2295
-46.9042
-46.8513
-46.7905
-55.3335
-56.4028
-46.6900
-46.6936
-46.6618
-46.6293
-46.6110
-46.5827
-46.6326
-46.6491
-46.6661
-46.6991
-46.6858
-46.7588
-46.8229
-59.1232
-64.4381
-59.4786
-59.5359
-58.2016
-57.7043
-60.3231
-55.1208
-47.6700
-47.5865
-47.5107
-47.4350
-55.5831
-56.9145
-47.1835
-47.1292
-47.0711
-55.6059
-55.7531
-46.9471
-46.9124
-46.8911
-46.8623
-46.9244
-46.9408
-46.9576
-46.9891
-46.9594
-47.0310
-47.0967
-59.5072
-64.6243
-59.6971
-58.4562
-57.9884
-60.2222
-64.9133
-55.1726
-47.9119
-47.8368
-47.7605
-55.1200
-56.0519
-57.1696
-47.4521
-47.3986
-47.3464
-55.8919
-55.4555
-47.2214
-47.1886
-47.1602
-47.2011
-47.2097
-47.2284
-47.2426
-47.2712
-47.3029
-47.2954
-47.3644
-64.6971
-69.6146
-69.7723
-63.7170
-58.7204
-58.2762
-60.2665
-60.5536
-65.0881
-48.1519
-48.0781
-48.0021
-55.6248
-56.4760
-57.4192
-58.0760
-47.7116
-47.6596
-54.9586
-56.0230
-57.5759
-58.9361
-59.0347
-47.4836
-47.4537
-47.4241
-47.4780
-47.4870
-47.5087
-47.5227
-47.5455
-47.5775
-47.5535
-47.6251
-64.8488
-70.9393
-65.8368
-63.9875
-59.0066
-58.5506
-60.3516
-60.5814
-60.8318
-65.2244
-48.3848
-48.3124
-48.2923
-56.0717
-56.8371
-57.5682
-56.0709
-47.9657
-47.9111
-55.3601
-56.1602
-57.5988
-47.7410
-47.7149
-47.7435
-47.7476
-47.7565
-47.7811
-47.7952
-47.8130
-47.8443
-47.8839
-47.8788
-65.0030
-64.3298
-59.3020
-58.8890
-60.5083
-60.6961
-60.8568
-61.3466
-64.0239
-63.9806
-63.7464
-63.6108
-58.1373
-48.6105
-48.5365
-55.8749
-56.4721
-57.1643
-57.2554
-48.2604
-48.2150
-48.1664
-55.7481
-56.2854
-57.6531
-64.1612
-59.5825
-47.9928
-47.9696
-48.0125
-48.0108
-48.0218
-48.0440
-48.0598
-48.0771
-48.1044
-48.1450
-48.1220
-65.5549
-70.1876
-70.8358
-60.8286
-60.9610
-61.0643
-65.5689
-69.0687
-58.4988
-48.9038
-48.8379
-48.7664
-56.2465
-56.8217
-57.2758
-56.5956
-48.5021
-48.4554
-48.4162
-56.0928
-56.8988
-57.7637
-58.5905
-57.5031
-48.2387
-48.2781
-48.2703
-48.2674
-48.2811
-48.3049
-48.3182
-48.3325
-48.3572
-48.3989
-48.4371
-65.3538
-69.1919
-69.8144
-72.5865
-73.7814
-61.1183
-61.2887
-61.4693
-65.7474
-67.9251
-57.2964
-49.1228
-49.0549
-56.2544
-56.6644
-57.1629
-57.4155
-56.3078
-48.7410
-48.6971
-55.8838
-56.3142
-57.1283
-57.8637
-58.2717
-56.7532
-48.4770
-48.5287
-48.5195
-48.5197
-48.5314
-48.5550
-48.5685
-48.5842
-48.6083
-48.6400
-48.6826
-65.4800
-68.6212
-69.3662
-61.3943
-61.5574
-62.0619
-65.9152
-67.4099
-49.3368
-49.2719
-56.5929
-57.0197
-57.3427
-57.1285
-49.0152
-56.1943
-56.5383
-57.3324
-58.0281
-58.0343
-48.7456
-48.7755
-48.7749
-48.7651
-48.7689
-48.7779
-48.8006
-48.8139
-48.8288
-48.8550
-48.8820
-48.9239
-65.5709
-68.0713
-68.9277
-61.6620
-61.8159
-65.1739
-66.0704
-67.1629
-49.5452
-56.6809
-56.9276
-57.3268
-57.5184
-56.9574
-49.2460
-56.5183
-57.0072
-57.5697
-58.0224
-57.6789
-48.9759
-49.0170
-49.0161
-49.0078
-49.0135
-49.0188
-49.0404
-49.0558
-49.0703
-49.0939
-49.1230
-49.1597
-65.3150
-67.0561
-68.2124
-69.0989
-69.1126
-66.4214
-61.8607
-61.9606
-65.1599
-65.4126
-62.5370
-62.4732
-62.3953
-65.0840
-49.7433
-56.9822
-57.2378
-57.5256
-57.5974
-56.8164
-57.2433
-57.7906
-58.0374
-57.5064
-49.2611
-49.2533
-49.2541
-49.2483
-49.2535
-49.2556
-49.2746
-49.2876
-49.2988
-49.3289
-49.3570
-49.3931
-65.4537
-67.3376
-68.9841
-62.0943
-65.1670
-64.7405
-64.2582
-61.6920
-61.2832
-62.2037
-59.7808
-57.5391
-58.8027
-57.0516
-57.5038
-57.9779
-58.1004
-57.4305
-49.4891
-49.4846
-49.4861
-49.4806
-49.4861
-49.4904
-49.5056
-49.5163
-49.5297
-49.5566
-49.5834
-49.6202
-65.5272
-67.3462
-67.9341
-68.2359
-68.7112
-65.1384
-62.1735
-64.1934
-63.6629
-61.2189
-63.6360
-63.8435
-57.8868
-59.0573
-68.1942
-63.8141
-57.3216
-57.7504
-58.0966
-58.1766
-57.4301
-49.7140
-49.7100
-49.7131
-49.7079
-49.7115
-49.7179
-49.7295
-49.7366
-49.7576
-49.7816
-49.8074
-49.8418
-66.0141
-64.8976
-63.3656
-66.2548
-62.9715
-63.0820
-63.2964
-60.4328
-68.7854
-59.1953
-66.8008
-67.0920
-64.0676
-61.8084
-57.5828
-57.9885
-58.2071
-58.1953
-57.5025
-49.9358
-49.9315
-49.9351
-49.9310
-49.9333
-49.9404
-49.9509
-49.9578
-49.9786
-50.0037
-50.0289
-50.0605
-66.1542
-73.7743
-74.1869
-73.6079
-73.5937
-65.8771
-65.4122
-62.5149
-62.5380
-65.7590
-67.7148
-64.4342
-61.9876
-65.6373
-59.4251
-65.2800
-64.3061
-62.9031
-57.5127
-57.8340
-58.2208
-58.3271
-58.2236
-50.1517
-50.1525
-50.1454
-50.1503
-50.1579
-50.1614
-50.1742
-50.1949
-50.2191
-50.2440
-50.2765
-66.4190
-64.1893
-65.6646
-65.1090
-62.1210
-62.0779
-62.1581
-65.1255
-68.3562
-67.7115
-63.0259
-63.6373
-62.1158
-64.3055
-62.1153
-64.4658
-63.5104
-62.2253
-57.7620
-58.1001
-58.3643
-50.3655
-50.3656
-50.3581
-50.3626
-50.3637
-50.3743
-50.3861
-50.4066
-50.4299
-50.4547
-50.4859
-66.6376
-64.5509
-64.4849
-61.7688
-61.7389
-64.1642
-64.6691
-66.7227
-66.9139
-62.6407
-63.0659
-62.2689
-63.7467
-62.2215
-63.7873
-62.9178
-61.8246
-58.0315
-58.3362
-58.5094
-50.5749
-50.5690
-50.5663
-50.5705
-50.5721
-50.5846
-50.5962
-50.6139
-50.6365
-50.6611
-50.6906
-66.7787
-64.4405
-61.5993
-61.4936
-61.4938
-63.8913
-64.3620
-65.8773
-62.9741
-62.3171
-61.1636
-62.4730
-63.0740
-62.3657
-63.4411
-62.5620
-61.6344
-58.2538
-58.5474
-58.8625
-50.7720
-50.7716
-50.7663
-50.7764
-50.7906
-50.8022
-50.8171
-50.8389
-50.8632
-50.8916
-66.7320
-69.5751
-69.7294
-69.5959
-64.0402
-64.1579
-63.6137
-61.3110
-61.2466
-63.3465
-63.7037
-64.1029
-65.1947
-62.6581
-62.0714
-61.5596
-62.6569
-62.7231
-62.4348
-63.1739
-62.4509
-61.5308
-58.4559
-58.7063
-59.0668
-66.6339
-68.4656
-68.1833
-67.8325
-51.1463
-50.9691
-50.9692
-50.9657
-50.9772
-50.9924
-51.0040
-51.0163
-51.0373
-51.0614
-51.0886
-66.8132
-69.0587
-68.8002
-63.7556
-63.9513
-63.6079
-61.2505
-61.1394
-61.1089
-63.2960
-63.6269
-63.9107
-62.1969
-62.4151
-64.1755
-61.8870
-62.7837
-62.5410
-62.5989
-63.0884
-62.3315
-58.4970
-58.7233
-58.8548
-59.2415
-64.8533
-66.3106
-65.4037
-63.1817
-51.1647
-51.1629
-51.1554
-51.1608
-51.1749
-51.1895
-51.2013
-51.2138
-51.2317
-51.2550
-51.2820
-67.0066
-68.5756
-68.2947
-63.6048
-63.5216
-61.2365
-61.1023
-61.0214
-63.0779
-63.3369
-63.5904
-63.7603
-62.0217
-62.2346
-64.0102
-62.1745
-62.8688
-62.4444
-62.7050
-63.0024
-62.2637
-58.7264
-58.9316
-59.1923
-59.4395
-64.1225
-64.8510
-63.4360
-61.0928
-51.3571
-51.3410
-51.3436
-51.3491
-51.3657
-51.3829
-51.3947
-51.4072
-51.4221
-51.4455
-51.4709
-67.0567
-68.3126
-63.4618
-63.4886
-61.2205
-61.0666
-60.9937
-60.9459
-63.1980
-63.3844
-63.5862
-61.5101
-61.8983
-64.6213
-63.9166
-62.3775
-62.9598
-60.5009
-62.9990
-62.9183
-62.2376
-58.9520
-59.1530
-59.3604
-59.6380
-63.5953
-63.6806
-62.2460
-60.3465
-51.5469
-51.5304
-51.5259
-51.5381
-51.5560
-51.5697
-51.5814
-51.5940
-51.6135
-51.6311
-51.6569
-67.1096
-67.9446
-63.3614
-61.2924
-61.1070
-60.9760
-60.8902
-60.8871
-63.6822
-61.5360
-61.8644
-64.5977
-62.0715
-62.5856
-63.1070
-62.2475
-59.1571
-59.3190
-59.5681
-59.8347
-63.2527
-62.8697
-61.5480
-59.9966
-51.7222
-51.7165
-51.7174
-51.7260
-51.7438
-51.7503
-51.7678
-51.7882
-51.7920
-51.8102
-51.8364
-67.4339
-63.3102
-61.3865
-61.2299
-61.0887
-60.9150
-60.8587
-63.2845
-61.3765
-61.5360
-64.2052
-64.5630
-62.3077
-62.7489
-63.2174
-62.3106
-59.3131
-59.5304
-59.7710
-60.0264
-63.0203
-62.3087
-61.1350
-59.8562
-51.9051
-51.8996
-51.8994
-51.9101
-51.9279
-51.9405
-51.9604
-51.9719
-51.9680
-51.9890
-52.0157
-67.5416
-61.4529
-61.3018
-61.1560
-61.0314
-60.9430
-60.8521
-63.3038
-61.3855
-61.5356
-64.2093
-64.5538
-62.4969
-62.8958
-61.3439
-68.5607
-59.3707
-59.5492
-59.7579
-59.9694
-60.2134
-62.8541
-61.9300
-60.8916
-59.7625
-52.0847
-52.0794
-52.0792
-52.0910
-52.1087
-52.1300
-52.1409
-52.1436
-52.1535
-52.1659
-52.1923
-64.2642
-61.3705
-61.2275
-61.0976
-60.9934
-60.9319
-63.2836
-63.4036
-64.2307
-63.2570
-61.3969
-63.8084
-64.2432
-64.5749
-62.6703
-63.0295
-61.5742
-70.6435
-71.6605
-62.7717
-59.5793
-59.7575
-59.9630
-60.1840
-60.3876
-62.5376
-61.6759
-60.6675
-59.8112
-52.2613
-52.2562
-52.2577
-52.2687
-52.2963
-52.3080
-52.3174
-52.3196
-52.3291
-52.3422
-52.3654
-61.4140
-61.2816
-61.1553
-61.0448
-60.9658
-60.9351
-63.3065
-63.4290
-63.6137
-61.2858
-61.4105
-63.8839
-64.2917
-64.3337
-62.8312
-61.2035
-63.8983
-69.8225
-68.1591
-62.8155
-59.7780
-59.9568
-60.1567
-60.3637
-60.5795
-62.3330
-61.5088
-60.6115
-59.9071
-52.4349
-52.4304
-52.4339
-52.4435
-52.4724
-52.4817
-52.4909
-52.4924
-52.5017
-52.5155
-52.5354
-61.3315
-61.2084
-61.0956
-61.0032
-60.9476
-63.2077
-63.2935
-63.3496
-63.0889
-61.2962
-63.6725
-63.9753
-64.3563
-62.6926
-62.9738
-61.2844
-64.1919
-68.3845
-66.3908
-62.8701
-59.9709
-60.1485
-60.3355
-60.5344
-60.7436
-62.1578
-61.3324
-60.6045
-60.0367
-52.6056
-52.6027
-52.6072
-52.6281
-52.6436
-52.6523
-52.6522
-52.6622
-52.6712
-52.6857
-52.7034
-61.2723
-61.1608
-61.0620
-60.9894
-60.9568
-63.2072
-63.2469
-62.9333
-62.7597
-61.3397
-63.8101
-64.0661
-64.3841
-62.8473
-61.1288
-63.5015
-64.4435
-67.4267
-63.3622
-62.9554
-60.1695
-60.3220
-60.4997
-60.6927
-60.9005
-62.0331
-61.2842
-60.6538
-60.1884
-52.7736
-52.7731
-52.7922
-52.7966
-52.8118
-52.8200
-52.8193
-52.8290
-52.8378
-52.8529
-52.8701
-61.2252
-61.1247
-61.0413
-60.9892
-63.1420
-63.1762
-63.2272
-62.9036
-62.6222
-63.7056
-63.9640
-64.2080
-64.4066
-62.9809
-61.2110
-63.9380
-64.6538
-66.8419
-63.4368
-60.2260
-60.3918
-60.4980
-60.6688
-60.8511
-61.0268
-61.8303
-61.2617
-60.7037
-52.9709
-52.9425
-52.9573
-52.9594
-52.9624
-52.9771
-52.9747
-52.9834
-52.9929
-53.0021
-53.0172
-53.0339
-61.1881
-61.0999
-61.0335
-61.0012
-63.1192
-63.1569
-62.8492
-62.7699
-62.5762
-63.8712
-64.1250
-64.2936
-64.4592
-61.0958
-63.8038
-64.1467
-64.8535
-66.4852
-66.3112
-60.6921
-60.8350
-61.0070
-61.0076
-61.7963
-61.2743
-60.7661
-53.1069
-53.1249
-53.1251
-53.1237
-53.1263
-53.1395
-53.1362
-53.1447
-53.1539
-53.1638
-53.1786
-53.1949
-61.1605
-61.0858
-61.0369
-61.0373
-63.1001
-62.8041
-62.8397
-62.6863
-63.7893
-64.0554
-64.2902
-64.3676
-64.4998
-61.1877
-67.5923
-72.0105
-67.5323
-60.8628
-61.0179
-61.1596
-61.1105
-61.7908
-61.3062
-60.8503
-53.2757
-53.2847
-53.2851
-53.2872
-53.2908
-53.2991
-53.2949
-53.3032
-53.3122
-53.3227
-53.3373
-53.3532
