-69.9755 -69.9210 -69.9429 -69.9332 -70.1829 -70.2016 -70.2779 -70.4834 -70.8887 -71.3737 -71.6411 -71.2414 -70.8554 -66.3329 -66.6612 -67.0938 -67.6066 -63.4131 -63.7052 -64.0188 -64.3489 -64.6931 -67.0798 -67.5983 -69.2647 -69.0218 -66.3018 -68.5039 -68.2300 -67.8871 -67.6411 -67.2969 -66.9347 -65.6767 -65.1332 -64.3822 -63.6189 -62.7076 -61.6403 -58.1796
-69.7866 -69.7830 -69.7473 -69.9233 -69.9179 -69.9440 -70.0707 -70.3693 -70.8098 -71.2848 -71.4610 -71.1676 -66.1081 -66.2955 -66.6320 -67.0479 -67.5220 -63.6694 -63.9285 -64.2122 -64.5276 -64.8472 -67.2213 -67.6293 -68.9329 -68.6619 -66.3332 -68.0762 -67.7848 -67.4526 -67.1709 -66.0997 -65.6495 -65.1584 -64.5801 -63.9342 -63.1939 -62.3426 -61.3990 -58.3279
-69.6576 -69.7041 -69.7437 -69.8070 -69.7865 -69.8921 -70.1213 -70.4551 -70.9272 -71.3605 -71.4911 -70.4241 -66.0828 -66.3382 -66.6461 -67.0411 -63.6436 -63.8957 -64.1548 -64.4072 -64.6936 -66.8829 -67.3046 -67.6593 -68.5975 -68.3103 -66.3605 -67.7278 -67.4202 -67.0833 -66.1184 -65.6912 -65.2276 -64.7390 -64.2068 -63.5813 -62.8764 -62.0890 -61.2477 -58.4512
-70.3065 -77.2330 0.0000 0.0000 -71.6676 0.0000 0.0000 -70.5752 0.0000 0.0000 -73.4382 0.0000 0.0000 -66.8455 0.0000 0.0000 -64.1170 0.0000 0.0000 -64.5837 -64.8509 -66.9903 -67.3719 -68.7292 0.0000 0.0000 -67.4033 0.0000 0.0000 0.0000 0.0000 0.0000 0.0000 0.0000 0.0000 0.0000 0.0000 0.0000 0.0000 0.0000
-75.4407 -76.4212 0.0000 0.0000 -75.6794 0.0000 0.0000 -73.3547 0.0000 0.0000 -75.4067 0.0000 0.0000 -71.8578 -78.6537 0.0000 -64.4414 0.0000 0.0000 -64.7469 -64.9953 -67.7820 -68.2376 -68.8339 -79.0497 0.0000 -67.5660 0.0000 0.0000 0.0000 0.0000 0.0000 -72.4665 -72.6374 -64.3880 0.0000 0.0000 -62.3279 -71.1926 -71.2665
-74.2215 -74.3502 -74.6720 -74.9677 -74.3815 -73.9528 -74.7547 -73.1719 0.0000 0.0000 -73.3820 -74.6007 -66.6445 -71.7857 -73.9510 -74.3130 -68.3172 0.0000 -73.5259 -65.2146 -65.5087 -67.8992 -68.4504 -68.8770 -75.2225 -76.8357 -67.6207 -75.2142 -73.4122 -73.4714 -73.5345 -70.7604 -69.9141 -67.4824 0.0000 -72.2311 -71.9607 -62.1760 -69.8064 -65.7713
-73.5115 -73.5729 -73.7475 -72.4126 -72.5396 -72.9945 -73.1678 -76.5831 0.0000 -74.1369 -72.8332 -71.6753 -71.5616 -71.2660 -71.3468 -71.2004 -67.9408 -71.8323 -70.5054 -65.3200 -65.6049 -67.8838 -68.3003 -68.6281 -72.4476 -72.8027 -67.3727 -70.8871 -70.5422 -70.2524 -69.7653 -69.0930 -67.3692 -71.0623 -70.5865 -69.5485 -67.0406 -65.9833 -65.9946 -64.3761
-72.8869 -71.6571 -71.6494 -71.7477 -77.8488 0.0000 -72.5692 -75.5673 -75.2194 -71.3782 -71.4962 -70.3230 -71.3164 -72.5732 0.0000 -70.0579 -67.9554 -70.5242 -68.5840 -65.4484 -65.7000 -67.9895 -68.8932 -69.3475 0.0000 -70.8248 0.0000 0.0000 -69.6379 -73.9559 -77.8305 0.0000 -69.9791 -69.6782 -68.1980 -67.1612 -65.2118 -65.9607 0.0000 0.0000
-71.1682 -71.0719 -74.7382 -74.8519 -76.1185 -76.8902 -72.3149 -73.3400 -72.7962 -71.4234 -71.1414 -66.8244 -71.9568 -72.6173 0.0000 -69.5054 -68.1915 -69.8279 -65.5137 -65.7596 -68.0142 -68.4344 -68.8174 -69.2834 0.0000 -74.7114 0.0000 0.0000 -72.5703 -74.4841 -74.7241 -73.5472 -68.9898 -67.9081 -67.1024 -65.8731 -62.4080 -65.9925 0.0000 0.0000
-70.7402 -72.7666 -73.2099 -73.8577 -74.2795 -71.6526 -72.1270 -72.5803 -71.8785 -71.0410 -70.5813 -70.6432 -71.4193 -71.6944 -69.2339 -69.5062 -68.2234 -69.1180 -65.6425 -65.8743 -68.1020 -68.5022 -68.8868 -69.2312 -73.6863 -73.4070 -74.1819 -72.0816 -72.2567 -72.4684 -69.9583 -68.6300 -67.8076 -67.1663 -66.3534 -65.2212 -62.3649 -66.0314 -68.2203 -68.6670
-71.9358 -72.1898 -72.6416 -73.2728 -73.1508 -71.4187 -71.9526 -71.9359 -70.4417 -70.8526 -66.7256 -70.8188 -71.4296 -71.6457 -68.9487 -69.3616 -69.6372 -68.5776 -65.7798 -65.9966 -68.1974 -68.5854 -68.9246 -68.9622 -73.1424 -72.9205 -73.2893 -71.3779 -69.9509 -69.8452 -69.3670 -67.8000 -67.2052 -66.5723 -65.6851 -64.8198 -64.9059 -66.0847 -67.2464 0.0000
-71.5546 -71.8542 -72.3251 -72.9322 -70.9544 -71.4006 -72.0210 -71.5311 -70.3805 -70.6882 -66.8346 -70.9143 -71.4200 -73.3911 0.0000 -69.7121 -70.7042 0.0000 0.0000 -66.1254 -68.2725 -68.5794 -68.6206 -68.9799 0.0000 -72.4579 0.0000 0.0000 -69.5555 -69.3872 -67.8388 0.0000 -66.7396 -73.5902 0.0000 -62.6837 -65.1609 -66.1873 -68.2003 0.0000
-71.3379 -71.6809 -72.1479 -72.7087 -70.9751 -71.3716 -71.6831 -71.2699 -70.3321 -70.6042 -71.1585 -71.6710 -72.3697 -73.2618 0.0000 -69.7741 -70.4507 -76.3853 -71.1988 -66.1977 -68.3042 -68.3932 -68.6622 0.0000 -80.0251 -73.4228 -76.5179 -73.9618 -69.2496 -69.2404 -75.8296 0.0000 -70.9128 -73.6191 0.0000 -62.6814 -65.3939 -66.2818 -68.1447 0.0000
-71.2481 -71.6027 -72.0346 -70.7062 -71.0264 -71.3862 -71.4099 -70.0231 -70.5994 -67.0203 -71.2033 -71.7360 -72.3433 -73.1521 0.0000 -69.7702 -70.5244 -71.3409 -66.0836 -68.0725 -68.1585 -68.4348 -69.5856 -79.5012 0.0000 0.0000 -69.8613 -69.4713 -69.2759 -73.1684 -75.3019 0.0000 -71.3755 -70.5210 -68.0696 -64.8703 0.0000 -66.3917 -68.1434 0.0000
-71.2399 -71.5610 -71.9378 -70.7700 -71.0851 -71.5638 -71.4094 -70.2240 -70.5962 -70.9919 -71.2774 -71.7769 -72.7607 -73.0077 -78.2277 -69.3195 0.0000 0.0000 -66.1785 -67.9980 -68.2157 -68.4437 -69.7238 -76.5855 0.0000 0.0000 -68.4339 -69.4400 -72.3214 -73.4639 -74.2228 -70.9768 -69.7118 -68.2297 -66.7395 -67.2802 0.0000 0.0000 -67.9499 0.0000
-71.9287 -78.8415 0.0000 0.0000 -76.6742 0.0000 0.0000 -71.0526 0.0000 -71.0090 -71.3559 0.0000 0.0000 -75.1866 0.0000 0.0000 0.0000 0.0000 -66.2040 -68.0762 -68.2961 -69.3567 -69.6647 -74.7868 0.0000 0.0000 -71.3049 -71.8032 -72.4291 -70.7056 -70.2709 -69.1078 -73.6347 0.0000 0.0000 -67.2800 0.0000 0.0000 -67.7733 0.0000
-72.0138 -77.7689 0.0000 -79.1117 -76.6300 0.0000 -78.0102 -75.4565 0.0000 -70.9360 -72.4099 0.0000 0.0000 -75.7705 0.0000 0.0000 -75.7896 -76.6681 -66.2874 -68.1317 -69.0420 -69.2909 -69.5832 -73.4056 -77.7119 -78.0499 -71.5261 -70.4176 -70.0865 -69.7972 -68.8322 -72.2833 -75.0830 -76.5418 -76.7027 -67.3461 -73.2031 -75.8562 -67.5064 0.0000
-75.2114 -76.1436 -77.5127 -76.1209 -76.0332 -78.0363 -76.4995 -74.6684 -77.0673 -71.6431 -72.1583 -78.0185 -77.3245 -75.3519 -77.9387 -75.0483 -74.1806 -70.7856 -66.4006 -68.8317 -69.0567 -69.3026 -69.5954 -72.9454 -73.1728 -70.5932 -70.2029 -69.7961 -69.4276 -70.3606 -71.9477 -72.1094 -74.2518 -74.1375 -73.0820 -67.5413 -71.4981 -72.7410 -67.3707 -69.6603
-74.5478 -74.5829 -74.7616 -74.4980 -74.4341 -74.6663 -74.0658 -74.5904 -76.2033 -71.4118 -71.9118 -75.1513 -74.6915 -74.3601 -74.0893 -73.5684 -72.3135 -69.5365 -66.5339 -68.8837 -69.0873 -69.3369 -69.1610 -70.7102 -70.4112 -70.0457 -69.6771 -69.2525 -70.2209 -70.9985 -71.7005 -71.7545 -73.5815 -72.8832 -71.5566 -67.5575 -70.1140 -69.4598 -67.3581 -67.5703
-73.8436 -73.8495 -73.3445 -73.7142 -73.6413 -73.7182 -70.6699 -74.1836 -74.2840 -71.3443 -71.7220 -74.2112 -73.9086 -73.5361 -73.1173 -72.4186 -70.1590 -68.9446 -68.7543 -68.8602 -68.9736 -69.0771 -69.1338 -70.3062 -69.9765 -69.5917 -69.1861 -70.2033 -70.5741 -71.1040 -71.3711 -73.2721 -72.7080 -70.4705 -70.0788 -67.5104 -69.0887 -67.8150 -67.1302 -66.3770
-72.5891 -72.6158 -72.8178 -73.2340 -73.1399 -73.0511 -73.1885 -73.4787 -73.2719 -71.4105 -71.6390 -73.6672 -73.3242 -72.9249 -72.3735 -70.4529 -69.6918 -68.9947 -68.7566 -68.8784 -68.9787 -69.0675 -69.1385 -69.9771 -69.5834 -69.2359 -70.2409 -70.4382 -70.7127 -71.0184 -71.1134 -70.5043 -70.1570 -69.7886 -69.3554 -67.4492 -68.2443 -67.1692 -66.5474 -65.5163
-72.1382 -72.2149 -72.4792 -72.7399 -72.5478 -72.5265 -72.6855 -72.9863 -71.4681 -71.3505 -71.5500 -73.0954 -72.7418 -72.3364 -70.6908 -70.1249 -69.3918 -66.9549 -68.7830 -68.8858 -68.9682 -69.0420 -69.0851 -69.6259 -69.2856 -70.4174 -70.3913 -70.5376 -69.3635 -69.2837 -69.2330 -69.9409 -69.5753 -69.1563 -68.6693 -67.3602 -67.5346 -66.6665 -66.0583 -65.0953
-71.9179 -72.0745 0.0000 0.0000 -72.2949 0.0000 0.0000 -72.7445 -71.5761 0.0000 -71.5712 -72.7439 -72.4044 -70.9530 -70.4787 0.0000 -69.6442 -67.0942 -68.8352 -68.9240 -68.9949 -69.0479 -69.1129 -70.8733 -70.5964 -69.8636 -69.5770 0.0000 -69.2346 -69.1004 -69.8729 -69.5327 -69.1462 0.0000 -68.1699 -67.3295 0.0000 0.0000 -65.6767 0.0000
-71.7560 -72.8310 0.0000 0.0000 -74.4590 0.0000 0.0000 -73.8138 0.0000 0.0000 -72.9774 0.0000 0.0000 -77.8794 0.0000 0.0000 -70.5779 0.0000 -68.8345 -68.9045 -69.0153 -69.0744 -69.1600 -76.9167 0.0000 -70.7562 -77.1719 0.0000 0.0000 -68.9116 -69.4634 -73.0423 -76.5504 0.0000 -66.9883 -68.4230 0.0000 0.0000 -69.2448 0.0000
-72.0837 -76.4010 -77.4201 -76.7615 -73.5509 -77.2768 -77.5137 -73.1355 -77.3203 -77.5849 -72.5295 -78.0239 -78.1575 -77.2214 -78.8960 -79.3991 -74.3472 0.0000 -68.8629 -68.9244 -68.9616 -69.0060 -70.4718 -75.1756 0.0000 0.0000 -77.6455 0.0000 0.0000 -68.7207 -73.0366 -74.5593 -76.5852 0.0000 -67.7251 -68.4543 0.0000 0.0000 -69.3043 -70.5808
-72.2479 -77.6083 0.0000 -75.5954 -73.3041 -76.0090 -76.0607 -72.8195 -76.3973 -76.6181 -72.4397 -76.9155 -77.1625 -76.9587 -77.4165 -77.4431 -73.9344 -78.1673 -68.9051 -68.9407 -68.9692 -70.0694 -70.4006 -73.8477 -80.7581 0.0000 -76.2235 -73.1175 0.0000 -72.4755 -73.1544 -74.0243 -75.4405 -76.3289 -67.8067 -68.4996 -74.6346 -70.9630 -68.6141 -68.4907
-71.4419 -74.9031 -76.7336 -72.8581 -73.1346 -75.0089 -74.8623 -72.5981 -75.3937 -75.7774 -72.3523 -76.1174 -75.8618 -75.6715 -75.9529 -75.7208 -71.6850 -72.3188 -68.9121 -68.9442 -69.7382 -69.9345 -70.3233 -73.2917 -77.2944 -74.5517 -74.6356 -78.1548 0.0000 -72.6121 -73.0691 -73.8098 -73.9226 -72.2672 -67.9516 -68.6782 0.0000 0.0000 -67.7996 -67.0379
-74.3899 -74.5252 -73.3432 -72.1642 -72.5432 -73.6528 -73.8124 -72.0562 -73.9911 -74.2157 -71.7269 -74.2287 -74.0882 -73.6950 -73.6401 -72.6251 -71.5925 -71.9024 -68.9358 -69.6468 -69.7585 -69.8670 -70.0376 -72.1358 -70.2472 -73.0597 -73.2606 -73.5686 -73.4406 -72.3959 -72.7042 -72.5521 -72.0053 -70.8765 -67.6820 -68.0036 -72.0596 -68.3357 -67.2063 -66.2867
-75.5970 -75.8218 -74.4077 -73.3408 -73.8486 -74.8690 -75.2027 -73.2520 -75.5623 -75.9895 -72.9406 -76.1077 -75.8768 -75.4929 -72.5289 -72.2267 -71.5503 -71.8602 -70.4013 -70.5729 -70.7655 -70.9832 -71.3147 -74.5255 0.0000 -73.0329 -73.2404 -73.2802 -72.4276 -72.5161 -72.4302 -72.0089 -71.3721 -70.4471 -67.8093 -68.1087 -68.5003 -67.7663 -66.7853 -65.8782
-74.8934 -73.7924 -74.0075 -73.3441 -73.8132 -74.2033 -74.7064 -73.1703 -74.9918 -75.3371 -72.8573 -75.1317 -74.6047 -72.4079 -72.1938 -72.0160 -71.6241 -74.1848 -70.3892 -70.5353 -70.6998 -70.8915 -71.1971 -74.0724 0.0000 -73.1643 -73.1863 -72.4654 -74.8938 -74.9964 -74.5938 -74.0175 -73.1792 0.0000 0.0000 -68.1879 -68.1032 -67.4464 -66.7447 0.0000
-73.5735 -73.5602 -73.8303 -73.9082 -74.5841 0.0000 -74.3199 -73.0814 -74.5184 -74.7775 -72.8746 -74.3122 -72.4430 -72.1345 -71.9174 -71.7854 -74.5959 0.0000 -70.2815 -70.3983 -70.5982 -70.7690 -71.0550 -73.5705 -75.4091 -75.6244 -75.3053 -74.7633 -74.6366 -74.2671 -73.8283 -73.2804 -76.3539 0.0000 0.0000 -68.7965 -68.1054 -67.2959 -72.2216 0.0000
-73.7405 -73.8945 0.0000 0.0000 -74.6400 0.0000 0.0000 -73.8161 0.0000 0.0000 -74.0259 0.0000 0.0000 -77.2313 0.0000 0.0000 -74.3040 0.0000 -70.2540 -70.3524 -70.4699 -70.7234 -71.0730 0.0000 0.0000 -75.0867 0.0000 0.0000 0.0000 -73.5708 -74.0067 0.0000 -75.6799 0.0000 -76.7125 -69.4757 0.0000 -67.0062 -72.3303 0.0000
-73.3351 -73.5520 0.0000 0.0000 -74.7090 0.0000 0.0000 -73.7252 0.0000 0.0000 -74.0436 0.0000 0.0000 -79.1109 0.0000 0.0000 -74.1998 0.0000 -70.2368 -70.3160 -70.4268 -70.5905 -70.8922 -74.2639 0.0000 -75.2553 0.0000 0.0000 0.0000 0.0000 0.0000 0.0000 -75.0638 0.0000 -68.5785 -69.2444 -78.2234 -70.1388 0.0000 0.0000
-73.0334 -73.8975 -77.5243 -77.7989 -77.1357 -78.3156 -78.0480 -73.4436 -79.1741 -78.7500 -73.7952 -79.0623 -78.9531 -76.8657 -77.6384 -77.2656 -73.4681 -75.1368 -70.1849 -70.2582 -70.3707 -70.5499 -70.8548 -73.8848 -77.2585 -76.6209 -77.3633 -77.3051 -76.9328 -77.0357 -77.9941 -76.9610 -74.0711 -77.9334 -73.2989 -69.1374 -74.4066 -70.7127 0.0000 0.0000
-72.8167 -73.6111 -76.3125 -76.5370 -76.3162 -77.2516 -76.9752 -73.1830 -76.8031 -76.6932 -73.3792 -76.5438 -76.4236 -76.2212 -76.6134 -75.9785 -72.3586 -73.9453 -70.1567 -70.2334 -70.3573 -70.5519 -70.8658 -73.6578 -76.5867 -76.3000 -76.5026 -76.5376 -76.4455 -76.1873 -76.1969 -73.9836 -73.8847 -74.4386 -72.8346 -69.0326 -72.6813 -70.9595 -73.9624 -74.3050
-72.6842 -73.4366 -75.4526 -73.5481 -75.8050 -76.2312 -76.1808 -73.1136 -76.1473 -75.9951 -73.2674 -75.8290 -75.7020 -75.5493 -75.6677 -73.7872 -72.1037 -72.8229 -70.1153 -70.2345 -70.3745 -70.5818 -70.8980 -73.4685 -75.9557 -75.6833 -75.7139 -75.6599 -75.7124 -75.6838 -75.6242 -73.3392 -73.6503 -73.8947 -72.6474 -68.9586 -70.2324 -70.9749 -69.6906 -71.9399
-73.0088 -74.7083 -74.8376 -73.5770 -75.2945 -75.7124 -75.6702 -73.1149 -75.8531 -75.6396 -73.2381 -75.4621 -75.2403 -75.1049 -74.0016 -73.3569 -71.9502 -72.2766 -70.1310 -70.2333 -70.3951 -70.6657 -70.9220 -73.2765 -75.2838 -75.0018 -74.9302 -74.8121 -74.8025 -74.9536 -75.1590 -72.7972 -73.0484 -73.2188 -72.3559 -68.9767 -70.1135 -71.2902 -71.3689 -69.9386
-72.9287 -74.2473 -74.3865 -73.5868 -74.8830 -75.2668 -75.2403 -73.0959 -75.6051 -75.3705 -73.1825 -75.0187 -73.9463 -73.8164 -73.6727 -73.0701 -71.8454 -71.8956 -70.1798 -70.3023 -70.4823 -70.7633 -71.0294 -73.2628 -74.8933 -74.6168 -74.5006 -74.3805 -74.3889 -74.5878 -75.0026 -72.7138 -72.5479 -72.9066 -72.1583 -68.9530 -70.9936 -71.1339 -70.1922 -68.6558
-72.8917 -73.9196 -74.0824 -73.5845 -74.5708 -74.9133 -74.9046 -73.0763 -75.4156 -75.1596 -73.1275 -73.8669 -73.6747 -73.5677 -73.4117 -72.8613 -71.7584 -71.7276 -70.2325 -70.3799 -70.5633 -70.8473 -71.1101 -73.1614 -74.4670 -74.2020 -74.0616 -73.9568 -73.9938 -74.2205 -72.9097 -72.7840 -72.2477 -72.4024 -72.0594 -68.9755 -75.1468 0.0000 0.0000 0.0000
-72.9538 -73.8727 0.0000 0.0000 -75.9539 0.0000 -74.6235 -74.4084 0.0000 -75.2237 -74.7860 0.0000 0.0000 -76.3946 0.0000 0.0000 -73.8589 0.0000 0.0000 -70.4541 -70.6839 -70.9878 -71.2700 -73.1683 -74.2850 -74.5863 0.0000 -74.7924 0.0000 0.0000 -76.0020 0.0000 -72.2100 -72.1894 -71.7450 -68.9983 -74.8905 0.0000 0.0000 0.0000
