-76.2158 -75.8236 -73.6957 -65.4965 -73.4611 -73.9079 -74.4645 -75.0404 -75.9828 0.0000 0.0000 -72.8297 -74.7437 -75.0578 -76.0619 -76.8519 -81.2493 0.0000 -71.2477 -71.1149 -71.5016 -71.7370 -71.4479 -71.2736 -70.8060 -70.7381 -70.9389 -68.8328 -68.7308 -68.5914 -70.7563 -70.8000 -71.3278 -71.5109 -71.3303 -71.6218 -71.7707 -72.6377 -74.1180 -75.0636
-75.8824 -75.4035 -73.4807 -72.9611 -73.0951 -73.4023 -74.4537 -75.0076 -75.8844 0.0000 0.0000 -75.2496 -75.4414 -75.7064 -76.1805 -77.5990 -80.7301 0.0000 -71.5994 -70.7216 -71.4928 -69.5058 -69.3854 -69.1460 -70.7875 -70.8422 -71.2058 -71.2448 -71.3106 -71.3424 -71.3214 -71.3811 -71.8071 -71.5400 -71.1834 -71.0273 -70.5714 -70.4553 -69.6339 -70.4177
-75.5803 -75.1540 -73.3743 -72.9091 -72.9281 -73.1911 -73.4475 -73.6977 -73.9374 -77.5006 -77.0210 -74.9551 -74.9458 -74.9827 -75.8667 -77.3033 -80.3936 0.0000 -69.4823 -70.9772 -71.5872 -71.6422 -71.6194 -71.5540 -71.0565 -71.1084 -71.4854 -71.5300 -71.6042 -71.6304 -69.2260 -70.4893 -71.2637 -71.0951 -70.8277 -72.7785 -72.9035 -73.7980 -74.9668 -75.5678
-75.3032 -74.9161 -73.2546 -72.8315 -72.7528 -72.9697 -73.1764 -73.2782 -73.4230 -73.5422 -75.7135 -73.7622 -73.3428 -73.6429 -73.7796 -74.0585 -72.4813 -72.7653 -71.7683 -71.1596 -71.7690 -71.8366 -71.8239 -71.2026 -70.7506 -71.3508 -71.7852 -71.8812 -72.0003 -72.1351 -72.1987 -72.3392 -72.7658 -73.1719 -73.2791 -73.7142 -73.7067 -74.6366 -75.4700 -76.0848
-74.6380 -74.3631 -73.7308 -73.7293 -74.0865 0.0000 0.0000 0.0000 -72.6981 -72.7267 -73.1665 -71.8217 -72.0102 -71.9399 -72.0345 -72.2024 -71.9983 -71.8981 -71.9666 -71.3611 -72.0045 -72.0974 -72.1230 -72.1191 -71.6372 -71.7477 -72.2402 -72.3661 -72.5182 -72.6445 -72.6751 -72.5796 -73.1216 -73.2115 -73.0829 -72.9213 -72.3602 -72.3918 -70.8468 -69.5153
-76.6409 -76.3868 -74.4591 -74.1625 -74.0723 0.0000 0.0000 0.0000 -71.5535 -71.2137 -71.5275 -72.2168 -72.1619 -72.1091 -72.5331 -75.8694 -80.0791 0.0000 0.0000 -71.6413 -72.3221 -72.4233 -72.4462 -72.4453 -71.9425 -72.0099 -72.4821 -72.5791 -72.6753 -72.7765 -72.7793 -73.7952 -74.7289 0.0000 0.0000 -70.1345 -70.1239 -72.4882 -74.0301 -76.1636
-75.5955 -75.3863 -73.7680 -73.4948 -73.3566 -78.0817 -83.0525 0.0000 0.0000 0.0000 0.0000 -72.4533 -74.3093 -74.6597 -75.4897 -77.1308 -80.1032 0.0000 0.0000 -71.8298 -72.5056 -72.6076 0.0000 0.0000 -72.6001 -72.7458 -73.4106 -73.6928 -73.9697 0.0000 0.0000 -74.3195 -80.0219 0.0000 0.0000 -72.7236 -72.8424 -73.3848 -75.4037 -75.9588
-75.2762 -75.1086 -73.6692 -73.5083 -65.8227 -78.4194 -80.8674 0.0000 0.0000 0.0000 0.0000 -74.1123 -74.4774 -74.9316 -75.8750 -77.2685 -80.1374 0.0000 0.0000 -72.4901 -75.9096 -78.9937 0.0000 0.0000 -74.9367 -76.6989 0.0000 0.0000 -78.5013 0.0000 0.0000 -76.1586 -80.0535 0.0000 0.0000 -73.4342 -73.0957 -73.1098 -73.0792 -73.0350
-75.0905 -74.9674 -73.6132 -73.4870 -73.4154 -74.0332 -79.2093 0.0000 0.0000 -75.6502 -75.5665 -73.6177 -73.2976 -73.4863 -73.6318 -73.8698 -74.4017 -74.9501 -74.8453 -72.7133 -73.4710 -73.7299 -74.4600 -74.3687 -72.7611 -72.8939 -74.1698 -74.0828 -73.2738 -73.9349 -73.8508 -72.8785 -73.2444 -74.6013 -74.5040 -73.4193 -72.8786 -72.8632 -72.8012 -72.7254
-74.3109 -74.0997 -72.8553 -72.6036 -72.3560 -72.5022 -74.5807 -74.8619 -75.5098 -75.2096 -74.9510 -73.5334 -73.5057 -73.2960 -73.5718 -73.7972 -74.3004 -74.7086 -74.1127 -72.6677 -73.5794 -73.6139 -74.1932 -74.0212 -72.6543 -72.7549 -73.7336 -73.7377 -73.1487 -73.5422 -73.1493 -72.6501 -72.9387 -73.1394 -72.6510 -72.3268 -71.8620 -71.7716 -71.6840 -71.5843
-74.2658 -74.0564 -72.8428 -72.6047 -72.3710 -72.4500 -74.2502 -74.3957 -74.5274 -74.9412 -74.5415 -73.2724 -73.4627 -73.2148 -73.2000 -73.7245 -74.1987 -74.0928 -73.7910 -72.7422 -73.5039 -73.5041 -73.9641 -73.5589 -73.1779 -72.6574 -73.4127 -73.4348 -73.2749 -73.1992 -73.1088 -72.5271 -72.7775 -72.8736 -72.5236 -72.1184 -71.7214 -71.6293 -71.5246 -71.3942
-74.2131 -74.0138 -72.8291 -72.6031 -72.3796 -72.3709 -73.8766 -74.1320 -74.2614 -74.4416 -73.3271 -73.4856 -73.4108 -73.3275 -73.1192 -73.6429 -74.0083 -73.9083 -73.6606 -72.6970 -73.4181 -73.3970 -73.6025 -73.3554 -73.0875 -72.5598 -73.1598 -73.1146 -73.1017 -72.5413 -72.9358 -72.4004 -72.6050 -72.5952 -72.3911 -71.9677 -71.5794 -71.4779 -71.3487 -71.2051
-74.1623 -73.9720 -72.8145 -72.5990 -72.3485 -72.2666 -73.6765 -73.9090 -74.1469 -73.9079 -73.5208 -73.4313 -73.3576 -73.2716 -73.0269 -73.0259 -73.7241 -73.7040 -73.6901 -72.6427 -72.5558 -73.2922 -73.0857 -73.1816 -72.9898 -72.4625 -72.9517 -72.9202 -72.9027 -72.5216 -72.7604 -72.2725 -72.4104 -72.2818 -72.2097 -71.8174 -71.4370 -71.3165 -71.1732 -71.0369
-74.1130 -73.9305 -72.7988 -72.5576 -72.3416 -72.2183 -72.3265 -73.8075 -73.6613 -74.0072 -73.4675 -73.3767 -73.3032 -73.2021 -73.2691 -72.7648 -72.7828 -73.5789 -73.5867 -72.6003 -72.4903 -73.1877 -72.9855 -73.1161 -72.8903 -72.3553 -72.7715 -72.7057 -72.6009 -72.4128 -72.5949 -72.1404 -72.2371 -72.1198 -71.8559 -71.7075 -71.2909 -71.1526 -71.0140 -70.8324
-74.0650 -73.8624 -72.7489 -72.5403 -72.3322 -65.9312 -72.3069 -73.3834 -73.8374 -73.8469 -73.4139 -73.3374 -73.2388 -73.1559 -73.3013 -74.2963 -73.7440 -76.4300 -77.1540 -76.1053 0.0000 0.0000 -74.5653 -77.9465 -79.5363 0.0000 0.0000 -80.4704 0.0000 0.0000 -74.0359 -75.6493 -76.6175 -79.2010 0.0000 0.0000 -71.1384 -72.3364 -72.3804 -75.0750
-77.8608 0.0000 0.0000 0.0000 -73.0557 -66.0528 -73.7426 -76.8054 0.0000 0.0000 0.0000 0.0000 -75.1788 -75.2291 -75.5178 -77.4297 0.0000 0.0000 -78.3981 -76.7952 0.0000 0.0000 -78.0221 -78.8900 -79.7999 0.0000 0.0000 -80.4975 0.0000 0.0000 -77.1885 -77.0382 -76.6042 -81.2073 0.0000 0.0000 -74.3418 -75.1793 -75.2110 -76.5051
-77.9421 0.0000 0.0000 0.0000 -74.0582 -73.8201 -74.3885 -77.7247 0.0000 0.0000 0.0000 0.0000 -75.7223 -76.2344 -76.9336 -79.3143 0.0000 0.0000 -76.9752 -79.0170 -77.7587 0.0000 -78.8612 -79.1767 -79.5601 -88.1295 0.0000 -82.1821 0.0000 0.0000 -78.0356 -77.0738 -76.5601 -80.4460 0.0000 -76.4212 -75.4416 -75.6540 -75.8108 -78.2842
-77.2673 -80.5756 -80.2362 -77.9201 -74.0710 -74.1258 -74.3211 -76.7251 -81.4831 -81.4339 -81.3850 -78.8649 -76.0024 -76.1082 -76.9643 -77.8776 -86.7931 -81.5095 -79.9663 -79.1171 -77.6584 0.0000 -79.0601 -78.9425 -79.1778 -83.4108 -85.0807 -82.4155 -87.7472 0.0000 0.0000 -77.3263 -76.4834 -79.0394 -76.8111 -77.0111 -75.8095 -75.8134 -76.5122 -77.4328
-76.7458 -78.4249 -77.9965 -76.9847 -74.3625 -74.2451 -74.4282 -74.7287 -77.0697 -79.4509 -79.1819 -78.4305 -76.1209 -76.3273 -77.0181 -77.7743 -80.3280 -78.7153 -78.5636 -77.8992 -76.2857 -80.5074 -78.1071 -77.9072 -77.9605 -79.8907 -79.9501 -79.6094 -85.2544 0.0000 0.0000 -77.2235 -75.9589 -76.6247 -77.1850 -76.9039 -75.7920 -75.7120 -76.4618 -76.8994
-76.6162 -78.0536 -77.2149 -76.9530 -74.4645 -74.3312 -74.4203 -74.3419 -76.3686 -78.7508 -78.7221 -77.8739 -76.2725 -76.8983 -77.0130 -77.6231 -79.3387 -78.5669 -78.3630 -77.7231 -76.1526 -78.7115 -77.9321 -77.6851 -77.6575 -79.0667 -78.9688 -79.1469 -79.8259 -79.9723 -78.2819 -75.8452 -76.0316 -76.3657 -76.6141 -76.4478 -75.1839 -74.3740 -74.3966 -74.3329
0.0000 -78.1314 -78.1007 -77.5315 -75.1134 0.0000 0.0000 -75.2386 0.0000 0.0000 0.0000 0.0000 -77.2171 -78.2156 -78.4771 0.0000 0.0000 0.0000 -78.0589 -77.5385 -76.0167 -77.8962 -77.6771 -76.2681 -76.2074 -76.9899 -76.6161 -76.9827 -77.1236 -75.7898 -75.5795 -74.9120 -74.9968 -75.1741 -75.3418 -74.8917 -74.2109 -75.3107 -75.3774 -75.3397
0.0000 -78.4891 -78.0676 -77.4896 -75.2815 0.0000 0.0000 -75.5138 0.0000 0.0000 0.0000 0.0000 -77.3719 -77.9005 -78.0249 -85.4282 0.0000 0.0000 -80.0251 -80.0505 0.0000 0.0000 -76.3380 -76.1079 -76.0414 -76.4615 -77.6120 -77.8620 -77.0246 -76.7580 -76.9422 -76.1576 -76.2287 -76.4479 -76.5399 -76.0949 -75.4570 -75.4207 -75.4834 -75.4292
-83.7126 -77.9614 -77.5029 -76.9325 -76.5273 -80.6223 -81.2148 -75.0839 -80.0475 -81.2373 -81.6488 -80.6594 -77.3095 -77.7743 -77.8281 -81.1367 -81.9185 -82.0733 -79.2836 -77.8699 -79.6738 -79.5936 -77.3976 -77.1901 -77.0837 -77.4612 -78.1588 0.0000 0.0000 -77.1726 -77.1282 -76.3119 -76.2950 -76.3682 -76.1138 -76.0475 -75.4040 -73.8016 -73.6600 -73.5342
-78.3884 -77.9938 -77.5452 -77.0393 -76.7196 -79.6962 -81.5262 -75.3896 -75.7184 0.0000 0.0000 -79.1438 -76.7192 -77.0902 -77.0695 -79.1877 -79.3493 -78.1919 -78.8024 -78.5513 -80.6072 -80.7290 -78.4987 -78.4223 -78.2729 -78.1653 -82.1039 0.0000 0.0000 -77.1790 -77.1001 -77.1108 -77.1002 -77.1845 -74.9487 -75.0538 -74.3610 -74.3795 -74.3568 -77.0485
-78.1155 -77.7471 -77.3109 -77.1272 -76.4916 -75.3116 -79.7635 -74.7733 -74.9017 -78.9826 -80.9405 -79.6835 -77.3102 -77.7620 -77.8827 -80.8423 -83.7483 0.0000 -78.8755 -78.6547 -80.0258 -79.4570 -78.5377 -77.6467 -78.5391 -80.3234 -82.3104 0.0000 0.0000 -78.2142 -77.7250 -75.2515 -75.1656 -74.9416 -75.1549 -75.1006 -76.1562 -76.9360 -77.1566 -77.9016
-77.3886 -77.0670 -76.8316 -76.9270 -76.2947 -75.2041 -79.1927 -77.6503 -75.1997 -78.4478 -79.4027 -79.6453 -77.4391 -78.0191 -78.1758 -81.0348 -82.6052 0.0000 -77.4489 -77.2587 -77.8796 -77.6451 -76.6808 -76.9608 -76.8866 -77.3150 -77.5264 -78.6175 -76.1407 -75.4751 -75.2543 -74.5707 -74.4546 -74.2472 -76.0166 -76.1634 -75.7498 -75.7627 -75.7603 -75.6884
-76.9635 -76.6525 -76.3965 -75.9759 -75.5215 -74.5909 -77.4473 -76.6687 -74.5738 -76.5944 -77.2674 -77.6787 -76.3102 -76.5940 -76.5878 -77.9467 -78.1932 -78.8719 -77.1881 -77.0030 -76.9355 -77.1966 -76.7055 -76.5147 -76.3823 -75.3926 -76.2934 -76.5775 0.0000 0.0000 -74.9657 -74.3238 -75.5374 -75.8310 -75.9957 -76.1002 -75.3308 -75.1562 -73.7332 -73.5575
0.0000 0.0000 -77.2692 -77.0716 -76.6955 -75.7354 0.0000 0.0000 -75.6074 0.0000 0.0000 0.0000 -76.8077 -77.1199 -77.1654 -77.6761 -78.9943 -79.6496 -79.3463 -79.5437 -79.8789 0.0000 0.0000 -76.1159 -75.9992 -78.3790 -79.3315 -80.9701 0.0000 0.0000 -76.4341 -75.4706 0.0000 0.0000 0.0000 -74.3293 -73.7790 -74.9793 -77.1837 -78.3372
0.0000 0.0000 -77.5385 -77.1651 -76.7801 -75.8764 0.0000 0.0000 -75.7655 0.0000 0.0000 0.0000 -77.3947 -78.0869 -78.4431 -79.5311 -82.6163 0.0000 0.0000 -79.9589 0.0000 0.0000 0.0000 -78.0735 -78.2458 -78.8217 -80.0474 -81.7168 0.0000 0.0000 -78.5587 -79.2126 0.0000 0.0000 0.0000 -75.9948 -76.4024 -76.9517 -77.6742 -78.2440
0.0000 0.0000 -77.1983 -76.9134 -76.7575 -75.9349 0.0000 0.0000 -75.6762 0.0000 0.0000 0.0000 -77.5045 -77.9749 -78.2821 -79.1385 -81.7164 0.0000 0.0000 -80.0767 0.0000 0.0000 0.0000 -78.1201 -78.1788 -78.6392 -80.0454 -83.2271 0.0000 0.0000 -79.6853 -79.7861 0.0000 0.0000 0.0000 -77.4090 -76.7438 -77.2308 -77.7913 -78.2052
-79.6924 -79.6129 -75.9547 -75.6637 -75.3444 -74.6225 -79.2648 -79.1619 -74.4663 -74.5885 -78.8125 -78.6271 -76.1785 -76.4219 -76.5186 -76.8186 -77.6678 -78.4556 -78.3780 -76.8753 -76.9041 -78.1656 -78.0968 -76.5925 -76.3158 -76.5378 -76.7242 -77.2910 -77.8231 -77.7289 -76.4622 -76.1646 -77.2456 -77.3428 -77.3028 -76.2213 -75.3469 -75.2753 -75.1995 -75.1219
-79.2751 -78.6153 -75.8869 -75.6180 -75.3174 -74.6296 -78.1878 -78.5199 -76.4489 -74.5213 -77.6877 -78.0332 -76.1376 -76.3732 -76.4915 -76.7593 -77.5367 -78.1248 -78.0370 -76.7896 -75.5997 -77.8225 -77.7242 -76.3583 -76.3541 -76.5997 -76.5696 -76.5207 -77.2765 -77.1471 -76.6017 -76.0206 -76.8646 -77.0102 -76.9075 -76.0275 -75.1867 -75.1048 -75.0107 -74.9200
-78.2806 -77.8656 -75.8656 -75.5751 -75.3221 -74.6349 -77.2861 -77.7924 -76.3813 -74.4833 -76.7796 -77.4041 -76.0957 -76.3236 -76.4618 -76.6889 -77.4062 -77.4675 -77.8047 -76.7028 -75.5116 -77.4186 -77.3406 -76.3792 -76.2334 -76.4521 -76.4043 -76.3299 -76.7383 -76.7558 -76.4522 -75.8750 -76.5650 -76.6486 -76.4634 -75.8259 -75.0160 -74.9221 -74.8227 -73.9911
-78.0351 -77.5543 -75.8119 -75.5349 -75.3422 -74.6386 -76.7946 -77.3610 -76.3335 -74.4497 -76.2539 -76.6625 -76.0528 -76.2730 -76.4103 -76.6148 -77.2809 -77.3076 -77.5829 -76.6077 -75.4421 -77.0021 -77.1135 -76.2575 -76.1092 -76.3037 -76.2376 -76.1399 -76.2509 -76.5944 -76.2744 -75.7285 -76.2951 -76.3507 -76.1591 -75.6280 -74.8475 -74.7431 -73.9514 -72.6045
-77.9304 -76.0062 -75.7618 -75.4971 -75.3622 -74.6329 -76.4884 -77.0927 -76.2884 -74.4116 -75.8805 -76.1404 -76.0090 -76.2214 -76.3557 -76.5380 -77.1115 -77.1652 -77.3808 -76.5057 -75.3608 -76.6848 -76.9417 -76.1357 -75.9846 -76.1555 -76.0731 -75.9603 -76.3087 -76.3879 -76.0988 -75.5702 -76.0674 -76.0943 -75.9028 -75.4313 -74.6798 -73.9403 -72.6652 -74.1532
-77.6636 -75.9488 -75.7153 -75.4619 -75.3709 -74.6338 -74.6003 -76.8239 -76.2387 -74.3764 -75.6787 -76.0103 -75.9643 -76.1673 -76.2951 -76.4608 -76.9457 -76.9954 -77.0089 -76.3968 -75.2541 -76.4453 -76.6575 -76.0146 -75.8605 -76.0090 -75.9139 -75.6202 -75.7595 -76.1244 -75.9294 -75.4221 -75.8564 -75.8569 -75.6679 -74.7136 -73.9522 -72.7278 -74.1451 -74.1136
0.0000 -75.8935 -75.6595 -75.4165 -76.1906 -74.6333 -74.5038 -76.5961 -76.1903 -74.3437 -74.3672 -75.8969 -76.7157 -77.7898 -78.4973 -79.6073 0.0000 0.0000 -79.4285 -78.3880 -78.8288 -79.9946 -81.8721 0.0000 0.0000 0.0000 -75.7651 -75.7582 -77.0303 -80.7524 -82.1790 0.0000 0.0000 0.0000 0.0000 -73.3135 -72.7957 -74.1580 -74.0657 -73.9163
0.0000 -76.4059 -76.6916 -76.5442 -77.8910 -77.9680 -76.2112 0.0000 0.0000 -77.7213 0.0000 0.0000 -77.8849 -78.2905 -79.0709 -80.3656 0.0000 0.0000 -80.8569 -79.3128 -79.7191 -80.5532 -81.5502 0.0000 0.0000 0.0000 -78.2047 -79.0023 -79.5756 -81.4882 -81.8034 0.0000 0.0000 0.0000 0.0000 -73.9622 -75.2019 -75.2373 -76.0776 -76.6661
0.0000 -77.1579 -77.0271 -76.8927 -78.3354 -78.2660 -76.2605 0.0000 0.0000 -80.4893 0.0000 0.0000 -78.2958 -78.5467 -79.3171 -80.2649 0.0000 0.0000 -79.3784 -79.6352 -79.9239 -80.4659 -81.4925 0.0000 0.0000 0.0000 -78.8394 -79.2070 -79.6665 -81.0702 -81.4890 -86.7331 0.0000 0.0000 0.0000 -76.2108 -75.7684 -76.1189 -76.5415 -78.6733
0.0000 0.0000 -77.1298 -76.9972 -78.4917 -78.3762 -76.3113 0.0000 0.0000 -80.2223 0.0000 0.0000 -78.4599 -78.5971 -79.2950 -80.1701 0.0000 0.0000 -79.6068 -79.6716 -79.5558 -79.6252 -80.1110 -83.4244 -83.8002 -80.4287 -78.9192 -79.2670 -79.6857 -80.7683 -81.4385 -84.1279 0.0000 0.0000 0.0000 -76.6809 -76.0272 -76.4020 -77.8132 -78.5495
