-65.0916 -65.3026 -65.5070 -65.8799 -66.1961 -66.5019 -66.7984 -66.3217 -66.0823 -65.8439 0.0000 0.0000 0.0000 0.0000 0.0000 0.0000 0.0000 0.0000 0.0000 0.0000 0.0000 0.0000 0.0000 0.0000 0.0000 0.0000 0.0000 -75.0266 -72.6794 0.0000 0.0000 -77.0998 -73.7042 -72.8817 -72.0838 -72.4497 -75.3950 -76.7223 -76.2389 -74.9038
-65.3213 -65.3467 -65.5507 -65.8699 -66.1720 -66.4629 -66.7434 -66.8489 -66.0406 -65.9477 0.0000 0.0000 0.0000 0.0000 0.0000 0.0000 0.0000 0.0000 0.0000 0.0000 0.0000 0.0000 0.0000 0.0000 0.0000 0.0000 0.0000 -75.1001 -72.7563 0.0000 0.0000 -76.4192 -73.6278 -72.8877 -72.1728 -72.3180 -74.3401 -75.3193 -75.1172 -74.1689
-65.4323 -63.2706 -65.5871 -65.8684 -66.1542 -66.2863 -66.5646 -66.8336 -66.3090 -66.2102 -71.1113 -75.3164 -75.3992 -75.5158 -75.6278 0.0000 0.0000 0.0000 0.0000 0.0000 0.0000 0.0000 0.0000 0.0000 0.0000 0.0000 0.0000 -75.1730 -72.8322 -79.5344 -81.5982 -76.1727 -73.5754 -72.9003 -72.2491 -70.0053 -73.6466 -74.3309 -74.4556 -73.6655
-65.5227 -63.3532 -65.4855 -65.7397 -66.0233 -66.3004 -66.7542 -67.0252 -66.4289 -66.3276 -66.2285 -71.3059 -72.5894 -73.5582 -73.8246 0.0000 0.0000 0.0000 0.0000 0.0000 0.0000 0.0000 0.0000 0.0000 0.0000 0.0000 0.0000 -75.2456 -72.9070 -76.5599 -79.1135 -74.1851 -73.5387 -72.9161 -72.3158 -70.0517 -73.0008 -73.7884 -74.0362 -73.3087
-65.2591 -63.2331 -65.5501 -65.7402 -66.2243 -66.5021 -66.7708 -67.0315 -66.5498 -66.4474 -66.3637 -71.3270 -71.4561 -72.2877 -72.7788 -73.6753 -73.7968 -73.9866 0.0000 0.0000 0.0000 0.0000 0.0000 0.0000 0.0000 0.0000 0.0000 -75.3158 -72.9808 -72.7648 -77.9666 -74.0969 -73.5103 -72.9321 -72.3736 -70.0089 -72.2905 -73.3789 -73.7066 -73.2424
-65.3777 -63.4291 -65.5715 -65.7658 -66.2672 -66.5340 -66.7911 -67.0433 -66.7511 -66.6510 -66.5385 -70.0612 -71.5923 -71.6031 -72.1535 -72.4477 -72.6658 0.0000 0.0000 0.0000 0.0000 0.0000 0.0000 0.0000 0.0000 0.0000 0.0000 -75.3824 -73.0500 -72.8359 -77.1926 -74.0242 -73.4708 -72.9444 -72.2668 -70.0517 -72.1882 -72.7508 -74.1248 -73.4754
-65.6730 -63.5374 -65.6516 -65.9135 -66.1708 -66.6487 -66.9007 -67.1344 -66.8595 -66.7435 -66.6313 -69.3049 -70.6692 -71.5468 -71.6473 -72.0470 -72.3169 0.0000 0.0000 0.0000 0.0000 0.0000 0.0000 0.0000 0.0000 0.0000 0.0000 -75.4431 -73.1116 -72.9002 -76.8722 -73.9594 -73.4333 -72.9368 -72.3009 -71.8666 -71.8470 -72.4857 0.0000 0.0000
0.0000 -66.1745 -65.8411 -66.0068 -66.2084 -66.4388 -66.6675 -67.1388 -66.9888 -66.7993 -66.6897 -68.9448 -70.1075 -70.9689 -71.5800 -71.6820 -71.9893 0.0000 0.0000 0.0000 0.0000 0.0000 0.0000 0.0000 0.0000 0.0000 0.0000 -75.5115 -73.1674 -72.9553 -76.0836 -73.8933 -73.3910 -72.7407 -72.3274 -71.6724 -71.7451 -72.4316 0.0000 0.0000
0.0000 -69.3572 -64.0427 -66.0365 -66.2106 -66.4409 -66.6554 -66.8568 -66.8565 -66.8748 -66.7675 -68.7290 -69.7246 -70.2460 -70.8445 -71.3024 -71.4208 0.0000 0.0000 0.0000 0.0000 0.0000 0.0000 0.0000 0.0000 0.0000 0.0000 -75.5616 -73.2178 -72.9970 -74.3793 -73.8143 -73.1336 -72.7164 -72.0619 -71.6764 -70.1824 -72.4980 -79.6460 -79.6598
0.0000 -69.4371 -64.0736 -66.4007 -66.4851 -66.4233 -66.6285 -66.8339 -66.9536 -66.6104 -66.7264 -66.6393 -69.2801 -70.0007 -70.5847 -71.0528 -71.4313 -71.5489 0.0000 0.0000 0.0000 0.0000 0.0000 0.0000 0.0000 0.0000 0.0000 -75.6115 -73.2731 -73.0218 -74.2446 -73.4980 -73.0799 -72.3830 -72.0288 -72.3381 -70.3359 -72.5415 0.0000 -79.3392
0.0000 -69.5164 -64.1308 -66.3925 -66.4984 -66.5469 -66.4919 -66.7036 -66.9113 -66.7135 -66.6365 -66.5635 -69.1580 -69.8212 -70.3839 -70.8699 -71.2583 -71.5772 0.0000 0.0000 0.0000 0.0000 0.0000 0.0000 0.0000 0.0000 0.0000 -75.6676 -73.3067 -73.0285 -73.8573 -73.4256 -72.6913 -72.3180 -72.0267 0.0000 0.0000 0.0000 0.0000 -77.9184
-74.3048 -68.7440 -64.0167 -66.2103 -66.3791 -66.5944 -66.8047 -66.9844 -66.9386 -66.8163 -66.7398 -66.6644 -68.7877 -69.3657 -70.2384 -70.6954 -71.0843 -71.4134 0.0000 0.0000 0.0000 0.0000 0.0000 0.0000 0.0000 0.0000 0.0000 -75.7114 -73.3214 -72.8069 -73.7702 -72.9472 -72.6152 -72.2988 0.0000 0.0000 0.0000 0.0000 0.0000 -76.1736
-73.2350 -68.7871 -64.0910 -66.2436 -66.4090 -66.6058 -66.8243 -67.0417 -67.2338 -66.9255 -66.8489 -66.7733 -68.7488 -69.2765 -69.7523 -70.5532 -70.9375 -71.2701 0.0000 0.0000 0.0000 0.0000 0.0000 0.0000 0.0000 0.0000 0.0000 -75.7599 -73.0342 -72.8038 -73.2110 -72.7391 -72.4645 -72.1948 0.0000 0.0000 0.0000 -82.6947 -76.8605 -74.4240
-72.1251 -68.8106 -64.1605 -66.2737 -66.4357 -66.6063 -66.8354 -67.0466 -67.2556 -67.2799 -67.1959 -66.8753 -68.7314 -69.2176 -69.6655 -70.0644 -70.4262 -71.1453 0.0000 0.0000 0.0000 -82.1285 -81.0973 -80.2359 -79.5591 -78.9253 -78.4714 -74.3890 -72.2938 -72.1455 -72.8849 -72.6538 -72.3998 -72.1499 -76.2220 -76.1194 -76.0266 -75.7306 -75.1952 -73.6368
-72.0453 -68.8486 -66.2395 -66.3077 -66.4701 -66.6300 -66.8408 -67.0465 -67.2505 -67.3456 -67.2728 -67.1985 -68.7290 -69.1807 -69.5986 -69.9842 -70.3294 -70.6424 -71.2005 -77.1829 -77.2408 -77.3051 -77.3687 -77.4378 -77.5000 -77.5615 -77.3948 -73.7623 -72.2199 -72.0892 -72.7808 -72.5606 -72.3264 -72.0956 -75.4119 -75.6873 -75.4979 -75.2155 -73.9919 -73.4017
-71.2592 -68.9058 -68.2185 -64.2748 -66.4935 -66.6537 -66.8478 -67.0496 -67.3629 -67.5471 -67.4504 -67.3752 -69.1911 -69.6531 -69.6907 -70.1223 -70.4699 -70.8195 -71.1106 -72.9369 -75.0894 -75.8781 -76.3226 -76.6144 -76.8282 -76.8917 -75.9703 -73.6352 -72.1619 -72.0353 -72.6817 -72.4710 -72.2541 -72.0406 -74.6449 -75.1069 -75.0669 -74.7947 -73.7134 -71.9711
-71.0933 -69.1455 -68.5083 -64.4100 -66.6321 -66.7832 -66.9637 -67.1658 -67.3627 -67.5556 -67.5111 -67.4254 -67.3424 -69.5595 -70.0477 -70.1048 -70.4443 -70.7570 -71.0455 -71.3071 -73.0652 -73.6068 -75.2720 -75.7564 -75.9837 -75.3737 -75.4388 -73.5520 -72.1162 -71.9889 -72.5917 -72.3869 -72.1837 -71.9847 -74.1438 -74.5924 -74.6832 -73.7805 -73.4684 -71.8827
-70.7683 -69.2204 -68.6391 -64.4866 -66.6698 -66.8184 -66.9798 -67.1707 -67.3586 -67.5428 -67.5522 -67.4696 -67.3902 -69.5623 -69.9960 -70.3888 -70.7644 -70.7100 -70.9912 -71.2500 -71.4876 -73.1886 -73.5861 -73.7494 -74.5095 -74.7374 -74.9080 -73.4321 -72.0914 -71.9596 -72.5201 -72.3164 -72.1217 -71.9332 -73.4211 -74.1848 -74.4334 -73.5076 -73.2507 -71.8012
-70.5747 -69.3147 -68.7736 -64.5678 -66.7158 -66.8572 -66.9998 -67.1845 -67.3520 -67.5199 -67.5921 -67.5130 -67.5225 -69.5703 -69.9563 -70.3281 -70.6877 -71.0263 -70.9741 -71.2300 -71.4670 -71.6883 -73.1989 -72.9462 -73.1007 -74.2293 -74.4125 -73.2634 -72.0269 -71.9510 -72.4733 -72.2665 -72.0788 -71.8959 -73.2365 -73.8715 -74.1020 -73.2864 -73.0590 -72.6024
0.0000 0.0000 -69.5737 -64.6820 -66.8006 -66.9185 -67.0380 -67.1906 -67.3483 -67.5088 -67.6376 0.0000 0.0000 0.0000 -70.8360 -70.6975 0.0000 0.0000 0.0000 -72.0249 -71.4983 -71.5168 -72.4227 -72.6884 -72.8743 -73.0050 -73.1085 -73.1149 -71.9317 -71.8861 -72.4492 -72.2432 -72.0527 -71.8712 -73.1048 -73.6353 -73.3000 -73.1002 0.0000 0.0000
0.0000 0.0000 -69.6745 -67.0507 -67.0546 -66.9561 -67.0671 -67.1992 -67.3543 -67.5072 -67.6597 0.0000 0.0000 0.0000 -74.5685 -71.0733 0.0000 0.0000 0.0000 -72.6186 -71.8883 -71.0774 -71.2283 -72.4530 -72.6584 -72.8100 -72.9218 -72.3046 -71.2839 -71.8152 -72.3538 -72.2255 -72.0502 -71.8690 -73.0232 -73.4688 -73.1515 -72.9798 0.0000 0.0000
0.0000 0.0000 -69.7588 -67.1277 -67.1246 -67.2081 -67.3029 -67.2264 -67.3711 -67.5188 -67.6710 -67.7242 0.0000 0.0000 -74.6332 -71.0507 -79.1982 0.0000 0.0000 -75.4572 -71.8511 -71.9209 -71.8369 -71.2681 -72.4569 -72.6223 -72.7490 -72.2985 -71.2906 -71.2170 -72.2675 -72.1333 -72.0202 -71.8738 -72.9654 -73.3438 -72.1414 -72.8091 -74.5918 -74.6575
-76.9158 -76.4679 -69.7801 -69.3133 -65.0222 -67.2823 -67.3710 -67.4564 -67.4035 -67.5472 -67.6962 -67.7600 0.0000 0.0000 -74.6809 -70.9984 -71.2037 -77.0211 -75.5641 -74.6898 -71.4976 -71.6634 -71.9399 -71.8652 -71.2956 -72.4443 -72.5816 -72.2615 -71.2973 -71.2262 -71.1571 -71.4868 -71.9529 -71.0957 -72.0479 -72.2840 -72.1666 -72.8568 -73.4513 -72.8117
-75.8796 -75.1555 -69.9636 -69.4856 -65.1173 -67.3639 -67.4495 -67.5384 -67.6595 -67.7918 -67.7352 -67.8482 0.0000 0.0000 -74.7075 -70.9700 -71.0937 -74.2587 -75.0080 -74.4988 -73.4027 -71.4819 -71.6313 -71.7755 -71.8827 -73.0014 -72.4254 -72.2114 -71.2838 -71.2300 -71.1635 -70.7783 -70.7222 -70.6674 -72.0711 -72.1919 -72.1744 -72.8830 -72.6010 -72.5515
0.0000 -74.9158 -70.0504 -69.6190 -65.2043 -67.4343 -67.5260 -67.6211 -67.7392 -67.8736 -68.0119 0.0000 0.0000 0.0000 -74.7433 -73.1915 -70.5756 -72.9182 -73.9670 -74.3390 -73.5248 -71.3222 -71.4598 -71.5953 -71.7315 -71.8628 -73.0124 -72.1568 -71.2558 -70.5618 -70.5545 -70.8553 -70.8007 -70.7152 -71.5038 -71.5784 -72.2339 -72.6679 -72.4723 -73.2811
0.0000 -74.4744 -70.1810 -69.7360 -65.2906 -67.5045 -67.6024 -67.7023 -67.8159 -67.9494 -68.0667 0.0000 0.0000 0.0000 -74.7837 -72.5111 -70.5000 -72.2300 -73.2017 -73.7124 -73.5541 -72.8989 -71.3123 -71.4400 -71.5638 -71.6861 -71.0089 -71.8800 -71.0530 -70.6277 -70.6392 -70.9041 -70.8521 -70.7962 -71.5766 -71.6296 -72.0651 -73.4107 -73.9885 -73.5055
0.0000 -74.2230 -70.2862 -69.8775 -65.3780 -67.5781 -67.6797 -67.7840 -67.8796 -67.9935 -68.1058 -72.4980 -75.5261 -75.4478 -73.3276 -72.5554 -70.4315 -70.5736 -72.6629 -73.1846 -73.4893 -72.9979 -72.4734 -71.3045 -70.6653 -70.8185 -70.9717 -71.8924 -71.0955 -71.1232 -70.6861 -70.9832 -70.9326 -70.8784 -72.4168 -72.4618 0.0000 0.0000 0.0000 0.0000
0.0000 -74.0798 -70.3950 -70.0074 -67.6059 -67.6520 -67.7526 -67.8409 -67.9204 -68.0305 -68.0338 -68.1258 -72.3850 -73.5488 -73.1940 -72.5514 -70.3737 -70.4914 -72.2679 -72.7608 -73.0850 -73.0468 -71.6314 -70.5279 -70.6742 -70.7894 -70.9324 -71.0766 -71.1254 -71.1564 -71.1844 -72.3092 -71.6949 -71.6324 -72.5400 -72.6852 0.0000 0.0000 0.0000 0.0000
0.0000 -73.9526 -70.5064 -70.1405 -67.7088 -65.5020 -67.8018 -67.8482 -67.9574 -68.0649 -68.0357 -68.1212 -71.4626 -72.2399 -72.5998 -72.5065 -71.9404 -70.4038 -71.9522 -71.4099 -71.7456 -72.0148 -71.8129 -71.5717 -70.6713 -70.8087 -70.9443 -71.0788 -71.6584 -71.9410 -71.9727 -72.3996 -72.3418 -71.8107 -72.7297 -72.8665 -76.7980 -76.8820 -76.9625 -77.0397
0.0000 0.0000 0.0000 0.0000 -67.7973 -65.5777 -67.8506 -67.8870 -67.9925 -67.9465 -68.0247 -68.1029 -70.8148 -71.5728 -72.0701 -72.0591 -71.9308 -69.6553 -69.8292 -71.3349 -71.6459 -71.9228 -72.0129 -71.8032 -70.7085 -70.8413 -71.7109 -71.8696 -71.7772 -71.7993 -72.1282 -72.5528 -72.4983 -72.4284 -73.4883 -72.9855 -74.2633 -74.6441 -76.1858 -75.9532
0.0000 0.0000 0.0000 0.0000 -69.9990 -65.6539 -67.8986 -67.9271 -67.8574 -67.9255 -67.9960 -68.0686 -68.1472 -71.0306 -71.5290 -70.9733 -70.8325 -69.6871 -69.8562 -71.2683 -71.6063 -71.8866 -72.1176 -73.0249 -72.7958 -71.6610 -71.8737 -72.0226 -71.9651 -71.9777 -72.2415 -72.6509 -72.6069 -72.5283 -73.5783 -73.7277 -74.3221 -74.2854 -74.1556 -75.0143
0.0000 0.0000 0.0000 0.0000 -70.1127 -65.7303 -67.9484 -67.7704 -67.8241 -67.8822 -67.9447 -68.0131 -68.0884 -69.8942 -70.3747 -70.7862 -70.9660 -69.6101 -69.7695 -71.2514 -72.5387 -72.9231 -73.2466 -73.4825 -73.2475 -71.8397 -71.9862 -72.1262 -72.1096 -72.1119 -72.1099 -72.7654 -72.7206 -72.6418 -73.6837 -73.8162 -75.0981 -75.0097 -74.0307 -73.6249
0.0000 0.0000 0.0000 0.0000 -70.2246 -65.8082 -67.7640 -67.7164 -67.7563 -67.8059 -67.4281 -67.5467 -67.6772 -69.7461 -70.2413 -70.6540 -70.9998 -71.7808 -70.5222 -70.8017 -72.7882 -73.1561 -73.4710 -73.7386 -73.6276 -73.3791 -72.1004 -72.2324 -72.2581 -72.2485 -72.2408 -72.6056 -72.8370 -72.7685 -73.8069 -73.9217 -75.0286 -74.8892 -74.6352 -73.5703
0.0000 0.0000 0.0000 0.0000 -70.3397 -65.7092 -67.6636 -67.5958 -67.2317 -67.3526 -67.4843 -67.6146 -67.7430 -69.6674 -70.1388 -71.5486 -72.0410 -72.3185 -70.7925 -70.9855 -72.7387 -73.2798 -73.5800 -73.8394 -73.9712 -73.7173 -72.2029 -72.3291 -72.3996 -72.3834 -72.3662 -72.7264 -72.6730 -72.8935 -73.9399 -74.0392 -74.1367 -74.8089 -74.5400 -74.1443
0.0000 0.0000 0.0000 0.0000 -69.8786 -67.5346 -67.0976 -67.1609 -67.2935 -67.4244 -67.5542 -67.6861 -68.5353 -68.6611 -71.2598 -71.7430 -72.1679 -72.5421 -70.9830 -71.1498 -72.8791 -73.2129 -73.6806 -73.9315 -74.1496 -74.0477 -73.7974 -72.4217 -72.5382 -72.5168 -72.4946 -72.8488 -72.7906 -73.0115 -74.0831 -74.1697 -74.2543 -74.7715 -74.4993 -73.0853
-80.4997 -77.2487 -72.7624 -72.1703 -68.8110 -67.1304 -65.3578 -67.2376 -67.3680 -67.4968 -67.6247 0.0000 0.0000 -69.1377 -71.4943 -71.7521 -72.7878 -73.0919 -71.4876 -71.5993 -71.4736 -73.3488 -73.6381 -73.9039 -74.2617 -74.3857 -74.1236 -72.5197 -72.6378 -72.6614 0.0000 0.0000 0.0000 -73.5461 -74.2595 -74.3146 -74.3886 -74.7744 -74.5038 -73.1367
-72.5957 -72.7345 -72.2215 -71.7759 -68.9399 -67.2385 -65.4479 -67.3151 -67.4433 -67.5699 -67.6956 0.0000 0.0000 -73.0905 -71.3486 -71.3791 0.0000 0.0000 0.0000 -72.0117 -71.7099 0.0000 0.0000 0.0000 -75.2574 -75.4248 0.0000 0.0000 -75.1885 -73.3809 0.0000 0.0000 0.0000 -73.9303 -74.6358 -74.9993 -75.4777 -75.6395 -75.2184 -73.6390
-72.7748 -72.2827 -72.0799 -71.6037 -69.0690 -67.4019 -65.5388 -67.3932 -67.5190 -67.6433 -67.7669 0.0000 0.0000 -73.1507 -68.9441 -70.0631 0.0000 0.0000 0.0000 -72.0690 -71.8861 0.0000 0.0000 0.0000 -80.0428 -75.1033 0.0000 0.0000 -75.2716 -74.1085 0.0000 0.0000 0.0000 -74.8402 -74.7964 0.0000 0.0000 0.0000 0.0000 -74.1937
-72.3538 -72.2431 -71.9951 -71.5461 -70.8327 -67.5132 -65.6295 -67.4717 -67.5950 -67.6874 -67.7616 -73.0743 -72.9883 -70.6889 -68.1219 -69.9477 -73.1091 -75.4411 -75.8733 -73.7787 -71.3576 -76.6202 -76.7560 -76.8679 -76.4993 -74.1524 -74.0493 -77.9233 -75.1068 -73.5145 -77.9806 -77.9201 -77.2357 -73.6943 -74.6668 0.0000 0.0000 0.0000 0.0000 -75.3726
-72.0944 -72.2400 -71.8665 -71.4603 -70.8917 -67.6176 -65.7194 -67.5154 -67.5861 -67.6586 -67.7301 -71.3242 -72.1264 -70.5961 -69.6551 -71.2461 -72.7995 -75.9118 -75.9004 -74.2931 -71.5860 -75.3777 -76.3773 -76.7535 -76.7883 -76.6393 -73.9850 -76.1115 -74.9139 -73.5079 -75.4558 -76.9443 -76.3771 0.0000 0.0000 0.0000 0.0000 0.0000 0.0000 -75.3491
