-70.9865 -70.9449 -70.9003 -70.8608 -70.8089 -70.7564 -70.7013 -70.6437 -71.0744 -71.0297 -69.6192 -69.5995 -67.9038 -69.5772 -69.6693 -72.0355 -72.4405 -72.8197 -73.1609 -73.4706 -75.3221 -73.6506 -73.6275 -73.4931 -73.3535 -73.2061 -73.0533 -73.0665 -73.2032 -74.8361 -75.0336 -76.7151 -76.9787 -77.1814 -77.9775 -78.1731 -78.6036 -78.5026 -78.1335 -77.6892
-70.9667 -70.9369 -70.8964 -70.8527 -70.8038 -71.3263 -71.2998 -71.2615 -71.2144 -71.1589 -69.7149 -69.6942 -67.9807 -67.9819 -69.7700 -71.6239 -72.0363 -72.9091 -73.2511 -73.5529 -73.8246 -73.4613 -73.7156 -73.5755 -73.4322 -73.2144 -73.1912 -71.3719 -73.2473 -73.3666 -75.0494 -76.6665 -76.9166 -77.1136 -77.9947 -78.0315 -78.0022 -77.8842 -77.5604 -77.5086
-71.4878 -71.5575 -71.5805 -71.5726 -71.5439 -71.5059 -71.5251 -71.4696 -71.3707 -71.3015 -69.8252 -69.8414 -69.8103 -68.0819 -69.8317 -71.6789 -72.0229 -72.3500 -72.6321 -73.4872 -73.7464 -73.5282 -73.3941 -73.1989 -73.5787 -73.4460 -73.3080 -71.4182 -73.2866 -73.4017 -75.0464 -75.2053 -76.8436 -77.1746 -77.8643 -77.8906 -77.8479 -77.7173 -77.4705 -77.0359
-72.8429 -72.6962 -72.5553 -71.8779 -71.8144 -71.7510 -71.6833 -71.5590 -71.4842 -71.4081 -69.9611 -69.9255 -69.8907 -68.1482 -69.9361 -71.7050 -72.0219 -72.3139 -72.5841 -72.8363 -73.6681 -73.5875 -73.5615 -73.4365 -73.3218 -73.5507 -73.4139 -73.2763 -73.3175 -73.4179 -75.0277 -75.1778 -76.9208 -77.6454 -77.7396 -77.7584 -77.7090 -77.5793 -77.3515 -77.0117
-73.8528 -73.5339 -73.2518 -73.0416 -72.2327 -71.9091 -71.7510 -71.6687 -71.6573 -71.5869 -71.5007 -70.0056 -69.9669 -68.2535 -70.0105 -71.7264 -72.0190 -72.2949 -72.5413 -72.7636 -72.8281 0.0000 0.0000 -74.8214 0.0000 0.0000 -73.6757 -73.8244 -73.6964 -73.7881 -73.8594 -75.7527 -75.9181 -78.3347 -78.3919 -78.3820 -78.5113 0.0000 0.0000 0.0000
0.0000 0.0000 -74.6831 -73.4149 -72.9544 -72.7719 -71.9904 -71.8370 -71.7125 -71.5952 -71.1825 -69.8027 0.0000 0.0000 -71.1848 -70.3799 -72.3381 -72.5258 -72.3023 -72.5031 -72.6910 0.0000 0.0000 -75.3461 0.0000 0.0000 -74.8515 -74.1948 -71.6493 -73.8369 -73.8466 0.0000 0.0000 0.0000 -80.5990 -79.7340 -79.6707 0.0000 0.0000 0.0000
0.0000 0.0000 -74.7394 -73.9229 -72.1174 -72.1086 -72.0273 -71.4366 -71.3813 -71.3231 -71.2626 -69.8709 0.0000 0.0000 -71.2238 -71.1802 -71.7630 -71.9806 -72.1852 -72.3766 -72.5553 0.0000 0.0000 -75.4062 0.0000 0.0000 0.0000 -74.5292 -72.0976 -73.9199 -72.6944 0.0000 0.0000 0.0000 -82.0765 -81.1609 -80.6690 -81.3490 -82.2170 -81.4985
-76.4309 -76.4521 -72.9752 -73.0171 -72.8912 -72.7058 -72.1974 -72.0846 -71.9728 -71.4013 -71.3382 -69.9359 0.0000 0.0000 -74.3747 -70.6947 -72.5903 -72.6177 -72.0464 -72.2447 -72.4232 -77.0498 -77.0247 -75.1789 -76.0530 0.0000 0.0000 -74.7967 -73.9075 -73.0524 -73.0664 -77.5398 0.0000 0.0000 -81.3851 -81.8481 -80.2139 -80.0655 -79.9377 -79.6309
-76.1365 -75.8788 -73.2030 -73.1484 -73.0686 -72.9237 -72.7327 -72.2295 -72.1110 -71.9953 -71.4082 -69.9972 -73.4279 -75.9598 -72.9743 -70.6005 -72.5043 -72.6320 -72.6994 -72.6719 -72.2914 -73.7760 -74.1917 -74.4510 -75.0511 -76.4204 -76.9073 -74.9650 -72.9173 -71.3151 -73.0417 -75.6444 0.0000 0.0000 -82.9275 -81.2531 -79.9034 -78.8555 -76.7354 -76.4787
-75.9027 -75.5458 -73.2311 -73.1885 -73.1158 -73.0315 -72.9123 -72.7317 -72.2375 -72.1168 -72.0003 -70.4028 -70.0254 -73.4675 -71.8984 -70.4305 -72.2337 -72.4776 -72.4968 -72.5930 -72.6193 -72.1785 -73.9166 -73.5546 -74.6040 -75.2825 -75.5823 -74.7025 -72.8185 -71.2344 -72.8040 -72.8688 0.0000 0.0000 -81.2099 -76.8216 -76.6036 -76.1948 -76.6181 0.0000
0.0000 0.0000 -74.8704 -74.4614 -73.7596 -73.5329 -73.3056 -73.0904 -72.8170 -72.5522 -72.0703 -70.4283 -70.3388 -73.2714 -71.8021 -69.8032 -71.2440 -72.0515 -72.2915 -72.6919 -72.8379 -72.8993 -74.2652 -73.4824 -72.3719 -74.0500 -75.1299 -74.5162 -72.7338 -72.6464 -72.6628 -72.7449 -75.1089 -75.6449 -76.0435 -75.9611 -76.3164 -76.0909 -76.3757 0.0000
0.0000 0.0000 -74.8857 -74.5167 -74.0765 -73.6983 -73.0748 -72.8617 -72.6751 -72.4728 -72.2586 -70.3811 -70.1963 -72.7604 -72.0491 -69.7582 -69.9171 -71.4798 -72.2438 -72.9381 -73.1105 -73.2391 -73.2297 -74.4531 -72.4585 -73.8081 -73.9645 -73.5484 -72.6106 -72.5481 -71.1483 -72.6249 -74.1942 -74.9520 -75.3101 -75.5080 -75.6235 -75.9196 -75.6842 -76.1996
0.0000 0.0000 -74.8961 -74.3948 -73.8520 -73.4018 -73.0556 -72.7685 -72.2000 -72.0888 -71.9809 -70.4030 -70.1530 -72.8597 -72.9280 -70.6127 -70.3199 -71.9298 -72.0294 -72.1260 -72.8645 -73.0112 -73.1453 -74.4884 -73.0367 -74.3524 -73.8035 -73.4572 -72.0525 -72.4535 -71.0568 -72.5141 -72.6163 -73.6844 -74.0768 -74.3414 -74.5302 -74.6649 0.0000 0.0000
0.0000 0.0000 -74.8994 -73.9896 -73.2618 -72.6109 -72.3808 -72.2169 -72.0935 -71.9593 -71.0620 0.0000 0.0000 0.0000 -74.6103 -70.7696 -70.6906 -72.3305 -71.8417 -71.9013 -71.9865 -72.6589 -72.8222 -72.9801 -72.2426 -73.2796 -73.4528 -73.1770 -72.3934 -71.5050 -70.6705 -72.4188 -72.5159 -73.9938 -74.4547 -74.7761 -75.0082 -75.1840 0.0000 0.0000
-73.4257 -73.4237 -71.4104 -71.3772 -71.3426 -71.3100 -71.2781 -71.2455 -71.2121 -71.1778 -71.1385 0.0000 0.0000 0.0000 -72.1472 -71.4761 -69.8075 -71.1729 -71.3050 -71.0588 -71.9966 -72.1273 -72.2196 -72.9049 -73.0139 -74.2403 -74.4396 -74.1286 -73.7276 -71.9993 -71.9360 -71.9395 -72.4511 -73.7054 -74.1604 -74.5024 -74.7640 -74.9694 -75.1376 -76.6391
-73.0137 -72.8843 -71.3048 -71.2865 -71.2642 -71.2417 -71.2185 -71.1938 -71.1676 -71.1398 -71.1107 -73.4039 -79.1114 -78.1130 -73.6794 -72.9608 -70.9649 -72.6623 -72.3801 -72.4396 -72.5051 -72.0927 -72.1827 -72.2776 -72.9320 -74.1042 -74.3618 -74.2350 -73.8860 -72.5469 -72.4340 -70.7557 -72.0256 -72.1046 -73.9485 -74.2960 -74.5747 -74.8022 -74.9927 -75.1542
-72.5198 -72.3696 -71.1799 -71.1846 -71.1794 -71.1704 -71.1583 -71.1431 -70.8786 -69.8344 -70.0113 0.0000 -80.7677 -78.6425 -74.0723 -73.3506 -71.1383 -72.8145 -72.8076 -72.4867 -72.5522 -72.6223 -72.6836 -72.2873 -72.3798 -73.3666 -74.2909 -74.2418 -74.0139 -72.6948 -72.5798 -71.1453 -72.0708 -72.1366 -73.2669 -73.5391 -74.4359 -74.6787 -74.8840 -75.0601
-70.5158 -70.4967 -69.8395 -69.8847 -69.9159 -70.8459 -71.1027 -71.1043 -71.1012 -71.0943 -71.0840 0.0000 0.0000 -78.6880 -74.2983 -73.5399 -71.2358 -71.1695 -72.9499 -72.9646 -72.9547 -72.7158 -72.7875 -72.8611 -72.4295 -72.5183 -73.6008 -74.2827 -74.0917 -73.8706 -72.7303 -72.6360 -72.6092 -72.6525 -73.2427 -73.5096 -73.7313 -74.5872 -74.8022 0.0000
-71.8873 -70.8893 -70.6552 -70.9869 -71.0323 -71.0627 -71.0828 -71.0947 -71.1001 -71.1004 -71.0963 0.0000 0.0000 0.0000 -74.4312 -73.7223 -71.3474 -71.2920 -73.1034 -73.1315 -73.1594 -73.1726 -72.9074 -72.9782 -73.0500 -73.1203 -73.6825 -73.6917 -73.5179 -73.9901 -72.8187 -72.7680 -71.3926 -72.7925 -72.8540 -74.1047 -73.7292 -73.9166 -74.0817 0.0000
-71.9228 -71.6945 -70.4545 -70.9236 -70.9896 -71.0361 -71.0688 -71.0908 -71.1045 -71.1116 -71.1134 0.0000 -82.1608 -79.7827 -74.3227 -73.6990 -71.3536 -71.3315 -73.1694 -73.2455 -73.3232 -73.3716 -73.3932 -73.1070 -73.1776 -73.2484 -74.5078 -73.8293 -73.6605 -73.4870 -72.4167 -72.8727 -71.4642 -72.9165 -72.9695 -74.1857 -74.3877 -73.9291 -74.0916 0.0000
-72.0039 -71.7871 -70.9820 -70.9471 -70.9653 -71.0053 -71.0558 -71.0876 -71.1096 -71.1235 -71.1312 0.0000 -80.5756 -78.2178 -74.1844 -73.6193 -73.1280 -71.3232 -73.1338 -73.2228 -73.3120 -73.4030 -73.4953 -72.4780 -72.4930 -72.3350 -72.4376 -73.4691 -74.3884 -73.5797 -72.5196 -72.4824 -72.9290 -72.9725 -73.0633 -74.2752 -74.4740 -74.6410 -74.7849 -75.3098
-72.0854 -71.8920 -71.1000 -71.0593 -71.0235 -70.5844 -71.0423 -71.0837 -71.1136 -71.1345 0.0000 0.0000 0.0000 0.0000 0.0000 0.0000 0.0000 0.0000 0.0000 -74.5663 -73.6390 -73.6927 -73.7457 -73.7984 -73.8361 -73.8799 -73.5861 -74.9407 -74.7168 -74.4909 -73.6295 -72.6080 -72.5524 -72.5367 -73.1260 -73.2343 -74.5320 -74.7325 -74.8745 -74.9985
-72.1490 -70.6211 -70.0616 -70.0432 -70.0273 -70.0165 -69.6739 -70.0396 -70.0770 -70.1145 0.0000 0.0000 0.0000 0.0000 0.0000 0.0000 0.0000 0.0000 0.0000 -78.0238 -74.1909 -73.9463 -73.8874 -73.8889 -73.9221 -73.9597 -74.0130 -73.7181 -74.8676 -74.6708 -74.4732 -73.2459 -72.6723 -71.3798 -72.6971 -73.2670 -74.5282 -74.7542 -74.9574 -74.4748
-70.7004 -70.6617 -70.1491 -70.1363 -70.1174 -70.1028 -70.2246 -71.3653 -70.9248 -71.3588 -73.6993 -74.6044 -74.6556 -74.6843 -74.7105 -74.7299 -75.0483 -75.1169 -75.1794 -73.9113 -72.3897 -72.4858 -72.6025 -72.6850 -72.7855 -72.8828 -72.9683 -73.0552 -74.0832 -73.6181 -73.5030 -72.5330 -72.4871 -70.9213 -72.0926 -72.1674 -73.0745 -73.8184 -74.0114 -74.1904
0.0000 0.0000 -73.5431 -72.9430 -72.5288 -72.2551 -72.0664 -71.8656 -71.7456 -71.1961 -73.6803 -73.9201 -74.5954 -74.7832 -74.8156 -75.1674 -75.2044 -75.2269 -75.2657 -74.1373 -72.5351 0.0000 0.0000 -74.7045 -74.4047 -74.3240 -74.3092 -74.3183 -74.3528 -75.4423 -74.7642 -73.4856 -72.6593 0.0000 0.0000 -73.5221 -74.4522 -74.4889 -74.0454 -74.2221
-75.6275 -77.0344 -74.5997 -73.6161 -73.1981 -72.8651 -72.4805 -72.2821 -72.1263 -71.9865 -72.9258 -74.0085 -74.2152 -74.2965 -75.2669 -75.2725 -75.2467 -75.2343 -75.2651 -74.3423 -72.6576 0.0000 0.0000 -75.2634 -74.7757 -74.6741 0.0000 -80.6462 -75.5256 0.0000 0.0000 -79.2602 -75.0438 0.0000 0.0000 -75.3392 0.0000 0.0000 -78.3349 -74.8891
0.0000 -82.1112 -73.6660 -73.6362 -73.1525 -72.9333 -72.7953 -72.6272 -72.4404 -72.2871 -73.7401 -74.0811 -73.4819 -74.4085 0.0000 0.0000 -80.6574 -77.9329 -75.5433 -74.5225 -73.9505 0.0000 0.0000 -75.2419 -74.8755 -74.9578 0.0000 0.0000 -76.0953 0.0000 0.0000 -79.3231 -75.5063 0.0000 0.0000 -79.0227 0.0000 0.0000 -82.0862 0.0000
0.0000 0.0000 0.0000 -75.6348 -74.0779 -73.1610 -73.0201 -72.8891 -72.7097 -72.5385 -73.8914 -74.2125 -74.3763 -73.6612 0.0000 0.0000 -79.9680 0.0000 0.0000 -78.4334 -76.5049 -78.8048 -76.5090 -77.3631 -74.7479 -74.6864 0.0000 0.0000 -79.4733 0.0000 0.0000 0.0000 -75.5479 0.0000 0.0000 -78.4197 -81.4502 -81.2491 -79.8737 0.0000
0.0000 0.0000 0.0000 -75.6788 -74.9227 -74.1935 -73.3480 -73.1355 -72.9419 -72.7594 -72.6045 -74.3353 -74.5054 -74.9147 0.0000 0.0000 -79.4543 0.0000 0.0000 -77.4713 -76.7203 -79.9910 -79.0323 -77.3562 -74.5900 -74.6079 -77.0953 -78.6166 -77.7706 -79.0914 -79.1324 -79.1047 -74.8379 -78.9326 -80.0730 -78.0759 -74.8810 -79.8465 -80.0254 -80.3962
0.0000 0.0000 0.0000 -75.1024 -74.6832 -74.4071 -73.5222 -73.3182 -73.1300 -72.9559 -72.7918 -74.4867 -74.9468 -75.0927 -75.5958 -80.3526 -77.4587 -80.0857 -80.4181 -77.2872 -76.6709 -79.9284 -79.1731 -77.7173 -74.7378 -74.7748 -77.8445 -78.5601 -77.7044 -78.5781 -77.0889 -78.0701 -76.9269 -74.6747 -77.6130 -77.2234 -74.6380 -77.9841 -78.4594 -78.7144
-75.9578 -75.9874 -75.6192 -73.2758 -73.2446 -73.1765 -73.7918 -73.2306 -73.1600 -73.0816 -72.9644 -74.8364 -75.0421 -75.1825 -75.2860 -75.7498 -75.2941 -76.5669 -79.5896 -77.0710 -76.5821 -79.5052 -78.8769 -77.8491 -76.6208 -74.8769 -74.9278 -77.9377 -77.9170 -78.5835 -78.5207 -77.8879 -76.6449 -74.6573 -76.4543 -77.1056 -76.4132 -76.5628 -77.8381 -78.0944
-75.5623 -75.3825 -75.0329 -73.2122 -73.3142 -73.2487 -73.1806 -73.1125 -72.6789 -72.6116 -72.7363 -74.2442 -74.4929 -74.7042 -74.8741 -75.0230 -74.3293 -75.7934 -76.3436 -75.2115 -75.0606 -74.7921 -76.3497 -75.8977 -75.3603 -73.9539 -74.0700 -77.0449 -77.6564 -78.0954 -77.9319 -77.8335 -77.1242 -74.8464 -77.4610 -77.2159 -76.5593 -75.9777 -76.0797 -77.6136
-75.3194 -75.1835 -74.8303 -73.2682 -73.2554 -73.2331 -73.1940 -73.1480 -73.1097 -72.9065 -72.8582 -74.3233 -74.5697 -74.7756 -75.0297 -75.1740 -74.3839 -75.0345 -75.3331 -75.2175 -75.0610 -74.8336 -76.2060 -75.8680 -75.4450 -73.9364 -74.0524 -75.6830 -75.9672 -76.6095 -76.9164 -76.7041 -76.2725 -74.4027 -76.3346 -76.4693 -76.0598 -74.2662 -75.9093 -76.5633
-75.1610 -75.0222 -74.7119 -73.3168 -73.2906 -73.2541 -73.2177 -73.3975 -73.3831 -73.3687 -72.9835 -74.4110 -74.7708 -74.9658 -75.0970 -75.2541 -74.4343 -75.1456 -75.4909 -74.6457 -75.0292 -74.8169 -76.0885 -75.8152 -75.4792 -73.9393 -73.8852 -74.2582 -76.1027 -76.5033 -76.8097 -76.7277 -76.3557 -75.7844 -74.4086 -76.4693 -76.1095 -75.6991 -75.6412 -76.2704
-74.3462 -74.8949 -74.6208 -73.3226 -73.2982 -73.2662 -73.4664 -73.4671 -73.4585 -73.4445 0.0000 0.0000 0.0000 -79.0549 0.0000 0.0000 -75.8786 -75.4161 -75.6028 -74.7698 -74.5457 -74.7941 -75.9604 -75.7407 -75.6543 -75.4340 -74.1920 -74.3085 -75.9406 -76.3728 -76.6847 -74.8228 -76.4065 -75.9024 -74.4466 -76.3192 -76.1230 -75.7851 -75.5132 -76.0072
-74.3420 -74.1549 -74.5131 -73.3159 -73.2975 -73.5189 -73.5334 -73.5382 -73.5314 -73.4866 -76.2482 0.0000 0.0000 -82.2906 0.0000 0.0000 -77.3744 0.0000 0.0000 -78.5375 -75.9464 -75.3496 -77.4334 -77.0372 -76.6421 0.0000 -75.7544 -74.3264 -75.8812 -76.2365 -76.5548 -76.7613 -76.4151 -75.9660 -74.4592 -76.1043 -76.0899 -75.7848 -74.2991 -75.7032
-74.2875 -74.1159 -73.8821 -73.3015 -73.5565 -73.5857 -73.6023 -73.6013 -73.5641 -73.5233 -75.7015 -79.8308 -79.7805 -78.8162 -76.9509 -79.3245 -76.1452 0.0000 0.0000 -78.3295 -76.5839 0.0000 -75.5449 -76.5198 -76.9027 0.0000 -80.1636 -75.8537 -75.9347 0.0000 0.0000 -78.6645 -77.8772 -77.0463 -75.0670 -76.6829 -76.7843 -75.2196 -75.0154 -75.7656
-73.3794 -74.0746 -73.8699 -73.1442 -73.1623 -73.6534 -73.6581 -73.6264 -73.5890 -73.5480 -75.3832 -75.9453 -76.8309 -76.5147 -75.7742 -77.2259 -75.1168 -76.4410 -79.2960 -76.6449 -75.6758 0.0000 -77.7495 -78.0927 -76.3340 0.0000 -80.1508 0.0000 0.0000 0.0000 0.0000 -80.2667 -78.6901 -77.4474 -75.7943 -74.5121 -76.2146 -75.9976 0.0000 0.0000
-73.3656 -73.2246 -74.2363 -73.2664 -73.2679 -73.2451 -73.6758 -73.6429 -73.6043 -73.5626 -73.5231 -75.6845 -76.0155 -76.4649 -76.1919 -74.8627 -75.0588 -77.1056 -76.4160 -75.1081 -74.8820 0.0000 0.0000 -79.9120 -77.7524 -77.9332 -77.7392 -75.4523 -80.3845 -78.9129 -78.8619 -77.3042 -76.9991 -76.6196 -76.2315 -74.8110 -76.1982 -76.1183 0.0000 0.0000
-73.3503 -73.6484 -73.5096 -72.6736 -73.3438 -73.2955 -73.2456 -73.6480 -73.6071 -73.5631 -73.5166 -75.4638 -75.7913 -76.0344 -76.1490 -74.3185 -74.2287 -75.9743 -75.7391 -75.0288 -74.9164 0.0000 0.0000 -79.8928 -78.2912 -77.2564 -75.4979 -75.5761 -76.7667 -77.9139 -78.1050 -77.0203 -76.7853 -76.5318 -76.2560 -74.8350 -76.3818 -76.3091 0.0000 0.0000
