-67.0454 -66.8685 -67.3245 -67.3586 -67.3897 -68.4519 -68.4978 -68.5164 -69.2099 -69.7590 -73.4222 -73.3611 -67.8802 -67.0906 -67.1028 -60.8564 -60.8625 -67.8757 -67.9568 -71.6964 -72.2695 -70.4476 -69.9459 -69.2947 -67.6786 -67.7755 -68.2202 -67.9702 -67.8920 -67.8153 -67.7415 -67.6749 -67.6333 -60.8821 -60.8876 -67.8203 -67.9645 -67.8835 -67.7384 -70.9917
-67.1089 -66.9319 -67.3900 -67.4235 -67.6338 -68.5589 -68.5919 -68.5991 -68.4593 -68.8653 -70.9999 -70.4526 -67.2605 -66.5553 -66.5454 -60.8996 -60.9044 -67.8642 -67.8922 -67.9112 -70.6171 -70.2606 -69.8149 -69.2676 -67.6615 -67.7524 -68.5039 -67.9712 -67.8918 -67.8138 -67.7382 -67.6684 -67.6192 -60.9172 -60.9216 -67.7607 -67.9072 -67.8546 -67.7038 -70.0078
-67.6411 -67.4527 -67.9793 -68.2282 -68.3087 -69.3993 -69.4416 -68.6752 -68.5242 -69.5551 -70.6061 -69.9837 -67.3417 -66.6289 -66.6185 -60.8058 -60.8003 -67.1486 -67.1280 -66.9525 -69.1794 -68.8941 -69.7128 -69.2343 -67.6403 -67.9237 -69.6719 -67.9664 -67.8856 -67.8059 -67.7282 -67.6559 -67.6003 -60.9507 -60.9542 -67.6989 -67.8312 -67.8141 -67.6709 -60.9471
-67.7568 -67.6862 -68.2720 -68.3502 -68.4281 -69.5298 -69.5645 -69.5751 -69.3878 -70.5143 -71.6192 -70.8754 -68.0587 -67.2494 -67.2381 -60.9950 -60.9902 -67.1737 -67.0090 -67.0269 -69.2018 -68.9258 -68.6082 -68.2384 -67.0645 -67.1183 -68.4705 -67.1027 -67.0037 -66.9046 -67.7130 -67.6381 -67.5771 -60.9828 -60.9852 -67.6311 -67.7497 -67.7706 -67.5316 -60.9741
-68.0817 -67.7834 -68.3729 -68.4486 -68.5242 -69.6317 -69.6597 -69.6383 -69.3344 -70.6386 -71.3797 -70.7737 -68.1746 -67.3395 -67.3148 -61.0516 -61.0458 -67.7519 -67.7775 -67.8141 -70.4978 -70.1763 -69.8142 -69.6821 -67.9524 -68.0333 -68.6188 -67.2288 -67.1311 -67.0333 -66.9389 -66.8421 -66.7559 -60.8149 -60.8073 -66.6654 -66.7101 -67.6452 -67.5249 -61.0068
-68.2349 -67.8699 -68.4659 -68.5397 -68.6100 -69.7219 -69.7257 -69.6998 -69.4342 -70.7609 -71.2479 -70.7207 -68.2469 -67.4021 -67.3737 -61.0632 -61.0642 -67.8445 -67.8730 -67.9123 -70.5758 -70.2715 -70.2485 -69.8570 -68.0826 -68.1682 -70.0027 -68.2319 -68.1356 -68.0390 -67.9426 -67.8438 -67.7608 -61.0915 -61.0897 -67.6970 -66.7393 -66.7375 -66.6161 -66.4811
-69.0291 -67.9489 -68.5500 -68.6241 -68.6955 -69.7980 -69.7853 -69.6780 -69.5329 -70.8811 -71.1804 -70.6694 -68.3117 -67.4597 -67.2723 -61.1213 -61.1228 -67.9379 -67.9656 -68.0083 -70.6596 -70.7140 -70.3940 -70.0290 -69.6333 -68.2982 -70.2094 -68.3961 -68.3067 -68.2136 -68.1212 -68.0363 -67.9604 -67.9140 -61.1769 -61.1781 -67.9320 -67.9924 -67.8985 -67.7642
-69.4852 -68.3217 -68.9810 -69.0590 -69.1349 -70.3452 -70.2538 -70.2699 -70.1228 -71.6923 -71.8456 -71.3156 -68.7678 -67.6796 -67.6810 -61.2580 -61.2617 -68.4479 -68.4930 -68.5590 -72.1166 -71.8174 -71.4919 -71.1238 -70.7408 -69.1173 -69.3265 -69.5006 -69.6271 0.0000 0.0000 0.0000 -68.4823 -68.4877 -61.3465 -61.3467 -68.7878 -69.0959 -69.2371 -69.6295
-70.0675 -68.9900 0.0000 0.0000 -69.1963 -70.3352 -70.3855 -70.8350 -70.7343 -72.7135 -74.1943 0.0000 0.0000 -67.7354 -67.7378 -67.7414 -61.3128 -68.4941 -68.5414 -68.8187 -72.1241 -71.8508 -71.5597 -71.2297 -70.9000 -69.2401 -69.4807 -69.7746 -70.0777 0.0000 0.0000 0.0000 -67.8510 -67.7757 -61.2000 -61.1923 -69.0291 -69.3066 -69.5061 -69.7156
-70.3001 -70.0402 -78.6798 -72.4553 -69.3071 -70.5844 -70.6271 -70.6457 -70.7642 -72.9198 -74.1450 0.0000 0.0000 -67.4047 -67.3968 -67.3906 -61.2646 -68.0535 -68.2551 -68.2909 -70.9355 -70.6904 -70.4238 -70.1470 -69.8410 -68.3874 -68.4683 -68.5118 -68.5389 -72.8657 -72.7907 -71.9390 -68.0741 -67.9383 -61.2938 -61.2924 -67.9568 -68.0387 -68.0439 -67.9839
-70.4674 0.0000 -75.1405 -72.1241 -69.3256 -70.5881 -70.6039 -70.6716 -70.5604 -72.3092 -74.1151 0.0000 0.0000 -67.4851 -67.4791 -67.4750 -61.3595 -68.3361 -68.3659 -68.4123 -71.0635 -70.8307 -70.5759 -70.2933 -70.0408 -68.5247 -68.6136 -69.8037 -69.9642 0.0000 0.0000 0.0000 -68.2148 -68.1608 -61.3827 -61.3862 -68.2344 -68.3827 -68.4820 -68.4326
-70.5152 0.0000 -73.4876 -71.4722 -69.3337 -70.0283 -69.9842 -69.9572 -69.8301 -71.8934 -72.5818 -76.5672 -72.9642 -67.9496 -67.9608 -68.1639 -61.5320 -69.1480 -69.2286 -68.9981 -69.0899 -71.9483 -71.7176 -71.5809 -71.3307 -69.4852 -69.6954 -70.0873 -70.2399 0.0000 0.0000 0.0000 -68.4143 -68.3703 -61.4665 -61.4737 -68.5734 -68.6524 -68.7250 -68.6305
-70.4695 -76.8554 -72.9444 -71.3076 -69.3742 -70.5922 -70.6178 -70.6400 -70.5565 -72.2139 -72.5526 -73.2031 -72.1055 -68.1323 -68.2821 -68.3355 -61.6085 -69.3272 -69.3661 -69.4155 -69.4649 -71.9205 -71.6429 -71.4077 -71.4531 -69.4638 -69.6873 -69.8623 -69.7877 -76.9244 -76.8895 -74.0101 -68.6017 -68.5653 -61.5452 -61.5556 -68.7455 -68.7757 -68.8779 -68.8160
-70.2595 -72.4543 -71.8173 -70.6113 -69.4492 -70.7075 -70.7375 -70.7675 -70.6399 -72.2875 -71.9266 -72.6183 -71.5914 -69.3134 -68.3456 -68.4095 -61.6588 -69.3779 -69.4760 -69.5659 -69.6541 -72.9700 -72.6530 -71.3660 -71.1203 -69.2796 -69.0649 -69.1074 -69.1863 -73.2614 -73.9144 -73.0023 -68.7766 -68.7455 -61.6162 -61.6347 -61.6261 -68.9499 -69.0172 -68.9809
-70.2173 -72.1527 -71.6006 -70.5286 -69.0065 -70.0639 -70.7007 -70.7956 -71.0434 0.0000 0.0000 -72.0566 -71.5231 -69.2989 -68.3472 -68.3990 -61.6972 -69.3856 -69.4930 -69.6276 -69.7693 -76.3192 0.0000 -70.7625 -70.5572 -70.4385 -69.4702 -69.5487 -70.3968 0.0000 0.0000 0.0000 0.0000 -68.8825 -68.9320 -61.6952 -61.6879 -69.0608 -69.1512 -69.1398
-70.2147 -71.9309 -71.4291 -70.4623 -69.0141 -70.0382 -70.0114 -70.0902 -70.0201 -74.7673 -74.7435 -71.2631 -71.2045 -69.2660 -68.3276 -68.3855 -61.7306 -69.3534 -69.4886 -69.6403 -69.9339 -75.2872 0.0000 -70.6330 -70.4403 -70.3509 -68.9597 -69.0106 -69.1185 -74.0599 -74.1764 -74.3441 -74.5942 -68.9042 -69.0428 -61.7448 -61.7485 -69.1677 -69.2796 -70.1439
-70.2073 -71.7401 -70.7098 -70.4117 -69.0007 -69.9812 -70.0953 -70.0735 -70.0449 -73.6234 -72.5313 -71.0130 -70.3830 -68.8014 -68.2923 -68.3459 -61.7597 -69.3070 -69.4372 -69.5609 -69.9662 -74.7500 0.0000 -70.4827 -70.4032 -70.2181 -68.8562 -68.8666 -68.9639 -72.5364 -73.0988 -73.2880 -72.5317 -68.7659 -68.8351 -61.7687 -61.8168 -69.5113 -69.9316 -70.1620
-70.1962 -71.5828 -70.6285 -70.3253 -68.9691 -70.0690 -70.0757 -70.0505 -69.9676 -72.5216 -71.2811 -70.8107 -70.2682 -68.7992 -67.9360 -67.9472 -61.6941 -69.2017 -69.3393 -69.6214 -69.7768 -73.7598 -80.5205 -72.5766 -72.8534 0.0000 0.0000 0.0000 -68.7831 -71.3357 -71.9729 -72.0552 -71.5618 -68.4739 -68.4925 -61.7272 -61.7689 -69.0650 -69.6358 -70.1853
-70.1836 -71.4222 -70.5156 -70.3131 -69.0220 -70.0463 -70.0507 -70.0101 -69.7651 -72.1596 -71.0817 -70.6574 -70.1694 -68.7935 -67.9384 -67.9480 -61.7300 -68.6749 -68.7849 -68.8548 -69.6482 -73.1895 -76.5400 -72.6457 -72.9190 0.0000 0.0000 0.0000 -67.7857 -69.3130 -69.6520 -69.5686 -69.2055 -68.5029 -67.1908 -61.4329 -61.4322 -67.1229 -67.1299 -67.0988
-70.0782 -71.2498 -70.4880 -70.2603 -69.0472 -70.0244 -70.0070 -69.8136 -69.7467 -71.2500 -70.9111 -70.5218 -70.0840 -68.7842 -67.9377 -67.9471 -61.7645 -61.7697 -68.7563 -68.7993 -68.8488 -71.2899 -72.2542 -70.6389 -70.5336 -73.1912 -73.1171 -72.9552 -68.9481 -70.8592 -71.2506 -71.6197 -70.9644 -69.4565 -67.9252 -61.6722 -61.7872 -68.4787 -68.5427 -68.5767
-70.0305 -71.1038 -70.4173 -70.2084 -69.0350 -69.9821 -69.8183 -69.7972 -69.7275 -71.0799 -70.7615 -70.4032 -70.0071 -68.7713 -67.9352 -67.9410 -61.7976 -61.8193 -68.7506 -68.8033 -68.8624 -71.2222 -72.1835 -70.7963 -70.6681 -73.1112 -72.9735 -72.6550 -69.0753 -70.7471 -71.4363 -71.6981 -71.0781 -70.4126 -68.6094 -61.8601 -61.8682 -61.7037 -67.9415 -67.9659
-70.0601 -71.0078 -70.2824 -70.1102 -69.0004 -69.8035 -69.7995 -69.7750 -69.7051 -70.9268 -70.6278 -70.2965 -69.9355 -68.7564 -67.9276 -67.9314 -61.8455 -61.8517 -68.7231 -68.7687 -68.8044 -68.8166 -71.3426 -70.6988 -70.5425 -72.4857 -72.4968 -71.9216 -69.2001 -70.8281 -71.4996 -71.7928 -71.2125 -70.5724 -68.7860 -61.9342 -61.9407 -61.9527 -69.0113 0.0000
-70.0396 -70.9186 -70.2232 -69.9126 -68.8096 -69.7626 -69.7800 -69.7685 -69.6794 -70.7872 -70.5059 -70.1985 -69.8689 -68.7360 -67.9168 -67.9185 -61.8773 -61.8825 -68.6901 -68.7223 -68.7445 -68.7850 -71.1677 -70.5821 -70.4339 -71.9695 -71.9621 -71.3838 -68.9232 -70.6138 -71.5761 -71.8978 -71.3547 -70.7813 -68.9926 -69.5131 -62.1376 -62.1865 -70.4295 0.0000
-70.8885 -71.3569 -70.8223 -70.5949 -69.3398 -69.6503 -69.7294 -69.7408 -69.6810 -70.7137 -70.4467 -70.1582 -69.8017 -68.7121 -67.9028 -67.9659 -61.9075 -61.9118 -68.6521 -68.6659 -68.6261 -68.7327 -70.9751 -70.4621 -70.3181 -71.5188 -71.5067 -70.8782 -68.9327 -70.4229 -70.8270 -71.0293 -70.6506 -71.1285 -69.2168 -69.1771 -62.0918 -62.0952 -69.2318 -74.1371
-71.1165 -71.3258 -70.9864 -70.7827 -69.5219 -70.5403 -70.5376 -70.6269 -70.6071 -71.8428 -71.5411 -71.2014 -69.8072 -68.6951 -67.9594 -67.9660 -61.9362 -61.9400 -68.6029 -68.6089 -68.6380 -68.6793 -70.6176 -70.3413 -70.2012 -71.1286 -71.1207 -70.6087 -68.8627 -70.2430 -70.5853 -70.7730 -70.4345 -70.1165 -68.5942 -68.5944 -62.1767 -62.1826 -69.4266 -73.2848
-71.1791 -71.5522 -71.3646 -70.9655 -69.6992 -70.7753 -71.1322 -71.1684 -71.1759 -72.9849 0.0000 0.0000 0.0000 -69.5235 -68.6679 -68.6788 -62.1590 -62.1650 -68.5971 -68.5465 -68.5939 -68.6430 -70.2982 -70.2179 -70.0819 -70.7865 -70.6659 -70.4922 -70.0140 -70.0616 -70.3506 -70.5229 -70.2196 -69.9870 -68.4859 -68.4767 -62.0505 -62.0631 -69.4871 -72.7047
-71.9522 0.0000 0.0000 0.0000 0.0000 -70.2957 -71.0696 -71.0656 -71.0074 -73.0508 0.0000 0.0000 0.0000 -69.8711 -68.9214 -68.9749 -62.2871 -62.3121 -70.1909 -70.5081 0.0000 0.0000 -69.9863 -70.0637 -69.9571 -70.3766 -70.4830 -70.2739 -69.8686 -68.6355 -70.1200 -70.2146 -69.9982 -69.7902 -68.3601 -68.3410 -62.0651 -62.0755 -68.4444 -70.0534
-72.4133 0.0000 0.0000 0.0000 0.0000 -70.3298 -71.0943 -71.0790 -71.0925 -72.3867 -76.9186 -77.6501 -77.2767 -70.0778 -69.1144 -69.1849 -62.3834 -62.4049 -70.2726 -70.5596 0.0000 0.0000 -69.8701 -69.9256 -69.8314 -70.0495 -70.1301 -70.0653 -69.7132 -68.5285 -69.8903 -69.9542 -69.7683 -69.5774 -69.2869 -68.1831 -62.0716 -62.0802 -62.1072 -68.1951
-71.9586 0.0000 0.0000 0.0000 0.0000 -69.6706 -70.2137 -70.2803 -70.3278 -74.6759 -76.3768 -76.0798 -74.8217 -70.0827 -69.1126 -69.1628 -62.4268 -62.4508 -70.3964 -70.6060 0.0000 0.0000 -71.0214 -71.1574 -69.6474 -70.0235 -69.9924 -69.8209 -69.5864 -68.3600 -69.5863 -69.6955 -69.5640 -69.3455 -69.0889 -68.0174 -62.0730 -62.0729 -62.0702 -68.0228
-70.8354 -73.9879 -74.2911 -74.1020 -73.0997 -69.6749 -70.3063 -70.2657 -70.3173 -72.8454 -73.5386 -73.2386 -72.3867 -69.4082 -68.6575 -68.7194 -62.3713 -62.4776 -70.3796 -70.6258 0.0000 0.0000 -71.4638 -71.5955 -71.7998 -72.3073 -72.4947 -72.6793 -72.8581 -71.0100 0.0000 -69.4542 -69.3359 -69.1209 -68.8043 -67.7753 -67.7801 -62.0540 -62.0512 -67.7467
-70.8493 -73.3428 -73.8530 -73.1229 -72.4279 -69.6468 -70.3991 -70.3954 -70.4372 -72.8038 -73.1445 -72.6316 -71.9482 -69.4208 -68.5995 -68.7175 -62.4230 -62.4410 -69.6841 -69.8008 -75.6067 -75.4368 -71.6233 -71.9856 -72.2843 -73.7865 0.0000 -72.9298 -72.9731 -71.1256 0.0000 -67.5179 -67.3880 -67.2140 -67.0198 -66.2685 -66.1782 -61.5763 -61.5592 -65.9736
-70.8774 -73.0080 -73.1508 -72.7898 -72.1021 -69.6930 -70.4593 -70.5420 -70.4981 -73.0281 -72.7501 -72.3573 -71.7389 -69.4677 -68.6502 -68.6794 -62.4644 -62.5059 -69.7390 -69.8688 -74.3497 -75.5120 -71.8828 -72.8200 -73.1953 -73.8784 0.0000 -72.9580 0.0000 0.0000 0.0000 0.0000 -69.2590 -69.0699 -68.8501 -67.8082 -67.7416 -62.1381 -62.1358 -67.7052
-70.9794 -72.7918 -72.9831 -72.5918 -71.2350 -69.7199 -70.5458 -70.6346 -70.5906 -73.0417 -72.8227 -72.3962 -71.6621 -69.5454 -68.7281 -68.7576 -68.8062 -62.5458 -69.8447 -69.9814 -73.4701 -74.6551 -70.4944 -72.9266 -73.7934 0.0000 0.0000 -73.6608 0.0000 0.0000 0.0000 0.0000 -69.5046 -69.4092 -69.2510 -68.1553 -68.1331 -62.3002 -62.3106 -68.2432
-71.0297 -72.0019 -72.9771 -72.6548 -71.2660 -69.7519 -70.7393 -70.7503 -70.7054 -72.9441 -72.7893 -72.3603 -71.8458 -69.6496 -68.8241 -68.8050 -68.9288 -62.6193 -69.7985 -70.5671 0.0000 0.0000 0.0000 0.0000 0.0000 0.0000 -76.9896 -73.2227 0.0000 0.0000 0.0000 0.0000 -69.8343 -69.6743 -69.4894 -68.3029 -68.3701 -62.4268 -62.4436 -68.6163
-70.9855 -72.0291 -72.9638 -72.6423 -71.4066 -69.9175 -70.9404 -70.8789 -70.8402 -73.0365 -72.8179 -72.4097 -71.9456 -69.8928 -69.0214 -68.9790 -69.0447 -62.7383 -70.1067 -70.2270 0.0000 0.0000 0.0000 0.0000 -74.8621 -74.6188 -74.5009 -71.8783 -70.1384 -71.7714 -71.8029 -71.5368 -70.1003 -69.9579 -69.8051 -68.6473 -68.6580 -62.5306 -62.5498 -62.6172
-71.0846 -72.0536 -73.0289 -72.6572 -72.8858 -71.2460 0.0000 0.0000 -70.9877 -73.1526 -72.8886 -72.5014 -72.0796 -70.0442 -69.1038 -69.2560 -69.1541 -62.7485 -69.8614 -69.9002 -73.9309 -74.5407 -73.1667 -72.2556 -71.9624 -71.9209 -71.8303 -70.3843 -70.3092 -71.8509 -71.8517 -70.4659 -70.3499 -70.2253 -70.1040 -68.9048 -68.8904 -62.6129 -62.6095 -62.6056
-71.8853 -73.2607 -74.5452 -74.2796 -72.9816 -71.3864 0.0000 0.0000 0.0000 0.0000 0.0000 -72.0561 -71.6595 -69.8378 -68.9314 -68.9000 -68.8704 -62.6186 -68.9373 -68.9455 -71.1972 -71.7576 -71.9943 -72.0542 -71.9785 -71.9350 -71.8734 -70.5718 -70.4486 -71.7008 -72.0145 -70.6879 -70.5770 -70.3673 -70.3233 -70.1316 -68.9647 -62.6760 -62.6721 -62.6691
-72.1539 -73.4248 -74.6246 -74.3636 -73.2994 -71.4584 0.0000 0.0000 0.0000 0.0000 0.0000 -72.0195 -70.9413 -69.4301 -68.6518 -68.5865 -68.5715 -62.7015 -69.1645 -69.0612 -71.0128 -71.5999 -71.9266 -72.0633 -71.9709 -71.9217 -71.8857 -70.7389 -71.8070 -71.8171 -72.0935 -70.8871 -70.7376 -70.5666 -70.3869 -70.2031 -69.0365 -68.9912 -62.7355 -62.7318
-72.1800 -73.5708 -74.6646 -74.4013 -73.3638 -71.5279 0.0000 0.0000 0.0000 0.0000 0.0000 -71.2949 -71.0250 -69.6786 -69.4086 -68.7099 -68.7132 -62.7817 -69.3219 -69.3137 -70.8973 -71.4974 -71.8621 -72.0585 -71.9539 -71.8576 -71.1622 -70.8444 -72.0179 -70.7744 -72.1006 -70.9399 -70.7764 -70.6178 -70.4464 -70.2715 -69.0905 -69.1263 -62.8135 -62.8103
-72.3527 -73.5387 -74.4286 -74.5589 -73.3522 -71.5949 0.0000 0.0000 0.0000 -73.6744 -73.6538 -71.3505 -71.1027 -69.8349 -69.5067 -68.8110 -68.8392 -62.8605 -62.8639 -69.4785 -71.1569 -71.6861 -71.8139 -72.0406 -71.9451 -71.8203 -71.2378 -70.9988 -72.0815 -70.7788 -72.0480 -70.8324 -70.7932 -70.6680 -70.5044 -70.3378 -69.1498 -69.2288 -62.8851 -62.8827
