-59.3971 -59.3506 -59.3157 -59.2809 -59.2460 -59.2109 -59.1756 -59.1402 -59.1045 -59.0686 -59.0325 -58.9962 -58.9601 -58.9241 -58.8877 -58.8510 -58.8141 -58.7767 -58.7391 -58.7015 -58.6638 -58.6259 -58.5885 -58.5511 -58.5132 -58.4751 -58.4368 -58.3971 -58.3571 -58.3173 -58.2774 -58.2372 -58.2153 -58.1770 -58.1386 -58.0999 -58.0605 -58.0205 -57.9804 -57.9401
-59.4067 -59.3714 -59.3366 -59.3017 -59.2666 -59.2314 -59.1959 -59.1602 -59.1243 -59.0883 -59.0520 -59.0157 -58.9797 -58.9435 -58.9070 -58.8702 -58.8332 -58.7957 -58.7582 -58.7206 -58.6829 -58.6451 -58.6079 -58.5702 -58.5322 -58.4939 -58.4549 -58.4149 -58.3749 -58.3350 -58.2947 -58.2549 -58.2332 -58.1947 -58.1561 -58.1171 -58.0773 -58.0372 -57.9969 -57.9563
-59.4268 -59.3920 -59.3571 -59.3221 -59.2868 -59.2514 -59.2157 -59.1797 -59.1437 -59.1075 -59.0711 -59.0350 -58.9988 -58.9624 -58.9257 -58.8888 -58.8516 -58.8139 -58.7764 -58.7387 -58.7008 -58.6633 -58.6260 -58.5882 -58.5501 -58.5117 -58.4722 -58.4322 -58.3924 -58.3522 -58.3117 -58.2893 -58.2509 -58.2122 -58.1733 -58.1340 -58.0938 -58.0535 -58.0130 -57.9722
-59.4280 -59.3929 -59.3576 -59.3223 -59.2866 -59.2507 -59.2146 -59.1990 -59.1628 -59.1264 -59.0900 -59.0539 -59.0175 -58.9809 -58.9441 -58.9070 -58.8694 -58.8318 -58.7941 -58.7563 -58.7184 -58.6811 -58.6435 -58.6055 -58.5672 -58.5284 -58.4884 -58.4484 -58.4083 -58.3679 -58.3280 -58.3060 -58.2675 -58.2288 -58.1899 -58.1502 -58.1100 -58.0695 -58.0288 -57.9878
-59.4500 -59.4148 -59.3794 -59.3437 -59.3078 -59.2716 -59.2354 -59.1990 -59.1624 -59.1256 -59.0891 -59.0526 -59.0159 -58.9790 -58.9418 -58.9041 -58.8662 -58.8283 -58.7903 -58.7521 -58.7143 -58.6766 -58.6384 -58.6000 -58.5839 -58.5443 -58.5040 -58.4640 -58.4237 -58.3832 -58.3604 -58.3219 -58.2833 -58.2444 -58.2052 -58.1651 -58.1247 -58.0842 -58.0434 -58.0025
-59.4717 -59.4362 -59.4006 -59.3647 -59.3287 -59.2924 -59.2561 -59.2196 -59.1829 -59.1461 -59.1097 -59.0730 -59.0361 -58.9989 -58.9614 -58.9234 -58.8854 -58.8473 -58.8090 -58.7707 -58.7331 -58.6951 -58.6568 -58.6183 -58.5791 -58.5386 -58.4981 -58.4577 -58.4170 -58.3765 -58.3539 -58.3150 -58.2759 -58.2366 -58.1966 -58.1559 -58.1151 -58.0741 -58.0327 -57.9917
-59.4928 -59.4572 -59.4213 -59.3854 -59.3492 -59.3129 -59.2765 -59.2398 -59.2030 -59.1664 -59.1299 -59.0931 -59.0560 -59.0186 -58.9808 -58.9427 -58.9047 -58.8666 -58.8282 -58.7902 -58.7523 -58.7141 -58.6754 -58.6363 -58.5963 -58.5556 -58.5151 -58.4744 -58.4335 -58.4099 -58.3711 -58.3320 -58.2928 -58.2532 -58.2127 -58.1719 -58.1309 -58.0897 -58.0480 -58.0071
-59.5139 -59.4781 -59.4422 -59.4060 -59.3697 -59.3333 -59.2967 -59.2599 -59.2231 -59.1866 -59.1497 -59.1127 -59.0754 -59.0379 -58.9999 -58.9618 -58.9237 -58.8854 -58.8470 -58.8092 -58.7711 -58.7325 -58.6936 -58.6543 -58.6137 -58.5730 -58.5324 -58.4916 -58.4508 -58.4277 -58.3886 -58.3493 -58.3097 -58.2696 -58.2287 -58.1876 -58.1463 -58.1046 -58.0633 -58.0221
-59.5348 -59.4989 -59.4628 -59.4265 -59.3901 -59.3535 -59.3168 -59.2799 -59.2432 -59.2065 -59.1696 -59.1324 -59.0950 -59.0571 -59.0189 -58.9808 -58.9426 -58.9041 -58.8660 -58.8279 -58.7893 -58.7505 -58.7114 -58.6715 -58.6307 -58.5901 -58.5494 -58.5085 -58.4843 -58.4452 -58.4060 -58.3664 -58.3266 -58.2860 -58.2449 -58.2035 -58.1620 -58.1203 -58.0789 -58.0374
-59.5554 -59.5194 -59.4832 -59.4468 -59.4103 -59.3737 -59.3368 -59.3000 -59.2633 -59.2265 -59.1894 -59.1520 -59.1144 -59.0762 -59.0380 -58.9998 -58.9613 -58.9227 -58.8847 -58.8463 -58.8076 -58.7686 -58.7292 -58.6886 -58.6478 -58.6071 -58.5662 -58.5251 -58.5016 -58.4623 -58.4229 -58.3831 -58.3430 -58.3018 -58.2606 -58.2192 -58.1775 -58.1358 -58.0943 -58.0524
-59.5756 -59.5395 -59.5031 -59.4668 -59.4302 -59.3934 -59.3565 -59.3198 -59.2831 -59.2461 -59.2089 -59.1714 -59.1334 -59.0952 -59.0570 -59.0187 -58.9800 -58.9415 -58.9033 -58.8647 -58.8258 -58.7865 -58.7465 -58.7057 -58.6649 -58.6241 -58.5830 -58.5582 -58.5190 -58.4795 -58.4399 -58.3998 -58.3590 -58.3178 -58.2763 -58.2347 -58.1927 -58.1511 -58.1093 -58.0671
-59.5955 -59.5593 -59.5229 -59.4864 -59.4497 -59.4128 -59.3759 -59.3393 -59.3024 -59.2653 -59.2279 -59.1903 -59.1521 -59.1138 -59.0756 -59.0369 -58.9981 -58.9600 -58.9216 -58.8827 -58.8436 -58.8042 -58.7637 -58.7227 -58.6820 -58.6410 -58.5998 -58.5759 -58.5364 -58.4967 -58.4565 -58.4163 -58.3752 -58.3337 -58.2921 -58.2502 -58.2081 -58.1664 -58.1243 -58.0819
-62.0018 -61.9789 -59.5676 -59.5311 -59.4944 -59.4576 -59.4210 -59.3714 -59.3215 -59.2842 -59.2467 -59.2087 -59.1705 -59.1321 -59.0936 -59.0548 -59.0162 -58.9780 -58.9392 -58.9003 -58.8611 -58.8212 -58.7803 -58.7395 -58.6986 -58.6575 -58.6324 -58.5930 -58.5531 -58.5133 -58.4732 -58.4325 -58.3911 -58.3496 -58.3078 -58.2657 -58.2237 -58.1818 -58.1394 -58.0969
-62.0411 -62.0182 -61.9954 -61.9725 -61.9496 -61.9269 -61.9049 -61.8829 -61.8638 -61.8414 -61.8188 -61.7955 -61.7722 -61.7490 -59.1381 -59.0994 -59.0612 -59.0229 -58.9841 -58.9314 -58.8783 -58.8378 -58.7967 -58.7560 -58.7149 -58.6736 -58.6490 -58.6094 -58.5696 -58.5296 -58.4893 -58.4482 -58.4066 -58.3649 -58.3229 -58.2807 -58.2388 -58.1967 -58.1541 -58.1114
-62.0803 -62.0575 -62.0347 -62.0117 -61.9888 -61.9667 -61.9446 -61.9223 -61.9000 -61.8776 -61.8543 -61.8307 -61.8075 -61.7845 -61.7647 -61.7419 -61.7203 -61.6984 -61.6761 -61.6537 -61.6307 -61.6059 -61.5815 -61.5574 -61.5332 -61.5388 -58.6942 -58.6546 -58.6148 -58.5747 -58.5342 -58.4782 -58.4218 -58.3799 -58.3378 -58.2955 -58.2535 -58.2111 -58.1684 -58.1255
-62.1228 -62.1000 -62.0771 -62.0542 -62.0316 -62.0062 -61.9840 -61.9617 -61.9392 -61.9163 -61.8927 -61.8693 -61.8461 -61.8228 -61.7996 -61.7777 -61.7559 -61.7337 -61.7113 -61.6890 -61.6684 -61.6436 -61.6194 -61.5948 -61.5704 -61.5783 -61.5582 -61.5381 -61.5179 -61.4976 -61.4764 -61.4546 -61.4329 -61.4112 -61.3893 -61.3684 -61.3478 -61.3269 -61.3062 -58.1700
-62.1618 -62.1390 -62.1161 -62.0932 -62.0711 -62.0490 -62.0268 -62.0042 -61.9814 -61.9581 -61.9345 -61.9078 -61.8844 -61.8612 -61.8384 -61.8167 -61.7947 -61.7724 -61.7499 -61.7270 -61.7021 -61.6770 -61.6527 -61.6283 -61.6339 -61.6176 -61.5974 -61.5771 -61.5568 -61.5364 -61.5145 -61.4926 -61.4708 -61.4489 -61.4270 -61.4064 -61.3856 -61.3646 -61.3437 -61.3228
-62.2007 -62.1779 -62.1550 -62.1324 -62.1104 -62.0882 -62.0656 -62.0429 -62.0200 -61.9964 -61.9728 -61.9496 -61.9264 -61.9032 -61.8812 -61.8594 -61.8371 -61.8109 -61.7882 -61.7642 -61.7389 -61.7144 -61.6901 -61.6656 -61.6729 -61.6525 -61.6322 -61.6118 -61.5913 -61.5701 -61.5482 -61.5303 -61.5084 -61.4864 -61.4649 -61.4441 -61.4229 -61.4020 -61.3809 -61.3602
-62.2395 -62.2166 -62.1936 -62.1716 -62.1493 -62.1268 -62.1041 -62.0813 -62.0581 -62.0343 -62.0111 -61.9879 -61.9647 -61.9418 -61.9200 -61.8980 -61.8756 -61.8531 -61.8298 -61.8049 -61.7799 -61.7556 -61.7312 -61.7323 -61.7117 -61.6912 -61.6707 -61.6502 -61.6295 -61.6077 -61.5855 -61.5634 -61.5413 -61.5191 -61.4980 -61.4770 -61.4560 -61.4391 -61.4178 -61.3973
-62.5162 -62.4943 -62.4727 -62.4514 -62.4300 -62.4083 -62.3865 -62.3643 -62.3414 -62.3186 -62.0626 -62.0293 -62.0027 -61.9805 -61.9587 -61.9364 -61.9134 -61.8907 -61.8667 -61.8417 -61.8172 -61.7928 -61.7683 -61.7749 -61.7545 -61.7339 -61.7134 -61.6927 -61.6716 -61.6451 -61.6227 -61.6006 -61.5783 -61.5562 -61.5352 -61.5139 -61.4926 -61.4712 -61.4500 -61.4292
-62.5725 -62.5507 -62.5300 -62.5091 -62.4881 -62.4669 -62.4454 -62.4235 -62.4012 -62.3792 -62.3573 -62.3353 -62.3135 -62.2930 -62.2716 -62.2503 -62.2287 -62.2066 -62.1825 -62.1580 -62.1342 -62.1100 -61.8537 -61.8174 -61.7929 -61.7723 -61.7516 -61.7307 -61.7090 -61.6866 -61.6644 -61.6421 -61.6196 -61.5980 -61.5768 -61.5508 -61.5293 -61.5077 -61.4736 -61.4525
-62.6282 -62.6074 -62.5871 -62.5666 -62.5459 -62.5251 -62.5042 -62.4825 -62.4610 -62.4397 -62.4184 -62.3970 -62.3768 -62.3564 -62.3361 -62.3155 -62.2946 -62.2727 -62.2494 -62.2264 -62.2037 -62.1808 -62.1908 -62.1720 -62.1531 -62.1340 -62.1147 -62.0950 -62.0738 -62.0522 -62.0305 -62.0083 -61.9856 -61.9638 -61.9412 -61.5966 -61.5706 -61.5358 -61.5148 -61.4935
-62.6838 -62.6640 -62.6439 -62.6238 -62.6036 -62.5833 -62.5625 -62.5414 -62.5206 -62.4999 -62.4792 -62.4582 -62.4392 -62.4199 -62.4000 -62.3802 -62.3601 -62.3382 -62.3158 -62.2942 -62.2725 -62.2826 -62.2644 -62.2470 -62.2296 -62.2123 -62.1948 -62.1766 -62.1577 -62.1387 -62.1199 -62.1010 -62.0826 -62.0651 -62.0475 -62.0299 -61.9980 -61.9804 -61.9633 -61.9461
-62.7399 -62.7202 -62.7007 -62.6810 -62.6612 -62.6413 -62.6206 -62.6001 -62.5800 -62.5593 -62.5392 -62.5201 -62.5017 -62.4827 -62.4636 -62.4444 -62.4245 -62.4030 -62.3819 -62.3613 -62.3407 -62.3531 -62.3370 -62.3209 -62.3051 -62.2893 -62.2735 -62.2566 -62.2397 -62.2231 -62.2068 -62.1908 -62.1763 -62.1624 -62.1349 -62.1220 -62.1097 -62.0992 -62.0903 -62.0830
-62.7972 -62.7786 -62.7594 -62.7401 -62.7207 -62.7009 -62.6807 -62.6609 -62.6386 -62.6189 -62.5995 -62.5815 -62.5635 -62.5451 -62.5267 -62.5082 -62.4880 -62.4673 -62.4474 -62.4277 -62.4401 -62.4237 -62.4087 -62.3939 -62.3793 -62.3649 -62.3502 -62.3348 -62.3198 -62.3052 -62.2911 -62.2778 -62.2663 -62.2411 -62.2310 -62.2219 -62.2141 -62.2015 -62.1853 -62.1689
-62.8527 -62.8340 -62.8152 -62.7969 -62.7779 -62.7581 -62.7381 -62.7189 -62.6997 -62.6806 -62.6624 -62.6450 -62.6274 -62.6096 -62.5917 -62.5734 -62.5533 -62.5312 -62.5122 -62.4932 -62.5076 -62.4933 -62.4793 -62.4656 -62.4522 -62.4390 -62.4251 -62.4112 -62.3978 -62.3850 -62.3727 -62.3589 -62.3293 -62.3141 -62.2989 -62.2835 -62.2687 -62.2543 -62.2390 -62.2226
-62.9080 -62.8896 -62.8711 -62.8526 -62.8331 -62.8138 -62.7957 -62.7770 -62.7583 -62.7395 -62.7227 -62.7057 -62.6885 -62.6713 -62.6539 -62.6352 -62.6159 -62.5973 -62.5785 -62.5932 -62.5780 -62.5648 -62.5517 -62.5391 -62.5267 -62.5144 -62.5013 -62.4857 -62.4738 -62.4624 -62.4371 -62.4285 -62.4207 -62.3571 -62.3417 -62.3263 -62.3117 -62.2973 -62.2827 -62.2680
-63.0152 -62.9976 -62.9795 -62.9618 -62.9433 -62.9251 -62.9073 -62.8894 -62.8728 -62.8562 -62.8404 -62.8243 -62.8082 -62.7921 -62.7757 -62.7574 -62.7395 -62.7224 -62.7055 -62.7220 -62.7094 -62.6985 -62.6873 -62.6763 -62.6658 -62.6548 -62.6436 -62.6330 -62.6232 -62.5992 -62.5911 -62.5848 -62.5796 -62.5754 -62.5723 -62.4914 -62.4910 -62.4881 -62.3251 -62.3103
-63.0748 -63.0571 -63.0386 -63.0210 -63.0031 -62.9856 -62.9683 -62.9511 -62.9341 -62.9190 -62.9039 -62.8901 -62.8748 -62.8596 -62.8432 -62.8260 -62.8097 -62.7938 -62.8113 -62.7982 -62.7875 -62.7758 -62.7667 -62.7603 -62.7526 -62.7442 -62.7363 -62.7302 -62.7474 -62.7456 -62.7463 -62.9503 -63.0534 0.0000 0.0000 0.0000 -62.7423 0.0000 0.0000 0.0000
-63.1322 -63.1154 -63.0986 -63.0811 -63.0636 -63.0455 -63.0293 -63.0127 -62.9976 -62.9831 -62.9688 -62.9541 -62.9399 -62.9269 -62.9108 -62.8946 -62.8798 -62.8650 -62.8851 -62.8751 -62.8967 -62.8888 -62.8817 -62.8738 -62.8698 -62.8706 -63.0034 -63.0540 -74.1617 0.0000 0.0000 -63.0807 -73.9546 0.0000 0.0000 0.0000 -63.0526 0.0000 0.0000 0.0000
-63.1913 -63.1749 -63.1581 -63.1413 -63.1247 -63.1084 -63.0926 -63.0766 -63.0612 -63.0476 -63.0333 -63.0196 -63.0063 -63.0187 -63.0031 -62.9883 -62.9761 -62.9962 -62.9854 -62.9777 -62.9707 -62.9647 -62.9598 -63.0773 -63.0893 -63.0500 -63.1143 -63.1688 0.0000 0.0000 0.0000 0.0000 -73.0313 0.0000 0.0000 -79.1374 -63.1097 0.0000 0.0000 0.0000
-63.2495 -63.2334 -63.2168 -63.2003 -63.1850 -63.1945 -63.1790 -63.1645 -63.1511 -63.1377 -63.1242 -63.1097 -63.0964 -63.0813 -63.0664 -63.0527 -63.0394 -63.0613 -63.0543 -63.0475 -63.1540 -63.1566 -63.1619 -63.1703 -63.1654 -63.1966 -63.2783 -63.1165 -77.3495 0.0000 0.0000 0.0000 0.0000 -74.3771 -74.0520 -72.8401 0.0000 0.0000 -76.1715 -63.2856
-63.3325 -63.3166 -63.3004 -63.2831 -63.2677 -63.2525 -63.2374 -63.2242 -63.2112 -63.1981 -63.1851 -63.1722 -63.1586 -63.1440 -63.1301 -63.1158 -63.1370 -63.2178 -63.2173 -63.2190 -63.2224 -63.2308 -63.2262 -63.2332 -63.2572 -63.2772 0.0000 0.0000 0.0000 -74.2069 -74.8384 -73.7675 -73.5991 -73.1691 -72.6302 -63.0678 -74.5524 -74.2796 -73.1913 -63.0912
-63.3886 -63.3727 -63.3569 -63.3417 -63.3268 -63.3120 -63.2981 -63.2855 -63.2729 -63.2602 -63.2475 -63.2325 -63.2184 -63.2042 -63.2315 -63.2204 -63.2426 -63.2360 -63.2315 -63.2303 -63.2319 -63.2223 -63.2322 -63.2630 -63.3127 -63.3732 0.0000 0.0000 0.0000 -73.3556 -73.2292 -73.0508 -72.7794 -72.3384 -71.5566 -63.1132 -73.3963 -72.7975 -72.7707 -72.4471
-63.4440 -63.4284 -63.4132 -63.3984 -63.3837 -63.3693 -63.3566 -63.3443 -63.3319 -63.3196 -63.3075 -63.4207 -63.4479 -63.4457 -63.4457 -63.4818 -63.4830 0.0000 -63.2299 -63.2240 -63.2058 -63.2197 -63.2306 -63.2509 -63.2829 -73.4117 -79.6600 0.0000 0.0000 0.0000 -72.6409 -72.3906 -72.0569 -71.5371 -63.1245 -70.8228 -72.3833 -72.3975 -63.1374 -72.1609
-63.4991 -63.4838 -63.4691 -63.4546 -63.4403 -63.4268 -63.4147 -63.4026 -63.4966 -63.4996 -63.5075 -63.5074 -63.5027 -63.5005 -63.4997 -63.5361 -63.5818 0.0000 0.0000 -63.2745 -63.2772 -63.2652 -63.0500 -63.0363 -63.0253 -70.6230 -71.5329 -74.2291 -78.7376 -72.2953 -72.0807 -71.8049 -71.4161 -70.9208 -63.1098 -70.7947 -71.9570 -71.2650 -63.1115 -71.7735
-63.5537 -63.5390 -63.5246 -63.5104 -63.4964 -63.5832 -63.5794 -63.5772 -63.5772 -63.5797 -63.5715 -63.5650 -63.5601 -63.5572 -63.6058 -63.6293 0.0000 0.0000 0.0000 0.0000 -63.4139 -63.4206 -63.4234 -63.4346 -71.8002 -74.0488 -76.3762 -73.8682 -72.3121 -72.0659 -71.7733 -70.3182 -69.8975 -69.4921 -69.1797 -69.6228 -69.9445 -70.4484 -70.3178 -71.2158
-63.6081 -63.5938 -63.6745 -63.6657 -63.6586 -63.6539 -63.6473 -63.6369 -63.6266 -63.6163 -63.6053 -63.6230 -63.6283 -63.6278 -63.7041 0.0000 -80.5401 0.0000 0.0000 -78.3080 -63.5070 -63.5101 -63.5180 -63.5325 -72.6390 -74.4227 -76.2598 0.0000 0.0000 0.0000 -71.7642 -71.4032 -70.9846 -63.2188 -70.6540 -71.0171 -70.9912 -63.1731 -70.6206 -71.3349
-63.7605 -63.7474 -63.7346 -63.7219 -63.7109 -63.7005 -63.6899 -63.6794 -63.6691 -63.6587 -63.6552 -63.6436 -63.6876 -63.7590 0.0000 0.0000 0.0000 0.0000 -74.9578 -73.4903 -63.5831 -63.5862 -63.5928 -63.6254 -73.0651 -74.5335 0.0000 0.0000 0.0000 -71.9915 -71.6854 -71.3350 -70.9241 -63.2914 -70.7824 -70.9190 -70.5412 -63.1840 -70.6310 -70.9739
-63.8011 -63.7881 -63.7752 -63.7631 -63.7525 -63.7420 -63.7314 -63.7209 -63.7106 -63.7059 -63.6935 -63.6822 -63.6859 -73.9891 0.0000 0.0000 0.0000 0.0000 -73.6378 -63.6513 -63.6550 -63.6609 -63.6666 -72.3668 -73.1131 -74.1445 -79.0038 -80.4698 0.0000 -71.5664 -71.2747 -70.9445 -70.5567 -70.3590 -71.0553 -71.2984 -70.7784 -70.7263 -71.3121 -71.3508
