0.0000 0.0000 0.0000 0.0000 0.0000 0.0000 0.0000 0.0000 0.0000 0.0000 0.0000 0.0000 0.0000 0.0000 0.0000 0.0000 0.0000 0.0000 0.0000 0.0000 0.0000 0.0000 0.0000 0.0000 0.0000 0.0000 0.0000 0.0000 0.0000 0.0000 0.0000 0.0000 0.0000 0.0000 0.0000 0.0000 0.0000 0.0000 0.0000 0.0000
-52.4403 -52.4820 -52.5229 -52.5610 -52.5989 -52.6415 -52.6848 -52.7279 -52.7708 -52.8136 -52.8527 -52.8914 -52.9335 -52.9790 -53.0243 -53.0671 -53.1096 -53.1542 -53.2012 -53.2480 -53.2929 -53.3369 -53.3816 -53.4279 -53.4737 -53.5212 -53.5692 -53.6167 -53.6609 -53.7045 -53.7494 -53.7969 -53.8437 -53.8901 -53.9363 -53.9821 -54.0290 -54.0724 -54.1183 -54.1664
-52.3728 -52.4149 -52.4553 -52.4937 -52.5323 -52.5762 -52.6199 -52.6633 -52.7065 -52.7487 -52.7879 -52.8269 -52.8717 -52.9175 -52.9623 -53.0054 -53.0481 -53.0949 -53.1423 -53.1890 -53.2338 -53.2780 -53.3242 -53.3707 -53.4171 -53.4659 -53.5141 -53.5606 -53.6049 -53.6489 -53.6963 -53.7439 -53.7908 -53.8376 -53.8841 -53.9307 -53.9782 -54.0251 -54.0689 -54.1175
-52.3048 -52.3473 -52.3872 -52.4258 -52.4663 -52.5105 -52.5545 -52.5983 -52.6418 -52.6832 -52.7227 -52.7630 -52.8095 -52.8556 -52.8999 -52.9432 -52.9872 -53.0353 -53.0831 -53.1293 -53.1743 -53.2192 -53.2664 -53.3132 -53.3612 -53.4102 -53.4586 -53.5040 -53.5486 -53.5943 -53.6427 -53.6904 -53.7377 -53.7849 -53.8316 -53.8795 -53.9271 -53.9739 -54.0231 -54.0718
-52.2381 -52.2794 -52.3186 -52.3574 -52.3998 -52.4444 -52.4887 -52.5327 -52.5767 -52.6173 -52.6571 -52.7001 -52.7469 -52.7934 -52.8371 -52.8807 -52.9269 -52.9753 -53.0235 -53.0692 -53.1144 -53.1608 -53.2083 -53.2553 -53.3049 -53.3541 -53.4019 -53.4472 -53.4924 -53.5402 -53.5887 -53.6366 -53.6844 -53.7319 -53.7794 -53.8278 -53.8755 -53.9239 -53.9734 -54.0222
-52.1692 -52.2119 -52.2512 -52.2886 -52.3329 -52.3778 -52.4224 -52.4668 -52.5105 -52.5509 -52.5910 -52.6367 -52.6838 -52.7298 -52.7738 -52.8177 -52.8662 -52.9151 -52.9628 -53.0087 -53.0540 -53.1020 -53.1498 -53.1982 -53.2482 -53.2976 -53.3444 -53.3902 -53.4364 -53.4857 -53.5344 -53.5826 -53.6308 -53.6786 -53.7273 -53.7758 -53.8236 -53.8738 -53.9234 -53.9719
-52.0999 -52.1419 -52.1815 -52.2218 -52.2655 -52.3107 -52.3557 -52.4004 -52.4434 -52.4841 -52.5251 -52.5729 -52.6204 -52.6658 -52.7101 -52.7557 -52.8052 -52.8544 -52.9016 -52.9476 -52.9943 -53.0428 -53.0909 -53.1409 -53.1912 -53.2403 -53.2868 -53.3331 -53.3814 -53.4308 -53.4796 -53.5284 -53.5769 -53.6255 -53.6748 -53.7234 -53.7729 -53.8233 -53.8729 -53.9211
-52.0301 -52.0714 -52.1113 -52.1536 -52.1994 -52.2450 -52.2885 -52.3336 -52.3758 -52.4167 -52.4606 -52.5087 -52.5565 -52.6013 -52.6459 -52.6939 -52.7438 -52.7931 -52.8399 -52.8862 -52.9345 -52.9833 -53.0322 -53.0833 -53.1338 -53.1820 -53.2290 -53.2758 -53.3259 -53.3755 -53.4247 -53.4739 -53.5228 -53.5725 -53.6219 -53.6706 -53.7219 -53.7724 -53.8218 -53.8700
-51.9598 -52.0004 -52.0406 -52.0849 -52.1310 -52.1769 -52.2227 -52.2661 -52.3077 -52.3489 -52.3956 -52.4441 -52.4914 -52.5364 -52.5813 -52.6317 -52.6821 -52.7308 -52.7778 -52.8247 -52.8743 -52.9234 -52.9739 -53.0252 -53.0758 -53.1236 -53.1709 -53.2196 -53.2701 -53.3198 -53.3696 -53.4192 -53.4688 -53.5191 -53.5686 -53.6191 -53.6705 -53.7210 -53.7701 -53.7992
-51.8882 -51.9288 -51.9693 -52.0156 -52.0622 -52.1084 -52.1545 -52.1991 -52.2410 -52.2810 -52.3302 -52.3791 -52.4257 -52.4710 -52.5182 -52.5692 -52.6200 -52.6680 -52.7152 -52.7638 -52.8136 -52.8630 -52.9152 -52.9668 -53.0167 -53.0648 -53.1125 -53.1632 -53.2138 -53.2640 -53.3142 -53.3641 -53.4148 -53.4652 -53.5150 -53.5673 -53.6187 -53.6690 -53.7182 -53.7561
-51.8158 -51.8567 -51.8988 -51.9459 -51.9928 -52.0394 -52.0859 -52.1297 -52.1719 -52.2168 -52.2643 -52.3135 -52.3595 -52.4051 -52.4549 -52.5064 -52.5567 -52.6047 -52.6522 -52.7025 -52.7526 -52.8037 -52.8562 -52.9084 -52.9573 -53.0057 -53.0551 -53.1063 -53.1570 -53.2079 -53.2586 -53.3092 -53.3605 -53.4109 -53.4626 -53.5150 -53.5664 -53.6165 -53.6486 -53.7131
-51.7428 -51.7840 -51.8282 -51.8757 -51.9230 -51.9700 -52.0168 -52.0597 -52.1023 -52.1501 -52.2000 -52.2486 -52.2927 -52.3391 -52.3912 -52.4431 -52.4928 -52.5410 -52.5898 -52.6407 -52.6912 -52.7440 -52.7970 -52.8484 -52.8975 -52.9462 -52.9974 -53.0490 -53.1002 -53.1516 -53.2026 -53.2543 -53.3057 -53.3565 -53.4099 -53.4623 -53.5134 -53.5397 -53.6049 -53.6701
-51.6693 -51.7108 -51.7571 -51.8050 -51.8526 -51.9000 -51.9462 -51.9893 -52.0322 -52.0829 -52.1332 -52.1811 -52.2276 -52.2767 -52.3271 -52.3793 -52.4283 -52.4768 -52.5274 -52.5786 -52.6302 -52.6841 -52.7374 -52.7878 -52.8373 -52.8876 -52.9396 -52.9912 -53.0432 -53.0950 -53.1467 -53.1989 -53.2504 -53.3033 -53.3566 -53.4090 -53.4601 -53.4954 -53.5613 -53.6270
-51.5951 -51.6369 -51.6854 -51.7337 -51.7817 -51.8295 -51.8749 -51.9183 -51.9642 -52.0152 -52.0658 -52.1131 -52.1599 -52.2117 -52.2648 -52.3141 -52.3634 -52.4124 -52.4645 -52.5160 -52.5695 -52.6239 -52.6767 -52.7270 -52.7768 -52.8288 -52.8812 -52.9334 -52.9859 -53.0380 -53.0908 -53.1431 -53.1952 -53.2495 -53.3029 -53.3551 -53.3844 -53.4510 -53.5176 -53.5587
-51.5203 -51.5642 -51.6132 -51.6619 -51.7103 -51.7586 -51.8031 -51.8469 -51.8957 -51.9471 -51.9970 -52.0445 -52.0925 -52.1464 -52.2000 -52.2507 -52.3002 -52.3488 -52.4012 -52.4534 -52.5088 -52.5633 -52.6151 -52.6657 -52.7168 -52.7696 -52.8223 -52.8754 -52.9283 -52.9811 -53.0344 -53.0868 -53.1409 -53.1953 -53.2487 -53.3009 -53.3394 -53.4067 -53.4738 -53.5056
-51.4449 -51.4911 -51.5405 -51.5895 -51.6383 -51.6863 -51.7307 -51.7748 -51.8267 -51.8785 -51.9277 -51.9754 -52.0263 -52.0806 -52.1341 -52.1844 -52.2342 -52.2870 -52.3374 -52.3920 -52.4475 -52.5018 -52.5532 -52.6041 -52.6570 -52.7102 -52.7634 -52.8170 -52.8703 -52.9241 -52.9775 -53.0308 -53.0862 -53.1406 -53.1939 -53.2264 -53.2944 -53.3623 -53.4017 -53.4521
-51.3689 -51.4173 -51.4671 -51.5166 -51.5658 -51.6130 -51.6577 -51.7046 -51.7572 -51.8092 -51.8578 -51.9058 -51.9597 -52.0144 -52.0671 -52.1177 -52.1689 -52.2225 -52.2761 -52.3324 -52.3857 -52.4391 -52.4909 -52.5428 -52.5967 -52.6502 -52.7043 -52.7584 -52.8124 -52.8667 -52.9202 -52.9755 -53.0310 -53.0853 -53.1388 -53.1807 -53.2494 -53.3177 -53.3477 -53.3979
-51.2926 -51.3431 -51.3932 -51.4431 -51.4929 -51.5392 -51.5843 -51.6342 -51.6872 -51.7385 -51.7873 -51.8370 -51.8926 -51.9479 -51.9996 -52.0503 -52.1035 -52.1579 -52.2132 -52.2699 -52.3258 -52.3760 -52.4281 -52.4818 -52.5359 -52.5901 -52.6450 -52.6994 -52.7543 -52.8088 -52.8633 -52.9197 -52.9752 -53.0296 -53.0654 -53.1350 -53.2042 -53.2417 -53.2927 -53.3433
-51.2173 -51.2682 -51.3188 -51.3691 -51.4190 -51.4647 -51.5102 -51.5633 -51.6167 -51.6672 -51.7162 -51.7690 -51.8251 -51.8798 -51.9315 -51.9829 -52.0381 -52.0930 -52.1500 -52.2069 -52.2619 -52.3150 -52.3680 -52.4203 -52.4748 -52.5300 -52.5853 -52.6405 -52.6958 -52.7503 -52.8069 -52.8634 -52.9189 -52.9486 -53.0190 -53.0892 -53.1589 -53.1866 -53.2376 -53.2882
-51.1414 -51.1928 -51.2438 -51.2945 -51.3436 -51.3897 -51.4377 -51.4918 -51.5453 -51.5952 -51.6446 -51.7006 -51.7572 -51.8109 -51.8628 -51.9167 -51.9725 -52.0283 -52.0862 -52.1434 -52.1976 -52.2511 -52.3058 -52.3610 -52.4134 -52.4696 -52.5253 -52.5813 -52.6368 -52.6925 -52.7501 -52.8066 -52.8622 -52.9014 -52.9725 -53.0432 -53.0788 -53.1305 -53.1820 -53.2328
-51.0650 -51.1167 -51.1682 -51.2194 -51.2676 -51.3141 -51.3652 -51.4198 -51.4725 -51.5227 -51.5744 -51.6317 -51.6885 -51.7414 -51.7939 -51.8502 -51.9063 -51.9638 -52.0220 -52.0786 -52.1329 -52.1869 -52.2430 -52.2984 -52.3549 -52.4116 -52.4652 -52.5217 -52.5772 -52.6352 -52.6928 -52.7493 -52.7822 -52.8542 -52.9259 -52.9694 -53.0224 -53.0742 -53.1260 -53.1788
-50.9879 -51.0401 -51.0920 -51.1437 -51.1910 -51.2379 -51.2923 -51.3473 -51.3991 -51.4495 -51.5045 -51.5624 -51.6182 -51.6714 -51.7261 -51.7832 -51.8396 -51.8989 -51.9572 -52.0130 -52.0678 -52.1234 -52.1798 -52.2358 -52.2934 -52.3504 -52.4077 -52.4644 -52.5185 -52.5772 -52.6349 -52.6916 -52.7343 -52.8070 -52.8791 -52.9127 -52.9651 -53.0176 -53.0701 -53.1246
-50.9102 -50.9628 -51.0151 -51.0662 -51.1138 -51.1629 -51.2187 -51.2738 -51.3251 -51.3758 -51.4341 -51.4926 -51.5473 -51.6014 -51.6582 -51.7156 -51.7738 -51.8333 -51.8914 -51.9471 -52.0023 -52.0595 -52.1160 -52.1734 -52.2314 -52.2891 -52.3468 -52.4036 -52.4629 -52.5187 -52.5764 -52.6128 -52.6865 -52.7596 -52.8011 -52.8550 -52.9078 -52.9606 -53.0153 -53.0701
-50.8318 -50.8849 -50.9377 -50.9879 -51.0359 -51.0884 -51.1446 -51.1989 -51.2504 -51.3043 -51.3633 -51.4214 -51.4763 -51.5314 -51.5898 -51.6474 -51.7075 -51.7671 -51.8246 -51.8807 -51.9374 -51.9950 -52.0518 -52.1107 -52.1691 -52.2276 -52.2854 -52.3439 -52.4038 -52.4626 -52.5208 -52.5641 -52.6383 -52.7119 -52.7434 -52.7966 -52.8501 -52.9044 -52.9601 -53.0150
-50.7528 -50.8064 -50.8598 -50.9090 -50.9574 -51.0132 -51.0700 -51.1232 -51.1750 -51.2323 -51.2920 -51.3495 -51.4050 -51.4622 -51.5208 -51.5797 -51.6406 -51.7003 -51.7573 -51.8138 -51.8721 -51.9298 -51.9883 -52.0477 -52.1066 -52.1655 -52.2234 -52.2841 -52.3441 -52.4031 -52.4432 -52.5186 -52.5900 -52.6296 -52.6844 -52.7382 -52.7922 -52.8486 -52.9045 -52.9598
-50.6731 -50.7272 -50.7803 -50.8295 -50.8798 -50.9374 -50.9942 -51.0469 -51.0996 -51.1599 -51.2206 -51.2771 -51.3332 -51.3923 -51.4512 -51.5120 -51.5730 -51.6321 -51.6896 -51.7475 -51.8062 -51.8642 -51.9243 -51.9841 -52.0439 -52.1029 -52.1627 -52.2238 -52.2838 -52.3433 -52.3937 -52.4695 -52.5176 -52.5738 -52.6249 -52.6794 -52.7356 -52.7925 -52.8484 -52.9044
-50.5928 -50.6473 -50.6997 -50.7492 -50.8030 -50.8611 -50.9169 -50.9699 -51.0261 -51.0873 -51.1472 -51.2041 -51.2619 -51.3219 -51.3815 -51.4437 -51.5049 -51.5634 -51.6214 -51.6808 -51.7397 -51.7992 -51.8600 -51.9204 -51.9805 -52.0396 -52.1018 -52.1629 -52.2233 -52.2670 -52.3441 -52.4202 -52.4579 -52.5137 -52.5685 -52.6209 -52.6788 -52.7358 -52.7925 -52.8484
-50.5118 -50.5669 -50.6183 -50.6683 -50.7256 -50.7842 -50.8390 -50.8923 -50.9524 -51.0144 -51.0733 -51.1307 -51.1905 -51.2507 -51.3123 -51.3747 -51.4355 -51.4944 -51.5534 -51.6135 -51.6727 -51.7340 -51.7952 -51.8563 -51.9165 -51.9778 -52.0402 -52.1015 -52.1386 -52.2167 -52.2940 -52.3402 -52.3973 -52.4530 -52.5085 -52.5669 -52.6250 -52.6788 -52.7358 -52.7917
-50.4301 -50.4854 -50.5362 -50.5879 -50.6475 -50.7060 -50.7603 -50.8155 -50.8785 -50.9405 -50.9988 -51.0571 -51.1185 -51.1789 -51.2424 -51.3051 -51.3654 -51.4248 -51.4854 -51.5456 -51.6063 -51.6683 -51.7302 -51.7915 -51.8519 -51.9155 -51.9780 -52.0397 -52.0874 -52.1661 -52.2438 -52.2793 -52.3360 -52.3919 -52.4498 -52.5090 -52.5672 -52.6253 -52.6785 -52.7567
-50.3478 -50.4023 -50.4535 -50.5087 -50.5687 -50.6263 -50.6810 -50.7406 -50.8039 -50.8649 -50.9238 -50.9842 -51.0458 -51.1081 -51.1719 -51.2344 -51.2949 -51.3552 -51.4166 -51.4770 -51.5395 -51.6022 -51.6647 -51.7262 -51.7890 -51.8526 -51.9153 -51.9562 -52.0362 -52.1151 -52.1593 -52.2173 -52.2742 -52.3311 -52.3912 -52.4505 -52.5093 -52.5674 -52.6250 -52.7058
-50.2648 -50.3183 -50.3701 -50.4288 -50.4894 -50.5459 -50.6017 -50.6649 -50.7286 -50.7888 -50.8484 -50.9106 -50.9725 -51.0367 -51.1008 -51.1629 -51.2239 -51.2857 -51.3472 -51.4093 -51.4726 -51.5359 -51.5986 -51.6604 -51.7254 -51.7891 -51.8523 -51.9041 -51.9845 -52.0374 -52.0969 -52.1548 -52.2118 -52.2718 -52.3321 -52.3916 -52.4509 -52.5089 -52.5905 -52.6500
-50.1811 -50.2336 -50.2867 -50.3483 -50.4088 -50.4654 -50.5237 -50.5886 -50.6518 -50.7122 -50.7733 -50.8363 -50.8993 -50.9647 -51.0289 -51.0909 -51.1526 -51.2154 -51.2771 -51.3411 -51.4051 -51.4690 -51.5317 -51.5961 -51.6611 -51.7251 -51.7700 -51.8519 -51.9324 -51.9744 -52.0336 -52.0916 -52.1505 -52.2120 -52.2725 -52.3326 -52.3918 -52.4522 -52.5340 -52.5929
-50.0952 -50.1482 -50.2049 -50.2670 -50.3271 -50.3843 -50.4464 -50.5116 -50.5739 -50.6349 -50.6980 -50.7613 -50.8264 -50.8919 -50.9558 -51.0184 -51.0815 -51.1444 -51.2078 -51.2724 -51.3373 -51.4013 -51.4648 -51.5311 -51.5961 -51.6610 -51.7169 -51.7990 -51.8500 -51.9106 -51.9697 -52.0279 -52.0900 -52.1516 -52.2126 -52.2729 -52.3325 -52.4164 -52.4764 -52.5321
-50.0085 -50.0620 -50.1224 -50.1858 -50.2447 -50.3025 -50.3683 -50.4339 -50.4956 -50.5575 -50.6220 -50.6857 -50.7527 -50.8186 -50.8822 -50.9455 -51.0096 -51.0728 -51.1383 -51.2036 -51.2689 -51.3330 -51.3990 -51.4654 -51.5310 -51.5799 -51.6637 -51.7459 -51.7857 -51.8460 -51.9052 -51.9662 -52.0289 -52.0907 -52.1521 -52.2124 -52.2754 -52.3583 -52.4167 -52.4703
-49.9210 -49.9755 -50.0398 -50.1030 -50.1616 -50.2226 -50.2895 -50.3541 -50.4166 -50.4805 -50.5453 -50.6111 -50.6783 -50.7439 -50.8081 -50.8727 -50.9371 -51.0019 -51.0682 -51.1344 -51.1997 -51.2648 -51.3325 -51.3989 -51.4408 -51.5259 -51.6097 -51.6587 -51.7204 -51.7808 -51.8408 -51.9043 -51.9672 -52.0296 -52.0910 -52.1531 -52.2383 -52.2994 -52.3542 -52.4078
-49.8327 -49.8916 -49.9566 -50.0187 -50.0778 -50.1427 -50.2099 -50.2737 -50.3372 -50.4028 -50.4678 -50.5358 -50.6032 -50.6687 -50.7336 -50.7991 -50.8638 -50.9308 -50.9976 -51.0644 -51.1299 -51.1975 -51.2653 -51.3325 -51.3858 -51.4714 -51.5297 -51.5928 -51.6544 -51.7149 -51.7779 -51.8419 -51.9052 -51.9677 -52.0289 -52.0943 -52.1787 -52.2362 -52.2910 -52.3451
-49.7442 -49.8070 -49.8726 -49.9336 -49.9934 -50.0620 -50.1291 -50.1929 -50.2578 -50.3242 -50.3909 -50.4597 -50.5271 -50.5931 -50.6590 -50.7249 -50.7911 -50.8592 -50.9267 -50.9936 -51.0603 -51.1295 -51.1975 -51.2435 -51.3308 -51.4162 -51.4631 -51.5260 -51.5877 -51.6500 -51.7148 -51.7790 -51.8427 -51.9044 -51.9695 -52.0562 -52.1165 -52.1723 -52.2271 -52.2841
-49.6550 -49.7217 -49.7870 -49.8477 -49.9115 -49.9804 -50.0468 -50.1115 -50.1782 -50.2448 -50.3137 -50.3828 -50.4502 -50.5168 -50.5838 -50.6499 -50.7185 -50.7870 -50.8551 -50.9221 -50.9915 -51.0608 -51.1297 -51.1875 -51.2749 -51.3313 -51.3956 -51.4585 -51.5205 -51.5856 -51.6510 -51.7157 -51.7785 -51.8428 -51.9094 -51.9951 -52.0518 -52.1077 -52.1645 -52.2228
-49.5683 -49.6355 -49.6998 -49.7611 -49.8288 -49.8980 -49.9639 -50.0297 -50.0978 -50.1654 -50.2358 -50.3050 -50.3727 -50.4404 -50.5078 -50.5755 -50.6454 -50.7144 -50.7827 -50.8511 -50.9219 -50.9915 -51.0419 -51.1313 -51.2185 -51.2631 -51.3274 -51.3904 -51.4550 -51.5210 -51.5866 -51.6506 -51.7141 -51.7819 -51.8702 -51.9296 -51.9865 -52.0433 -52.1025 -52.1608
-49.4808 -49.5488 -49.6118 -49.6745 -49.7452 -49.8141 -49.8804 -49.9481 -50.0165 -50.0863 -50.1570 -50.2264 -50.2947 -50.3633 -50.4310 -50.5012 -50.5717 -50.6410 -50.7095 -50.7807 -50.8514 -50.9223 -50.9847 -51.0740 -51.1283 -51.1940 -51.2584 -51.3227 -51.3891 -51.4556 -51.5208 -51.5850 -51.6525 -51.7203 -51.8055 -51.8636 -51.9206 -51.9805 -52.0399 -52.0991
