-48.1501 -48.1182 -48.0877 -48.0564 -48.0279 -48.0017 -47.9787 -47.9545 -47.9286 -47.9105 -47.9080 -47.9381 -47.9704 -48.0033 -48.0332 -48.0688 -48.1088 -48.1470 -48.1875 -48.2312 -48.2742 -48.3182 -48.3650 -48.4150 -48.4670 -48.5144 -48.5636 -48.6156 -48.6731 -48.7312 -48.7795 -48.8353 -48.8999 -48.9560 -49.0107 -49.0752 -49.1397 -49.2043 -49.2650 -49.3237
-48.0402 -48.0074 -47.9766 -47.9450 -47.9159 -47.8892 -47.8659 -47.8416 -47.8155 -47.7969 -47.7944 -47.8249 -47.8576 -47.8908 -47.9210 -47.9575 -47.9980 -48.0365 -48.0779 -48.1221 -48.1657 -48.2107 -48.2579 -48.3092 -48.3610 -48.4090 -48.4595 -48.5123 -48.5719 -48.6283 -48.6770 -48.7373 -48.8024 -48.8567 -48.9151 -48.9808 -49.0460 -49.1114 -49.1711 -49.2336
-47.9290 -47.8953 -47.8642 -47.8324 -47.8027 -47.7754 -47.7519 -47.7275 -47.7010 -47.6820 -47.6793 -47.7104 -47.7436 -47.7770 -47.8075 -47.8450 -47.8859 -47.9248 -47.9670 -48.0118 -48.0559 -48.1019 -48.1497 -48.2022 -48.2539 -48.3024 -48.3544 -48.4089 -48.4695 -48.5242 -48.5735 -48.6384 -48.7016 -48.7565 -48.8193 -48.8855 -48.9515 -49.0160 -49.0763 -49.1429
-47.8178 -47.7830 -47.7504 -47.7184 -47.6881 -47.6604 -47.6364 -47.6120 -47.5852 -47.5657 -47.5630 -47.5945 -47.6282 -47.6618 -47.6926 -47.7311 -47.7724 -47.8117 -47.8549 -47.9001 -47.9450 -47.9919 -48.0403 -48.0941 -48.1456 -48.1946 -48.2481 -48.3047 -48.3661 -48.4190 -48.4712 -48.5385 -48.5998 -48.6560 -48.7224 -48.7892 -48.8560 -48.9196 -48.9806 -49.0514
-47.7041 -47.6683 -47.6363 -47.6041 -47.5733 -47.5440 -47.5196 -47.4951 -47.4680 -47.4480 -47.4452 -47.4773 -47.5114 -47.5453 -47.5764 -47.6159 -47.6576 -47.6973 -47.7414 -47.7872 -47.8328 -47.8806 -47.9302 -47.9847 -48.0360 -48.0860 -48.1408 -48.1995 -48.2616 -48.3126 -48.3694 -48.4380 -48.4976 -48.5564 -48.6245 -48.6920 -48.7597 -48.8222 -48.8866 -48.9590
-47.5892 -47.5522 -47.5198 -47.4874 -47.4560 -47.4272 -47.4025 -47.3779 -47.3493 -47.3289 -47.3260 -47.3586 -47.3932 -47.4273 -47.4587 -47.4994 -47.5415 -47.5815 -47.6266 -47.6730 -47.7194 -47.7680 -47.8190 -47.8741 -47.9252 -47.9766 -48.0323 -48.0931 -48.1541 -48.2049 -48.2671 -48.3367 -48.3943 -48.4569 -48.5255 -48.5939 -48.6612 -48.7239 -48.7926 -48.8659
-47.4730 -47.4347 -47.4018 -47.3692 -47.3373 -47.3080 -47.2827 -47.2581 -47.2303 -47.2094 -47.2053 -47.2385 -47.2736 -47.3080 -47.3396 -47.3814 -47.4239 -47.4642 -47.5105 -47.5574 -47.6047 -47.6540 -47.7064 -47.7623 -47.8130 -47.8660 -47.9226 -47.9856 -48.0447 -48.0967 -48.1642 -48.2316 -48.2899 -48.3562 -48.4254 -48.4947 -48.5612 -48.6246 -48.6977 -48.7704
-47.3554 -47.3158 -47.2825 -47.2495 -47.2172 -47.1873 -47.1615 -47.1369 -47.1087 -47.0873 -47.0842 -47.1179 -47.1535 -47.1870 -47.2189 -47.2621 -47.3048 -47.3456 -47.3929 -47.4406 -47.4887 -47.5386 -47.5925 -47.6486 -47.6995 -47.7543 -47.8124 -47.8770 -47.9348 -47.9885 -48.0602 -48.1253 -48.1845 -48.2544 -48.3244 -48.3946 -48.4602 -48.5266 -48.6019 -48.6734
-47.2364 -47.1957 -47.1616 -47.1284 -47.0956 -47.0651 -47.0388 -47.0141 -46.9855 -46.9636 -46.9604 -46.9947 -47.0309 -47.0657 -47.0979 -47.1413 -47.1843 -47.2260 -47.2740 -47.3223 -47.3714 -47.4219 -47.4773 -47.5332 -47.5847 -47.6413 -47.7020 -47.7678 -47.8237 -47.8824 -47.9550 -48.0179 -48.0804 -48.1514 -48.2224 -48.2928 -48.3580 -48.4290 -48.5052 -48.5754
-47.1159 -47.0745 -47.0393 -47.0057 -46.9725 -46.9414 -46.9145 -46.8898 -46.8609 -46.8384 -46.8351 -46.8700 -46.9067 -46.9417 -46.9746 -47.0201 -47.0633 -47.1061 -47.1535 -47.2026 -47.2526 -47.3037 -47.3607 -47.4163 -47.4685 -47.5279 -47.5909 -47.6573 -47.7113 -47.7753 -47.8487 -47.9093 -47.9756 -48.0472 -48.1193 -48.1888 -48.2548 -48.3304 -48.4059 -48.4764
-46.9941 -46.9519 -46.9154 -46.8815 -46.8479 -46.8162 -46.7886 -46.7639 -46.7346 -46.7115 -46.7081 -46.7437 -46.7809 -46.8161 -46.8500 -46.8963 -46.9397 -46.9835 -47.0328 -47.0827 -47.1324 -47.1840 -47.2427 -47.2985 -47.3528 -47.4134 -47.4784 -47.5429 -47.5977 -47.6669 -47.7381 -47.7996 -47.8697 -47.9421 -48.0152 -48.0838 -48.1525 -48.2308 -48.3051 -48.3768
-46.8707 -46.8277 -46.7900 -46.7556 -46.7217 -46.6893 -46.6610 -46.6363 -46.6066 -46.5830 -46.5795 -46.6157 -46.6535 -46.6889 -46.7237 -46.7709 -46.8144 -46.8593 -46.9093 -46.9601 -47.0118 -47.0652 -47.1254 -47.1798 -47.2361 -47.2976 -47.3645 -47.4272 -47.4827 -47.5574 -47.6262 -47.6887 -47.7624 -47.8360 -47.9099 -47.9775 -48.0510 -48.1303 -48.2033 -48.2791
-46.7458 -46.7020 -46.6629 -46.6280 -46.5939 -46.5608 -46.5317 -46.5071 -46.4770 -46.4528 -46.4492 -46.4861 -46.5244 -46.5599 -46.5959 -46.6439 -46.6875 -46.7335 -46.7843 -46.8362 -46.8891 -46.9445 -47.0055 -47.0610 -47.1194 -47.1820 -47.2492 -47.3101 -47.3701 -47.4466 -47.5131 -47.5795 -47.6538 -47.7286 -47.8016 -47.8702 -47.9485 -48.0270 -48.1005 -48.1804
-46.6192 -46.5758 -46.5350 -46.4991 -46.4643 -46.4306 -46.4007 -46.3761 -46.3456 -46.3208 -46.3171 -46.3547 -46.3935 -46.4293 -46.4663 -46.5152 -46.5590 -46.6067 -46.6587 -46.7114 -46.7650 -46.8223 -46.8840 -46.9394 -46.9999 -47.0645 -47.1338 -47.1929 -47.2571 -47.3345 -47.3987 -47.4690 -47.5440 -47.6201 -47.6922 -47.7632 -47.8448 -47.9221 -47.9975 -48.0804
-46.4910 -46.4478 -46.4059 -46.3694 -46.3340 -46.2996 -46.2685 -46.2435 -46.2126 -46.1873 -46.1834 -46.2217 -46.2612 -46.2973 -46.3359 -46.3858 -46.4299 -46.4789 -46.5316 -46.5849 -46.6394 -46.6986 -46.7600 -46.8163 -46.8789 -46.9456 -47.0152 -47.0729 -47.1441 -47.2195 -47.2845 -47.3571 -47.4334 -47.5105 -47.5815 -47.6574 -47.7401 -47.8162 -47.8957 -47.9792
-46.3611 -46.3181 -46.2750 -46.2379 -46.2020 -46.1671 -46.1353 -46.1097 -46.0788 -46.0532 -46.0494 -46.0880 -46.1278 -46.1643 -46.2043 -46.2546 -46.2990 -46.3494 -46.4029 -46.4568 -46.5121 -46.5732 -46.6345 -46.6917 -46.7564 -46.8251 -46.8928 -46.9515 -47.0284 -47.1015 -47.1681 -47.2453 -47.3230 -47.3983 -47.4696 -47.5506 -47.6324 -47.7091 -47.7927 -47.8769
-46.2294 -46.1867 -46.1423 -46.1047 -46.0681 -46.0328 -46.0003 -45.9741 -45.9432 -45.9172 -45.9134 -45.9524 -45.9926 -46.0295 -46.0709 -46.1213 -46.1664 -46.2182 -46.2723 -46.3270 -46.3832 -46.4462 -46.5074 -46.5666 -46.6324 -46.7031 -46.7690 -46.8305 -46.9114 -46.9820 -47.0527 -47.1305 -47.2098 -47.2857 -47.3590 -47.4442 -47.5232 -47.6025 -47.6884 -47.7738
-46.0960 -46.0534 -46.0079 -45.9696 -45.9325 -45.8967 -45.8634 -45.8366 -45.8056 -45.7793 -45.7756 -45.8150 -45.8555 -45.8928 -45.9356 -45.9861 -46.0319 -46.0852 -46.1400 -46.1955 -46.2526 -46.3176 -46.3786 -46.4401 -46.5069 -46.5794 -46.6436 -46.7110 -46.7929 -46.8611 -46.9358 -47.0148 -47.0953 -47.1702 -47.2487 -47.3350 -47.4144 -47.4979 -47.5829 -47.6696
-45.9607 -45.9183 -45.8720 -45.8327 -45.7949 -45.7585 -45.7246 -45.6971 -45.6660 -45.6395 -45.6358 -45.6755 -45.7165 -45.7542 -45.7984 -45.8490 -45.8956 -45.9504 -46.0058 -46.0622 -46.1211 -46.1873 -46.2481 -46.3119 -46.3807 -46.4541 -46.5166 -46.5899 -46.6700 -46.7388 -46.8173 -46.8979 -46.9788 -47.0533 -47.1372 -47.2225 -47.3027 -47.3903 -47.4783 -47.5666
-45.8236 -45.7813 -45.7344 -45.6938 -45.6554 -45.6184 -45.5838 -45.5556 -45.5244 -45.4976 -45.4940 -45.5340 -45.5754 -45.6136 -45.6592 -45.7100 -45.7576 -45.8137 -45.8698 -45.9271 -45.9880 -46.0553 -46.1158 -46.1820 -46.2529 -46.3260 -46.3879 -46.4674 -46.5451 -46.6163 -46.6972 -46.7796 -46.8596 -46.9357 -47.0244 -47.1086 -47.1921 -47.2813 -47.3710 -47.4597
-45.6846 -45.6421 -45.5949 -45.5529 -45.5138 -45.4762 -45.4410 -45.4122 -45.3808 -45.3537 -45.3501 -45.3904 -45.4322 -45.4710 -45.5180 -45.5690 -45.6181 -45.6751 -45.7317 -45.7901 -45.8531 -45.9205 -45.9818 -46.0503 -46.1233 -46.1947 -46.2577 -46.3433 -46.4185 -46.4938 -46.5756 -46.6599 -46.7389 -46.8204 -46.9104 -46.9932 -47.0810 -47.1713 -47.2627 -47.3513
-45.5436 -45.5003 -45.4533 -45.4100 -45.3702 -45.3320 -45.2964 -45.2665 -45.2349 -45.2076 -45.2041 -45.2447 -45.2869 -45.3263 -45.3746 -45.4259 -45.4765 -45.5345 -45.5916 -45.6511 -45.7163 -45.7836 -45.8462 -45.9169 -45.9918 -46.0616 -46.1308 -46.2176 -46.2904 -46.3697 -46.4533 -46.5387 -46.6167 -46.7038 -46.7927 -46.8766 -46.9684 -47.0606 -47.1530 -47.2414
-45.4010 -45.3565 -45.3095 -45.2650 -45.2245 -45.1855 -45.1496 -45.1188 -45.0869 -45.0593 -45.0558 -45.0968 -45.1394 -45.1795 -45.2292 -45.2807 -45.3329 -45.3917 -45.4495 -45.5102 -45.5775 -45.6447 -45.7098 -45.7816 -45.8584 -45.9267 -46.0022 -46.0875 -46.1606 -46.2438 -46.3294 -46.4139 -46.4930 -46.5858 -46.6735 -46.7615 -46.8542 -46.9488 -47.0411 -47.1310
-45.2581 -45.2106 -45.1636 -45.1179 -45.0766 -45.0368 -45.0005 -44.9688 -44.9366 -44.9087 -44.9053 -44.9467 -44.9896 -45.0305 -45.0815 -45.1334 -45.1871 -45.2467 -45.3052 -45.3672 -45.4368 -45.5039 -45.5715 -45.6452 -45.7232 -45.7899 -45.8719 -45.9548 -46.0311 -46.1160 -46.2040 -46.2875 -46.3724 -46.4663 -46.5529 -46.6451 -46.7397 -46.8362 -46.9275 -47.0207
-45.1110 -45.0636 -45.0166 -44.9696 -44.9276 -44.8870 -44.8491 -44.8165 -44.7840 -44.7558 -44.7524 -44.7942 -44.8375 -44.8792 -44.9315 -44.9838 -45.0392 -45.0994 -45.1590 -45.2222 -45.2940 -45.3610 -45.4312 -45.5070 -45.5843 -45.6512 -45.7399 -45.8202 -45.9006 -45.9873 -46.0770 -46.1594 -46.2502 -46.3430 -46.4313 -46.5270 -46.6242 -46.7206 -46.8123 -46.9087
-44.9627 -44.9122 -44.8651 -44.8179 -44.7751 -44.7337 -44.6964 -44.6629 -44.6301 -44.6016 -44.5972 -44.6393 -44.6830 -44.7256 -44.7791 -44.8319 -44.8890 -44.9499 -45.0107 -45.0756 -45.1492 -45.2161 -45.2889 -45.3667 -45.4425 -45.5139 -45.6061 -45.6839 -45.7683 -45.8573 -45.9466 -46.0297 -46.1265 -46.2181 -46.3107 -46.4076 -46.5077 -46.6031 -46.6982 -46.7957
-44.8121 -44.7596 -44.7123 -44.6629 -44.6193 -44.5772 -44.5401 -44.5058 -44.4726 -44.4437 -44.4405 -44.4830 -44.5271 -44.5707 -44.6256 -44.6776 -44.7365 -44.7980 -44.8601 -44.9273 -45.0017 -45.0690 -45.1446 -45.2243 -45.2986 -45.3769 -45.4677 -45.5457 -45.6339 -45.7255 -45.8139 -45.9025 -46.0011 -46.0916 -46.1884 -46.2881 -46.3891 -46.4839 -46.5822 -46.6835
-44.6599 -44.6045 -44.5569 -44.5064 -44.4620 -44.4190 -44.3803 -44.3451 -44.3115 -44.2833 -44.2801 -44.3230 -44.3674 -44.4122 -44.4683 -44.5220 -44.5828 -44.6449 -44.7085 -44.7782 -44.8512 -44.9204 -44.9981 -45.0797 -45.1527 -45.2380 -45.3262 -45.4080 -45.4977 -45.5920 -45.6794 -45.7743 -45.8716 -45.9646 -46.0642 -46.1674 -46.2675 -46.3644 -46.4647 -46.5694
-44.5047 -44.4478 -44.3998 -44.3486 -44.3022 -44.2584 -44.2189 -44.1829 -44.1487 -44.1193 -44.1162 -44.1594 -44.2052 -44.2512 -44.3084 -44.3628 -44.4254 -44.4880 -44.5531 -44.6253 -44.6997 -44.7717 -44.8513 -44.9342 -45.0046 -45.0970 -45.1827 -45.2686 -45.3609 -45.4557 -45.5431 -45.6443 -45.7405 -45.8377 -45.9396 -46.0457 -46.1436 -46.2441 -46.3480 -46.4535
-44.3470 -44.2880 -44.2388 -44.1875 -44.1404 -44.0957 -44.0554 -44.0181 -43.9832 -43.9534 -43.9504 -43.9940 -44.0394 -44.0870 -44.1448 -44.2009 -44.2655 -44.3285 -44.3953 -44.4701 -44.5444 -44.6194 -44.7009 -44.7829 -44.8570 -44.9556 -45.0387 -45.1286 -45.2239 -45.3161 -45.4088 -45.5124 -45.6076 -45.7089 -45.8146 -45.9192 -46.0183 -46.1223 -46.2298 -46.3334
-44.1868 -44.1266 -44.0752 -44.0236 -43.9753 -43.9297 -43.8885 -43.8511 -43.8155 -43.7854 -43.7818 -43.8258 -43.8717 -43.9210 -43.9793 -44.0353 -44.1020 -44.1664 -44.2349 -44.3124 -44.3867 -44.4646 -44.5481 -44.6289 -44.7103 -44.8078 -44.8912 -44.9847 -45.0833 -45.1762 -45.2755 -45.3781 -45.4763 -45.5799 -45.6876 -45.7905 -45.8936 -46.0006 -46.1099 -46.2118
-44.0239 -43.9626 -43.9088 -43.8569 -43.8073 -43.7608 -43.7186 -43.6806 -43.6443 -43.6138 -43.6110 -43.6553 -43.7019 -43.7521 -43.8109 -43.8687 -43.9366 -44.0003 -44.0708 -44.1510 -44.2265 -44.3074 -44.3928 -44.4725 -44.5615 -44.6563 -44.7439 -44.8396 -44.9404 -45.0326 -45.1387 -45.2400 -45.3422 -45.4498 -45.5596 -45.6619 -45.7695 -45.8801 -45.9858 -46.0907
-43.8584 -43.7958 -43.7396 -43.6872 -43.6364 -43.5889 -43.5457 -43.5071 -43.4699 -43.4392 -43.4364 -43.4811 -43.5284 -43.5809 -43.6403 -43.7000 -43.7679 -43.8330 -43.9056 -43.9881 -44.0626 -44.1466 -44.2337 -44.3136 -44.4103 -44.5025 -44.5942 -44.6932 -44.7931 -44.8903 -44.9994 -45.0996 -45.2061 -45.3176 -45.4260 -45.5321 -45.6424 -45.7556 -45.8620 -45.9739
-43.6902 -43.6262 -43.5674 -43.5145 -43.4625 -43.4140 -43.3697 -43.3306 -43.2924 -43.2614 -43.2587 -43.3038 -43.3519 -43.4060 -43.4659 -43.5277 -43.5969 -43.6638 -43.7392 -43.8212 -43.8981 -43.9845 -44.0729 -44.1510 -44.2557 -44.3452 -44.4419 -44.5447 -44.6437 -44.7477 -44.8554 -44.9593 -45.0688 -45.1835 -45.2904 -45.4009 -45.5150 -45.6273 -45.7356 -45.8527
-43.5190 -43.4536 -43.3922 -43.3386 -43.2856 -43.2360 -43.1904 -43.1509 -43.1116 -43.0803 -43.0778 -43.1232 -43.1721 -43.2278 -43.2884 -43.3523 -43.4221 -43.4909 -43.5692 -43.6521 -43.7323 -43.8206 -43.9072 -43.9922 -44.0973 -44.1873 -44.2859 -44.3927 -44.4907 -44.6029 -44.7092 -44.8177 -44.9312 -45.0450 -45.1543 -45.2683 -45.3855 -45.4965 -45.6114 -45.7279
-43.3449 -43.2780 -43.2140 -43.1595 -43.1054 -43.0548 -43.0078 -42.9679 -42.9274 -42.8958 -42.8934 -42.9392 -42.9891 -43.0463 -43.1077 -43.1738 -43.2440 -43.3149 -43.3962 -43.4793 -43.5628 -43.6530 -43.7397 -43.8328 -43.9352 -44.0286 -44.1312 -44.2375 -44.3394 -44.4535 -44.5596 -44.6727 -44.7914 -44.9041 -45.0180 -45.1357 -45.2526 -45.3649 -45.4850 -45.6007
-43.1675 -43.0988 -43.0325 -42.9770 -42.9219 -42.8702 -42.8218 -42.7815 -42.7397 -42.7078 -42.7055 -42.7517 -42.8027 -42.8614 -42.9236 -42.9919 -43.0626 -43.1358 -43.2201 -43.3035 -43.3905 -43.4824 -43.5684 -43.6699 -43.7697 -43.8683 -43.9749 -44.0802 -44.1882 -44.3012 -44.4119 -44.5284 -44.6471 -44.7597 -44.8799 -45.0009 -45.1169 -45.2356 -45.3553 -45.4734
-42.9889 -42.9169 -42.8484 -42.7903 -42.7345 -42.6821 -42.6320 -42.5916 -42.5484 -42.5161 -42.5140 -42.5606 -42.6128 -42.6729 -42.7360 -42.8066 -42.8776 -42.9533 -43.0408 -43.1245 -43.2150 -43.3085 -43.3945 -43.5044 -43.6014 -43.7043 -43.8149 -43.9195 -44.0353 -44.1476 -44.2622 -44.3824 -44.5005 -44.6178 -44.7397 -44.8614 -44.9780 -45.1038 -45.2232 -45.3468
-42.8072 -42.7316 -42.6616 -42.6007 -42.5440 -42.4899 -42.4381 -42.3976 -42.3527 -42.3207 -42.3188 -42.3657 -42.4191 -42.4807 -42.5448 -42.6179 -42.6890 -42.7674 -42.8583 -42.9423 -43.0365 -43.1313 -43.2205 -43.3336 -43.4316 -43.5389 -43.6509 -43.7583 -43.8781 -43.9911 -44.1113 -44.2351 -44.3525 -44.4740 -44.5990 -44.7202 -44.8432 -44.9667 -45.0895 -45.2165
-42.6222 -42.5434 -42.4717 -42.4076 -42.3498 -42.2944 -42.2414 -42.2003 -42.1537 -42.1208 -42.1190 -42.1663 -42.2217 -42.2846 -42.3498 -42.4255 -42.4969 -42.5787 -42.6720 -42.7588 -42.8548 -42.9495 -43.0473 -43.1574 -43.2601 -43.3714 -43.4829 -43.5973 -43.7166 -43.8348 -43.9588 -44.0824 -44.2034 -44.3299 -44.4567 -44.5781 -44.7057 -44.8289 -44.9579 -45.0725
