-31.1098 -31.5576 -31.9871 -32.3825 -32.7815 -33.1714 -33.5464 -33.9297 -34.3129 -34.6969 -35.0591 -35.4208 -35.8238 -36.1517 -36.4672 -36.7735 -37.1729 -37.4979 -37.8234 -38.1438 -38.4546 -38.7556 -39.0550 -39.3485 -39.6339 -39.9123 -40.1824 -40.4447 -40.7051 -40.9604 -41.2099 -41.4529 -41.6932 -41.9296 -42.1608 -42.3870 -42.6081 -42.8252 -43.0376 -43.2430
-30.7913 -31.2411 -31.6527 -32.0564 -32.4631 -32.8561 -33.2536 -33.6580 -34.0429 -34.4280 -34.8066 -35.1892 -35.5911 -35.9227 -36.2433 -36.6443 -36.9859 -37.3298 -37.6696 -37.9961 -38.3100 -38.6206 -38.9285 -39.2256 -39.5135 -39.7938 -40.0663 -40.3369 -40.6037 -40.8653 -41.1215 -41.3718 -41.6150 -41.8514 -42.0811 -42.3062 -42.5270 -42.7427 -42.9548 -43.1641
-30.5046 -30.9247 -31.3422 -31.7449 -32.1500 -32.5607 -32.9643 -33.3635 -33.7695 -34.1748 -34.5741 -35.0092 -35.3566 -35.6915 -36.0226 -36.4655 -36.8251 -37.1758 -37.5150 -37.8461 -38.1676 -38.4866 -38.7976 -39.0992 -39.3931 -39.6797 -39.9648 -40.2456 -40.5179 -40.7821 -41.0368 -41.2846 -41.5262 -41.7628 -41.9991 -42.2306 -42.4567 -42.6773 -42.8910 -43.1008
-30.2241 -30.6285 -31.0268 -31.4336 -31.8415 -32.2514 -32.6725 -33.0937 -33.5183 -33.9273 -34.3374 -34.7632 -35.1243 -35.4736 -35.9215 -36.2930 -36.6634 -37.0199 -37.3642 -37.7000 -38.0355 -38.3608 -38.6776 -38.9880 -39.2884 -39.5841 -39.8709 -40.1497 -40.4213 -40.6884 -40.9486 -41.2024 -41.4496 -41.6918 -41.9285 -42.1597 -42.3854 -42.6063 -42.8222 -43.0340
-29.9569 -30.3262 -30.7136 -31.1125 -31.5247 -31.9488 -32.3928 -32.8214 -33.2543 -33.6861 -34.1559 -34.5367 -34.9018 -35.3512 -35.7391 -36.1243 -36.5017 -36.8670 -37.2208 -37.5798 -37.9254 -38.2541 -38.5721 -38.8812 -39.1884 -39.4882 -39.7797 -40.0623 -40.3367 -40.6042 -40.8654 -41.1206 -41.3712 -41.6157 -41.8543 -42.0874 -42.3170 -42.5411 -42.7606 -42.9752
-29.6796 -30.0090 -30.3746 -30.7822 -31.2159 -31.6485 -32.1025 -32.5631 -33.0124 -33.4648 -33.9225 -34.3096 -34.6847 -35.1767 -35.5860 -35.9903 -36.3772 -36.7443 -37.1080 -37.4674 -37.8155 -38.1520 -38.4770 -38.7970 -39.1099 -39.4131 -39.7069 -39.9922 -40.2694 -40.5404 -40.8077 -41.0693 -41.3241 -41.5723 -41.8140 -42.0497 -42.2797 -42.5041 -42.7239 -42.9388
-29.3439 -29.6559 -30.0211 -30.4430 -30.8928 -31.3540 -31.8273 -32.3052 -32.7655 -33.2706 -33.6917 -34.1021 -34.5963 -35.0190 -35.4402 -35.8470 -36.2389 -36.6240 -36.9992 -37.3609 -37.7100 -38.0475 -38.3796 -38.7061 -39.0231 -39.3306 -39.6293 -39.9186 -40.1991 -40.4738 -40.7417 -41.0024 -41.2565 -41.5059 -41.7493 -41.9869 -42.2191 -42.4466 -42.6692 -42.8869
-28.9272 -29.2520 -29.6419 -30.0875 -30.5504 -31.0543 -31.5606 -32.0609 -32.5545 -33.0529 -33.4843 -33.9827 -34.4304 -34.8751 -35.3034 -35.7131 -36.1155 -36.5119 -36.8937 -37.2609 -37.6148 -37.9621 -38.3002 -38.6270 -38.9444 -39.2522 -39.5511 -39.8422 -40.1286 -40.4075 -40.6787 -40.9427 -41.1997 -41.4503 -41.6949 -41.9331 -42.1661 -42.3937 -42.6160 -42.8330
-28.4269 -28.7918 -29.2462 -29.7390 -30.2527 -30.7805 -31.3146 -31.8341 -32.3816 -32.8409 -33.2848 -33.8267 -34.2929 -34.7453 -35.1797 -35.5998 -36.0168 -36.4166 -36.8007 -37.1704 -37.5322 -37.8846 -38.2252 -38.5547 -38.8739 -39.1838 -39.4849 -39.7799 -40.0663 -40.3447 -40.6164 -40.8813 -41.1394 -41.3910 -41.6361 -41.8750 -42.1086 -42.3375 -42.5612 -42.7799
-27.8786 -28.3267 -28.8430 -29.3957 -29.9606 -30.5248 -31.0860 -31.6388 -32.1815 -32.6589 -33.2054 -33.6907 -34.1701 -34.6269 -35.0653 -35.5011 -35.9215 -36.3250 -36.7126 -37.0897 -37.4567 -37.8105 -38.1525 -38.4842 -38.8052 -39.1173 -39.4228 -39.7194 -40.0076 -40.2878 -40.5604 -40.8259 -41.0846 -41.3373 -41.5838 -41.8246 -42.0594 -42.2890 -42.5134 -42.7328
-27.3380 -27.8959 -28.4900 -29.0898 -29.7031 -30.3077 -30.8923 -31.4867 -31.9965 -32.5547 -33.0688 -33.5791 -34.0660 -34.5304 -34.9850 -35.4236 -35.8438 -36.2473 -36.6405 -37.0243 -37.3940 -37.7507 -38.0953 -38.4286 -38.7514 -39.0667 -39.3727 -39.6697 -39.9581 -40.2386 -40.5114 -40.7771 -41.0359 -41.2882 -41.5343 -41.7750 -42.0100 -42.2405 -42.4657 -42.6860
-26.8971 -27.5354 -28.1916 -28.8482 -29.4938 -30.1255 -30.7697 -31.3214 -31.8441 -32.4497 -32.9805 -33.4912 -33.9783 -34.4507 -34.9105 -35.3516 -35.7745 -36.1831 -36.5807 -36.9632 -37.3329 -37.6899 -38.0347 -38.3699 -38.6971 -39.0139 -39.3209 -39.6190 -39.9096 -40.1920 -40.4668 -40.7342 -40.9945 -41.2476 -41.4947 -41.7360 -41.9716 -42.2017 -42.4267 -42.6467
-26.5676 -27.2664 -27.9614 -28.6669 -29.3435 -29.9923 -30.6367 -31.1984 -31.8067 -32.3606 -32.8993 -33.4105 -33.9007 -34.3830 -34.8437 -35.2861 -35.7114 -36.1270 -36.5260 -36.9093 -37.2788 -37.6351 -37.9666 -38.3054 -38.6335 -38.9510 -39.2590 -39.5578 -39.8481 -40.1303 -40.4054 -40.6741 -40.9360 -41.1911 -41.4402 -41.6833 -41.9205 -42.1523 -42.3787 -42.6002
-26.4229 -27.1528 -27.8712 -28.5737 -29.2637 -29.9555 -30.5518 -31.1136 -31.7486 -32.3150 -32.8536 -33.3656 -33.8701 -34.3508 -34.8100 -35.2498 -35.6791 -36.0922 -36.4899 -36.8737 -37.2437 -37.6035 -37.9536 -38.2923 -38.6204 -38.9375 -39.2445 -39.5427 -39.8323 -40.1138 -40.3880 -40.6549 -40.9149 -41.1693 -41.4175 -41.6597 -41.8963 -42.1275 -42.3535 -42.5752
-26.4321 -27.1466 -27.8766 -28.5791 -29.2587 -29.9233 -30.5204 -31.1577 -31.7396 -32.2988 -32.8324 -33.3531 -33.8549 -34.3337 -34.7897 -35.2326 -35.6590 -36.0703 -36.4666 -36.8483 -37.2197 -37.5804 -37.9280 -38.2636 -38.5887 -38.9039 -39.2104 -39.5083 -39.7980 -40.0806 -40.3571 -40.6257 -40.8876 -41.1424 -41.3913 -41.6347 -41.8725 -42.1048 -42.3318 -42.5538
-26.5803 -27.2835 -27.9839 -28.6616 -29.3432 -29.9643 -30.5977 -31.1876 -31.7675 -32.3230 -32.8531 -33.3663 -33.8604 -34.3340 -34.7912 -35.2297 -35.6510 -36.0587 -36.4526 -36.8343 -37.2050 -37.5627 -37.9089 -38.2432 -38.5666 -38.8798 -39.1856 -39.4842 -39.7760 -40.0596 -40.3352 -40.6031 -40.8644 -41.1185 -41.3664 -41.6084 -41.8448 -42.0762 -42.3028 -42.5241
-26.8283 -27.5053 -28.1670 -28.8288 -29.4646 -30.0602 -30.6864 -31.2715 -31.8320 -32.3675 -32.9031 -33.4068 -33.8868 -34.3552 -34.8086 -35.2428 -35.6589 -36.0604 -36.4542 -36.8366 -37.2043 -37.5581 -37.9006 -38.2328 -38.5563 -38.8711 -39.1775 -39.4753 -39.7649 -40.0450 -40.3178 -40.5840 -40.8435 -41.0967 -41.3438 -41.5861 -41.8232 -42.0548 -42.2812 -42.5025
-27.1900 -27.8081 -28.4286 -29.0435 -29.6395 -30.2459 -30.8274 -31.3927 -31.9311 -32.4549 -32.9659 -33.4609 -33.9355 -34.3982 -34.8446 -35.2716 -35.6821 -36.0808 -36.4715 -36.8488 -37.2113 -37.5617 -37.9007 -38.2318 -38.5532 -38.8665 -39.1709 -39.4662 -39.7528 -40.0313 -40.3020 -40.5682 -40.8290 -41.0835 -41.3319 -41.5745 -41.8114 -42.0416 -42.2662 -42.4857
-27.5810 -28.1829 -28.7478 -29.3150 -29.8697 -30.4449 -30.9986 -31.5297 -32.0606 -32.5738 -33.0705 -33.5456 -34.0079 -34.4539 -34.8896 -35.3105 -35.7176 -36.1139 -36.4984 -36.8706 -37.2274 -37.5726 -37.9110 -38.2407 -38.5616 -38.8709 -39.1713 -39.4636 -39.7488 -40.0278 -40.3001 -40.5654 -40.8239 -41.0749 -41.3201 -41.5594 -41.7931 -42.0215 -42.2475 -42.4688
-35.9727 -36.5558 -29.1013 -29.6267 -30.1609 -30.6855 -31.2122 -31.7105 -32.2163 -32.7075 -33.1824 -33.6494 -34.1019 -34.5395 -34.9593 -35.3625 -35.7637 -36.1535 -36.5317 -36.8965 -37.2490 -37.5925 -37.9305 -38.2606 -38.5742 -38.8787 -39.1754 -39.4683 -39.7532 -40.0301 -40.2992 -40.5615 -40.8174 -41.0672 -41.3128 -41.5533 -41.7886 -42.0184 -42.2431 -42.4615
-36.8204 -37.1954 -37.6821 -29.9799 -30.4720 -30.9566 -31.4396 -31.9244 -32.4071 -32.8684 -33.3248 -33.7712 -34.2047 -34.6268 -35.0375 -35.4440 -35.8374 -36.2148 -36.5792 -36.9378 -37.2865 -37.6248 -37.9544 -38.2749 -38.5866 -38.8925 -39.1927 -39.4842 -39.7643 -40.0366 -40.3023 -40.5632 -40.8190 -41.0685 -41.3124 -41.5506 -41.7832 -42.0107 -42.2335 -42.4519
-37.7094 -37.9494 -38.2856 -38.7080 -38.7799 -31.2679 -31.7082 -32.1567 -32.6082 -33.0496 -33.4887 -33.9150 -34.3294 -34.7354 -35.1356 -35.5274 -35.9080 -36.2828 -36.6473 -36.9973 -37.3361 -37.6672 -37.9920 -38.3084 -38.6166 -38.9173 -39.2103 -39.4954 -39.7731 -40.0463 -40.3143 -40.5759 -40.8298 -41.0762 -41.3167 -41.5517 -41.7841 -42.0117 -42.2345 -42.4529
-38.5804 -38.7312 -38.9641 -39.2715 -39.6458 -39.5937 -32.0532 -32.4387 -32.8265 -33.2487 -33.6655 -34.0708 -34.4709 -34.8653 -35.2504 -35.6270 -35.9960 -36.3580 -36.7105 -37.0537 -37.3949 -37.7248 -38.0428 -38.3525 -38.6542 -38.9491 -39.2372 -39.5177 -39.7939 -40.0634 -40.3266 -40.5836 -40.8346 -41.0818 -41.3250 -41.5627 -41.7945 -42.0184 -42.2376 -42.4520
-39.4177 -39.5050 -39.6639 -39.8875 -40.1715 -40.5084 -40.3481 -40.1068 -33.1255 -33.4928 -33.8526 -34.2411 -34.6262 -35.0033 -35.3765 -35.7447 -36.1010 -36.4489 -36.7891 -37.1243 -37.4547 -37.7770 -38.0925 -38.4016 -38.7010 -38.9918 -39.2752 -39.5523 -39.8231 -40.0875 -40.3464 -40.6017 -40.8517 -41.0959 -41.3347 -41.5678 -41.7957 -42.0210 -42.2433 -42.4610
-39.9916 -40.2582 -40.3608 -40.5212 -40.7359 -40.9996 -41.3065 -41.0531 -40.8866 -41.0610 -34.1198 -34.4462 -34.7899 -35.1554 -35.5174 -35.8678 -36.2120 -36.5526 -36.8850 -37.2117 -37.5308 -37.8427 -38.1501 -38.4507 -38.7458 -39.0345 -39.3161 -39.5905 -39.8586 -40.1219 -40.3787 -40.6293 -40.8747 -41.1151 -41.3509 -41.5833 -41.8106 -42.0330 -42.2506 -42.4635
-40.6694 -40.7342 -40.8458 -41.1576 -41.3167 -41.5217 -41.7675 -42.0494 -41.7147 -41.6038 -41.7156 -34.7164 -35.0274 -35.3321 -35.6628 -36.0008 -36.3374 -36.6640 -36.9866 -37.3066 -37.6175 -37.9225 -38.2215 -38.5139 -38.8008 -39.0808 -39.3579 -39.6298 -39.8970 -40.1584 -40.4136 -40.6625 -40.9057 -41.1434 -41.3758 -41.6044 -41.8288 -42.0488 -42.2655 -42.4779
-41.3118 -41.3594 -41.4398 -41.5620 -41.7164 -42.0582 -42.2518 -42.4816 -42.5630 -42.3355 -42.2656 -42.3506 -42.5814 -35.5822 -35.8688 -36.1527 -36.4658 -36.7827 -37.1006 -37.4079 -37.7098 -38.0103 -38.3004 -38.5855 -38.8668 -39.1420 -39.4118 -39.6773 -39.9382 -40.1964 -40.4488 -40.6968 -40.9397 -41.1761 -41.4070 -41.6329 -41.8541 -42.0707 -42.2842 -42.4948
-41.9075 -41.9494 -42.0164 -42.1098 -42.2339 -42.3903 -42.5774 -42.9370 -43.1518 -43.0800 -42.9237 -42.8829 -42.9560 -43.1392 -36.1138 -36.3799 -36.6463 -36.9209 -37.2175 -37.5159 -37.8128 -38.1007 -38.3845 -38.6673 -38.9394 -39.2063 -39.4741 -39.7362 -39.9922 -40.2433 -40.4897 -40.7329 -40.9720 -41.2068 -41.4380 -41.6647 -41.8846 -42.0999 -42.3108 -42.5178
-42.4632 -42.5037 -42.5629 -42.6427 -42.7457 -42.8725 -43.0280 -43.2055 -43.4115 -43.7826 -43.5899 -43.4816 -43.4620 -43.5295 -43.6825 -43.9127 -36.8722 -37.1245 -37.3717 -37.6377 -37.9186 -38.2000 -38.4778 -38.7487 -39.0160 -39.2847 -39.5449 -39.7986 -40.0516 -40.2990 -40.5410 -40.7783 -41.0125 -41.2424 -41.4696 -41.6920 -41.9119 -42.1284 -42.3407 -42.5463
-42.9798 -43.0216 -43.0767 -43.1476 -43.2371 -43.3466 -43.4763 -43.6263 -43.8049 -43.9937 -44.0715 -44.0841 -44.0095 -44.0054 -44.0704 -44.2043 -44.3998 -37.3488 -37.5836 -37.8176 -38.0462 -38.3072 -38.5741 -38.8395 -39.1017 -39.3612 -39.6165 -39.8708 -40.1177 -40.3592 -40.5977 -40.8320 -41.0614 -41.2861 -41.5088 -41.7280 -41.9437 -42.1558 -42.3637 -42.5709
-43.4660 -43.5107 -43.5645 -43.6298 -43.7099 -43.8063 -43.9201 -44.0503 -44.1990 -44.3672 -44.5562 -44.5021 -44.4239 -44.5157 -44.5232 -44.5877 -44.7062 -44.8764 -45.0945 -38.0272 -38.2479 -38.4650 -38.6836 -38.9358 -39.1937 -39.4483 -39.6991 -39.9440 -40.1848 -40.4253 -40.6599 -40.8887 -41.1145 -41.3369 -41.5549 -41.7689 -41.9797 -42.1893 -42.3951 -42.5977
-44.5643 -43.9721 -44.0260 -44.0883 -44.1618 -44.2488 -44.3497 -44.4652 -44.5966 -44.7432 -44.9047 -45.0214 -44.9280 -44.8768 -44.8711 -45.0170 -45.0791 -45.1871 -45.3380 -45.5304 -38.4539 -38.6628 -38.8692 -39.0744 -39.2960 -39.5389 -39.7837 -40.0248 -40.2630 -40.4948 -40.7227 -40.9508 -41.1740 -41.3921 -41.6069 -41.8185 -42.0264 -42.2305 -42.4308 -42.6309
-45.1518 -45.0127 -44.4636 -44.5245 -44.5939 -44.6739 -44.7642 -44.8686 -44.9861 -45.1170 -45.2611 -45.4182 -45.4105 -45.3446 -45.3149 -45.3210 -45.3635 -45.5484 -45.6481 -45.7841 -45.9559 -46.1578 -39.0633 -39.2642 -39.4624 -39.6581 -39.8784 -40.1092 -40.3408 -40.5701 -40.7970 -41.0170 -41.2332 -41.4500 -41.6627 -41.8711 -42.0762 -42.2782 -42.4769 -42.6727
-45.6640 -45.5644 -45.4622 -44.9437 -45.0117 -45.0866 -45.1695 -45.2645 -45.3707 -45.4887 -45.6184 -45.7550 -45.8767 -45.7997 -45.7536 -45.7415 -45.7532 -45.8018 -45.8796 -46.0906 -46.2140 -46.3676 -46.5514 -39.4805 -39.6470 -39.8367 -40.0244 -40.2098 -40.4289 -40.6489 -40.8687 -41.0875 -41.3040 -41.5132 -41.7188 -41.9254 -42.1285 -42.3281 -42.5250 -42.7189
-46.0948 -46.0624 -45.9718 -45.8993 -45.4079 -45.4775 -45.5564 -45.6440 -45.7412 -45.8485 -45.9661 -46.0942 -46.2333 -46.2430 -46.1860 -46.1549 -46.1518 -46.1781 -46.2241 -46.3039 -46.4034 -46.6326 -46.7742 -46.9413 -47.1265 -40.0176 -40.1982 -40.3784 -40.5566 -40.7404 -40.9508 -41.1610 -41.3701 -41.5796 -41.7867 -41.9860 -42.1820 -42.3802 -42.5751 -42.7668
-46.5026 -46.4757 -46.4552 -46.3785 -46.3264 -45.8536 -45.9284 -46.0103 -46.1002 -46.1990 -46.3066 -46.4235 -46.5521 -46.6608 -46.5989 -46.5593 -46.5421 -46.5472 -46.5785 -46.6309 -46.7040 -46.8022 -47.0340 -47.1639 -47.3168 -47.4909 -47.6836 -40.5500 -40.7220 -40.8935 -41.0631 -41.2476 -41.4480 -41.6495 -41.8489 -42.0500 -42.2487 -42.4400 -42.6272 -42.8167
-46.8913 -46.8700 -46.8530 -46.8429 -46.7755 -46.7405 -46.2869 -46.3643 -46.4485 -46.5400 -46.6393 -46.7475 -46.8652 -46.9896 -46.9945 -46.9494 -46.9239 -46.9177 -46.9312 -46.9632 -47.0207 -47.0917 -47.1852 -47.2982 -47.5421 -47.6827 -47.8427 -48.0202 -40.8907 -41.0537 -41.2189 -41.3824 -41.5442 -41.7295 -41.9207 -42.1147 -42.3072 -42.5005 -42.6900 -42.8737
-47.2631 -47.2471 -47.2338 -47.2255 -47.2206 -47.1675 -47.1464 -46.7067 -46.7861 -46.8718 -46.9641 -47.0665 -47.1736 -47.2881 -47.3732 -47.3252 -47.2939 -47.2797 -47.2819 -47.2997 -47.3366 -47.3923 -47.4684 -47.5554 -47.6636 -47.7868 -48.0387 -48.1865 -48.3504 -48.5288 -41.3781 -41.5346 -41.6925 -41.8487 -42.0038 -42.1901 -42.3750 -42.5619 -42.7470 -42.9316
-47.6200 -47.6086 -47.5988 -47.5895 -47.5887 -47.5899 -47.5516 -47.5414 -47.1134 -47.1942 -47.2817 -47.3768 -47.4763 -47.5825 -47.6953 -47.6862 -47.6516 -47.6316 -47.6236 -47.6337 -47.6590 -47.6992 -47.7544 -47.8283 -47.9162 -48.0150 -48.1336 -48.2651 -48.5227 -48.6747 -48.8404 -41.6934 -41.8423 -41.9936 -42.1453 -42.2953 -42.4526 -42.6317 -42.8105 -42.9902
-47.9632 -47.9561 -47.9495 -47.9419 -47.9423 -47.9483 -47.9532 -47.9269 -47.4305 -47.5075 -47.5925 -47.6799 -47.7730 -47.8718 -47.9768 -48.0331 -47.9965 -47.9693 -47.9587 -47.9615 -47.9777 -48.0072 -48.0500 -48.1061 -48.1775 -48.2613 -48.3599 -48.4680 -48.5942 -48.7331 -48.9925 -49.1468 -49.3080 -42.1437 -42.2880 -42.4350 -42.5801 -42.7233 -42.8826 -43.0550
