-40.3842 -40.5180 -40.6602 -40.7959 -40.9352 -41.0757 -41.2127 -41.3483 -41.4858 -41.6290 -41.7678 -41.9035 -42.0427 -42.1808 -42.3181 -42.4547 -42.5913 -42.7295 -42.8658 -43.0004 -43.1465 -43.3094 -43.4720 -43.6353 -43.7965 -43.9554 -44.1117 -44.2661 -44.4184 -44.5692 -44.7185 -44.8656 -45.0105 -45.1532 -45.2938 -45.4343 -45.5733 -45.7103 -45.8440 -45.9749
-40.6129 -40.7423 -40.8690 -41.0069 -41.1370 -41.2703 -41.4048 -41.5375 -41.6665 -41.7988 -41.9350 -42.0708 -42.2007 -42.3338 -42.4681 -42.6006 -42.7320 -42.8637 -42.9960 -43.1279 -43.2579 -43.3864 -43.5349 -43.6916 -43.8488 -44.0059 -44.1609 -44.3132 -44.4631 -44.6117 -44.7583 -44.9033 -45.0469 -45.1884 -45.3278 -45.4653 -45.6007 -45.7355 -45.8696 -45.9901
-40.8387 -40.9628 -41.0876 -41.2075 -41.3415 -41.4669 -41.5942 -41.7229 -41.8519 -41.9754 -42.1021 -42.2314 -42.3639 -42.4906 -42.6171 -42.7471 -42.8752 -43.0014 -43.1287 -43.2557 -43.3831 -43.5090 -43.6334 -43.7561 -43.9073 -44.0581 -44.2103 -44.3617 -44.5038 -44.6494 -44.7928 -44.9352 -45.0757 -45.2147 -45.3523 -45.4878 -45.6215 -45.7533 -45.8832 -46.0119
-41.0648 -41.1808 -41.3003 -41.4209 -41.5344 -41.6639 -41.7856 -41.9076 -42.0306 -42.1563 -42.2754 -42.3959 -42.5189 -42.6477 -42.7724 -42.8932 -43.0179 -43.1424 -43.2600 -43.3813 -43.5043 -43.6267 -43.7482 -43.8682 -43.9868 -44.1108 -44.2575 -44.4025 -44.5496 -44.6951 -44.8378 -44.9775 -45.1150 -45.2524 -45.3881 -45.5222 -45.6548 -45.7855 -45.9143 -46.0412
-41.2867 -41.3995 -41.5111 -41.6264 -41.7429 -41.8503 -41.9754 -42.0912 -42.2082 -42.3255 -42.4467 -42.5627 -42.6774 -42.7969 -42.9193 -43.0413 -43.1581 -43.2761 -43.3966 -43.5149 -43.6313 -43.7496 -43.8684 -43.9861 -44.1025 -44.2175 -44.3312 -44.4585 -44.6000 -44.7403 -44.8823 -45.0225 -45.1593 -45.2935 -45.4255 -45.5581 -45.6891 -45.8183 -45.9461 -46.0719
-41.5033 -41.6119 -41.7201 -41.8275 -41.9387 -42.0515 -42.1535 -42.2736 -42.3889 -42.5016 -42.6139 -42.7309 -42.8447 -42.9548 -43.0702 -43.1868 -43.3053 -43.4195 -43.5317 -43.6483 -43.7638 -43.8763 -43.9887 -44.1040 -44.2184 -44.3313 -44.4427 -44.5530 -44.6621 -44.7927 -44.9291 -45.0651 -45.2020 -45.3371 -45.4684 -45.5973 -45.7244 -45.8523 -45.9787 -46.1033
-41.7240 -41.8223 -41.9281 -42.0321 -42.1357 -42.2433 -42.3528 -42.4508 -42.5653 -42.6777 -42.7865 -42.8948 -43.0071 -43.1191 -43.2257 -43.3356 -43.4471 -43.5615 -43.6735 -43.7823 -43.8930 -44.0053 -44.1151 -44.2229 -44.3332 -44.4446 -44.5544 -44.6626 -44.7696 -44.8755 -44.9809 -45.1139 -45.2454 -45.3773 -45.5093 -45.6396 -45.7657 -45.8897 -46.0120 -46.1355
-41.9392 -42.0367 -42.1307 -42.2341 -42.3340 -42.4341 -42.5382 -42.6446 -42.7389 -42.8481 -42.9577 -43.0630 -43.1678 -43.2754 -43.3853 -43.4886 -43.5934 -43.7013 -43.8109 -43.9203 -44.0259 -44.1311 -44.2401 -44.3478 -44.4522 -44.5562 -44.6645 -44.7721 -44.8772 -44.9811 -45.0838 -45.1855 -45.2944 -45.4227 -45.5496 -45.6776 -45.8050 -45.9307 -46.0517 -46.1713
-42.1562 -42.2452 -42.3389 -42.4299 -42.5304 -42.6262 -42.7231 -42.8238 -42.9274 -43.0182 -43.1224 -43.2293 -43.3313 -43.4328 -43.5358 -43.6424 -43.7439 -43.8439 -43.9485 -44.0535 -44.1595 -44.2629 -44.3645 -44.4686 -44.5736 -44.6757 -44.7759 -44.8787 -44.9835 -45.0867 -45.1876 -45.2873 -45.3859 -45.4834 -45.5959 -45.7199 -45.8424 -45.9667 -46.0897 -46.2114
-42.3702 -42.4539 -42.5414 -42.6314 -42.7199 -42.8173 -42.9094 -43.0032 -43.1007 -43.2017 -43.2892 -43.3885 -43.4935 -43.5920 -43.6902 -43.7888 -43.8922 -43.9920 -44.0885 -44.1888 -44.2897 -44.3925 -44.4936 -44.5922 -44.6912 -44.7932 -44.8937 -44.9908 -45.0873 -45.1893 -45.2907 -45.3892 -45.4861 -45.5817 -45.6764 -45.7701 -45.8862 -46.0059 -46.1255 -46.2465
-42.5801 -42.6612 -42.7424 -42.8284 -42.9149 -43.0009 -43.0954 -43.1838 -43.2748 -43.3693 -43.4677 -43.5523 -43.6475 -43.7501 -43.8454 -43.9403 -44.0351 -44.1350 -44.2332 -44.3268 -44.4226 -44.5205 -44.6193 -44.7178 -44.8138 -44.9089 -45.0070 -45.1053 -45.2004 -45.2939 -45.3898 -45.4885 -45.5860 -45.6800 -45.7730 -45.8649 -45.9560 -46.0494 -46.1675 -46.2840
-42.7842 -42.8653 -42.9430 -43.0219 -43.1066 -43.1896 -43.2736 -43.3649 -43.4501 -43.5383 -43.6300 -43.7255 -43.8082 -43.8991 -43.9993 -44.0916 -44.1833 -44.2754 -44.3712 -44.4677 -44.5586 -44.6501 -44.7452 -44.8403 -44.9358 -45.0296 -45.1220 -45.2154 -45.3109 -45.4050 -45.4958 -45.5856 -45.6813 -45.7767 -45.8694 -45.9597 -46.0491 -46.1387 -46.2279 -46.3260
-42.9877 -43.0634 -43.1413 -43.2164 -43.2931 -43.3764 -43.4560 -43.5383 -43.6263 -43.7085 -43.7942 -43.8831 -43.9759 -44.0567 -44.1435 -44.2408 -44.3310 -44.4196 -44.5090 -44.6009 -44.6948 -44.7841 -44.8718 -44.9639 -45.0557 -45.1483 -45.2399 -45.3296 -45.4187 -45.5114 -45.6037 -45.6927 -45.7799 -45.8692 -45.9620 -46.0542 -46.1425 -46.2304 -46.3177 -46.4045
-43.1888 -43.2590 -43.3342 -43.4088 -43.4818 -43.5569 -43.6382 -43.7145 -43.7952 -43.8803 -43.9594 -44.0428 -44.1290 -44.2193 -44.2982 -44.3811 -44.4757 -44.5639 -44.6494 -44.7363 -44.8244 -44.9157 -45.0037 -45.0889 -45.1768 -45.2660 -45.3554 -45.4443 -45.5318 -45.6185 -45.7069 -45.7967 -45.8848 -45.9695 -46.0533 -46.1427 -46.2332 -46.3218 -46.4073 -46.4922
-43.3870 -43.4541 -43.5223 -43.5970 -43.6683 -43.7395 -43.8135 -43.8925 -43.9655 -44.0448 -44.1270 -44.2034 -44.2846 -44.3681 -44.4558 -44.5330 -44.6121 -44.7040 -44.7905 -44.8731 -44.9573 -45.0420 -45.1307 -45.2174 -45.3002 -45.3843 -45.4709 -45.5573 -45.6437 -45.7289 -45.8133 -45.8974 -45.9848 -46.0715 -46.1545 -46.2359 -46.3209 -46.4248 -46.5129 -46.5978
-43.5801 -43.6468 -43.7119 -43.7791 -43.8522 -43.9202 -43.9898 -44.0628 -44.1392 -44.2093 -44.2873 -44.3667 -44.4410 -44.5196 -44.6006 -44.6859 -44.7614 -44.8369 -44.9262 -45.0111 -45.0911 -45.1725 -45.2541 -45.3401 -45.4255 -45.5060 -45.5864 -45.6705 -45.7541 -45.8379 -45.9216 -46.0164 -46.0986 -46.1827 -46.2677 -46.3511 -46.4320 -46.5120 -46.5972 -46.6831
-43.7690 -43.8353 -43.8990 -43.9624 -44.0294 -44.0995 -44.1648 -44.2330 -44.3050 -44.3785 -44.4461 -44.5230 -44.5998 -44.6721 -44.7484 -44.8267 -44.9096 -44.9835 -45.0556 -45.1425 -45.2258 -45.3034 -45.3820 -45.4613 -45.5443 -45.6383 -45.7178 -45.7956 -45.8770 -45.9588 -46.0406 -46.1220 -46.2025 -46.2825 -46.3627 -46.4460 -46.5288 -46.6082 -46.6866 -46.7662
-43.9588 -44.0184 -44.0830 -44.1438 -44.2060 -44.2727 -44.3394 -44.4026 -44.4695 -44.5405 -44.6111 -44.6764 -44.7522 -44.8265 -44.8969 -44.9710 -45.0468 -45.1273 -45.1997 -45.2772 -45.3621 -45.4444 -45.5201 -45.5964 -45.6740 -45.7538 -45.8354 -45.9138 -45.9899 -46.0678 -46.1475 -46.2269 -46.3061 -46.3845 -46.4623 -46.5405 -46.6210 -46.7016 -46.7805 -46.8569
-44.1436 -44.2012 -44.2613 -44.3229 -44.3818 -44.4428 -44.5091 -44.5725 -44.6343 -44.6993 -44.7693 -44.8370 -44.9002 -44.9754 -45.0548 -45.1236 -45.1959 -45.2697 -45.3483 -45.4194 -45.4864 -45.5680 -45.6490 -45.7225 -45.7962 -45.8717 -45.9484 -46.0279 -46.1053 -46.1793 -46.2539 -46.3315 -46.4088 -46.4857 -46.5620 -46.6388 -46.7151 -46.7919 -46.8703 -46.9478
-44.3235 -44.3817 -44.4363 -44.4973 -44.5559 -44.6135 -44.6736 -44.7391 -44.8058 -44.8668 -44.9303 -44.9997 -45.0644 -45.1269 -45.2004 -45.2704 -45.3374 -45.4075 -45.4792 -45.5557 -45.6252 -45.6904 -45.7686 -45.8485 -45.9198 -45.9909 -46.0644 -46.1382 -46.2155 -46.2919 -46.3639 -46.4355 -46.5110 -46.5862 -46.6610 -46.7362 -46.8107 -46.8848 -46.9583 -47.0342
-44.5030 -44.5574 -44.6187 -44.6729 -44.7333 -44.7891 -44.8460 -44.9062 -44.9697 -45.0271 -45.0870 -45.1497 -45.2167 -45.2789 -45.3409 -45.4125 -45.4804 -45.5456 -45.6137 -45.6832 -45.7576 -45.8258 -45.8892 -45.9641 -46.0421 -46.1121 -46.1807 -46.2521 -46.3231 -46.3981 -46.4728 -46.5435 -46.6132 -46.6854 -46.7588 -46.8323 -46.9054 -46.9781 -47.0501 -47.1216
-44.6874 -44.7354 -44.7909 -44.8437 -44.8987 -44.9565 -45.0100 -45.0664 -45.1264 -45.1870 -45.2424 -45.3014 -45.3629 -45.4280 -45.4879 -45.5492 -45.6191 -45.6848 -45.7483 -45.8145 -45.8819 -45.9544 -46.0211 -46.0826 -46.1544 -46.2303 -46.2992 -46.3657 -46.4346 -46.5037 -46.5758 -46.6486 -46.7184 -46.7864 -46.8558 -46.9283 -46.9996 -47.0707 -47.1416 -47.2118
-44.8451 -44.9099 -44.9587 -45.0124 -45.0623 -45.1186 -45.1733 -45.2257 -45.2810 -45.3407 -45.3984 -45.4519 -45.5099 -45.5703 -45.6338 -45.6914 -45.7522 -45.8202 -45.8838 -45.9457 -46.0098 -46.0751 -46.1457 -46.2111 -46.2709 -46.3396 -46.4135 -46.4814 -46.5463 -46.6128 -46.6801 -46.7494 -46.8203 -46.8894 -46.9559 -47.0231 -47.0931 -47.1622 -47.2313 -47.3003
-45.0327 -45.0803 -45.1264 -45.1765 -45.2273 -45.2764 -45.3327 -45.3844 -45.4361 -45.4902 -45.5494 -45.6041 -45.6565 -45.7128 -45.7722 -45.8337 -45.8893 -45.9497 -46.0159 -46.0775 -46.1381 -46.2003 -46.2637 -46.3324 -46.3964 -46.4547 -46.5204 -46.5924 -46.6593 -46.7220 -46.7860 -46.8515 -46.9182 -46.9873 -47.0559 -47.1214 -47.1864 -47.2536 -47.3208 -47.3877
-45.1936 -45.2352 -45.2928 -45.3378 -45.3886 -45.4361 -45.4864 -45.5406 -45.5896 -45.6409 -45.6950 -45.7524 -45.8040 -45.8560 -45.9104 -45.9690 -46.0282 -46.0825 -46.1423 -46.2068 -46.2665 -46.3252 -46.3855 -46.4470 -46.5139 -46.5768 -46.6335 -46.6963 -46.7663 -46.8323 -46.8932 -46.9548 -47.0186 -47.0828 -47.1504 -47.2185 -47.2826 -47.3457 -47.4109 -47.4763
-45.3570 -45.4151 -45.4321 -45.4994 -45.5454 -45.5943 -45.6392 -45.6910 -45.7422 -45.7894 -45.8406 -45.8946 -45.9498 -45.9987 -46.0500 -46.1026 -46.1605 -46.2175 -46.2705 -46.3296 -46.3925 -46.4503 -46.5074 -46.5659 -46.6256 -46.6908 -46.7524 -46.8076 -46.8676 -46.9358 -47.0009 -47.0600 -47.1192 -47.1813 -47.2435 -47.3102 -47.3773 -47.4404 -47.5017 -47.5633
-45.5175 -45.5643 -45.6080 -45.6583 -45.7008 -45.7481 -45.7941 -45.8377 -45.8902 -45.9383 -45.9850 -46.0350 -46.0885 -46.1403 -46.1883 -46.2390 -46.2902 -46.3472 -46.4020 -46.4536 -46.5122 -46.5733 -46.6293 -46.6850 -46.7417 -46.7996 -46.8632 -46.9235 -46.9772 -47.0345 -47.1009 -47.1651 -47.2224 -47.2802 -47.3410 -47.4026 -47.4668 -47.5311 -47.5930 -47.6526
-45.6742 -45.7203 -45.7810 -45.7955 -45.8557 -45.8980 -45.9452 -45.9881 -46.0331 -46.0841 -46.1292 -46.1756 -46.2242 -46.2769 -46.3260 -46.3732 -46.4229 -46.4735 -46.5291 -46.5818 -46.6320 -46.6900 -46.7494 -46.8036 -46.8579 -46.9129 -46.9691 -47.0310 -47.0901 -47.1424 -47.1971 -47.2625 -47.3259 -47.3815 -47.4368 -47.4966 -47.5567 -47.6183 -47.6806 -47.7416
-45.8275 -45.8734 -45.9182 -45.9642 -46.0071 -46.0480 -46.0914 -46.1366 -46.1768 -46.2235 -46.2717 -46.3150 -46.3614 -46.4094 -46.4601 -46.5072 -46.5535 -46.6020 -46.6521 -46.7064 -46.7569 -46.8058 -46.8631 -46.9207 -46.9734 -47.0262 -47.0797 -47.1342 -47.1945 -47.2532 -47.3040 -47.3561 -47.4190 -47.4814 -47.5357 -47.5904 -47.6480 -47.7065 -47.7658 -47.8261
-45.9787 -46.0231 -46.0673 -46.1305 -46.1429 -46.1960 -46.2353 -46.2799 -46.3221 -46.3611 -46.4091 -46.4542 -46.4961 -46.5422 -46.5897 -46.6386 -46.6838 -46.7295 -46.7763 -46.8262 -46.8791 -46.9276 -46.9751 -47.0317 -47.0875 -47.1388 -47.1902 -47.2428 -47.2957 -47.3544 -47.4111 -47.4604 -47.5102 -47.5713 -47.6320 -47.6867 -47.7400 -47.7953 -47.8523 -47.9092
-46.1272 -46.1706 -46.2136 -46.2564 -46.3049 -46.3167 -46.3799 -46.4196 -46.4636 -46.5026 -46.5432 -46.5899 -46.6319 -46.6736 -46.7181 -46.7652 -46.8120 -46.8559 -46.9008 -46.9462 -46.9958 -47.0473 -47.0939 -47.1406 -47.1959 -47.2506 -47.3006 -47.3506 -47.4009 -47.4522 -47.5093 -47.5648 -47.6128 -47.6604 -47.7196 -47.7795 -47.8337 -47.8855 -47.9387 -47.9938
-46.2753 -46.3159 -46.3573 -46.3990 -46.4646 -46.4752 -46.5213 -46.5590 -46.5999 -46.6417 -46.6783 -46.7208 -46.7652 -46.8048 -46.8465 -46.8894 -46.9359 -46.9806 -47.0237 -47.0677 -47.1117 -47.1610 -47.2110 -47.2565 -47.3027 -47.3565 -47.4087 -47.4573 -47.5060 -47.5548 -47.6046 -47.6601 -47.7144 -47.7609 -47.8072 -47.8644 -47.9231 -47.9766 -48.0270 -48.0778
-46.4207 -46.4583 -46.4993 -46.5393 -46.5797 -46.6309 -46.6410 -46.6971 -46.7337 -46.7756 -46.8143 -46.8493 -46.8937 -46.9349 -46.9732 -47.0148 -47.0570 -47.1021 -47.1450 -47.1872 -47.2309 -47.2735 -47.3225 -47.3705 -47.4141 -47.4598 -47.5121 -47.5626 -47.6100 -47.6573 -47.7046 -47.7528 -47.8067 -47.8598 -47.9050 -47.9503 -48.0058 -48.0628 -48.1157 -48.1655
-46.5634 -46.6001 -46.6385 -46.6777 -46.7165 -46.7563 -46.7933 -46.8324 -46.8685 -46.9059 -46.9467 -46.9822 -47.0190 -47.0620 -47.1000 -47.1378 -47.1786 -47.2204 -47.2645 -47.3059 -47.3472 -47.3892 -47.4313 -47.4791 -47.5252 -47.5675 -47.6127 -47.6635 -47.7124 -47.7585 -47.8044 -47.8503 -47.8969 -47.9493 -48.0013 -48.0453 -48.0912 -48.1442 -48.1997 -48.2518
-46.7051 -46.7393 -46.7749 -46.8137 -46.8517 -46.8890 -46.9427 -46.9514 -47.0005 -47.0354 -47.0739 -47.1123 -47.1456 -47.1843 -47.2251 -47.2610 -47.2993 -47.3385 -47.3800 -47.4219 -47.4620 -47.5026 -47.5433 -47.5851 -47.6315 -47.6757 -47.7168 -47.7615 -47.8108 -47.8581 -47.9029 -47.9475 -47.9919 -48.0377 -48.0887 -48.1393 -48.1834 -48.2273 -48.2780 -48.3318
-46.8436 -46.8758 -46.9109 -46.9471 -46.9840 -47.0212 -47.0579 -47.0976 -47.1303 -47.1644 -47.1987 -47.2376 -47.2729 -47.3047 -47.3452 -47.3833 -47.4185 -47.4558 -47.4936 -47.5346 -47.5748 -47.6142 -47.6539 -47.6931 -47.7347 -47.7798 -47.8221 -47.8620 -47.9062 -47.9542 -48.0005 -48.0440 -48.0874 -48.1303 -48.1739 -48.2234 -48.2734 -48.3168 -48.3745 -48.4235
-46.9790 -47.0117 -47.0441 -47.0778 -47.1145 -47.1505 -47.1862 -47.2408 -47.2483 -47.2906 -47.3239 -47.3591 -47.3974 -47.4296 -47.4623 -47.5012 -47.5369 -47.5714 -47.6081 -47.6451 -47.6850 -47.7237 -47.7624 -47.8010 -47.8389 -47.8802 -47.9240 -47.9645 -48.0039 -48.0477 -48.0943 -48.1383 -48.1806 -48.2226 -48.2641 -48.3204 -48.3698 -48.4192 -48.4623 -48.5044
-47.1103 -47.1445 -47.1748 -47.2081 -47.2423 -47.2771 -47.3126 -47.3472 -47.3887 -47.3955 -47.4477 -47.4798 -47.5160 -47.5513 -47.5811 -47.6155 -47.6529 -47.6867 -47.7205 -47.7561 -47.7928 -47.8313 -47.8689 -47.9067 -47.9442 -47.9813 -48.0223 -48.0648 -48.1036 -48.1412 -48.1845 -48.2427 -48.2857 -48.3271 -48.3683 -48.4090 -48.4510 -48.4993 -48.5475 -48.5896
-47.2389 -47.2743 -47.3050 -47.3356 -47.3677 -47.4022 -47.4362 -47.4708 -47.5269 -47.5328 -47.5687 -47.6002 -47.6322 -47.6683 -47.7000 -47.7285 -47.7645 -47.7998 -47.8325 -47.8659 -47.9001 -47.9364 -47.9742 -48.0109 -48.0478 -48.0839 -48.1190 -48.1716 -48.2133 -48.2509 -48.2879 -48.3312 -48.3756 -48.4171 -48.4573 -48.4972 -48.5369 -48.5781 -48.6253 -48.6720
-47.3661 -47.4000 -47.4322 -47.4607 -47.4924 -47.5252 -47.5580 -47.5916 -47.6245 -47.6677 -47.6726 -47.7179 -47.7486 -47.7816 -47.8161 -47.8443 -47.8739 -47.9094 -47.9426 -47.9750 -48.0078 -48.0406 -48.0765 -48.1126 -48.1597 -48.1960 -48.2311 -48.2657 -48.3065 -48.3469 -48.3829 -48.4189 -48.4616 -48.5048 -48.5448 -48.5836 -48.6226 -48.6616 -48.7018 -48.7476
