-70.0601
-62.3918
-60.6182
-60.8559
-61.1246
-61.2705
-61.0978
-60.9622
-60.8767
-60.8602
-60.9030
-60.9905
-61.1066
-61.2257
-61.3635
-61.4947
-61.6195
-61.7404
-61.6803
-61.5881
-61.5008
-61.4172
-61.2438
-61.1525
-59.8148
-59.8028
-59.8029
-59.8599
-59.8808
-59.8830
-59.8868
-59.8920
-59.8985
-59.9065
-59.9157
-63.1026
-62.6752
-61.9878
-60.7141
-60.9155
-61.1578
-61.1036
-60.9645
-60.8684
-60.8164
-60.8232
-60.8815
-60.9766
-61.0959
-61.2155
-61.3528
-61.4903
-61.6150
-61.7359
-61.6971
-61.6155
-61.5378
-61.4637
-61.3939
-61.2378
-59.9039
-59.8931
-59.8944
-59.8961
-59.9526
-59.9760
-59.9810
-59.9873
-59.9949
-60.0038
-63.0285
-63.0806
-63.1324
-63.1838
-63.2358
-62.9613
-62.7079
-61.9425
-61.7473
-60.7972
-60.9798
-61.0571
-60.9110
-60.8761
-60.8152
-60.7864
-60.8099
-60.8784
-60.9799
-61.1007
-61.2199
-61.3557
-61.4913
-61.6219
-61.7432
-61.7206
-61.6477
-61.5780
-61.5119
-61.4493
-61.3905
-60.0113
-59.9813
-59.9840
-59.9869
-59.9906
-60.0485
-60.0740
-60.0814
-60.0899
-62.7906
-62.8828
-62.9618
-63.0338
-63.0367
-62.9162
-62.7397
-61.9148
-61.7417
-61.5605
-60.8828
-61.0456
-60.9668
-60.8455
-60.8245
-60.7880
-60.7777
-60.8142
-60.8902
-60.9948
-61.1170
-61.2476
-61.3700
-61.5044
-61.6367
-61.7585
-61.7483
-61.6831
-61.6205
-61.5609
-61.5049
-61.4526
-60.1656
-60.0888
-60.0723
-60.0760
-60.0809
-60.0869
-60.0950
-60.1543
-62.4873
-62.6204
-62.7284
-62.8692
-62.9522
-62.8685
-62.7436
-61.8920
-61.7389
-61.5767
-61.4127
-60.9651
-61.0345
-60.9052
-60.8098
-60.7984
-60.7802
-60.7850
-60.8318
-60.9133
-61.0196
-61.1422
-61.2727
-61.3938
-61.5257
-61.6553
-61.7797
-61.7793
-61.7203
-61.6641
-61.6110
-61.5613
-61.5151
-60.2424
-60.2409
-60.1791
-60.1638
-60.1695
-60.1768
-60.1853
-62.1560
-62.4028
-62.5446
-62.6623
-62.7641
-62.7699
-62.6831
-61.8645
-61.7304
-61.5878
-61.4408
-61.2959
-61.0360
-60.9719
-60.8675
-60.7943
-60.7609
-60.7877
-60.8047
-60.8594
-60.9459
-61.0541
-61.1756
-61.3039
-61.4225
-61.5528
-61.6794
-61.8023
-61.8121
-61.7594
-61.7096
-61.6625
-61.6184
-60.3404
-60.3283
-60.3281
-60.3287
-60.2701
-60.2769
-60.2654
-61.3000
-61.9547
-62.3567
-62.4292
-62.6178
-62.7212
-62.6599
-61.8097
-61.6924
-61.5676
-61.4372
-61.3342
-61.2074
-61.0878
-60.9340
-60.8489
-60.7936
-60.7746
-60.8065
-60.8346
-60.8967
-60.9862
-61.0946
-61.2145
-61.3401
-61.4673
-61.5820
-61.7065
-61.8274
-61.8476
-61.8008
-61.7564
-61.7147
-61.6757
-60.4232
-60.4126
-60.4139
-60.4155
-60.4180
-60.3632
-61.1923
-61.3454
-61.4875
-62.3393
-62.4731
-62.5915
-62.5609
-61.7893
-61.6880
-61.5779
-61.4621
-61.3443
-61.2282
-61.1156
-61.0409
-60.9574
-60.8453
-60.8051
-60.8003
-60.8363
-60.8727
-60.9399
-61.0313
-61.1393
-61.2570
-61.3792
-61.5030
-61.6148
-61.7366
-61.8557
-61.8824
-61.8436
-61.8042
-61.7673
-61.7330
-60.5049
-60.4957
-60.4981
-60.5006
-60.5043
-61.0914
-61.2472
-61.3921
-61.5278
-62.1232
-62.4636
-62.5759
-61.7717
-61.6827
-61.5342
-61.4834
-61.3780
-61.2726
-61.1680
-61.0730
-60.9891
-60.9209
-60.8326
-60.8289
-60.8338
-60.8551
-60.9160
-60.9874
-61.0797
-61.1863
-61.3016
-61.4211
-61.5422
-61.6512
-61.7701
-61.8864
-61.9170
-61.8872
-61.8528
-61.8206
-61.7908
-60.5852
-60.5774
-60.5806
-60.5842
-60.9965
-61.1544
-61.3017
-61.4399
-61.5685
-62.1338
-62.4623
-61.7544
-61.6784
-61.5951
-61.5039
-61.4088
-61.2664
-61.2169
-61.1277
-61.0461
-60.9767
-60.9228
-60.8539
-60.8391
-60.8531
-60.8783
-60.9634
-61.0368
-61.1295
-61.2351
-61.3484
-61.4658
-61.5839
-61.6901
-61.8061
-61.9197
-61.9533
-61.9280
-61.9018
-61.8744
-61.8485
-60.6642
-60.6575
-60.6616
-60.9068
-61.0675
-61.2160
-61.3546
-61.4851
-61.6088
-61.7260
-61.7382
-61.6740
-61.6009
-61.5227
-61.4387
-61.3526
-61.2640
-61.1802
-61.0597
-61.0343
-60.9768
-60.9345
-60.8827
-60.8773
-60.8988
-60.9272
-60.9915
-61.0670
-61.1819
-61.2864
-61.3976
-61.5119
-61.6271
-61.7417
-61.8442
-61.9557
-61.9916
-61.9702
-61.9501
-61.9271
-60.7379
-60.7317
-60.7365
-60.8242
-60.9849
-61.1348
-61.2742
-61.4058
-61.5309
-61.6497
-61.5492
-61.5066
-61.6059
-61.5368
-61.4632
-61.3881
-61.3082
-61.2327
-61.1603
-61.0932
-61.0341
-60.9458
-60.9539
-60.9167
-60.9191
-60.9469
-60.9776
-61.0312
-61.1215
-61.2142
-61.3169
-61.4254
-61.5597
-61.6724
-61.7845
-61.8843
-61.9932
-62.0308
-62.0133
-61.9965
-61.9796
-60.8124
-60.8081
-60.3807
-60.9076
-61.0573
-61.1986
-61.3311
-61.4570
-61.5767
-61.5363
-61.4962
-61.4514
-61.5494
-61.4855
-61.4179
-61.3475
-61.2806
-61.2140
-61.1509
-61.0934
-61.0438
-61.0047
-60.9796
-60.9158
-60.9642
-60.9973
-61.0311
-61.0872
-61.1772
-61.2695
-61.3707
-61.4773
-61.5864
-61.6961
-61.8288
-61.9261
-62.0326
-62.0713
-62.0568
-62.0436
-62.0316
-60.8853
-60.3356
-60.8360
-60.9852
-61.1265
-61.2606
-61.3870
-61.5074
-61.5234
-61.4907
-61.4518
-61.4071
-61.3639
-61.4461
-61.3840
-61.3229
-61.2622
-61.2051
-61.1505
-61.1010
-61.0593
-61.0281
-61.0110
-60.9979
-61.0133
-61.0103
-61.0860
-61.1446
-61.2335
-61.3256
-61.4257
-61.5303
-61.6370
-61.7441
-61.8507
-61.9559
-62.0493
-62.1132
-62.1018
-62.0913
-64.6849
-60.2938
-60.4284
-60.9184
-61.0592
-61.1931
-61.3207
-61.4415
-61.5106
-61.4849
-61.4529
-61.4156
-61.3745
-61.3341
-61.4158
-61.3617
-61.3075
-61.2542
-61.2027
-61.1561
-61.1141
-61.0801
-61.0567
-61.0468
-61.0443
-61.0653
-61.1017
-61.1427
-61.1647
-61.2790
-61.3825
-61.4811
-61.5837
-61.6880
-61.7927
-61.8972
-62.0004
-62.0917
-62.1319
-64.8289
-64.8018
-60.2555
-60.3887
-60.5168
-60.9963
-61.1297
-61.2571
-61.3789
-61.4950
-61.4784
-61.4527
-61.4232
-61.3893
-61.3515
-61.3086
-61.3965
-61.3482
-61.2996
-61.2521
-61.2074
-61.1679
-61.1330
-61.1060
-61.0893
-61.0858
-61.0986
-61.1187
-61.1570
-61.2016
-61.2631
-61.3389
-61.4015
-61.4984
-61.6371
-61.7397
-61.8424
-61.9445
-62.0454
-64.9221
-64.9867
-65.1917
-60.2205
-60.3521
-60.4788
-60.6009
-61.0703
-61.1972
-61.3190
-61.4359
-61.4712
-61.4527
-61.4294
-61.4017
-61.3699
-61.3333
-61.2968
-61.2617
-61.3406
-61.2975
-61.2562
-61.2180
-61.1838
-61.1566
-61.1357
-61.1250
-61.1271
-61.1456
-61.1740
-61.2134
-61.2608
-61.3239
-61.4000
-61.4985
-61.5935
-61.6524
-61.7527
-64.5525
-64.7267
-64.9025
-65.2966
-65.3534
-60.1884
-60.3182
-60.4435
-60.5643
-60.6812
-61.1411
-61.2625
-61.3791
-61.4648
-61.4519
-61.4340
-61.4117
-61.3860
-61.3550
-61.3233
-61.2899
-61.2586
-61.3392
-61.3018
-61.2662
-61.2336
-61.2052
-61.1825
-61.1685
-61.1637
-61.1714
-61.1945
-61.2299
-61.2702
-61.3201
-61.3846
-61.4612
-61.5454
-61.6512
-64.3542
-64.5253
-64.6224
-65.0225
-65.2757
-65.4441
-60.1591
-60.2869
-60.4106
-60.5301
-60.6462
-61.0884
-61.2090
-61.3264
-61.4400
-61.4499
-61.4368
-61.4201
-61.3997
-61.3734
-61.3465
-61.3180
-61.2885
-61.2587
-61.2320
-61.3112
-61.2808
-61.2534
-61.2302
-61.2131
-61.2034
-61.2047
-61.2173
-61.2446
-61.2863
-61.3274
-61.3799
-61.4457
-61.5214
-64.1634
-64.3467
-64.7395
-64.9085
-65.0760
-65.2415
-65.3200
-60.1322
-60.2580
-60.3800
-60.4984
-60.6133
-60.7248
-61.1598
-61.2769
-61.3899
-61.4461
-61.4386
-61.4267
-61.4106
-61.3889
-61.3668
-61.3431
-61.3181
-61.2924
-61.2665
-61.2438
-61.3249
-61.2993
-61.2771
-61.2591
-61.2467
-61.2418
-61.2464
-61.2644
-61.2958
-61.3424
-61.3853
-61.4394
-64.0537
-64.1882
-64.5549
-64.7337
-64.8941
-65.0549
-65.2150
-65.3735
-60.1076
-60.2314
-60.3519
-60.4688
-60.5823
-60.6938
-60.8028
-61.2300
-61.3420
-61.4419
-61.4387
-61.4309
-61.4191
-61.4020
-61.3846
-61.3653
-61.3445
-61.3227
-61.3005
-61.2784
-61.2595
-61.2414
-61.3220
-61.3042
-61.2906
-61.2826
-61.2819
-61.2909
-61.3120
-61.3480
-61.3966
-64.0103
-64.1115
-64.4517
-64.5807
-64.7184
-64.8606
-65.0397
-65.1908
-65.3229
-60.0850
-60.2069
-60.3257
-60.4410
-60.5542
-60.6650
-60.7728
-60.8776
-61.2968
-61.4052
-61.4370
-61.4330
-61.4240
-61.4132
-61.4000
-61.3847
-61.3679
-61.3499
-61.3312
-61.3125
-61.2944
-61.2771
-61.2635
-61.3476
-61.3338
-61.3242
-61.3206
-61.3242
-61.3371
-61.3613
-64.0069
-64.3273
-64.4139
-64.5105
-64.6194
-64.7401
-64.8691
-64.9990
-65.1450
-65.2713
-60.0644
-60.1844
-60.3013
-60.4161
-60.5283
-60.6377
-60.7441
-60.8482
-60.9501
-61.3609
-61.4340
-61.4336
-61.4289
-61.4224
-61.4131
-61.4016
-61.3885
-61.3741
-61.3591
-61.3438
-61.3286
-61.3138
-61.3000
-61.2897
-61.3756
-61.3660
-61.3605
-61.3604
-61.3673
-64.0547
-64.3524
-64.4233
-64.5024
-64.5773
-64.6703
-64.7727
-64.8754
-64.9722
-65.0819
-65.2305
-60.0456
-60.1636
-60.2796
-60.3931
-60.5039
-60.6117
-60.7171
-60.8204
-60.9208
-61.3185
-61.4214
-61.4334
-61.4322
-61.4293
-61.4239
-61.4161
-61.4065
-61.3958
-61.3843
-61.3721
-61.3598
-61.3475
-61.3359
-61.3253
-61.3186
-61.3122
-61.4000
-64.1465
-64.1726
-64.4674
-64.4950
-64.5323
-64.5882
-64.6524
-64.7234
-64.7931
-64.8683
-64.9595
-65.0647
-65.1840
-60.0284
-60.1452
-60.2598
-60.3717
-60.4805
-60.5871
-60.6917
-60.7933
-60.8925
-60.9896
-61.3805
-61.4320
-61.4341
-61.4345
-61.4325
-61.4283
-61.4224
-61.4152
-61.4068
-61.3976
-61.3881
-61.3784
-61.3691
-61.3608
-61.3535
-61.3476
-64.1319
-64.6497
-64.6613
-64.6518
-64.6457
-64.6532
-64.6804
-64.7300
-64.7611
-64.8025
-64.8730
-64.9632
-65.0661
-65.1791
-60.0134
-60.1286
-60.2413
-60.3512
-60.4586
-60.5642
-60.6668
-60.7672
-60.8654
-60.9619
-61.0564
-61.4295
-61.4347
-61.4381
-61.4392
-61.4385
-61.4362
-61.4321
-61.4267
-61.4205
-61.4136
-61.4066
-61.4000
-61.3935
-61.3876
-64.2981
-64.7797
-64.7284
-64.6841
-64.8288
-64.7969
-64.7808
-64.7815
-64.7785
-64.8027
-64.8376
-64.8931
-64.9763
-65.0760
-65.1633
-60.0001
-60.1133
-60.2237
-60.3319
-60.4382
-60.5417
-60.6430
-60.7422
-60.8397
-60.9353
-61.0290
-61.1208
-61.4340
-61.4403
-61.4446
-61.4470
-61.4476
-61.4467
-61.4442
-61.4407
-61.4367
-61.4326
-61.4279
-61.4233
-64.4834
-64.5303
-65.2624
-64.9377
-64.8440
-64.8537
-64.8941
-64.9417
-65.0033
-65.0628
-65.1363
-59.9876
-60.0986
-60.2072
-60.3142
-60.4183
-60.5203
-60.6203
-60.7186
-60.8151
-60.9097
-61.0025
-61.0935
-61.1567
-61.4415
-61.4486
-61.4538
-61.4571
-61.4590
-61.4594
-61.4589
-61.4577
-61.4556
-61.4531
-64.6939
-64.7550
-64.7652
-71.4822
-65.2739
-65.1597
-64.9890
-64.9590
-64.9962
-65.0161
-65.0547
-65.1093
-59.9751
-60.0839
-60.1920
-60.2967
-60.3992
-60.4998
-60.5988
-60.6960
-60.7913
-60.8850
-60.9769
-61.0671
-61.1554
-61.4416
-61.4512
-61.4589
-61.4649
-61.4693
-61.4726
-61.4749
-61.4758
-61.4760
-64.9673
-65.0260
-65.0198
-64.9913
-71.5981
-68.6240
-65.3112
-65.2561
-65.0797
-65.0733
-65.0864
-65.0548
-65.0896
-59.9641
-60.0713
-60.1762
-60.2790
-60.3809
-60.4804
-60.5782
-60.6742
-60.7685
-60.8611
-60.9521
-61.0420
-61.1297
-61.1783
-61.4525
-61.4625
-61.4709
-61.4781
-61.4838
-61.4882
-61.4916
-65.4418
-65.3791
-65.3173
-65.2570
-65.1987
-71.7408
-69.5657
-68.0471
-65.3418
-65.2816
-65.2342
-65.1067
-65.1127
-64.8880
-59.9542
-60.0590
-60.1619
-60.2632
-60.3630
-60.4610
-60.5583
-60.6531
-60.7464
-60.8381
-60.9286
-61.0177
-61.1047
-61.1824
-61.1964
-61.4647
-61.4758
-61.4850
-61.4929
-61.4995
-70.1263
-68.6939
-65.4321
-65.3444
-65.2788
-65.2380
-64.8782
-64.8594
-59.9442
-60.0471
-60.1484
-60.2484
-60.3466
-60.4433
-60.5384
-60.6328
-60.7250
-60.8161
-60.9059
-60.9942
-61.0805
-61.1657
-61.2010
-61.2158
-61.4788
-61.4902
-61.5002
-61.5089
-73.6865
-69.2291
-68.2388
-65.4139
-65.3172
-64.9965
-64.9362
-61.9318
-59.9395
-60.0358
-60.1357
-60.2342
-60.3310
-60.4263
-60.5200
-60.6126
-60.7040
-60.7950
-60.8837
-60.9711
-61.0569
-61.1414
-61.2047
-61.2210
-61.2361
-61.4938
-61.5057
-61.5165
-73.7442
-69.7618
-68.6350
-67.9245
-65.0871
-64.9710
-61.8973
-61.9325
-59.9300
-60.0300
-60.1235
-60.2204
-60.3157
-60.4097
-60.5024
-60.5941
-60.6845
-60.7736
-60.8614
-60.9488
-61.0337
-61.1178
-61.2007
-61.2248
-61.2415
-61.4959
-61.5097
-61.5218
-73.8007
-70.0511
-68.8977
-67.6081
-61.8851
-61.8962
-61.9143
-61.9412
-59.9221
-60.0194
-60.1163
-60.2120
-60.3010
-60.3938
-60.4857
-60.5762
-60.6656
-60.7537
-60.8405
-60.9262
-61.0105
-61.0946
-61.1767
-61.2271
-61.2453
-61.2625
-61.5115
-61.5254
-73.8556
-70.1482
-68.4417
-62.8930
-62.8072
-61.9229
-61.9365
-61.9570
-59.2120
-60.0011
-60.0968
-60.1983
-60.2914
-60.3783
-60.4689
-60.5584
-60.6467
-60.7338
-60.8197
-60.9048
-60.9886
-61.0711
-61.1525
-61.2283
-61.2478
-61.2658
-61.2829
-61.5274
-73.9092
-70.2963
-63.0583
-62.9461
-62.8654
-62.8122
-61.9614
-61.9774
-59.2384
-59.9904
-60.0843
-60.1775
-60.2687
-60.3597
-60.4496
-60.5384
-60.6260
-60.7146
-60.7999
-60.8841
-60.9668
-61.0485
-61.1292
-61.2085
-61.2473
-61.2675
-61.2860
-61.3036
-70.9003
-63.4127
-63.0580
-62.9913
-62.9133
-62.8544
-62.8319
-62.0005
-59.2689
-59.9797
-60.0726
-60.1646
-60.2554
-60.3451
-60.4330
-60.5205
-60.6071
-60.6929
-60.7777
-60.8614
-60.9438
-61.0252
-61.1052
-61.1845
-61.2467
-61.2674
-61.2873
-61.3070
-62.4169
-63.0354
-63.0800
-63.1290
-63.1802
-63.2314
-63.2790
-63.3224
-63.3632
-63.4106
-63.4604
-63.5103
-63.3909
-63.3617
-63.0596
-63.0061
-62.9483
-62.8944
-62.8557
-62.0224
-59.2989
-59.3181
-60.0612
-60.1518
-60.2415
-60.3301
-60.4171
-60.5031
-60.5889
-60.6737
-60.7575
-60.8403
-60.9219
-61.0021
-61.0812
-61.1592
-61.2363
-61.2661
-61.2876
-61.3083
-61.5394
-62.4429
-62.6735
-62.9954
-63.0699
-63.1361
-63.1828
-63.2139
-63.2610
-63.3170
-63.3748
-63.4315
-63.3513
-63.3343
-63.0539
-63.0157
-62.9719
-62.9279
-62.8884
-62.8683
-59.3281
-59.3477
-60.0554
-60.1393
-60.2276
-60.3146
-60.4013
-60.4869
-60.5717
-60.6547
-60.7376
-60.8195
-60.8998
-60.9791
-61.0574
-61.1348
-61.2113
-61.2633
-61.2862
-61.3086
-61.3427
-61.5857
-62.4694
-62.6518
-62.7816
-63.0036
-63.0454
-63.0752
-63.1514
-63.2131
-63.2787
-63.3428
-63.3078
-63.3016
-63.2864
-63.0138
-62.9799
-62.9488
-62.9177
-62.8917
