-61.5875
-63.1397
-63.1111
-63.1061
-58.2891
-58.3435
-58.4007
-58.4589
-58.5175
-58.5765
-58.6360
-58.6956
-58.7552
-58.9576
-58.9885
-59.0348
-66.4344
-66.7120
-66.5224
-66.2304
-59.3396
-59.3546
-59.2122
-59.2739
-59.3323
-59.3873
-58.8989
-58.9450
-58.9950
-59.0486
-59.1066
-59.2615
-59.2124
-59.1477
-59.0402
-57.8664
-57.7777
-57.6872
-57.5938
-57.5078
-63.0477
-63.0530
-63.0294
-63.0067
-58.2375
-58.2942
-58.3504
-58.4087
-58.4672
-58.5259
-58.5845
-58.6430
-58.7011
-58.8715
-58.9128
-66.0721
-66.7295
-66.6060
-66.3085
-65.8362
-59.2433
-59.2559
-59.1571
-59.2150
-59.2708
-59.2740
-58.8675
-58.9144
-58.9647
-59.0210
-59.0690
-59.1406
-59.0772
-58.9995
-57.8871
-57.8067
-57.7237
-57.6369
-57.5534
-57.4739
-63.3823
-63.3321
-63.0798
-63.0488
-58.2279
-58.2818
-58.3359
-58.3923
-58.4490
-58.5058
-58.5626
-58.6191
-58.6752
-58.8277
-58.8746
-67.1041
-66.8766
-66.7050
-66.3047
-65.5158
-59.1754
-59.1856
-59.1279
-59.1825
-59.1985
-58.8147
-58.8594
-58.9069
-58.9576
-59.0081
-59.0915
-59.0356
-58.9775
-57.9150
-57.8404
-57.7621
-57.6806
-57.6005
-57.5234
-57.4547
-63.4932
-63.4317
-63.3622
-58.2360
-58.2853
-58.3349
-58.3859
-58.4389
-58.4921
-58.5456
-58.5991
-58.6524
-58.7055
-58.8294
-59.0244
-67.5609
-66.7274
-59.1730
-59.1778
-59.1837
-59.1612
-59.1845
-59.1783
-58.8045
-58.8501
-58.8988
-58.9489
-58.9922
-58.9962
-58.9518
-57.9388
-57.8708
-57.7990
-57.7248
-57.6479
-57.5739
-57.5049
-57.4463
-63.5631
-63.4852
-63.4019
-58.2213
-58.2688
-58.3168
-58.3671
-58.4186
-58.4703
-58.5222
-58.5741
-58.6597
-58.7157
-58.8618
-59.1314
-67.9473
-66.6762
-59.1277
-59.1292
-59.1287
-59.1285
-59.1193
-58.8134
-58.8537
-58.8975
-58.9405
-58.9852
-59.0077
-58.9718
-58.8925
-57.9316
-57.8645
-57.7943
-57.7215
-57.6502
-57.5817
-57.5204
-57.4445
-63.6181
-63.5206
-63.4135
-58.2018
-58.2481
-58.2950
-58.3448
-58.3951
-58.4670
-58.5206
-58.5752
-58.6310
-58.6869
-58.9446
-59.0767
-68.9995
-66.5419
-59.0699
-59.0687
-59.0643
-59.0613
-59.0513
-58.8028
-58.8437
-58.8847
-58.9275
-58.9674
-58.9408
-58.8665
-57.9517
-57.8906
-57.8262
-57.7582
-57.6915
-57.6257
-57.5645
-57.5122
-57.4755
-63.6640
-63.5407
-63.4150
-58.1802
-58.2255
-58.2719
-58.3368
-58.3880
-58.4400
-58.4928
-58.5466
-58.6011
-58.6553
-58.9079
-59.0245
-59.0111
-59.0106
-59.0085
-59.0014
-58.9942
-58.7560
-58.7942
-58.8332
-58.8708
-58.9124
-58.9091
-58.8393
-57.9675
-57.9123
-57.8533
-57.7916
-57.7279
-57.6656
-57.6058
-57.5523
-57.5095
-57.4850
-63.6977
-63.5488
-58.1130
-58.1683
-58.2138
-58.3008
-58.3470
-58.3944
-58.4431
-58.4928
-58.5437
-58.5947
-58.6454
-58.8921
-58.9946
-68.6360
-58.9591
-58.9528
-58.9507
-58.9431
-58.9369
-58.7463
-58.7854
-58.8213
-58.8614
-58.8777
-58.8122
-57.9807
-57.9301
-57.8764
-57.8198
-57.7600
-57.7016
-57.6442
-57.5907
-57.5449
-57.5124
-57.4999
-63.9837
-63.7098
-58.1367
-58.1826
-58.2290
-58.2724
-58.3178
-58.3647
-58.4128
-58.4620
-58.5121
-58.5629
-58.6194
-58.8531
-58.9449
-58.8972
-58.8998
-58.9024
-58.8948
-58.8882
-58.7017
-58.7379
-58.7748
-58.8107
-58.8465
-58.7850
-57.9921
-57.9454
-57.8964
-57.8444
-57.7890
-57.7339
-57.6796
-57.6272
-57.5803
-57.5427
-57.5208
-58.5937
-64.0193
-63.7648
-58.1224
-58.1595
-58.1983
-58.2418
-58.2868
-58.3333
-58.3809
-58.4296
-58.4790
-58.5283
-58.7571
-58.8292
-58.8946
-58.8380
-58.8365
-58.8362
-58.8307
-58.8311
-58.6905
-58.7048
-58.7425
-58.7867
-58.7465
-57.9950
-57.9545
-57.9119
-57.8656
-57.8156
-57.7628
-57.7117
-57.6615
-57.6147
-57.5746
-57.5457
-57.5343
-58.5932
-64.0238
-63.7229
-58.0918
-58.1276
-58.1664
-58.2093
-58.2538
-58.2999
-58.3470
-58.3950
-58.4437
-58.4914
-58.7149
-58.7792
-58.8387
-58.9930
-58.6968
-58.7072
-58.7153
-58.7212
-58.7229
-58.5840
-58.6217
-58.6603
-58.6975
-58.6796
-58.6680
-57.9365
-57.8984
-57.8584
-57.8155
-57.7694
-57.7231
-57.6776
-57.6337
-57.5943
-57.5627
-57.5442
-57.5543
-58.5906
-64.0188
-58.0295
-58.0618
-58.0964
-58.1349
-58.1770
-58.2209
-58.2663
-58.3127
-58.3601
-58.4080
-58.4508
-58.6645
-58.7217
-58.6163
-58.6235
-58.6372
-58.6484
-58.6570
-58.6616
-58.6679
-58.5611
-58.5994
-58.6354
-58.6344
-58.6231
-57.9311
-57.8978
-57.8619
-57.8240
-57.7827
-57.7401
-57.6979
-57.6566
-57.6179
-57.5850
-57.5613
-57.5526
-58.5624
-58.5966
-63.9580
-58.0026
-58.0337
-58.0668
-58.1047
-58.1454
-58.1880
-58.2322
-58.2777
-58.3224
-58.3650
-58.4050
-58.6105
-58.5349
-58.5490
-58.5620
-58.5777
-58.5903
-58.5978
-58.6068
-58.5017
-58.5390
-58.5721
-58.5837
-58.5772
-57.9190
-57.8900
-57.8600
-57.8265
-57.7906
-57.7518
-57.7126
-57.6743
-57.6374
-57.6044
-57.5780
-57.5629
-57.5635
-58.5576
-58.6040
-63.9148
-57.9753
-58.0082
-58.0405
-58.0775
-58.1164
-58.1572
-58.1997
-58.2405
-58.2813
-58.3210
-58.3353
-58.4628
-58.4750
-58.4897
-58.5046
-58.5210
-58.5337
-58.5436
-58.4397
-58.4748
-58.5101
-58.5322
-58.5283
-57.9043
-57.8795
-57.8519
-57.8220
-57.7925
-57.7580
-57.7225
-57.6871
-57.6527
-57.6206
-57.5935
-57.5739
-57.5673
-58.5306
-58.5552
-58.6062
-63.7184
-57.9151
-57.9572
-58.0009
-58.0470
-58.0896
-58.1281
-58.1652
-58.2031
-58.2414
-58.2575
-58.2893
-58.4043
-58.4171
-58.4334
-58.4490
-58.4639
-58.4778
-58.4902
-58.4098
-58.4448
-58.4801
-58.4767
-57.8851
-57.8644
-57.8410
-57.8150
-57.7874
-57.7590
-57.7275
-57.6949
-57.6632
-57.6329
-57.6059
-57.5845
-57.5726
-57.5744
-58.5198
-58.5532
-58.6058
-57.8058
-57.8438
-57.9221
-57.9665
-58.0124
-58.0571
-58.0983
-58.1333
-58.1491
-58.1808
-58.2160
-58.2523
-58.3485
-58.3638
-58.3801
-58.3962
-58.4096
-58.4232
-58.3445
-58.3787
-58.4152
-58.4225
-57.8634
-57.8448
-57.8254
-57.8035
-57.7792
-57.7538
-57.7257
-57.6983
-57.6692
-57.6411
-57.6151
-57.5933
-57.5780
-57.5737
-58.4914
-58.5112
-58.5525
-58.6030
-57.7818
-57.8182
-57.8559
-57.8972
-57.9748
-58.0176
-58.0413
-58.0839
-58.1146
-58.1494
-58.1833
-58.2198
-58.2980
-58.3143
-58.3306
-58.3471
-58.3546
-58.3584
-58.3134
-58.3489
-58.3663
-57.8350
-57.8229
-57.8070
-57.7873
-57.7669
-57.7448
-57.7208
-57.6954
-57.6704
-57.6449
-57.6206
-57.5990
-57.5825
-57.5738
-57.5772
-58.4761
-58.5036
-58.5477
-58.5979
-57.7591
-57.7936
-57.8302
-57.8681
-57.9066
-57.9283
-58.0024
-58.0396
-58.0817
-58.1198
-58.1526
-58.1953
-58.2530
-58.2690
-58.2838
-58.2911
-58.2966
-58.2482
-58.2837
-58.3090
-58.3181
-57.7963
-57.7836
-57.7688
-57.7519
-57.7314
-57.7110
-57.6893
-57.6661
-57.6427
-57.6221
-57.6017
-57.5849
-57.5736
-57.5718
-58.4448
-58.4626
-58.4980
-58.5411
-58.7988
-57.7361
-57.7691
-57.8026
-57.8231
-57.8604
-57.8938
-57.9317
-57.9704
-58.0418
-58.0814
-58.1205
-58.1968
-58.2111
-58.2236
-58.2313
-58.2384
-58.2440
-58.2208
-58.2525
-58.2624
-57.7664
-57.7577
-57.7458
-57.7320
-57.7162
-57.6974
-57.6787
-57.6589
-57.6380
-57.6180
-57.5990
-57.5843
-57.5722
-57.5667
-57.5718
-58.4259
-58.4504
-58.4889
-58.5327
-58.7943
-57.7856
-57.8066
-57.7604
-57.7965
-57.8284
-57.8652
-57.9015
-57.9391
-57.9766
-58.0126
-58.0791
-58.1466
-58.1656
-58.1765
-58.1829
-58.1901
-58.1632
-58.1942
-58.2072
-57.7372
-57.7308
-57.7213
-57.7100
-57.6969
-57.6821
-57.6660
-57.6478
-57.6299
-57.6115
-57.5946
-57.5791
-57.5685
-57.5611
-57.5618
-57.5817
-58.4085
-58.4381
-58.4786
-58.7168
-58.7877
-57.7326
-57.7584
-57.7882
-57.7638
-57.7997
-57.8359
-57.8724
-57.9092
-57.9452
-57.9795
-58.0150
-58.0651
-58.1092
-58.1233
-58.1376
-58.1460
-58.1379
-58.1563
-57.7073
-57.7025
-57.6962
-57.6872
-57.6763
-57.6638
-57.6495
-57.6353
-57.6185
-57.6023
-57.5868
-57.5727
-57.5608
-57.5529
-57.5518
-57.5585
-58.3694
-58.3926
-58.4276
-58.4670
-58.7086
-58.7686
-57.6957
-57.7187
-57.7483
-57.7785
-57.7704
-57.8062
-57.8423
-57.8788
-57.9134
-57.9479
-57.9829
-58.0182
-58.0332
-58.0450
-58.0852
-58.0787
-58.1069
-57.6784
-57.6741
-57.6694
-57.6635
-57.6549
-57.6447
-57.6328
-57.6198
-57.6065
-57.5924
-57.5765
-57.5639
-57.5526
-57.5442
-57.5401
-57.5429
-57.5648
-58.3489
-58.3767
-58.4138
-58.6352
-58.6975
-58.7465
-57.6442
-57.6835
-57.7136
-57.7439
-57.7747
-57.8065
-57.8117
-57.8476
-57.8815
-57.9157
-57.9492
-57.9721
-57.9856
-58.0011
-58.0092
-58.0220
-57.6415
-57.6425
-57.6416
-57.6375
-57.6322
-57.6242
-57.6147
-57.6033
-57.5919
-57.5797
-57.5669
-57.5534
-57.5429
-57.5345
-57.5298
-57.5295
-57.5374
-58.3079
-58.3303
-58.3609
-58.5667
-58.6237
-58.6760
-58.7236
-57.5272
-57.6389
-57.6788
-57.7097
-57.7407
-57.7722
-57.8046
-57.8153
-57.8492
-57.8821
-57.9111
-57.9260
-57.9426
-57.9521
-57.9655
-57.9617
-57.5835
-57.5839
-57.5844
-57.6038
-57.6016
-57.5944
-57.5855
-57.5756
-57.5655
-57.5546
-57.5432
-57.5336
-57.5240
-57.5185
-57.5169
-57.5211
-57.5339
-58.2843
-58.3124
-58.3470
-58.5534
-58.6075
-58.6536
-58.6982
-57.4933
-57.5286
-57.5653
-57.6744
-57.7059
-57.7377
-57.7701
-57.8020
-57.8321
-57.8473
-57.8673
-57.8827
-57.8941
-57.9089
-57.9079
-57.5476
-57.5482
-57.5494
-57.5503
-57.5489
-57.5461
-57.5635
-57.5578
-57.5491
-57.5402
-57.5307
-57.5214
-57.5141
-57.5070
-57.5047
-57.5063
-57.5149
-58.2433
-58.2648
-58.2935
-58.4877
-58.5397
-58.5858
-58.6308
-58.6741
-57.4602
-57.4951
-57.5312
-57.5678
-57.6713
-57.7037
-57.7364
-57.7657
-57.7950
-57.8190
-57.8207
-57.8342
-57.8504
-57.8535
-57.5102
-57.5122
-57.5142
-57.5169
-57.5173
-57.5164
-57.5141
-57.5115
-57.5067
-57.5235
-57.5161
-57.5082
-57.5010
-57.4959
-57.4930
-57.4924
-57.4977
-57.5108
-58.2218
-58.2468
-58.2790
-58.4733
-58.5207
-58.5639
-58.6077
-58.6498
-57.4266
-57.4620
-57.4971
-57.5333
-57.5700
-57.6073
-57.7002
-57.7294
-57.7588
-57.7714
-57.7846
-57.7906
-57.7969
-57.4698
-57.4737
-57.4764
-57.4798
-57.4832
-57.4843
-57.4841
-57.4830
-57.4800
-57.4778
-57.4744
-57.4703
-57.4858
-57.4818
-57.4791
-57.4794
-57.4817
-57.4908
-58.1813
-58.2023
-58.2296
-58.4099
-58.4572
-58.4998
-58.5421
-58.5848
-58.6261
-57.3921
-57.4275
-57.4625
-57.4987
-57.5352
-57.5712
-57.6054
-57.6924
-57.7137
-57.7244
-57.7404
-57.7476
-57.4347
-57.4334
-57.4379
-57.4418
-57.4471
-57.4503
-57.4523
-57.4529
-57.4519
-57.4498
-57.4491
-57.4469
-57.4441
-57.4422
-57.4425
-57.4626
-57.4660
-57.4729
-57.4855
-58.1600
-58.1844
-58.2127
-58.3950
-58.4370
-58.4774
-58.5205
-58.5620
-58.6031
-57.3540
-57.3923
-57.4274
-57.4636
-57.4991
-57.5347
-57.5677
-57.6003
-57.6130
-57.6796
-57.6892
-57.3915
-57.3976
-57.4026
-57.4019
-57.4075
-57.4135
-57.4176
-57.4203
-57.4216
-57.4217
-57.4209
-57.4205
-57.4206
-57.4193
-57.4199
-57.4217
-57.4260
-57.4332
-57.4632
-57.4877
-58.1384
-58.1655
-58.3355
-58.3781
-58.4172
-58.4566
-58.4989
-58.5385
-58.5806
-57.3242
-57.3561
-57.3916
-57.4270
-57.4623
-57.4970
-57.5292
-57.5500
-57.5664
-57.5816
-57.3044
-57.3541
-57.3606
-57.3661
-57.3707
-57.3738
-57.3798
-57.3848
-57.3883
-57.3905
-57.3916
-57.3926
-57.3933
-57.3947
-57.3956
-57.3984
-57.4025
-57.4096
-57.4195
-57.4354
-58.0739
-58.1181
-58.1467
-58.3186
-58.3570
-58.3958
-58.4354
-58.4753
-58.5170
-58.5585
-57.2870
-57.3196
-57.3540
-57.3894
-57.4246
-57.4581
-57.4879
-57.5023
-57.5164
-57.5383
-57.2657
-57.2771
-57.3234
-57.3296
-57.3357
-57.3433
-57.3492
-57.3518
-57.3562
-57.3593
-57.3615
-57.3642
-57.3663
-57.3691
-57.3726
-57.3774
-57.3841
-57.3935
-57.4069
-57.4326
-58.0492
-58.0775
-58.2379
-58.2980
-58.3355
-58.3742
-58.4135
-58.4535
-58.4934
-58.5362
-57.2478
-57.2804
-57.3154
-57.3502
-57.3854
-57.4185
-57.4383
-57.4510
-57.4724
-57.2140
-57.2272
-57.2386
-57.2489
-57.2581
-57.3014
-57.3090
-57.3157
-57.3212
-57.3238
-57.3280
-57.3319
-57.3359
-57.3394
-57.3431
-57.3498
-57.3568
-57.3663
-57.3782
-57.3950
-57.9999
-58.0258
-58.0555
-58.2171
-58.2542
-58.2930
-58.3327
-58.3908
-58.4315
-58.4712
-58.5139
-57.2084
-57.2417
-57.2763
-57.3109
-57.3454
-57.3736
-57.3866
-57.4047
-57.1599
-57.1749
-57.1886
-57.2002
-57.2109
-57.2208
-57.2329
-57.2434
-57.2822
-57.2884
-57.2937
-57.2965
-57.3021
-57.3075
-57.3124
-57.3186
-57.3273
-57.3366
-57.3485
-57.3634
-57.3836
-57.9738
-58.0024
-58.1541
-58.1936
-58.2299
-58.2687
-58.3081
-58.3484
-58.3903
-58.4485
-58.4901
-57.1637
-57.2005
-57.2352
-57.2704
-57.3045
-57.3210
-57.3390
-57.1039
-57.1200
-57.1353
-57.1491
-57.1614
-57.1726
-57.1847
-57.1968
-57.2080
-57.2181
-57.2552
-57.2613
-57.2670
-57.2734
-57.2787
-57.2851
-57.2939
-57.3036
-57.3165
-57.3305
-57.3487
-57.9222
-57.9488
-57.9788
-58.1320
-58.1685
-58.2052
-58.2439
-58.2831
-58.3241
-58.3645
-58.4066
-58.4501
-57.1163
-57.1566
-57.1939
-57.2292
-57.2536
-57.2727
-57.0468
-57.0632
-57.0799
-57.0959
-57.1099
-57.1227
-57.1344
-57.1482
-57.1609
-57.1728
-57.1834
-57.1930
-57.2018
-57.2365
-57.2440
-57.2512
-57.2590
-57.2696
-57.2815
-57.2966
-57.3132
-57.3346
-57.8939
-57.9231
-58.0683
-58.1054
-58.1425
-58.1807
-58.2182
-58.2579
-58.2992
-58.3395
-58.3818
-58.4241
-57.0687
-57.1089
-57.1490
-57.1859
-57.2044
-56.9902
-57.0042
-57.0220
-57.0394
-57.0558
-57.0703
-57.0837
-57.0972
-57.1116
-57.1252
-57.1378
-57.1489
-57.1592
-57.1687
-57.1793
-57.1895
-57.2230
-57.2337
-57.2456
-57.2594
-57.2756
-57.2961
-57.8393
-57.8667
-57.8974
-58.0409
-58.0786
-58.1163
-58.1546
-58.1922
-58.2328
-58.2741
-58.3150
-58.3582
-58.3889
-57.0203
-57.0608
-57.1008
-57.1310
-57.1584
-56.9457
-56.9621
-56.9810
-56.9987
-57.0154
-57.0305
-57.0446
-57.0598
-57.0750
-57.0893
-57.1025
-57.1146
-57.1257
-57.1368
-57.1484
-57.1593
-57.1712
-57.2080
-57.2218
-57.2377
-57.2554
-57.2783
-57.8079
-57.8378
-57.9751
-58.0122
-58.0493
-58.0874
-58.1262
-58.1662
-58.2069
-58.2489
-58.2899
-58.3348
-58.2357
-56.9711
-57.0116
-57.0494
-57.0783
-56.8820
-56.9007
-56.9194
-56.9390
-56.9578
-56.9743
-56.9900
-57.0054
-57.0218
-57.0378
-57.0529
-57.0668
-57.0796
-57.0916
-57.1044
-57.1171
-57.1296
-57.1436
-57.1591
-57.1761
-57.2160
-57.2362
-57.2670
-57.7789
-57.8101
-57.9459
-57.9835
-58.0209
-58.0593
-58.0980
-58.1388
-58.1796
-58.2221
-58.2649
-58.3058
-58.2052
-56.9214
-56.9623
-56.9967
-56.8115
-56.8316
-56.8513
-56.8756
-56.8965
-56.9159
-56.9332
-56.9491
-56.9658
-56.9834
-57.0003
-57.0162
-57.0307
-57.0444
-57.0577
-57.0719
-57.0857
-57.0996
-57.1159
-57.1331
-57.1521
-57.1724
-57.2173
-57.7188
-57.7502
-57.8807
-57.9176
-57.9545
-57.9922
-58.0305
-58.0698
-58.1112
-58.1532
-58.1934
-58.2388
-58.2701
-58.1743
-56.8714
-56.9111
-56.7395
-56.7604
-56.7810
-56.8032
-56.8281
-56.8523
-56.8732
-56.8912
-56.9088
-56.9263
-56.9448
-56.9624
-56.9790
-56.9943
-57.0089
-57.0238
-57.0391
-57.0541
-57.0703
-57.0882
-57.1072
-57.1276
-57.1503
-57.1816
-57.6650
-57.7207
-57.8498
-57.8877
-57.9251
-57.9632
-58.0015
-58.0420
-58.0837
-58.1258
-58.1682
-58.2127
-58.1247
-58.1427
