-62.6366
-62.6803
-62.7238
-62.7671
-62.8103
-62.8533
-62.8961
-62.9273
-62.9699
-63.0123
-63.0545
-63.0965
-63.1383
-63.1796
-63.2206
-63.2615
-63.3021
-63.3426
-63.3830
-63.4232
-63.4633
-63.5032
-63.5193
-63.5594
-63.5993
-63.6390
-81.1989
-73.4945
-72.2898
-71.8216
-71.5596
-71.4010
-71.3002
-71.2347
-71.1922
-71.1654
-71.1516
-71.1443
-71.1450
-62.6279
-62.6716
-62.7151
-62.7584
-62.8016
-62.8445
-62.8873
-62.9186
-62.9612
-63.0036
-63.0458
-63.0878
-63.1297
-63.1714
-63.2128
-63.2536
-63.2943
-63.3349
-63.3753
-63.4155
-63.4556
-63.4956
-63.5354
-63.5519
-63.5918
-63.6316
-80.0068
-73.9190
-73.1173
-72.7293
-72.3703
-72.1137
-71.9311
-71.7979
-71.6994
-71.6260
-71.5712
-71.5305
-71.5027
-62.6196
-62.6632
-62.7066
-62.7498
-62.7929
-62.8359
-62.8788
-62.9214
-62.9528
-62.9952
-63.0375
-63.0796
-63.1215
-63.1632
-63.2048
-63.2461
-63.2868
-63.3273
-63.3677
-63.4079
-63.4480
-63.4879
-63.5277
-63.5443
-63.5843
-63.6241
-63.9475
-77.8006
-74.1389
-73.6170
-73.1806
-72.6705
-72.4537
-72.2834
-72.1450
-72.0395
-71.9559
-71.8896
-71.8370
-62.6155
-62.6591
-62.7025
-62.7458
-62.7888
-62.8316
-62.8743
-62.9168
-62.9480
-62.9903
-63.0324
-63.0743
-63.1161
-63.1577
-63.1991
-63.2403
-63.2814
-63.3219
-63.3621
-63.4022
-63.4421
-63.4819
-63.5215
-63.5610
-63.5776
-63.6173
-63.8337
-74.4701
-74.0576
-73.6762
-73.2556
-72.6771
-72.4364
-72.2631
-72.1365
-72.0427
-71.9713
-71.9191
-62.6114
-62.6551
-62.6986
-62.7418
-62.7849
-62.8277
-62.8704
-62.9129
-62.9442
-62.9865
-63.0286
-63.0706
-63.1124
-63.1540
-63.1955
-63.2367
-63.2778
-63.3187
-63.3593
-63.3994
-63.4393
-63.4791
-63.5187
-63.5582
-63.5749
-63.6145
-63.6556
-79.1505
-73.9234
-72.9631
-72.4477
-72.1468
-71.9587
-71.6955
-71.6322
-71.5910
-71.5650
-71.5498
-69.7537
-69.7872
-69.8207
-69.8539
-69.8871
-69.9201
-69.9530
-69.9859
-70.0188
-69.9968
-70.0304
-70.0642
-70.0978
-63.1504
-63.1919
-63.2332
-63.2743
-63.3152
-63.3560
-63.3966
-63.4365
-63.4763
-63.5160
-63.5555
-63.5948
-63.6118
-63.6513
-63.9736
-64.0154
-63.9960
-63.8749
-63.9343
-63.9689
-71.1717
-71.1814
-71.1939
-71.0801
-71.1115
-71.1427
-71.1738
-69.7806
-69.8137
-69.8467
-69.8794
-69.9121
-69.9446
-69.9770
-70.0094
-70.0416
-70.0190
-70.0520
-70.0852
-70.1183
-70.1514
-70.1845
-70.2176
-70.2507
-70.2837
-70.3165
-70.3493
-70.3819
-70.4130
-70.4434
-70.4737
-70.5039
-70.4264
-70.4588
-71.1818
-71.6293
-71.6941
-71.4203
-70.8284
-70.8463
-63.9575
-63.9925
-64.0271
-64.0620
-64.0971
-64.1085
-64.1461
-69.8139
-69.8466
-69.8791
-69.9114
-69.9436
-69.9756
-70.0075
-70.0393
-70.0710
-70.1026
-70.0800
-70.1125
-70.1449
-70.1774
-70.2100
-70.2426
-70.2751
-70.3077
-70.3401
-70.3725
-70.4048
-70.4369
-70.4683
-70.4981
-70.5280
-70.5578
-70.4814
-70.5154
-71.4374
-71.4804
-71.4798
-70.9260
-70.8594
-70.8943
-70.9117
-70.9290
-70.9451
-70.9633
-70.9821
-70.8830
-69.8122
-69.8847
-69.9167
-69.9485
-69.9802
-70.0118
-70.0431
-70.0745
-70.1056
-70.1368
-70.1133
-70.1451
-70.1769
-70.2088
-70.2407
-70.2726
-70.3047
-70.3367
-70.3687
-70.4006
-70.4324
-70.4642
-70.4959
-70.5275
-70.5570
-70.5863
-70.5088
-70.5401
-71.1354
-71.4703
-71.3661
-70.7933
-70.8563
-70.9001
-70.9403
-70.9657
-70.9842
-71.0014
-71.0206
-71.0402
-71.3844
-71.4723
-71.5010
-71.5295
-71.5577
-71.5858
-71.6136
-71.6412
-71.6686
-70.2113
-70.1525
-70.1821
-74.0074
-73.1700
-72.7228
-72.4694
-72.3148
-72.2158
-72.1507
-72.1077
-72.0798
-70.5621
-70.5932
-70.6229
-70.6518
-70.5712
-71.0639
-71.3898
-71.4198
-71.2901
-70.8326
-70.9035
-70.9473
-70.9879
-71.0221
-71.0414
-71.0606
-71.0805
-71.3634
-71.3942
-71.4800
-71.5094
-71.5384
-71.5672
-71.5957
-71.6240
-71.6522
-71.6801
-71.7079
-71.6598
-74.0753
-73.5904
-73.2433
-72.9981
-72.8212
-72.6914
-72.5950
-72.5226
-72.4682
-72.4273
-72.3969
-72.3742
-72.2012
-72.1958
-72.9581
-73.2737
-73.1185
-72.3660
-72.2074
-72.4044
-72.4327
-71.0438
-71.0821
-71.1064
-71.1248
-71.3536
-71.3876
-71.4046
-71.4886
-71.5184
-71.5480
-71.5773
-71.6063
-71.6352
-71.6637
-71.6922
-71.6453
-73.7933
-73.5283
-73.3164
-73.1520
-73.0223
-72.9193
-72.8374
-72.7720
-72.7198
-72.6783
-72.6454
-72.4573
-73.1474
-73.5108
-73.4348
-73.2319
-72.5622
-72.4156
-72.4194
-72.6246
-72.6450
-72.6644
-72.6766
-71.4260
-71.3636
-71.3980
-71.4672
-71.4978
-71.5282
-71.5583
-71.5881
-71.6177
-71.6469
-71.6760
-71.7048
-72.6875
-72.9276
-73.6402
-73.8959
-80.6255
-75.0681
-73.9252
-73.7135
-73.5367
-73.3876
-73.2668
-73.1670
-73.0844
-73.0161
-72.9595
-72.9128
-72.7050
-72.6808
-73.4697
-73.7007
-73.5452
-72.7856
-72.6050
-72.6042
-72.6033
-72.8008
-72.8169
-72.8324
-69.9501
-69.9911
-69.9600
-69.9988
-70.0604
-70.0956
-70.1306
-70.1653
-70.1998
-70.2341
-70.2681
-70.3020
-70.7185
-71.0385
-71.1714
-73.2860
-73.4266
-72.2308
-72.1268
-71.8557
-71.8850
-71.9144
-71.9438
-71.9714
-72.0012
-72.1218
-72.1444
-72.1678
-72.1972
-72.0815
-72.7406
-73.0823
-73.8279
-72.9980
-72.9500
-72.7795
-72.7753
-72.7709
-72.9627
-72.9753
-69.9386
-69.9797
-70.0205
-69.9903
-70.0282
-70.0891
-70.1242
-70.1592
-70.1938
-70.2283
-70.2626
-70.2965
-70.3321
-70.9072
-71.0656
-71.1757
-71.4258
-71.3160
-70.6696
-70.7140
-70.7019
-70.5827
-70.6159
-70.6492
-70.6824
-70.7142
-70.7475
-70.7808
-70.8139
-72.0063
-72.5956
-72.7406
-72.9335
-72.8750
-72.3081
-72.2372
-72.2632
-72.2920
-72.3187
-72.3455
-69.9298
-69.9709
-70.0117
-70.0522
-70.0228
-70.0953
-70.1199
-70.1549
-70.1897
-70.2242
-70.2586
-70.2927
-70.3266
-70.8035
-70.9724
-71.0942
-71.1902
-71.2495
-70.6288
-70.6803
-70.7260
-70.7310
-70.6123
-70.6457
-70.6789
-70.7121
-70.7453
-70.7769
-70.8101
-70.8432
-70.7759
-71.2592
-71.4502
-71.4402
-71.0275
-71.0426
-70.9734
-71.0056
-71.0397
-71.0720
-71.4204
-69.9623
-70.0029
-70.0434
-70.0835
-70.0549
-70.1256
-70.1608
-70.1849
-70.2195
-70.2539
-70.2880
-70.3219
-70.6681
-70.8903
-71.0192
-71.1212
-71.0910
-70.5484
-70.6453
-70.6989
-70.7432
-70.7616
-70.6434
-70.6766
-70.7099
-70.7430
-70.7761
-70.8090
-70.8405
-70.7732
-71.2182
-71.3193
-71.4425
-71.4265
-71.0499
-70.9736
-71.0058
-71.0378
-71.0718
-71.4874
-71.5173
-71.5472
-71.5769
-71.6066
-71.6362
-71.5710
-71.6416
-71.6650
-71.6721
-71.6962
-70.2890
-70.3229
-70.3583
-70.8263
-70.9573
-71.0642
-71.0798
-70.9481
-70.5084
-70.6701
-70.7193
-70.7633
-70.7894
-70.7969
-70.7062
-70.7393
-70.7724
-70.8053
-70.8381
-70.8728
-70.8055
-71.2792
-71.4373
-71.4342
-71.0537
-71.0718
-71.0043
-71.0363
-71.0683
-71.3941
-71.5837
-71.6130
-71.6422
-71.6713
-71.7003
-71.7292
-71.7114
-71.7321
-71.7550
-71.7613
-71.7849
-71.8072
-71.8318
-72.3150
-72.5580
-72.6898
-72.7398
-72.5891
-71.9871
-71.9215
-70.6998
-70.7471
-70.7905
-70.8241
-70.8347
-70.7407
-70.7735
-70.8063
-70.8392
-70.8718
-70.8061
-71.2489
-71.3293
-71.4375
-71.0587
-71.0794
-71.0070
-71.0389
-71.0707
-71.3706
-71.4886
-71.5181
-71.5475
-71.5768
-71.6061
-71.6353
-71.6643
-71.7382
-71.8217
-71.8439
-71.8496
-71.8715
-71.8944
-72.4104
-72.5605
-72.6939
-72.7938
-72.6837
-72.0545
-71.9819
-72.0046
-72.1923
-72.2312
-72.2677
-72.3001
-72.2971
-72.1387
-72.1643
-72.1879
-72.2118
-72.2383
-71.2221
-71.3112
-71.4446
-71.4460
-71.0864
-71.1076
-71.0433
-71.0750
-71.4354
-71.4641
-71.5820
-71.6108
-71.6396
-71.6684
-71.6970
-71.7256
-71.8004
-71.8261
-71.7560
-71.7786
-71.7852
-71.8074
-71.8321
-72.3189
-72.7033
-72.8172
-72.7692
-72.6386
-72.1259
-72.0647
-72.0868
-72.1089
-72.3073
-72.3426
-72.3781
-72.3820
-72.3857
-72.2409
-72.2662
-72.2920
-72.1810
-72.7680
-72.8238
-72.9569
-72.4393
-72.4495
-72.3341
-72.3604
-71.5015
-71.5294
-71.5565
-71.6742
-71.7025
-71.7307
-71.7588
-71.7868
-71.8149
-71.8880
-71.9130
-71.8426
-71.8646
-71.8728
-71.8947
-72.3441
-72.5449
-72.6568
-72.6665
-72.5727
-72.0438
-71.9816
-72.0041
-72.0266
-72.1898
-72.3840
-72.4177
-72.4524
-72.4653
-72.4693
-72.3191
-72.3418
-72.3694
-72.7893
-72.8817
-73.0185
-73.0050
-72.5071
-72.5175
-72.4116
-71.7261
-71.7524
-71.7789
-71.8045
-71.8335
-71.7932
-71.8207
-71.8483
-71.8758
-71.9032
-71.9746
-71.9991
-71.9283
-71.9498
-71.9734
-72.4483
-72.5626
-72.6742
-72.7325
-72.6652
-72.1078
-72.1165
-72.0625
-72.0845
-72.1065
-72.1283
-72.3150
-72.3469
-72.3811
-72.4024
-72.4087
-72.2594
-72.4214
-72.3087
-72.9042
-72.9324
-73.0684
-72.5641
-72.5750
-72.4610
-71.7877
-71.8197
-71.8453
-71.8711
-71.8971
-71.9223
-72.0426
-72.0689
-72.0951
-72.1213
-72.1948
-72.2180
-72.0843
-72.0131
-72.0341
-72.0575
-72.5081
-72.6962
-72.7949
-72.7440
-72.6632
-72.1809
-72.1194
-72.1427
-72.1642
-72.1858
-72.2071
-72.2307
-72.4217
-72.4549
-72.4825
-72.4897
-72.3470
-72.3606
-72.7768
-72.8457
-72.9763
-72.4741
-72.4970
-72.6428
-71.9275
-71.8034
-71.8421
-71.8808
-71.9193
-71.9578
-71.9950
-72.1294
-72.1582
-72.1839
-72.2095
-72.2812
-72.3040
-72.3267
-72.2511
-72.2731
-72.8091
-72.8940
-72.8197
-72.8158
-72.7527
-72.2446
-72.1784
-72.1993
-72.2223
-72.2433
-72.2645
-72.2853
-72.3062
-72.4966
-72.5286
-72.5601
-72.5696
-72.5823
-72.8032
-72.8853
-72.8892
-73.0266
-72.5519
-72.5642
-71.9002
-71.9416
-71.9825
-71.8588
-71.8976
-71.9364
-71.9751
-72.0136
-72.1460
-72.1826
-72.2205
-72.2580
-72.3399
-72.3742
-72.4080
-72.3398
-72.8458
-72.8576
-73.0227
-73.0602
-73.0096
-72.9357
-72.4658
-72.4033
-72.4230
-72.3010
-72.3217
-72.3425
-72.3629
-72.3834
-72.5715
-72.6022
-72.6330
-72.6511
-72.6612
-72.9125
-72.9537
-73.0869
-72.5941
-72.6171
-70.1905
-70.3066
-71.9563
-71.9975
-71.8759
-71.9149
-71.9539
-71.9928
-76.8968
-75.4504
-74.7832
-75.6279
-72.4392
-72.9934
-73.0726
-73.1327
-73.0896
-73.0284
-72.5307
-72.4627
-72.4831
-75.2151
-74.5258
-77.3709
-75.6185
-74.9209
-74.5308
-74.8650
-74.5131
-73.0126
-73.1513
-72.6721
-70.1711
-70.2141
-70.3297
-70.3724
-70.4148
-70.3451
-70.3858
-76.4847
-76.4842
-76.3567
-75.7393
-75.6158
-75.3633
-76.5326
-72.6075
-72.6166
-72.5531
-75.2823
-80.7696
-76.5945
-75.7364
-74.7196
-74.6782
-75.2475
-75.1787
-75.0226
-74.2485
-70.2237
-70.1952
-70.2381
-70.2808
-70.3960
-70.4383
-70.3698
-84.0343
-81.6410
-76.5698
-76.8878
-81.6372
-75.6176
-75.8776
-75.3618
-74.3616
-74.3444
-75.9439
-75.7418
-74.8629
-76.4034
-78.1278
-75.2624
-75.0227
-74.7079
-74.6031
-75.1774
-75.1611
-75.0529
-74.2055
-70.1212
-70.1652
-70.2211
-70.2627
-70.3053
-70.4200
-70.4624
-70.9061
-80.4555
-78.1470
-76.8011
-74.4796
-74.0619
-75.6252
-75.5066
-75.4345
-74.8669
-78.3986
-77.3936
-76.9221
-76.5341
-78.7186
-75.4424
-77.1270
-77.8486
-77.7608
-77.6956
-76.6880
-74.8861
-74.8416
-74.5698
-75.2755
-75.0857
-75.0118
-75.1443
-70.1019
-70.1463
-70.1904
-70.2340
-74.7864
-74.9859
-74.7507
-74.0200
-73.5552
-72.7356
-71.4758
-71.7203
-73.8057
-78.3752
-77.3348
-76.9553
-75.6573
-78.2213
-78.0249
-77.7480
-76.7515
-74.8952
-76.7191
-76.9414
-77.0805
-76.4109
-74.7125
-74.6253
-74.6092
-74.3988
-74.9544
-74.9302
-74.8643
-70.0833
-70.1278
-70.1721
-80.8345
-76.3277
-76.1802
-75.7016
-75.1343
-74.7031
-73.4773
-74.0149
-74.0088
-74.0293
-74.1765
-82.3752
-77.6441
-75.6628
-75.4129
-76.0964
-76.8890
-76.8757
-76.2775
-74.6914
-75.8770
-76.1754
-76.3366
-75.9992
-74.5973
-74.4436
-74.4409
-74.4370
-75.0032
-74.8285
-74.7523
-70.7238
-70.7658
-70.8076
-79.2778
-77.4810
-76.2196
-75.9174
-75.8123
-75.3085
-74.0814
-73.8598
-74.5007
-74.6275
-74.6330
-74.5906
-82.3374
-77.9325
-76.1699
-75.4361
-74.9389
-74.8875
-75.4678
-75.9841
-75.6672
-74.3947
-75.1229
-75.5840
-75.7913
-75.6631
-75.2855
-74.2442
-74.2528
-74.2595
-74.9775
-74.6550
-74.6447
-70.6936
-70.7361
-70.7784
-71.4330
-71.5913
-79.4533
-78.6872
-76.8103
-74.8427
-75.3497
-75.3213
-74.9531
-74.5379
-73.8135
-74.6796
-74.7456
-74.9562
-74.9467
-74.9048
-75.0732
-76.3944
-75.4135
-75.1307
-74.7373
-73.7891
-74.7252
-74.9781
-75.1358
-74.8391
-73.9464
-75.0332
-75.2667
-75.3302
-75.0815
-74.1634
-74.0637
-74.0814
-74.0991
-74.8260
-74.5127
-70.6635
-70.7065
-70.7492
-71.1856
-71.4440
-71.5640
-71.7288
-71.6715
-71.2068
-71.6435
-71.8341
-71.9011
-71.7826
-71.3027
-71.8486
-71.9942
-74.3968
-74.5527
-74.6892
-74.7946
-74.8994
-74.4466
-74.3259
-74.2224
-74.1640
-74.3551
-74.4166
-74.4530
-74.2487
-73.7469
-74.4315
-74.7934
-74.9857
-74.8346
-73.9572
-73.8672
-73.8994
-73.9276
-74.6054
-74.4869
-70.6334
-70.6768
-70.7200
-79.6385
-76.8024
-74.5649
-74.7234
-74.0598
-73.9544
-73.6596
-72.9300
-73.3646
-71.8603
-71.9344
-72.1499
-72.2562
-72.3539
-72.4370
-72.2282
-72.2526
-72.2119
-72.1758
-71.8382
-72.3862
-72.3854
-73.9304
-73.7809
-73.3922
-74.3368
-74.5507
-74.5533
-74.4228
-73.7629
-73.7043
-73.7438
-73.7812
-74.4658
-70.6024
-70.6472
-70.6909
-79.9306
-78.8164
-76.4811
-75.9922
-75.5643
-75.0956
-74.7310
-74.3350
-73.4166
-73.9453
-74.0285
-73.9323
-74.0640
-74.3690
-74.4275
-74.0963
-74.0627
-73.9570
-73.9268
-71.8017
-72.2983
-72.4188
-72.2860
-72.2098
-71.8246
-72.3988
-72.6164
-72.6906
-72.6419
-72.1841
-72.1502
-72.1885
-72.2255
-72.6865
-70.5724
-70.6168
-70.6617
-80.1835
-76.9448
-76.1839
-74.8103
-75.3074
-75.3645
-75.3982
-75.0490
-74.1613
-74.6442
-74.6445
-74.5852
-74.6314
-74.4411
-74.5479
-74.5564
-74.1533
-74.0375
-74.1612
-74.1207
-74.1622
-76.4759
-76.0944
-75.6368
-75.1675
-74.8114
-74.0193
-73.7662
-72.1917
-72.6334
-70.5424
-70.5873
-70.6318
-80.0425
-77.9042
-76.2922
-75.7079
-77.7932
-76.3379
-76.9688
-76.3109
-76.0330
-75.6694
-74.6255
-75.1360
-75.0673
-75.0396
-74.9504
-75.0425
-74.9865
-75.0022
-74.6515
-74.5809
-76.9153
-75.1629
-77.9000
-77.0620
-76.7334
-76.2141
-75.7082
-74.6558
-74.4094
-74.3126
-74.2393
-70.5122
-70.5575
-70.6026
-70.6497
-71.3863
-71.6128
-77.8707
-77.4601
-77.0725
-76.7256
-75.8370
-75.0289
-74.8461
-75.5023
-75.4061
-75.3630
-74.9396
-75.3501
-75.2935
-74.8867
-78.4922
-81.0286
-78.8929
-77.4137
-76.9444
-76.4237
-75.1685
-74.9893
-74.7414
-74.6382
