-62.9033
-62.9311
-62.9188
-55.3031
-55.3840
-55.4580
-55.5694
-63.4520
-63.8065
-64.1062
-64.4693
-64.9117
-65.2055
-65.3397
-65.4767
-65.7877
-65.9915
-65.9130
-66.5021
-64.6719
-64.6374
-64.6050
-64.4826
-66.8191
-68.5027
-68.9364
-68.8182
-69.0298
-69.0488
-68.5031
-65.8688
-66.0449
-73.6211
-71.8333
-70.1397
-70.5685
-69.9665
-62.7989
-62.5302
-55.1550
-55.2132
-55.3036
-55.3828
-63.2206
-63.4975
-64.0604
-64.4043
-64.7563
-65.1801
-65.3333
-65.5764
-65.7132
-66.0091
-66.2035
-66.1162
-64.4696
-64.4412
-64.4168
-64.3552
-67.4231
-69.4331
-69.3893
-69.5587
-69.3657
-69.5178
-69.2428
-65.8058
-65.7263
-68.0773
-69.0383
-73.6488
-73.2069
-70.6223
-69.7368
-70.0351
-62.5757
-55.0016
-55.0335
-55.1069
-55.2221
-63.0468
-63.5645
-63.9763
-64.1456
-64.7424
-65.0743
-65.4549
-65.6059
-65.8323
-65.9616
-66.2406
-66.4236
-64.0917
-64.2449
-64.2230
-64.1741
-68.0913
-71.2362
-70.3160
-70.0835
-70.2049
-69.8929
-69.4700
-67.4293
-65.6276
-67.6428
-68.4883
-73.6683
-72.9897
-70.6849
-70.1245
-69.2582
-54.8479
-54.9220
-54.9786
-55.0634
-62.7280
-63.4305
-63.9544
-64.3732
-64.6905
-64.8974
-65.4260
-65.6805
-65.9034
-66.0470
-66.2907
-66.4816
-64.1212
-63.8751
-64.0279
-63.9812
-66.7827
-72.4946
-71.0499
-70.6961
-70.2222
-69.8964
-67.4893
-65.7778
-67.5650
-68.0888
-68.6927
-69.2234
-71.1948
-71.5290
-69.9582
-70.3018
-70.2159
-69.9117
-69.5052
-54.7598
-54.8239
-54.9019
-62.7127
-63.3637
-63.7868
-64.2673
-64.6985
-65.1540
-65.4895
-65.5884
-66.0339
-66.2274
-66.3405
-66.5744
-63.9932
-63.7294
-63.6826
-63.7890
-66.7002
-66.8670
-71.5761
-70.4651
-69.5308
-65.7316
-67.8051
-68.0890
-68.2592
-68.6611
-71.1545
-72.0204
-72.5007
-70.7606
-70.2922
-70.0551
-69.6707
-69.2232
-54.6706
-54.7395
-62.5413
-63.3613
-64.0377
-64.5593
-64.7382
-65.1806
-65.6170
-65.9481
-65.9830
-66.4188
-66.5108
-66.7214
-63.8722
-63.7483
-63.5130
-63.5826
-66.6035
-66.7554
-66.8914
-68.6916
-71.2703
-70.3237
-65.8362
-66.7993
-68.4748
-68.2127
-68.1576
-77.4203
-73.6366
-72.5454
-70.5619
-69.9335
-69.3660
-68.9136
-54.5508
-62.3005
-63.3754
-64.1813
-64.7529
-64.9941
-65.1296
-65.9714
-65.8989
-66.1359
-66.6291
-66.5920
-66.8799
-63.7511
-63.6241
-63.5146
-63.2758
-66.5104
-66.6565
-66.8205
-66.7264
-71.0775
-65.7237
-66.6571
-68.8476
-68.8260
-68.0976
-67.8836
-70.0111
-69.9562
-69.3100
-67.6489
-61.9817
-63.3050
-64.4894
-65.0179
-65.2254
-65.3210
-66.4037
-66.6311
-66.7207
-66.8626
-66.7934
-67.1122
-63.6331
-63.5047
-63.3866
-63.2593
-66.2248
-66.6437
-66.7833
-66.6701
-68.4774
-69.4012
-70.8472
-70.1956
-65.5690
-66.5285
-68.7683
-68.7523
-68.6306
-68.0128
-67.5611
-70.5974
-69.1282
-67.3323
-65.0261
-63.8904
-64.9471
-65.4369
-65.5937
-65.5042
-65.2039
-67.1159
-69.7309
-69.5469
-69.6086
-69.3674
-67.7736
-63.2912
-63.1783
-63.1241
-66.5559
-66.4339
-66.7844
-66.6524
-66.4124
-72.8081
-72.3912
-70.2657
-66.6525
-65.1579
-68.5266
-68.5681
-68.5350
-68.1572
-67.5835
-66.0909
-66.5552
-68.4249
-72.2264
-70.6138
-64.8082
-66.9812
-67.7768
-72.4253
-70.0053
-65.6310
-65.3074
-65.2234
-64.0617
-69.7508
-63.2574
-63.1353
-66.2870
-66.5460
-66.5395
-66.5908
-66.6732
-66.4059
-73.5213
-69.9554
-65.1318
-68.1721
-68.1781
-68.2790
-67.9269
-66.3459
-66.1641
-67.4557
-67.9573
-67.6767
-72.8535
-67.1528
-67.9776
-68.4088
-68.3674
-72.2925
-65.3892
-63.5571
-63.9122
-64.2726
-63.3640
-63.2434
-63.0224
-66.6858
-66.9607
-66.8464
-66.6247
-66.7685
-66.4431
-66.1447
-72.1013
-65.3482
-68.6602
-67.9986
-67.8059
-66.1618
-66.1833
-67.7759
-67.4789
-67.4783
-67.5494
-67.1210
-66.8583
-64.9889
-69.7245
-69.6169
-69.6254
-69.6172
-69.4215
-63.6842
-64.0045
-64.0300
-64.1763
-64.1086
-63.8260
-63.0997
-63.2418
-63.1216
-62.9170
-66.9992
-67.3456
-67.4523
-67.3873
-66.4724
-66.4002
-66.1908
-65.8632
-72.3894
-65.2862
-69.0117
-68.4871
-66.3652
-66.3883
-67.7446
-67.7276
-67.4268
-67.1799
-66.9127
-66.8887
-64.5563
-70.7053
-70.2240
-69.7804
-69.3741
-63.9666
-64.5574
-64.6319
-64.6407
-64.1031
-63.7450
-62.7348
-62.9123
-63.0012
-62.7278
-67.6782
-68.0055
-68.0354
-67.7247
-67.1989
-66.4593
-66.2948
-65.7923
-65.4730
-65.3631
-65.1838
-69.2607
-66.4590
-68.6795
-68.5160
-68.4408
-68.0881
-67.2941
-67.2604
-66.5078
-64.0228
-64.3731
-64.6879
-70.6154
-70.1150
-69.6473
-69.2252
-65.2517
-65.2107
-65.0945
-64.4856
-63.9789
-62.6572
-62.8309
-62.6728
-62.4482
-69.1963
-69.1657
-68.7864
-68.1537
-67.5534
-66.9839
-66.2478
-66.0101
-65.5895
-64.9638
-64.7873
-66.4531
-70.2851
-69.9996
-68.9929
-68.7564
-68.0363
-67.4438
-67.3620
-66.4129
-63.9235
-64.2507
-65.9379
-65.7430
-70.5410
-69.9984
-67.8246
-68.1881
-65.8479
-65.3567
-64.6812
-62.4090
-62.8368
-62.9497
-62.5331
-62.2847
-69.0905
-68.5842
-68.0125
-67.3586
-66.4789
-65.9697
-65.6773
-65.2269
-64.1767
-72.1631
-70.2837
-69.0475
-68.0548
-67.2705
-67.1739
-63.8795
-63.9725
-64.2063
-65.7374
-65.5513
-65.3525
-67.7107
-68.2273
-68.5918
-68.8597
-65.5583
-64.6069
-62.3781
-62.9087
-62.9648
-62.5786
-62.2650
-61.8721
-69.6986
-68.7230
-67.7648
-67.1154
-66.2044
-65.8354
-64.0716
-64.1721
-64.1562
-69.8588
-68.1124
-67.0494
-66.9436
-63.8186
-64.0377
-65.9564
-65.6024
-65.4711
-65.2619
-64.9394
-64.7745
-68.2734
-68.9687
-68.8686
-69.1880
-69.3322
-68.9745
-64.5420
-62.3296
-62.9317
-62.9006
-62.4914
-62.1296
-54.3627
-54.4549
-69.7095
-68.7534
-67.5684
-66.7727
-63.7081
-64.1188
-64.1700
-64.1355
-63.8760
-72.3906
-69.0122
-66.9761
-63.4029
-63.7567
-66.2885
-66.1257
-65.5214
-65.1598
-65.0126
-64.7994
-64.6036
-70.2201
-70.4447
-70.1017
-69.9636
-69.8114
-69.3927
-69.0956
-62.5305
-63.0400
-62.8501
-62.3486
-61.9495
-54.1935
-54.2806
-54.3751
-69.7206
-67.7763
-63.7005
-63.9279
-64.0320
-64.1819
-64.1053
-63.7357
-63.3300
-63.1116
-71.9259
-67.0636
-63.5084
-66.0820
-66.6676
-66.1405
-65.6055
-65.0125
-64.6718
-64.5157
-64.3147
-72.8530
-70.7771
-70.0358
-69.9264
-69.5638
-69.3212
-63.4270
-62.9325
-62.2345
-61.7500
-54.0112
-54.1035
-54.1986
-62.1308
-63.4822
-63.8194
-64.1311
-64.3214
-64.2907
-64.0388
-63.5839
-63.0978
-55.2963
-55.3969
-63.3206
-63.5972
-66.8760
-67.4157
-66.2300
-65.5757
-64.8920
-64.4647
-64.1350
-63.9968
-56.4184
-73.4226
-71.7193
-70.3399
-69.8113
-69.0452
-69.2702
-63.0977
-62.2366
-61.6108
-53.8261
-53.9221
-54.0436
-62.1586
-62.7392
-63.2191
-63.7591
-63.9869
-64.2996
-66.0390
-64.7858
-63.8770
-63.4368
-62.8270
-55.1387
-55.2289
-62.9488
-63.3095
-68.6121
-68.8928
-68.7950
-66.4214
-65.5886
-64.9028
-64.3689
-63.8563
-56.1904
-56.2706
-56.3615
-70.7236
-69.3135
-68.8947
-65.0088
-62.2994
-61.4248
-53.6474
-53.7476
-61.4844
-62.2283
-62.9222
-63.4500
-63.8830
-67.9909
-68.1562
-66.7749
-65.3706
-63.9158
-63.2917
-54.8880
-54.9802
-55.0708
-62.8895
-71.0044
-70.3322
-70.0702
-65.6963
-64.7846
-64.1225
-63.6418
-56.0259
-56.1111
-56.2013
-56.3038
-69.2849
-65.0188
-65.2107
-65.2428
-61.2467
-53.4625
-53.5590
-61.6976
-62.6750
-63.2870
-63.8209
-68.3265
-66.0452
-64.1279
-63.0523
-54.7247
-54.8180
-62.5480
-62.9579
-63.3382
-66.0545
-64.6311
-63.7969
-55.8154
-55.9014
-55.9699
-56.0548
-63.6965
-64.0079
-64.4458
-64.8477
-65.0905
-65.1950
-65.1676
-65.3182
-65.4848
-65.6551
-53.2707
-53.3729
-62.3625
-63.3269
-64.0452
-64.5478
-64.1824
-63.8000
-68.1946
-65.1125
-62.9924
-54.5446
-54.6533
-62.6345
-63.0965
-63.4990
-63.7367
-72.2223
-64.6006
-55.6157
-55.6713
-55.7583
-55.8439
-63.3646
-63.6648
-64.0797
-64.4037
-64.7765
-64.9444
-65.3936
-65.4771
-65.4541
-65.6355
-65.7826
-65.9286
-53.1788
-65.3512
-65.4700
-65.5836
-65.3166
-64.4768
-63.7188
-62.9856
-68.0607
-54.2929
-54.3885
-62.1607
-62.8314
-63.3280
-63.7471
-63.7821
-63.4892
-63.3176
-64.5909
-55.4392
-55.5305
-55.6121
-63.2279
-63.5603
-63.8284
-64.1497
-64.5516
-64.8438
-65.1859
-65.3894
-65.5525
-65.6892
-65.7264
-65.9059
-66.0700
-66.2213
-70.1937
-68.4929
-65.9348
-64.6953
-63.8328
-63.0075
-62.3466
-61.7797
-54.0408
-54.1246
-54.2219
-62.4900
-63.1364
-63.7272
-63.9222
-63.6223
-63.2701
-62.9836
-62.8231
-62.7346
-55.2093
-55.2961
-55.3770
-55.4676
-63.3594
-63.8188
-64.2025
-64.4166
-64.6932
-65.0666
-65.3161
-65.6203
-65.7816
-65.9057
-65.9622
-65.8414
-68.8090
-68.5495
-67.8059
-71.1925
-65.5974
-64.1713
-63.0144
-62.1390
-53.7447
-53.8500
-53.9600
-62.3589
-63.4189
-63.8803
-64.2421
-63.9822
-63.4545
-63.0297
-62.6957
-62.4553
-54.9276
-55.0363
-55.1285
-55.2220
-63.1148
-63.7953
-64.2803
-64.6264
-64.9282
-64.9325
-65.2746
-65.6134
-65.8130
-66.0753
-66.1935
-66.2228
-71.5121
-68.8104
-68.0371
-67.1093
-72.4094
-64.9858
-63.2267
-61.9406
-53.5563
-53.6645
-53.7705
-65.4127
-65.4310
-65.5285
-64.6558
-63.9685
-63.2982
-62.7751
-62.3812
-54.7127
-54.7636
-54.8622
-54.9674
-62.9100
-63.8530
-64.4677
-64.9318
-65.2571
-65.5072
-64.9652
-65.7278
-65.8803
-66.1819
-66.3273
-66.5458
-66.4905
-68.9887
-67.3068
-66.0299
-67.2089
-63.9122
-61.7684
-53.3678
-53.4656
-53.5834
-69.8379
-65.1849
-63.9212
-63.1469
-62.4870
-62.0313
-54.4971
-54.5976
-54.6968
-54.7952
-65.8509
-65.9402
-65.8991
-66.0172
-66.1360
-65.7590
-64.9470
-66.3310
-66.4139
-66.4959
-66.7607
-66.8499
-66.8183
-72.6759
-70.2577
-68.1219
-66.1810
-64.9372
-67.1543
-53.0666
-53.1774
-53.2866
-53.3943
-53.5043
-66.1086
-64.2323
-62.8931
-62.1228
-54.2264
-54.3294
-54.4302
-54.5302
-54.6296
-68.9113
-67.5009
-65.9414
-64.7547
-71.0575
-70.6741
-70.2168
-68.8023
-67.5810
-65.6104
-70.0424
-66.0998
-56.4577
-56.5384
-52.6490
-52.7643
-52.8765
-52.9877
-53.0939
-53.2047
-53.3156
-53.4156
-65.0121
-62.7228
-61.5451
-54.0530
-54.1575
-54.2606
-54.3617
-54.4644
-54.5663
-54.6781
-68.6228
-66.8045
-64.7177
-70.5521
-68.6084
-65.4838
-55.8941
-55.9970
-56.1092
-56.1980
-56.2611
-56.3245
-56.4089
-56.4924
-52.5532
-52.6677
-52.7862
-52.8983
-53.0110
-53.1241
-53.2351
-53.3448
-62.6891
-53.7629
-53.8654
-53.9812
-54.0857
-54.1917
-54.2972
-54.4001
-54.4999
-54.6075
-68.6204
-64.5902
-55.1000
-70.4679
-55.6699
-55.7472
-55.8430
-55.9428
-56.0488
-56.1351
-56.2082
-56.2742
-56.3571
-56.4393
-52.4616
-52.5806
-52.6971
-52.8132
-52.9282
-53.0416
-53.1536
-53.2645
-53.3668
-53.4965
-53.5922
-53.6903
-53.8031
-53.9099
-54.0178
-54.1247
-54.2288
-54.3306
-54.4304
-54.5388
-54.8480
-54.9457
-55.0412
-55.1530
-55.3523
-55.4473
-55.5227
-55.6163
-55.6981
-55.7923
-55.8906
-55.9779
-56.0679
-56.1536
-56.2204
-56.3033
-56.3866
-52.3684
-52.4914
-52.6100
-52.7270
-52.8441
-52.9585
-53.0730
-53.1862
-53.2982
-53.4034
-53.5163
-53.6160
-53.7364
-53.8423
-53.9489
-54.0535
-54.1572
-54.2609
-54.3665
-54.4772
-54.5808
-54.6830
-54.7855
-54.8831
-54.9809
-55.0940
-55.1927
-55.2889
-55.3805
-55.4642
-55.5592
-55.6570
-55.7400
-55.8368
-55.9223
-55.9977
-56.0962
-56.1675
-56.2536
-56.3392
-52.2713
-52.4023
-52.5220
-52.6398
-52.7594
-52.8772
-52.9929
-53.1065
-53.2178
-53.3220
-53.4414
-53.5463
-53.6670
-53.7716
-53.8775
-53.9829
-54.0903
-54.1971
-54.3032
-54.4080
-54.5170
-54.6131
-54.7076
-54.8218
-54.9217
-55.0353
-55.1325
-55.2293
-55.3225
-55.4092
-55.5044
-55.6012
-55.6842
-55.7800
-55.8659
-55.9448
-56.0438
-56.1193
-56.2071
-56.2927
-52.1824
-52.3053
-52.4334
-52.5543
-52.6752
-52.7950
-52.9105
-53.0244
-53.1420
-53.2521
-53.3593
-53.4751
-53.5934
-53.7014
-53.8088
-53.9179
-54.0259
-54.1327
-54.2380
-54.3424
-54.4523
-54.5510
-54.6441
-54.7502
-54.8522
-54.9758
-55.0742
-55.1689
-55.2639
-55.3510
-55.4470
-55.5414
-55.6345
-55.7259
-55.8148
-55.8967
-55.9838
-56.0695
-56.1577
-56.2417
-52.0929
-52.2178
-52.3471
-52.4709
-52.5898
-52.7093
-52.8305
-52.9524
-53.0705
-53.1798
-53.2832
-53.3985
-53.5219
-53.6338
-53.7429
-53.8523
-53.9599
-54.0663
-54.1723
-54.2789
-54.3898
-54.4831
-54.5859
-54.6891
-54.7974
-54.9086
-55.0124
-55.1073
-55.2012
-55.2903
-55.3884
-55.4860
-55.5817
-55.6757
-55.7589
-55.8469
-55.9323
-56.0042
-56.1042
-56.1882
-52.0047
-52.1309
-52.2536
-52.3848
-52.5060
-52.6317
-52.7573
-52.8780
-52.9881
-53.1028
-53.2107
-53.3359
-53.4534
-53.5660
-53.6766
-53.7846
-53.8932
-54.0021
-54.1098
-54.2158
-54.3271
-54.4237
-54.5293
-54.6325
-54.7355
-54.8459
-54.9418
-55.0385
-55.1413
-55.2368
-55.3356
-55.4332
-55.5287
-55.6218
-55.7047
-55.7919
-55.8775
-55.9501
-56.0380
-56.1379
-51.9183
-52.0455
-52.1683
-52.2953
-52.4287
-52.5549
-52.6771
-52.7973
-52.9115
-53.0306
-53.1406
-53.2657
-53.3820
-53.4961
-53.6081
-53.7189
-53.8294
-53.9382
-54.0466
-54.1553
-54.2661
-54.3645
-54.4682
-54.5707
-54.6732
-54.7792
-54.8825
-54.9825
-55.0815
-55.1784
-55.2808
-55.3760
-55.4699
-55.5628
-55.6511
-55.7367
-55.8249
-55.9011
-55.9901
-56.0915
-51.8300
-51.9603
-52.0883
-52.2162
-52.3470
-52.4716
-52.5964
-52.7210
-52.8381
-52.9585
-53.0691
-53.1940
-53.3023
-53.4284
-53.5421
-53.6540
-53.7650
-53.8761
-53.9865
-54.0944
-54.2027
-54.3001
-54.4041
-54.5091
-54.6148
-54.7239
-54.8247
-54.9267
-55.0262
-55.1201
-55.2169
-55.3159
-55.4109
-55.5014
-55.5981
-55.6876
-55.7778
-55.8562
-55.9480
-56.0386
-51.7522
-51.8771
-52.0040
-52.1315
-52.2568
-52.3925
-52.5197
-52.6443
-52.7632
-52.8762
-52.9971
-53.1245
-53.2422
-53.3594
-53.4759
-53.5899
-53.7025
-53.8131
-53.9214
-54.0283
-54.1375
-54.2387
-54.3463
-54.4531
-54.5588
-54.6669
-54.7657
-54.8638
-54.9660
-55.0613
-55.1604
-55.2586
-55.3555
-55.4501
-55.5484
-55.6434
-55.7352
-55.8152
-55.9069
-55.9968
