-62.9144
-62.7548
-62.5787
-62.3797
-62.2158
-53.0341
-52.9653
-61.6305
-61.4249
-61.2403
-52.6998
-60.9643
-60.9947
-61.0754
-61.1724
-60.9631
-60.6989
-52.2239
-52.1569
-52.0868
-52.0135
-60.2235
-60.3105
-60.4553
-60.6261
-60.7994
-61.0281
-61.3170
-61.6106
-65.3453
-68.6964
-61.5308
-62.1846
-63.3910
-65.2906
-64.3940
-64.5356
-59.9450
-59.8623
-60.1749
-62.7490
-62.5821
-62.3980
-53.2145
-53.1494
-61.8571
-61.6615
-61.4471
-52.8828
-61.1475
-61.1536
-61.2016
-61.2924
-61.1653
-60.9235
-60.7282
-52.3512
-52.2817
-52.2123
-52.1395
-60.3997
-60.5324
-60.6494
-60.8056
-60.9845
-61.1645
-61.3962
-61.6874
-64.3475
-61.2118
-61.3771
-61.9306
-62.8596
-62.5836
-62.9608
-60.3476
-60.0892
-59.9734
-61.0319
-62.5888
-62.4090
-53.3287
-62.0459
-61.8769
-61.6882
-53.0687
-53.0018
-61.2859
-61.3487
-61.3965
-61.4390
-61.2085
-60.9467
-52.5382
-52.4750
-52.4064
-52.3366
-60.5293
-60.5963
-60.7268
-60.8346
-60.9779
-61.1407
-61.2997
-61.5078
-61.7402
-63.8715
-61.1115
-61.3216
-61.8645
-62.4309
-62.2658
-62.5683
-60.3330
-60.1837
-60.3877
-68.1276
-61.1521
-53.5098
-53.4419
-62.0713
-61.9161
-61.7269
-53.1863
-61.4685
-61.4664
-61.5317
-61.6083
-61.4509
-61.2351
-61.0372
-52.6586
-52.5935
-52.5294
-52.4647
-60.7357
-60.7875
-60.9132
-61.0333
-61.1442
-61.2929
-61.4337
-61.6218
-61.8309
-63.4571
-61.1561
-61.3858
-61.8172
-62.1852
-62.1439
-60.6727
-60.4015
-60.2244
-63.2755
-62.1813
-61.8753
-61.2024
-61.0349
-62.2932
-62.1054
-61.9429
-53.3686
-53.3028
-61.6304
-61.6495
-61.7034
-61.6995
-61.4773
-61.2794
-52.8501
-52.7842
-52.7126
-52.6476
-60.9152
-60.9530
-60.9725
-61.0926
-61.2045
-61.3280
-61.4417
-61.5666
-61.7376
-61.9268
-61.1403
-61.2247
-61.5040
-61.8626
-62.0560
-62.1423
-60.7187
-60.5152
-60.3461
-62.0845
-61.8638
-61.5747
-61.2167
-60.7900
-60.2791
-62.1517
-53.5425
-53.4810
-61.8097
-61.8039
-61.8438
-61.8809
-61.7165
-61.5182
-61.3546
-52.9699
-52.9040
-52.8355
-52.7664
-61.0836
-61.1390
-61.1843
-61.2660
-61.3700
-61.4853
-61.6114
-61.7259
-61.7491
-61.4964
-61.2162
-61.3517
-61.5980
-61.9555
-62.0482
-60.9530
-60.7705
-60.5954
-60.5155
-61.9218
-61.6353
-61.3484
-61.0203
-60.6163
-60.1690
-59.6319
-53.6563
-61.9686
-61.9516
-61.9938
-62.0184
-61.9600
-61.7582
-61.5587
-53.1522
-53.0880
-53.0227
-52.9569
-61.1941
-61.2000
-61.3137
-61.3616
-61.4408
-61.5307
-61.6386
-61.7550
-61.8789
-61.6892
-61.3489
-61.3306
-61.4947
-61.7280
-62.0215
-61.2252
-61.0110
-60.8151
-60.6842
-62.0970
-61.8357
-61.4914
-61.2100
-60.8774
-60.5247
-60.0999
-59.6421
-59.4547
-62.1110
-62.1183
-62.1571
-62.1972
-62.0033
-61.8260
-61.6470
-53.2666
-53.2049
-53.1402
-53.0753
-61.3719
-61.3916
-61.4528
-61.5540
-61.6077
-61.7089
-61.7885
-61.8947
-61.9888
-61.7201
-61.4315
-61.4690
-61.6171
-61.8621
-62.1251
-61.2624
-61.0867
-60.8879
-60.7717
-61.9826
-61.7363
-61.4495
-61.1196
-60.8027
-60.4546
-60.0779
-59.6753
-59.6757
-60.0492
-62.2849
-62.3132
-62.2387
-62.0696
-61.9115
-53.4506
-53.3821
-53.3200
-53.2568
-61.5274
-61.5395
-61.5762
-61.6209
-61.6962
-61.7661
-61.8793
-61.9566
-62.0308
-61.9821
-61.6301
-61.5684
-61.6199
-61.7696
-61.9975
-61.5233
-61.3303
-61.1381
-60.9843
-60.9127
-61.8821
-61.6643
-61.3917
-65.0010
-68.4219
-60.4364
-60.0833
-51.4738
-59.8654
-60.1961
-60.5705
-62.4403
-62.2743
-62.1313
-53.6296
-53.5674
-53.4967
-53.4334
-53.3717
-61.6820
-61.7047
-61.7440
-61.8213
-61.8432
-61.8976
-62.0294
-62.1161
-62.1886
-62.0029
-61.7394
-61.7047
-61.7998
-61.9214
-62.1333
-61.5891
-61.4035
-61.2187
-61.0887
-62.0684
-61.8574
-61.5982
-63.5976
-63.6109
-64.8161
-60.4763
-60.1189
-59.8622
-60.0432
-60.3351
-60.6838
-60.9435
-62.3347
-62.1962
-53.7429
-53.6810
-53.6142
-53.5476
-61.8192
-61.8352
-61.8672
-61.9070
-61.9839
-62.0370
-62.0346
-62.1209
-62.2560
-62.2947
-61.9641
-61.8482
-61.8538
-61.9574
-62.0970
-61.8379
-61.6596
-61.4802
-61.3050
-61.1797
-62.0443
-61.8191
-61.5993
-62.8250
-62.7668
-63.4969
-60.5002
-60.1991
-60.0236
-60.1989
-60.4715
-60.7698
-61.0373
-61.3050
-53.9136
-53.8507
-53.7932
-53.7273
-53.6648
-61.9669
-61.9795
-62.0028
-62.0653
-62.1117
-62.1927
-62.2345
-62.2483
-62.3659
-62.2405
-62.0595
-61.9802
-62.0084
-62.1136
-62.2453
-61.9046
-61.7339
-61.5601
-61.3976
-61.3053
-62.0167
-61.8172
-62.7748
-62.4746
-62.4201
-60.8648
-60.5624
-60.2646
-60.2116
-60.3609
-60.5921
-60.8687
-61.1324
-61.3758
-59.7268
-53.9640
-53.9046
-53.8392
-62.1516
-62.1445
-62.1356
-62.1644
-62.1956
-62.2641
-62.3449
-62.3984
-62.4106
-62.4836
-62.2529
-62.1623
-62.1612
-62.1647
-62.2675
-62.1514
-61.9793
-61.8118
-61.6439
-61.4980
-61.4420
-62.0240
-62.8729
-62.5545
-62.2601
-62.3360
-60.8539
-60.6166
-60.3846
-60.3657
-60.5404
-60.7259
-60.9573
-61.2264
-61.4507
-59.8880
-59.9775
-54.0132
-53.9541
-62.2930
-62.2986
-62.3030
-62.3177
-62.3666
-62.3884
-62.4924
-62.5437
-62.5650
-62.5154
-62.3125
-62.2823
-62.3156
-62.3896
-62.4190
-62.2256
-62.0570
-61.9166
-61.7317
-61.6079
-63.3650
-63.0559
-62.7235
-62.4078
-62.2329
-61.1616
-60.9248
-60.6699
-52.2172
-60.5467
-60.6851
-60.8827
-61.0740
-61.2902
-61.5319
-60.0380
-60.1329
-60.2417
-62.4621
-62.4378
-62.4486
-62.4701
-62.4680
-62.5013
-62.5549
-62.6120
-62.6836
-62.7019
-62.5398
-62.4278
-62.3815
-62.4682
-62.5471
-62.4894
-62.3022
-62.1371
-62.0006
-61.8467
-61.7295
-63.2488
-62.9508
-62.6443
-62.3581
-62.2171
-61.2164
-60.9565
-60.7660
-60.6131
-60.7028
-60.8522
-60.9973
-61.2013
-61.3878
-61.6022
-60.1894
-60.2807
-60.3834
-60.5183
-62.5797
-62.5968
-62.6183
-62.6458
-62.6470
-62.6839
-62.7410
-62.8203
-62.7994
-62.6154
-62.5565
-62.5274
-62.5973
-62.6986
-62.5827
-62.4042
-62.2193
-62.0590
-61.9447
-61.8853
-63.1756
-62.8902
-62.6043
-62.3553
-62.2741
-61.2641
-61.0529
-60.8263
-60.7719
-60.8442
-60.9936
-61.1516
-61.2961
-61.4989
-60.3354
-60.3261
-60.4236
-60.5308
-60.6498
-62.0622
-62.7428
-62.7640
-62.7904
-62.8214
-62.8248
-62.8622
-62.9295
-62.8719
-62.7031
-62.6871
-62.7171
-62.7339
-62.8157
-62.6600
-62.5019
-62.3262
-62.1484
-62.0513
-63.4262
-63.1648
-62.8627
-62.5975
-62.3929
-61.5470
-61.3341
-61.1135
-60.9448
-60.8885
-61.0100
-61.1176
-61.2765
-61.4291
-61.5773
-60.4892
-60.4815
-60.5514
-60.6654
-60.7771
-61.8847
-61.9901
-62.9072
-62.9324
-62.9619
-62.9953
-62.9968
-63.0671
-62.9183
-62.8057
-62.8282
-62.8685
-62.9089
-62.8844
-62.7461
-62.5843
-62.4283
-62.2626
-62.1695
-63.3989
-63.1474
-62.8887
-62.6167
-62.4529
-61.6148
-61.4098
-61.2015
-52.7459
-61.0612
-61.1241
-61.2723
-61.3840
-61.5469
-61.7007
-60.5904
-60.6396
-60.6938
-60.7850
-60.9020
-61.8147
-61.9127
-61.7365
-63.0720
-63.0999
-63.1299
-63.1445
-63.1496
-63.0216
-62.8997
-62.9728
-63.0188
-63.0700
-62.9885
-62.8116
-62.6440
-62.5163
-62.3746
-62.3211
-63.3916
-63.1499
-62.9059
-62.6832
-61.8867
-61.6879
-61.4902
-61.2956
-61.1678
-61.1905
-61.2935
-61.3746
-61.5262
-61.6409
-61.7992
-60.7476
-60.7686
-60.8356
-60.9267
-61.0120
-61.8049
-61.9057
-61.6865
-61.3315
-63.2359
-63.2629
-63.2918
-63.2216
-63.1010
-63.0538
-63.0585
-63.1664
-63.2159
-63.0872
-62.9188
-62.7135
-62.5821
-62.4784
-62.4436
-63.4283
-63.1682
-62.9382
-62.7404
-61.9801
-61.7685
-61.5751
-61.3959
-61.3021
-61.3393
-61.4160
-61.5334
-61.6137
-61.7590
-61.8815
-60.8857
-60.9267
-69.0091
-61.0712
-61.1463
-61.8163
-61.9339
-61.6682
-61.3366
-61.0108
-63.3931
-63.4201
-63.2969
-63.2118
-63.2100
-63.2256
-63.2767
-63.3185
-63.1705
-63.0205
-62.8234
-62.6577
-62.5696
-63.6537
-63.4688
-63.2257
-62.9834
-62.2369
-62.0548
-61.8709
-61.6642
-61.5069
-61.4407
-61.4788
-61.5584
-61.6439
-61.7647
-61.8481
-61.9965
-61.0079
-61.0638
-65.0794
-61.2179
-61.2837
-61.8834
-52.2345
-63.5102
-63.3834
-63.3698
-63.3519
-63.3510
-63.4423
-63.3956
-63.2547
-63.1072
-62.9598
-62.7742
-62.6940
-63.6509
-63.5026
-63.2851
-63.0651
-62.3102
-62.1329
-61.9551
-61.7826
-53.2869
-61.5811
-61.6231
-61.6975
-61.7761
-61.8669
-61.9910
-61.1646
-61.1487
-61.1836
-63.7397
-61.3109
-61.4205
-61.4933
-66.3550
-66.2959
-63.4836
-63.5042
-63.5270
-63.4910
-63.5606
-63.4530
-63.3367
-63.1947
-63.0502
-62.8895
-62.8350
-63.6836
-63.5432
-63.3373
-62.6020
-62.3860
-62.2139
-62.0421
-61.8798
-61.7394
-61.7216
-61.7652
-61.8346
-61.9070
-61.9909
-62.1060
-61.3158
-61.2834
-61.3222
-63.1959
-61.4603
-61.5151
-61.6207
-64.4426
-66.2246
-65.7015
-65.8801
-66.2259
-66.1648
-66.1429
-63.6418
-63.6668
-63.6457
-63.6385
-63.5573
-63.3966
-63.2811
-63.1420
-63.0000
-63.9532
-63.7081
-63.5268
-63.3939
-62.6680
-62.4863
-62.2976
-62.1321
-61.9812
-61.8896
-61.8616
-61.9052
-61.9626
-62.0367
-62.1142
-62.1995
-61.4456
-61.4222
-61.4544
-63.0004
-61.5682
-61.6528
-61.7108
-63.7183
-64.8473
-64.5130
-64.3064
-64.9168
-64.7953
-64.3090
-63.9972
-63.8052
-63.7828
-63.7196
-63.6234
-63.5047
-54.8020
-63.2348
-63.1233
-63.9983
-63.7856
-63.5648
-62.9048
-62.7444
-62.5824
-62.4047
-62.2249
-62.0870
-62.0184
-62.0221
-62.0427
-62.0957
-62.1650
-62.2367
-62.3171
-61.5324
-61.5564
-61.5902
-62.9259
-61.6968
-61.7550
-61.8437
-63.3812
-64.2036
-63.7342
-63.3578
-63.5695
-63.9744
-63.4550
-63.0009
-63.1079
-63.9536
-63.8352
-63.7068
-63.5744
-54.9898
-54.9320
-63.2873
-64.0489
-63.8599
-63.6521
-62.9407
-62.8002
-62.6651
-62.5072
-62.3410
-62.1973
-62.1492
-62.1672
-62.2000
-62.2272
-62.2923
-62.3584
-62.4330
-61.6637
-61.6741
-61.7457
-62.8943
-61.8196
-61.8735
-61.9401
-63.2722
-63.7408
-63.3226
-62.9595
-63.0146
-63.5000
-63.0050
-62.5858
-52.5892
-65.2814
-63.9172
-63.8242
-55.1007
-55.0964
-55.0447
-63.3957
-64.1041
-63.9205
-63.2024
-63.0414
-62.8658
-62.7276
-62.5973
-62.4536
-53.9539
-62.2809
-62.3027
-62.3335
-62.3804
-62.4183
-62.4795
-53.5953
-61.7946
-61.8063
-62.8629
-62.9600
-61.9159
-61.9967
-62.0592
-63.1987
-63.4959
-63.0992
-62.7725
-62.8141
-63.1968
-62.7744
-62.3928
-52.7113
-64.4405
-52.5832
-63.8710
-55.1856
-55.2046
-64.4208
-64.3771
-64.1596
-63.9838
-63.2558
-63.1048
-62.9707
-62.7990
-62.6675
-62.5550
-62.4650
-62.4333
-62.4365
-62.4651
-62.5091
-62.5601
-62.5999
-61.9718
-61.9252
-61.9372
-62.9084
-62.9930
-62.0634
-62.0940
-62.1726
-63.2052
-63.3221
-63.0039
-62.6673
-62.7234
-63.0398
-62.6195
-62.3098
-52.8362
-62.6451
-52.7080
-62.9937
-55.3695
-55.3120
-64.5325
-64.4153
-64.1952
-64.0491
-63.3348
-63.1868
-63.0703
-62.9087
-62.7601
-62.6381
-62.5872
-62.5790
-62.5888
-62.5952
-62.6364
-62.6839
-62.7443
-62.0951
-62.0541
-62.0667
-62.9735
-63.0702
-62.1635
-62.2389
-62.2594
-63.2356
-63.2687
-62.9832
-64.7228
-55.4232
-64.6424
-64.4759
-64.2847
-63.5321
-63.4136
-63.2700
-63.1568
-63.0133
-62.8630
-62.7442
-62.6896
-62.7106
-62.7195
-62.7454
-62.7622
-62.8066
-62.8636
-62.2407
-62.1821
-62.1952
-63.0528
-63.1582
-62.2859
-62.3342
-62.4005
-63.2594
-63.2551
-62.9143
-64.4658
-70.2671
-64.7425
-64.5403
-64.3745
-63.6322
-63.4706
-63.3539
-63.2446
-63.1052
-62.9612
-54.4253
-62.8130
-62.8398
-62.8628
-62.8729
-62.9092
-62.9283
-62.9821
-62.3650
-62.3312
-62.3227
-63.1424
-63.2535
-62.4074
-62.4529
-62.4969
-63.3738
-63.2080
-62.9140
-64.3654
-67.5910
-70.3277
-64.6441
-63.8666
-63.6953
-63.5745
-63.4150
-63.3010
-63.1985
-63.0764
-62.9750
-62.9234
-62.9449
-62.9893
-63.0203
-63.0328
-63.0719
-63.0923
-62.4647
-62.4576
-62.4709
-63.2400
-63.3536
-62.5279
-62.5653
-62.6122
-63.4145
-63.2486
-63.9227
-64.3083
-64.7056
-68.3217
-70.3714
-63.9609
-63.7753
-63.6411
-63.5222
-63.3679
-63.2931
-63.1794
-63.1055
-63.0697
-63.0559
-63.0921
-63.1439
-63.1709
-63.1917
-54.3326
-54.5547
-62.5830
-62.5958
-63.3706
-63.4574
-62.6476
-62.6827
-62.7269
-63.4887
-63.2485
-63.9835
-64.2395
-64.6320
-67.7205
-68.8460
-70.6645
-69.7472
-70.1409
-70.7933
-71.7768
-72.7610
-70.8868
-63.8564
-63.7244
-63.5934
-63.4781
-63.3872
-63.2846
-63.2235
-63.2091
-63.2026
-63.2006
-63.2434
-63.2920
-63.3265
-54.4213
-54.6903
-54.8137
-62.7194
-63.4817
-62.7618
-62.7664
-62.7991
-62.8411
-62.8732
-63.2692
-63.9901
-64.2865
-64.5598
-64.9496
-68.1525
-68.2252
-68.2311
-68.5570
-68.7565
-69.0802
-69.6669
-70.5904
-71.8213
-63.8086
-63.6797
-63.5685
-63.4632
-54.9133
-63.3425
-63.3328
-63.3416
-63.3455
-63.3483
-63.3885
-63.4444
-54.5580
-54.8773
-54.9242
-62.8420
-54.7752
-62.8817
-62.8843
-62.9149
-62.9545
-62.9855
-63.3238
-64.0440
-64.2762
-64.5950
-64.8504
-67.6910
-67.6536
-67.6208
-67.5949
-67.7748
-67.9528
-68.2719
-68.8539
-69.7438
-70.9039
-63.7675
-63.6454
-63.5489
-55.0411
-63.4614
-63.4556
-63.4648
-63.4826
-63.4910
-63.5061
-63.5366
-54.7666
-55.0387
-55.1121
-62.9635
-63.6125
-63.0009
-63.0261
-63.0300
-63.0644
-63.0925
-63.4099
-64.1071
-64.3163
-64.5908
-64.8742
-65.1360
-67.2276
-67.1548
-67.0592
-67.0147
-67.1736
-67.3580
-67.7413
-67.9214
-67.8792
-67.8185
-67.8193
-67.9040
-68.3090
-63.7382
-63.6338
-55.3237
-63.5580
-63.5771
-63.5868
-63.6036
-63.6100
-63.6365
-63.6517
-54.9710
-55.1974
-64.0463
-55.1222
-63.7274
-63.1191
-63.1427
-63.1696
-63.1683
-63.1995
-64.0036
-64.1763
-64.3663
-64.5808
-64.8716
-65.1461
-66.9215
-66.8092
-66.6930
-66.5997
-66.5724
-66.7604
-67.0068
-67.1238
-66.9576
-66.7424
-66.4906
-66.2342
-66.0222
-66.1288
-63.7350
-55.5254
-55.6291
-63.6744
-63.7073
-63.7234
-63.7441
-63.7527
-63.8304
-55.1528
-55.3017
-64.1615
-55.1809
-63.8676
-63.2363
-63.2583
-63.2817
-63.3033
-63.3068
-64.0922
-64.2510
-64.4247
-64.6197
-64.8489
-65.1265
-66.7035
-66.5665
-66.4269
-66.3173
-66.2538
-66.2746
-66.5241
-66.5389
-66.3225
-66.0457
-65.7093
-65.3359
-64.9734
-63.0123
-62.0231
-55.5990
-55.8552
-55.9344
-63.8250
-63.8420
-63.8614
-63.8838
-55.0369
-55.2321
-55.4088
-64.2663
-55.2662
-63.9815
-63.3758
-63.3732
-63.3925
-63.4124
-63.4403
-64.1897
-64.3294
-64.4895
-64.6678
-64.8643
-65.0918
-65.3747
-66.3974
-66.2450
-66.1155
-66.0397
-66.0255
-66.1173
-66.1204
-65.8770
-65.5819
-65.2258
-64.8293
-64.4292
-63.0862
-62.0698
-62.4279
-56.0828
-56.1127
-55.9905
-55.9415
-55.8673
-63.9986
-55.1195
-55.3661
-55.5127
-64.3507
-55.3483
-64.1126
-63.4916
-63.5103
-63.5027
-63.5211
-63.5475
-64.3147
-64.4120
-64.5597
-64.7234
-64.9031
-65.1120
-65.3292
-66.2744
-66.0675
-65.9824
-65.8882
-65.8605
-65.9142
-65.7430
-65.5632
-65.2655
-64.9174
-64.5287
-64.1357
-63.1583
-62.6230
-62.5291
-62.4026
