-50.5887
-50.4817
-50.3738
-50.2650
-50.1548
-50.0432
-49.9310
-49.8183
-49.7047
-49.5902
-49.4753
-49.3590
-49.2413
-49.1226
-49.0039
-48.8853
-48.7665
-48.6468
-48.5260
-48.4031
-48.2790
-48.1544
-48.0288
-47.9026
-47.7761
-47.6495
-47.5478
-47.4562
-47.3634
-47.2688
-47.1731
-47.0761
-46.9800
-46.8831
-46.7847
-46.6836
-46.5805
-46.4764
-46.3733
-46.2725
-50.5441
-50.4357
-50.3265
-50.2172
-50.1073
-49.9964
-49.8844
-49.7707
-49.6562
-49.5412
-49.4254
-49.3085
-49.1912
-49.0727
-48.9526
-48.8315
-48.7097
-48.5882
-48.4668
-48.3446
-48.2212
-48.0957
-47.9693
-47.8421
-47.7137
-47.5940
-47.5015
-47.4087
-47.3152
-47.2215
-47.1261
-47.0291
-46.9312
-46.8320
-46.7338
-46.6345
-46.5332
-46.4289
-46.3232
-46.2170
-50.5011
-50.3917
-50.2814
-50.1706
-50.0594
-49.9476
-49.8356
-49.7227
-49.6087
-49.4928
-49.3759
-49.2587
-49.1404
-49.0212
-48.9014
-48.7806
-48.6580
-48.5344
-48.4099
-48.2854
-48.1608
-48.0359
-47.9098
-47.7817
-47.6528
-47.5512
-47.4569
-47.3623
-47.2676
-47.1728
-47.0769
-46.9812
-46.8833
-46.7838
-46.6830
-46.5821
-46.4814
-46.3796
-46.2750
-46.1677
-50.4576
-50.3482
-50.2377
-50.1262
-50.0138
-49.9006
-49.7872
-49.6729
-49.5587
-49.4435
-49.3273
-49.2095
-49.0901
-48.9704
-48.8497
-48.7280
-48.6056
-48.4823
-48.3572
-48.2310
-48.1037
-47.9765
-47.8488
-47.7204
-47.6020
-47.5086
-47.4140
-47.3185
-47.2219
-47.1249
-47.0284
-46.9312
-46.8333
-46.7349
-46.6341
-46.5321
-46.4285
-46.3258
-46.2226
-46.1177
-50.4109
-50.3021
-50.1922
-50.0807
-49.9683
-49.8547
-49.7402
-49.6247
-49.5088
-49.3922
-49.2755
-49.1580
-49.0395
-48.9195
-48.7978
-48.6754
-48.5522
-48.4279
-48.3028
-48.1769
-48.0491
-47.9202
-47.7901
-47.6601
-47.5585
-47.4651
-47.3704
-47.2747
-47.1780
-47.0802
-46.9811
-46.8820
-46.7833
-46.6838
-46.5834
-46.4821
-46.3786
-46.2738
-46.1676
-46.0629
-50.3638
-50.2548
-50.1451
-50.0343
-49.9225
-49.8091
-49.6946
-49.5789
-49.4621
-49.3444
-49.2259
-49.1069
-48.9874
-48.8675
-48.7466
-48.6245
-48.5002
-48.3751
-48.2492
-48.1222
-47.9942
-47.8656
-47.7351
-47.6132
-47.5176
-47.4222
-47.3265
-47.2304
-47.1336
-47.0349
-46.9356
-46.8354
-46.7339
-46.6327
-46.5316
-46.4293
-46.3264
-46.2221
-46.1158
-46.0081
-50.3193
-50.2082
-50.0975
-49.9860
-49.8742
-49.7613
-49.6474
-49.5323
-49.4155
-49.2977
-49.1786
-49.0585
-48.9374
-48.8158
-48.6934
-48.5710
-48.4476
-48.3229
-48.1963
-48.0683
-47.9396
-47.8098
-47.6788
-47.5749
-47.4793
-47.3825
-47.2847
-47.1870
-47.0890
-46.9910
-46.8919
-46.7907
-46.6883
-46.5852
-46.4815
-46.3777
-46.2738
-46.1688
-46.0633
-45.9558
-50.2775
-50.1659
-50.0533
-49.9397
-49.8261
-49.7125
-49.5981
-49.4830
-49.3669
-49.2496
-49.1308
-49.0107
-48.8892
-48.7666
-48.6430
-48.5186
-48.3934
-48.2682
-48.1421
-48.0148
-47.8857
-47.7548
-47.6305
-47.5354
-47.4393
-47.3431
-47.2454
-47.1464
-47.0463
-46.9460
-46.8461
-46.7457
-46.6441
-46.5404
-46.4354
-46.3292
-46.2223
-46.1159
-46.0093
-45.9013
-50.2378
-50.1247
-50.0107
-49.8968
-49.7821
-49.6664
-49.5497
-49.4335
-49.3165
-49.1992
-49.0807
-48.9611
-48.8402
-48.7177
-48.5939
-48.4687
-48.3424
-48.2151
-48.0872
-47.9588
-47.8299
-47.6998
-47.5923
-47.4965
-47.4002
-47.3029
-47.2045
-47.1058
-47.0059
-46.9045
-46.8020
-46.6994
-46.5973
-46.4942
-46.3910
-46.2835
-46.1759
-46.0670
-45.9571
-45.8471
-50.1984
-50.0852
-49.9710
-49.8558
-49.7396
-49.6226
-49.5057
-49.3878
-49.2687
-49.1490
-49.0297
-48.9095
-48.7887
-48.6667
-48.5434
-48.4186
-48.2923
-48.1645
-48.0355
-47.9053
-47.7743
-47.6452
-47.5516
-47.4569
-47.3611
-47.2632
-47.1644
-47.0648
-46.9641
-46.8628
-46.7605
-46.6566
-46.5516
-46.4469
-46.3431
-46.2373
-46.1292
-46.0199
-45.9095
-45.7978
-50.1561
-50.0436
-49.9295
-49.8141
-49.6977
-49.5803
-49.4619
-49.3424
-49.2225
-49.1023
-48.9809
-48.8584
-48.7358
-48.6129
-48.4894
-48.3649
-48.2390
-48.1119
-47.9830
-47.8525
-47.7207
-47.6064
-47.5105
-47.4142
-47.3182
-47.2213
-47.1233
-47.0234
-46.9221
-46.8201
-46.7168
-46.6128
-46.5080
-46.4016
-46.2945
-46.1880
-46.0803
-45.9717
-45.8607
-45.7485
-50.1147
-50.0022
-49.8887
-49.7737
-49.6577
-49.5396
-49.4206
-49.3009
-49.1802
-49.0583
-48.9353
-48.8123
-48.6885
-48.5634
-48.4373
-48.3116
-48.1850
-48.0578
-47.9293
-47.7994
-47.6679
-47.5694
-47.4731
-47.3760
-47.2778
-47.1791
-47.0802
-46.9810
-46.8807
-46.7788
-46.6749
-46.5702
-46.4643
-46.3574
-46.2500
-46.1422
-46.0326
-45.9221
-45.8114
-45.6988
-50.0730
-49.9597
-49.8459
-49.7312
-49.6156
-49.4989
-49.3807
-49.2613
-49.1397
-49.0169
-48.8930
-48.7684
-48.6429
-48.5164
-48.3899
-48.2622
-48.1334
-48.0037
-47.8743
-47.7440
-47.6240
-47.5299
-47.4346
-47.3379
-47.2396
-47.1401
-47.0396
-46.9383
-46.8364
-46.7349
-46.6321
-46.5280
-46.4214
-46.3140
-46.2053
-46.0963
-45.9861
-45.8751
-45.7625
-45.6489
-50.0343
-49.9197
-49.8045
-49.6884
-49.5720
-49.4550
-49.3371
-49.2181
-49.0982
-48.9765
-48.8535
-48.7283
-48.6019
-48.4742
-48.3454
-48.2152
-48.0849
-47.9545
-47.8229
-47.6900
-47.5831
-47.4884
-47.3933
-47.2970
-47.1995
-47.1007
-47.0005
-46.8986
-46.7956
-46.6916
-46.5868
-46.4825
-46.3771
-46.2704
-46.1614
-46.0511
-45.9404
-45.8274
-45.7147
-45.6007
-49.9959
-49.8812
-49.7655
-49.6487
-49.5309
-49.4124
-49.2930
-49.1733
-49.0530
-48.9317
-48.8093
-48.6858
-48.5605
-48.4336
-48.3046
-48.1743
-48.0428
-47.9099
-47.7755
-47.6429
-47.5464
-47.4496
-47.3519
-47.2547
-47.1570
-47.0585
-46.9588
-46.8578
-46.7553
-46.6511
-46.5455
-46.4389
-46.3312
-46.2236
-46.1155
-46.0060
-45.8955
-45.7820
-45.6672
-45.5514
-49.9588
-49.8432
-49.7266
-49.6093
-49.4913
-49.3723
-49.2523
-49.1312
-49.0092
-48.8864
-48.7632
-48.6393
-48.5144
-48.3884
-48.2611
-48.1320
-48.0009
-47.8679
-47.7336
-47.6139
-47.5157
-47.4164
-47.3177
-47.2179
-47.1172
-47.0157
-46.9151
-46.8143
-46.7121
-46.6086
-46.5038
-46.3973
-46.2890
-46.1796
-46.0689
-45.9578
-45.8478
-45.7353
-45.6212
-45.5045
-49.9215
-49.8058
-49.6890
-49.5713
-49.4525
-49.3326
-49.2118
-49.0905
-48.9681
-48.8445
-48.7199
-48.5942
-48.4678
-48.3409
-48.2133
-48.0845
-47.9546
-47.8234
-47.6901
-47.5846
-47.4867
-47.3875
-47.2872
-47.1857
-47.0835
-46.9814
-46.8783
-46.7740
-46.6695
-46.5648
-46.4593
-46.3532
-46.2457
-46.1369
-46.0258
-45.9134
-45.7998
-45.6859
-45.5716
-45.4561
-49.8842
-49.7681
-49.6510
-49.5330
-49.4141
-49.2940
-49.1729
-49.0507
-48.9274
-48.8029
-48.6780
-48.5520
-48.4248
-48.2963
-48.1668
-48.0365
-47.9056
-47.7741
-47.6453
-47.5506
-47.4547
-47.3570
-47.2573
-47.1558
-47.0531
-46.9494
-46.8444
-46.7392
-46.6335
-46.5267
-46.4186
-46.3107
-46.2024
-46.0928
-45.9816
-45.8690
-45.7554
-45.6409
-45.5241
-45.4059
-49.8432
-49.7280
-49.6118
-49.4946
-49.3754
-49.2550
-49.1337
-49.0113
-48.8878
-48.7632
-48.6374
-48.5104
-48.3822
-48.2533
-48.1235
-47.9924
-47.8600
-47.7263
-47.6089
-47.5134
-47.4174
-47.3205
-47.2227
-47.1240
-47.0229
-46.9191
-46.8141
-46.7079
-46.6004
-46.4918
-46.3832
-46.2737
-46.1629
-46.0511
-45.9394
-45.8269
-45.7127
-45.5980
-45.4808
-45.3612
-49.8023
-49.6869
-49.5704
-49.4530
-49.3345
-49.2150
-49.0944
-48.9726
-48.8487
-48.7237
-48.5976
-48.4704
-48.3420
-48.2123
-48.0814
-47.9492
-47.8162
-47.6822
-47.5764
-47.4795
-47.3816
-47.2832
-47.1845
-47.0853
-46.9851
-46.8838
-46.7810
-46.6758
-46.5683
-46.4596
-46.3495
-46.2382
-46.1258
-46.0134
-45.8997
-45.7847
-45.6690
-45.5541
-45.4368
-45.3178
-49.7643
-49.6470
-49.5287
-49.4100
-49.2913
-49.1717
-49.0509
-48.9290
-48.8060
-48.6820
-48.5568
-48.4297
-48.3009
-48.1710
-48.0399
-47.9075
-47.7737
-47.6408
-47.5440
-47.4464
-47.3485
-47.2495
-47.1494
-47.0481
-46.9463
-46.8441
-46.7414
-46.6377
-46.5325
-46.4256
-46.3165
-46.2050
-46.0923
-45.9781
-45.8626
-45.7464
-45.6296
-45.5115
-45.3928
-45.2729
-49.7277
-49.6100
-49.4915
-49.3720
-49.2514
-49.1297
-49.0069
-48.8840
-48.7609
-48.6366
-48.5111
-48.3845
-48.2568
-48.1278
-47.9976
-47.8648
-47.7308
-47.6093
-47.5126
-47.4148
-47.3159
-47.2159
-47.1148
-47.0135
-46.9111
-46.8076
-46.7027
-46.5972
-46.4914
-46.3850
-46.2771
-46.1678
-46.0568
-45.9434
-45.8278
-45.7107
-45.5922
-45.4721
-45.3527
-45.2312
-49.6920
-49.5739
-49.4549
-49.3348
-49.2136
-49.0916
-48.9686
-48.8445
-48.7193
-48.5929
-48.4653
-48.3379
-48.2099
-48.0806
-47.9502
-47.8185
-47.6855
-47.5764
-47.4803
-47.3824
-47.2834
-47.1834
-47.0823
-46.9801
-46.8766
-46.7720
-46.6670
-46.5610
-46.4537
-46.3451
-46.2355
-46.1257
-46.0151
-45.9030
-45.7894
-45.6740
-45.5559
-45.4358
-45.3150
-45.1917
-49.6560
-49.5380
-49.4185
-49.2981
-49.1767
-49.0543
-48.9307
-48.8060
-48.6802
-48.5535
-48.4257
-48.2967
-48.1665
-48.0350
-47.9023
-47.7700
-47.6367
-47.5383
-47.4427
-47.3461
-47.2485
-47.1499
-47.0489
-46.9466
-46.8432
-46.7385
-46.6326
-46.5255
-46.4171
-46.3080
-46.1981
-46.0868
-45.9741
-45.8602
-45.7460
-45.6310
-45.5143
-45.3960
-45.2759
-45.1538
-49.6198
-49.5023
-49.3835
-49.2633
-49.1416
-49.0188
-48.8948
-48.7697
-48.6434
-48.5160
-48.3873
-48.2574
-48.1262
-47.9943
-47.8613
-47.7270
-47.5981
-47.5013
-47.4034
-47.3067
-47.2090
-47.1102
-47.0104
-46.9095
-46.8075
-46.7040
-46.5981
-46.4909
-46.3825
-46.2727
-46.1616
-46.0491
-45.9357
-45.8216
-45.7060
-45.5889
-45.4704
-45.3515
-45.2316
-45.1110
-49.5807
-49.4631
-49.3446
-49.2249
-49.1042
-48.9824
-48.8592
-48.7339
-48.6075
-48.4799
-48.3512
-48.2212
-48.0899
-47.9573
-47.8235
-47.6883
-47.5686
-47.4713
-47.3731
-47.2738
-47.1734
-47.0719
-46.9695
-46.8683
-46.7662
-46.6629
-46.5585
-46.4530
-46.3462
-46.2370
-46.1258
-46.0133
-45.8994
-45.7841
-45.6672
-45.5490
-45.4303
-45.3100
-45.1882
-45.0657
-49.5424
-49.4238
-49.3048
-49.1848
-49.0638
-48.9419
-48.8188
-48.6946
-48.5691
-48.4421
-48.3139
-48.1840
-48.0526
-47.9199
-47.7859
-47.6506
-47.5406
-47.4431
-47.3445
-47.2448
-47.1440
-47.0425
-46.9398
-46.8361
-46.7311
-46.6249
-46.5182
-46.4120
-46.3047
-46.1961
-46.0863
-45.9752
-45.8626
-45.7470
-45.6301
-45.5117
-45.3917
-45.2701
-45.1467
-45.0230
-49.5069
-49.3880
-49.2680
-49.1470
-49.0249
-48.9018
-48.7778
-48.6532
-48.5275
-48.4008
-48.2729
-48.1432
-48.0123
-47.8802
-47.7468
-47.6121
-47.5113
-47.4137
-47.3152
-47.2156
-47.1149
-47.0131
-46.9101
-46.8060
-46.7006
-46.5944
-46.4870
-46.3783
-46.2683
-46.1570
-46.0455
-45.9341
-45.8215
-45.7075
-45.5922
-45.4754
-45.3561
-45.2341
-45.1105
-44.9851
-49.4197
-49.3528
-49.2320
-49.1103
-48.9880
-48.8646
-48.7402
-48.6146
-48.4879
-48.3600
-48.2310
-48.1010
-47.9703
-47.8379
-47.7041
-47.5738
-47.4780
-47.3812
-47.2835
-47.1847
-47.0844
-46.9825
-46.8796
-46.7755
-46.6702
-46.5637
-46.4560
-46.3470
-46.2366
-46.1253
-46.0126
-45.8986
-45.7830
-45.6661
-45.5493
-45.4323
-45.3138
-45.1938
-45.0723
-44.9492
-49.3943
-49.2739
-49.1525
-49.0300
-48.9064
-48.7816
-48.6557
-48.5285
-48.4003
-48.2717
-48.1418
-48.0108
-47.8785
-47.7449
-47.6101
-47.4867
-47.3895
-47.2917
-47.2480
-47.1491
-47.0491
-46.9481
-46.8460
-46.7428
-46.6384
-46.5318
-46.4241
-46.3151
-46.2049
-46.0933
-45.9803
-45.8659
-45.7501
-45.6331
-45.5146
-45.3946
-45.2730
-45.1498
-45.0272
-44.9039
-49.3672
-49.2470
-49.1258
-49.0033
-48.8797
-48.7550
-48.6291
-48.5020
-48.3737
-48.2442
-48.1135
-47.9815
-47.8482
-47.7137
-47.5787
-47.4637
-47.3669
-47.2688
-47.1693
-47.0686
-46.9669
-46.8646
-46.7615
-46.6574
-46.5520
-46.4456
-46.3379
-46.2290
-46.1189
-46.0067
-45.8929
-45.7779
-45.6614
-45.5435
-45.4240
-45.3029
-45.2387
-45.1154
-44.9906
-44.8639
-49.3395
-49.2190
-49.0975
-48.9749
-48.8512
-48.7265
-48.6007
-48.4738
-48.3457
-48.2162
-48.0855
-47.9535
-47.8202
-47.6856
-47.5497
-47.4416
-47.3439
-47.2451
-47.1454
-47.0455
-46.9439
-46.8411
-46.7372
-46.6322
-46.5259
-46.4185
-46.3105
-46.2015
-46.0914
-45.9799
-45.8671
-45.7530
-45.6376
-45.5205
-45.4010
-45.2801
-45.1577
-45.0336
-44.9078
-44.7803
-49.3118
-49.1907
-49.0689
-48.9461
-48.8223
-48.6974
-48.5713
-48.4441
-48.3158
-48.1862
-48.0555
-47.9236
-47.7904
-47.6561
-47.5202
-47.4196
-47.3220
-47.2234
-47.1237
-47.0230
-46.9211
-46.8182
-46.7135
-46.6077
-46.5015
-46.3942
-46.2855
-46.1757
-46.0645
-45.9520
-45.8380
-45.7237
-45.6082
-45.4912
-45.3729
-45.2531
-45.1318
-45.0089
-44.8835
-44.7562
-49.2880
-49.1664
-49.0436
-48.9198
-48.7949
-48.6688
-48.5420
-48.4142
-48.2854
-48.1557
-48.0247
-47.8926
-47.7592
-47.6245
-47.4914
-47.3950
-47.2976
-47.1992
-47.0999
-46.9995
-46.8978
-46.7950
-46.6910
-46.5859
-46.4791
-46.3708
-46.2614
-46.1507
-46.0385
-45.9261
-45.8123
-45.6972
-45.5805
-45.4625
-45.3429
-45.2217
-45.1002
-44.9773
-44.8527
-44.7266
-49.2601
-49.1385
-49.0159
-48.8956
-48.7705
-48.6443
-48.5170
-48.3885
-48.2589
-48.1280
-47.9959
-47.8626
-47.7280
-47.5926
-47.4655
-47.3690
-47.2715
-47.1730
-47.0736
-46.9731
-46.8715
-46.7689
-46.6652
-46.5604
-46.4544
-46.3471
-46.2381
-46.1274
-46.0154
-45.9021
-45.7874
-45.6714
-45.5540
-45.4350
-45.3155
-45.1944
-45.0718
-44.9476
-44.8217
-44.6941
-49.2325
-49.1109
-48.9891
-48.8654
-48.7406
-48.6146
-48.4874
-48.3588
-48.2291
-48.0981
-47.9660
-47.8326
-47.6979
-47.5619
-47.4402
-47.3426
-47.2440
-47.1445
-47.0439
-46.9424
-46.8403
-46.7376
-46.6339
-46.5291
-46.4232
-46.3161
-46.2079
-46.0984
-45.9897
-45.8766
-45.7622
-45.6462
-45.5287
-45.4098
-45.2895
-45.1676
-45.0442
-44.9192
-44.7925
-44.6649
-49.2044
-49.0828
-48.9601
-48.8363
-48.7114
-48.5854
-48.4582
-48.3298
-48.2002
-48.0695
-47.9374
-47.8041
-47.6695
-47.5336
-47.4176
-47.3199
-47.2213
-47.1217
-47.0210
-46.9193
-46.8166
-46.7127
-46.6077
-46.5016
-46.3944
-46.2859
-46.1768
-46.0669
-45.9559
-45.8437
-45.7301
-45.6149
-45.4977
-45.3791
-45.2590
-45.1373
-45.0141
-44.8891
-44.7625
-44.6342
-49.1772
-49.0552
-48.9320
-48.8078
-48.6825
-48.5561
-48.4286
-48.3001
-48.1705
-48.0396
-47.9074
-47.7740
-47.6394
-47.5033
-47.3928
-47.2954
-47.1970
-47.0975
-46.9970
-46.8955
-46.7928
-46.6890
-46.5839
-46.4777
-46.3704
-46.2618
-46.1520
-46.0410
-45.9288
-45.8152
-45.7003
-45.5840
-45.4663
-45.3476
-45.2275
-45.1059
-44.9828
-44.8580
-44.7315
-44.6033
-49.1504
-49.0281
-48.9048
-48.7804
-48.6549
-48.5282
-48.4004
-48.2715
-48.1413
-48.0100
-47.8774
-47.7436
-47.6084
-47.4720
-47.3662
-47.2687
-47.1702
-47.0708
-46.9703
-46.8687
-46.7660
-46.6623
-46.5574
-46.4513
-46.3441
-46.2356
-46.1259
-46.0150
-45.9027
-45.7890
-45.6740
-45.5576
-45.4398
-45.3206
-45.1999
-45.0773
-44.9529
-44.8268
-44.6991
-44.5701
-49.1268
-49.0037
-48.8797
-48.7545
-48.6282
-48.5007
-48.3722
-48.2428
-48.1122
-47.9806
-47.8478
-47.7137
-47.5783
-47.4417
-47.3402
-47.2424
-47.1435
-47.0437
-46.9428
-46.8409
-46.7380
-46.6339
-46.5287
-46.4225
-46.3152
-46.2067
-46.0970
-45.9860
-45.8738
-45.7602
-45.6452
-45.5289
-45.4111
-45.2919
-45.1712
-45.0489
-44.9250
-44.7993
-44.6716
-44.5422
