-48.9487
-48.9975
-49.1383
-48.8179
-48.8617
-48.9169
-48.9823
-51.1568
-51.3623
-51.5700
-51.7561
-51.9445
-52.1362
-52.3200
-52.4667
-51.9694
-51.7949
-49.9506
-50.2957
-50.4240
-50.5541
-50.6856
-50.8184
-50.9515
-51.0859
-51.2202
-51.3547
-51.4892
-51.6159
-51.7517
-51.8887
-52.0412
-52.1827
-51.9279
-54.3641
-54.5177
-54.6428
-55.3761
-58.3083
-59.3132
-48.7757
-48.8243
-48.9669
-48.6557
-48.6993
-48.7547
-48.8209
-50.9942
-51.2062
-51.4201
-51.6119
-51.8060
-52.0023
-52.2008
-52.2970
-51.7952
-51.6042
-49.8046
-50.1552
-50.2938
-50.4268
-50.5612
-50.6970
-50.8329
-50.9675
-51.1053
-51.2444
-51.3819
-51.5196
-51.6626
-51.8018
-51.9281
-52.0721
-51.8114
-54.2766
-54.4352
-54.6004
-57.7600
-59.2080
-60.0253
-48.6009
-48.7101
-48.7923
-48.4914
-48.5345
-48.5903
-48.6571
-50.8287
-51.0484
-51.2683
-51.4662
-51.6664
-51.8687
-52.0732
-52.1164
-51.6190
-49.5428
-49.6643
-50.0193
-50.1550
-50.2879
-50.4246
-50.5721
-50.7108
-50.8511
-50.9916
-51.1325
-51.2739
-51.4182
-51.5556
-51.6979
-51.8476
-52.0374
-53.3464
-54.1654
-54.2928
-55.0318
-59.0151
-60.4616
-60.8575
-48.4244
-48.5287
-48.6145
-48.3960
-48.3671
-48.4231
-48.4907
-50.6611
-50.8881
-51.1145
-51.3189
-51.5255
-51.7341
-51.9450
-51.9508
-51.4390
-49.3989
-49.5232
-49.8831
-50.0211
-50.1772
-50.3168
-50.4574
-50.5996
-50.7208
-50.8744
-51.0176
-51.1615
-51.3061
-51.4511
-51.6025
-51.7519
-51.5158
-53.9659
-54.1178
-54.2519
-58.8557
-60.9910
-62.0105
-60.8822
-48.2469
-48.3442
-48.4334
-48.6119
-48.1973
-48.2533
-48.3217
-50.4897
-50.7255
-50.9587
-51.1700
-51.3835
-51.5991
-51.8605
-51.7726
-51.2474
-49.2535
-49.3808
-49.7455
-49.9038
-50.0455
-50.1883
-50.3318
-50.4762
-50.6210
-50.7660
-50.9123
-51.0579
-51.1962
-51.3438
-51.4930
-51.6875
-51.4175
-53.8806
-54.0171
-54.1954
-64.4401
-60.7517
-48.0682
-48.1566
-48.3095
-48.4288
-48.0221
-48.0781
-48.1497
-50.3146
-50.5604
-50.8009
-51.0195
-51.2405
-51.4632
-51.8270
-51.5906
-51.0671
-49.1063
-49.2366
-49.6066
-49.7675
-49.9125
-50.0587
-50.2055
-50.3530
-50.5008
-50.6489
-50.7970
-50.9452
-51.0935
-51.2440
-51.3948
-51.6054
-52.9084
-53.7617
-53.9183
-54.1284
-60.7664
-47.8904
-47.9666
-48.1210
-48.2479
-47.8495
-47.9056
-47.9753
-50.1368
-50.3924
-50.6402
-50.8672
-51.0904
-51.3206
-51.6439
-51.3980
-50.8686
-48.9524
-49.0909
-49.4666
-49.6299
-49.7784
-49.9280
-50.0783
-50.2290
-50.3801
-50.5313
-50.6824
-50.8335
-50.9848
-51.1370
-51.3123
-51.4903
-52.7742
-53.6448
-53.8091
-53.9948
-54.1850
-54.4213
-54.6181
-54.8258
-40.4463
-47.7737
-47.9262
-48.0605
-47.6716
-47.7276
-47.7980
-49.9553
-50.2223
-50.4786
-50.7140
-50.9511
-51.1898
-51.4710
-51.2143
-50.6769
-48.8066
-48.9434
-49.3401
-49.4906
-49.6426
-49.7912
-49.9449
-50.0987
-50.2526
-50.4122
-50.5674
-50.7216
-50.8759
-51.0313
-51.2313
-52.5831
-53.3825
-53.5179
-53.6982
-53.8836
-54.1180
-54.3406
-54.5433
-54.7480
-40.2855
-47.5787
-47.7274
-47.9348
-47.4907
-47.5466
-47.6177
-47.7022
-50.0501
-50.3148
-50.5594
-50.8056
-51.0533
-51.2882
-51.0200
-50.4746
-48.6545
-48.7901
-49.1957
-49.3509
-49.5066
-49.6634
-49.8209
-49.9787
-50.1362
-50.2938
-50.4512
-50.6084
-50.7658
-50.9242
-51.1208
-52.4276
-53.2771
-53.4171
-53.6152
-53.8081
-54.0441
-54.2398
-54.4365
-54.6332
-40.1225
-47.3820
-47.5243
-47.7361
-47.3067
-47.3626
-47.4343
-47.5202
-49.8740
-50.1488
-50.4031
-50.6590
-50.9164
-51.1014
-50.8208
-48.3593
-48.5006
-48.6592
-49.0499
-49.2100
-49.3696
-49.5301
-49.6914
-49.8529
-50.0144
-50.1758
-50.3358
-50.4963
-50.6571
-50.8617
-52.8607
-52.3239
-53.1991
-53.3452
-53.5366
-53.7744
-53.9729
-54.1730
-54.3736
-54.5740
-39.9567
-47.1819
-47.3173
-47.5330
-47.1198
-47.1752
-47.2478
-47.3350
-49.6952
-49.9803
-50.2455
-50.5120
-50.8240
-50.9105
-50.6162
-48.1997
-48.3448
-48.5063
-48.8976
-49.0677
-49.2313
-49.3959
-49.5611
-49.7264
-49.8915
-50.0565
-50.2210
-50.3853
-50.5480
-50.7562
-52.7604
-52.2100
-53.0724
-53.2627
-53.4595
-53.7032
-53.9069
-54.1119
-54.3155
-54.5216
-39.7879
-46.9489
-47.1037
-47.3248
-47.0385
-46.9847
-47.0579
-47.1466
-49.5134
-49.8099
-50.0863
-50.3646
-51.0341
-50.7153
-50.4060
-48.0380
-48.1874
-48.3518
-48.7537
-48.9242
-49.0920
-49.2607
-49.4299
-49.5991
-49.7681
-49.9365
-50.1046
-50.2724
-50.4836
-52.4948
-52.6606
-52.8365
-52.9850
-53.1818
-53.3846
-53.6340
-53.8431
-54.0529
-54.2625
-54.4705
-39.6149
-39.5441
-46.8827
-47.1117
-47.3892
-46.7908
-46.8645
-46.9547
-49.3285
-49.6376
-49.9260
-50.2173
-50.8514
-50.5155
-50.1896
-47.8743
-48.0410
-48.1955
-48.6035
-48.7748
-48.9518
-49.1247
-49.2981
-49.4714
-49.6443
-49.8164
-49.9880
-50.1593
-50.3741
-52.3936
-51.8679
-52.7043
-52.8985
-53.1016
-53.3537
-53.5664
-53.7809
-53.9957
-54.2100
-54.4211
-39.4400
-39.3682
-46.6272
-46.8845
-47.1750
-46.5873
-46.6614
-46.7531
-49.1405
-49.4638
-49.7653
-50.0694
-50.6657
-50.3107
-49.9663
-47.7085
-47.8787
-48.0376
-48.4520
-48.6341
-48.8107
-48.9881
-49.1658
-49.3432
-49.5201
-49.6960
-49.8713
-50.0897
-52.1202
-52.2895
-51.7423
-52.6133
-52.8139
-53.0238
-53.2823
-53.5009
-53.7206
-53.9404
-54.1578
-54.3734
-39.2639
-39.1890
-46.4095
-46.6609
-46.9602
-46.4479
-46.4610
-46.5542
-48.9383
-49.2756
-49.5909
-49.9090
-50.4768
-50.1004
-49.7356
-47.5536
-47.7145
-47.8780
-48.2991
-48.4876
-48.6640
-48.8508
-49.0330
-49.2147
-49.3957
-49.5758
-49.7547
-49.9765
-52.0123
-52.1860
-51.6251
-52.5232
-52.7317
-52.9970
-53.2135
-53.4379
-53.6630
-53.8873
-54.1085
-54.3269
-39.0832
-39.0079
-46.2327
-46.3980
-46.7491
-46.2460
-46.2568
-46.3518
-48.7439
-49.0977
-49.4295
-49.7633
-50.2684
-49.8699
-49.4831
-47.3744
-47.5399
-47.7167
-48.1450
-48.3400
-48.5264
-48.7132
-48.8998
-49.0860
-49.2712
-49.4553
-49.6600
-51.7316
-51.9049
-52.0835
-52.2332
-52.4353
-52.6511
-52.9243
-53.1528
-53.3777
-53.6083
-53.8360
-54.0620
-54.2866
-38.9001
-38.8228
-46.0142
-46.1648
-46.5256
-46.0322
-46.0546
-46.1513
-48.5562
-48.9292
-49.2802
-49.6415
-50.0734
-49.6473
-47.2023
-47.2037
-47.3719
-47.5449
-47.9798
-48.1810
-48.3723
-48.5701
-48.7665
-48.9572
-49.1467
-49.3349
-49.5654
-51.6210
-51.7981
-51.2723
-52.1388
-52.3525
-52.6171
-52.8547
-53.0898
-53.3258
-53.5604
-53.7878
-54.0187
-54.2479
-38.7149
-38.6339
-38.5567
-45.9646
-46.2955
-45.8165
-45.9036
-45.9405
-48.3546
-48.7479
-49.1193
-49.7756
-49.8898
-49.4310
-47.0300
-47.2098
-47.2023
-47.3807
-47.8236
-48.0322
-48.2287
-48.4250
-48.6208
-48.8155
-49.0089
-49.2148
-51.3316
-51.5108
-51.6920
-51.0982
-52.0466
-52.2688
-52.5427
-52.7819
-53.0301
-53.2722
-53.5106
-53.7472
-53.9819
-54.2127
-38.5256
-38.4414
-38.3624
-45.7207
-46.0178
-45.5959
-45.6835
-45.7256
-48.1486
-48.5650
-48.9596
-49.6791
-49.6877
-49.1930
-46.8469
-47.0412
-47.0391
-47.2235
-47.6758
-47.8928
-48.0849
-48.2868
-48.4827
-48.6871
-48.8850
-49.1245
-51.1952
-51.3765
-51.5609
-50.9526
-51.9571
-52.2327
-52.4756
-52.7185
-52.9738
-53.2205
-53.4644
-53.7065
-53.9462
-54.1832
-38.3330
-38.2449
-38.1642
-45.4723
-45.7804
-45.3708
-45.4588
-45.5043
-47.9387
-48.3806
-48.8005
-49.5949
-49.4812
-48.9839
-46.6617
-46.8621
-46.8657
-47.0562
-47.5176
-47.7427
-47.9516
-48.1598
-48.3668
-48.5718
-48.7621
-50.8970
-51.0832
-51.2682
-51.4579
-51.6185
-51.8414
-52.1252
-52.3746
-52.6234
-52.9143
-53.1724
-53.4221
-53.6697
-53.9147
-54.1563
-38.1370
-38.0452
-37.9622
-45.2175
-45.5734
-45.9986
-45.2290
-45.3464
-47.7215
-48.1951
-48.6440
-49.5277
-49.2705
-48.7228
-46.4737
-46.6806
-46.6902
-46.8872
-47.3582
-47.5922
-47.8076
-48.0219
-48.2345
-48.4405
-48.6969
-50.8047
-50.9955
-51.1854
-51.3384
-51.5253
-51.7589
-52.0534
-52.3115
-52.5726
-52.8245
-53.0866
-53.3397
-53.5897
-53.8378
-54.1341
-37.9373
-37.8432
-37.7564
-44.9633
-45.3196
-45.7826
-44.9940
-45.1137
-47.5036
-48.0101
-48.4913
-49.4341
-49.1013
-48.4483
-46.2832
-46.4970
-46.5124
-46.7165
-47.1976
-47.4408
-47.6629
-47.8838
-48.1039
-48.3189
-48.5749
-50.6915
-50.8859
-51.0800
-50.4631
-51.4632
-51.7552
-52.0177
-52.2868
-52.5567
-52.7782
-53.0463
-53.3066
-53.5623
-53.8141
-54.0617
-37.7333
-37.6360
-37.5462
-37.4599
-45.0507
-45.6028
-44.7547
-44.8786
-47.2864
-47.8281
-48.3505
-49.2548
-48.8823
-48.1568
-46.0902
-46.3115
-46.3333
-46.5444
-47.0365
-47.2894
-47.5185
-47.7458
-47.9720
-48.2369
-50.3698
-50.5782
-50.7763
-50.9752
-50.3372
-51.3777
-51.6830
-51.9563
-52.2346
-52.4826
-52.7831
-53.0475
-53.3237
-53.5891
-53.7972
-54.0495
-37.5255
-37.4243
-37.3316
-37.2431
-44.7701
-45.3740
-44.4753
-44.6335
-47.1797
-47.6433
-48.7169
-49.0650
-48.6641
-47.8425
-45.8968
-46.1261
-46.1544
-46.3683
-46.8747
-47.1380
-47.3745
-47.6086
-47.8410
-48.1114
-50.2631
-50.4660
-50.6674
-50.8247
-50.2094
-51.3411
-51.6145
-51.8989
-52.1841
-52.4674
-52.7491
-53.0201
-53.3023
-53.5749
-53.8413
-54.1020
-37.3135
-37.2085
-37.1125
-37.0214
-44.4793
-45.1402
-44.2683
-44.3853
-46.9412
-47.4649
-48.7143
-48.9405
-48.4390
-45.4700
-45.6994
-45.9372
-45.9727
-46.1989
-46.7149
-46.9900
-47.2343
-47.4755
-47.7305
-49.9316
-50.1438
-50.3405
-50.5530
-50.7144
-50.9458
-51.2564
-51.5514
-51.8452
-52.1369
-52.4281
-52.7176
-52.9967
-53.2772
-53.5640
-53.8387
-54.1052
-37.0969
-36.9892
-36.8887
-36.7948
-44.1724
-44.8999
-44.0178
-44.0900
-46.6966
-47.2919
-48.7751
-48.7682
-48.2060
-45.2612
-45.4996
-45.7465
-45.7895
-46.0242
-46.5536
-46.8418
-47.0928
-47.3415
-47.6320
-49.8293
-50.0452
-50.2533
-50.4123
-49.8062
-50.9062
-51.1868
-51.4856
-51.7853
-52.0745
-52.3835
-52.6793
-52.9712
-53.2497
-53.5402
-53.8191
-54.0914
-36.8756
-36.7653
-36.6600
-36.5632
-43.8508
-44.6577
-43.7607
-43.8376
-46.4487
-47.2897
-49.0041
-48.6093
-47.9582
-45.0493
-45.2976
-45.5542
-45.6051
-45.8488
-46.3923
-46.6912
-46.9543
-47.2093
-49.4886
-49.7190
-49.9378
-50.1484
-50.3008
-49.6790
-50.8436
-51.1415
-51.4510
-51.7611
-52.0004
-52.3578
-52.6613
-52.9603
-53.2447
-53.5322
-53.8239
-54.0966
-36.6531
-36.5364
-36.4256
-36.3261
-36.2287
-44.4086
-43.5002
-43.6129
-46.1863
-47.1433
-48.8991
-48.4568
-47.7094
-44.8346
-45.0935
-45.3604
-45.4196
-45.6730
-46.2317
-46.5442
-46.8141
-47.1245
-49.3776
-49.6117
-49.8326
-50.0456
-50.2091
-49.5498
-50.7747
-51.0879
-51.4064
-51.7276
-51.9503
-52.3643
-52.6768
-52.9842
-53.2848
-53.5382
-53.8288
-54.1060
-36.4264
-36.3028
-36.1868
-36.0837
-35.9833
-44.1568
-43.3081
-43.3497
-45.8606
-47.0226
-48.8085
-48.3296
-47.4287
-44.6154
-44.8874
-45.1657
-45.2334
-45.4971
-46.0723
-46.3992
-46.6784
-49.0122
-49.2706
-49.5077
-49.7302
-49.8921
-50.1118
-50.4020
-50.7143
-51.0381
-51.3694
-51.7018
-51.8814
-52.3574
-52.6781
-52.9928
-53.2992
-53.5825
-53.8788
-53.6250
-36.1926
-36.0634
-35.9454
-35.8361
-35.7330
-43.8923
-44.9790
-43.0760
-45.6792
-46.9261
-48.7730
-48.2150
-47.1782
-44.3970
-44.6778
-44.9698
-45.0469
-45.3213
-45.9144
-46.2550
-46.5915
-48.9027
-49.1682
-49.4074
-49.6307
-49.7926
-50.0175
-50.3405
-50.6586
-50.9966
-51.3408
-51.6445
-52.0249
-52.3595
-52.6883
-53.0083
-53.3149
-53.6131
-53.3299
-53.4118
-35.9491
-35.8192
-35.6974
-35.5823
-35.4768
-43.6176
-44.8763
-42.7962
-45.4222
-46.7224
-47.9915
-48.2240
-46.9191
-44.1746
-44.4703
-44.7753
-44.8621
-45.1481
-45.7607
-46.1162
-48.5193
-48.8049
-49.0735
-49.3166
-49.5396
-49.7018
-49.0551
-50.2841
-50.6083
-50.9721
-51.3304
-51.5806
-52.0278
-52.3713
-52.7065
-53.0255
-53.3382
-53.0651
-53.1109
-53.1935
-35.6992
-35.5720
-35.4426
-35.3223
-35.2137
-43.3034
-44.8224
-42.5097
-42.6799
-46.9132
-48.2982
-48.3806
-43.6484
-43.9500
-44.2604
-44.5774
-44.6759
-44.9744
-45.6077
-46.0254
-48.4174
-48.7098
-48.9819
-49.2254
-49.3886
-49.6090
-48.9317
-50.2271
-50.5820
-50.9510
-51.3228
-51.5282
-52.0532
-52.4058
-52.7403
-53.0673
-53.3865
-52.8358
-52.9113
-52.9344
-35.4490
-35.3188
-35.1803
-35.0561
-34.9428
-43.0252
-44.8699
-42.2087
-42.3883
-47.2121
-48.8783
-48.8428
-43.4058
-43.7237
-44.0499
-44.3822
-44.4891
-44.8025
-45.4585
-47.9852
-48.3239
-48.6224
-48.8971
-49.1363
-49.2967
-49.5887
-49.8447
-50.1815
-50.5574
-50.9305
-51.2949
-51.4668
-52.0797
-52.4289
-52.7711
-53.1034
-52.5236
-52.6046
-52.6827
-54.3933
-35.1929
-35.0522
-34.9103
-34.7839
-34.6639
-34.5553
-45.0647
-41.8924
-42.0850
-47.9844
-50.3054
-50.0571
-43.1599
-43.4957
-43.8396
-44.1883
-44.3061
-44.6331
-45.3600
-47.8869
-48.2404
-48.5442
-48.8197
-49.0549
-49.2048
-49.5114
-49.8434
-50.1491
-50.5459
-50.9460
-51.2398
-51.4055
-52.1053
-52.4630
-52.8112
-52.2001
-52.2838
-52.3670
-54.1194
-54.5120
-34.9270
-34.7776
-34.6388
-34.5035
-34.3780
-34.2659
-45.7758
-41.5326
-41.7660
-50.0473
-52.5257
-50.6577
-42.9112
-43.2668
-43.6299
-43.9968
-44.1257
-44.4655
-47.3162
-47.8001
-48.1686
-48.4795
-48.7509
-48.9581
-49.1630
-48.3824
-49.8126
-50.1322
-50.5494
-50.9661
-51.1743
-51.7662
-52.1431
-52.5077
-51.8656
-51.9523
-52.0383
-53.8862
-55.0295
-56.4907
-34.6523
-34.5024
-34.3609
-34.2144
-34.0847
-33.9671
-47.8288
-41.2046
-41.4382
-51.1377
-42.6614
-43.0379
-43.4222
-43.8086
-43.9491
-44.3045
-47.2139
-47.7272
-48.1110
-48.4210
-48.6948
-48.8855
-49.1121
-48.2458
-49.7998
-50.1316
-50.5699
-50.9725
-51.1359
-51.8083
-52.2018
-52.5721
-51.6184
-51.7078
-53.7400
-55.5677
-58.7326
-59.8176
-34.3757
-34.2214
-34.0688
-33.9155
-33.7829
-33.6586
-40.9180
-41.0521
-42.4086
-42.8111
-43.2177
-43.6256
-44.0342
-46.1089
-47.1300
-47.6699
-48.0694
-48.3798
-48.6193
-48.8183
-49.0347
-49.3492
-49.7913
-50.1552
-50.6170
-50.9390
-51.0899
-51.8533
-52.2617
-51.2612
-51.3557
-53.5810
-55.4414
-60.8621
-61.3316
-34.0921
-33.9278
-33.7669
-33.6139
-33.4728
-33.3405
-40.4896
-40.7037
-40.9926
-41.3457
-41.7382
-42.1551
-42.5853
-43.0182
-43.4497
-43.8783
-45.9907
-47.0642
-47.6295
-48.0479
-48.3542
-48.5810
-48.7960
-48.9659
-49.3376
-49.7879
-50.1953
-50.6799
-50.9016
-51.0349
-51.9360
-50.8889
-50.9900
-53.0943
-61.5517
-59.6324
-33.7976
-33.6249
-33.4624
-33.3069
-33.1540
-33.0144
-32.8950
-40.1673
-40.3646
-40.6514
-41.0309
-41.4533
-41.9020
-42.3635
-42.8269
-43.2829
-43.7788
-45.8869
-47.0195
-47.6171
-48.0454
-48.3475
-48.5474
-48.7282
-47.7534
-49.3508
-49.8066
-50.2561
-50.7146
-50.8598
-50.9747
-50.5021
-50.5936
-52.7127
-60.4258
-33.4970
-33.3194
-33.1497
-32.9851
-32.8252
-32.6793
-32.5537
-39.7773
-39.9911
-40.3209
-40.7082
-41.1655
-41.6508
-42.1479
-42.6443
-43.1299
-45.8399
-45.8007
-47.0009
-47.6338
-48.0756
-48.3296
-48.5699
-48.6666
-47.5579
-49.3612
-49.8463
-50.3340
-50.6861
-50.8269
-49.5397
-50.2226
-50.2805
-61.9997
-52.3269
