-49.8308
-49.7691
-49.7312
-51.3561
-51.7815
-52.0021
-52.2090
-52.5758
-54.8769
-55.2744
-55.6884
-56.0611
-56.3760
-56.3402
-57.0171
-58.7465
-59.0492
-59.1096
-58.6043
-59.5941
-59.4598
-59.2615
-59.1601
-59.1474
-59.1355
-59.1924
-59.2592
-59.3794
-59.5132
-59.6555
-59.6002
-59.6440
-59.5812
-59.5126
-59.4522
-59.3958
-59.3571
-59.3072
-59.2618
-59.2195
-49.4494
-49.4048
-50.9981
-51.5597
-51.7309
-51.9616
-52.3949
-54.8750
-55.3869
-55.8395
-56.2425
-58.7819
-58.7330
-59.3050
-59.5220
-59.7238
-60.1579
-59.2178
-60.3846
-59.9778
-59.6613
-59.4713
-59.3888
-59.3824
-59.5432
-59.5948
-59.6871
-59.7846
-59.9052
-59.9627
-59.8517
-59.7701
-59.6933
-59.6213
-59.5552
-59.5067
-59.4527
-59.1826
-59.1342
-59.0902
-49.0668
-50.6207
-51.2741
-51.4523
-52.0337
-54.5617
-55.1741
-55.4489
-61.4133
-61.2616
-61.3964
-59.2445
-62.0503
-61.7987
-62.2185
-60.4445
-59.3107
-61.2858
-60.7802
-60.3690
-60.1686
-59.8834
-59.8693
-59.8563
-59.9055
-59.9987
-60.1219
-59.7779
-59.8526
-59.7536
-59.6580
-59.5721
-59.4936
-59.4347
-59.3680
-59.3107
-59.2563
-59.2078
-59.1646
-48.6738
-51.0076
-51.2150
-54.4260
-55.2937
-55.8364
-56.0103
-55.8001
-61.4145
-56.3097
-61.8685
-61.6731
-62.3206
-61.5480
-61.1682
-61.0338
-62.6139
-62.2300
-61.6737
-61.2363
-60.9267
-60.0318
-59.6736
-59.5290
-59.4226
-59.3214
-59.2472
-59.1676
-59.2829
-59.2126
-59.1498
-59.0970
-59.0478
-59.0047
-50.8216
-51.9168
-57.2121
-57.1937
-57.1156
-56.9283
-56.3094
-55.8671
-61.1912
-53.1275
-62.6284
-65.1373
-64.4592
-62.4203
-61.7999
-59.8995
-59.7569
-59.6255
-59.4709
-59.3739
-59.2713
-58.9898
-58.9078
-58.8377
-56.8621
-57.0080
-57.1484
-57.4274
-62.1857
-61.1797
-58.9637
-58.0268
-56.3194
-55.9798
-55.2963
-55.1942
-53.1720
-52.8060
-52.5568
-52.3766
-50.3666
-53.6949
-65.7506
-64.6895
-64.0729
-60.3656
-60.0969
-59.8643
-59.6669
-59.3538
-59.1989
-56.5168
-56.6778
-56.8341
-56.9842
-57.1328
-57.2796
-57.2786
-57.4116
-62.0252
-60.7839
-55.9642
-55.9607
-56.5103
-55.5885
-53.1763
-52.6436
-52.2442
-51.9217
-49.6351
-49.7119
-53.1048
-53.4887
-53.7009
-54.1204
-54.2287
-54.3908
-64.6158
-61.5738
-60.0315
-59.6651
-56.1110
-56.2550
-56.4130
-56.5704
-56.7089
-56.8646
-57.0208
-57.1694
-57.3148
-57.4570
-57.5981
-57.7328
-55.6337
-58.6740
-57.8153
-56.3717
-55.0853
-52.3331
-51.7388
-49.1553
-49.2171
-52.6337
-53.1646
-53.5626
-53.7108
-53.7246
-53.8174
-53.9195
-54.0521
-54.2121
-61.3546
-55.7519
-55.8779
-56.0242
-56.1915
-56.3520
-56.5136
-56.6751
-56.8337
-56.9690
-57.1245
-57.2722
-57.4193
-57.5634
-57.7073
-57.8454
-52.3560
-55.4478
-61.7340
-60.2383
-58.1505
-55.8065
-51.9403
-51.1380
-48.7058
-48.9293
-52.6884
-53.2300
-53.6937
-53.8065
-53.8008
-53.8813
-53.9656
-54.0810
-54.2167
-54.3685
-54.5274
-54.6911
-54.8579
-55.0387
-55.7354
-55.9140
-56.1029
-56.2767
-56.4475
-56.6161
-56.7811
-56.9412
-57.0998
-57.2313
-57.3811
-57.5243
-57.6666
-57.8062
-57.7169
-49.8504
-61.5270
-58.3242
-51.6146
-48.2307
-48.2720
-52.3312
-52.9773
-53.5380
-54.2878
-54.1429
-53.9100
-54.1150
-54.1132
-54.2070
-54.3258
-54.4585
-54.6035
-54.7527
-54.9071
-55.0628
-55.2214
-55.4718
-55.6314
-55.7896
-55.9459
-56.1004
-56.2523
-56.4020
-56.5470
-56.7020
-57.3887
-57.5054
-57.2387
-57.2928
-57.4624
-57.5996
-49.6432
-49.4125
-51.2385
-47.7514
-52.1890
-56.4658
-55.9444
-55.2915
-54.8646
-53.7624
-53.6607
-54.4743
-54.5024
-54.5476
-54.6370
-54.7492
-54.8752
-55.0132
-55.1550
-55.3009
-55.4481
-55.6138
-55.6763
-55.8204
-55.9633
-56.1020
-56.2385
-56.3725
-56.5074
-56.6363
-56.2230
-56.4273
-56.6029
-56.7446
-56.8644
-56.8657
-56.8764
-49.2688
-47.4409
-47.3017
-47.2455
-47.3416
-58.6315
-57.4533
-56.5129
-55.8346
-53.4265
-55.1681
-55.0283
-54.9747
-54.9866
-55.0082
-55.0766
-55.1687
-55.2758
-55.3930
-55.5200
-55.6492
-55.8000
-55.9361
-56.0706
-56.2055
-56.3403
-56.4745
-56.6076
-55.9375
-56.0339
-56.2200
-56.3947
-56.5762
-56.5631
-56.5520
-56.5185
-56.5179
-56.5224
-47.1768
-46.9470
-46.7411
-46.6689
-60.3435
-58.2223
-55.7615
-53.1140
-56.0894
-55.8283
-55.6516
-55.5605
-55.5390
-55.5420
-55.5581
-55.6214
-55.7019
-55.7951
-55.9012
-56.0352
-56.1477
-56.2690
-56.3884
-56.5096
-55.4698
-55.6178
-55.8186
-56.0132
-56.2011
-56.3835
-56.4809
-56.4531
-56.4475
-56.4437
-56.4468
-56.4314
-56.4213
-46.3782
-46.1065
-43.5029
-43.6731
-55.7934
-52.7417
-56.8806
-56.8653
-56.5171
-56.3322
-56.1934
-56.1315
-56.0921
-56.0652
-56.0957
-56.1466
-56.2131
-56.3245
-56.4103
-56.5048
-54.9660
-55.1697
-55.3858
-55.5945
-55.7965
-55.9922
-56.1819
-56.2850
-56.2367
-56.1962
-56.1771
-56.1816
-56.1872
-56.1733
-56.1948
-56.1964
-45.4176
-42.9174
-46.2469
-46.8217
-47.3629
-52.5287
-58.1039
-56.2553
-56.3156
-56.1492
-57.0628
-56.9365
-56.8269
-56.7375
-56.6551
-56.5863
-56.5196
-56.4635
-56.4747
-54.4508
-54.6909
-54.9257
-55.1544
-55.3730
-55.5824
-55.7848
-55.9808
-56.0913
-56.0108
-55.9525
-55.9145
-55.8836
-55.8748
-55.8615
-55.8782
-55.9036
-55.9343
-55.9736
-45.6470
-46.3383
-46.9469
-47.5355
-50.3596
-50.9095
-51.3098
-60.3627
-59.3372
-58.2200
-57.5422
-56.8023
-56.3880
-56.1353
-56.0936
-55.9528
-53.8368
-54.0144
-54.3427
-54.5978
-54.8443
-55.0820
-55.3141
-55.6775
-56.0514
-55.9221
-55.7961
-55.7020
-55.6351
-55.5910
-55.5360
-55.5294
-55.5257
-55.5552
-55.5839
-55.6208
-55.6625
-55.7107
-50.4438
-50.7702
-51.1016
-51.4231
-51.1197
-50.8737
-64.1675
-60.1955
-57.6435
-56.4457
-55.9300
-55.6095
-53.0991
-53.3644
-53.6658
-53.9260
-54.1935
-54.4499
-56.8436
-56.6668
-56.2721
-55.9580
-55.7106
-55.5160
-55.3690
-55.2612
-55.0428
-54.9603
-54.9338
-55.0763
-55.0846
-55.0946
-55.2343
-55.2768
-55.3269
-55.3827
-55.4395
-53.8193
-53.1248
-51.3861
-50.7156
-50.3040
-48.0654
-48.2121
-57.3317
-55.3913
-52.2934
-52.6317
-52.9771
-53.2941
-53.6243
-56.6765
-57.4173
-57.5629
-57.2531
-56.6129
-56.0995
-55.6945
-55.3883
-55.1601
-54.9895
-54.8688
-54.7577
-54.7105
-54.6882
-54.6861
-54.7000
-54.7281
-54.7558
-54.8020
-54.8695
-54.9307
-54.9967
-55.0612
-56.2825
-51.2000
-50.0659
-47.4226
-47.5516
-47.6898
-48.1131
-51.5821
-51.9458
-52.3093
-52.7942
-55.3892
-54.7217
-61.1602
-59.5847
-58.9584
-58.7237
-56.5525
-55.8497
-55.3287
-54.9449
-54.6729
-54.5218
-54.3478
-54.2608
-54.2122
-54.1927
-54.1886
-54.2126
-54.2516
-54.3025
-54.3521
-54.4189
-52.4364
-52.5571
-52.6946
-52.8144
-50.7103
-46.6962
-46.8113
-46.9454
-49.5338
-50.1570
-50.7045
-51.2073
-61.2507
-57.2603
-55.5532
-54.3409
-53.5839
-62.3985
-56.7895
-55.7353
-54.9970
-54.3981
-54.0126
-53.7932
-53.6659
-53.5913
-53.5608
-53.5610
-53.5854
-53.6266
-51.5845
-51.7135
-51.8420
-51.9612
-52.1056
-52.2415
-52.3685
-52.4932
-52.6155
-46.0100
-46.1345
-49.1414
-49.8688
-50.4186
-50.2328
-50.6599
-59.1423
-56.0729
-53.9857
-52.7761
-52.1467
-62.3857
-55.5512
-54.3538
-53.6362
-53.2555
-53.0406
-52.9412
-52.9003
-50.7152
-50.8585
-50.9891
-51.1307
-51.2717
-51.4123
-51.5710
-51.7107
-51.8488
-51.9771
-52.1219
-54.4589
-54.7192
-54.9303
-50.1989
-50.5548
-50.8939
-51.2031
-51.2125
-48.6565
-48.5006
-48.4106
-58.9112
-53.6215
-51.5420
-48.6196
-48.7334
-60.3436
-58.2715
-55.2481
-53.1584
-52.3788
-52.0505
-49.8412
-49.9953
-50.1566
-50.3119
-50.4675
-50.6217
-50.7987
-50.9520
-51.1043
-54.4965
-54.6653
-54.8259
-54.9815
-55.1162
-55.2886
-55.4137
-55.6216
-55.7715
-55.9299
-53.9337
-52.8679
-51.1113
-48.0156
-47.7995
-47.6818
-47.6368
-47.7724
-47.8741
-47.9932
-48.1263
-48.2723
-60.3466
-48.7358
-48.9007
-49.0682
-49.2378
-49.4086
-49.5818
-49.7549
-49.9368
-50.1135
-59.6925
-57.6132
-56.7923
-56.4252
-56.2537
-56.1882
-56.1841
-56.2184
-56.2177
-56.3779
-56.4849
-56.6240
-56.6988
-58.5584
-55.8304
-50.8756
-47.2349
-46.9826
-46.8549
-46.8244
-46.8561
-46.9321
-47.0379
-47.1689
-47.3170
-47.4778
-47.6480
-47.8252
-48.0074
-48.1986
-48.3866
-48.5762
-48.7667
-48.9577
-46.4705
-46.6478
-46.8698
-47.0927
-59.9716
-58.7188
-57.9936
-57.5604
-57.3018
-57.1074
-57.1052
-57.0562
-57.0704
-57.1513
-46.7982
-46.2265
-45.9578
-45.8641
-45.8717
-45.9537
-46.0804
-46.2377
-46.4158
-46.6083
-43.9378
-44.1727
-44.4503
-44.7212
-44.9857
-45.2442
-45.4995
-45.7465
-45.9880
-46.2247
-46.4565
-46.6836
-46.9071
-47.1308
-58.5644
-57.3118
-58.7371
-58.3756
-58.1308
-57.9726
-57.8706
-57.8424
-57.8804
-45.4143
-40.6279
-40.9659
-41.3403
-41.7020
-42.0496
-42.3885
-42.7174
-43.0365
-43.3467
-43.6482
-43.9418
-44.2275
-44.5059
-44.7774
-47.5282
-47.7773
-48.0266
-48.2661
-48.5011
-48.7317
-48.9575
-49.1790
-49.3976
-49.5838
-57.6968
-58.1915
-63.8041
-59.8182
-59.3464
-59.0017
-58.7748
-58.5965
-58.4344
-58.4110
-58.5023
-43.1143
-43.4896
-43.8520
-44.2003
-44.5389
-44.8665
-45.1796
-45.4890
-45.7898
-46.0826
-46.3678
-46.6457
-46.9173
-47.1829
-47.4416
-47.6943
-47.9418
-48.1888
-48.4254
-48.6267
-48.8523
-49.0740
-49.2903
-49.5046
-49.7136
-49.9222
-50.1198
-50.3615
-63.3858
-60.1690
-59.7582
-59.4551
-59.2209
-59.0576
-58.9969
-58.9307
-58.8861
-43.8538
-44.1787
-44.4980
-44.8112
-45.1152
-45.4147
-45.7014
-45.9880
-46.2693
-46.5446
-46.8143
-47.0782
-47.3282
-47.5631
-47.7968
-47.9931
-48.2198
-48.4476
-48.6669
-48.8825
-49.0947
-49.3050
-49.5474
-49.7531
-49.9540
-50.1558
-50.3501
-60.4100
-59.5669
-60.1386
-59.8935
-59.6110
-59.5198
-59.4253
-59.3539
-44.2536
-44.5597
-44.8593
-45.1553
-45.4465
-45.7322
-46.0088
-46.2756
-46.5461
-46.8118
-47.0373
-47.2919
-47.5407
-47.7849
-48.0253
-48.2604
-48.5315
-48.7607
-48.9915
-49.2117
-49.4277
-49.6248
-49.8183
-50.0123
-50.2032
-50.3949
-50.5777
-50.7579
-60.0498
-58.8676
-63.5209
-60.5959
-60.3188
-59.9620
-59.7770
-59.7312
-59.6410
-44.7453
-45.0163
-45.2906
-45.5626
-45.8335
-46.0634
-46.3270
-46.5671
-46.8216
-47.0722
-47.3197
-47.6149
-47.8550
-48.0911
-48.3230
-48.5515
-48.7770
-48.9976
-49.2210
-49.4337
-49.6414
-49.8454
-50.0460
-50.2455
-50.4409
-50.6375
-50.8182
-50.9890
-51.1578
-60.1099
-57.8753
-64.4044
-60.9399
-60.5713
-59.9534
-59.5362
-60.1119
-45.2730
-45.4633
-45.7107
-45.9561
-46.2018
-46.4480
-54.0033
-52.0019
-51.2901
-47.9321
-48.1580
-48.3785
-48.5949
-48.8138
-49.0272
-49.2385
-49.4522
-49.6556
-49.8559
-50.0533
-50.2477
-50.4415
-50.6313
-50.8234
-51.0058
-51.1854
-51.3622
-51.5358
-51.7259
-61.4272
-60.2781
-59.5572
-60.9278
-60.8625
-60.7133
-43.9769
-44.3332
-44.6795
-45.0227
-56.4642
-54.3968
-53.2419
-52.5736
-52.2498
-52.0982
-52.0490
-52.0819
-52.1573
-52.2688
-52.4209
-49.8839
-50.0767
-50.2670
-50.4548
-50.6401
-50.8255
-51.0138
-51.1915
-51.3661
-51.5380
-51.7086
-51.8772
-61.9746
-60.1437
-66.8578
-65.1430
-61.4082
-61.3648
-61.1825
-43.7562
-44.1247
-44.4794
-44.8300
-61.6358
-55.9585
-54.6528
-52.1322
-52.0021
-51.9911
-52.0307
-52.0990
-52.2059
-52.3247
-52.4716
-52.6116
-52.7585
-52.9106
-53.0663
-53.2248
-53.3901
-53.5666
-51.3808
-51.5503
-51.7177
-51.8832
-52.0476
-52.2063
-55.0190
-55.1509
-64.1740
-61.6523
-61.5392
-43.5462
-43.9209
-44.2829
-44.6367
-51.4095
-51.1061
-51.0414
-51.0483
-51.1153
-51.2201
-51.3498
-51.4909
-51.6550
-51.8215
-51.9933
-52.1808
-52.3571
-52.5343
-52.7120
-52.8895
-53.0714
-53.2628
-53.4387
-53.6110
-53.7817
-53.9514
-54.1209
-54.2910
-54.4485
-52.7579
-62.5928
-61.5245
-43.3950
-43.7786
-44.1488
-44.5064
-44.8522
-45.3328
-48.5058
-48.8032
-49.0935
-49.3750
-49.6501
-49.9183
-50.1802
-50.4206
-50.6513
-50.8781
-51.1015
-51.3207
-51.5374
-51.7597
-51.9661
-52.1696
-52.3699
-52.5671
-52.7661
-52.9731
-53.1635
-53.3470
-53.5281
-53.7071
-53.8845
-54.0613
-54.2250
-54.3986
-54.5760
-62.3329
-60.4850
-59.8819
-43.2241
-43.6139
-43.9896
-44.3519
-44.7023
-45.0410
-45.3691
-45.7860
-46.1112
-46.4192
-46.7256
-47.0185
-47.3027
-47.5778
-47.8459
-48.1035
-50.7007
-50.9352
-51.1645
-51.4020
-51.6238
-51.8417
-52.0553
-52.2644
-52.4740
-52.6912
-52.8896
-53.0820
-53.2666
-53.4499
-53.6299
-53.8078
-54.0453
-54.1985
-54.3621
-54.5223
-54.6786
-54.9994
-55.1508
-55.3580
-43.0471
-43.4526
-43.8402
-44.2078
-44.5630
-44.9067
-45.2395
-45.5584
-45.8685
-46.1701
-46.5622
-46.8588
-47.1472
-47.4280
-47.7014
-47.9680
-48.2282
-48.4823
-48.7231
-48.9656
-49.1964
-49.3663
-49.5880
-49.8066
-50.0237
-50.2467
-60.5587
-57.2626
-56.9550
-56.8097
-56.8415
-54.1884
-54.3282
-54.4917
-54.6549
-54.8182
-54.9831
-55.2138
-45.5034
-43.2941
-43.6875
-44.0664
-44.4236
-44.7654
-45.0981
-45.3694
-45.6844
-45.9896
-46.2814
-46.5751
-46.9462
-47.2290
-47.5054
-47.7749
-48.0379
-48.2909
-48.5459
-48.7979
-49.0334
-49.2615
-49.4853
-49.7045
-49.9320
-59.7076
-62.6046
-57.9132
-57.7859
-57.6734
-57.6533
-57.6675
-57.7069
-57.7658
-45.8950
-46.0402
-46.3264
-46.5673
-46.8438
-44.6283
-44.9722
-45.3002
-45.6184
-45.9274
-46.2277
-46.5194
-46.8038
-47.0810
-47.3515
-47.7074
-47.9725
-48.2321
-48.4854
-48.7332
-48.9813
-49.2180
-49.4482
-49.6693
-49.8861
-59.8077
-63.9657
-62.4449
-61.2940
-58.8148
-58.3717
-58.3272
-58.2955
-58.2839
-58.2893
-46.4193
-46.4595
-46.8838
-47.0143
-47.1782
-47.3701
-47.5865
-47.8236
-48.0733
-45.8293
-46.1301
-46.4166
-46.7075
-46.9853
-47.2565
-47.5213
-47.7801
-48.1197
-48.3688
-48.6225
-48.8718
-49.1102
-49.3435
-49.5722
-49.7963
-50.0113
-59.3333
-62.6724
-61.3649
-59.9238
-59.2129
-59.4099
-59.0762
-58.6170
-58.4660
