-59.3428
-59.3514
-59.3661
-59.3588
-59.3763
-59.3901
-59.3909
-59.3694
-59.3478
-59.3200
-59.5679
-59.6013
-59.1539
-59.0861
-59.0217
-58.9639
-53.9936
-53.9947
-59.4973
-59.3452
-59.4092
-59.0183
-59.0957
-59.1754
-59.2585
-59.3458
-59.4343
-59.5254
-59.6193
-59.1132
-59.1823
-59.2573
-59.3387
-59.4082
-59.3602
-59.8363
-59.8916
-59.9378
-59.0770
-59.1158
-59.2905
-59.2723
-59.2824
-59.2898
-59.3028
-59.3159
-59.3098
-59.2852
-59.2606
-59.2319
-59.4714
-59.4965
-59.0621
-58.9943
-58.9301
-58.8763
-54.0612
-54.0205
-59.3542
-59.2121
-59.2569
-58.8990
-58.9169
-59.0414
-59.1185
-59.1969
-59.2779
-59.3609
-59.4454
-58.9944
-59.0424
-59.1138
-59.1918
-59.2091
-59.3005
-59.8387
-59.9564
-60.0323
-60.0741
-60.1034
-54.6415
-59.2113
-59.2165
-59.2235
-59.2311
-59.2389
-59.2261
-59.1983
-59.1704
-59.1404
-59.3707
-59.3879
-58.9662
-58.9024
-58.8379
-58.7792
-54.1224
-54.0423
-59.2100
-59.0763
-59.1039
-58.7745
-58.8368
-58.9024
-58.9714
-59.0420
-59.1136
-59.1870
-59.2637
-59.3443
-58.8927
-58.8985
-58.9724
-59.0535
-59.1421
-59.2375
-59.7916
-59.9428
-60.0800
-60.2250
-54.6754
-59.1542
-59.1540
-59.1554
-59.1575
-59.1598
-59.1405
-59.1091
-59.0778
-59.0460
-59.2664
-59.2760
-58.8708
-58.8021
-58.7368
-58.6772
-54.1403
-54.0600
-59.0639
-58.8886
-58.9517
-58.6461
-58.7000
-58.7573
-58.8173
-58.8774
-58.9406
-59.0063
-59.0756
-59.0876
-58.6764
-58.7392
-58.8090
-58.8864
-58.9718
-59.0645
-59.5808
-59.7193
-59.8481
-59.9851
-54.7107
-59.0988
-59.0924
-59.0876
-59.0835
-59.0799
-59.0537
-59.0184
-58.9833
-58.9486
-59.1635
-59.1659
-58.7678
-58.6980
-58.6315
-58.5705
-54.1543
-54.0735
-58.9160
-58.7967
-58.7982
-58.5119
-58.5573
-58.6052
-58.6546
-58.7065
-58.7612
-58.8194
-58.8231
-58.8887
-58.5112
-58.5692
-58.6345
-58.7076
-58.7892
-58.8786
-59.3589
-59.4856
-59.6050
-59.7346
-54.7490
-59.0522
-59.0370
-59.0242
-59.0127
-59.0019
-58.9682
-58.9281
-58.8925
-58.8535
-59.0544
-58.7532
-58.6621
-58.5907
-58.5226
-58.4598
-58.3674
-54.0835
-58.7675
-58.6526
-58.6420
-58.3712
-58.4061
-58.4452
-58.4863
-58.5299
-58.5233
-58.5731
-58.6265
-58.6843
-58.3358
-58.3884
-58.4486
-58.5168
-58.5938
-58.6792
-59.1244
-59.2647
-59.3511
-59.4720
-51.1750
-52.4731
-52.3941
-52.3139
-58.9542
-58.9331
-58.8893
-58.8464
-58.8008
-58.9761
-58.9459
-58.6313
-58.5550
-58.4813
-58.4105
-58.3460
-58.2931
-54.0896
-58.6165
-58.5049
-58.4811
-58.2234
-58.2496
-58.2801
-58.3126
-58.2985
-58.3363
-58.3774
-58.4230
-58.4727
-58.1504
-58.1969
-58.2511
-58.3137
-58.3853
-58.4653
-58.5577
-59.0101
-59.1576
-59.3197
-51.1794
-52.4474
-52.3666
-52.2860
-52.2046
-52.1229
-52.0335
-51.9426
-58.7215
-58.8827
-58.8435
-58.5304
-58.4497
-58.3330
-58.2995
-58.2320
-58.1751
-54.0920
-58.4628
-58.3515
-58.3172
-58.0712
-58.0884
-58.0647
-58.0882
-58.1145
-58.1435
-58.1760
-58.2127
-58.2539
-57.9549
-57.9946
-58.0420
-58.0981
-58.1620
-58.2376
-58.3245
-58.7412
-58.8809
-59.1076
-51.1843
-52.4245
-52.3431
-52.2616
-52.1784
-52.0942
-52.0035
-51.9129
-51.8210
-51.7706
-51.6785
-58.4455
-58.3562
-58.2722
-58.1932
-58.1201
-58.0572
-54.0906
-58.3075
-58.1967
-58.1522
-57.8729
-57.8817
-57.8936
-57.9082
-57.9253
-57.9453
-57.9690
-57.9963
-58.0282
-57.7496
-57.7817
-57.8216
-57.8698
-57.9268
-57.9953
-58.0754
-58.4571
-58.6515
-58.8033
-51.1891
-52.4027
-52.3203
-52.2372
-52.1533
-52.0682
-51.9770
-51.8849
-51.7919
-51.7399
-51.6388
-51.5015
-51.3999
-51.2977
-51.1949
-58.0213
-57.9464
-54.0887
-58.1574
-58.0444
-57.9464
-57.7186
-57.7175
-57.7197
-57.7246
-57.7321
-57.7424
-57.7563
-57.7738
-57.7960
-57.8234
-57.5582
-57.5895
-57.6294
-57.6780
-57.7381
-57.8614
-58.2142
-58.3381
-58.5233
-52.4626
-52.3802
-52.2973
-52.2135
-52.1288
-52.0425
-51.9506
-51.8578
-51.7643
-51.7117
-51.6187
-51.4733
-51.3707
-51.2670
-51.1630
-51.0598
-50.9573
-49.8117
-50.8060
-57.8662
-57.7955
-57.5689
-57.5555
-57.5462
-57.5400
-57.5367
-57.5364
-57.5397
-57.5467
-57.5582
-57.5745
-57.3256
-57.3473
-57.3774
-57.4162
-57.5135
-57.5776
-57.9287
-58.0455
-58.1819
-52.4404
-52.3574
-52.2739
-52.1896
-52.1043
-52.0171
-51.9248
-51.8236
-51.7378
-51.6841
-51.5905
-51.4452
-51.3424
-51.2391
-51.1352
-51.0306
-50.9265
-49.7968
-50.7706
-50.6571
-50.5503
-50.4136
-57.4123
-57.3843
-57.3623
-57.3447
-57.3314
-57.3223
-57.3171
-57.3162
-57.3209
-57.0847
-57.0954
-57.1562
-57.1851
-57.2254
-57.3073
-57.3773
-57.6965
-57.8184
-52.4173
-52.3344
-52.2503
-52.1654
-52.0794
-51.9913
-51.8988
-51.8056
-51.7114
-51.6568
-51.5627
-51.4177
-51.3145
-51.2107
-51.1064
-50.9939
-50.8904
-49.7910
-50.7396
-50.6250
-50.5160
-50.4178
-50.2785
-50.1778
-50.0759
-49.9724
-57.1431
-57.1141
-57.0918
-57.0759
-57.0659
-56.8382
-56.8749
-56.8820
-56.9224
-56.9517
-56.9931
-57.0484
-57.3285
-57.4322
-52.3911
-52.3078
-52.2239
-52.1390
-52.0452
-51.9654
-51.8729
-51.7793
-51.6848
-51.6290
-51.5344
-51.3899
-51.2866
-51.1745
-51.0703
-50.9658
-50.8618
-49.7840
-50.7088
-50.5945
-50.4849
-50.3858
-50.2467
-50.1439
-50.0399
-49.9345
-49.8288
-49.7223
-49.6143
-49.5048
-56.8616
-56.6316
-56.6127
-56.6263
-56.6278
-56.6403
-56.6648
-56.7032
-56.9422
-57.0247
-52.3645
-52.2805
-52.1958
-52.1107
-52.0248
-51.9361
-51.8439
-51.7505
-51.6561
-51.6001
-51.5059
-51.3620
-51.2503
-51.1464
-51.0421
-50.9374
-50.8331
-49.7765
-50.6778
-50.5639
-50.4539
-50.3542
-50.2156
-50.1121
-50.0075
-49.9016
-49.7944
-49.6857
-49.5756
-49.4710
-49.3596
-49.2158
-49.1020
-56.3630
-56.3370
-56.3259
-56.3286
-56.3450
-56.5414
-56.5992
-52.3412
-52.2477
-52.1701
-52.0837
-51.9969
-51.9071
-51.8138
-51.7197
-51.6250
-51.5681
-51.4653
-51.3230
-51.2204
-51.1171
-51.0134
-50.9088
-50.8042
-49.7682
-50.6465
-50.5328
-50.4224
-50.3217
-50.1846
-50.0810
-49.9757
-49.8690
-49.7610
-49.6585
-49.5480
-49.4361
-49.3270
-49.1787
-49.0628
-48.9457
-48.8291
-48.7114
-48.5921
-55.9916
-56.1362
-56.1600
-52.3196
-52.2341
-52.1478
-52.0607
-51.9725
-51.8811
-51.7868
-51.6917
-51.6217
-51.5295
-51.4346
-51.2925
-51.1896
-51.0860
-50.9819
-50.8775
-50.7733
-49.7583
-50.6144
-50.5015
-50.3905
-50.2890
-50.1526
-50.0484
-49.9431
-49.8365
-49.7352
-49.6253
-49.5181
-49.4057
-49.2918
-49.1456
-49.0281
-48.9105
-48.7918
-48.6717
-48.5503
-48.4276
-48.3050
-48.2052
-52.2993
-52.2128
-52.1256
-52.0373
-51.9483
-51.8563
-51.7618
-51.6579
-51.5954
-51.5022
-51.4064
-51.2641
-51.1602
-51.0560
-50.9516
-50.8469
-50.7423
-49.7475
-50.5814
-50.4685
-50.3577
-50.2559
-50.1207
-50.0165
-49.9177
-49.8103
-49.7016
-49.5957
-49.4844
-49.3716
-49.2574
-49.1417
-48.9938
-48.8755
-48.7560
-48.6352
-48.5131
-48.3896
-48.2648
-48.1595
-59.1958
-59.1311
-59.0664
-59.0016
-58.9368
-51.8242
-51.7291
-51.6331
-51.5695
-51.4754
-51.3794
-51.2377
-51.1336
-51.0290
-50.9237
-50.8181
-50.7126
-49.7364
-50.5483
-50.4354
-50.3240
-50.2214
-50.0870
-49.9894
-49.8836
-49.7806
-49.6723
-49.5628
-49.4517
-49.3387
-49.2244
-49.1082
-48.9610
-48.8421
-48.7217
-48.6000
-48.4768
-48.3501
-48.2244
-48.1200
-59.2856
-59.2184
-59.1497
-59.0792
-58.9631
-58.8763
-58.7826
-58.6881
-58.7634
-58.6867
-58.4105
-51.2121
-51.1074
-51.0022
-50.8965
-50.7907
-50.6850
-49.7273
-50.5182
-50.4048
-50.2923
-50.1953
-50.0605
-49.9550
-49.8527
-49.7451
-49.6365
-49.5265
-49.4152
-49.3026
-49.1886
-49.0733
-48.9281
-48.8089
-48.6858
-48.5639
-48.4406
-48.3160
-48.1899
-48.0842
-59.1074
-59.0501
-58.9503
-58.8931
-59.0678
-58.9787
-58.8835
-58.7861
-58.8589
-58.7744
-58.4871
-58.3590
-58.2333
-58.1087
-57.9862
-57.8679
-50.6583
-49.7181
-50.4886
-50.3749
-50.2693
-50.1644
-50.0342
-49.9278
-49.8203
-49.7115
-49.6015
-49.4902
-49.3782
-49.2650
-49.1506
-49.0347
-48.8877
-48.7692
-48.6494
-48.5281
-48.4053
-48.2810
-48.1547
-48.0274
-59.0901
-52.0668
-51.9775
-51.8874
-51.7964
-58.7653
-58.6830
-58.6003
-58.6816
-58.6291
-58.6013
-58.4819
-58.3545
-58.2262
-58.0976
-57.9695
-57.8440
-54.5327
-54.4977
-57.7149
-57.5710
-50.1388
-50.0046
-49.8971
-49.7886
-49.6794
-49.5690
-49.4572
-49.3442
-49.2273
-49.1114
-48.9942
-48.8495
-48.7304
-48.6102
-48.4888
-48.3662
-48.2420
-48.1162
-47.9917
-59.1279
-59.0629
-58.9974
-55.6130
-55.6975
-55.6557
-55.3342
-51.4890
-51.4220
-51.3258
-51.1916
-58.2478
-58.1388
-58.0309
-57.9243
-58.1195
-57.9957
-54.6637
-54.6101
-57.8895
-57.7357
-57.6237
-57.3651
-57.2538
-57.1412
-57.0286
-49.5619
-49.4224
-49.3081
-49.1926
-49.0763
-48.9588
-48.8148
-48.6946
-48.5732
-48.4506
-48.3267
-48.2044
-48.0787
-47.9517
-59.1914
-59.1241
-59.0557
-55.7579
-55.7610
-55.7476
-55.3304
-58.6421
-58.7117
-58.6322
-58.3590
-58.2499
-58.1365
-58.0245
-50.7499
-50.6502
-50.5430
-54.5724
-54.5415
-57.6674
-57.9305
-57.8218
-57.5638
-57.4546
-57.3293
-57.2103
-57.0863
-56.9572
-56.8230
-56.6844
-56.5436
-56.4049
-48.7334
-48.6110
-48.4879
-48.3672
-48.2425
-48.1164
-47.9891
-47.8604
-59.1792
-59.1280
-55.7378
-55.8621
-55.8270
-55.8214
-55.3398
-58.7100
-58.7781
-58.6949
-58.4181
-58.3040
-58.1853
-58.0665
-57.9875
-57.8705
-57.7791
-54.6222
-54.5731
-57.6368
-50.1209
-50.0125
-49.8776
-57.1045
-57.0247
-56.9463
-57.3391
-57.2204
-57.0953
-56.9645
-56.8275
-56.6836
-56.5321
-56.2555
-56.0919
-55.9215
-55.7477
-48.0895
-47.9610
-47.8292
-59.1483
-59.0947
-55.7289
-55.8818
-55.8453
-55.8396
-55.3717
-58.7091
-58.7974
-58.7362
-58.4829
-58.3880
-58.3093
-58.1889
-58.0685
-57.9719
-57.8544
-54.6944
-54.6419
-57.6810
-57.5399
-57.4326
-57.2011
-57.1017
-57.0026
-56.9036
-49.4087
-49.2945
-49.1790
-56.5183
-56.4272
-57.0539
-56.9258
-56.6474
-56.5080
-56.3617
-56.1957
-56.0309
-55.8545
-55.6639
-59.1190
-59.0631
-55.7519
-55.9012
-55.8634
-55.8559
-55.3922
-58.8089
-58.7462
-58.6823
-58.4312
-58.3805
-58.2843
-58.2121
-58.1174
-58.0239
-57.9335
-54.7782
-54.7250
-57.7815
-57.6386
-57.5268
-57.4281
-57.1866
-57.0802
-56.9713
-56.8600
-56.7466
-56.6311
-56.5314
-56.4148
-56.2985
-48.6796
-48.5345
-48.4111
-55.7307
-55.6546
-56.5968
-56.4782
-56.3573
-59.0931
-59.0344
-55.7755
-55.9211
-55.8818
-55.8724
-55.4127
-58.7627
-58.6971
-58.6731
-58.4227
-58.3293
-58.2555
-58.1586
-58.0541
-57.9579
-57.8645
-54.7855
-54.7451
-57.7746
-57.6635
-57.5822
-57.5171
-57.3097
-57.2036
-57.0945
-56.9824
-56.8853
-56.7676
-56.6468
-56.5127
-56.3847
-56.2535
-56.0040
-55.8696
-55.7341
-55.5984
-55.4639
-47.8746
-47.7442
-59.0748
-59.0130
-55.8015
-55.9433
-55.9022
-55.8907
-55.4346
-58.7209
-58.6948
-58.6251
-58.3761
-58.2982
-58.1980
-58.0980
-57.9988
-57.9008
-57.8054
-54.7904
-54.7481
-57.7025
-57.5900
-57.5042
-57.4355
-57.2315
-57.1577
-57.1019
-57.0277
-56.9427
-56.8662
-56.7891
-56.6701
-56.5443
-56.4145
-56.1648
-56.0296
-55.8912
-55.7495
-55.6045
-55.4561
-55.3042
-59.0733
-59.0076
-55.8342
-55.9720
-55.9288
-55.9148
-55.4809
-58.7329
-58.6604
-58.6044
-58.3542
-58.2558
-58.1529
-58.0505
-57.9487
-57.8481
-57.7500
-54.7959
-54.7513
-57.6331
-57.5186
-57.4283
-57.3552
-57.1796
-57.0848
-57.0068
-56.9280
-56.8484
-56.7681
-56.6872
-56.6058
-56.5239
-56.4413
-56.2436
-56.1612
-56.0794
-55.9564
-55.8171
-55.6739
-55.5274
-52.0097
-51.9179
-51.0347
-51.0111
-50.9286
-50.8610
-50.6477
-51.3744
-58.6676
-58.5875
-58.3352
-58.2327
-58.1257
-58.0192
-57.9132
-57.8087
-57.7066
-54.8057
-54.7582
-57.5723
-57.4549
-57.3680
-57.2898
-57.0875
-57.0053
-56.9227
-56.8393
-56.7553
-56.6706
-56.5852
-56.4993
-56.4131
-56.3260
-56.1303
-56.0436
-55.9575
-55.8720
-55.7872
-55.7039
-55.6221
-51.9949
-51.9027
-51.0236
-51.0151
-50.9320
-50.8570
-50.6578
-51.3595
-51.2605
-51.1602
-50.3268
-50.9225
-50.8155
-50.7078
-50.5994
-50.4904
-50.3812
-54.8123
-54.7607
-57.5127
-57.3904
-54.7784
-57.2035
-57.0014
-56.9148
-56.8283
-56.7416
-56.6549
-56.5680
-56.4811
-56.3943
-56.3051
-56.2123
-56.0217
-55.9245
-55.8327
-55.7416
-55.6511
-55.5621
-55.4745
-51.9794
-51.8869
-51.0288
-51.0120
-50.9286
-50.8557
-50.6506
-50.5810
-50.5051
-50.4277
-50.3232
-50.9059
-50.7986
-50.0551
-50.5816
-50.4722
-49.7981
-49.6044
-49.5099
-50.0588
-49.9427
-49.2842
-49.7175
-49.5845
-49.4708
-49.3562
-49.2403
-56.5517
-56.4500
-56.3485
-56.2472
-56.1459
-56.0455
-55.9458
-55.7508
-55.6535
-55.5571
-55.4627
-55.3702
-55.2798
-51.9696
-51.8772
-51.0254
-51.0100
-50.9263
-50.8505
-50.6428
-50.5772
-50.5007
-50.4227
-50.3181
-50.8874
-50.7804
-50.0493
-50.0240
-49.9307
-49.7927
-49.5989
-49.5039
-50.0401
-49.9239
-49.2757
-49.6976
-49.5645
-49.4502
-49.3347
-49.2180
-49.1001
-48.9810
-48.8606
-48.7390
-48.6160
-48.4921
-48.3669
-48.2242
-48.0967
-55.4027
-55.2850
-55.1693
-55.0292
-51.9486
-51.8558
-51.0209
-51.0011
-50.9169
-50.8404
-50.6345
-50.5684
-50.4916
-50.4133
-50.3089
-50.8652
-50.7584
-50.0413
-50.0147
-49.9202
-49.7834
-49.5919
-49.4972
-49.4690
-49.4654
-49.2665
-49.6775
-49.5447
-49.4300
-49.3143
-49.1973
-49.0792
-48.9598
-48.8391
-48.7172
-48.5940
-48.4694
-48.3436
-48.2006
-48.0723
-47.9427
-47.8117
-47.6744
-47.5462
-51.9305
-51.8372
-51.0131
-50.9916
-50.9070
-50.8298
-50.6256
-50.5586
-50.4812
-50.3899
-50.2976
-50.8416
-50.7346
-50.0282
-49.9999
-49.9049
-49.7683
-49.5781
-49.4829
-49.4501
-49.4484
-49.2519
-49.6524
-49.5203
-49.4059
-49.2903
-49.1736
-49.0557
-48.9366
-48.8162
-48.6945
-48.5715
-48.4467
-48.3204
-48.1777
-48.0491
-47.9192
-47.7832
-47.6562
-47.5231
-51.9135
-51.8196
-51.0085
-50.9853
-50.9000
-50.8220
-50.6192
-50.5511
-50.4727
-50.3697
-50.2889
-50.8180
-50.7104
-50.0156
-49.9852
-49.8892
-49.7595
-49.5639
-49.4680
-49.4333
-49.4290
-49.2339
-49.6233
-49.4918
-49.3774
-49.2618
-49.1226
-49.0042
-48.8844
-48.7635
-48.6412
-48.5176
-48.3927
-48.2666
-48.1245
-47.9958
-47.8612
-47.7354
-47.6035
-47.4701
-51.8960
-51.8018
-51.0037
-50.9791
-50.8934
-50.8148
-50.6137
-50.5462
-50.4491
-50.3446
-50.2630
-50.7768
-50.6690
-49.9879
-49.9553
-49.8588
-49.7484
-49.5346
-49.4377
-49.4005
-49.3982
-49.1989
-49.5744
-49.4425
-49.3270
-49.2105
-49.0928
-48.9739
-48.8537
-48.7320
-48.6090
-48.4846
-48.3594
-48.2330
-48.0860
-47.9625
-47.8330
-47.7021
-47.5699
-47.4342
-61.8651
-63.2457
-50.9531
-50.8668
-50.7772
-50.5893
-50.5194
-50.4396
-50.3348
-50.2526
-50.7540
-50.6460
-49.9761
-49.9419
-49.8450
-49.7468
-49.5224
-49.4251
-49.3863
-49.3816
-49.1927
-49.5489
-49.4172
-49.3015
-49.1847
-49.0667
-48.9475
-48.8272
-48.7055
-48.5826
-48.4583
-48.3325
-48.2002
-48.0639
-47.9346
-47.8043
-47.6726
-47.5376
-47.4028
-63.3285
-65.2407
-57.1692
-56.9722
-58.1424
-50.3253
-50.2425
-50.7318
-50.6236
-49.9646
-49.9288
-49.8313
-49.7327
-49.5103
-49.4124
-49.3719
-49.3648
-49.1971
-49.5233
-49.3917
-49.2756
-49.1585
-49.0402
-48.9207
-48.8000
-48.6780
-48.5548
-48.4302
-48.2994
-48.1780
-48.0504
-47.9079
-47.7772
-47.6434
-47.5096
-47.3744
