-65.9320
-65.9400
-65.8839
-65.0687
-65.5372
-65.5026
-65.4628
-65.4211
-65.3781
-65.3342
-65.2853
-65.1861
-65.0815
-64.9751
-64.6243
-64.0959
-63.0872
-63.0512
-63.0425
-63.0132
-62.9866
-63.5334
-63.6128
-63.5931
-63.5727
-63.5515
-63.5297
-63.5126
-63.4890
-63.4645
-63.4407
-63.4306
-63.3431
-63.2554
-63.2030
-63.1133
-63.0232
-62.3589
-62.8726
-62.8167
-65.8302
-65.8962
-65.7194
-65.5581
-65.5232
-65.4828
-65.4410
-65.3978
-65.3532
-65.3085
-65.2412
-65.1373
-65.0356
-64.6371
-64.5488
-64.0859
-63.0928
-63.0562
-63.0479
-63.0189
-62.9915
-63.5253
-63.6064
-63.5848
-63.5623
-63.5392
-63.5209
-63.4961
-63.4704
-63.4437
-63.4178
-63.3903
-63.3029
-63.2151
-63.1611
-63.0713
-62.9813
-62.3386
-62.8380
-62.7807
-65.7962
-65.8445
-65.0942
-65.5430
-65.5059
-65.4638
-65.4204
-65.3756
-65.3298
-65.2849
-65.1964
-65.0551
-64.9465
-64.6066
-64.5190
-64.0763
-63.0986
-63.0868
-63.0538
-63.0247
-62.9185
-63.6227
-63.5998
-63.5762
-63.5574
-63.5323
-63.5063
-63.4794
-63.4515
-63.4228
-63.4328
-63.3509
-63.2634
-63.2093
-63.1198
-63.0301
-62.9400
-62.8596
-62.8014
-62.7414
-65.7793
-65.7370
-65.5711
-65.5336
-65.4911
-65.4474
-65.4024
-65.3561
-65.3093
-65.2552
-65.1093
-65.0097
-64.9087
-64.5796
-64.1158
-63.1439
-63.1050
-63.0924
-63.0595
-63.0289
-63.5459
-63.6145
-63.5943
-63.5678
-63.5405
-63.5122
-63.4830
-63.4529
-63.4217
-63.3895
-63.3842
-63.2974
-63.2082
-63.1511
-63.0601
-62.9686
-62.8767
-62.8021
-62.7420
-62.6804
-58.1329
-58.0596
-57.9912
-57.9310
-57.8696
-57.8077
-57.7454
-57.6826
-57.6114
-57.5438
-57.4712
-57.3988
-57.2836
-57.2123
-57.0722
-56.8127
-56.7508
-56.6948
-56.6338
-56.5564
-56.6270
-56.5849
-56.5226
-56.4598
-56.3965
-56.3327
-56.2683
-56.2033
-56.1378
-56.0717
-56.0079
-55.9310
-55.8537
-55.7818
-55.7034
-55.6247
-55.4433
-55.4604
-55.3965
-55.3218
-58.1093
-57.9434
-57.9687
-57.9078
-57.8461
-57.7839
-57.7132
-57.6502
-57.5871
-57.5164
-57.4439
-57.3715
-57.2580
-57.1868
-57.0503
-56.7947
-56.7382
-56.6766
-56.6154
-56.5382
-56.6254
-56.5633
-56.5006
-56.4374
-56.3737
-56.3094
-56.2446
-56.1793
-56.1133
-56.0471
-55.9803
-55.9034
-55.8317
-55.7538
-55.6754
-55.5966
-55.4175
-55.4439
-55.3696
-55.2945
-58.0792
-58.0076
-57.9469
-57.8854
-57.8152
-57.7529
-57.6901
-57.6271
-57.5618
-57.4902
-57.4178
-57.3454
-57.2336
-57.0937
-56.8395
-56.7774
-56.7208
-56.6603
-56.5840
-56.5234
-56.6051
-56.5425
-56.4795
-56.4159
-56.3518
-56.2872
-56.2220
-56.1563
-56.0900
-56.0234
-55.9539
-55.8769
-55.8050
-55.7271
-55.6385
-55.5701
-55.4924
-55.4183
-55.3437
-55.2683
-57.9653
-57.9876
-57.9183
-57.8566
-57.7944
-57.7317
-57.6687
-57.6053
-57.5372
-57.4656
-57.3932
-57.2811
-57.2106
-57.0741
-56.8235
-56.7623
-56.7302
-56.6688
-56.5916
-56.6740
-56.6118
-56.5490
-56.4857
-56.4220
-56.3576
-56.2928
-56.2274
-56.1615
-56.0950
-56.0282
-55.9564
-55.8795
-55.8075
-55.7297
-55.6516
-55.5729
-55.4965
-55.4223
-55.3368
-55.2612
-58.0571
-57.9949
-57.9339
-57.8721
-57.8098
-57.7471
-57.6841
-57.6204
-57.5500
-57.4782
-57.4063
-57.2956
-57.2250
-57.0924
-56.8439
-56.7874
-56.7254
-56.6639
-56.5859
-56.6670
-56.6044
-56.5413
-56.4778
-56.4137
-56.3491
-56.2839
-56.2183
-56.1520
-56.0852
-56.0206
-55.9441
-55.8621
-55.7952
-55.7175
-55.6392
-55.5605
-55.4852
-55.3997
-55.3249
-55.2499
-58.0471
-57.9863
-57.9247
-57.8628
-57.8003
-57.7375
-57.6742
-57.6085
-57.5376
-57.4659
-57.3548
-57.2848
-57.1491
-56.9015
-56.8393
-56.7824
-56.7208
-56.6446
-56.5803
-56.6600
-56.5971
-56.5337
-56.4698
-56.4055
-56.3405
-56.2751
-56.2090
-56.1425
-56.0755
-56.0084
-55.9320
-55.8605
-55.7831
-55.7052
-55.6270
-55.4426
-55.4630
-55.3887
-55.3138
-55.2385
-58.0375
-57.9765
-57.9146
-57.8524
-57.7897
-57.7268
-57.6630
-57.5950
-57.5240
-57.4524
-57.3437
-57.2737
-57.1399
-56.8953
-56.8329
-56.7761
-56.7143
-56.6373
-56.7138
-56.6511
-56.5880
-56.5243
-56.4602
-56.3955
-56.3303
-56.2646
-56.1983
-56.1315
-56.0539
-55.9950
-55.9186
-55.8467
-55.7692
-55.6914
-55.6019
-55.5244
-55.4504
-55.3760
-63.0813
-63.0254
-58.0266
-57.9653
-57.9033
-57.8409
-65.9142
-65.9380
-65.9809
-66.0133
-66.0933
-66.2402
-66.2276
-66.7532
-67.1717
-56.9953
-63.4521
-63.4085
-64.0783
-64.0488
-64.0185
-63.9875
-63.9558
-63.9231
-63.8895
-63.8552
-63.8199
-63.7842
-63.7497
-63.6899
-63.6251
-63.5469
-63.3930
-63.3069
-63.2206
-63.1464
-63.0875
-63.0282
-62.9674
-62.9085
-66.3398
-66.3608
-66.3927
-66.4389
-66.5034
-66.5915
-66.7094
-66.8305
-67.0138
-66.9450
-67.3524
-67.3644
-64.6574
-64.5525
-64.6230
-65.4333
-65.4257
-65.4185
-65.4114
-65.4050
-65.3992
-65.3945
-65.3048
-65.3912
-65.3929
-65.3995
-65.3606
-65.2410
-65.2042
-65.1710
-65.1546
-65.1636
-65.2433
-65.4128
-65.7278
-67.0141
-63.8008
-66.7444
-66.7942
-66.8591
-66.9427
-67.0490
-67.1969
-67.3415
-67.5161
-67.7519
-67.6671
-68.2014
-75.6865
-64.7999
-64.6945
-65.6178
-65.6182
-65.6195
-65.6220
-65.6260
-65.6317
-65.6397
-65.6511
-65.6666
-65.6849
-65.7087
-66.0200
-65.8907
-65.9204
-65.9306
-65.9591
-66.0183
-65.1992
-66.3355
-66.6518
-67.3429
-67.1293
-67.2032
-67.2944
-67.4169
-67.5550
-67.7257
-67.8797
-68.0728
-67.9958
-68.3209
-69.2402
-74.1187
-76.5362
-64.8415
-65.8008
-66.0282
-66.0438
-66.0619
-66.0831
-66.0093
-66.1385
-66.1730
-66.2133
-66.2613
-66.1965
-66.2495
-66.2794
-66.3164
-66.3513
-66.4106
-66.5010
-65.6320
-67.0407
-67.4268
-72.6686
-67.4918
-67.5956
-67.7062
-67.8386
-67.9970
-68.1669
-68.3390
-68.6489
-68.4355
-69.0448
-69.5056
-73.5694
-74.7839
-65.2757
-66.2103
-66.2312
-66.2543
-66.2806
-66.3115
-66.3473
-66.3871
-66.4333
-66.4869
-66.4226
-66.4961
-66.5431
-66.5939
-66.6420
-66.6926
-66.7665
-66.8682
-67.1694
-67.3319
-67.6175
-71.3347
-72.4282
-67.1098
-67.1043
-67.0926
-67.0826
-67.0746
-68.6559
-68.8365
-69.0420
-69.0557
-69.4063
-72.0010
-72.8612
-73.2319
-74.3013
-67.9867
-65.4466
-66.3848
-66.4117
-66.3345
-66.4781
-66.5168
-66.5607
-66.6107
-66.5397
-66.6025
-66.6750
-66.7616
-66.8034
-66.8230
-66.7954
-66.7643
-66.8955
-66.9185
-66.9964
-67.1832
-67.2756
-70.2144
-71.0874
-72.0399
-66.9399
-66.9179
-66.8968
-66.9471
-66.9374
-66.8878
-66.8384
-66.4993
-66.4603
-66.4314
-67.1822
-68.4132
-68.2615
-68.4063
-68.1994
-67.3443
-66.5321
-66.5620
-66.5962
-66.6654
-66.3120
-66.5434
-66.6442
-66.6666
-66.6781
-66.6921
-66.7072
-66.7268
-66.6947
-66.6600
-66.6130
-66.7209
-66.7040
-65.7009
-66.7602
-66.7800
-67.2542
-69.0956
-69.6430
-70.2648
-66.7569
-66.7313
-66.7656
-66.7424
-66.7063
-66.6465
-66.5799
-66.2524
-66.2074
-66.0322
-66.6031
-66.3865
-66.2934
-66.5682
-66.2769
-64.6722
-66.6204
-66.9559
-67.3578
-72.8999
-65.4810
-65.4564
-65.4307
-65.4040
-65.3761
-65.3472
-65.3078
-65.2393
-65.2681
-65.1913
-65.1134
-65.0354
-64.2938
-64.9313
-64.8712
-65.7650
-65.8997
-65.9599
-65.9658
-66.6338
-66.5989
-66.5639
-66.5282
-66.4658
-66.3906
-66.3150
-65.9908
-65.9229
-66.1855
-65.9883
-65.8056
-65.8440
-65.9717
-65.6329
-64.3978
-65.0780
-65.1712
-65.2103
-66.9185
-67.0296
-65.2827
-65.3895
-65.3595
-65.3283
-65.2957
-65.2618
-65.2129
-65.2413
-65.1721
-65.0897
-65.0068
-64.9256
-64.8578
-64.7915
-64.7233
-65.5554
-65.6366
-65.6602
-65.6242
-66.4478
-66.4025
-66.3563
-66.3038
-66.2192
-66.1269
-65.8007
-65.7175
-65.6043
-65.7076
-65.5196
-65.3803
-65.4467
-65.3425
-65.0702
-64.6884
-64.7002
-64.6632
-64.6213
-65.6494
-65.2582
-64.4063
-64.3701
-64.3330
-64.2950
-64.2562
-56.4719
-56.3778
-56.3532
-56.2795
-56.2044
-64.8979
-64.8074
-63.1317
-63.0684
-63.1237
-63.5156
-63.5296
-63.5100
-63.3288
-66.2618
-66.2054
-66.1448
-66.0667
-65.9677
-65.8647
-65.5417
-65.3696
-65.2033
-65.3246
-65.1202
-65.0312
-65.1035
-57.4007
-57.2887
-57.1907
-57.1498
-57.0681
-57.0276
-57.1414
-57.0282
-56.8568
-56.7910
-56.7248
-56.7186
-56.6763
-56.6339
-56.5622
-56.4896
-56.4154
-63.4030
-63.3234
-62.7950
-63.1730
-63.1088
-63.1740
-63.5485
-63.5482
-63.4922
-63.4241
-58.3084
-58.2451
-58.1571
-58.1375
-58.0679
-57.9600
-57.9237
-57.8452
-57.8088
-57.7262
-57.6301
-57.5840
-57.5899
-57.5233
-57.2916
-57.3467
-57.2670
-57.2036
-57.2812
-57.2118
-57.1087
-57.0396
-56.9739
-56.9220
-56.8563
-56.7902
-56.7229
-56.6984
-56.6734
-63.5271
-63.4451
-63.3624
-62.8409
-63.2160
-63.1505
-63.2215
-63.5130
-63.5676
-63.5292
-63.4388
-58.4209
-58.3814
-58.3412
-58.2711
-58.1910
-58.0774
-58.0003
-57.9215
-57.9102
-57.8943
-57.8187
-57.7727
-57.7165
-57.6168
-57.4815
-57.4421
-57.4025
-57.3859
-57.4667
-57.3830
-57.1932
-57.1421
-57.1247
-57.0595
-56.9466
-56.8806
-56.8121
-56.7639
-63.6490
-63.5678
-63.4858
-63.4028
-63.3249
-63.2602
-63.2362
-63.5839
-63.6384
-63.6084
-63.5663
-63.5019
-58.5572
-58.4927
-58.4184
-58.3448
-58.3169
-58.2025
-58.1720
-58.0982
-58.0563
-57.9713
-57.9071
-57.9079
-57.8383
-57.6975
-57.5705
-57.5081
-57.4453
-57.4289
-57.5316
-57.4370
-57.2277
-57.1634
-63.9977
-63.9626
-63.9269
-63.8907
-63.8360
-63.7658
-63.6912
-63.6099
-63.5278
-63.4446
-63.3711
-63.2421
-63.3685
-63.6609
-63.6866
-63.6960
-63.6401
-63.5289
-58.6926
-58.6196
-58.5225
-58.4243
-58.3102
-58.2340
-58.1797
-58.1689
-58.1124
-57.9844
-57.9244
-57.8878
-64.6452
-63.7708
-64.2675
-64.2327
-64.1974
-64.1616
-64.8639
-64.6728
-64.1285
-64.0951
-64.0606
-64.0256
-63.9899
-63.9481
-63.8815
-63.8113
-63.7343
-63.6530
-63.5708
-62.9873
-63.4226
-63.3653
-63.4347
-63.7343
-63.7813
-63.7463
-63.6435
-63.5260
-58.6545
-58.6543
-65.6494
-65.5392
-65.1689
-65.1245
-65.2008
-65.1055
-64.9535
-64.7783
-64.7863
-64.7966
-64.6404
-64.3592
-64.3236
-64.2890
-64.2547
-64.8279
-64.8772
-64.3657
-64.1920
-64.1581
-64.1237
-64.0863
-64.0436
-63.9965
-63.9272
-63.8570
-63.7779
-63.2868
-63.1025
-62.6827
-63.0131
-62.9917
-63.0337
-63.2869
-63.2359
-63.1796
-63.0751
-62.9553
-65.8577
-65.7567
-65.6508
-65.5385
-65.2426
-65.1393
-65.2214
-65.0899
-64.8789
-64.8216
-64.8487
-64.8074
-64.6427
-64.4141
-64.3800
-64.4167
-64.3854
-64.9246
-64.8943
-63.8885
-63.8278
-63.7837
-63.7333
-63.6814
-63.6285
-63.5656
-63.4886
-63.4097
-63.2597
-63.2382
-63.1553
-63.0759
-63.0101
-63.0328
-63.3541
-63.3362
-63.2974
-63.2344
-63.1174
-62.9946
-65.8634
-65.6880
-65.6572
-65.3585
-65.2578
-65.1413
-65.1494
-65.0106
-64.9020
-64.4822
-64.5032
-64.4085
-63.6188
-64.1276
-64.0876
-64.0469
-64.0056
-64.4935
-64.3992
-63.8785
-63.8317
-63.7814
-63.7301
-63.6777
-63.6243
-63.5557
-63.4819
-63.4082
-63.3885
-63.3056
-63.2220
-63.1968
-63.1002
-63.0807
-63.3554
-63.3203
-63.2766
-63.1980
-63.0821
-62.9610
-65.4480
-65.3434
-65.2419
-64.9584
-64.8442
-64.8326
-64.7199
-64.5908
-64.5051
-64.4937
-64.4962
-64.3737
-63.7035
-64.1402
-64.0999
-64.0588
-64.3219
-64.5104
-57.2174
-57.0150
-56.8531
-56.7380
-56.6702
-56.6018
-56.5089
-56.3516
-56.2424
-63.4654
-63.3838
-63.3017
-62.8574
-63.1687
-63.1445
-63.0850
-63.3559
-63.3165
-55.3779
-55.2979
-55.2140
-55.1288
-65.4122
-65.3121
-65.0302
-64.8506
-64.7423
-64.8083
-64.6838
-64.5679
-64.5090
-57.7571
-57.6863
-57.5348
-57.3648
-57.2544
-57.1912
-57.1275
-57.1262
-56.9733
-56.8654
-56.7223
-56.6073
-56.5396
-56.4713
-56.3545
-56.2250
-56.1643
-56.0914
-56.0169
-63.4092
-55.8216
-55.6739
-55.6722
-55.6059
-55.5329
-55.5145
-55.4430
-55.3702
-55.2878
-55.2090
-55.1241
-65.3834
-58.2892
-58.1581
-57.9902
-57.8688
-57.8052
-57.7269
-57.6535
-57.5693
-57.4354
-57.3428
-57.1341
-57.1241
-57.0608
-56.9970
-56.8850
-56.8552
-56.7907
-56.6407
-56.5729
-56.4818
-56.3901
-56.3101
-56.2536
-56.1837
-56.1111
-56.0380
-55.9668
-55.8916
-55.8160
-55.7406
-55.6671
-55.6010
-55.5278
-55.5081
-55.4359
-55.3661
-55.2834
-55.1996
-55.1147
-58.1349
-57.9431
-57.8393
-57.7662
-57.6777
-57.6025
-57.5262
-57.4228
-57.3418
-57.2644
-57.1903
-56.9944
-57.0259
-56.9150
-56.8505
-56.7854
-56.8034
-56.7327
-56.5875
-56.5206
-56.4532
-56.3738
-56.3177
-56.2496
-56.1786
-56.1060
-56.0360
-55.9611
-55.8860
-55.8104
-55.7356
-55.6687
-55.5959
-55.5637
-55.5068
-55.4344
-55.3572
-55.2748
-55.1857
-55.1063
-57.8840
-57.7582
-57.6865
-57.6140
-57.5731
-57.4495
-57.3887
-57.3245
-57.2692
-57.2093
-57.1348
-57.0396
-56.9759
-56.9116
-56.8468
-56.8342
-56.7999
-56.7238
-56.5832
-56.5042
-56.4490
-56.3816
-56.3138
-56.2455
-56.1769
-56.1042
-56.0304
-55.9555
-55.8804
-55.8050
-55.7311
-55.6646
-55.5972
-55.5657
-55.5022
-55.4293
-55.3497
-55.2670
-55.1834
-55.0988
-57.8027
-57.7021
-57.6306
-57.5882
-57.5287
-57.4540
-57.3834
-57.3229
-57.2685
-57.2026
-57.1266
-57.0368
-56.9725
-56.9080
-56.8430
-56.8530
-56.7937
-56.7152
-56.5671
-56.5123
-56.4452
-56.3778
-56.3100
-56.2443
-56.1724
-56.0998
-56.0259
-55.9513
-55.8763
-55.7322
-55.7330
-55.6667
-55.5941
-55.5626
-55.4972
-55.4237
-55.3420
-55.2594
-55.1759
-55.0865
-57.7649
-57.6939
-57.6355
-57.5944
-57.5205
-57.4470
-57.3797
-57.3219
-57.2678
-57.1957
-57.0051
-57.0332
-56.9689
-56.9043
-56.8392
-56.8503
-56.7741
-56.6622
-56.5762
-56.5097
-56.4427
-56.3786
-56.3105
-56.2405
-56.1686
-56.0960
-56.0217
-55.9471
-55.8775
-55.7352
-55.7358
-55.6636
-55.5906
-55.5589
-55.4919
-55.4162
-55.3344
-55.2520
-55.1634
-55.0793
-57.7570
-57.6994
-57.6285
-57.5868
-57.5127
-57.4410
-57.3775
-57.3211
-57.2616
-57.1887
-57.0945
-57.0305
-56.9663
-56.9017
-56.8366
-56.8361
-56.7800
-56.6402
-56.5739
-56.5073
-56.4434
-56.3757
-56.3075
-56.2369
-56.1647
-56.0917
-56.0229
-55.9484
-55.8736
-55.7994
-55.7323
-55.6598
-55.5868
-55.5550
-55.4866
-55.4090
-55.3221
-55.2398
-55.1567
-55.0727
-57.7628
-57.6927
-57.6510
-57.5793
-57.5063
-57.4373
-57.3765
-57.3203
-57.2555
-57.1824
-57.0923
-57.0282
-56.9638
-56.8870
-56.8845
-56.8464
-56.7741
-56.6379
-56.5748
-56.5078
-56.4405
-56.3727
-56.3045
-56.2329
-56.1661
-56.0931
-56.0190
-55.9447
-55.8696
-55.7906
-55.7289
-55.6563
-55.6219
-55.5512
-55.4764
-55.3969
-55.3154
-55.2332
-55.1502
-55.0665
-57.7571
-57.6872
-57.6460
-57.5729
-57.5010
-57.4342
-57.3753
-57.3193
-57.2495
-57.0643
-57.0898
-57.0257
-56.9493
-56.8971
-56.9036
-56.8433
-56.7683
-56.6387
-56.5720
-56.5050
-56.4377
-56.3698
-56.3013
-56.2349
-56.1628
-56.0895
-56.0154
-55.9351
-55.7997
-55.7925
-55.7256
-55.6530
-55.6132
-55.5423
-55.4711
-55.3904
-55.3090
-55.2270
-55.1441
-55.0621
-57.7516
-57.6818
-57.6395
-57.5665
-57.4956
-57.4319
-57.3742
-57.3154
-57.2437
-57.0656
-57.0751
-57.0236
-56.9595
-56.8951
-56.9019
-56.8419
-56.7217
-56.6363
-56.5696
-56.5027
-56.4354
-56.3730
-56.3033
-56.2318
-56.1596
-56.0801
-56.0115
-55.9369
-55.7975
-55.7947
-55.7178
-55.6445
-55.6100
-55.5388
-55.4652
-55.3850
-55.3041
-55.2240
-55.1417
-55.0586
