-72.7501 -73.1135 -73.5029 -73.9167 -73.4619 -75.0934 -76.1486 0.0000 0.0000 -75.9301 -76.0639 -72.6348 -73.5699 -73.8755 -74.7752 -78.6835 0.0000 0.0000 0.0000 -72.4242 -72.7040 -73.0214 -73.3308 -73.6478 -77.0335 0.0000 0.0000 0.0000 -71.7575 -72.6928 -73.3948 -74.6841 -75.8896 -78.3927 0.0000 0.0000 0.0000 -71.4732 -71.8976 -72.2276
-72.9774 -73.3260 -73.6967 -74.0877 -73.6184 -75.1722 -76.1467 -83.1394 -83.5093 -75.8988 -75.9672 -73.4221 -73.6822 -73.9767 -74.9771 -77.9661 0.0000 0.0000 -83.2494 -72.5724 -72.8456 -73.1330 -73.4301 -73.7531 -77.8957 -82.7767 0.0000 0.0000 -72.0092 -72.9291 -73.5711 -74.5045 -75.6418 0.0000 0.0000 0.0000 0.0000 0.0000 -72.0072 -72.1522
-73.1889 -73.5228 -73.8758 -74.2459 -73.7521 -75.3057 -76.1833 0.0000 0.0000 -75.8713 -72.4910 -73.5338 -73.7905 -74.0744 -75.1353 -77.5870 0.0000 0.0000 -78.6215 -72.6985 -72.9633 -73.2402 -73.5259 -73.8370 -77.9469 -81.3998 0.0000 0.0000 -72.5785 -73.1682 -73.7560 -74.5125 -76.2613 -82.6486 0.0000 0.0000 0.0000 0.0000 -71.4698 -71.4481
-73.3855 -73.7054 -74.0418 -74.3928 -73.8781 -75.4557 -76.2462 0.0000 0.0000 -75.8692 -72.7518 -73.6435 -73.8951 -74.1689 -75.2826 -77.3823 0.0000 0.0000 0.0000 -72.8241 -73.0807 -73.3480 -73.6226 -73.9412 -77.7102 0.0000 0.0000 -78.3066 -72.8189 -73.3715 -73.9120 -75.0781 -76.3805 -81.5101 0.0000 0.0000 0.0000 0.0000 -70.9209 -70.8295
-73.5688 -73.8755 -74.1964 -73.7073 -74.1041 -75.6192 -76.3349 0.0000 0.0000 -75.8869 -72.8562 -73.7507 -73.9965 -74.2606 -75.4190 -77.2745 0.0000 0.0000 0.0000 -72.9444 -73.1930 -73.4510 -73.7156 -74.0235 -77.5781 0.0000 0.0000 -73.2841 -73.0966 -73.5556 -74.0534 -75.1762 -76.5234 0.0000 0.0000 0.0000 0.0000 -71.0155 -70.4027 -70.2539
-73.7393 -74.0324 -74.3380 -73.8127 -74.2878 -75.7569 -76.4101 -79.4903 0.0000 0.0000 -73.6273 -73.8550 -74.0948 -74.3509 -76.4242 -77.2125 0.0000 0.0000 0.0000 -73.0605 -73.3015 -73.5508 -73.8054 -74.1220 -77.5427 0.0000 0.0000 -73.4154 -73.2917 -73.7191 -74.1982 -75.2927 -76.2632 -78.5391 0.0000 0.0000 0.0000 -69.7010 -70.3288 -70.8876
-73.8981 -74.1797 -74.4723 -73.9340 -75.3128 -75.8873 -76.4902 -79.5805 0.0000 0.0000 -73.7434 -73.9569 -74.1902 -74.4690 -76.4872 -77.1786 0.0000 0.0000 0.0000 -73.1685 -73.4022 -73.6438 -73.8905 -74.1985 -77.4767 0.0000 0.0000 -73.4875 -73.0401 -73.0089 -72.9780 -69.1981 -69.1916 -69.3605 -69.4195 -69.5221 -69.6530 -69.6281 -70.0429 -70.6304
-74.0489 -74.3197 -74.6004 -74.0507 -75.4927 -76.0094 -76.5854 -79.6103 0.0000 0.0000 -73.8486 -74.0560 -74.2829 -74.5533 0.0000 0.0000 0.0000 0.0000 0.0000 -73.2724 -73.4990 -73.7331 -73.9761 -74.2940 -77.7479 0.0000 0.0000 0.0000 -68.8106 -73.1747 -73.6075 -74.0102 -75.4505 0.0000 0.0000 0.0000 -69.3907 -69.5297 -69.9915 -70.6131
-74.1925 -74.4530 -74.7386 -74.1629 -75.6441 -76.1233 -76.6615 -79.4639 -84.6219 -85.5279 -73.9484 -74.1527 -74.3732 -74.6357 0.0000 0.0000 0.0000 0.0000 0.0000 -73.3730 -73.5929 -73.8201 -74.0530 -74.3669 -77.5437 0.0000 0.0000 0.0000 -73.4532 -73.6620 -74.5414 -75.4686 -77.5981 -80.8099 0.0000 0.0000 0.0000 0.0000 -70.1248 -70.7644
-74.3286 -74.5796 -74.8711 -74.5007 -75.7836 -76.2309 -76.7873 0.0000 0.0000 -80.0585 -74.0457 -74.2465 -74.4619 -74.7194 -77.5362 -83.3078 0.0000 0.0000 -75.9490 -73.4713 -73.6852 -73.9058 -74.1322 -74.4556 -77.0243 -80.9098 0.0000 0.0000 -73.6412 -74.0104 -75.0148 -75.9011 -77.0871 -79.6536 0.0000 0.0000 0.0000 0.0000 -70.3460 -70.9706
-74.4564 -74.6987 -74.9968 -74.6413 -75.9133 -76.3449 -76.8724 0.0000 0.0000 -73.9607 -74.1352 -74.3315 -74.5423 -74.7916 -79.5027 -79.5487 -75.0277 -75.2224 -73.3674 -73.5689 -73.7775 -73.9919 -74.2119 -74.5282 -72.5937 -73.1656 -73.3950 -73.5523 -72.8893 -73.1693 -73.9823 -74.6995 -76.7390 0.0000 0.0000 0.0000 0.0000 -72.0638 -70.6217 -71.2243
-74.5749 -74.8251 -75.0978 -74.7569 -76.0295 -76.4380 -76.9405 0.0000 0.0000 -74.0477 -74.2205 -74.4118 -74.6478 -76.6035 -80.5457 -82.1137 0.0000 0.0000 -73.4662 -73.6664 -73.8697 -74.0783 -74.2919 -74.6194 -76.5821 -79.0731 0.0000 0.0000 -72.0376 -72.1679 -72.6853 -73.1152 -73.9428 -79.5742 0.0000 0.0000 0.0000 -66.8331 -66.7436 -66.6651
-74.6879 -74.9301 -75.2096 -74.8593 -76.1248 -76.5035 -76.9762 -82.3240 -83.7379 -74.1028 -74.2731 -74.4939 -74.7274 -76.7436 -79.9715 -81.2955 0.0000 0.0000 0.0000 -73.0546 -73.3670 -73.8096 -74.3715 -74.6921 -76.2045 0.0000 0.0000 0.0000 -71.1179 -71.0618 -71.2200 -71.1712 -71.0780 -67.0835 -66.9709 -66.8489 -66.7459 -66.5003 -66.4413 -66.3985
-74.7963 -75.0469 -74.4351 -74.9651 -76.2397 -76.6078 -77.0839 0.0000 0.0000 -74.2264 -74.3992 -74.5862 -74.8153 -76.8141 -78.5508 -82.0230 0.0000 0.0000 0.0000 -72.2187 -72.3819 -72.6327 -73.0494 -73.8259 -75.5443 0.0000 0.0000 0.0000 -67.1891 -67.0824 -70.6484 -71.2524 -73.1350 -78.0257 0.0000 0.0000 0.0000 -66.3043 -66.2658 -66.2508
-74.9016 -75.1612 -74.8472 -75.0992 -76.3380 -76.6885 -77.1462 0.0000 0.0000 0.0000 -71.8912 -71.8660 -71.8547 -72.0936 -72.0619 -72.1634 -72.1721 -72.1116 -71.9575 -71.3271 -71.2984 -71.2680 -71.2354 -71.2003 -71.1663 -67.4901 -71.0649 -71.0652 -70.8207 -71.1638 -72.0417 -73.2068 -75.1400 -77.8476 0.0000 0.0000 0.0000 -66.1923 -66.1881 -66.2140
-75.0209 -75.2583 -74.9514 -76.1187 -76.4333 -76.7681 -77.2476 0.0000 0.0000 0.0000 -74.4689 -74.9305 -75.5655 -77.0495 -78.1053 -80.0459 0.0000 0.0000 -70.7005 -70.5873 -70.4733 -67.5462 -70.5570 -71.2255 -73.0904 -78.0371 0.0000 -71.6827 -71.6558 -72.4475 -73.2782 -74.4577 -76.0247 -77.8784 0.0000 0.0000 0.0000 -66.1770 -66.2146 -66.2483
-75.1385 -75.3697 -75.0519 -76.2255 -76.5259 -76.8466 -77.3225 0.0000 0.0000 -74.8149 -74.1394 -74.6002 -75.2389 -76.5882 -77.6725 -79.4972 0.0000 0.0000 0.0000 -70.6918 -70.9142 -71.3171 -71.9947 -73.1130 -74.9380 0.0000 0.0000 0.0000 -72.4260 -73.3257 -74.1884 -75.2532 -76.4527 -77.9439 0.0000 0.0000 0.0000 -66.2196 -66.2965 -66.4044
-75.2384 -75.4793 -74.8810 -76.3284 -76.6289 -76.9361 -77.3837 0.0000 0.0000 -74.3212 -73.9674 -74.4684 -75.0908 -76.3438 -77.4131 -79.0554 0.0000 0.0000 0.0000 -71.3831 -71.8075 -72.3718 -73.1641 -74.2528 -75.7218 0.0000 0.0000 0.0000 -73.0718 -73.8034 -73.9725 -74.2349 -74.6695 -78.0137 0.0000 0.0000 0.0000 -66.3710 -66.4794 -66.6160
-74.8944 -75.1292 -74.5555 -75.7112 -76.1939 -77.0108 -77.4441 0.0000 0.0000 -73.6047 -73.9874 -74.5111 -75.1438 -76.3169 -77.3272 -78.4744 -79.8036 0.0000 0.0000 -72.1001 -72.5638 -72.9702 -72.9480 -72.9552 -72.9377 -73.3849 -73.4221 -73.2572 -72.5799 -72.8159 -72.7755 -72.7304 -72.6832 -72.8032 -72.8108 -66.5777 -66.5933 -66.5708 -66.7312 -66.9025
-74.5236 -74.7362 -74.2226 -75.2954 -75.7717 -76.3884 -77.2638 -80.7614 -81.1435 -73.7611 -74.1709 -74.7107 -75.3379 -76.4284 -77.3517 -78.0341 -80.2564 0.0000 0.0000 -72.7295 -72.7635 -72.8342 -74.5799 -75.4692 -76.4104 0.0000 0.0000 0.0000 0.0000 -75.7317 -75.8728 -76.9735 -78.2488 0.0000 0.0000 0.0000 -66.7351 -66.8298 -66.9902 -71.0872
-75.5541 -75.7630 -75.4173 -76.6132 -76.8796 -77.1543 -77.5763 0.0000 0.0000 -74.0227 -74.4481 -74.9887 -75.6031 -76.6049 -80.7194 0.0000 0.0000 0.0000 0.0000 -73.3208 -73.8094 -74.3818 -75.0396 -75.8270 -76.6766 0.0000 0.0000 0.0000 0.0000 -74.9579 -75.7683 -76.2653 -77.5752 0.0000 0.0000 0.0000 0.0000 -67.0847 -71.1744 -71.6593
-75.6437 -74.9778 -75.5004 -76.7012 -76.9578 -77.2234 -77.6348 0.0000 0.0000 -73.1814 -73.0732 -73.0837 -73.0768 -73.2026 -73.4723 -73.7338 -73.7241 -73.7301 -73.6170 -72.9056 -72.9938 -73.1203 -73.3025 -73.5982 -73.9813 -75.3420 -76.3621 -77.6510 -74.3168 -74.3223 -75.1285 -76.2062 -77.0117 0.0000 0.0000 0.0000 0.0000 -71.2623 -71.6085 -72.0562
-75.7426 -75.0384 -75.5744 -76.7772 -77.0250 -77.2840 -77.7057 0.0000 0.0000 -72.8233 -72.8152 -72.7886 -72.7585 -72.8440 -73.0702 -73.2343 -73.2017 -73.1193 -72.4206 -72.4533 -72.5124 -72.6105 -72.7676 -73.0348 -73.4015 -72.8837 -73.0953 -73.3917 -73.7760 -73.9284 -74.7422 -75.7860 -76.9838 0.0000 0.0000 0.0000 0.0000 -71.6147 -72.0587 -72.6717
-75.8193 -75.1054 -75.7083 -76.8597 -77.0841 -77.3463 -77.7427 0.0000 0.0000 -72.5653 -72.5407 -72.4936 -72.4706 -72.4999 -72.6874 -72.7607 -72.7088 -72.6615 -72.0305 -72.0476 -72.0953 -72.1891 -71.9855 -72.0011 -72.0440 -72.4795 -72.7324 -73.0749 -73.4947 -73.7775 -74.5897 -75.5760 -76.6697 0.0000 0.0000 0.0000 -79.9885 -71.9899 -72.4609 -73.0610
-75.4708 -74.6584 -72.8358 -72.7963 -72.7537 -72.7109 -72.6963 -73.0605 -73.0053 -72.3128 -72.2714 -72.2092 -72.1715 -72.1762 -72.3325 -72.3313 -72.2784 -72.1646 -71.6984 -71.7196 -71.7471 -71.7146 -71.7077 -71.7433 -71.8244 -72.2694 -72.5808 -72.9911 -73.4518 -73.8035 -74.5926 -75.5030 -76.5957 -78.1054 -79.1222 -80.1849 -72.4824 -72.3428 -72.8216 -73.3663
-72.7881 -72.2887 -72.6481 -72.5987 -72.5462 -72.4933 -72.4656 -72.6728 -72.5261 -72.0695 -72.0122 -71.9409 -71.8928 -71.8810 -72.0069 -71.9669 -71.9149 -71.8013 -71.4514 -71.5000 -71.5169 -71.5061 -71.5329 -71.6113 -71.7490 -72.2353 -72.6050 -73.0678 -73.5572 -73.9308 -74.6749 -75.4993 -75.8884 -77.0473 -77.8964 -72.5039 -72.7356 -72.6615 -73.1187 -73.6393
-72.6155 -72.1304 -72.4636 -72.4055 -72.3440 -72.2821 -72.2434 -72.4003 -72.1958 -71.8372 -71.7710 -71.6952 -71.6430 -71.6291 -71.7213 -71.6751 -71.6458 -71.5670 -71.3133 -71.3751 -71.3683 -71.3970 -71.4732 -71.6070 -71.8034 -72.3356 -72.7480 -73.2402 -73.7389 -74.0995 -74.7878 -74.9471 -75.2624 0.0000 0.0000 0.0000 0.0000 -72.9597 -73.3904 -73.8679
-72.4465 -71.9750 -72.2840 -72.2183 -72.1493 -72.0803 -72.0311 -72.1320 -71.7216 -71.6358 -71.5551 -71.4809 -71.4329 -71.5582 -71.4967 -71.4751 -71.4868 -71.4623 -71.2793 -71.2798 -71.3148 -71.3934 -71.5225 -71.7085 -71.9516 -72.5208 -72.9566 -73.4580 -73.9443 -74.2341 -74.3041 -75.6418 -76.5625 0.0000 0.0000 0.0000 0.0000 -73.2158 -73.3499 -73.3893
-72.2822 -71.8240 -72.1108 -72.0391 -71.9645 -71.9024 -71.8330 -71.9090 -71.5164 -71.4478 -71.3736 -71.3099 -71.2775 -71.3898 -71.3643 -71.3844 -75.6171 0.0000 0.0000 -71.2732 -71.3558 -71.4829 -71.6570 -71.8837 -72.1707 0.0000 0.0000 0.0000 0.0000 -73.8611 -75.0880 -75.7249 -78.7357 0.0000 0.0000 0.0000 0.0000 -72.8014 -72.7853 -72.8166
-71.7653 -71.6798 -71.9474 -71.8715 -71.7939 -71.7270 -71.6396 -71.7182 -71.3567 -71.2970 -71.2375 -79.9966 0.0000 0.0000 0.0000 -78.7754 0.0000 0.0000 0.0000 -71.3484 -71.4732 -71.6380 -71.8452 -72.0981 -77.7111 0.0000 0.0000 0.0000 0.0000 -74.6671 -75.2271 -75.8126 -78.0684 0.0000 0.0000 0.0000 0.0000 -72.3655 -72.3563 -72.3576
-75.4837 -77.0218 0.0000 0.0000 0.0000 -71.5723 -75.9144 0.0000 0.0000 0.0000 0.0000 0.0000 0.0000 0.0000 0.0000 -78.2678 0.0000 0.0000 0.0000 -71.4873 -71.6433 -71.8312 -72.0537 -73.4193 -76.6069 -78.3330 -79.1491 -80.1405 -81.4125 -74.8403 -75.3609 -75.9016 -77.5950 0.0000 0.0000 0.0000 0.0000 -73.8493 -74.1958 -74.5622
-76.1854 -76.8336 0.0000 0.0000 0.0000 -75.9319 -78.0377 0.0000 0.0000 0.0000 0.0000 0.0000 0.0000 0.0000 -78.4905 -77.0932 -78.1490 -78.5411 -71.9975 -71.6686 -71.8463 -72.0538 -73.2472 -75.8498 -76.0877 0.0000 0.0000 0.0000 -80.0976 -74.9246 -75.3931 -75.8753 -77.1442 -80.2416 -80.6449 -81.2480 -82.0386 -73.9765 -74.2973 -74.7005
-75.6646 -77.5348 -80.1805 -81.2870 -78.2037 -77.0484 -77.9586 -81.2335 0.0000 0.0000 -80.2540 -78.1321 -77.8287 -77.4946 -77.0394 -75.8895 -71.9566 -72.0562 -72.1107 -71.8701 -72.0611 -73.1160 -73.4750 -76.0599 -76.8995 0.0000 0.0000 0.0000 -75.1691 -75.1626 -75.6114 -76.0730 -77.1550 -79.2084 -79.6937 -80.2467 -79.8540 -74.1215 -74.4236 -74.7392
-75.3312 -77.1525 -79.0701 -81.5980 0.0000 -76.6188 -77.5723 -78.0809 -78.0712 -77.8476 -77.5749 -77.2037 -76.8762 -76.4047 -75.8551 -71.7463 -72.1159 -72.2100 -72.2684 -72.0813 -73.0225 -73.3425 -75.3459 -76.0521 -76.8235 -81.3497 0.0000 0.0000 -75.2966 -75.3120 -75.7346 -76.1681 0.0000 0.0000 0.0000 0.0000 0.0000 -74.2521 -74.5361 -74.8155
-75.1227 -76.8836 -78.4488 -78.1739 -77.1833 -76.4922 -76.6520 -77.4561 -77.3957 -77.1378 -76.8402 -76.3991 -76.0163 -75.5075 -72.0182 -71.9115 -72.2908 -72.3829 -72.1108 -72.9579 -73.2449 -73.5557 -75.4279 -76.0908 -76.8170 -80.0988 -82.1868 -83.2264 -75.4198 -75.4441 -75.8483 -76.2660 -83.5206 -85.1811 0.0000 0.0000 0.0000 -74.1158 -74.1595 -74.2524
-75.0664 -76.7645 -77.4474 -76.0269 -76.7812 -76.4181 -76.3383 -76.9323 -76.8080 -76.4956 -76.1665 -75.6994 -72.0434 -72.1146 -72.1682 -72.2934 -72.4709 -72.5664 -72.9154 -73.1755 -73.4552 -75.0046 -75.5381 -76.1743 -76.8266 -81.2954 0.0000 0.0000 -75.5425 -75.5680 -75.9509 -76.3440 -81.9824 -83.2214 0.0000 0.0000 0.0000 -73.5620 -73.5923 -73.6800
-75.1035 -76.7983 -75.3610 -76.0272 -76.7860 -76.1456 -76.0363 -76.4684 -76.2865 0.0000 0.0000 -72.0804 -72.1849 -72.2729 -72.3349 -72.4803 -72.6192 -73.3524 -73.1270 -73.3818 -74.6975 -75.1569 -75.6601 -76.2539 -76.8560 0.0000 0.0000 0.0000 -75.6658 -75.6836 -76.0476 -76.4400 -81.4124 -81.8616 0.0000 0.0000 0.0000 -73.2165 -73.2640 -73.4979
-73.8238 -74.8767 -75.4726 -76.1360 -76.6935 -75.8964 -75.7508 -78.3503 -79.6328 0.0000 0.0000 -72.2233 -72.3410 -72.4417 -72.5105 -72.6756 -73.3657 -73.5487 -73.3286 -73.5773 -74.8734 -75.3127 -75.7853 -76.3393 -76.9139 0.0000 0.0000 0.0000 -75.7825 -75.7910 -76.1323 -76.5252 -80.2869 -83.5810 0.0000 0.0000 0.0000 -73.6351 -73.1698 -73.3425
-73.9649 -75.0654 -80.0662 0.0000 -76.0457 -75.6600 -76.3304 -77.7716 -78.7466 -79.4840 -72.4448 -72.3778 -72.5055 -72.6169 -72.6915 -73.3765 -73.5879 -73.7364 -73.5204 -74.6619 -75.0474 -75.4647 -75.9466 -76.4268 -76.9628 -83.2397 -84.9083 0.0000 -75.8806 -75.8721 -76.1844 -76.5620 -79.6420 -79.4453 -79.6266 -79.5794 -73.4145 -72.9521 -73.0859 -73.1128
-74.1499 -79.8466 0.0000 0.0000 0.0000 -75.4728 -76.0460 0.0000 0.0000 0.0000 -72.5359 0.0000 0.0000 0.0000 0.0000 -73.5840 -79.2380 0.0000 0.0000 -74.8456 -75.2154 -75.6109 -76.0830 -76.5139 -77.0164 0.0000 0.0000 0.0000 0.0000 0.0000 0.0000 -76.5241 -78.9017 -78.9905 -73.2819 -73.2652 -73.3814 -73.0011 -75.3792 0.0000
