0.0000 0.0000 0.0000 -50.6840 -45.7961 -45.8232 -45.8475 -45.8677 -47.4147 -47.5091 -47.5811 -47.6531 -47.7263 -47.8001 -47.8734 -47.9464 -47.9979 -48.0609 -48.1203 -48.1675 -48.2116 -48.2526 -48.2909 -48.3272 -48.3646 -45.7682 -45.7330 -45.6945 -45.6527 -45.6074 -45.5595 -45.5166 -45.4860 -45.4534 -45.4192 -48.7748 -48.8396 -48.9156 -48.9987 -49.0733
-45.6085 -45.6482 -45.6845 -45.7181 -45.7487 -45.7758 -45.8162 -45.8359 -45.8535 -45.8687 -45.8823 -47.5970 -47.6686 -47.7404 -47.8120 -47.8829 -47.9529 -48.0228 -48.0922 -48.1333 -48.1911 -48.2370 -48.2772 -48.3141 -48.3476 -48.3783 -48.4086 -45.6462 -45.6052 -45.5607 -45.5129 -45.4797 -45.4489 -45.4154 -45.3804 -45.3407 -45.2997 -48.7916 -48.8411 -48.9243
-45.5587 -45.5992 -45.6361 -45.6694 -45.7168 -45.7438 -45.7679 -45.7886 -45.8087 -45.8257 -45.8398 -45.8506 -45.8581 -45.8622 -47.7506 -47.8181 -47.8857 -47.9534 -48.0213 -48.0898 -48.1585 -48.2271 -48.2600 -48.3067 -48.3430 -48.3761 -48.4051 -48.4301 -48.4532 -45.5127 -45.4699 -45.4414 -45.4100 -45.3756 -45.3401 -45.2910 -45.2497 -45.2066 -45.1612 -48.7825
-45.5111 -45.5503 -45.6037 -45.6367 -45.6667 -45.6952 -45.7215 -45.7444 -45.7650 -45.7826 -45.7963 -45.8067 -45.8138 -45.8177 -45.8184 -45.8158 -47.8232 -47.8875 -47.9529 -48.0189 -48.0854 -48.1529 -48.2220 -48.2916 -48.3619 -48.3877 -48.4116 -48.4389 -48.4601 -48.4759 -48.4929 -48.5137 -45.3587 -45.3252 -45.2906 -45.2507 -45.2100 -45.1669 -45.1214 -45.0737
-45.4788 -45.5181 -45.5540 -45.5887 -45.6206 -45.6499 -45.6767 -45.6996 -45.7199 -45.7370 -45.7510 -45.7617 -45.7690 -45.7731 -45.7743 -45.7724 -45.7673 -45.7589 -45.7475 -47.9539 -48.0174 -48.0821 -48.1482 -48.2151 -48.2827 -48.3505 -48.4183 -48.7897 -48.8603 -48.4697 -48.4916 -48.5090 -48.5220 -48.5340 -45.2501 -45.2110 -45.1709 -45.1279 -45.0819 -45.0571
-45.4288 -45.4702 -45.5081 -45.5432 -45.5759 -45.6052 -45.6313 -45.6536 -45.6735 -45.6906 -45.7047 -45.7161 -45.7243 -45.7293 -45.7311 -45.7297 -45.7253 -45.7178 -45.7070 -45.6929 -45.6754 -45.6543 -48.0757 -48.1354 -48.1971 -48.2604 -48.3041 -48.3713 -48.7739 -48.9017 -49.0240 -49.0887 -48.5617 -48.5743 -48.5835 -48.5800 -46.7090 -46.6168 -46.5232 -46.4163
-45.3823 -45.4239 -45.4620 -45.4975 -45.5299 -45.5593 -45.5855 -45.6077 -45.6280 -45.6452 -45.6595 -45.6707 -45.6791 -45.6852 -45.6884 -45.6884 -45.6850 -45.6781 -45.6675 -45.6525 -45.6335 -45.6110 -45.5849 -45.5438 -48.0956 -48.1508 -48.2109 -48.2753 -48.3418 -48.4171 -48.8875 -49.0732 -49.2803 -49.4646 0.0000 -54.6388 -54.0633 -53.5591 -53.1500 -46.3125
-45.3347 -45.3768 -45.4155 -45.4511 -45.4836 -45.5132 -45.5398 -45.5625 -45.5831 -45.6007 -45.6159 -45.6283 -45.6375 -45.6435 -45.6463 -45.6461 -45.6421 -45.6343 -45.6231 -45.6084 -45.5773 -45.5554 -45.5299 -45.5017 -45.4700 -45.4348 -45.3957 -48.1852 -48.2441 -48.3149 -48.3898 -48.4689 -49.0970 -49.4257 -55.5155 -54.6234 -53.8612 -48.7258 -48.7161 -48.6925
-45.2868 -45.3294 -45.3682 -45.4043 -45.4375 -45.4676 -45.4946 -45.5181 -45.5402 -45.5592 -45.5748 -45.5874 -45.5967 -45.6021 -45.6035 -45.6016 -45.5965 -45.5745 -45.5633 -45.5491 -45.5324 -45.5122 -45.4886 -45.4612 -45.4298 -45.3945 -45.3554 -45.3131 -45.2805 -45.2543 -48.2822 -48.3522 -48.4296 -48.5135 -48.6043 -48.7014 -48.7707 -48.8206 -48.8297 -48.8287
-45.2377 -45.2810 -45.3207 -45.3575 -45.3914 -45.4232 -45.4511 -45.4767 -45.4990 -45.5182 -45.5335 -45.5448 -45.5528 -45.5575 -45.5443 -45.5427 -45.5381 -45.5310 -45.5204 -45.5064 -45.4891 -45.4687 -45.4450 -45.4178 -45.3870 -45.3526 -45.3141 -45.2719 -45.2476 -45.2216 -45.1928 -45.1613 -45.1274 -48.3777 -48.4589 -48.5507 -48.6528 -48.7664 -48.8760 -48.9575
-45.1884 -45.2322 -45.2736 -45.3123 -45.3478 -45.3802 -45.4087 -45.4343 -45.4557 -45.4738 -45.4885 -45.4846 -45.4930 -45.4985 -45.5013 -45.5008 -45.4969 -45.4895 -45.4791 -45.4650 -45.4474 -45.4262 -45.4016 -45.3736 -45.3425 -45.3081 -45.2699 -45.2356 -45.2136 -45.1884 -45.1599 -45.1286 -45.0945 -45.0578 -45.0185 -48.3910 -48.4778 -48.5835 -48.7064 -48.8486
-45.1421 -45.1874 -45.2290 -45.2678 -45.3032 -45.3347 -45.3622 -45.3872 -45.3927 -45.4115 -45.4277 -45.4411 -45.4508 -45.4572 -45.4604 -45.4602 -45.4566 -45.4494 -45.4388 -45.4246 -45.4065 -45.3854 -45.3606 -45.3323 -45.3003 -45.2644 -45.2254 -45.1978 -45.1759 -45.1513 -45.1242 -45.0944 -45.0617 -45.0257 -44.9870 -44.9457 -44.9016 -44.8547 -48.4845 -48.6124
-45.0978 -45.1431 -45.1839 -45.2217 -45.2563 -45.2705 -45.2981 -45.3243 -45.3479 -45.3683 -45.3854 -45.3992 -45.4097 -45.4168 -45.4205 -45.4205 -45.4168 -45.4097 -45.3990 -45.3846 -45.3667 -45.3449 -45.3195 -45.2904 -45.2581 -45.2221 -45.1826 -45.1615 -45.1388 -45.1142 -45.0875 -45.0583 -45.0265 -44.9922 -44.9548 -44.9142 -44.8699 -44.8229 -44.7734 -44.7211
-45.0524 -45.0974 -45.1207 -45.1588 -45.1947 -45.2277 -45.2568 -45.2833 -45.3066 -45.3266 -45.3433 -45.3571 -45.3676 -45.3748 -45.3786 -45.3789 -45.3758 -45.3689 -45.3583 -45.3437 -45.3254 -45.3037 -45.2783 -45.2493 -45.2168 -45.1810 -45.1475 -45.1280 -45.1059 -45.0809 -45.0532 -45.0228 -44.9901 -44.9552 -44.9181 -44.8786 -44.8361 -44.7905 -44.7415 -44.6891
-44.9872 -45.0338 -45.0767 -45.1166 -45.1532 -45.1865 -45.2157 -45.2424 -45.2658 -45.2860 -45.3029 -45.3164 -45.3264 -45.3331 -45.3359 -45.3358 -45.3322 -45.3252 -45.3146 -45.3006 -45.2831 -45.2627 -45.2386 -45.2103 -45.1783 -45.1424 -45.1155 -45.0958 -45.0731 -45.0475 -45.0196 -44.9894 -44.9564 -44.9207 -44.8823 -44.8416 -44.7988 -44.7536 -44.7055 -44.6546
-44.9436 -44.9907 -45.0340 -45.0741 -45.1110 -45.1446 -45.1742 -45.2014 -45.2250 -45.2455 -45.2623 -45.2755 -45.2854 -45.2916 -45.2944 -45.2937 -45.2895 -45.2825 -45.2723 -45.2593 -45.2425 -45.2220 -45.1980 -45.1702 -45.1386 -45.1031 -45.0625 -45.0436 -45.0218 -44.9972 -44.9697 -44.9395 -44.9065 -44.8708 -44.8331 -44.7923 -44.7486 -44.7022 -44.6534 -44.6026
-44.8994 -44.9468 -44.9906 -45.0311 -45.0685 -45.1024 -45.1322 -45.1594 -45.1832 -45.1724 -45.1903 -45.2047 -45.2154 -45.2234 -45.2284 -45.2298 -45.2275 -45.2216 -45.2121 -45.1988 -45.1818 -45.1608 -45.1367 -45.1095 -45.0785 -45.0464 -45.0305 -45.0123 -44.9913 -44.9672 -44.9397 -44.9091 -44.8758 -44.8397 -44.8010 -44.7593 -44.7149 -44.6684 -44.6192 -44.5671
-44.8212 -44.8698 -44.9147 -44.9564 -44.9949 -45.0299 -45.0609 -45.0894 -45.1145 -45.1367 -45.1560 -45.1717 -45.1838 -45.1921 -45.1969 -45.1980 -45.1953 -45.1889 -45.1789 -45.1653 -45.1480 -45.1271 -45.1024 -45.0739 -45.0415 -45.0137 -44.9969 -44.9784 -44.9567 -44.9323 -44.9053 -44.8755 -44.8432 -44.8074 -44.7687 -44.7270 -44.6827 -44.6357 -44.5859 -44.5410
-44.7835 -44.8321 -44.8769 -44.9184 -44.9567 -44.9920 -45.0246 -45.0546 -45.0811 -45.1040 -45.1235 -45.1394 -45.1516 -45.1603 -45.1653 -45.1664 -45.1638 -45.1574 -45.1474 -45.1336 -45.1159 -45.0946 -45.0689 -45.0393 -45.0061 -44.9832 -44.9655 -44.9456 -44.9224 -44.8966 -44.8688 -44.8390 -44.8068 -44.7719 -44.7433 -44.7026 -44.6593 -44.6119 -44.5618 -44.5088
-44.7453 -44.7940 -44.8407 -44.8840 -44.9239 -44.9603 -44.9925 -45.0218 -45.0478 -45.0706 -45.0900 -45.1060 -45.1181 -45.1268 -45.1319 -45.1334 -45.1312 -45.1248 -45.1143 -45.0999 -45.0816 -45.0598 -45.0341 -45.0046 -44.9710 -44.9536 -44.9358 -44.9162 -44.8933 -44.8779 -44.8493 -44.8178 -44.7836 -44.7466 -44.7078 -44.6667 -44.6229 -44.5764 -44.5273 -44.4755
-44.7121 -44.7627 -44.8092 -44.8523 -44.8920 -44.9282 -44.9603 -44.9897 -45.0158 -45.0383 -45.0575 -45.0730 -45.0846 -45.0921 -45.0963 -45.0970 -45.0942 -45.0876 -45.0775 -45.0633 -45.0453 -45.0239 -44.9990 -44.9699 -44.9509 -44.9361 -44.9186 -44.8988 -44.8756 -44.8496 -44.8208 -44.7891 -44.7550 -44.7182 -44.6784 -44.6358 -44.5986 -44.5500 -44.5002 -44.4477
-44.6666 -44.7167 -44.7629 -44.8054 -44.8603 -44.8965 -44.9285 -44.9577 -44.9831 -45.0046 -45.0228 -45.0375 -45.0484 -45.0560 -45.0600 -45.0604 -45.0572 -45.0507 -45.0406 -45.0400 -45.0224 -45.0009 -44.9755 -44.9462 -44.9205 -44.9062 -44.8892 -44.8700 -44.8470 -44.8212 -44.7926 -44.7708 -44.7363 -44.6990 -44.6588 -44.6156 -44.5698 -44.5211 -44.4695 -44.4149
-44.6361 -44.6864 -44.7325 -44.7750 -44.8131 -44.8478 -44.8783 -44.9062 -44.9306 -44.9517 -44.9693 -44.9832 -44.9937 -45.0010 -45.0190 -45.0186 -45.0146 -45.0070 -44.9954 -44.9800 -44.9608 -44.9380 -44.9401 -44.9105 -44.8893 -44.8862 -44.8689 -44.8495 -44.8267 -44.8011 -44.7727 -44.7416 -44.7072 -44.6698 -44.6296 -44.5864 -44.5402 -44.4912 -44.4392 -44.3852
-44.6029 -44.6520 -44.6972 -44.7391 -44.7775 -44.8125 -44.8434 -44.8721 -44.8979 -44.9361 -44.9546 -44.9692 -44.9798 -44.9870 -44.9904 -44.9901 -44.9860 -44.9783 -44.9666 -44.9510 -44.9441 -44.9210 -44.8941 -44.8631 -44.8453 -44.8297 -44.8110 -44.7901 -44.7658 -44.7391 -44.7095 -44.6771 -44.6419 -44.6040 -44.5630 -44.5191 -44.4722 -44.4219 -44.3689 -44.3543
-44.5655 -44.6150 -44.6609 -44.7042 -44.7441 -44.7975 -44.8293 -44.8583 -44.8838 -44.9057 -44.9243 -44.9390 -44.9500 -44.9575 -44.9614 -44.9756 -44.9715 -44.9635 -44.9517 -44.9359 -44.9163 -44.8929 -44.8655 -44.8341 -44.8200 -44.8041 -44.7860 -44.7653 -44.7411 -44.7139 -44.6839 -44.6510 -44.6151 -44.5767 -44.5357 -44.4919 -44.4455 -44.3962 -44.3441 -44.2901
-44.5511 -44.6018 -44.6482 -44.6912 -44.7307 -44.7666 -44.7982 -44.8274 -44.8531 -44.8912 -44.9098 -44.9245 -44.9353 -44.9426 -44.9461 -44.9459 -44.9419 -44.9341 -44.9224 -44.9067 -44.8873 -44.8639 -44.8366 -44.8084 -44.7954 -44.7797 -44.7613 -44.7403 -44.7160 -44.6888 -44.6585 -44.6258 -44.5904 -44.5520 -44.5108 -44.4666 -44.4195 -44.3695 -44.3171 -44.2630
-44.5197 -44.5703 -44.6171 -44.6605 -44.7177 -44.7538 -44.7855 -44.8145 -44.8400 -44.8618 -44.8802 -44.8949 -44.9054 -44.9126 -44.9161 -44.9158 -44.9118 -44.9040 -44.8922 -44.8765 -44.8569 -44.8335 -44.8063 -44.7823 -44.7699 -44.7548 -44.7370 -44.7162 -44.6922 -44.6652 -44.6354 -44.6027 -44.5670 -44.5282 -44.4864 -44.4417 -44.3946 -44.3448 -44.2919 -44.2371
-44.5054 -44.5566 -44.6036 -44.6471 -44.6871 -44.7237 -44.7558 -44.7851 -44.8108 -44.8329 -44.8515 -44.8662 -44.8769 -44.8840 -44.8874 -44.8868 -44.8828 -44.8749 -44.8631 -44.8472 -44.8278 -44.8045 -44.7773 -44.7567 -44.7444 -44.7291 -44.7111 -44.6905 -44.6666 -44.6399 -44.6103 -44.5779 -44.5426 -44.5043 -44.4628 -44.4182 -44.3707 -44.3203 -44.2669 -44.2116
-44.4521 -44.5043 -44.5523 -44.5967 -44.6376 -44.6740 -44.7077 -44.7378 -44.7643 -44.7873 -44.8071 -44.8230 -44.8351 -44.8568 -44.8607 -44.8606 -44.8567 -44.8488 -44.8370 -44.8210 -44.8012 -44.7775 -44.7498 -44.7318 -44.7187 -44.7028 -44.6845 -44.6636 -44.6396 -44.6129 -44.5833 -44.5508 -44.5156 -44.4774 -44.4363 -44.3925 -44.3456 -44.2954 -44.2420 -44.1866
-44.4167 -44.4691 -44.5173 -44.5624 -44.6040 -44.6412 -44.6757 -44.7065 -44.7337 -44.7571 -44.7771 -44.7931 -44.8054 -44.8134 -44.8179 -44.8185 -44.8151 -44.8078 -44.7965 -44.7811 -44.7618 -44.7383 -44.7108 -44.6962 -44.6837 -44.6682 -44.6501 -44.6292 -44.6049 -44.5778 -44.5478 -44.5236 -44.4878 -44.4495 -44.4085 -44.3647 -44.3180 -44.2685 -44.2160 -44.1610
-44.3848 -44.4372 -44.4862 -44.5316 -44.5732 -44.6105 -44.6449 -44.6758 -44.7029 -44.7262 -44.7460 -44.7619 -44.7741 -44.7823 -44.7868 -44.7875 -44.7842 -44.7770 -44.7659 -44.7503 -44.7310 -44.7076 -44.6802 -44.6690 -44.6570 -44.6420 -44.6244 -44.6040 -44.5800 -44.5533 -44.5236 -44.4910 -44.4556 -44.4172 -44.3757 -44.3314 -44.2842 -44.2341 -44.1820 -44.1259
-44.3530 -44.4052 -44.4541 -44.4993 -44.5410 -44.5781 -44.6126 -44.6435 -44.6708 -44.6944 -44.7145 -44.7306 -44.7429 -44.7511 -44.7559 -44.7569 -44.7539 -44.7467 -44.7354 -44.7201 -44.7010 -44.6779 -44.6517 -44.6424 -44.6305 -44.6159 -44.5986 -44.5778 -44.5541 -44.5275 -44.4980 -44.4656 -44.4303 -44.3920 -44.3505 -44.3063 -44.2590 -44.2088 -44.1566 -44.1003
-44.3206 -44.3730 -44.4220 -44.4675 -44.5092 -44.5465 -44.5815 -44.6129 -44.6406 -44.6649 -44.6851 -44.7015 -44.7142 -44.7228 -44.7275 -44.7282 -44.7250 -44.7179 -44.7066 -44.6914 -44.6722 -44.6490 -44.6251 -44.6156 -44.6036 -44.5887 -44.5713 -44.5504 -44.5265 -44.4997 -44.4702 -44.4378 -44.4025 -44.3642 -44.3228 -44.2786 -44.2315 -44.1813 -44.1292 -44.0730
-44.2906 -44.3441 -44.3939 -44.4401 -44.4826 -44.5206 -44.5557 -44.5873 -44.6150 -44.6392 -44.6595 -44.6758 -44.6889 -44.6961 -44.7004 -44.7007 -44.6972 -44.6896 -44.6779 -44.6623 -44.6428 -44.6192 -44.5971 -44.5876 -44.5756 -44.5607 -44.5434 -44.5225 -44.4986 -44.4718 -44.4421 -44.4095 -44.3740 -44.3356 -44.2940 -44.2497 -44.2025 -44.1523 -44.1002 -44.0440
-44.2617 -44.3156 -44.3656 -44.4118 -44.4543 -44.4923 -44.5275 -44.5591 -44.5870 -44.6114 -44.6316 -44.6479 -44.6610 -44.6684 -44.6729 -44.6734 -44.6700 -44.6626 -44.6510 -44.6354 -44.6159 -44.5923 -44.5721 -44.5625 -44.5502 -44.5352 -44.5034 -44.4817 -44.4570 -44.4294 -44.3989 -44.3654 -44.3290 -44.2899 -44.2477 -44.2027 -44.1548 -44.1039 -44.0509 -43.9939
-44.2296 -44.2833 -44.3333 -44.3798 -44.4226 -44.4608 -44.4962 -44.5279 -44.5558 -44.5718 -44.5918 -44.6081 -44.6213 -44.6288 -44.6334 -44.6339 -44.6305 -44.6230 -44.6113 -44.5956 -44.5759 -44.5522 -44.5335 -44.5239 -44.5112 -44.4956 -44.4775 -44.4557 -44.4309 -44.4031 -44.3724 -44.3388 -44.3021 -44.2625 -44.2197 -44.1740 -44.1254 -44.0737 -44.0200 -43.9623
-44.1926 -44.2463 -44.2965 -44.3429 -44.3857 -44.4239 -44.4590 -44.4905 -44.5182 -44.5423 -44.5623 -44.5783 -44.5915 -44.5989 -44.6034 -44.6039 -44.6003 -44.5927 -44.5809 -44.5650 -44.5452 -44.5213 -44.5041 -44.4945 -44.4818 -44.4665 -44.4486 -44.4270 -44.4024 -44.3748 -44.3442 -44.3106 -44.2741 -44.2524 -44.2518 -45.5845 -45.4857 -45.3847 -45.2832 -45.1784
-44.1636 -44.2176 -44.2680 -44.3147 -44.3573 -44.3954 -44.4306 -44.4622 -44.4900 -44.5142 -44.5344 -44.5507 -44.5640 -44.5723 -44.5756 -44.5759 -44.5722 -44.6445 -44.7072 -46.9677 -46.8628 -46.7553 -46.6660 -46.5900 -46.5123 -46.4332 -46.3532 -46.2701 -46.1858 -46.0996 -46.0117 -45.9220 -45.8306 -45.7371 -45.6421 -45.5453 -45.4466 -45.3460 -45.2450 -45.1406
-44.1900 -44.3880 -48.2726 -48.2224 -48.1673 -48.1004 -48.0333 -47.9639 -47.8920 -47.8181 -47.7412 -47.6615 -47.5811 -47.4961 -47.4063 -47.3162 -47.2230 -47.1270 -47.0278 -46.9266 -46.8227 -46.7162 -46.6297 -46.5544 -46.4777 -46.3988 -46.3193 -46.2366 -46.1522 -46.0659 -45.9780 -45.8883 -45.7968 -45.7032 -45.6081 -45.5111 -45.4122 -45.3116 -45.2103 -45.1056
-48.3116 -48.2622 -48.2103 -48.1556 -48.0981 -48.0357 -47.9727 -47.9070 -47.8383 -47.7673 -47.6929 -47.6156 -47.5372 -47.4541 -47.3659 -47.2770 -47.1853 -47.0908 -46.9929 -46.8927 -46.7897 -46.6839 -46.5997 -46.5249 -46.4487 -46.3702 -46.2911 -46.2087 -46.1244 -46.0383 -44.3651 -44.2823 -44.1892 -44.1486 -44.1054 -44.0590 -44.0096 -43.9583 -43.9027 -43.8440
