-59.0032
-59.0719
-59.1446
-59.2257
-59.2646
-59.3534
-59.4448
-59.5384
-59.6322
-59.7291
-59.8343
-59.9336
-60.0337
-60.1797
-60.2812
-60.3628
-60.4703
-59.7659
-59.6949
-59.6252
-59.5573
-59.5053
-59.4404
-59.3775
-59.3173
-59.2592
-59.2038
-59.1493
-59.0994
-59.0540
-59.0122
-58.9756
-58.9333
-58.9082
-58.8903
-58.8805
-58.8801
-51.4642
-51.5265
-51.5870
-58.9113
-58.9785
-59.0546
-59.1369
-59.1771
-59.2671
-59.3598
-59.4548
-59.5500
-59.6490
-59.7546
-59.8553
-59.9798
-60.1039
-60.1872
-60.2957
-60.4213
-59.6608
-59.5890
-59.5186
-59.4507
-59.3970
-59.3314
-59.2684
-59.2074
-59.1489
-59.0933
-59.0379
-58.9888
-58.9436
-58.8916
-58.8561
-58.8260
-58.8027
-58.7870
-58.7803
-51.3544
-51.3916
-51.4563
-51.5162
-58.8187
-58.8859
-58.9639
-59.0475
-59.0888
-59.1802
-59.2744
-59.3707
-59.4674
-59.5714
-59.6745
-59.7766
-59.9241
-60.0279
-60.1119
-60.2220
-60.3750
-59.5546
-59.4820
-59.4107
-59.3556
-59.2873
-59.2211
-59.1577
-59.0963
-59.0372
-58.9802
-58.9147
-58.8661
-58.8215
-58.7816
-58.7469
-58.7183
-58.6971
-58.6870
-58.6934
-51.2564
-51.3197
-51.3830
-51.4423
-58.7261
-58.7933
-58.8724
-58.9573
-59.0000
-59.0928
-59.1883
-59.2861
-59.3855
-59.4916
-59.5941
-59.6977
-59.8464
-59.9516
-60.0373
-60.1481
-60.3025
-59.4478
-59.3738
-59.3018
-59.2455
-59.1766
-59.1095
-59.0456
-58.9838
-58.9127
-58.8545
-58.8023
-58.7538
-58.7098
-58.6709
-58.6407
-58.6137
-58.6045
-58.5937
-58.5931
-51.1816
-51.2459
-51.3082
-58.4851
-58.6294
-58.6999
-58.7803
-58.8664
-58.9106
-59.0047
-59.1017
-59.2010
-59.3047
-59.4092
-59.5132
-59.6391
-59.7682
-59.8553
-59.9676
-60.0985
-60.2300
-59.3393
-59.2646
-59.1928
-59.1340
-59.0643
-58.9849
-58.9202
-58.8583
-58.7985
-58.7409
-58.6924
-58.6445
-58.6008
-58.5733
-58.5408
-58.5153
-58.4980
-58.4902
-51.0421
-51.1066
-51.1717
-51.2328
-58.4011
-58.5320
-58.6059
-58.6875
-58.7517
-58.8204
-58.9160
-59.0145
-59.1151
-59.2234
-59.3264
-59.4319
-59.5591
-59.6898
-59.7781
-59.8917
-60.0477
-60.1573
-59.2295
-59.1538
-59.0941
-59.0085
-58.9385
-58.8713
-58.8062
-58.7477
-58.6862
-58.6301
-58.5781
-58.5412
-58.4980
-58.4606
-58.4295
-58.4059
-58.3912
-58.3867
-50.9654
-51.0313
-51.0957
-51.1569
-58.3236
-58.4360
-58.5111
-58.5939
-58.6595
-58.7298
-58.8268
-58.9268
-59.0304
-59.1387
-59.2432
-59.3503
-59.5019
-59.6110
-59.7022
-59.8157
-59.9728
-59.1972
-59.1049
-59.0291
-58.9680
-58.8950
-58.8283
-58.7603
-58.6948
-58.6321
-58.5815
-58.5254
-58.4734
-58.4259
-58.3834
-58.3470
-58.3175
-58.2963
-58.2843
-58.2834
-50.8891
-50.9564
-51.0198
-58.1905
-58.2422
-58.3391
-58.4155
-58.4998
-58.5434
-58.6384
-58.7371
-58.8386
-58.9475
-59.0533
-59.1595
-59.2883
-59.4212
-59.5124
-59.6282
-59.7625
-59.8813
-59.0723
-58.9975
-58.9222
-58.8581
-58.7844
-58.7134
-58.6449
-58.5901
-58.5253
-58.4644
-58.4083
-58.3565
-58.3094
-58.2680
-58.2328
-58.2052
-58.1862
-58.1834
-50.7459
-50.8133
-50.8798
-50.9424
-58.1056
-58.1619
-58.2416
-58.3192
-58.4047
-58.4499
-58.5463
-58.6466
-58.7503
-58.8600
-58.9675
-59.0755
-59.2053
-59.3399
-59.4175
-59.5341
-59.6754
-59.8123
-58.9647
-58.8848
-58.8201
-58.7430
-58.6808
-58.6088
-58.5390
-58.4722
-58.4060
-58.3460
-58.2900
-58.2385
-58.1921
-58.1516
-58.1178
-58.0986
-58.0826
-58.0777
-50.6680
-50.7357
-50.8012
-57.9709
-58.0217
-58.0827
-58.1432
-58.2220
-58.3090
-58.3556
-58.4537
-58.5557
-58.6643
-58.7721
-58.8811
-59.0101
-59.1072
-59.2482
-59.3477
-59.4618
-59.6219
-59.7384
-58.8517
-58.7844
-58.7174
-58.6391
-58.5640
-58.4906
-58.4202
-58.3521
-58.2865
-58.2263
-58.1705
-58.1194
-58.0807
-58.0416
-58.0097
-57.9864
-57.9733
-50.6231
-50.5894
-50.6574
-50.7221
-57.8833
-57.9390
-58.0046
-58.0440
-58.1241
-58.2126
-58.2606
-58.3605
-58.4637
-58.5743
-58.6737
-58.7847
-58.9150
-59.0287
-59.1479
-59.2678
-59.4053
-59.5459
-59.6805
-58.7507
-58.6819
-58.6003
-58.5211
-58.4451
-58.3711
-58.3001
-58.2300
-58.1656
-58.1155
-58.0594
-58.0085
-57.9634
-57.9249
-57.8945
-57.8737
-57.8638
-50.4409
-50.5101
-50.5778
-50.6424
-57.7967
-57.8574
-57.9183
-57.9439
-58.0254
-58.1153
-58.1647
-58.2705
-58.3641
-58.4742
-58.5849
-58.6977
-58.8294
-58.9686
-59.0666
-59.2029
-59.3434
-59.4862
-59.6059
-58.6349
-58.5644
-58.4819
-58.4018
-58.3247
-58.2501
-58.1821
-58.1112
-58.0538
-57.9933
-57.9375
-57.8871
-57.8429
-57.8060
-57.7777
-57.7597
-57.7537
-50.3604
-50.4299
-50.4967
-57.6563
-57.7112
-57.7771
-57.8424
-57.8429
-57.9298
-58.0083
-58.0597
-58.1626
-58.2729
-58.3830
-58.4960
-58.6287
-58.7444
-58.8815
-59.0039
-59.1439
-59.2649
-59.4095
-59.5313
-58.5191
-58.4456
-58.3619
-58.2854
-58.2068
-58.1311
-58.0641
-57.9947
-57.9298
-57.8693
-57.8139
-57.7642
-57.7211
-57.6859
-57.6601
-57.6455
-50.2602
-50.2790
-50.3488
-50.4150
-57.5664
-57.6269
-57.6883
-57.7675
-57.7326
-57.8167
-57.9097
-57.9627
-58.0682
-58.1797
-58.2916
-58.4201
-58.5549
-58.6726
-58.7972
-58.9213
-59.0633
-59.2094
-59.3329
-59.4566
-58.4126
-58.3294
-58.2444
-58.1626
-58.0907
-58.0143
-57.9388
-57.8695
-57.8045
-57.7441
-57.6890
-57.6401
-57.5983
-57.5652
-57.5422
-57.5311
-50.1258
-50.1969
-50.2661
-57.4238
-57.4779
-57.5438
-57.6102
-57.6938
-60.8216
-57.7157
-57.8106
-57.8654
-57.9754
-58.0989
-58.2133
-58.3480
-58.4665
-58.5862
-58.7136
-58.8390
-58.9831
-59.1312
-59.2619
-59.3878
-58.2959
-58.2072
-58.1212
-58.0462
-57.9656
-57.8874
-57.8125
-57.7429
-57.6777
-57.6175
-57.5629
-57.5149
-57.4747
-57.4438
-57.4240
-57.4346
-50.0425
-50.1139
-50.1825
-57.3311
-57.3909
-57.4530
-57.5335
-57.6210
-60.7137
-60.4944
-57.7232
-57.7800
-57.8913
-58.0043
-58.1207
-58.2567
-58.3778
-58.4819
-58.6318
-58.7814
-58.9075
-59.0575
-59.1845
-59.3294
-58.1734
-58.0916
-58.0049
-57.9203
-57.8390
-57.7587
-57.6846
-57.6147
-57.5495
-57.4896
-57.4356
-57.3888
-57.3503
-57.3220
-57.3059
-49.8868
-49.9584
-50.0301
-50.0982
-57.2397
-57.3054
-57.3729
-57.4580
-57.5493
-60.6299
-60.4088
-57.5990
-57.6835
-57.7941
-57.9092
-58.0276
-58.1654
-58.2938
-58.4237
-58.5513
-58.6976
-58.8490
-58.9780
-59.1071
-58.1515
-58.0576
-57.9664
-57.8784
-57.7930
-57.7102
-57.6298
-57.5553
-57.4851
-57.4198
-57.3603
-57.3070
-57.2615
-57.2251
-57.1998
-57.2003
-49.8003
-49.8734
-49.9444
-57.0908
-57.1499
-57.2124
-57.2943
-57.3837
-57.4787
-60.5194
-60.2978
-57.4975
-57.5833
-57.6962
-57.8134
-57.9558
-58.0785
-58.2037
-58.3376
-58.4847
-58.6141
-58.7678
-58.9087
-59.0416
-58.0274
-57.9321
-57.8396
-57.7505
-57.6640
-57.5787
-57.4994
-57.4244
-57.3539
-57.2888
-57.2295
-57.1773
-57.1333
-57.0993
-57.0904
-57.0823
-49.7141
-49.7876
-49.8581
-56.9965
-57.0619
-57.1301
-57.2170
-57.3106
-57.4091
-60.4077
-60.1856
-57.3729
-57.4875
-57.6024
-57.7216
-57.8605
-57.9858
-58.0959
-58.2506
-58.3983
-58.5396
-58.6960
-58.8295
-58.9800
-57.9016
-57.8050
-57.7117
-57.6209
-57.5335
-57.4471
-57.3673
-57.2919
-57.2213
-57.1562
-57.0975
-57.0464
-57.0042
-56.9729
-56.9675
-49.5527
-49.6270
-49.7005
-56.8459
-56.9037
-56.9664
-57.0495
-57.1411
-57.2385
-57.3403
-60.3047
-60.0811
-57.2741
-57.3856
-57.5026
-57.6249
-57.7649
-57.8926
-58.0053
-58.1618
-58.3210
-58.4556
-58.6144
-58.7500
-58.9025
-57.7744
-57.6764
-57.5817
-57.4897
-57.3995
-57.3140
-57.2336
-57.1576
-57.0870
-57.0221
-56.9641
-56.9142
-56.8743
-56.8591
-56.8453
-49.4638
-49.5391
-49.6121
-56.7482
-56.8127
-56.8819
-56.9705
-57.0664
-57.1688
-57.2739
-60.1893
-59.9666
-57.1693
-57.2829
-57.4023
-57.5420
-57.6689
-57.7828
-57.9816
-58.1002
-58.2350
-58.3953
-58.5329
-58.6724
-58.8251
-57.6454
-57.5460
-57.4500
-57.3566
-57.2648
-57.1792
-57.0981
-57.0218
-56.9510
-56.8865
-56.8294
-56.7811
-56.7435
-56.7319
-56.7236
-49.3745
-49.4502
-49.5230
-56.6521
-56.7158
-56.8005
-56.8941
-56.9942
-57.0989
-57.2072
-60.0726
-59.8497
-57.0638
-57.1796
-57.3014
-57.4427
-57.5809
-57.6969
-57.8569
-58.0109
-58.1484
-58.3113
-58.4513
-58.6077
-58.7480
-57.5150
-57.4144
-57.3163
-57.2213
-57.1290
-57.0427
-56.9609
-56.8842
-56.8135
-56.7494
-56.6934
-56.6469
-56.6253
-56.6051
-49.2073
-49.2845
-49.3600
-56.4958
-56.5591
-56.6290
-56.7194
-56.8177
-56.9218
-57.0301
-57.1414
-59.9546
-59.7299
-56.9574
-57.0755
-57.2227
-57.3514
-57.4841
-57.6029
-57.7823
-57.9216
-58.0618
-58.2272
-58.3700
-58.5283
-58.3494
-57.3827
-57.2805
-57.1811
-57.0831
-56.9915
-56.9042
-56.8218
-56.7449
-56.6742
-56.6108
-56.5573
-56.5131
-56.4949
-56.4801
-49.1157
-49.1933
-49.2687
-56.3962
-56.4584
-56.5441
-56.6399
-56.7427
-56.8506
-56.9623
-57.0765
-59.8354
-59.6093
-56.8575
-56.9785
-57.1202
-57.2516
-57.3708
-57.5662
-57.6901
-57.8326
-57.9755
-58.1432
-58.3040
-58.4490
-58.2227
-57.2486
-57.1448
-57.0440
-56.9447
-56.8520
-56.7641
-56.6825
-56.6052
-56.5347
-56.4719
-56.4187
-56.3903
-56.3634
-49.0464
-49.0231
-49.1010
-49.1766
-56.2984
-56.3689
-56.4609
-56.5618
-56.6690
-56.7808
-56.8956
-57.0125
-59.7145
-59.5012
-56.7497
-56.8732
-57.0168
-57.1510
-57.2730
-57.4154
-57.5977
-57.7432
-57.9121
-58.0592
-58.2223
-58.3699
-58.1425
-57.1133
-57.0072
-56.9044
-56.8060
-56.7122
-56.6232
-56.5397
-56.4623
-56.3921
-56.3303
-56.2925
-56.2541
-56.2322
-48.8499
-48.9295
-49.0074
-56.1336
-56.1948
-56.2816
-56.3794
-56.4852
-56.5966
-56.7119
-56.8298
-56.9591
-59.6049
-59.3779
-56.6411
-56.7811
-56.9132
-57.0500
-57.1764
-57.3358
-57.5052
-57.6536
-57.8256
-57.9766
-58.1431
-57.9518
-58.0642
-56.9771
-56.8694
-56.7632
-56.6638
-56.5688
-56.4790
-56.3950
-56.3176
-56.2478
-56.1874
-56.1518
-56.1178
-56.1014
-48.7548
-48.8348
-48.9129
-56.0316
-56.1023
-56.1961
-56.2997
-56.4101
-56.5255
-56.6442
-56.7747
-56.8969
-59.4805
-59.2531
-56.5318
-56.6741
-56.8086
-56.9337
-57.1121
-57.2636
-57.4151
-57.5666
-57.7411
-57.9088
-58.0619
-57.8464
-57.9846
-56.8374
-56.7272
-56.6203
-56.5194
-56.4234
-56.3328
-56.2484
-56.1709
-56.0095
-56.0564
-56.0113
-55.9817
-48.6287
-48.6586
-48.7389
-55.8681
-55.9245
-56.0125
-56.1126
-56.2214
-56.3364
-56.4556
-56.5775
-56.7109
-56.8357
-59.3546
-56.3463
-56.4348
-56.5660
-56.7053
-56.8336
-57.0154
-57.1697
-57.3225
-57.4772
-57.6545
-57.8251
-57.9812
-57.7638
-56.8108
-56.6956
-56.5821
-56.4753
-56.3731
-56.2760
-56.1845
-56.0997
-56.0225
-55.8993
-55.9118
-55.8703
-55.8445
-48.4792
-48.5613
-48.6419
-55.7493
-55.8292
-55.9247
-56.0308
-56.1449
-56.2641
-56.3870
-56.5216
-56.6481
-56.7755
-59.2296
-56.2105
-56.3251
-56.4589
-56.5999
-56.7666
-56.8970
-57.0738
-57.2300
-57.4113
-57.5705
-57.7416
-57.5625
-57.6814
-56.6691
-56.5519
-56.4367
-56.3282
-56.2245
-56.1264
-56.0342
-55.9490
-55.8720
-55.8033
-55.7671
-55.7276
-55.7070
-48.3803
-48.4629
-48.5441
-55.6477
-55.7364
-55.8389
-55.9511
-56.0699
-56.1932
-56.3291
-56.4572
-56.5864
-56.7163
-59.1015
-56.0723
-56.2129
-56.3497
-56.4802
-56.6640
-56.7975
-56.9784
-57.1380
-57.3220
-57.4978
-57.6586
-57.4544
-57.5998
-56.5253
-56.4039
-56.2890
-56.1788
-56.0738
-55.9745
-55.8817
-55.7962
-55.5956
-55.6718
-55.6194
-55.5837
-48.1969
-48.2802
-48.3633
-55.4695
-55.5490
-55.6461
-55.7552
-55.8730
-55.9964
-56.1236
-56.2628
-56.3940
-56.5259
-56.6582
-58.9709
-55.9689
-56.0994
-56.2399
-56.3744
-56.5757
-56.7217
-56.8826
-57.0457
-57.2338
-57.4118
-57.5763
-57.3697
-57.5177
-56.3794
-56.2558
-56.1390
-56.0272
-55.9207
-55.8202
-55.7267
-55.6414
-55.5245
-55.5198
-55.4700
-55.4400
-48.0941
-48.1789
-48.2627
-55.3638
-55.4533
-55.5581
-55.6737
-55.7966
-55.9245
-56.0650
-56.1978
-56.3318
-56.4664
-56.6010
-58.8386
-55.8520
-55.9858
-56.1168
-56.3020
-56.4376
-56.6221
-56.7867
-56.9535
-57.1581
-57.3264
-57.1584
-57.2852
-57.4358
-56.2297
-56.1056
-55.9868
-55.8731
-55.7652
-55.6637
-55.5697
-55.3071
-55.4123
-55.3654
-55.3199
-55.2967
-47.9911
-48.0765
-55.1827
-55.2616
-55.3601
-55.4723
-55.5941
-55.7221
-55.8541
-55.9980
-56.1341
-56.2710
-56.4081
-56.5448
-58.8445
-55.7342
-55.8713
-56.0062
-56.1951
-56.3342
-56.5231
-56.6916
-56.8848
-57.0695
-57.2415
-57.0480
-57.2016
-57.3542
-56.0789
-55.9531
-55.8321
-55.7166
-55.6074
-55.5048
-55.4103
-55.2053
-55.2697
-55.2099
-55.1697
-47.7999
-47.8868
-47.9731
-55.0729
-55.1626
-55.2696
-55.3890
-55.5163
-55.6490
-55.7946
-55.9325
-56.0718
-56.2114
-56.3509
-56.4895
-58.5895
-55.6153
-55.7564
-55.8965
-56.1013
-56.2307
-56.4238
-56.5963
-56.7950
-56.9814
-57.1580
-56.9611
-57.1175
-57.2727
-55.9263
-55.7980
-55.6750
-55.5577
-55.4469
-55.3433
-55.2632
-55.1177
-55.1095
-55.0534
-55.0196
-47.6935
-47.7812
-47.8687
-54.9667
-55.0664
-55.1819
-55.3078
-55.4406
-55.5873
-55.7271
-55.8686
-56.0107
-56.1529
-56.2946
-56.4354
-58.4500
-55.4962
-55.6290
-55.8176
-55.9588
-56.1272
-56.3245
-56.5009
-56.7150
-56.8941
-56.7392
-56.8745
-57.0338
-57.1891
-55.7713
-55.6405
-55.5153
-55.3961
-55.2838
-55.1793
-54.9037
-55.0013
-54.9477
-54.8964
-54.8703
-47.5860
-47.6747
-54.7744
-54.8639
-54.9732
-55.0965
-55.2286
-55.3667
-55.5176
-55.6612
-55.8059
-55.9510
-56.0957
-56.2395
-56.3823
-58.3087
-55.3762
-55.5130
-55.7185
-55.8505
-56.0479
-56.2260
-56.4059
-56.6241
-56.8079
-56.6265
-56.7889
-56.9506
-57.1088
-55.6137
-55.4427
-55.3529
-55.2318
-55.1180
-55.0274
-54.7896
-54.8521
-54.7847
-54.7392
-47.3869
-47.4772
-47.5672
-54.6637
-54.7645
-54.8831
-55.0136
-55.1517
-55.3040
-55.4497
-55.5969
-55.7449
-55.8927
-56.0395
-56.1855
-56.3305
-58.1649
-55.2557
-55.4303
-55.6064
-55.7426
-55.9448
-56.1273
-56.3476
-56.5339
-56.7225
-56.5375
-56.7031
-56.8655
-57.0290
-55.4536
-55.3176
-55.1877
-55.0647
-54.9493
-54.8575
-54.6702
-54.6841
-54.6207
-54.5822
-47.2760
-47.3670
-54.4682
-54.5568
-54.6685
-54.7958
-54.9331
-55.0863
-55.2338
-55.3836
-55.5343
-55.6853
-55.8355
-55.9847
-56.1328
-56.2798
-58.0199
-55.1236
-55.3135
-55.4942
-55.6349
-55.8424
-56.0288
-56.2536
-56.4450
-56.2798
-56.4488
-56.6177
-56.7828
-55.4355
-55.2907
-55.1519
-55.0197
-54.8946
-54.7925
-54.4509
-54.5749
-54.5142
-54.4560
-47.1730
-47.1638
-47.2562
-54.3525
-54.4539
-54.5759
-54.7113
-54.8552
-55.0134
-55.1654
-55.3191
-55.4732
-55.6268
-55.7795
-55.9312
-56.0815
-56.2305
-57.8729
-55.0020
-55.2082
-55.3455
-55.5279
-55.7399
-55.9320
-56.1605
-56.3574
-56.1881
-56.3613
-56.5322
-56.7012
-55.2730
-55.0049
-54.9833
-54.8485
-54.7216
-54.6175
-54.3522
-54.4193
-54.3429
-54.2910
-46.9563
-47.0499
-47.1444
-54.2410
-54.3547
-54.4863
-54.6293
-54.7887
-54.9429
-55.0993
-55.2566
-55.4138
-55.5701
-55.7253
-55.8791
-56.0316
-56.1825
-54.7787
-54.9132
-55.0909
-55.2330
-55.4207
-55.6375
-55.8449
-56.0684
-56.2706
-56.0969
-56.2737
-56.4461
-56.6435
-55.1078
-54.9128
-54.8115
-54.6742
-54.5597
-54.4402
-54.2297
-54.2425
-54.1703
-54.1263
-46.8403
-46.9350
-54.0325
-54.1341
-54.2594
-54.4001
-54.5597
-54.7154
-54.8745
-55.0350
-55.1959
-55.3559
-55.5148
-55.6724
-55.8286
-55.9830
-56.1358
