-47.2304
-48.4403
-49.1991
-44.3065
-45.0884
-45.5661
-44.5421
-36.9791
-37.1619
-37.3878
-44.7551
-47.4215
-48.1143
-48.9486
-47.9325
-47.1130
-46.6227
-39.6264
-39.8368
-40.0462
-40.2535
-40.4540
-40.6629
-40.8587
-41.0503
-41.2474
-41.4425
-41.6683
-41.8433
-42.0112
-42.1789
-42.3445
-42.5072
-42.7458
-42.9274
-43.1093
-43.2907
-43.4660
-47.9492
-52.1458
-48.8372
-44.2239
-45.1265
-45.1951
-43.9973
-36.6262
-36.8459
-37.0709
-44.7903
-45.9741
-46.9855
-51.6314
-52.7119
-48.4002
-47.2313
-46.3899
-39.1720
-39.3895
-39.6061
-39.8223
-40.0310
-40.2452
-40.4494
-40.6493
-40.8521
-41.0548
-41.2561
-41.4788
-41.6546
-41.8278
-42.0004
-42.1682
-42.4068
-42.5960
-42.7836
-42.9657
-43.1472
-43.3306
-53.8822
-53.6108
-48.4617
-44.2535
-45.2639
-44.8120
-43.3980
-36.2847
-36.5243
-43.9587
-45.0898
-46.4672
-54.5462
-54.8240
-54.9458
-47.7406
-46.3859
-38.6961
-38.9250
-39.1460
-39.3719
-39.5917
-39.8092
-40.0244
-40.2356
-40.4486
-40.6557
-40.8642
-41.1007
-41.2846
-41.4639
-41.6442
-41.8173
-41.9931
-42.2532
-42.4447
-42.6295
-42.8206
-43.0102
-43.1944
-55.1002
-54.3359
-43.1923
-44.4171
-45.5376
-44.4144
-35.7353
-35.9425
-36.1883
-44.2665
-45.7090
-47.0576
-46.8783
-38.1964
-38.4381
-38.6671
-38.9021
-39.1355
-39.3655
-39.5857
-39.8066
-40.0283
-40.2436
-40.4564
-40.6660
-40.9004
-41.0878
-41.2749
-41.4560
-41.6390
-41.8977
-42.0930
-42.2829
-42.4830
-42.6782
-42.8691
-43.0611
-43.3485
-44.7795
-45.9967
-44.0004
-35.3424
-35.5900
-43.0812
-45.2438
-46.4320
-48.7241
-45.6059
-37.9308
-38.1758
-38.4175
-38.6607
-38.9018
-39.1297
-39.3585
-39.5898
-39.8152
-40.0310
-40.2498
-40.5008
-40.6973
-40.8909
-41.0817
-41.2721
-41.4535
-41.7285
-41.9293
-42.1352
-42.3368
-42.5391
-42.7378
-42.9308
-33.9351
-43.8145
-48.2048
-46.1291
-43.5691
-34.9577
-35.2217
-44.6887
-46.3676
-47.3845
-47.7718
-48.3531
-37.4003
-37.6601
-37.9142
-38.1626
-38.4156
-38.6555
-38.8898
-39.1317
-39.3677
-39.5922
-39.8169
-40.0411
-40.2912
-40.4918
-40.6936
-40.8914
-41.0809
-41.3564
-41.5694
-41.7791
-41.9902
-42.2002
-42.4042
-42.6059
-42.8056
-42.3431
-49.2762
-46.7237
-34.3068
-34.5688
-34.8428
-46.6857
-48.0543
-48.6236
-47.3755
-45.7139
-36.8459
-37.1166
-37.3832
-37.6447
-37.9044
-38.1579
-38.4039
-38.6524
-38.8997
-39.1337
-39.3661
-39.6005
-39.8727
-40.0847
-40.2974
-40.5014
-40.6984
-40.9753
-41.1964
-41.4108
-41.6321
-41.8483
-42.0606
-42.2712
-42.4729
-42.6665
-32.8614
-44.1687
-48.6365
-33.8913
-34.1698
-49.4309
-49.3160
-46.9629
-44.7966
-36.2589
-36.5462
-36.8214
-37.1004
-37.3688
-37.6355
-37.8969
-38.1572
-38.4165
-38.6637
-38.9075
-39.1473
-39.3958
-39.6632
-39.8846
-40.0960
-40.3011
-40.5056
-40.8081
-41.0324
-41.2598
-41.4843
-41.7070
-41.9216
-42.1266
-42.3321
-42.5427
-32.3602
-33.4543
-33.7524
-49.9589
-46.5341
-35.6408
-35.9454
-36.2387
-36.5343
-36.8201
-37.0983
-37.3718
-37.6469
-37.9131
-38.1720
-38.4263
-38.6752
-38.9338
-39.2237
-39.4531
-39.6739
-39.8892
-40.1047
-40.4061
-40.6400
-40.8742
-41.1101
-41.3382
-41.5563
-41.7729
-41.9889
-42.2024
-42.4144
-31.8360
-32.0102
-32.7134
-33.0095
-33.3310
-46.0872
-35.3194
-35.6332
-35.9416
-36.2416
-36.5385
-36.8179
-37.1093
-37.3891
-37.6548
-37.9218
-38.1864
-38.4518
-38.7189
-39.0028
-39.2337
-39.4617
-39.6865
-39.9882
-40.2318
-40.4758
-40.7201
-40.9534
-41.1834
-41.4128
-41.6338
-41.8558
-42.0815
-42.3019
-31.3038
-31.4806
-31.6967
-32.2403
-32.5637
-32.9054
-33.2564
-34.6560
-34.9882
-35.3143
-35.6318
-35.9452
-36.2394
-36.5414
-36.8381
-37.1123
-37.3922
-37.6741
-37.9511
-38.2294
-38.5368
-38.7800
-39.0227
-39.2572
-39.4852
-39.8177
-40.0698
-40.3182
-40.5630
-40.8057
-41.0405
-41.2715
-41.5060
-41.7390
-41.9633
-42.1809
-30.7387
-30.9252
-31.1621
-31.4282
-31.7446
-32.0935
-32.4608
-32.8464
-33.2275
-33.5837
-33.9546
-34.3118
-34.6533
-34.9966
-35.3251
-35.6399
-35.9558
-36.2665
-36.5591
-36.8483
-37.1479
-37.4402
-37.7244
-38.0093
-38.3137
-38.5671
-38.7491
-38.9926
-39.3304
-39.5877
-39.8480
-40.1073
-40.3590
-40.6078
-40.8536
-41.0960
-41.3372
-41.5691
-41.7949
-42.0212
-30.1262
-30.3171
-30.5650
-30.8613
-31.2043
-31.5812
-31.9720
-32.3745
-32.7728
-33.1640
-33.5417
-33.9142
-34.2737
-34.6288
-34.9573
-35.2967
-35.6168
-35.9333
-36.2403
-36.5560
-36.8643
-37.1610
-37.4585
-37.7925
-38.0572
-38.3169
-38.5785
-38.9049
-39.1752
-39.4446
-39.7132
-39.9785
-40.2394
-40.4937
-40.7420
-40.9869
-41.2278
-41.4682
-41.7010
-41.9262
-29.5373
-29.7471
-30.0337
-30.3605
-30.7476
-31.1543
-31.5865
-32.0203
-32.4364
-32.8463
-33.2425
-33.6294
-34.0004
-34.3489
-34.7023
-35.0402
-35.3652
-35.6912
-36.0155
-36.3377
-36.6482
-36.9556
-37.2672
-37.5935
-37.8717
-38.1357
-38.3880
-38.7468
-39.0230
-39.3070
-39.5848
-39.8554
-40.1171
-40.3683
-40.6270
-40.8826
-41.1262
-41.3640
-41.5998
-41.8284
-28.8975
-29.1308
-29.4454
-29.8168
-30.2410
-30.6907
-31.1587
-31.6077
-32.0582
-32.4823
-32.8947
-33.3388
-33.7036
-34.0777
-34.4292
-34.7695
-35.1103
-35.4525
-35.7798
-36.1076
-36.4299
-36.7549
-37.1112
-37.4005
-37.6702
-37.9417
-38.2972
-38.5903
-38.8844
-39.1733
-39.4522
-39.7216
-39.9902
-40.2575
-40.5158
-40.7711
-41.0198
-41.2630
-41.5034
-41.7406
-28.2345
-28.5043
-28.8439
-29.2685
-29.7349
-30.2334
-30.7287
-31.2180
-31.6807
-32.1265
-32.5513
-32.9433
-33.3416
-33.7062
-34.0705
-34.4254
-34.7896
-35.1330
-35.4824
-35.8264
-36.1655
-36.5098
-36.8491
-37.1433
-37.4268
-37.7906
-38.0989
-38.4031
-38.7039
-38.9968
-39.2851
-39.5595
-39.8672
-40.1404
-40.4050
-40.6652
-40.9198
-41.1651
-41.4052
-41.6452
-27.5491
-27.8542
-28.2493
-28.7235
-29.2452
-29.7927
-30.3215
-30.8336
-31.3237
-31.7837
-32.2054
-32.6273
-33.0117
-33.3862
-33.7713
-34.1349
-34.5035
-34.8637
-35.2303
-35.5889
-35.9303
-36.3090
-36.6170
-36.9203
-37.2135
-37.6060
-37.9183
-38.2361
-38.5431
-38.8386
-39.1321
-39.4210
-39.7060
-39.9848
-40.2545
-40.5159
-40.7727
-41.0264
-41.2767
-41.5203
-26.8668
-27.2133
-27.6721
-28.2034
-28.7963
-29.3736
-29.9490
-30.4904
-30.9912
-31.4443
-31.8845
-32.2895
-32.6852
-33.0793
-33.4590
-33.8369
-34.2255
-34.6063
-34.9761
-35.3351
-35.7018
-36.0790
-36.3981
-36.7070
-37.1001
-37.4277
-37.7542
-38.0765
-38.3903
-38.6951
-38.9948
-39.2917
-39.5796
-39.8610
-40.1342
-40.3992
-40.6607
-40.9185
-41.1703
-41.4161
-26.1897
-26.6004
-27.1342
-27.7507
-28.3979
-29.0400
-29.6329
-30.1866
-30.6734
-31.1347
-31.5544
-31.9562
-32.3681
-32.7616
-33.1610
-33.5620
-33.9532
-34.3377
-34.7194
-35.0992
-35.5130
-35.8484
-36.1724
-36.5667
-36.9106
-37.2538
-37.5970
-37.9276
-38.2452
-38.5556
-38.8668
-39.1677
-39.4585
-39.7415
-40.0170
-40.2888
-40.5577
-40.8716
-49.8331
-50.0894
-25.5893
-26.0632
-26.6774
-27.3782
-28.0820
-28.7601
-29.3814
-29.9153
-30.3965
-30.8266
-31.2411
-31.6449
-32.0525
-32.4622
-32.8659
-33.2702
-33.6701
-34.0796
-34.4788
-34.9260
-35.2784
-35.6144
-35.9487
-36.3834
-36.7447
-37.0991
-37.4416
-37.7753
-38.0987
-38.4210
-38.7349
-39.0395
-39.3361
-39.6254
-48.5452
-48.8288
-63.8237
-25.1093
-25.6940
-26.3812
-27.1368
-27.9052
-28.6036
-29.1932
-29.6988
-30.1238
-30.5326
-30.9283
-31.3324
-31.7424
-32.1544
-32.5670
-32.9939
-33.4184
-33.8318
-34.2410
-34.6774
-35.0415
-35.3939
-35.8349
-36.2079
-36.5808
-36.9416
-37.2892
-37.6269
-37.9645
-38.2933
-47.1721
-47.4901
-62.3171
-56.7912
-24.8945
-25.5734
-26.3300
-27.1137
-27.8820
-28.5581
-29.0896
-29.5041
-29.8725
-30.2359
-30.6202
-31.0142
-31.4191
-31.8473
-32.2863
-32.7174
-33.1506
-33.5806
-34.0638
-34.4486
-34.8181
-35.1759
-35.6511
-36.0366
-36.4165
-36.7863
-45.6331
-45.9955
-52.3141
-49.5774
-49.3349
-59.3235
-25.0433
-25.7856
-26.5471
-27.3048
-28.0257
-28.6114
-29.0130
-29.3103
-29.6082
-29.9294
-30.2846
-30.6817
-31.1092
-31.5365
-31.9907
-32.4486
-32.9011
-33.3531
-33.8231
-34.2150
-34.5923
-35.0750
-35.4834
-54.0352
-51.3374
-60.6436
-53.3171
-60.5893
-58.7276
-55.4495
-55.5716
-55.6852
-25.6535
-26.2512
-26.8915
-27.5391
-28.1686
-28.6439
-28.8918
-29.0650
-29.2825
-29.5722
-29.9304
-30.3360
-30.7831
-31.2364
-31.7086
-32.1887
-32.6472
-33.1644
-33.5874
-34.0015
-34.4894
-34.9132
-35.3369
-53.9352
-54.9361
-53.7176
-54.6687
-54.6573
-54.7274
-54.7833
-55.3071
-55.4349
-27.7722
-27.5193
-27.4181
-27.5815
-28.0289
-28.4377
-28.5927
-28.6864
-28.8678
-29.1618
-29.5354
-29.9695
-30.4365
-30.9307
-31.4313
-31.9401
-32.4320
-32.9428
-33.3785
-41.8507
-49.1508
-55.2731
-53.5106
-58.8260
-53.6800
-53.2488
-54.1154
-54.3034
-54.4023
-54.5128
-54.6127
-54.9432
-55.1941
-33.4389
-30.5802
-28.5517
-27.5816
-27.6127
-27.9011
-28.0267
-28.1232
-28.3461
-28.6916
-29.1259
-29.6138
-30.1171
-30.6512
-31.1835
-46.2770
-44.4519
-43.9444
-43.8935
-51.7919
-54.6582
-52.8547
-53.0221
-53.1767
-53.3576
-53.1086
-53.1675
-53.9975
-54.1952
-54.2774
-54.4090
-54.5341
-54.8844
-39.4546
-35.2749
-29.9572
-27.5244
-27.0290
-27.1581
-27.2610
-27.4437
-27.7817
-28.2108
-28.7133
-29.2587
-37.7217
-38.4271
-55.1352
-53.1809
-51.5938
-51.7943
-51.9998
-51.8518
-51.9262
-52.6645
-52.8422
-53.0365
-53.1544
-53.0149
-53.1136
-53.8018
-54.0328
-54.1886
-54.3378
-54.4904
-33.7896
-39.6285
-30.2030
-27.0303
-26.3204
-26.3523
-26.4730
-26.7726
-27.2166
-46.5601
-52.4057
-55.5777
-50.5687
-50.6973
-50.4591
-51.1293
-51.3532
-51.5803
-51.5536
-51.6808
-52.1556
-52.4802
-52.7228
-52.8842
-52.8219
-52.9541
-53.0840
-53.7151
-53.9675
-57.5923
-34.1958
-36.9599
-29.2209
-26.1583
-25.5347
-25.5754
-25.7700
-26.1898
-26.7415
-27.3727
-49.4305
-49.1722
-49.1953
-49.7273
-49.9320
-50.1229
-50.1260
-50.2449
-50.9209
-51.1695
-51.2348
-51.4055
-51.5726
-52.0725
-52.3663
-52.6028
-52.7806
-52.7714
-52.9281
-53.0808
-62.1156
-37.6104
-34.7755
-27.7448
-25.2599
-24.8186
-24.9258
-44.8040
-39.7513
-49.3367
-48.1341
-48.2761
-48.4610
-48.5903
-48.7392
-48.8942
-49.4230
-49.6516
-49.7541
-49.9342
-50.4166
-50.7651
-51.0436
-51.1191
-51.3151
-51.6984
-52.0151
-62.7315
-63.8818
-44.9992
-31.3530
-26.3446
-24.5746
-24.2992
-42.6595
-47.1590
-47.1248
-47.1000
-47.1874
-47.5492
-47.7880
-48.0178
-48.2406
-48.4648
-48.8694
-49.2000
-49.4660
-49.5978
-49.8172
-50.3295
-50.6374
-50.7984
-51.0239
-51.2882
-61.4760
-64.7669
-63.1121
-33.2625
-27.8703
-25.2066
-35.2504
-24.0240
-24.3545
-44.3757
-42.8767
-46.3035
-46.1909
-46.2328
-46.3800
-46.5320
-46.8586
-47.1496
-47.4584
-47.7164
-47.9958
-48.2732
-48.7077
-49.0415
-49.2341
-49.4893
-61.0765
-62.6337
-68.4396
-58.7471
-58.4784
-28.7464
-25.9391
-34.9783
-47.3552
-46.2542
-44.3519
-43.4858
-45.2869
-45.4018
-45.6148
-45.8570
-46.1410
-46.5135
-46.8629
-47.2162
-47.5386
-47.8570
-48.1682
-48.6209
-56.7519
-61.5423
-60.4065
-63.1089
-63.1189
-61.0206
-57.9154
-58.0775
-58.2050
-58.2722
-58.1461
-26.8713
-25.4698
-49.7700
-36.5656
-45.2899
-46.2044
-45.3717
-44.7214
-44.4681
-44.5595
-44.7177
-44.9718
-45.2846
-45.6327
-45.9835
-46.3791
-46.7602
-47.1379
-58.0161
-60.4630
-61.0161
-57.1135
-57.2418
-57.3461
-57.1665
-57.5492
-57.6288
-57.8590
-57.8376
-26.5866
-25.8067
-49.1970
-38.4344
-37.9423
-37.9942
-44.9051
-44.3411
-44.0866
-44.0644
-44.2663
-44.5228
-44.8435
-45.2020
-57.4151
-54.5537
-59.0270
-57.7493
-56.4712
-55.9027
-55.9244
-56.4736
-56.6653
-56.8433
-56.8159
-57.1412
-57.2493
-57.3647
-57.4889
-26.9354
-26.2746
-34.2665
-50.5114
-48.9216
-45.6854
-39.3625
-39.1615
-39.2505
-43.1684
-44.0140
-43.9456
-44.0389
-52.4644
-49.9462
-55.9192
-62.8378
-55.9160
-55.1822
-55.8082
-55.7605
-55.7985
-55.7631
-55.4691
-55.9056
-56.1436
-56.3781
-56.4319
-56.5624
-56.8857
-57.0266
-57.1724
-27.4168
-26.3800
-34.0197
-43.6773
-44.6018
-45.4401
-43.3715
-40.3125
-40.2437
-40.3584
-40.6378
-44.0929
-51.2714
-49.9855
-56.9867
-61.5222
-56.1080
-55.5578
-55.1181
-54.5825
-54.9470
-55.0673
-55.1791
-55.2284
-55.0471
-55.4002
-55.6825
-55.9133
-56.0702
-56.2141
-56.5363
-56.7016
-56.8695
-34.8220
-42.3670
-43.7952
-44.9287
-41.3878
-41.2255
-41.2277
-41.3541
-52.8341
-51.5611
-57.8065
-55.7696
-55.5445
-55.2979
-54.8576
-54.4733
-54.0610
-54.0208
-54.4420
-54.6067
-54.7400
-54.6614
-54.8057
-55.2373
-55.4871
-55.7293
-55.8790
-56.0631
-56.3906
-56.5787
-45.5920
-34.4813
-35.9033
-43.0571
-44.1543
-45.1582
-42.1620
-42.0917
-42.1289
-50.3311
-58.0947
-56.3230
-52.9129
-52.1383
-56.0797
-55.3360
-55.5779
-55.1870
-54.7899
-54.3356
-54.0286
-53.8567
-53.6473
-53.9558
-54.1389
-54.3432
-54.4703
-54.4722
-54.8486
-55.1118
-55.3646
-55.5671
-55.7686
-56.1092
-56.3679
-56.0900
-44.5225
-42.4612
-35.6748
-37.0042
-38.3734
-45.6779
-42.9176
-42.8995
-42.9609
-51.0858
-51.8141
-52.2990
-52.7780
-53.2322
-53.2575
-52.7135
-54.4469
-54.8132
-54.9533
-54.6003
-54.1865
-53.8553
-53.6661
-53.4452
-53.4687
-53.8339
-54.0216
-54.1835
-54.2029
-54.4009
-54.7953
-55.0521
-55.2952
