-67.4907
-67.5250
-67.5851
-67.6402
-67.6758
-67.7317
-67.7878
-67.8443
-67.9006
-67.9571
-68.0140
-68.0712
-68.1286
-68.1863
-68.2442
-68.2922
-68.3404
-68.3887
-68.4371
-68.4959
-68.5548
-68.1601
-68.2289
-68.2974
-68.3657
-68.3930
-68.4502
-68.5062
-68.5630
-68.6350
-68.7193
-68.8034
-68.8871
-68.9702
-69.0530
-69.1371
-69.2192
-69.3009
-69.3822
-69.4633
-66.5683
-66.6100
-66.6762
-66.8535
-66.9019
-66.9624
-67.0231
-67.0844
-67.1449
-67.2053
-67.2659
-67.3265
-67.3873
-67.4480
-67.5089
-67.5614
-67.6139
-67.6664
-67.7274
-67.7799
-67.8409
-67.9013
-67.9353
-67.9964
-68.0575
-68.3988
-68.4693
-68.5270
-68.5965
-68.6666
-68.7509
-68.8480
-68.9315
-69.0144
-69.0973
-69.1799
-69.2618
-69.3447
-69.4259
-69.5068
-66.6471
-66.6920
-66.7615
-66.8229
-66.8766
-66.9303
-66.9967
-67.1713
-67.2314
-67.2916
-67.3514
-67.4111
-67.4711
-67.5311
-67.5912
-67.6429
-67.6946
-67.7462
-67.8066
-67.8583
-67.8906
-67.9506
-68.0110
-68.0713
-68.1318
-68.1940
-68.2585
-68.3232
-68.3758
-68.7138
-68.7977
-68.8802
-68.9771
-69.0598
-69.1425
-69.2248
-69.3068
-69.3881
-69.4699
-69.5864
-66.7433
-66.7870
-66.8468
-66.9067
-66.9678
-67.0203
-67.0811
-67.1425
-67.2082
-67.2695
-67.3307
-67.3959
-67.5573
-66.9030
-66.9657
-67.0211
-67.0764
-67.1141
-67.1694
-67.2246
-67.2870
-67.3488
-67.4110
-67.4730
-67.5350
-67.5993
-67.6647
-67.7299
-67.7951
-67.8602
-67.9295
-68.0102
-68.0899
-68.1697
-68.4982
-68.5839
-68.6974
-68.7810
-68.8641
-68.9467
-66.0667
-66.1176
-66.1779
-66.2422
-66.2997
-66.3570
-66.4290
-66.4939
-66.5582
-66.6225
-66.6909
-66.7551
-66.8193
-67.5983
-67.6284
-67.6804
-67.8311
-67.8898
-67.9401
-67.9903
-68.0491
-68.1074
-68.1662
-68.2250
-68.2838
-68.3466
-68.4095
-68.4724
-68.5353
-68.5996
-68.6764
-68.7404
-68.8182
-68.9270
-69.0024
-69.0918
-69.1677
-69.2434
-69.5961
-69.6764
-66.9491
-66.9897
-67.0467
-67.1040
-67.1488
-67.1985
-67.2566
-67.3245
-67.3833
-67.4421
-67.5012
-67.5295
-67.5936
-67.6533
-67.7130
-67.7639
-67.8233
-67.8742
-67.9251
-67.9761
-68.0395
-68.1871
-68.2451
-68.3031
-68.3621
-68.4241
-68.4862
-68.5483
-68.6104
-68.7098
-68.7855
-68.8612
-68.9368
-68.9987
-69.0740
-69.1485
-69.2234
-69.3122
-69.3869
-69.4616
-67.1059
-67.0912
-67.1469
-67.2029
-67.2509
-67.2992
-67.3510
-67.4086
-67.4658
-67.5004
-67.5585
-67.6169
-67.6753
-67.7339
-67.7976
-67.8565
-67.9068
-67.9567
-68.0067
-68.0652
-68.1152
-68.1730
-68.2315
-68.2899
-68.3524
-68.5023
-68.6007
-68.6617
-68.7226
-68.7857
-68.8606
-68.9354
-69.0101
-69.0848
-69.1454
-69.2198
-69.2941
-69.3675
-69.4556
-69.5295
-67.1717
-67.2280
-67.2839
-67.3480
-67.3492
-67.3960
-67.4175
-67.4741
-67.5255
-67.5821
-67.6388
-67.7056
-67.7629
-67.8204
-67.8780
-67.9408
-67.9903
-68.0398
-68.0888
-68.1464
-68.1954
-68.2525
-68.3100
-68.4056
-68.4629
-68.5224
-68.5843
-68.6461
-68.7080
-68.7764
-68.9363
-69.0103
-69.0841
-69.1578
-69.2314
-69.3051
-69.3646
-69.4378
-69.5105
-69.5834
-67.2377
-67.2929
-67.3486
-67.3760
-67.4317
-67.4872
-67.5509
-67.5685
-67.6237
-67.6789
-67.7294
-67.7852
-67.8511
-67.9074
-67.9639
-68.0206
-68.0690
-68.1226
-68.1711
-68.2280
-68.3155
-68.3718
-68.4281
-68.4845
-68.5410
-68.6006
-68.6617
-68.7227
-68.7837
-68.8480
-68.9226
-68.9970
-69.0713
-69.1495
-69.3042
-69.3770
-69.4498
-69.5080
-69.5804
-69.6526
-67.3032
-67.3205
-67.3753
-67.4394
-67.4946
-67.5497
-67.6130
-67.6766
-67.7397
-67.8028
-67.8258
-67.8805
-67.9300
-67.9851
-68.0504
-68.1059
-68.1537
-68.2427
-68.2983
-68.3507
-68.3973
-68.4527
-68.5082
-68.5637
-68.6193
-68.6792
-68.7394
-68.7996
-68.8599
-68.9242
-68.9979
-69.0715
-69.1450
-69.2183
-69.2913
-69.3646
-69.4376
-69.5105
-69.6646
-69.7217
-66.5439
-66.6008
-66.6655
-66.7370
-66.8013
-66.8658
-66.9364
-67.0071
-67.0770
-67.1466
-67.2160
-67.2850
-67.3537
-67.4230
-67.4879
-67.5575
-67.6110
-67.6645
-67.7254
-67.7787
-67.8313
-67.8966
-67.9569
-68.0169
-68.0777
-68.1414
-68.2049
-68.2685
-68.3318
-68.3951
-68.4725
-68.5509
-68.6291
-68.7070
-68.7844
-68.8619
-68.9392
-69.0160
-69.0927
-69.1692
-66.1581
-66.2145
-66.2633
-66.3257
-66.7818
-66.8399
-66.9117
-66.9833
-67.0539
-67.1243
-67.1962
-67.3033
-67.3722
-67.4409
-67.5093
-67.5775
-67.6334
-67.6793
-67.7329
-67.7865
-67.8394
-67.9001
-67.9607
-68.0259
-68.0879
-68.1517
-68.2153
-68.2787
-68.3422
-68.4054
-68.4831
-68.5616
-68.6399
-68.7180
-68.7955
-68.8732
-68.9505
-69.0275
-69.1043
-69.1807
-66.5365
-66.2115
-66.2679
-66.3306
-66.3861
-66.4367
-66.4995
-66.9864
-67.0574
-67.1281
-67.1984
-67.2684
-67.3380
-67.4073
-67.4763
-67.5449
-67.6134
-67.6697
-67.7303
-67.7996
-67.8409
-67.8944
-67.9552
-68.0159
-68.0793
-68.1480
-68.2117
-68.2752
-68.3386
-68.4020
-68.4800
-68.5588
-68.6372
-68.7154
-68.7933
-68.8710
-68.9175
-68.9923
-69.0692
-69.1459
-66.5303
-66.5859
-66.6415
-66.7038
-66.4300
-66.4730
-66.5358
-66.5983
-66.6611
-66.7234
-66.7855
-67.2341
-67.3044
-67.3743
-67.4438
-67.5129
-67.5819
-67.6434
-67.7045
-67.7607
-67.8369
-67.8972
-67.9646
-68.0108
-68.0750
-68.1391
-68.2032
-68.2715
-68.3349
-68.3983
-68.4769
-68.5558
-68.6033
-68.6794
-68.7576
-68.8354
-68.9130
-68.9904
-69.0674
-69.1442
-66.5252
-66.6305
-66.6795
-66.7414
-66.8036
-66.8593
-66.9154
-66.5977
-66.6601
-66.7230
-66.7853
-66.8475
-66.9096
-66.9715
-67.4120
-67.4818
-67.5512
-67.6133
-67.6749
-67.7433
-67.8039
-67.8598
-67.9362
-68.0036
-68.0729
-68.1432
-68.1989
-68.2629
-68.2955
-68.3609
-68.4402
-68.5194
-68.5983
-68.6769
-68.7552
-68.8332
-68.9110
-68.9884
-69.0657
-69.1835
-66.9113
-66.9656
-67.0064
-67.0611
-67.1161
-67.1645
-67.2136
-67.2694
-67.3167
-68.7718
-68.8276
-68.3536
-68.4099
-68.4662
-68.5226
-68.5791
-68.6355
-68.6832
-67.7319
-67.7723
-67.7905
-67.8373
-67.9049
-67.9677
-68.0159
-68.0834
-68.1539
-68.2240
-68.2938
-68.3533
-68.4328
-68.5169
-68.5960
-68.6747
-68.7537
-68.8726
-68.9505
-69.0281
-69.1054
-69.1824
-67.0029
-67.0558
-67.0925
-67.1463
-67.2002
-67.2477
-67.2957
-67.3506
-67.4056
-67.4609
-67.5072
-67.5631
-67.6186
-67.6741
-67.3383
-67.3944
-67.4506
-67.5002
-67.5496
-67.6052
-67.6587
-68.1009
-68.1658
-68.2310
-68.2995
-68.3722
-68.4403
-68.5083
-68.5761
-68.6453
-68.7308
-68.8553
-68.9371
-69.0104
-69.0861
-69.1615
-69.2368
-69.3119
-69.3868
-69.2649
-67.0915
-67.1435
-67.1820
-67.2344
-67.2845
-67.3309
-67.3781
-67.4320
-67.4823
-67.5297
-67.5876
-67.6322
-67.6861
-67.7401
-67.7944
-67.8490
-67.8694
-67.5248
-67.5808
-67.6299
-67.6794
-67.7355
-67.7850
-67.8437
-67.9059
-68.3603
-68.4730
-68.5445
-68.6113
-68.6805
-68.7628
-68.8447
-68.9265
-69.0075
-69.0882
-69.1740
-69.2441
-69.3186
-69.3930
-69.4672
-67.2045
-67.2485
-67.2795
-67.3250
-67.3712
-67.4112
-67.4499
-67.4989
-67.5484
-67.5984
-67.6490
-67.7000
-67.7151
-67.7541
-67.8068
-67.8598
-67.9130
-67.9667
-68.0134
-68.0597
-67.7208
-67.7759
-67.8675
-67.9254
-67.9857
-68.0461
-68.1066
-68.1671
-68.6228
-68.6867
-68.7679
-68.8489
-68.9296
-69.0100
-69.0900
-69.1695
-69.2488
-69.3334
-69.4123
-69.4839
-67.3145
-67.3548
-67.3781
-67.4211
-67.4649
-67.5023
-67.5410
-67.5872
-67.5929
-67.6358
-67.6847
-67.7341
-67.7838
-67.8341
-67.8767
-67.9274
-67.9788
-68.0316
-68.1356
-68.1705
-68.2143
-68.2665
-68.3117
-67.9804
-68.0392
-68.0980
-68.1569
-68.2158
-68.2747
-68.3384
-68.4209
-68.4896
-68.9487
-69.0279
-69.1070
-69.1857
-69.2639
-69.3418
-69.4195
-69.5026
-67.4309
-67.4684
-67.4928
-67.5324
-67.5321
-67.5575
-67.5947
-67.6393
-67.6846
-67.7305
-67.7746
-67.8219
-67.8697
-67.9771
-68.0250
-68.0735
-68.1105
-68.1589
-68.2015
-68.2438
-68.2940
-68.3372
-68.3819
-68.4366
-68.4914
-68.5464
-68.6016
-68.2771
-68.3346
-68.3981
-68.4701
-68.5421
-68.6233
-68.6903
-68.7623
-69.2154
-69.2928
-69.3698
-69.4464
-69.5227
-67.5112
-67.5386
-67.5610
-67.5987
-67.6374
-67.6701
-67.7042
-67.7432
-67.7865
-67.8947
-67.9384
-67.9826
-68.0250
-68.0663
-68.1120
-68.1587
-68.2059
-68.2543
-68.2859
-68.3265
-68.3751
-68.4167
-68.4612
-68.5143
-68.5675
-68.6210
-68.6747
-68.7286
-68.7826
-68.8450
-68.5379
-68.6085
-68.6791
-68.7592
-68.8297
-68.8951
-68.9657
-69.0362
-69.1065
-69.5596
-67.6288
-67.6618
-67.6815
-67.7168
-67.7540
-67.8538
-67.8850
-67.9241
-67.9640
-68.0014
-68.0377
-68.0799
-68.1230
-68.1667
-68.2086
-68.2537
-68.2992
-68.3452
-68.3849
-68.4147
-68.4618
-68.5022
-68.5536
-68.5978
-68.6496
-68.7017
-68.7540
-68.8065
-68.8592
-68.9223
-68.9909
-69.0595
-69.1280
-68.8201
-68.8894
-68.9683
-69.0325
-69.1017
-69.1709
-69.2401
-67.6990
-67.8186
-67.8650
-67.9109
-67.9447
-67.9797
-68.0012
-68.0321
-68.0698
-68.1087
-68.1485
-68.1855
-68.2269
-68.2689
-68.3114
-68.3545
-68.3958
-68.4402
-68.4778
-68.5231
-68.5614
-68.5923
-68.6423
-68.6851
-68.7356
-68.7863
-68.8373
-68.8885
-68.9400
-69.0041
-69.0714
-69.1388
-69.2062
-69.2735
-69.3408
-69.4082
-69.0993
-69.1773
-69.2401
-69.3082
-67.8080
-67.8576
-67.9007
-67.9410
-67.9863
-68.0388
-68.0779
-68.1320
-68.1834
-68.2204
-68.2583
-68.2970
-68.3364
-68.3763
-68.4139
-68.4555
-68.4975
-68.5401
-68.5804
-68.6168
-68.6542
-68.6943
-68.7334
-68.7749
-68.8240
-68.8735
-68.9232
-68.9732
-69.0235
-69.0887
-69.1548
-69.2209
-69.2871
-69.3533
-69.4197
-69.4859
-69.5521
-69.6183
-69.6958
-69.7621
-67.8676
-67.9076
-67.9470
-67.9872
-68.0354
-68.0812
-68.1246
-68.1683
-68.2201
-68.2724
-68.3253
-68.3787
-68.4326
-68.4823
-68.5215
-68.5610
-68.5982
-68.6393
-68.6805
-68.7151
-68.7487
-68.7886
-68.8357
-68.8757
-68.9140
-68.9624
-69.0108
-69.0597
-69.1107
-69.1753
-69.2402
-69.3052
-69.3702
-69.4353
-69.5005
-69.5657
-69.6310
-69.6961
-69.7613
-69.8266
-67.9388
-67.9814
-68.0176
-68.0546
-68.0997
-68.1456
-68.1854
-68.2225
-68.2712
-68.3207
-68.3707
-68.4211
-68.4722
-68.5238
-68.5759
-68.6285
-68.6815
-68.7347
-68.7792
-68.8123
-68.8484
-68.8934
-68.9298
-68.9684
-69.0150
-69.0523
-69.0996
-69.1472
-69.2000
-69.2635
-69.3271
-69.3908
-69.4547
-69.5186
-69.5827
-69.6469
-69.7111
-69.7754
-69.8397
-69.9039
-68.0277
-68.0677
-68.1012
-68.1355
-68.1780
-68.2211
-68.2580
-68.2956
-68.3379
-68.3845
-68.4318
-68.4796
-68.5279
-68.5768
-68.6262
-68.6760
-68.7264
-68.7772
-68.8279
-68.8721
-68.9168
-68.9727
-69.0214
-69.0643
-69.1072
-69.1530
-69.1991
-69.2357
-69.2903
-69.3526
-69.4151
-69.4776
-69.5403
-69.6031
-69.6661
-69.7292
-69.7924
-69.8556
-69.9189
-69.9823
-68.1243
-68.1621
-68.1933
-68.2253
-68.2655
-68.3064
-68.3410
-68.3762
-68.4195
-68.4635
-68.5049
-68.5504
-68.5964
-68.6429
-68.6899
-68.7374
-68.7853
-68.8337
-68.8820
-68.9256
-68.9782
-69.0236
-69.0666
-69.1208
-69.1684
-69.2209
-69.2764
-69.3322
-69.3815
-69.4424
-69.5037
-69.5651
-69.6266
-69.6884
-69.7503
-69.8135
-69.8825
-69.9445
-70.0066
-70.0689
-68.2264
-68.2616
-68.2907
-68.3207
-68.3589
-68.3979
-68.4305
-68.4636
-68.5051
-68.5472
-68.5899
-68.6331
-68.6737
-68.7183
-68.7633
-68.8087
-68.8547
-68.9010
-68.9476
-68.9903
-69.0410
-69.0844
-69.1280
-69.1794
-69.2236
-69.2743
-69.3273
-69.3781
-69.4398
-69.5096
-69.5777
-69.6472
-69.7169
-69.7827
-69.8433
-69.9041
-69.9650
-70.0260
-70.1271
-70.1885
-68.3307
-68.3646
-68.3989
-68.4195
-68.4560
-68.4933
-68.5240
-68.5553
-68.5952
-68.6356
-68.6767
-68.7182
-68.7603
-68.8028
-68.8429
-68.8868
-68.9311
-68.9757
-69.0222
-69.0631
-69.1120
-69.1536
-69.1955
-69.2454
-69.2886
-69.3482
-69.3986
-69.4476
-69.5094
-69.5738
-69.6410
-69.6982
-69.7592
-69.8333
-69.9012
-69.9692
-73.2653
-71.9545
-69.6057
-69.6481
-68.5015
-68.5204
-68.5553
-68.5910
-68.6202
-68.6497
-68.6881
-68.7271
-68.7666
-68.8067
-68.8474
-68.8885
-68.9300
-68.9721
-69.0118
-69.0554
-69.1017
-69.1501
-69.2002
-69.2399
-69.2876
-69.3280
-69.3686
-69.4171
-69.4658
-69.5149
-69.5781
-69.6407
-69.7059
-69.7689
-69.8346
-69.8901
-69.9560
-70.0221
-73.3746
-70.2453
-70.2757
-70.3067
-70.3148
-70.3473
-68.6901
-68.7178
-68.7457
-68.7827
-68.8203
-68.8585
-68.8973
-68.9366
-68.9770
-69.0311
-69.0713
-69.1120
-69.1521
-69.1965
-69.2419
-69.2798
-69.3181
-69.3646
-69.4035
-69.4428
-69.4902
-69.5379
-69.5866
-69.6498
-69.7139
-69.7773
-69.8387
-69.9027
-69.9644
-70.0184
-70.0829
-71.3445
-73.8585
-70.2495
-70.2810
-70.3127
-70.3227
-70.3548
-70.3887
-70.4124
-70.4361
-70.4739
-68.9317
-68.9679
-69.0048
-69.0423
-69.0803
-69.1189
-69.1579
-69.1982
-69.2406
-69.2840
-69.3247
-69.3615
-69.3986
-69.4438
-69.4816
-69.5276
-69.5660
-69.6126
-69.6635
-69.7257
-69.7878
-69.8508
-69.9131
-69.9756
-70.0382
-70.0990
-70.1621
-71.1053
-80.8168
-70.2506
-70.2829
-70.3159
-70.3308
-70.4167
-71.1352
-71.1663
-71.1965
-71.2409
-71.2853
-71.3157
-70.6945
-69.1468
-69.1701
-69.2075
-69.2454
-69.2863
-69.3276
-69.3698
-69.4125
-69.4445
-69.4883
-69.5247
-69.5614
-69.6063
-69.6436
-69.6891
-69.7424
-69.8035
-69.8648
-69.9261
-69.9881
-70.0494
-70.1109
-70.1725
-70.2363
-70.2973
-71.3770
-80.0371
-71.0479
-71.0906
-71.1331
-71.1491
-71.1914
-71.2335
-71.2748
-71.2900
-71.3327
-71.3756
-71.4187
-71.4125
-71.0727
-70.8330
-70.6759
-70.5905
-69.3750
-69.4153
-69.4564
-69.4980
-69.5284
-69.5712
-69.6065
-69.6422
-69.6860
-69.7224
-69.7669
-69.8227
-69.8828
-69.9430
-70.0034
-70.0639
-70.1251
-70.1855
-70.2460
-70.3088
-70.3707
-71.3336
-71.5859
-71.8969
-71.1535
-71.1939
-71.2342
-71.2479
-71.2883
-71.3255
-71.3512
-71.3623
-71.3761
-71.4046
-71.4340
-71.4642
-71.4984
-71.2836
-71.1061
-70.9757
-70.8822
-70.8203
-70.7894
-70.7924
-69.6171
-69.6545
-69.6888
-69.7235
-69.7665
-69.8019
-69.8455
-69.9041
-69.9632
-70.0223
-70.0818
-70.1413
-70.2009
-70.2615
-70.3211
-70.3829
-70.4436
-71.3047
-71.5596
-71.7554
-71.2408
-71.2605
-71.2817
-71.2777
-71.3014
-71.3263
-71.3531
-71.3668
-71.3808
-71.4103
-71.4406
-71.4716
-71.5052
-71.5448
-71.4439
-71.3116
-71.2058
-71.1233
-71.0624
-71.0203
-70.9956
-70.9717
-70.9737
-69.8132
-69.8473
-69.8817
-69.9281
-69.9860
-70.0441
-70.1023
-70.1608
-70.2194
-70.2782
-70.3371
-70.3968
-70.4580
-70.5177
-71.3015
-71.5482
-71.7469
-71.2304
-71.2517
-71.2743
-71.2852
-71.2971
-71.3233
-71.3511
-71.3662
-71.3824
-71.4122
-71.4439
-71.4760
-71.5092
-71.5518
-71.5972
-71.5838
-71.4804
-71.3939
-71.3248
-71.2708
-71.2305
-71.1850
-71.1583
-71.1536
-71.1495
-71.1579
-71.1960
-70.0683
-70.1255
-70.1829
-70.2404
-70.2981
-70.3560
-70.4139
-70.4721
-70.5333
-70.5924
-70.6513
-71.5518
-71.7496
-71.2116
-71.2346
-71.2587
-71.2752
-71.2889
-71.3164
-71.3455
-71.3621
-71.3794
-71.4116
-71.4433
-71.4769
-71.5117
-71.5569
-71.6033
-71.6502
-71.6977
-71.6275
-71.5575
-71.4998
-71.4535
-71.4063
-71.3620
-71.3456
-71.3261
-71.3256
-71.3308
-71.3565
-71.3906
-71.4338
-70.3333
-70.3771
-70.4341
-70.4913
-70.5486
-70.6082
-70.6672
-70.7254
-71.5680
-71.7620
