-51.2922
-51.2517
-51.2132
-51.1744
-51.1296
-51.0849
-51.0458
-51.0110
-50.9758
-50.9369
-50.8975
-50.8592
-50.8218
-50.7849
-50.7487
-50.7122
-50.6790
-50.6461
-50.6112
-50.5747
-50.5420
-50.5129
-50.4838
-50.4431
-50.4315
-50.3933
-50.3609
-50.3350
-50.3081
-50.2804
-50.2509
-50.2245
-50.1988
-50.1755
-50.1520
-50.1311
-50.1265
-50.0988
-50.0739
-50.0511
-51.3725
-51.3345
-51.2967
-51.2525
-51.2083
-51.1675
-51.1333
-51.0988
-51.0611
-51.0223
-50.9840
-50.9469
-50.9099
-50.8744
-50.8383
-50.8045
-50.7718
-50.7385
-50.7027
-50.6676
-50.6391
-50.6099
-50.5623
-50.5521
-50.5371
-50.4894
-50.4618
-50.4361
-50.4092
-50.3816
-50.3534
-50.3275
-50.3037
-50.2805
-50.2580
-50.2582
-50.2300
-50.2024
-50.1802
-50.1572
-51.4543
-51.4168
-51.3744
-51.3303
-51.2878
-51.2541
-51.2200
-51.1838
-51.1456
-51.1073
-51.0705
-51.0338
-50.9984
-50.9630
-50.9284
-50.8960
-50.8642
-50.8290
-50.7933
-50.7637
-50.7351
-50.7070
-50.6698
-50.6574
-50.6177
-50.5870
-50.5617
-50.5361
-50.5092
-50.4820
-50.4552
-50.4301
-50.4075
-50.3847
-50.3628
-50.3602
-50.3332
-50.3073
-50.2852
-50.2617
-51.5356
-51.4949
-51.4509
-51.4074
-51.3734
-51.3398
-51.3049
-51.2673
-51.2293
-51.1927
-51.1563
-51.1208
-51.0860
-51.0509
-51.0188
-50.9872
-50.9537
-50.9186
-50.8865
-50.8586
-50.8304
-50.7863
-50.7763
-50.7608
-50.7116
-50.6857
-50.6605
-50.6350
-50.6081
-50.5825
-50.5559
-50.5327
-50.5102
-50.4883
-50.4864
-50.4614
-50.4344
-50.4112
-50.3891
-50.3650
-51.6139
-51.5705
-51.5270
-51.4912
-51.4582
-51.4246
-51.3875
-51.3500
-51.3134
-51.2773
-51.2417
-51.2074
-51.1728
-51.1401
-51.1087
-51.0767
-51.0422
-51.0078
-50.9805
-50.9525
-50.9253
-50.8914
-50.8784
-50.8371
-50.8081
-50.7833
-50.7583
-50.7328
-50.7069
-50.6821
-50.6562
-50.6343
-50.6121
-50.6117
-50.5862
-50.5598
-50.5361
-50.5140
-50.4914
-50.4672
-51.6887
-51.6455
-51.6076
-51.5751
-51.5422
-51.5063
-51.4694
-51.4326
-51.3970
-51.3613
-51.3273
-51.2932
-51.2600
-51.2287
-51.1981
-51.1643
-51.1300
-51.1007
-51.0734
-51.0460
-51.0053
-50.9946
-50.9797
-50.9291
-50.9046
-50.8799
-50.8554
-50.8300
-50.8053
-50.7805
-50.7566
-50.7348
-50.7133
-50.7111
-50.6851
-50.6587
-50.6378
-50.6156
-50.5924
-50.5682
-51.7629
-51.7227
-51.6906
-51.6582
-51.6235
-51.5872
-51.5506
-51.5152
-51.4799
-51.4458
-51.4122
-51.3785
-51.3474
-51.3170
-51.2848
-51.2511
-51.2194
-51.1927
-51.1653
-51.1181
-51.1082
-51.0947
-51.0518
-51.0244
-51.0001
-50.9757
-50.9515
-50.9269
-50.9026
-50.8786
-50.8560
-50.8344
-50.8335
-50.8090
-50.7829
-50.7573
-50.7384
-50.7159
-50.6923
-50.6690
-51.8371
-51.8048
-51.7728
-51.7394
-51.7036
-51.6674
-51.6321
-51.5971
-51.5627
-51.5297
-51.4963
-51.4648
-51.4346
-51.4037
-51.3706
-51.3370
-51.3104
-51.2836
-51.2570
-51.2196
-51.2083
-51.1728
-51.1428
-51.1188
-51.0946
-51.0706
-51.0473
-51.0231
-50.9989
-50.9769
-50.9544
-50.9544
-50.9307
-50.9054
-50.8796
-50.8569
-50.8379
-50.8146
-50.7911
-50.7699
-51.9180
-51.8861
-51.8539
-51.8186
-51.7829
-51.7477
-51.7130
-51.6784
-51.6458
-51.6129
-51.5809
-51.5509
-51.5211
-51.4886
-51.4556
-51.4267
-51.4005
-51.3739
-51.3300
-51.3204
-51.3063
-51.2620
-51.2361
-51.2123
-51.1884
-51.1653
-51.1422
-51.1183
-51.0948
-51.0742
-51.0532
-51.0505
-51.0269
-51.0011
-50.9755
-50.9553
-50.9363
-50.9124
-50.8889
-50.8696
-51.9981
-51.9668
-51.9323
-51.8971
-51.8620
-51.8276
-51.7932
-51.7605
-51.7281
-51.6957
-51.6659
-51.6363
-51.6052
-51.5727
-51.5415
-51.5158
-51.4896
-51.4637
-51.4294
-51.4176
-51.3805
-51.3520
-51.3286
-51.3048
-51.2816
-51.2593
-51.2363
-51.2126
-51.1911
-51.1706
-51.1702
-51.1457
-51.1209
-51.0958
-51.0727
-51.0527
-51.0329
-51.0091
-50.9872
-50.9684
-52.0779
-52.0447
-52.0100
-51.9750
-51.9409
-51.9069
-51.8738
-51.8419
-51.8097
-51.7796
-51.7502
-51.7203
-51.6884
-51.6561
-51.6298
-51.6040
-51.5781
-51.5374
-51.5275
-51.5136
-51.4679
-51.4434
-51.4200
-51.3966
-51.3746
-51.3526
-51.3295
-51.3065
-51.2864
-51.2869
-51.2644
-51.2399
-51.2146
-51.1895
-51.1692
-51.1491
-51.1287
-51.1048
-51.0849
-51.0661
-52.1557
-52.1216
-52.0869
-52.0530
-52.0192
-51.9858
-51.9544
-51.9226
-51.8921
-51.8629
-51.8339
-51.8027
-51.7709
-51.7423
-51.7171
-51.6914
-51.6445
-51.6349
-51.6225
-51.5839
-51.5570
-51.5339
-51.5106
-51.4885
-51.4667
-51.4450
-51.4218
-51.4008
-51.3808
-51.3802
-51.3575
-51.3319
-51.3073
-51.2840
-51.2646
-51.2440
-51.2216
-51.2001
-51.1816
-51.1629
-52.2318
-52.1977
-52.1638
-52.1304
-52.0970
-52.0656
-52.0343
-52.0034
-51.9744
-51.9456
-51.9156
-51.8843
-51.8535
-51.8288
-51.8035
-51.7782
-51.7407
-51.7302
-51.7168
-51.6696
-51.6465
-51.6235
-51.6011
-51.5796
-51.5581
-51.5363
-51.5138
-51.4943
-51.4944
-51.4723
-51.4497
-51.4236
-51.3991
-51.3785
-51.3590
-51.3377
-51.3152
-51.2972
-51.2773
-51.2587
-52.3073
-52.2735
-52.2404
-52.2072
-52.1754
-52.1446
-52.1137
-52.0848
-52.0562
-52.0271
-51.9963
-51.9652
-51.9391
-51.9144
-51.8892
-51.8455
-51.8362
-51.8234
-51.7833
-51.7577
-51.7351
-51.7124
-51.6912
-51.6698
-51.6488
-51.6267
-51.6062
-51.6072
-51.5857
-51.5636
-51.5400
-51.5144
-51.4908
-51.4720
-51.4524
-51.4304
-51.4080
-51.3919
-51.3719
-51.3534
-52.3821
-52.3491
-52.3163
-52.2841
-52.2537
-52.2232
-52.1939
-52.1655
-52.1372
-52.1071
-52.0764
-52.0482
-52.0239
-51.9991
-51.9744
-51.9398
-51.9289
-51.9159
-51.8677
-51.8455
-51.8230
-51.8015
-51.7804
-51.7594
-51.7386
-51.7168
-51.6978
-51.6976
-51.6760
-51.6539
-51.6298
-51.6043
-51.5834
-51.5645
-51.5441
-51.5222
-51.5011
-51.4856
-51.4660
-51.4470
-52.4568
-52.4242
-52.3917
-52.3616
-52.3315
-52.3019
-52.2737
-52.2456
-52.2165
-52.1864
-52.1559
-52.1321
-52.1078
-52.0832
-52.0426
-52.0333
-52.0204
-51.9788
-51.9545
-51.9324
-51.9106
-51.8898
-51.8689
-51.8484
-51.8275
-51.8074
-51.8081
-51.7872
-51.7654
-51.7427
-51.7187
-51.6934
-51.6751
-51.6561
-51.6350
-51.6130
-51.5938
-51.5785
-51.5589
-51.5396
-52.5310
-52.4988
-52.4682
-52.4385
-52.4089
-52.3808
-52.3529
-52.3247
-52.2950
-52.2649
-52.2391
-52.2153
-52.1910
-52.1667
-52.1351
-52.1238
-52.0890
-52.0624
-52.0406
-52.0187
-51.9979
-51.9773
-51.9568
-51.9364
-51.9158
-51.9173
-51.8968
-51.8756
-51.8540
-51.8304
-51.8069
-51.7857
-51.7659
-51.7463
-51.7249
-51.7035
-51.6857
-51.6703
-51.6506
-51.6313
-52.6047
-52.5737
-52.5443
-52.5152
-52.4868
-52.4591
-52.4316
-52.4025
-52.3728
-52.3449
-52.3215
-52.2976
-52.2735
-52.2358
-52.2261
-52.2135
-52.1706
-52.1475
-52.1258
-52.1049
-52.0845
-52.0640
-52.0440
-52.0236
-52.0047
-52.0051
-51.9846
-51.9633
-51.9413
-51.9176
-51.8942
-51.8756
-51.8557
-51.8354
-51.8139
-51.7942
-51.7766
-51.7592
-51.7415
-51.7219
-52.6780
-52.6491
-52.6203
-52.5917
-52.5642
-52.5369
-52.5087
-52.4795
-52.4500
-52.4265
-52.4031
-52.3792
-52.3357
-52.3266
-52.3149
-52.2786
-52.2533
-52.2319
-52.2109
-52.1906
-52.1704
-52.1503
-52.1304
-52.1104
-52.1120
-52.0920
-52.0714
-52.0501
-52.0271
-52.0040
-51.9825
-51.9647
-51.9445
-51.9235
-51.9022
-51.8842
-51.8667
-51.8493
-51.8314
-51.8122
-52.7527
-52.7243
-52.6956
-52.6683
-52.6411
-52.6137
-52.5850
-52.5559
-52.5303
-52.5073
-52.4839
-52.4602
-52.4254
-52.4152
-52.4030
-52.3587
-52.3369
-52.3159
-52.2955
-52.2755
-52.2554
-52.2359
-52.2160
-52.2175
-52.1982
-52.1782
-52.1573
-52.1361
-52.1126
-52.0896
-52.0707
-52.0529
-52.0318
-52.0108
-51.9906
-51.9734
-51.9560
-51.9384
-51.9206
-51.9487
-52.8271
-52.7989
-52.7713
-52.7443
-52.7174
-52.6893
-52.6607
-52.6329
-52.6104
-52.5874
-52.5639
-52.5233
-52.5145
-52.5025
-52.4647
-52.4407
-52.4197
-52.3995
-52.3796
-52.3598
-52.3402
-52.3207
-52.3011
-52.3030
-52.2835
-52.2633
-52.2424
-52.2199
-52.1973
-52.1754
-52.1581
-52.1402
-52.1183
-52.0973
-52.0788
-52.0617
-52.0448
-52.0267
-52.0085
-52.0408
-52.9010
-52.8733
-52.8465
-52.8198
-52.7925
-52.7643
-52.7357
-52.7123
-52.6898
-52.6667
-52.6434
-52.6114
-52.6009
-52.5890
-52.5434
-52.5226
-52.5025
-52.4826
-52.4630
-52.4433
-52.4242
-52.4047
-52.4058
-52.3876
-52.3680
-52.3476
-52.3268
-52.3038
-52.2812
-52.2620
-52.2447
-52.2260
-52.2039
-52.1834
-52.1663
-52.1492
-52.1323
-52.1142
-52.1445
-52.1321
-52.9743
-52.9477
-52.9212
-52.8945
-52.8667
-52.8386
-52.8132
-52.7910
-52.7684
-52.7452
-52.7075
-52.6983
-52.6866
-52.6475
-52.6246
-52.6044
-52.5846
-52.5651
-52.5456
-52.5265
-52.5074
-52.5076
-52.4898
-52.4713
-52.4516
-52.4311
-52.4091
-52.3869
-52.3647
-52.3478
-52.3304
-52.3109
-52.2888
-52.2697
-52.2530
-52.2362
-52.2190
-52.2007
-52.2350
-52.2227
-53.0479
-53.0216
-52.9953
-52.9681
-52.9404
-52.9129
-52.8911
-52.8689
-52.8462
-52.8028
-52.7940
-52.7832
-52.7504
-52.7255
-52.7053
-52.6857
-52.6662
-52.6469
-52.6276
-52.6090
-52.5899
-52.5905
-52.5732
-52.5543
-52.5343
-52.5139
-52.4914
-52.4692
-52.4497
-52.4328
-52.4149
-52.3949
-52.3729
-52.3555
-52.3388
-52.3224
-52.3049
-52.3324
-52.3246
-52.3131
-53.1210
-53.0949
-53.0684
-53.0411
-53.0134
-52.9902
-52.9684
-52.9461
-52.9233
-52.8883
-52.8788
-52.8674
-52.8269
-52.8051
-52.7857
-52.7663
-52.7472
-52.7281
-52.7093
-52.6907
-52.6906
-52.6730
-52.6557
-52.6364
-52.6163
-52.5950
-52.5729
-52.5510
-52.5339
-52.5170
-52.4983
-52.4782
-52.4587
-52.4406
-52.4239
-52.4075
-52.3899
-52.4209
-52.4107
-52.4032
-53.1936
-53.1676
-53.1407
-53.1134
-53.0882
-53.0667
-53.0449
-53.0224
-52.9819
-52.9732
-52.9622
-52.9280
-52.9042
-52.8848
-52.8655
-52.8464
-52.8275
-52.8086
-52.7904
-52.7717
-52.7719
-52.7548
-52.7372
-52.7176
-52.6976
-52.6755
-52.6538
-52.6339
-52.6175
-52.6004
-52.5808
-52.5608
-52.5428
-52.5249
-52.5087
-52.4918
-52.5200
-52.5089
-52.4987
-52.4927
-53.2657
-53.2393
-53.2124
-53.1852
-53.1641
-53.1426
-53.1206
-53.0982
-53.0659
-53.0561
-53.0450
-53.0032
-52.9828
-52.9638
-52.9447
-52.9260
-52.9072
-52.8889
-52.8707
-52.8703
-52.8529
-52.8359
-52.8178
-52.7981
-52.7775
-52.7556
-52.7340
-52.7166
-52.7001
-52.6823
-52.6625
-52.6428
-52.6264
-52.6084
-52.5925
-52.5754
-52.6062
-52.5960
-52.5866
-52.5815
-53.3368
-53.3104
-53.2835
-53.2604
-53.2393
-53.2179
-53.1956
-53.1578
-53.1491
-53.1381
-53.1024
-53.0799
-53.0611
-53.0422
-53.0235
-53.0049
-52.9864
-52.9685
-52.9690
-52.9501
-52.9332
-52.9164
-52.8976
-52.8779
-52.8563
-52.8350
-52.8147
-52.7986
-52.7821
-52.7632
-52.7436
-52.7252
-52.7091
-52.6914
-52.6753
-52.7038
-52.6925
-52.6825
-52.6743
-52.6694
-53.4073
-53.3809
-53.3558
-53.3350
-53.3139
-53.2922
-53.2490
-53.2404
-53.2303
-53.2195
-53.1764
-53.1574
-53.1387
-53.1200
-53.1017
-53.0832
-53.0653
-53.0474
-53.0468
-53.0296
-53.0128
-52.9960
-52.9766
-52.9567
-52.9349
-52.9137
-52.8960
-52.8799
-52.8628
-52.8435
-52.8240
-52.8071
-52.7912
-52.7739
-52.7575
-52.7888
-52.7780
-52.7681
-52.7615
-52.7565
-53.4772
-53.4509
-53.4298
-53.4090
-53.3878
-53.3658
-53.3306
-53.3217
-53.3110
-53.2739
-53.2528
-53.2343
-53.2158
-53.1974
-53.1792
-53.1610
-53.1436
-53.1437
-53.1251
-53.1084
-53.0919
-53.0743
-53.0550
-53.0339
-53.0129
-52.9922
-52.9766
-52.9605
-52.9424
-52.9231
-52.9044
-52.8885
-52.8725
-52.8554
-52.8842
-52.8728
-52.8629
-52.8537
-52.8479
-52.8429
-53.5466
-53.5235
-53.5031
-53.4823
-53.4607
-53.4202
-53.4118
-53.4016
-53.3910
-53.3473
-53.3290
-53.3107
-53.2923
-53.2743
-53.2561
-53.2386
-53.2399
-53.2202
-53.2032
-53.1867
-53.1702
-53.1520
-53.1327
-53.1111
-53.0903
-53.0721
-53.0565
-53.0402
-53.0213
-53.0021
-52.9847
-52.9691
-52.9535
-52.9361
-52.9678
-52.9567
-52.9471
-52.9391
-52.9335
-52.9278
-53.6163
-53.5963
-53.5758
-53.5548
-53.5332
-53.5005
-53.4914
-53.4809
-53.4426
-53.4228
-53.4046
-53.3864
-53.3684
-53.3505
-53.3327
-53.3156
-53.3155
-53.2971
-53.2807
-53.2643
-53.2476
-53.2290
-53.2083
-53.1877
-53.1670
-53.1514
-53.1357
-53.1184
-53.0995
-53.0804
-53.0646
-53.0490
-53.0339
-53.0613
-53.0506
-53.0401
-53.0304
-53.0241
-53.0185
-53.0112
-53.6885
-53.6684
-53.6479
-53.6265
-53.5886
-53.5804
-53.5699
-53.5374
-53.5157
-53.4977
-53.4797
-53.4616
-53.4439
-53.4261
-53.4090
-53.4099
-53.3906
-53.3738
-53.3575
-53.3414
-53.3243
-53.3054
-53.2842
-53.2637
-53.2452
-53.2300
-53.2141
-53.1959
-53.1771
-53.1593
-53.1438
-53.1282
-53.1133
-53.1452
-53.1324
-53.1228
-53.1139
-53.1083
-53.1026
-53.0951
-53.7600
-53.7399
-53.7190
-53.6760
-53.6676
-53.6582
-53.6480
-53.6088
-53.5899
-53.5721
-53.5541
-53.5365
-53.5189
-53.5014
-53.5034
-53.4843
-53.4662
-53.4499
-53.4337
-53.4175
-53.4001
-53.3800
-53.3596
-53.3392
-53.3231
-53.3078
-53.2914
-53.2728
-53.2541
-53.2377
-53.2224
-53.2073
-53.2369
-53.2267
-53.2142
-53.2048
-53.1972
-53.1917
-53.1858
-53.1783
-53.8310
-53.8107
-53.7895
-53.7542
-53.7355
-53.6636
-53.6459
-53.6281
-53.6107
-53.5933
-53.5765
-53.5772
-53.5582
-53.5416
-53.5255
-53.5096
-53.4930
-53.4751
-53.4544
-53.4342
-53.4153
-53.4004
-53.3850
-53.3676
-53.3491
-53.3309
-53.3156
-53.3003
-53.2856
-53.3177
-53.3073
-53.2955
-53.2860
-53.2799
-53.2746
-53.2683
-53.2609
-53.9013
-53.8805
-53.8401
-65.4192
-53.8298
-65.2052
-53.7367
-53.7191
-53.7018
-53.6845
-53.6674
-53.6690
-53.6503
-53.6325
-53.6164
-53.6004
-53.5845
-53.5678
-53.5488
-53.5284
-53.5084
-53.4920
-53.4770
-53.4613
-53.4431
-53.4247
-53.4078
-53.3928
-53.3777
-53.4077
-53.3979
-53.3871
-53.3761
-53.3674
-53.3620
-53.3568
-53.3501
-53.3436
-53.9707
-53.9499
-53.9419
-63.6212
-53.9047
-69.4832
-53.8118
-53.7919
-53.7748
-53.7576
-53.7599
-53.7416
-53.7230
-53.7066
-53.6906
-53.6750
-53.6588
-53.6419
-53.6217
-53.6019
-53.5825
-53.5680
-53.5530
-53.5363
-53.5181
-53.4997
-53.4844
-53.4694
-53.4548
-53.4872
-53.4775
-53.4670
-53.4560
-53.4486
-53.4435
-53.4386
-53.4312
-53.4250
-54.0395
-54.0015
-63.7237
-53.9838
-65.4419
-68.7652
-69.5343
-53.9062
-53.8839
-53.8643
-53.8473
-53.8306
-53.8320
-53.8136
-53.7960
-53.7801
-53.7643
-53.7487
-53.7324
-53.7147
-53.6945
-53.6748
-53.6579
-53.6434
-53.6283
-53.6106
-53.5925
-53.5753
-53.5603
-53.5454
-53.5755
-53.5662
-53.5560
-53.5463
-53.5352
-53.5293
-53.5242
-53.5191
-53.5125
-53.5056
-54.1077
-63.7582
-54.0741
-54.0588
-65.5895
-66.1785
-63.9473
-53.9770
-53.9578
-53.9362
-53.9193
-53.9214
-53.9034
-53.8851
-53.8688
-53.8531
-53.8377
-53.8218
-53.8054
-53.7862
-53.7668
-53.7472
-53.7327
-53.7181
-53.7022
-53.6843
-53.6663
-53.6504
-53.6356
-53.6210
-53.6538
-53.6444
-53.6339
-53.6249
-53.6147
-53.6094
-53.6051
-53.5988
-53.5927
-53.5865
-54.1604
-62.8856
-54.1427
-63.3313
-65.4438
-64.0022
-54.0646
-54.0475
-54.0291
-54.0076
-54.0099
-53.9923
-53.9742
-53.9568
-53.9412
-53.9256
-53.9103
-53.8943
-53.8775
-53.8579
-53.8384
-53.8212
-53.8069
-53.7922
-53.7753
-53.7575
-53.7399
-53.7251
-53.7104
-53.7405
-53.7315
-53.7220
-53.7118
-53.7028
-53.6939
-53.6889
-53.6852
-53.6780
-53.6720
-53.6666
