-60.3790
-60.4120
-60.4824
-60.4967
-60.6126
-60.7029
-60.7805
-60.8932
-60.9726
-61.0509
-61.1284
-61.2054
-61.2824
-61.3598
-61.4377
-61.5162
-61.5952
-61.6983
-61.8489
-66.7852
-66.7164
-66.6482
-66.5814
-66.5159
-65.9647
-65.8934
-65.8311
-65.7703
-65.7110
-65.6530
-65.5964
-65.5412
-65.4874
-65.5025
-65.4502
-65.3999
-65.3517
-65.3059
-65.2631
-65.2242
-60.2730
-60.3357
-60.4069
-60.4174
-60.5536
-60.6310
-60.7430
-60.8225
-60.9027
-60.9813
-61.0596
-61.1373
-61.2151
-61.2935
-61.3723
-61.4516
-61.5315
-61.6590
-66.7694
-66.6989
-66.6295
-66.5606
-66.4932
-66.4271
-65.8777
-65.8058
-65.7431
-65.6820
-65.6222
-65.5638
-65.5068
-65.4513
-65.4653
-65.4108
-65.3585
-65.3081
-65.2601
-65.2148
-65.1727
-65.1350
-60.1879
-60.2588
-60.3263
-60.3566
-60.4802
-60.5912
-60.6708
-60.7511
-60.8324
-60.9111
-60.9903
-61.0690
-61.1476
-61.2268
-61.3066
-61.3868
-61.4675
-61.6195
-66.6832
-66.6120
-66.5417
-66.4722
-66.4041
-66.3374
-65.7939
-65.7177
-65.6545
-65.5929
-65.5326
-65.4738
-65.4165
-65.3606
-65.3729
-65.3185
-65.2661
-65.2157
-65.1679
-65.1230
-65.0819
-65.0456
-60.1098
-60.1768
-60.2641
-60.2819
-60.4389
-60.5178
-60.5982
-60.6796
-60.7612
-60.8406
-60.9208
-61.0003
-61.0798
-61.1599
-61.2405
-61.3216
-61.4268
-61.5561
-66.5962
-66.5242
-66.4532
-66.3830
-66.3143
-66.2469
-65.7054
-65.6287
-65.5651
-65.5030
-65.4423
-65.3831
-65.3253
-65.3365
-65.2800
-65.2254
-65.1730
-65.1228
-65.0752
-65.0310
-64.9909
-64.9563
-60.0265
-60.1130
-60.1881
-60.2384
-60.3639
-60.4437
-60.5250
-60.6075
-60.6895
-60.7697
-60.8509
-60.9312
-61.0117
-61.0927
-61.1742
-61.2562
-61.3623
-61.5160
-66.5085
-66.4356
-66.3639
-66.2930
-66.2236
-66.1557
-65.6200
-65.5390
-65.4749
-65.4123
-65.3512
-65.2916
-65.2334
-65.2430
-65.1863
-65.1316
-65.0791
-65.0292
-64.9821
-64.9386
-64.8998
-64.8673
-59.9609
-60.0357
-60.1434
-60.1621
-60.2884
-60.3691
-60.4515
-60.5350
-60.6172
-60.6986
-60.7805
-60.8618
-60.9432
-61.0252
-61.1076
-61.1905
-61.3211
-66.4549
-66.4200
-66.3463
-66.2738
-66.2023
-66.1322
-66.0637
-65.5300
-65.4485
-65.3839
-65.3209
-65.2593
-65.1992
-65.1414
-65.1487
-65.0918
-65.0371
-64.9848
-64.9350
-64.8885
-64.8460
-64.8087
-64.7789
-59.8822
-59.9893
-60.0659
-60.0853
-60.2124
-60.2941
-60.3776
-60.4619
-60.5446
-60.6269
-60.7099
-60.7921
-60.8744
-60.9574
-61.0406
-61.1244
-61.2796
-66.3834
-66.3306
-66.2562
-66.1830
-66.1107
-66.0399
-65.9708
-65.4429
-65.3573
-65.2921
-65.2286
-65.1665
-65.1060
-65.1126
-65.0536
-64.9967
-64.9419
-64.8896
-64.8403
-64.7945
-64.7531
-64.7179
-64.6913
-59.8345
-59.9103
-59.9876
-60.0077
-60.1359
-60.2187
-60.3032
-60.3883
-60.4716
-60.5549
-60.6389
-60.7220
-60.8053
-60.8891
-60.9734
-61.0818
-61.2380
-66.3115
-66.2406
-66.1653
-66.0912
-66.0184
-65.9470
-65.8772
-65.3513
-65.2652
-65.1996
-65.1356
-65.0730
-65.0120
-65.0171
-64.9578
-64.9007
-64.8461
-64.7941
-64.7451
-64.7002
-64.6604
-64.6276
-64.6048
-59.7536
-59.8306
-59.9087
-59.9297
-60.0588
-60.1428
-60.2285
-60.3144
-60.3983
-60.4826
-60.5676
-60.6516
-60.7358
-60.8206
-60.9058
-61.0153
-66.1506
-66.2243
-66.1497
-66.0736
-65.9987
-65.9251
-65.8531
-65.7827
-65.2628
-65.1723
-65.1062
-65.0417
-64.9786
-64.9823
-64.9207
-64.8614
-64.8042
-64.7497
-64.6979
-64.6497
-64.6058
-64.5679
-64.5381
-64.5197
-59.6724
-59.7502
-59.8293
-59.8512
-59.9813
-60.0664
-60.1529
-60.2400
-60.3244
-60.4098
-60.4959
-60.5809
-60.6660
-60.7519
-60.8381
-60.9722
-66.0766
-66.1337
-66.0580
-65.9811
-65.9054
-65.8312
-65.7584
-65.6875
-65.1696
-65.0788
-65.0121
-64.9469
-64.8835
-64.8854
-64.8237
-64.7643
-64.7071
-64.6527
-64.6014
-64.5540
-64.5116
-64.4759
-64.4497
-64.4368
-59.5906
-59.6694
-59.7494
-59.7721
-59.9033
-59.9895
-60.0770
-60.1648
-60.2502
-60.3365
-60.4237
-60.5096
-60.5959
-60.6827
-60.7701
-60.9288
-66.0023
-66.0422
-65.9655
-65.8878
-65.8114
-65.7364
-65.6630
-65.5914
-65.0793
-64.9843
-64.9170
-64.8514
-64.7899
-64.7879
-64.7260
-64.6665
-64.6095
-64.5553
-64.5047
-64.4583
-64.4177
-64.3850
-64.3632
-64.3563
-59.5082
-59.5879
-59.6689
-59.6926
-59.8248
-59.9122
-60.0006
-60.0890
-60.1756
-60.2630
-60.3513
-60.4382
-60.5255
-60.6134
-60.7255
-60.8852
-65.9278
-65.9500
-65.8723
-65.7936
-65.7165
-65.6408
-65.5667
-65.4946
-64.9846
-64.8891
-64.8214
-64.7553
-64.7540
-64.6898
-64.6278
-64.5683
-64.5114
-64.4578
-64.4079
-64.3629
-64.3246
-64.2953
-64.2786
-64.2787
-59.4252
-59.5059
-59.5877
-59.6124
-59.7457
-59.8340
-59.9237
-60.0130
-60.1006
-60.1892
-60.2785
-60.3663
-60.4547
-60.5437
-60.6804
-65.7597
-65.8530
-65.8571
-65.7783
-65.6988
-65.6208
-65.5445
-65.4698
-65.3970
-64.8928
-64.7932
-64.7249
-64.6584
-64.6556
-64.5912
-64.5292
-64.4697
-64.4132
-64.3602
-64.3114
-64.2682
-64.2325
-64.2074
-64.1966
-64.2041
-59.3415
-59.4232
-59.5061
-59.5318
-59.6662
-59.7555
-59.8465
-59.9364
-60.0252
-60.1148
-60.2053
-60.2942
-60.3838
-60.4738
-60.6117
-65.6830
-65.7780
-65.7635
-65.6835
-65.6033
-65.5245
-65.4474
-65.3722
-65.2987
-64.7967
-64.6968
-64.6280
-64.6236
-64.5567
-64.4923
-64.4304
-64.3711
-64.3150
-64.2629
-64.2155
-64.1743
-64.1418
-64.1215
-64.1174
-64.1325
-59.2572
-59.3398
-59.4239
-59.4505
-59.5859
-59.6765
-59.7688
-59.8595
-59.9495
-60.0402
-60.1316
-60.2218
-60.3124
-60.4036
-60.5662
-65.6061
-65.7029
-65.6691
-65.5881
-65.5070
-65.4275
-65.3499
-65.2739
-65.1999
-64.7038
-64.5998
-64.5305
-64.5247
-64.4577
-64.3932
-64.3314
-64.2727
-64.2172
-64.1659
-64.1200
-64.0813
-64.0527
-64.0378
-64.0407
-64.0638
-59.1723
-59.2559
-59.3411
-59.3687
-59.5050
-59.5970
-59.6908
-59.7821
-59.8732
-59.9650
-60.0578
-60.1490
-60.2408
-60.3568
-60.5206
-65.5291
-65.6277
-65.5743
-65.4921
-65.4102
-65.3300
-65.2517
-65.1752
-65.1007
-64.6069
-64.5026
-64.4952
-64.4257
-64.3588
-64.2944
-64.2328
-64.1743
-64.1195
-64.0693
-64.0252
-63.9893
-63.9650
-63.9563
-63.9670
-63.9977
-59.0866
-59.1715
-59.2578
-59.2865
-59.4236
-59.5170
-59.6124
-59.7043
-59.7964
-59.8896
-59.9836
-60.0759
-60.1689
-60.3099
-65.3530
-65.4521
-65.5525
-65.4789
-65.3957
-65.3130
-65.2322
-65.1533
-65.0763
-65.0015
-64.5135
-64.4054
-64.3964
-64.3270
-64.2599
-64.1956
-64.1341
-64.0760
-64.0219
-63.9729
-63.9308
-63.8981
-63.8789
-63.8772
-63.8960
-63.9341
-59.0004
-59.0864
-59.1738
-59.2040
-59.3417
-59.4366
-59.5334
-59.6260
-59.7194
-59.8138
-59.9090
-60.0026
-60.0969
-60.2627
-65.2740
-65.3750
-65.4644
-65.3833
-65.2989
-65.2156
-65.1343
-65.0550
-64.9777
-64.9023
-64.4166
-64.3091
-64.2978
-64.2283
-64.1611
-64.0968
-64.0353
-63.9776
-63.9242
-63.8766
-63.8369
-63.8082
-63.7948
-63.8007
-63.8275
-63.8727
-58.9135
-59.0006
-59.0892
-59.1209
-59.2592
-59.3558
-59.4535
-59.5472
-59.6420
-59.7377
-59.8342
-59.9291
-60.0247
-60.1918
-65.1954
-65.2985
-65.3694
-65.2878
-65.2025
-65.1186
-65.0369
-64.9571
-64.8794
-64.8036
-64.3200
-64.2717
-64.1994
-64.1295
-64.0621
-63.9975
-63.9361
-63.8788
-63.8262
-63.7803
-63.7436
-63.7196
-63.7130
-63.7270
-63.7617
-63.8140
-58.8260
-58.9144
-59.0041
-59.0367
-59.1763
-59.2747
-59.3732
-59.4683
-59.5643
-59.6613
-59.7591
-59.8554
-59.9761
-65.0130
-65.1172
-65.2227
-65.2747
-65.1928
-65.1065
-65.0222
-64.9399
-64.8597
-64.7815
-64.7052
-64.2234
-64.1735
-64.1006
-64.0303
-63.9625
-63.8977
-63.8365
-63.7794
-63.7280
-63.6842
-63.6511
-63.6326
-63.6341
-63.7112
-63.7521
-63.8086
-58.7378
-58.8275
-58.9181
-58.9520
-59.0930
-59.1932
-59.2924
-59.3888
-59.4864
-59.5848
-59.6840
-59.7818
-59.9275
-64.9332
-65.0399
-65.1482
-65.1808
-65.0981
-65.0113
-64.9265
-64.8436
-64.7627
-64.6837
-64.6067
-64.1870
-64.0748
-64.0013
-63.9304
-63.8621
-63.7970
-63.7359
-63.6796
-63.6296
-63.6470
-63.6158
-63.6017
-63.6089
-63.6382
-63.6866
-63.7484
-58.6491
-58.7399
-58.8317
-58.8668
-59.0092
-59.1113
-59.2114
-59.3092
-59.4082
-59.5082
-59.6089
-59.7082
-59.8790
-64.8547
-64.9642
-65.0754
-65.0879
-65.0044
-64.9169
-64.8312
-64.7475
-64.6657
-64.5857
-64.5076
-64.0883
-63.9753
-63.9011
-63.8295
-63.7608
-63.6956
-63.6962
-63.6379
-63.5871
-63.5467
-63.5209
-63.5144
-63.5304
-63.5685
-63.6234
-63.6903
-58.5597
-58.6518
-58.7448
-58.8332
-58.9250
-59.0291
-59.1301
-59.2295
-59.3301
-59.4317
-59.5340
-59.6348
-59.8310
-64.7777
-64.8903
-65.0043
-64.9961
-64.9114
-64.8228
-64.7360
-64.6511
-64.5681
-64.4869
-64.4102
-64.3946
-63.8749
-63.7999
-63.7929
-63.7205
-63.6521
-63.5887
-63.5318
-63.4836
-63.4474
-63.4283
-63.4302
-63.4552
-63.5008
-63.5617
-63.6333
-58.4697
-58.5629
-58.6573
-58.7480
-58.8405
-58.9471
-59.0487
-59.1497
-59.2520
-59.3553
-59.4592
-59.5855
-64.5887
-64.7025
-64.8179
-64.9349
-64.9048
-64.8185
-64.7287
-64.6405
-64.5541
-64.4697
-64.3872
-64.3713
-64.3687
-63.8396
-63.7600
-63.6838
-63.6112
-63.5431
-63.4807
-63.4259
-63.3808
-63.3499
-63.3378
-63.3486
-63.3826
-63.4355
-63.5022
-63.5789
-58.3793
-58.4737
-58.5696
-58.6628
-58.7558
-58.8651
-58.9674
-59.0702
-59.1742
-59.2792
-59.3849
-59.5367
-64.5120
-64.6286
-64.7468
-64.8665
-64.8133
-64.7253
-64.6338
-64.5441
-64.4562
-64.4524
-64.3637
-64.3419
-64.2564
-63.7304
-63.6503
-63.5737
-63.5016
-63.4340
-63.3727
-63.3199
-63.2788
-63.2538
-63.2501
-63.2702
-63.3127
-63.3726
-63.4445
-63.5234
-58.2883
-58.3842
-58.4817
-58.5777
-58.6711
-58.7831
-58.8863
-58.9909
-59.0967
-59.2036
-59.3110
-59.4880
-64.4363
-64.5558
-64.6764
-64.7988
-64.7215
-64.6314
-64.6272
-64.5303
-64.4357
-64.3435
-64.3189
-64.2294
-64.1432
-63.6202
-63.5399
-63.4632
-63.3907
-63.3239
-63.2643
-63.2143
-63.1779
-63.1598
-63.1653
-63.1948
-63.2455
-63.3118
-63.3889
-63.4561
-58.1970
-58.2946
-58.3938
-58.4930
-58.5867
-58.7004
-58.8054
-58.9119
-59.0195
-59.1281
-59.2371
-59.4396
-64.3610
-64.4830
-64.6064
-64.8173
-64.7196
-64.6217
-64.5213
-64.4231
-64.3270
-64.2335
-64.2063
-64.1163
-64.0293
-63.5092
-63.4282
-63.3512
-63.2790
-63.2134
-63.1558
-63.1095
-63.0787
-63.0690
-63.0838
-63.1227
-63.1811
-63.2548
-63.3173
-63.3235
-58.1055
-58.2049
-58.3059
-58.4083
-58.5023
-58.6179
-58.7247
-58.8329
-58.9423
-59.0526
-59.1870
-64.1626
-64.3769
-64.5002
-64.6249
-64.7155
-64.6164
-64.5165
-64.4146
-64.3148
-64.2178
-64.1877
-64.0932
-64.0016
-63.9139
-63.3969
-63.3156
-63.2386
-63.1671
-63.1026
-63.0476
-63.0056
-62.9817
-62.9810
-63.0057
-63.0537
-63.1044
-63.1813
-63.2628
-63.1862
-58.0142
-58.1153
-58.2181
-58.3223
-58.4179
-58.5353
-58.6440
-58.7539
-58.8653
-59.0048
-59.1644
-64.1676
-64.2921
-64.4182
-64.5455
-64.6129
-64.5126
-64.4109
-64.3072
-64.2060
-64.1071
-64.0741
-63.9785
-63.8861
-63.7974
-63.2837
-63.2019
-63.1252
-63.0545
-62.9918
-62.9399
-62.9034
-62.8877
-62.8967
-62.9164
-62.9727
-63.0458
-63.1247
-63.1552
-63.0667
-57.9228
-58.0257
-58.1300
-58.2361
-58.3334
-58.4530
-58.5892
-58.7004
-58.8126
-58.9260
-59.1112
-64.0803
-64.2075
-64.3363
-64.4670
-64.5103
-64.4084
-64.3040
-64.1987
-64.0958
-63.9961
-63.9594
-63.8626
-63.7693
-63.6799
-63.1695
-63.0876
-63.0110
-62.9418
-62.8814
-62.8337
-62.8036
-62.7816
-62.8009
-62.8452
-62.9118
-62.9866
-63.0695
-63.0282
-62.9392
-57.8312
-57.9357
-58.0421
-58.1745
-58.2730
-58.3935
-58.5051
-58.6180
-58.7321
-58.8472
-59.0580
-63.9935
-64.1236
-64.2551
-64.3880
-64.4064
-64.3030
-64.1964
-64.0892
-63.9845
-63.9452
-63.8438
-63.7458
-63.6516
-63.5618
-63.0548
-62.9727
-62.8969
-62.8288
-62.7714
-62.7135
-62.6910
-62.6937
-62.7236
-62.7775
-62.8427
-62.9221
-62.9784
-62.8863
-63.1561
-57.7629
-57.8686
-57.9759
-58.0848
-58.1849
-58.3073
-58.4207
-58.5354
-58.6513
-58.7922
-63.7745
-63.9062
-64.0391
-64.1736
-64.3096
-64.3019
-64.1971
-64.0878
-63.9788
-63.8723
-63.8304
-63.7278
-63.6287
-63.5334
-63.4425
-62.9389
-62.8571
-62.7821
-62.7003
-62.6466
-62.6100
-62.5960
-62.6090
-62.6424
-62.7069
-62.7815
-62.8655
-62.8548
-62.7621
-63.0438
-57.6677
-57.7749
-57.8840
-57.9948
-58.0967
-58.2209
-58.3362
-58.4528
-58.5705
-58.7371
-63.6843
-63.8189
-63.9549
-64.0925
-64.2318
-64.1969
-64.0909
-63.9790
-63.8681
-63.8222
-63.7145
-63.6104
-63.5101
-63.4139
-63.3224
-62.8225
-62.7241
-62.6502
-62.5867
-62.5374
-62.5078
-62.4970
-62.5212
-62.5748
-62.6422
-62.7224
-62.8061
-62.7297
-62.6362
-62.9289
-57.5719
-57.6809
-57.7917
-57.9044
-57.9532
-58.1342
-58.2513
-58.3697
-58.4894
-58.6819
-63.5941
-63.7319
-63.8718
-64.0125
-64.1552
-64.0922
-63.9839
-63.8692
-63.7563
-63.7071
-63.5979
-63.4924
-63.3909
-63.2936
-63.1808
-62.6865
-62.6054
-62.5333
-62.4731
-62.4228
-62.4017
-62.4081
-62.4438
-62.5054
-62.5798
-62.6651
-62.6800
-62.5833
-62.5086
-62.8136
-57.4756
-57.5865
-57.6991
-57.8134
-57.8640
-58.0471
-58.1661
-58.2866
-58.4084
-63.3583
-63.5048
-63.6460
-63.7888
-63.9328
-64.0793
-63.9867
-63.8766
-63.7591
-63.7059
-63.5910
-63.4799
-63.3725
-63.2471
-63.1490
-63.0566
-62.5663
-62.4863
-62.4095
-62.3536
-62.3170
-62.3054
-62.3234
-62.3731
-62.4389
-62.5197
-62.6095
-62.5521
-62.4547
-62.3793
-62.6978
-57.3783
-57.4911
-57.6057
-57.7220
-57.7742
-57.9598
-58.0808
-58.2033
-58.3511
-63.2654
-63.4154
-63.5598
-63.7064
-63.8539
-63.9970
-63.8802
-63.7671
-63.6467
-63.5898
-63.4735
-63.3352
-63.2267
-63.1226
-63.0237
-62.9229
-62.4381
-62.3595
-62.2928
-62.2421
-62.2135
-62.2130
-62.2472
-62.3014
-62.3752
-62.4616
-62.5038
-62.4224
-62.3242
-62.2480
-62.5604
-57.2805
-57.3955
-57.5122
-57.6305
-57.6845
-57.8723
-57.9955
-58.1200
-58.2937
-63.1721
-63.3254
-63.4734
-63.6233
-63.7751
-63.8920
-63.7729
-63.6567
-63.5338
-63.4447
-63.3264
-63.2120
-63.1019
-62.9881
-62.8888
-62.7963
-62.3162
-62.2396
-62.1766
-62.1324
-62.1131
-62.1246
-62.1692
-62.2330
-62.3139
-62.4054
-62.3731
-62.2714
-62.1918
-62.4582
-62.4443
-57.1826
-57.2994
-57.4183
-57.5388
-57.5946
-57.7848
-57.9095
-58.0364
-58.2362
-63.0790
-63.2359
-63.3878
-63.5419
-63.6970
-63.7863
-63.6648
-63.5129
-63.4482
-63.3239
-63.2035
-63.0782
-62.9668
-62.8607
-62.7608
-62.6686
-62.1937
-62.1197
-62.0615
-62.0249
-62.0166
-62.0446
-62.0950
-62.1676
-62.2550
-62.3265
-62.2405
-62.1378
-62.0575
-62.3404
-62.3286
-57.0842
-57.2033
-57.3241
-57.4468
-57.5037
-57.6963
-57.8238
-57.9528
-62.8223
-62.9862
-63.1470
-63.3027
-63.4604
-63.6199
-63.6427
-63.5192
-63.3963
-63.3279
-63.1919
-63.0698
-62.9520
-62.8391
-62.7318
-62.6316
-62.5400
-62.0708
-62.0002
-61.9478
-61.9206
-61.9293
-61.9633
-62.0245
-62.1052
-62.1985
-62.1930
-62.1060
-62.0023
-61.9212
-62.2019
-62.2137
-56.9855
-57.1067
-57.2297
-57.3534
-57.4131
-57.6081
-57.7379
-57.8933
-62.7256
-62.8933
-63.0583
-63.2181
-63.3403
-63.5018
-63.5311
-63.4051
-63.3279
-63.1963
-63.0681
-62.9437
-62.8240
-62.7097
-62.6016
-62.5011
-62.4107
-61.9476
-61.8813
-61.8363
-61.8198
-61.8404
-61.8863
-61.9574
-62.0456
-62.1440
-62.0574
-61.9497
-61.8648
-61.7827
-62.0864
-62.1000
