-64.4501
-65.0666
-63.2686
-63.1758
-62.3439
-50.5542
-50.4356
-50.2951
-50.1614
-50.0320
-49.9087
-49.8522
-56.7896
-56.7612
-56.7632
-56.8000
-56.8802
-57.0192
-57.2422
-57.5917
-58.1402
-58.9961
-61.2334
-47.9611
-51.7288
-51.8001
-51.8742
-51.9397
-52.0249
-52.1372
-52.2711
-52.4381
-52.7196
-52.9606
-50.5165
-50.3510
-50.1806
-50.0404
-49.9151
-49.7976
-49.6987
-49.5891
-49.4801
-49.3711
-49.2615
-49.1510
-49.0393
-48.9265
-48.8122
-48.7444
-57.3016
-53.9340
-48.0693
-47.9062
-49.2639
-49.2691
-49.2617
-49.2433
-49.2290
-49.2221
-49.2025
-49.1754
-49.1590
-49.1325
-49.1035
-49.0723
-49.0389
-49.0035
-48.9658
-48.9420
-48.9138
-48.8423
-48.7687
-48.7151
-48.6613
-48.6049
-48.5460
-48.4959
-48.4333
-48.3680
-48.2999
-48.2292
-48.1558
-48.0796
-48.0008
-47.9192
-47.8349
-47.7478
-47.6573
-47.5642
-47.4683
-47.3696
-47.2620
-47.1582
-51.6598
-51.7222
-49.2514
-49.2331
-49.1919
-49.1853
-49.1659
-49.1386
-49.1231
-49.0968
-49.0680
-49.0369
-49.0036
-48.9682
-48.9305
-48.8904
-48.8454
-48.7906
-48.7330
-48.6859
-48.6321
-48.5758
-48.5169
-48.4671
-48.4044
-48.3391
-48.2710
-48.2003
-48.1268
-48.0504
-47.9713
-47.8894
-47.8047
-47.7173
-47.6261
-47.5323
-47.4356
-47.3361
-47.2277
-47.1231
-51.6242
-51.6859
-51.7442
-51.7938
-51.8314
-51.8983
-51.9430
-51.9752
-52.0352
-52.0758
-52.1143
-52.1511
-52.1865
-52.2204
-52.2528
-52.2831
-52.3061
-52.3090
-48.7353
-48.6656
-48.5943
-48.5380
-48.4792
-48.4295
-48.3668
-48.3017
-48.2339
-48.1633
-48.0900
-48.0139
-47.9352
-47.8536
-47.7693
-47.6822
-47.5913
-47.5021
-47.4343
-47.3457
-47.8360
-47.7054
-51.5899
-51.6507
-51.7080
-51.7595
-51.7985
-51.8694
-51.9173
-51.9524
-52.0183
-52.0640
-52.1874
-52.3475
-56.8704
-56.8403
-56.8253
-56.8011
-56.7642
-56.6660
-56.5552
-56.4949
-56.4384
-56.3792
-56.3174
-56.3267
-56.2681
-56.2067
-56.1414
-56.0725
-56.0003
-55.9247
-55.8457
-55.7634
-55.6777
-55.5888
-48.3620
-48.1898
-48.0638
-47.9361
-47.7992
-47.6682
-57.3398
-57.3467
-57.3452
-57.3275
-57.2603
-57.3268
-57.2972
-57.2298
-56.9485
-56.9243
-56.8972
-56.8699
-56.8394
-56.7984
-56.7811
-56.7490
-56.7117
-56.5944
-56.4902
-56.4464
-56.4057
-56.3644
-56.3228
-56.3576
-56.3260
-56.2951
-56.2645
-56.2349
-56.2074
-56.1828
-56.1569
-56.0925
-56.0268
-55.9604
-55.8860
-55.8117
-55.7382
-55.6668
-55.5567
-55.5005
-57.6056
-57.6029
-57.5971
-57.5810
-57.4956
-57.5657
-57.5408
-57.4640
-57.5247
-57.5190
-57.5389
-59.1784
-59.4012
-59.7586
-60.4770
-58.1607
-57.7321
-57.3738
-57.1839
-57.0414
-56.9242
-56.8219
-56.8161
-56.7404
-56.6687
-56.6000
-56.5343
-56.4715
-56.4122
-56.3571
-56.3067
-56.2631
-55.8894
-55.8666
-55.8559
-55.8245
-55.8549
-55.8732
-55.9909
-64.6001
-66.6505
-66.4270
-66.0436
-67.0402
-57.8587
-57.4456
-57.2561
-57.0910
-56.9461
-56.8158
-56.7823
-56.6779
-56.5773
-56.4809
-56.3863
-56.2936
-56.2027
-56.1143
-56.0285
-55.9459
-55.8683
-55.7880
-55.7148
-55.6520
-55.6043
-55.5371
-55.5536
-68.8119
-67.0199
-67.6025
-68.0931
-66.8661
-50.3222
-50.1685
-50.0471
-49.9263
-49.8067
-49.6881
-49.5878
-49.4723
-49.3563
-49.2399
-49.1224
-49.0039
-48.8843
-48.7633
-48.6409
-48.5170
-48.3916
-48.2631
-48.1327
-48.0004
-47.8661
-47.7229
-47.5862
-68.2570
-65.5900
-65.7968
-61.3300
-64.3798
-64.3974
-64.7325
-50.3126
-50.1451
-50.0196
-49.8978
-49.7788
-49.6614
-49.5630
-49.4490
-49.3346
-49.2194
-49.1031
-48.9857
-48.8669
-48.7468
-48.6251
-48.5017
-48.3767
-48.2486
-48.1184
-47.9861
-47.8518
-47.7087
-47.5721
-63.1976
-59.3210
-58.7350
-58.4517
-58.4959
-57.5486
-57.5846
-57.7701
-58.0386
-58.5231
-59.4418
-60.7619
-50.3557
-50.2104
-50.0514
-49.9240
-49.8046
-49.6892
-49.5755
-49.4805
-49.3692
-49.2464
-49.1327
-49.0183
-48.9023
-48.7848
-48.6656
-48.5446
-48.4220
-48.2974
-48.1244
-47.9915
-47.8574
-47.7259
-47.5856
-47.4515
-51.3263
-51.2492
-51.1775
-51.1041
-51.0289
-50.9522
-50.8562
-50.7997
-50.7301
-50.6494
-50.5724
-50.4879
-50.4019
-50.3125
-50.2252
-50.1358
-50.0225
-49.9290
-49.8186
-49.7326
-49.6333
-49.5440
-49.4515
-49.3648
-49.2605
-49.2166
-49.1055
-48.9927
-48.8778
-48.7611
-48.6427
-48.5226
-48.4006
-48.2766
-48.1498
-48.0202
-47.8882
-47.7539
-47.6109
-47.4744
-57.0990
-57.0719
-57.1224
-57.1704
-57.2368
-57.3341
-57.4011
-57.7548
-58.2590
-59.1105
-66.9901
-50.3002
-50.1596
-50.0022
-49.8754
-49.7560
-49.6402
-49.5260
-49.4314
-49.3198
-49.2073
-49.0935
-48.9785
-48.8619
-48.7438
-48.6238
-48.5020
-48.3784
-48.2531
-48.1252
-47.9941
-47.8607
-47.7243
-47.5796
-47.4415
-60.5363
-60.1737
-59.8099
-59.6831
-59.7258
-59.7707
-60.1869
-60.6592
-61.1648
-67.5247
-50.2686
-50.1350
-49.9973
-49.8773
-49.7579
-49.6389
-49.5232
-49.4239
-49.3087
-49.1928
-49.0760
-48.9581
-48.8390
-48.7188
-48.5971
-48.4741
-48.3495
-48.2229
-48.0943
-47.9624
-47.8281
-47.6911
-47.5463
-47.4082
-58.8153
-58.8454
-58.8294
-58.8908
-58.9905
-59.1579
-59.3132
-59.6132
-60.0713
-60.6462
-61.5190
-62.0283
-62.7403
-63.1036
-50.2264
-50.1052
-49.9661
-49.8452
-49.7254
-49.6066
-49.5057
-49.3913
-49.2764
-49.1606
-49.0439
-48.9261
-48.8071
-48.6868
-48.5648
-48.4414
-48.3164
-48.1897
-48.0613
-47.9295
-47.7944
-47.6473
-47.5105
-47.3717
-51.5960
-51.2997
-51.1936
-50.8989
-50.7952
-50.7346
-50.6629
-50.5803
-60.8091
-61.7567
-50.2170
-50.1025
-49.9714
-49.8553
-49.7366
-49.6176
-49.5164
-49.4009
-49.2845
-49.1670
-49.0484
-48.9216
-48.8073
-48.6849
-48.5611
-48.4360
-48.3094
-48.1810
-48.0508
-47.8931
-47.7583
-47.6109
-47.4723
-47.3342
-59.7723
-59.6080
-59.5960
-59.5890
-59.6521
-59.7314
-59.6769
-59.9708
-60.5397
-61.3322
-62.3595
-50.1938
-50.0726
-49.9378
-49.8201
-49.7022
-49.5840
-49.4841
-49.3699
-49.2545
-49.1380
-49.0201
-48.8936
-48.7794
-48.6577
-48.5345
-48.3727
-48.2488
-48.1226
-47.9945
-47.8648
-47.7275
-47.5782
-47.4403
-47.3025
-60.6362
-60.4685
-60.5198
-60.6063
-60.5064
-60.4052
-60.8501
-61.3944
-62.0127
-62.6012
-62.9049
-50.1684
-50.0418
-49.9037
-49.7844
-49.6658
-49.5480
-49.4495
-49.3362
-49.2217
-49.1058
-48.9886
-48.8227
-48.7042
-48.5849
-48.4638
-48.3363
-48.2130
-48.0893
-47.9605
-47.8297
-47.6960
-47.5440
-47.4058
-47.2673
-61.0115
-60.8872
-60.8077
-60.8063
-60.9163
-61.1682
-61.6500
-62.7728
-50.2503
-50.1319
-50.0058
-49.8634
-49.7424
-49.6237
-49.5065
-49.4096
-49.2432
-49.1331
-49.0209
-48.8996
-48.7823
-48.6638
-48.5451
-48.4246
-48.3024
-48.1826
-48.0557
-47.9300
-47.8473
-47.7136
-47.5575
-47.4167
-54.5736
-61.1088
-60.8503
-60.7639
-59.2117
-59.3281
-60.3794
-63.1180
-63.5524
-50.2272
-50.0894
-49.9509
-49.8069
-49.6242
-49.5063
-49.3952
-49.3057
-49.1996
-49.0909
-48.9798
-48.8665
-56.4558
-56.7504
-57.5024
-59.0720
-61.8747
-55.4277
-55.3871
-55.3665
-57.8981
-57.9214
-57.9891
-58.1047
-58.2640
-58.5389
-58.9248
-59.6722
-59.8715
-60.4453
-59.4894
-60.1025
-60.4687
-50.0063
-49.9042
-49.8003
-56.5343
-56.5092
-56.4971
-56.5018
-56.6421
-56.7296
-56.8492
-57.0199
-57.2701
-57.6197
-58.1206
-59.0695
-60.3646
-61.7678
-56.0495
-55.8739
-55.9609
-59.4563
-58.9925
-58.6253
-58.3594
-58.3001
-58.1454
-50.9144
-50.7584
-50.6694
-57.2545
-57.1387
-57.1372
-57.0108
-56.9710
-56.9400
-56.9199
-56.9064
-56.8988
-56.8090
-56.8255
-56.8583
-56.9111
-57.1264
-57.2820
-57.4758
-57.7257
-58.0589
-58.4704
-59.0571
-59.5333
-59.5034
-59.4689
-59.4283
-59.4312
-59.3913
-56.3310
-56.3947
-56.3205
-56.4393
-56.6050
-58.6600
-58.1567
-57.7998
-57.5476
-57.4415
-57.3716
-57.3466
-57.2494
-57.2684
-57.2341
-57.1453
-57.1883
-57.0860
-57.0756
-57.0754
-57.0857
-57.1012
-57.1244
-57.0592
-57.1082
-57.1750
-57.2638
-57.5433
-57.7483
-57.9892
-58.2796
-58.6417
-59.0939
-59.5709
-60.1979
-60.8890
-61.5326
-62.5610
-57.3270
-57.3643
-57.4539
-51.2842
-51.3464
-51.4035
-51.4839
-57.1003
-57.1376
-57.1350
-57.0912
-57.1749
-57.1810
-57.1278
-57.2217
-57.1380
-57.1581
-57.1870
-57.2258
-57.2677
-57.3182
-57.2737
-57.3498
-57.4436
-57.5595
-57.8980
-58.1361
-58.3969
-58.6290
-58.7199
-58.8309
-58.8975
-58.9708
-59.2716
-59.5568
-59.9017
-60.3340
-60.8447
-60.8196
-60.7696
-56.8681
-57.0351
-57.2418
-56.9262
-56.9120
-56.9491
-51.4942
-51.5608
-51.6375
-51.6995
-51.7411
-51.8285
-51.8872
-51.9299
-52.0174
-52.0702
-57.1505
-57.2093
-57.2792
-57.3501
-57.4295
-57.4074
-57.5088
-57.6264
-57.7637
-58.1633
-58.2808
-58.3558
-58.4356
-58.5295
-58.6441
-58.7035
-58.7837
-59.0852
-59.3627
-59.7099
-60.7034
-57.1850
-57.3255
-57.2350
-57.4073
-57.3899
-57.2151
-59.7471
-57.1388
-57.1495
-57.2280
-59.2524
-58.8401
-58.1477
-52.0717
-52.1058
-52.1730
-52.2427
-52.3148
-52.3875
-52.4629
-52.5049
-52.5868
-52.6583
-52.7140
-58.0901
-58.1679
-58.2418
-58.3279
-58.4316
-58.5501
-58.6917
-58.7345
-59.0164
-59.5350
-60.5783
-58.1368
-57.8701
-57.6115
-64.8215
-64.9547
-67.2868
-59.9728
-63.9734
-59.8027
-59.0862
-58.5233
-58.2377
-58.0990
-58.0404
-57.8272
-57.7813
-52.6452
-52.6874
-52.8285
-52.8715
-52.9130
-52.9529
-52.9896
-53.0241
-53.0570
-53.0634
-53.0931
-57.6729
-55.6476
-55.5103
-55.4167
-55.3045
-55.1750
-54.8602
-54.7353
-54.6084
-66.0514
-66.3267
-67.4199
-66.7315
-66.6871
-60.1206
-59.8031
-59.4327
-59.0858
-58.8020
-58.6003
-58.5999
-58.5926
-58.6234
-60.9973
-59.8254
-59.6540
-59.8968
-60.6761
-57.8838
-57.7716
-53.2051
-61.9236
-61.8589
-61.9658
-62.2025
-62.6986
-66.4201
-66.0593
-64.9890
-65.2884
-60.4261
-60.2428
-60.0142
-59.7837
-59.5977
-59.4670
-59.2048
-60.4371
-60.8213
-61.5488
-60.8061
-60.6303
-60.7331
-60.8862
-63.8835
-56.3964
-56.1583
-55.8427
-61.5497
-61.4665
-61.4786
-61.7457
-61.7790
-61.7503
-61.4498
-61.7767
-61.8604
-61.8593
-59.2274
-59.2792
-59.3364
-59.4052
-59.4387
-59.3966
-59.3521
-59.3053
-57.5669
-57.3796
-57.2179
-57.0695
-57.3871
-57.3910
-57.3214
-57.2282
-57.1326
-57.0342
-56.9338
-56.7767
-56.6623
-56.5427
-56.4365
-56.3758
-56.2432
-56.1440
-55.9122
-55.6172
-55.4629
-55.3008
-61.1688
-61.0614
-61.0549
-61.2652
-61.2645
-61.1683
-60.7837
-60.8562
-59.2491
-59.2958
-59.3341
-59.4004
-59.4649
-59.5062
-59.5149
-59.5335
-59.5662
-59.7021
-59.6043
-59.7674
-60.0316
-60.4079
-61.7028
-61.1387
-61.6921
-63.1417
-65.5798
-55.5732
-55.3306
-55.0740
-60.7962
-60.6599
-60.6298
-60.7883
-60.7277
-60.5688
-60.0857
-59.2183
-59.3301
-59.3854
-59.4231
-59.5045
-59.5755
-59.6586
-59.7569
-59.8320
-60.1221
-60.2657
-60.2178
-60.4757
-60.8378
-61.3426
-62.9387
-61.3481
-61.5468
-61.9497
-63.5370
-55.0652
-54.8422
-54.6138
-60.4359
-60.4752
-60.2116
-60.3072
-60.1956
-59.1731
-59.0185
-59.2600
-59.3907
-59.4025
-59.3521
-59.3485
-59.3294
-59.3071
-59.2946
-59.3050
-59.2754
-59.2426
-59.0089
-58.9598
-58.9027
-58.8184
-59.2650
-59.2126
-59.1572
-59.0975
-59.0346
-59.4073
-59.2408
-59.2045
-59.1276
-59.0291
-55.7382
-55.5688
-55.4254
-55.2366
-55.0280
-54.7135
-54.5277
-47.0688
-58.5820
-60.1011
-59.8085
-58.9072
-59.1228
-59.2162
-59.0404
-59.2911
-59.5011
-59.5116
-59.5426
-59.6406
-59.7389
-60.2916
-60.4132
-60.5059
-60.6810
-60.8998
-60.8685
-61.2275
-61.5979
-62.0070
-56.6013
-56.3081
-56.0968
-55.8963
-61.0008
-61.1992
-63.4025
-47.3640
-47.2230
-47.0822
-51.4221
-51.4799
-57.2516
-57.2554
-57.3642
-57.4198
-58.1596
-58.3029
-58.4220
-59.5549
-59.5797
-59.6533
-59.7732
-59.8047
-59.8088
-59.7805
-59.8341
-59.9398
-59.8957
-60.2393
-60.8874
-61.6529
-58.9745
-58.8431
-58.8499
-58.9849
-59.2793
-59.9948
-61.5687
-47.3657
-47.2204
-47.0783
-60.1401
-59.2951
-51.6277
-51.7054
-51.7028
-57.2264
-57.3301
-57.3252
-57.2130
-57.2444
-57.7877
-57.7621
-57.7285
-57.6451
-57.5951
-57.5405
-57.3535
-57.2987
-57.2415
-57.1820
-57.2949
-57.2820
-57.2471
-57.1838
-57.1539
-57.0917
-57.0253
-56.9570
-56.8735
-56.7873
-56.6336
-56.6308
-47.6927
-47.5707
-47.4244
-47.2923
-55.0044
-54.4371
-63.6060
-64.0011
-64.4857
-63.0154
-59.3566
-58.9039
-58.4140
-58.1154
-57.0128
-56.9251
-56.8750
-57.5447
-57.3525
-57.2845
-57.2053
-57.1161
-56.7811
-56.7335
-56.6525
-56.5335
-56.3990
-56.2385
-56.0424
-55.7767
-55.4396
-48.0447
-47.9261
-47.8093
-47.6874
-55.1046
-55.2311
-55.5728
-56.0602
-55.2438
-64.9020
-64.7240
-65.3398
-64.5287
-59.1199
-58.9156
-58.5738
-58.2864
-58.0295
-57.7455
-57.5509
-57.3732
-57.0806
-56.2915
-56.1982
-56.0953
-56.1449
-56.5802
-56.4377
-56.2488
-56.0315
-48.5511
-48.4371
-48.3256
-48.2099
-48.0895
-55.4473
-55.5885
-55.7893
-56.0460
-56.2199
-56.6291
-56.8273
-55.7296
-60.8451
-63.0816
-61.1825
-61.3620
-62.7166
-64.5920
-62.9261
-58.9889
-58.8547
-58.7251
-58.4713
-58.2448
-57.9926
-57.6799
-57.4594
-57.2507
-56.9268
-56.7396
-56.5520
-56.3606
-56.3619
-56.1925
-48.7931
-48.6851
-48.5804
-48.4720
-48.4320
-48.3663
-55.7171
-55.8196
-55.9448
-56.1362
-56.3907
-56.7056
-56.8663
-57.2831
-57.7883
-61.6171
