-77.3491 -77.9518 -77.6134 -77.2719 -76.9465 -76.6565 -77.2274 -77.1133 -76.9943 -76.8885 -76.6009 -76.3153 -76.0345 -75.7599 -75.4827 -75.2310 -74.6871 -74.5046 -74.2903 -74.0184 -73.7378 -71.5635 -71.5798 -71.6032 -71.6284 -71.6554 -71.7403 -72.1421 -72.2242 -72.2789 -72.4371 -72.7091 -72.7733 -72.8373 -72.9078 -72.9830 -73.0641 -73.1406 -73.2120 -73.4129
-77.3953 -77.1756 -77.6408 -77.2779 -76.9457 -76.6655 -76.4487 -77.1658 -77.0852 -76.7835 -76.4828 -76.1870 -75.8994 -75.6217 -75.3445 -75.0906 -74.8446 -74.2833 -74.0343 -73.7962 -71.9485 -71.6074 -71.5441 -71.5712 -71.6394 -71.7090 -71.7576 -71.9224 -72.2695 -72.3442 -72.4973 -72.5478 -72.5601 -72.8082 -72.8725 -72.9430 -73.0189 -73.1005 -73.1649 -73.4198
-77.3907 -77.2069 -77.6999 -77.3241 -76.9954 -76.7346 -76.5444 -77.1734 -76.9293 -76.6517 -76.3361 -76.0294 -75.7351 -75.4556 -75.1811 -74.9262 -74.6396 -74.3090 -73.7663 -71.9431 -71.9305 -71.8971 -71.5094 -71.6062 -71.6583 -71.7302 -71.8004 -71.8680 -72.3152 -72.4023 -72.4721 -72.5956 -72.5969 -72.5958 -72.8393 -72.9035 -72.9753 -73.0531 -73.2038 -74.2911
-77.7717 -77.2342 -76.9386 -77.4322 -77.1165 -76.8767 -76.5489 -76.2330 -76.7329 -76.4601 -76.1552 -75.8373 -75.5375 -75.2586 -74.9855 -74.6833 -74.3182 -72.1080 -72.1125 -71.9185 -71.9186 -71.8982 -71.9177 -71.5959 -71.6897 -71.7746 -71.8458 -71.9153 -72.0860 -72.4531 -72.5418 -72.6531 -72.6491 -72.6410 -72.6341 -72.8637 -72.9997 -74.2285 -74.2664 -74.1624
-77.7522 -77.2245 -76.9403 -77.5861 -77.1661 -76.8154 -76.4518 -76.0842 -76.5027 -76.2111 -75.9215 -75.6058 -75.3034 -75.0296 -74.6898 -74.2809 -72.0848 -72.1040 -72.1166 -72.1245 -71.9696 -72.0156 -72.0220 -71.6875 -71.6932 -71.7860 -71.8784 -71.9636 -72.0315 -72.5070 -72.5852 -72.7160 -72.7104 -72.6970 -72.7513 -73.8490 -74.1984 -74.1969 -74.1133 -73.9987
0.0000 -77.6180 -77.0412 -76.7115 -77.0968 -76.7366 -76.3375 -75.9281 -75.8392 -75.9192 -75.6164 -75.3314 -75.0319 -74.6728 -74.1871 -72.0360 -72.0705 -72.1014 -72.1277 -72.2439 -72.3112 -72.1143 -72.1421 -72.0986 -71.6963 -71.7887 -71.8807 -71.9725 -72.0626 -72.2632 -72.6245 -72.6477 -72.8499 -74.0456 -74.1099 -74.1190 -73.9517 -73.6859 -73.9250 -73.8315
0.0000 -77.6140 -77.0665 -76.6677 -76.3024 -76.6158 -76.1842 -75.7396 -75.2966 -75.5765 -75.2652 -74.9837 -74.6119 -73.5202 -71.9649 -72.0114 -72.0565 -72.1746 -72.2763 -72.3682 -72.4480 -72.5145 -72.5681 -72.2711 -71.8172 -71.7909 -71.8824 -71.9738 -72.0636 -72.1548 -72.7028 -74.0260 -74.3420 -74.4056 -74.4014 -74.1821 -73.9058 -73.6172 -73.3392 -73.6172
0.0000 0.0000 -77.4528 -76.6423 -76.1799 -76.4789 -75.9831 -75.4865 -75.0176 -75.1759 -74.8657 -74.4670 -71.8182 -71.8819 -71.9311 -71.9616 -72.1580 -72.2757 -72.3872 -72.4917 -72.5882 -72.6748 -72.7505 -72.8132 -72.3900 -71.7929 -71.8835 -71.9744 -72.1035 -73.4453 -73.7758 -74.3447 -74.4273 -74.6313 -74.4152 -74.1393 -73.8388 -73.5419 -73.2507 -72.9604
0.0000 0.0000 -77.4687 -76.6612 -76.0828 -75.6787 -75.7450 -75.1741 -74.6584 -74.2112 -74.2610 -71.6648 -71.7574 -71.8051 -71.8668 -72.1103 -72.2375 -72.3594 -72.4762 -72.5880 -72.6946 -72.7961 -72.8930 -72.9914 -73.1162 -71.8723 -71.9107 -73.4082 -73.9489 -74.0244 -73.9115 -74.6038 -74.5113 -74.4952 -74.3112 -74.0579 -73.7585 -73.4478 -73.1445 -72.8503
0.0000 0.0000 0.0000 -77.0853 -75.9744 -75.4785 -75.4442 -74.7865 -74.2200 -73.5999 -71.4767 -71.5910 -71.6761 -71.9264 -72.0613 -72.1983 -72.3297 -72.4564 -72.5790 -72.6983 -72.8151 -72.9298 -73.0442 -73.1584 -73.3013 -76.8247 -74.5046 -74.4776 -74.4331 -74.3740 -74.0925 -74.0890 -74.3933 -74.1933 -74.1515 -73.9339 -73.6548 -73.3363 -73.0202 -72.7157
0.0000 0.0000 0.0000 -77.3490 -75.8828 -75.2443 -74.5442 -74.2993 -71.0186 -71.0584 -71.0978 -71.4994 -71.8226 -72.0075 -72.1649 -72.3187 -72.4630 -72.5970 -72.7276 -72.8582 -72.9841 -73.1085 -73.2514 -77.0149 0.0000 0.0000 -75.5528 -75.1247 -74.9056 -74.6491 -74.0235 -73.8279 -74.2693 -74.0466 -73.9808 -73.7549 -73.4991 -73.2058 -72.8177 -72.5600
0.0000 0.0000 0.0000 0.0000 -76.0825 -74.9293 -74.0326 -70.8972 -70.9100 -70.9646 -71.1740 -71.6620 -71.8906 -72.0894 -72.2511 -72.4065 -72.5468 -72.6824 -72.8170 -72.9458 -73.0731 -76.8481 0.0000 0.0000 0.0000 0.0000 0.0000 -75.1378 -74.9147 -74.6392 -73.9491 -73.7374 -73.6717 -73.8924 -73.7928 -73.5488 -73.2978 -72.8997 -72.7036 -72.3771
0.0000 0.0000 0.0000 0.0000 -75.9616 -74.4609 -70.5179 -70.5866 -70.8452 -71.0932 -71.2181 -71.3736 -71.9607 -72.1796 -72.3440 -72.4930 -72.6341 -72.7733 -72.9048 -76.7017 0.0000 0.0000 0.0000 0.0000 0.0000 0.0000 0.0000 -75.3744 -74.9494 -74.6637 -73.8756 -73.6447 -73.3915 -73.7252 -73.4521 -73.3228 -72.8821 -72.7824 -72.4751 -72.1630
0.0000 0.0000 0.0000 0.0000 -75.8592 -70.4619 -70.4359 -70.5078 -71.0164 -71.1426 -71.2678 -71.3935 -72.0328 -72.2829 -72.4373 -72.5853 -72.7299 -76.5421 0.0000 0.0000 0.0000 0.0000 0.0000 0.0000 0.0000 0.0000 0.0000 0.0000 -75.0231 -74.7379 -74.4310 -73.5513 -73.2716 -73.1302 -72.6914 -72.8385 -72.7792 -72.4902 -72.2039 -71.8975
0.0000 0.0000 -70.4483 -70.5823 -70.2965 -70.3819 -70.5612 -70.7015 -70.8440 -71.1947 -71.3184 -71.4416 -72.1054 -72.3835 -72.5365 -76.3767 0.0000 0.0000 0.0000 0.0000 0.0000 0.0000 0.0000 0.0000 0.0000 0.0000 0.0000 0.0000 -75.3227 -74.8727 -74.5854 -73.4593 -73.1441 -72.2524 -72.7145 -72.6709 -72.4723 -72.1636 -71.8715 -71.5828
-70.3059 -70.4461 -70.5827 -70.5897 -70.6269 -70.5251 -70.6981 -70.7370 -70.8760 -71.2486 -71.3713 -71.4936 -71.6050 -74.2907 0.0000 0.0000 0.0000 0.0000 0.0000 0.0000 0.0000 0.0000 0.0000 0.0000 0.0000 0.0000 0.0000 0.0000 0.0000 -75.0558 -74.8041 -73.3698 -72.3768 -72.3130 -72.3928 -72.3742 -72.1289 -71.7995 -71.4954 -71.2222
-70.5038 -70.6105 -70.5646 -70.8298 -70.9097 -70.6594 -70.7104 -70.7405 -70.9177 -71.0601 -71.4256 -73.0081 -73.1219 0.0000 0.0000 0.0000 0.0000 0.0000 0.0000 0.0000 0.0000 0.0000 0.0000 0.0000 0.0000 0.0000 0.0000 0.0000 0.0000 -75.4453 -73.2900 -72.5995 -72.4843 -72.4489 -72.0140 -72.0350 -71.7384 -71.3889 -71.0775 -70.7642
-70.5431 -70.5932 -70.9479 -70.9784 -71.0779 -71.1258 -70.7673 -70.8977 -70.9081 -72.4589 -73.0068 -73.1517 -73.1921 -74.2341 0.0000 0.0000 0.0000 0.0000 0.0000 0.0000 0.0000 0.0000 0.0000 0.0000 0.0000 0.0000 0.0000 0.0000 -74.5827 -74.0840 -72.9490 -72.7789 -72.7328 -72.2331 -71.7277 -71.3548 -71.2082 -70.9247 -70.5718 -70.6431
-70.5166 -70.9544 -71.1043 -71.2428 -71.3634 -71.3455 -71.3364 -72.3429 -72.3670 -72.5080 -74.3689 -74.7189 -74.4575 -74.1815 0.0000 0.0000 0.0000 0.0000 0.0000 0.0000 0.0000 0.0000 0.0000 0.0000 0.0000 0.0000 -79.5163 -77.8161 -75.7954 -73.6162 -73.3765 -73.1785 -72.5929 -71.9829 -71.3872 -70.8405 -70.7106 -70.3614 -70.4434 -67.3646
-70.9359 -71.0998 -71.2577 -71.4104 -71.5584 -73.5223 -73.7574 -72.5098 -74.8009 -74.4116 -74.2328 -74.5290 -74.4325 -74.1342 -73.8232 0.0000 0.0000 0.0000 0.0000 0.0000 0.0000 0.0000 0.0000 0.0000 -79.7370 0.0000 0.0000 0.0000 -78.0005 -75.7764 -74.6380 -73.1338 -72.4243 -71.6745 -70.9652 -70.3465 -69.8841 -70.1548 -67.2259 -67.2887
-71.0776 -71.2433 -71.4051 -73.4310 -73.7093 -73.9511 0.0000 0.0000 -74.8955 -74.4275 -74.2285 -74.0093 -74.2078 -74.0895 -73.7557 0.0000 0.0000 0.0000 0.0000 0.0000 0.0000 0.0000 -71.5791 0.0000 0.0000 0.0000 -78.6770 0.0000 0.0000 0.0000 -75.7767 -73.2210 -72.1838 -71.2485 -70.4097 -69.6989 -66.9647 -67.0497 -67.1472 -68.9938
-71.2199 -73.2829 -73.5817 -73.8304 0.0000 0.0000 0.0000 0.0000 -74.9221 -74.7115 -74.2238 -73.9979 -74.2047 -73.8264 -73.4355 -73.3023 0.0000 0.0000 0.0000 0.0000 -71.7736 -71.4846 -71.2945 0.0000 -79.1119 0.0000 0.0000 0.0000 0.0000 0.0000 -76.0548 -73.2028 -71.8218 -70.6031 -69.6083 -66.8791 -66.9506 -66.8692 -67.7382 -69.1071
-73.4617 -73.7300 0.0000 0.0000 0.0000 0.0000 0.0000 0.0000 0.0000 -74.7347 -74.2325 -73.9834 -73.6986 -73.8006 -73.3704 -72.9297 -73.0858 0.0000 -72.2729 -71.8550 -71.4790 -71.1378 -70.9792 0.0000 0.0000 0.0000 0.0000 0.0000 0.0000 0.0000 0.0000 -73.8480 -71.2244 -69.5248 -66.7972 -66.8723 -67.4236 -67.4522 -68.8648 -69.2341
0.0000 0.0000 0.0000 0.0000 0.0000 0.0000 0.0000 0.0000 0.0000 -74.7554 -74.5043 -73.9782 -73.6874 -73.7838 -73.3074 -72.8173 -72.3323 -72.2947 -71.8268 -71.5229 -71.1269 -70.7820 -70.5418 0.0000 0.0000 0.0000 0.0000 0.0000 0.0000 0.0000 0.0000 -73.8656 -66.6812 -66.7208 -66.7998 -67.3559 -67.3825 -68.5250 -68.8193 -69.3711
0.0000 0.0000 0.0000 0.0000 0.0000 0.0000 0.0000 0.0000 0.0000 0.0000 -74.5231 -73.9659 -73.6594 -73.2875 -73.2466 -72.6976 -72.1492 -71.9540 -71.4289 -71.0318 -70.6263 -70.3974 -70.1511 0.0000 0.0000 0.0000 0.0000 0.0000 0.0000 0.0000 0.0000 -66.7526 -66.8061 -66.7637 -67.2751 -67.3014 -68.4218 -68.6682 -68.8996 -69.4413
0.0000 0.0000 0.0000 0.0000 0.0000 0.0000 0.0000 0.0000 0.0000 0.0000 -74.5779 -74.2530 -73.6410 -73.2373 -73.1650 -72.5570 -71.9454 -71.3699 -71.0972 -70.5876 -70.1597 -69.9073 -66.7452 -66.7605 0.0000 0.0000 0.0000 0.0000 0.0000 -66.7118 -66.6887 -66.7518 -68.4094 -67.2286 -67.2152 -68.3078 -68.5741 -68.8129 -69.0216 -69.3089
0.0000 0.0000 0.0000 0.0000 0.0000 0.0000 0.0000 0.0000 0.0000 0.0000 0.0000 -74.3010 -73.6358 -73.1882 -73.0795 -72.3821 -71.6857 -71.0245 -70.6942 -70.1758 -69.7693 -66.5411 -66.5159 -66.5894 0.0000 0.0000 -66.5606 -66.5933 -66.6458 -66.7097 -66.7734 -68.3925 -68.4220 -67.3474 -68.2319 -68.4834 -68.7381 -68.9531 -69.1536 -69.2807
0.0000 0.0000 0.0000 0.0000 0.0000 0.0000 0.0000 0.0000 0.0000 0.0000 0.0000 -74.3987 -73.9454 -73.1581 -72.5454 -72.1775 -71.3679 -70.6191 -70.0777 -69.7087 -66.4344 -66.4069 -66.3935 -66.3906 -66.4053 -66.4366 -66.4861 -66.5660 -66.6397 -68.3812 -68.5060 -68.5283 -67.3144 -67.3078 -68.6725 -68.6675 -68.8966 -69.1022 -69.2243 -69.3290
0.0000 0.0000 0.0000 0.0000 0.0000 0.0000 0.0000 0.0000 0.0000 0.0000 0.0000 0.0000 -74.1131 -73.1647 -72.4309 -71.9261 -70.9653 -70.1161 -69.4489 -66.3057 -66.2919 -66.2821 -66.2874 -66.3036 -66.3393 -66.3927 -66.4644 -66.5662 -68.3437 -68.4774 -68.5323 -67.3838 -67.3652 -68.6665 -68.9433 -68.9030 -69.0645 -69.2554 -70.3289 -70.4422
0.0000 0.0000 0.0000 0.0000 0.0000 0.0000 0.0000 0.0000 0.0000 0.0000 0.0000 0.0000 -74.2967 -73.5530 -72.3817 -71.3092 -70.4271 -69.4871 -66.0894 -66.1075 -66.1583 -66.1727 -66.1989 -66.2399 -66.3019 -66.3813 -66.5133 -68.3033 -68.4444 -68.5061 -67.3357 -67.3426 -68.8073 -69.1203 -69.2228 -69.5679 -70.3598 -70.4534 -70.4604 -70.3973
0.0000 0.0000 0.0000 0.0000 0.0000 0.0000 0.0000 0.0000 0.0000 0.0000 0.0000 0.0000 0.0000 -73.7406 -72.2775 -70.8187 -69.7132 -66.0032 -65.9758 -65.9355 -66.0430 -66.0833 -66.1392 -66.2050 -66.2908 -68.0712 -68.2551 -68.4087 -68.4836 -68.4575 -67.2887 -68.7695 -69.1994 -69.7996 -71.3562 -71.2172 -70.6554 -70.4595 -70.3807 -70.3276
0.0000 0.0000 0.0000 0.0000 0.0000 0.0000 0.0000 0.0000 0.0000 0.0000 0.0000 0.0000 0.0000 -74.1307 -72.3720 -69.9895 -65.7940 -65.8638 -65.8532 -65.8626 -65.9903 -66.0623 -66.1102 -66.2259 -68.0082 -68.1716 -68.3580 -68.4529 -68.4261 -67.2293 -68.7189 -71.4107 -71.9069 -72.2477 -72.0187 -71.3572 -71.0644 -70.3846 -70.3180 -70.2745
0.0000 0.0000 0.0000 0.0000 0.0000 0.0000 0.0000 0.0000 0.0000 0.0000 0.0000 0.0000 0.0000 0.0000 -72.2816 -65.6697 -65.6518 -65.6530 -65.7565 -65.7904 -65.8470 -66.0364 -67.8352 -68.0202 -68.2097 -68.3716 -68.4199 -68.3908 -67.1660 -69.3060 -71.7758 -72.5004 -72.7417 -72.3431 -72.0112 -71.7339 -71.1305 -70.8466 -70.2727 -70.2357
0.0000 0.0000 0.0000 0.0000 0.0000 0.0000 0.0000 0.0000 0.0000 0.0000 0.0000 0.0000 0.0000 0.0000 -65.5981 -65.5726 -65.5311 -65.5585 -65.6932 -65.7543 -65.8349 -67.7334 -67.9370 -68.1200 -68.3433 -68.4816 -68.5015 -67.9204 -67.7591 -72.4984 -73.7634 -73.2061 -72.7322 -72.3461 -72.0388 -71.7917 -71.5795 -70.9989 -70.2442 -70.2120
0.0000 0.0000 0.0000 0.0000 0.0000 0.0000 0.0000 0.0000 0.0000 0.0000 0.0000 0.0000 -65.6588 -65.5972 -65.4635 -65.4606 -65.4419 -65.4950 -65.5718 -67.3545 -67.5206 -67.6934 -68.0398 -68.2254 -68.4125 -69.4940 -67.8489 -67.7360 0.0000 0.0000 -73.8365 -73.2535 -72.7760 -72.4012 -72.1128 -71.8890 -71.7061 -71.5349 -70.9339 -70.2071
0.0000 0.0000 0.0000 0.0000 0.0000 0.0000 0.0000 0.0000 0.0000 0.0000 -65.6876 -65.6114 -65.5149 -65.4740 -65.3603 -65.3824 -65.4343 -65.4702 -67.1606 -67.4719 -67.6350 -67.7953 -68.1427 -69.4957 -69.4729 -69.2425 -67.6431 0.0000 0.0000 -74.6975 -73.9982 -73.3855 -72.8979 -72.5230 -72.2392 -72.0257 -71.8646 -71.7366 -71.6080 -70.2275
0.0000 0.0000 0.0000 0.0000 0.0000 0.0000 0.0000 0.0000 -65.5574 -65.6053 -65.5267 -65.4711 -65.4305 -65.3868 -65.4028 -65.3711 -65.4520 -67.0925 -67.2688 -67.4462 -67.7552 -69.3942 -69.4496 -69.4164 -69.1269 -67.4351 0.0000 0.0000 -75.7547 -74.9968 -74.2819 -73.6304 -73.1147 -72.7196 -72.4231 -72.2077 -72.0596 -71.9669 -71.9174 -71.8750
0.0000 0.0000 0.0000 0.0000 0.0000 0.0000 -65.1595 -65.4792 -65.5744 -65.4859 -65.3894 -65.3564 -65.3541 -65.3444 -65.3937 -67.1402 -67.1173 -67.2870 -67.3851 -69.4504 -69.6582 -69.5357 -69.1584 -69.0398 -67.3050 -67.1910 0.0000 -77.1643 -76.2718 -75.4614 -74.6861 -73.9827 -73.4285 -72.9929 -72.6729 -72.4507 -72.3107 -72.2391 -72.2232 0.0000
0.0000 0.0000 0.0000 0.0000 -64.7428 -65.0136 -65.3421 -65.4941 -65.4157 -65.3579 -65.3281 -65.2888 -65.3203 -65.3519 -67.1145 -67.2764 -67.3006 -70.0116 -69.8780 -69.7618 -69.4451 -69.2242 -68.8002 -67.1766 -67.0486 -66.9355 -66.8291 0.0000 -76.9638 -76.0969 -75.2415 -74.4485 -73.8348 -73.3504 -73.0087 -72.7818 -72.6482 0.0000 0.0000 0.0000
0.0000 0.0000 -62.2415 -64.6260 -64.9325 -65.2300 -65.3862 -65.3546 -65.3131 -65.2995 -65.2833 -65.3339 -67.0062 -67.1819 -67.3997 -71.9297 -71.6765 -70.8744 -70.2608 -69.5909 -69.1043 -68.8507 -66.9399 -66.7659 -66.7789 -66.6684 -66.5638 0.0000 -77.8147 -76.8804 -75.9257 -75.0327 -74.3331 -73.8207 -73.4662 0.0000 0.0000 0.0000 0.0000 0.0000
