-48.1734 -48.0000 -47.8231 -47.6418 -47.4601 -47.2767 -47.0909 -46.9000 -46.7089 -46.5149 -46.3192 -46.1179 -45.9151 -45.7166 -45.5098 -45.2915 -45.0741 -44.8572 -44.6338 -44.4169 -44.1972 -43.9298 -43.7119 -43.4988 -43.2750 -43.0488 -42.7809 -42.5345 -42.2896 -42.0392 -41.7835 -41.5306 -41.2859 -41.0285 -40.7713 -40.5176 -40.2648 -40.0136 -39.7626 -39.5134
-48.1062 -47.9303 -47.7522 -47.5717 -47.3878 -47.2025 -47.0097 -46.8187 -46.6255 -46.4289 -46.2274 -46.0242 -45.8205 -45.6130 -45.4028 -45.1916 -44.9705 -44.7413 -44.5152 -44.2856 -44.0544 -43.7715 -43.5580 -43.3337 -43.1076 -42.8778 -42.6084 -42.3560 -42.1021 -41.8480 -41.5866 -41.3196 -41.0596 -40.8027 -40.5338 -40.2699 -40.0057 -39.7397 -39.4778 -39.2150
-48.0404 -47.8619 -47.6818 -47.4997 -47.3132 -47.1248 -46.9345 -46.7410 -46.5427 -46.3423 -46.1400 -45.9335 -45.7234 -45.5100 -45.2987 -45.0811 -44.8612 -44.6375 -44.4009 -44.1620 -43.9283 -43.6866 -43.4011 -43.1781 -42.9464 -42.7055 -42.4660 -42.1753 -41.9130 -41.6518 -41.3863 -41.1128 -40.8365 -40.5658 -40.2950 -40.0172 -39.7423 -39.4669 -39.1928 -38.9142
-57.8476 -47.7977 -47.6151 -47.4294 -47.2402 -47.0452 -46.8504 -46.6591 -46.4638 -46.2611 -46.0527 -45.8440 -45.6316 -45.4143 -45.1913 -44.9728 -44.7489 -44.5195 -44.2883 -44.0486 -43.7991 -43.5568 -43.3074 -43.0167 -42.7849 -42.5454 -42.2932 -42.0120 -41.7331 -41.4611 -41.1872 -40.9064 -40.6179 -40.3309 -40.0468 -39.7613 -39.4761 -39.1849 -38.8994 -38.6163
0.0000 -47.7366 -47.5514 -47.3633 -47.1715 -46.9736 -46.7757 -46.5752 -46.3750 -46.1742 -45.9696 -45.7590 -45.5395 -45.3173 -45.0936 -44.8658 -44.6363 -44.4052 -44.1680 -43.9261 -43.6809 -43.4270 -43.1711 -42.8601 -42.6177 -42.3757 -42.1266 -41.8665 -41.5623 -41.2733 -40.9915 -40.7065 -40.4113 -40.1139 -39.8104 -39.5103 -39.2108 -38.9090 -38.5991 -38.2994
0.0000 0.0000 -47.4939 -47.3029 -47.1047 -46.9096 -46.7105 -46.5074 -46.3000 -46.0930 -45.8850 -45.6724 -45.4557 -45.2315 -44.9994 -44.7635 -44.5296 -44.2925 -44.0494 -43.8040 -43.5522 -43.2968 -43.0399 -42.7723 -42.4577 -42.2048 -41.9497 -41.6895 -41.3865 -41.0930 -40.7971 -40.4991 -40.2009 -39.8938 -39.5832 -39.2630 -38.9536 -38.6365 -38.3195 -37.9995
0.0000 0.0000 0.0000 -47.2446 -47.0451 -46.8473 -46.6449 -46.4401 -46.2316 -46.0183 -45.8061 -45.5886 -45.3680 -45.1436 -44.9152 -44.6788 -44.4337 -44.1875 -43.9438 -43.6928 -43.4351 -43.1727 -42.9037 -42.6404 -42.3026 -42.0427 -41.7788 -41.5070 -41.2336 -40.9092 -40.6018 -40.2974 -39.9818 -39.6680 -39.3513 -39.0232 -38.6875 -38.3651 -38.0302 -37.6975
0.0000 0.0000 0.0000 -47.1426 -46.9395 -46.7382 -46.5322 -46.3243 -46.1119 -45.8966 -45.6758 -45.4536 -45.2273 -44.9952 -44.7618 -44.5233 -44.2779 -44.0248 -43.7691 -43.5088 -43.2466 -43.0554 -42.7817 -42.5039 -42.2247 -41.8922 -41.6191 -41.3431 -41.0586 -40.7705 -40.4233 -40.1067 -39.7845 -39.4490 -39.1211 -38.7860 -38.4376 -38.0883 -37.7447 -37.3937
0.0000 0.0000 -47.2882 -47.0956 -46.9003 -46.6999 -46.4960 -46.2854 -46.0703 -45.8532 -45.6307 -45.4027 -45.1730 -44.9412 -44.7037 -44.4591 -44.2113 -43.9599 -43.7014 -43.4390 -43.1706 -42.8946 -42.6158 -42.3303 -42.0415 -41.7471 -41.4071 -41.1298 -40.8325 -40.5364 -40.1836 -39.8566 -39.5267 -39.1856 -38.8295 -38.4829 -38.1248 -37.7617 -37.3883 -37.0273
-47.6315 -47.4404 -47.2489 -47.0533 -46.8568 -46.6561 -46.4508 -46.2427 -46.0318 -45.8136 -45.5879 -45.3569 -45.1221 -44.8860 -44.6453 -44.4003 -44.1503 -43.8923 -43.6286 -43.3618 -43.0952 -42.8184 -42.5338 -42.2402 -41.9420 -41.6462 -41.2780 -40.9930 -40.7068 -40.4026 -40.0882 -39.7117 -39.3720 -39.0266 -38.6687 -38.3032 -37.9343 -37.5617 -37.1793 -36.7873
-47.5823 -47.3958 -47.2058 -47.0118 -46.8138 -46.6119 -46.4060 -46.1961 -45.9839 -45.7641 -45.5411 -45.3125 -45.0779 -44.8351 -44.5887 -44.3419 -44.0882 -43.8271 -43.5629 -43.2915 -43.0111 -42.7346 -42.4505 -42.1565 -41.8529 -41.5420 -41.2325 -40.8640 -40.5655 -40.2591 -39.9538 -39.5728 -39.2176 -38.8616 -38.4995 -38.1297 -37.7480 -37.3571 -36.9686 -36.5644
-47.5518 -47.3612 -47.1666 -46.9678 -46.7651 -46.5628 -46.3571 -46.1507 -45.9362 -45.7158 -45.4898 -45.2594 -45.0231 -44.7828 -44.5367 -44.2863 -44.0290 -43.7658 -43.4983 -43.2217 -42.9386 -42.6527 -42.3614 -42.0648 -41.7615 -41.4474 -41.1283 -40.8029 -40.3845 -40.0718 -39.7500 -39.4207 -39.0243 -38.6479 -38.2709 -37.8823 -37.4986 -37.0922 -36.6847 -36.2667
-47.5141 -47.3241 -47.1305 -46.9330 -46.7314 -46.5244 -46.3125 -46.0978 -45.8797 -45.6248 -45.4000 -45.1697 -44.9313 -44.6870 -44.4379 -44.1818 -43.9227 -43.6589 -43.3866 -43.1064 -42.8196 -42.5244 -42.2215 -41.9181 -41.6083 -41.2878 -40.9588 -40.6274 -40.2254 -39.9049 -39.5755 -39.2362 -38.8418 -38.4671 -38.0804 -37.6780 -37.2762 -36.8660 -36.4492 -36.0134
-47.4253 -47.2366 -47.0440 -46.8473 -46.6455 -46.4390 -46.2298 -46.0132 -45.7919 -45.5661 -45.3346 -45.0979 -44.8582 -44.6157 -44.3666 -44.1095 -43.8436 -43.5763 -43.3044 -43.0236 -42.7345 -42.4356 -42.1284 -41.8199 -41.5029 -41.1751 -40.8422 -40.4993 -40.1582 -39.7532 -39.4200 -39.0734 -38.7156 -38.2880 -37.8963 -37.4970 -37.0743 -36.6456 -36.2147 -35.7778
-47.3766 -47.1842 -46.9878 -46.7870 -46.5823 -46.3745 -46.1671 -45.9521 -45.7322 -45.5069 -45.2768 -45.0417 -44.8005 -44.5522 -44.2970 -44.0361 -43.7712 -43.5012 -43.2265 -42.9436 -42.6547 -42.3567 -42.0490 -41.7310 -41.4085 -41.0781 -40.7376 -40.3847 -40.0272 -39.6676 -39.2606 -38.9126 -38.5485 -38.1192 -37.7091 -37.2992 -36.8744 -36.4508 -35.9969 -35.5491
-47.3227 -47.1316 -46.9365 -46.7372 -46.5337 -46.3289 -46.1155 -45.8968 -45.6730 -45.4446 -45.2120 -44.9772 -44.7379 -44.4925 -44.2391 -43.9779 -43.7096 -43.4337 -43.1491 -42.8603 -42.5687 -42.2697 -41.9600 -41.6414 -41.3133 -40.9815 -40.6399 -40.2824 -39.9117 -39.5387 -39.0976 -38.7462 -38.3845 -38.0090 -37.5492 -37.1223 -36.6839 -36.2452 -35.7921 -35.3368
-47.2759 -47.0831 -46.8866 -46.6860 -46.4813 -46.2750 -46.0614 -45.8438 -45.6209 -45.3927 -45.1597 -44.9202 -44.6741 -44.4239 -44.1678 -43.9065 -43.6401 -43.3656 -43.0826 -42.7892 -42.4898 -42.1847 -41.8704 -41.5473 -41.2171 -40.8764 -40.5342 -40.1810 -39.8137 -39.4335 -39.0456 -38.5948 -38.2235 -37.8344 -37.3848 -36.9517 -36.5145 -36.0578 -35.5954 -35.1353
-47.2349 -47.0410 -46.8427 -46.6399 -46.4356 -46.2239 -46.0080 -45.7877 -45.5636 -45.3344 -45.0997 -44.8595 -44.6134 -44.3610 -44.1047 -43.8425 -43.5722 -43.2932 -43.0075 -42.7138 -42.4123 -42.1068 -41.7951 -41.4709 -41.1346 -40.7859 -40.4303 -40.0697 -39.6993 -39.3144 -38.9195 -38.5205 -38.0745 -37.6836 -37.2796 -36.7934 -36.3397 -35.8787 -35.4179 -34.9386
-47.1825 -46.9885 -46.7911 -46.5896 -46.3866 -46.1761 -45.9608 -45.7406 -45.5148 -45.2835 -45.0457 -44.8019 -44.5526 -44.2975 -44.0377 -43.7751 -43.5049 -43.2269 -42.9405 -42.6447 -42.3414 -42.0285 -41.7091 -41.3825 -41.0444 -40.6970 -40.3389 -39.9734 -39.5971 -39.2065 -38.8027 -38.3913 -37.9139 -37.5257 -37.1186 -36.6480 -36.1802 -35.7090 -35.2276 -34.7444
-47.1355 -46.9399 -46.7410 -46.5409 -46.3342 -46.1218 -45.9045 -45.6832 -45.4576 -45.2269 -44.9913 -44.7499 -44.5023 -44.2482 -43.9880 -43.7198 -43.4445 -43.1623 -42.8725 -42.5737 -42.2669 -41.9526 -41.6276 -41.2960 -40.9585 -40.6097 -40.2480 -39.8722 -39.4901 -39.0985 -38.6939 -38.2714 -37.8481 -37.3592 -36.9486 -36.5221 -36.0157 -35.5433 -35.0526 -34.5643
-47.0926 -46.8977 -46.6987 -46.4983 -46.2904 -46.0779 -45.8607 -45.6380 -45.4101 -45.1767 -44.9378 -44.6928 -44.4431 -44.1871 -43.9253 -43.6559 -43.3793 -43.0964 -42.8063 -42.5080 -42.2013 -41.8855 -41.5592 -41.2214 -40.8774 -40.5241 -40.1573 -39.7772 -39.3853 -38.9899 -38.5813 -38.1551 -37.7163 -37.1950 -36.7752 -36.3511 -35.8576 -35.3586 -34.8553 -34.3579
-47.0401 -46.8439 -46.6436 -46.4428 -46.2349 -46.0225 -45.8055 -45.5837 -45.3566 -45.1241 -44.8862 -44.6427 -44.3929 -44.1373 -43.8739 -43.6016 -43.3215 -43.0351 -42.7408 -42.4409 -42.1319 -41.8132 -41.4855 -41.1474 -40.7974 -40.4398 -40.0714 -39.6908 -39.2964 -38.8871 -38.4731 -38.0395 -37.5870 -37.1298 -36.6060 -36.1661 -35.7102 -35.1696 -34.6587 -34.1342
-46.9963 -46.7995 -46.6019 -46.3969 -46.1875 -45.9738 -45.7553 -45.5319 -45.3033 -45.0693 -44.8292 -44.5833 -44.3310 -44.0735 -43.8092 -43.5377 -43.2588 -42.9720 -42.6764 -42.3735 -42.0645 -41.7457 -41.4166 -41.0763 -40.7252 -40.3615 -39.9893 -39.6049 -39.2052 -38.7894 -38.3614 -37.9269 -37.4726 -36.9973 -36.5182 -35.9840 -35.5181 -34.9833 -34.4450 -33.8982
-46.9548 -46.7571 -46.5586 -46.3525 -46.1420 -45.9269 -45.7071 -45.4822 -45.2522 -45.0169 -44.7769 -44.5315 -44.2800 -44.0229 -43.7579 -43.4856 -43.2056 -42.9168 -42.6202 -42.3144 -41.9989 -41.6773 -41.3462 -41.0039 -40.6497 -40.2819 -39.9013 -39.5135 -39.1130 -38.6969 -38.2624 -37.8146 -37.3530 -36.8725 -36.3751 -35.8065 -35.3283 -34.8280 -34.2372 -33.6718
-46.9115 -46.7168 -46.5145 -46.3080 -46.0970 -45.8815 -45.6614 -45.4370 -45.2075 -44.9726 -44.7320 -44.4854 -44.2333 -43.9738 -43.7073 -43.4335 -43.1522 -42.8621 -42.5642 -42.2585 -41.9434 -41.6181 -41.2855 -40.9418 -40.5859 -40.2162 -39.8344 -39.4386 -39.0352 -38.6155 -38.1774 -37.7207 -37.2549 -36.7706 -36.2619 -35.7393 -35.1507 -34.6345 -34.0481 -33.4449
-46.8687 -46.6732 -46.4700 -46.2630 -46.0520 -45.8364 -45.6160 -45.3905 -45.1599 -44.9239 -44.6818 -44.4338 -44.1803 -43.9193 -43.6514 -43.3761 -43.0928 -42.8028 -42.5043 -42.1967 -41.8794 -41.5519 -41.2134 -40.8676 -40.5106 -40.1424 -39.7602 -39.3630 -38.9499 -38.5271 -38.0870 -37.6266 -37.1438 -36.6552 -36.1428 -35.6031 -35.0502 -34.4459 -33.8856 -33.2417
-46.8295 -46.6299 -46.4262 -46.2183 -46.0059 -45.7889 -45.5671 -45.3402 -45.1084 -44.8707 -44.6272 -44.3777 -44.1229 -43.8605 -43.5919 -43.3168 -43.0339 -42.7436 -42.4446 -42.1364 -41.8184 -41.4901 -41.1513 -40.8013 -40.4419 -40.0714 -39.6870 -39.2875 -38.8733 -38.4432 -38.0012 -37.5393 -37.0572 -36.5550 -36.0383 -35.4958 -34.9299 -34.2996 -33.7293 -33.0926
-46.7843 -46.5851 -46.3812 -46.1731 -45.9604 -45.7432 -45.5211 -45.2945 -45.0620 -44.8240 -44.5801 -44.3303 -44.0756 -43.8131 -43.5435 -43.2664 -42.9809 -42.6883 -42.3870 -42.0767 -41.7576 -41.4308 -41.0932 -40.7432 -40.3820 -40.0113 -39.6282 -39.2296 -38.8145 -38.3821 -37.9343 -37.4730 -36.9889 -36.4802 -35.9545 -35.4142 -34.8444 -34.2544 -33.6097 -32.9994
-46.7425 -46.5424 -46.3382 -46.1297 -45.9159 -45.6975 -45.4741 -45.2463 -45.0133 -44.7754 -44.5319 -44.2835 -44.0279 -43.7656 -43.4963 -43.2191 -42.9347 -42.6412 -42.3403 -42.0311 -41.7123 -41.3834 -41.0429 -40.6926 -40.3297 -39.9539 -39.5680 -39.1708 -38.7593 -38.3306 -37.8829 -37.4188 -36.9368 -36.4318 -35.9034 -35.3626 -34.7986 -34.2024 -33.5511 -32.9491
-46.7025 -46.5024 -46.2981 -46.0895 -45.8764 -45.6584 -45.4357 -45.2077 -44.9744 -44.7355 -44.4907 -44.2410 -43.9838 -43.7197 -43.4493 -43.1709 -42.8859 -42.5934 -42.2924 -41.9837 -41.6670 -41.3404 -41.0024 -40.6549 -40.2933 -39.9188 -39.5305 -39.1315 -38.7187 -38.2894 -37.8459 -37.3840 -36.9070 -36.4090 -35.8895 -35.3524 -34.7984 -34.2205 -33.6156 -32.9634
-46.6649 -46.4639 -46.2589 -46.0495 -45.8361 -45.6190 -45.3961 -45.1675 -44.9334 -44.6940 -44.4489 -44.1991 -43.9432 -43.6808 -43.4107 -43.1350 -42.8518 -42.5594 -42.2580 -41.9471 -41.6274 -41.2989 -40.9622 -40.6136 -40.2535 -39.8843 -39.5022 -39.1051 -38.6955 -38.2704 -37.8331 -37.3785 -36.9051 -36.4167 -35.9076 -35.3773 -34.8289 -34.2658 -33.6840 -33.0779
-46.6268 -46.4254 -46.2204 -46.0110 -45.7991 -45.5815 -45.3589 -45.1313 -44.8983 -44.6597 -44.4163 -44.1659 -43.9089 -43.6456 -43.3746 -43.0977 -42.8136 -42.5216 -42.2213 -41.9141 -41.5979 -41.2740 -40.9392 -40.5917 -40.2327 -39.8653 -39.4867 -39.0941 -38.6903 -38.2754 -37.8410 -37.3924 -36.9298 -36.4445 -35.9493 -35.4405 -34.8984 -34.3597 -33.7948 -33.2103
-46.5962 -46.3957 -46.1911 -45.9818 -45.7685 -45.5497 -45.3261 -45.0977 -44.8642 -44.6253 -44.3815 -44.1312 -43.8745 -43.6119 -43.3436 -43.0693 -42.7876 -42.4977 -42.1984 -41.8904 -41.5731 -41.2521 -40.9218 -40.5800 -40.2267 -39.8631 -39.4880 -39.0991 -38.7000 -38.2850 -37.8557 -37.4225 -36.9744 -36.5013 -36.0215 -35.5246 -35.0092 -34.4718 -33.9417 -33.3903
-46.5654 -46.3638 -46.1581 -45.9497 -45.7356 -45.5168 -45.2932 -45.0645 -44.8320 -44.5948 -44.3533 -44.1047 -43.8499 -43.5877 -43.3195 -43.0441 -42.7645 -42.4783 -42.1844 -41.8794 -41.5660 -41.2429 -40.9128 -40.5739 -40.2290 -39.8731 -39.4985 -39.1092 -38.7232 -38.3222 -37.9007 -37.4744 -37.0372 -36.5840 -36.1131 -35.6311 -35.1430 -34.6375 -34.1218 -33.6048
-46.5341 -46.3328 -46.1289 -45.9206 -45.7079 -45.4906 -45.2685 -45.0413 -44.8088 -44.5710 -44.3292 -44.0814 -43.8290 -43.5697 -43.3050 -43.0331 -42.7541 -42.4672 -42.1735 -41.8707 -41.5627 -41.2484 -40.9239 -40.5821 -40.2321 -39.8859 -39.5270 -39.1510 -38.7642 -38.3677 -37.9644 -37.5454 -37.1146 -36.6782 -36.2308 -35.7698 -35.2985 -34.8202 -34.3347 -33.8549
-46.5125 -46.3140 -46.1090 -45.8992 -45.6852 -45.4669 -45.2443 -45.0200 -44.7907 -44.5573 -44.3171 -44.0703 -43.8166 -43.5583 -43.2939 -43.0230 -42.7458 -42.4647 -42.1750 -41.8757 -41.5652 -41.2501 -40.9336 -40.6063 -40.2665 -39.9177 -39.5593 -39.1969 -38.8208 -38.4304 -38.0294 -37.6291 -37.2191 -36.7956 -36.3640 -35.9267 -35.4822 -35.0343 -34.5966 -34.1521
-46.4909 -46.2890 -46.0856 -45.8794 -45.6691 -45.4544 -45.2343 -45.0089 -44.7786 -44.5447 -44.3051 -44.0592 -43.8064 -43.5515 -43.2909 -43.0239 -42.7469 -42.4608 -42.1745 -41.8847 -41.5854 -41.2755 -40.9583 -40.6328 -40.3006 -39.9605 -39.6066 -39.2471 -38.8808 -38.5122 -38.1260 -37.7305 -37.3322 -36.9304 -36.5203 -36.0983 -35.7098 -35.3109 -34.8992 -34.4744
-46.4770 -46.2789 -46.0757 -45.8681 -45.6563 -45.4402 -45.2210 -44.9971 -44.7682 -44.5373 -44.3010 -44.0587 -43.8079 -43.5503 -43.2864 -43.0232 -42.7548 -42.4772 -42.1924 -41.9018 -41.6058 -41.3024 -40.9923 -40.6719 -40.3410 -40.0056 -39.6655 -39.3209 -38.9620 -38.5989 -38.2288 -37.8515 -37.4660 -37.0754 -36.7130 -36.3555 -35.9826 -35.6091 -35.2172 -34.8245
-46.4632 -46.2635 -46.0616 -45.8559 -45.6460 -45.4321 -45.2161 -44.9954 -44.7715 -44.5371 -44.2966 -44.0499 -43.8074 -43.5591 -43.3027 -43.0379 -42.7657 -42.4928 -42.2143 -41.9294 -41.6373 -41.3364 -41.0285 -40.7142 -40.3983 -40.0731 -39.7365 -39.3980 -39.0540 -38.7024 -38.3467 -37.9831 -37.6326 -37.3012 -36.9693 -36.6223 -36.2745 -35.9151 -35.5525 -35.1936
-46.4529 -46.2553 -46.0561 -45.8533 -45.6465 -45.4334 -45.2128 -44.9876 -44.7625 -44.5369 -44.3059 -44.0660 -43.8208 -43.5700 -43.3162 -43.0566 -42.7905 -42.5196 -42.2425 -41.9598 -41.6706 -41.3765 -41.0802 -40.7753 -40.4622 -40.1447 -39.8204 -39.4893 -39.1558 -38.8208 -38.4873 -38.1779 -37.8706 -37.5497 -37.2332 -36.9067 -36.5761 -36.2391 -35.9072 -35.5700
