-48.2657 -63.7284 -63.8899 -57.0378 -56.2460 -57.8057 -59.5610 -57.9082 -48.6155 -48.6834 -56.8363 -57.7223 -59.5706 -58.6350 -57.7925 -57.0702 -49.0389 -57.4611 -58.2359 -57.7504 -57.2956 -56.9370 -49.3724 -49.4339 -49.4905 -63.0136 -63.1641 0.0000 0.0000 0.0000 -58.3070 -63.8654 -64.9129 -65.7540 -67.4268 -66.2458 -64.4484 -60.6324 0.0000 0.0000
-48.4096 -58.2464 -60.6665 -57.4458 -56.7084 -48.6512 -58.0450 -58.4052 -57.1515 -48.8453 -48.8920 -57.2132 -57.9525 -59.0259 -58.2655 -57.5965 0.0000 -56.8862 -57.6854 -58.1310 -57.7255 -57.3521 -49.5108 -49.5686 -49.6290 0.0000 0.0000 0.0000 -59.2189 0.0000 -61.9722 -58.4343 -63.1863 -63.9477 -64.8258 -65.3770 -64.9245 -61.0227 0.0000 0.0000
-48.5779 -48.8510 -58.4997 -57.7956 -57.1204 -56.5419 -56.8027 -58.2596 -57.7118 -56.8229 -49.0514 -56.8573 -57.5351 -58.1897 0.0000 0.0000 0.0000 -64.0859 -57.2044 -57.8960 -58.0869 -57.7462 -57.4427 -49.7036 -49.7607 0.0000 -67.3362 -67.0764 -65.1232 -65.7886 -65.2876 -61.2213 0.0000 0.0000 -63.7967 -64.3783 -64.8992 -64.1420 -60.9097 -71.2598
-48.7431 -48.7901 -57.2408 -58.7375 -57.4886 -56.9341 -49.0415 -57.3895 -58.0808 -57.3594 -49.2078 0.0000 0.0000 -57.8409 0.0000 -67.2566 0.0000 -69.9544 -49.5840 -57.4961 -58.1065 -58.0958 -57.8045 -57.5501 -49.8926 -49.9505 -63.6251 -63.7626 -63.8963 -59.5327 -65.3617 -62.1841 0.0000 -70.7357 -67.4918 -66.3753 -64.1621 -64.5228 -61.2900 0.0000
-48.9082 -48.9526 -56.6009 -57.8592 -57.7834 -57.2831 -56.8418 -56.8776 -57.8489 0.0000 0.0000 0.0000 0.0000 -65.3630 0.0000 -67.5580 -66.3211 0.0000 -61.6417 -49.7761 -57.7682 -58.3107 -58.1249 -57.8844 -57.6861 -50.0787 -50.1362 0.0000 0.0000 -65.5188 -59.6163 -62.9957 -61.7885 -68.8625 -67.2805 -66.4874 -65.6895 0.0000 -64.2593 -71.1517
-49.0696 -49.1124 -49.1562 -57.2833 -57.9218 -57.6167 -57.2021 -56.8687 -57.3881 0.0000 0.0000 -66.9058 -67.9215 -66.4429 -62.1792 -65.7959 0.0000 0.0000 0.0000 0.0000 0.0000 -58.0083 -58.4370 -58.1954 -57.9844 -57.8286 0.0000 0.0000 0.0000 -65.6205 -59.9161 -63.7099 -62.5094 -65.8574 -67.4651 -66.7157 0.0000 0.0000 -64.6709 -61.6136
-49.2289 -49.2699 -49.3126 -56.9613 -57.8076 -57.8493 0.0000 -57.1919 -57.1453 -57.8284 0.0000 -69.1401 -64.2889 -63.5842 -63.3308 -64.0559 -64.3423 0.0000 0.0000 0.0000 -70.1721 -59.3076 -58.2514 -58.4905 -58.2793 -58.1000 -57.9835 0.0000 -69.3631 -65.7392 -63.4094 -59.9285 -63.0208 0.0000 0.0000 -66.9956 -68.8921 0.0000 0.0000 -64.1577
-49.3855 -49.4259 -49.4666 -49.5059 -57.4778 0.0000 0.0000 -57.5016 -57.2254 -57.5519 -61.4089 -64.3477 -62.3495 -61.6430 -61.9551 -62.5105 -63.0329 0.0000 -70.4407 -69.7880 -68.8029 0.0000 -59.2313 -58.4819 -58.5608 -58.3744 -58.2225 0.0000 0.0000 -65.7667 -64.1136 -62.6171 0.0000 0.0000 0.0000 -67.0919 -68.1784 -72.2594 -71.8865 -64.4567
-49.5392 -49.5803 -49.6154 -49.6563 -57.3101 0.0000 0.0000 -57.9212 -57.5072 -57.4485 -57.9445 -61.6028 -61.6424 -50.0780 -60.7397 -61.2986 -61.9204 -62.4758 -62.9473 -63.3073 0.0000 0.0000 -59.5485 -59.2231 -58.6980 -58.6424 -58.4787 -58.3517 -67.0331 0.0000 0.0000 0.0000 0.0000 0.0000 0.0000 -66.7447 -67.2283 -66.2808 -69.3795 -68.5486
-49.6904 -49.7299 -49.7676 -49.8094 -49.8502 -57.7633 -67.7163 0.0000 -57.7932 -57.5630 -57.7742 -58.2889 0.0000 0.0000 -67.5411 -60.4296 -61.0308 -61.6293 -62.1275 -62.6508 0.0000 -72.1780 -70.5657 -59.5319 -58.5453 -58.8993 -58.7325 -58.5888 -58.4847 0.0000 0.0000 0.0000 -69.3664 -70.2553 -68.8600 -66.8182 -66.8866 -65.9883 -67.9478 -68.5948
-49.8364 -49.8784 -49.9211 -49.9576 -49.9950 -57.6518 0.0000 0.0000 -58.1452 -57.8218 -50.2327 -58.1226 -58.6085 -67.6826 -67.8369 -64.8585 -60.3701 -60.9103 -61.5133 0.0000 0.0000 -70.6379 -69.4161 -59.8154 -59.5442 -58.7631 -58.9771 -58.8277 -58.7015 0.0000 0.0000 0.0000 -67.7082 -67.9554 -67.7057 -66.8689 -66.4836 -65.8653 -65.1792 -68.6536
-50.0136 -50.0279 -50.0691 -50.1036 -50.1395 -50.2035 -58.0431 0.0000 0.0000 -58.0780 -57.8729 -58.0285 -58.4734 0.0000 0.0000 -64.4876 -59.8717 -60.4210 -60.9711 0.0000 0.0000 -69.4285 0.0000 -65.0405 -59.8187 -59.5725 -58.9661 -59.0565 -58.8860 -67.0186 -67.1362 -67.2502 -67.3585 -67.4678 -67.5754 -66.9200 -66.5618 -65.8380 -65.1720 -68.3556
-50.1619 -50.1725 -50.2114 -50.2484 -50.2838 -50.3189 -57.9613 -67.8414 -72.0652 -58.3344 -58.1067 -50.5468 0.0000 0.0000 0.0000 -68.1198 -63.6488 -60.0234 -60.5286 -61.0379 0.0000 0.0000 0.0000 -65.4150 -60.0737 -59.8267 -59.6014 -59.1148 -59.1103 -59.0014 -66.3062 -66.1708 -66.3766 -66.6443 -66.8983 -66.9719 -66.4952 -65.8499 -65.2217 -64.7844
-50.3044 -50.3415 -50.3529 -50.3911 -50.4257 -50.4568 -50.6716 -58.3374 -67.6111 -63.4475 -58.3516 -58.1808 -58.2959 -70.5625 -69.8369 -70.0797 -63.8447 -63.3382 -60.1830 -60.6615 -68.6895 0.0000 0.0000 -65.5417 -63.0917 -60.0036 -59.8035 -59.6184 -59.3161 -59.2189 -59.1234 -65.0079 -65.2282 -65.5997 -65.9715 -66.3022 -66.4571 -65.8739 -65.3078 -64.9739
0.0000 -50.4794 -50.5193 -50.5307 -50.5627 -50.6006 -50.6328 -58.3052 -62.7885 -63.5768 -58.5958 -58.3985 -50.8513 -62.5398 -65.0574 -69.3211 -67.4140 0.0000 0.0000 0.0000 -60.8022 -68.3841 -73.4676 -65.2705 -63.5559 -60.2406 -60.0457 -59.8643 -59.6971 -59.4326 -59.3321 -62.2547 -64.2535 -64.7815 -65.1834 -65.5757 -65.9333 -66.1917 -65.6407 -65.2443
-65.6706 -50.6157 -50.6532 -50.6644 -50.7055 -50.7399 -50.7716 -58.3468 -58.6307 -62.9751 -59.1882 -58.6248 -58.4800 0.0000 0.0000 0.0000 -67.5825 0.0000 0.0000 0.0000 -68.6745 -60.8157 -66.1229 -65.3830 -63.9832 -62.8193 -60.2776 -60.0999 -59.9349 -59.4636 -59.5385 -59.4486 -62.4187 -63.7034 -64.5670 0.0000 0.0000 -71.5150 0.0000 0.0000
-63.8419 -60.5956 -50.7847 -50.8324 -50.8440 -50.8771 -50.9081 -50.9386 -58.6108 -61.6704 -63.1350 -58.8503 -58.7175 0.0000 0.0000 0.0000 -67.7101 -68.6963 0.0000 -70.1179 -67.9809 -66.9755 -60.9744 -65.1462 -64.4214 -63.3176 -60.5001 -60.3264 -60.1640 -60.0136 -59.6341 -59.6477 -59.5682 -62.6669 0.0000 -64.7545 0.0000 0.0000 0.0000 0.0000
-62.9268 -60.7324 0.0000 -50.9645 -51.0060 -51.0115 -51.0421 -51.0717 -58.6484 -58.9019 -62.2254 -59.1119 -58.9350 -58.8049 0.0000 0.0000 -67.8257 -66.8991 -69.5501 -68.8805 -68.0802 -67.1934 -66.1693 -61.1335 -61.4897 -63.7134 -60.8780 -60.5444 -60.3849 -60.2362 -60.0987 -59.8712 -59.8111 0.0000 0.0000 -72.4101 0.0000 0.0000 0.0000 0.0000
-62.5960 -60.9230 0.0000 0.0000 -51.1319 -51.1434 -51.1740 -51.2023 -51.2314 -58.8889 0.0000 0.0000 0.0000 -59.0040 -68.3096 -68.4227 -66.9687 -66.1462 -65.5688 -67.8130 -67.3651 -67.0757 -66.5112 -65.7554 -61.2935 -61.6302 -63.3305 -60.7545 -60.5988 -60.5150 -60.3809 -60.2556 -60.0150 0.0000 0.0000 0.0000 -71.1582 -73.3834 -71.2197 -71.3473
-62.4138 -61.0657 -67.0540 -66.5287 -51.2577 -51.2973 -51.3030 -51.3308 -51.3589 -58.9227 0.0000 0.0000 -70.6896 -59.1000 -63.4963 -65.6857 -66.4108 -65.6565 -65.0477 -66.9114 -66.5059 -66.3145 -66.2215 -66.1250 -65.5417 -61.4534 -61.7745 -61.1322 -60.9044 -60.7541 -60.6140 -60.4841 -60.3650 -60.1364 0.0000 0.0000 -70.0571 -71.9067 -70.1900 -70.0238
-62.3425 -61.2057 -65.6887 -64.5892 -61.4640 -51.4215 -51.4562 -51.4574 -51.4848 -51.5135 -63.4537 -69.0620 -68.7145 -63.0677 -59.1711 -63.6525 -65.0336 -65.3266 -64.7410 -64.3436 -65.8356 -65.6447 -65.6243 -65.6676 -65.7882 0.0000 0.0000 0.0000 -61.1453 -60.9934 -60.8510 -60.7198 -60.5962 -60.4827 0.0000 0.0000 0.0000 -68.2802 0.0000 0.0000
0.0000 -61.3756 -60.7915 0.0000 -61.6346 -51.5449 -51.5788 -51.5822 -51.6003 -51.6292 -59.1535 -63.6466 -67.0345 -64.3477 -59.3642 -62.4328 -63.8342 -64.8405 -64.5550 -64.1218 -65.3856 -65.1640 -65.1384 -65.3845 -65.5288 0.0000 0.0000 0.0000 -61.3473 -61.1957 -61.0552 -60.9245 -60.8000 -60.6845 0.0000 -72.7983 -71.5926 -67.8368 -68.7981 -73.6781
0.0000 -61.6113 0.0000 0.0000 -67.4280 -51.6621 -51.6858 -51.7212 -51.7249 -51.7541 -51.8093 -62.4231 -63.8202 -64.4643 -59.5545 -59.4463 -62.9759 -64.0043 -64.4776 -64.0372 -63.8646 -65.0215 -65.0857 0.0000 -65.3373 0.0000 -74.6433 -72.3731 -66.7841 -61.3931 -61.2531 -61.1229 -60.9974 -60.8798 -60.7713 0.0000 0.0000 -67.6037 -66.6285 -67.4182
0.0000 -61.7418 0.0000 0.0000 -64.7733 -61.6729 -51.8054 -51.8414 -51.8752 -51.8770 -51.9049 -61.8178 -62.9665 -63.9892 -63.1656 -59.6259 -62.3778 -63.3538 -64.1834 -64.1695 -63.9912 -64.9798 0.0000 0.0000 -67.5334 -65.1942 0.0000 -70.2588 -66.9002 -61.5846 -61.4456 -61.3154 -61.1876 -61.0679 -60.9572 0.0000 -72.6923 -67.1680 -66.6572 -67.3908
-76.9951 -74.7892 -68.0560 -66.8618 -63.9706 -61.7945 -51.9232 -51.9598 -51.9939 -51.9982 -52.0262 -52.1805 -61.9892 -63.3344 -63.3368 -59.8065 -59.7164 -62.9757 0.0000 0.0000 0.0000 -63.8780 0.0000 0.0000 0.0000 -67.2040 0.0000 -69.3448 -67.0153 -64.5887 -61.6329 -61.5003 -61.3683 -61.2456 -61.1007 -61.0071 0.0000 -68.9092 -66.7489 -66.1887
-70.3565 -69.9591 -66.9885 -65.0156 -63.5819 -61.9146 -59.7885 -52.0762 -52.1109 -52.1432 -52.1457 -52.1731 -60.7401 -62.1574 -63.2172 -62.8252 -59.9440 -62.6928 0.0000 0.0000 0.0000 -63.7505 -69.0679 0.0000 -72.8591 -67.4765 0.0000 0.0000 -67.1293 -65.3658 -61.8157 -61.6668 -61.4925 -61.3854 -61.2852 -61.2373 -74.6458 -72.3959 0.0000 -66.2533
-67.7937 -67.1156 -65.6279 -64.5919 -63.3824 -62.0366 -60.3982 -52.1909 -52.2261 -52.2588 -52.2636 -52.2908 -60.0507 -61.3684 -62.4366 0.0000 0.0000 -68.7511 -63.1582 -74.6138 -72.3790 -63.7976 -63.7004 -69.1810 -71.3455 0.0000 -67.5650 0.0000 0.0000 -65.8145 -64.2614 -61.7832 -61.7404 -61.6275 -61.5234 -61.4304 -61.3423 -69.7048 -69.5463 -66.2909
-67.2348 -66.5550 -65.2493 -64.3210 -63.2874 -62.1535 -60.8344 -52.3040 -52.3395 -52.3729 -52.4062 -52.4189 -52.4466 -60.7659 -61.7651 0.0000 0.0000 -68.8665 -62.8966 -67.0214 -69.2893 -69.1104 -63.6439 -68.9173 -69.3430 -69.4998 0.0000 0.0000 -74.3534 -68.9263 -64.9450 -62.0447 -61.9299 -61.8190 -61.7161 -61.6194 -61.5280 -65.0626 -67.6239 -66.4111
-65.0228 -65.7213 -64.9798 -64.1529 -63.2458 -62.2688 -61.1675 -60.1682 -52.4631 -52.4981 -52.5302 -52.5607 -52.5625 -60.3875 -61.2653 0.0000 0.0000 -68.9805 -68.6362 -63.2386 -67.1413 -68.5427 -63.7857 -63.6800 -69.0854 -68.5190 -70.5754 -67.3670 -72.9634 0.0000 0.0000 -64.5162 -62.1129 -62.0017 -61.8988 -61.8006 -61.7049 -61.6148 0.0000 0.0000
-61.0013 -65.0243 -64.7966 -64.0441 -63.2414 -62.3831 -61.5411 -60.6418 -52.5766 -52.6113 -52.6438 -52.6738 -52.6835 -52.7102 -60.9345 -65.0370 -72.4464 -68.8514 -68.6834 -63.0338 -63.5636 -67.4318 -63.9596 -63.6946 -68.3320 -67.7252 -67.5330 -70.6718 0.0000 0.0000 0.0000 -64.9407 -62.2844 -62.1744 -62.0723 -61.9704 -61.8729 -61.7806 -61.6943 0.0000
-60.6677 -64.4892 -64.5018 -63.9788 -63.4351 -62.6576 -61.8106 0.0000 0.0000 -52.7319 -52.7640 -52.7934 -52.8217 -52.8226 -60.6889 -61.3595 -65.1782 -68.9267 -68.7552 -64.9794 0.0000 -66.4303 -67.2296 -63.6818 -63.7318 -67.5776 -67.1620 -66.9705 0.0000 -77.0198 0.0000 -69.7703 -62.6121 -62.3127 -62.2121 -62.1169 -62.0266 -61.9397 -61.8434 -65.3126
-60.4763 -61.2671 -64.5078 -64.2435 -63.5397 -62.8153 -62.0470 0.0000 0.0000 -52.8401 -52.8726 -52.9024 -52.9302 -52.9578 -52.9590 -61.1021 -61.7062 -65.2950 -68.8011 -66.7979 -69.5356 -71.9104 -66.7396 -63.8734 -63.8140 -67.3815 -66.9263 -66.6720 -66.6368 -70.5449 -72.7442 -69.6470 -64.9706 -62.4958 -62.3956 -62.2955 -62.1886 -62.0861 -61.9577 -61.8854
-60.4342 -61.1932 -64.3085 0.0000 -63.6854 -62.9681 -62.2623 0.0000 0.0000 -52.9469 -52.9795 -53.0098 -53.0376 -53.0648 -53.0661 -60.9231 -61.4585 -61.9430 -65.3041 -67.1438 -60.8292 -69.4828 -70.7563 -67.1029 0.0000 -63.9060 -66.9058 -66.5716 -66.4207 -66.4851 -70.4891 0.0000 0.0000 -62.7718 -62.5673 -62.4415 -62.2770 -62.1933 -62.0477 -61.9769
0.0000 -61.0781 0.0000 0.0000 0.0000 -63.1398 -62.4872 -69.4710 0.0000 -63.2825 -53.0851 -53.1158 -53.1437 -53.1700 -53.1954 -53.2146 -61.2279 -61.7329 -64.7385 0.0000 0.0000 -65.2306 -67.3653 0.0000 0.0000 -63.9827 -66.8460 -66.4770 -66.2625 -66.2049 -70.0551 0.0000 0.0000 0.0000 -62.6088 -62.5166 -62.3549 -62.2750 -62.2015 -62.1322
0.0000 0.0000 -61.5506 0.0000 0.0000 0.0000 -62.6562 -67.2516 0.0000 -63.3986 -53.1892 -53.2200 -53.2474 -53.2635 -53.2913 -53.3186 -61.1579 -61.6196 -62.0917 -65.0528 -77.3177 -61.0917 -65.5555 -66.8697 0.0000 -67.3501 -64.0132 -66.4582 -66.1808 -66.0460 -66.0419 -69.8704 -73.8986 -72.3441 -62.7174 -62.5837 -62.5025 -62.4253 -62.3521 -62.2832
0.0000 -73.6909 -61.3203 0.0000 0.0000 -74.7197 -62.6718 -66.1319 0.0000 -63.5141 -61.2586 -53.3083 -53.3391 -53.3676 -53.4035 -53.4315 -53.5360 -61.4943 -61.9360 0.0000 0.0000 -64.6095 -64.2917 -65.7361 -67.4901 -69.5744 -64.1064 -66.4754 -66.1419 -65.9351 -65.7738 -65.8574 -69.1608 -70.1043 -67.5980 -62.7265 -62.6464 -62.5699 -62.4972 -62.4281
-71.4227 -70.8381 -61.2406 -61.7245 -71.0162 -70.2234 0.0000 0.0000 0.0000 -72.7930 -61.7644 -53.4098 -53.4500 -53.4800 -53.5076 -53.5351 -53.5667 -61.4403 -61.8352 0.0000 0.0000 -68.3579 -61.3221 -64.8730 0.0000 0.0000 -64.1317 -64.0920 -65.9876 -65.7927 -65.5396 -65.5696 -65.7121 -69.1836 -67.4852 -62.8709 -62.7917 -62.7158 -62.6434 -62.5746
-69.0050 -70.7381 -65.9460 -61.6391 -66.3559 -68.7278 0.0000 -72.3016 -71.8336 -70.4201 -62.2907 -53.5227 0.0000 -53.5899 -53.6166 -53.6427 -53.6684 -53.9216 -61.7322 -62.1130 -71.3419 -68.5933 -64.1367 0.0000 0.0000 0.0000 -68.8794 -64.0607 -65.8601 -65.6476 -65.5313 -65.5142 -65.5893 -65.7768 -67.5399 -65.6714 -62.9333 -62.8584 -62.7867 -62.7185
-65.3094 -68.9672 -66.2660 -61.6396 -62.0455 -66.4106 -67.7249 -68.5853 -70.9885 0.0000 0.0000 0.0000 0.0000 -53.6906 -53.7172 -53.7427 -53.7684 -53.7940 -61.6631 -62.0063 0.0000 0.0000 0.0000 -70.8211 -73.1432 -72.5606 -68.5729 -64.0133 -63.9709 -65.7169 -65.5652 -65.5013 -65.5281 -65.6340 -67.5963 -66.2382 -63.0724 -62.9982 -62.9272 -62.8594
-65.5084 0.0000 -66.3713 -61.5609 -61.9088 -65.2223 -66.7780 -67.8557 0.0000 0.0000 0.0000 -73.7551 -69.8277 -64.1832 -53.8167 -53.8421 -53.8670 -53.8913 -61.6487 -61.9117 0.0000 0.0000 -73.0948 -72.6392 -71.2470 -70.7517 -68.6301 -67.1260 -64.0701 -65.8109 -65.6332 -65.5299 -65.5102 -65.5722 -65.7010 -66.5830 -65.5133 -63.1357 -63.0653 -62.9980
