-61.6157 -61.7120 -61.8274 -61.9192 -62.0691 -63.6636 -63.5548 -63.6088 -63.6589 -63.7051 -63.4416 -63.7982 -63.8557 -63.9096 -63.9606 -64.0088 -64.0491 -64.0941 -64.1379 -58.9419 -63.9757 -63.7864 -63.7356 -63.6169 -63.5959 -63.5831 -63.5708 -63.5579 -63.5308 -63.5158 -63.5130 -63.4965 -63.4804 -63.4609 -63.4409 -63.4190 -63.4423 -63.4203 -63.3967 -63.3681
-61.6690 -61.7618 -61.8679 -61.9563 -62.0304 -63.6828 -63.7399 -63.6198 -63.6683 -63.7127 -63.7531 -63.4731 -63.8408 -63.8931 -63.9428 -63.9898 -64.0350 -58.9900 -64.1381 -64.1995 -64.2284 -63.8173 -63.7860 -63.7290 -63.6605 -63.6497 -63.6371 -63.6248 -63.5978 -63.5832 -63.5835 -63.5649 -63.5476 -63.5296 -63.5095 -63.4881 -63.5116 -63.4859 -63.4616 -63.4359
-61.7104 -61.7955 -61.8796 -61.9833 -62.0669 -62.1924 -63.7588 -63.7757 -63.6785 -63.7213 -63.7601 -63.7949 -63.4999 -63.8773 -63.9264 -59.0285 -64.0393 -64.0960 -64.1595 -64.1678 -64.2011 -64.0060 -63.8542 -63.8001 -63.7268 -63.7162 -63.7047 -63.6923 -63.6796 -63.6510 -63.6356 -63.6335 -63.6159 -63.5990 -63.5782 -63.5530 -63.5773 -63.5541 -63.5298 -63.5037
-61.7459 -61.8292 -61.9113 -62.0137 -62.0973 -62.1714 -63.7808 -63.8279 -63.8751 -63.7308 -63.7682 -63.8017 -63.8319 -58.9459 -63.9328 -63.9979 -64.0620 -64.0650 -64.1131 -64.1705 -64.2265 -64.2692 -63.9225 -63.9104 -63.8544 -63.7831 -63.7727 -63.7601 -63.7475 -63.7188 -63.7035 -63.7045 -63.6845 -63.6624 -63.6429 -63.6208 -63.5986 -63.6226 -63.5981 -63.5717
-61.7813 -61.8626 -61.9429 -62.0219 -62.1222 -62.2072 -62.3072 -63.8496 -63.8537 -63.9344 -63.7780 -59.1296 -63.8614 -63.9066 -63.5991 -63.9713 -64.0206 -64.0778 -64.1275 -64.1852 -64.2435 -64.2967 -64.1092 -63.9816 -63.9278 -63.8509 -63.8402 -63.8285 -63.8156 -63.7892 -63.7686 -63.7516 -63.7518 -63.7301 -63.7116 -63.6888 -63.6649 -63.6917 -63.6663 -63.6397
-61.8164 -61.8959 -61.9743 -62.0516 -62.1507 -62.2296 -62.3052 -63.8697 -63.9128 -59.2700 -64.0122 -63.8598 -63.9065 -63.9032 -63.9349 -63.6070 -64.0361 -64.0940 -64.1426 -64.2006 -64.2586 -64.3146 -64.3567 -64.0510 -64.0391 -63.9833 -63.9078 -63.8968 -63.8807 -63.8669 -63.8355 -63.8188 -63.8202 -63.7981 -63.7776 -63.7573 -63.7326 -63.7600 -63.7352 -63.6853
-61.8513 -61.9289 -62.0056 -62.0811 -62.1553 -62.2524 -62.3408 -58.7729 -63.9554 -63.9697 -64.0636 -64.0711 -63.8944 -63.9333 -63.9707 -63.6417 -63.6685 -64.1107 -64.1677 -64.2154 -64.2736 -64.3322 -64.3849 -64.1875 -64.1012 -64.0572 -63.9735 -63.9612 -63.9485 -63.9346 -63.9046 -63.8862 -63.8728 -63.8690 -63.8454 -63.8253 -63.8004 -63.8132 -63.7651 -63.7138
-61.8841 -61.9617 -62.0366 -62.1104 -62.1833 -58.7824 -62.3699 -62.4611 -64.0114 -64.0666 -64.0612 -64.1076 -64.1546 -63.9741 -64.0107 -64.0489 -63.6996 -64.1274 -64.1845 -64.2313 -64.2889 -64.3468 -64.4022 -64.4540 -64.1571 -64.1653 -64.0408 -64.0284 -64.0165 -64.0022 -63.9876 -63.9534 -63.9354 -63.9374 -63.9133 -63.8828 -63.8381 -63.7882 -63.7941 -63.7430
-61.9183 -61.9942 -62.0677 -58.7934 -62.2259 -62.3070 -62.4138 -62.5196 -62.5649 -64.0632 -64.1102 -64.1582 -64.2025 -64.2472 -64.0534 -64.0882 -64.1261 -63.7551 -64.2009 -64.2569 -64.3022 -64.3600 -64.4156 -64.4671 -64.2819 -64.2065 -64.1824 -64.0966 -64.0838 -64.0702 -64.0553 -64.0206 -64.0026 -64.0018 -63.9609 -63.9126 -63.8679 -63.8181 -63.8234 -63.7721
-61.9501 -58.8111 -62.1127 -62.1938 -62.2746 -62.3550 -62.4251 -62.5063 -62.6022 -64.1155 -64.1631 -64.1641 -64.2554 -64.2972 -64.3392 -64.1314 -64.1664 -64.2003 -63.8080 -64.2724 -64.3139 -64.3697 -64.4275 -64.4824 -64.5330 -64.2563 -64.2622 -64.1641 -64.1509 -64.1381 -64.1228 -64.1072 -64.0531 -64.0117 -63.9917 -63.9428 -63.8950 -63.8476 -63.8528 -63.8014
-61.9973 -62.0779 -62.1605 -62.2431 -62.2886 -62.3652 -62.4414 -62.5453 -62.6571 -62.7369 -64.2175 -64.2620 -64.3062 -64.3521 -64.3910 -64.4302 -64.2075 -64.2402 -64.2683 -63.8547 -64.3384 -64.3812 -64.4384 -64.4965 -64.5473 -64.3634 -64.3033 -64.2797 -64.2191 -64.2054 -64.1806 -64.1430 -64.0835 -64.0418 -64.0198 -63.9765 -63.9249 -63.8775 -63.8251 -63.8311
-62.0485 -62.1282 -62.1778 -62.2566 -62.3330 -62.4091 -62.4849 -62.5892 -62.6699 -62.7766 -64.2734 -64.3181 -64.3103 -64.4042 -64.4475 -64.4810 -64.5169 -64.2812 -64.3130 -64.3358 -63.9003 -64.3924 -64.4479 -64.5060 -64.5603 -64.6101 -64.3612 -64.3560 -64.2658 -64.2481 -64.2123 -64.1740 -64.1348 -64.0720 -64.0291 -64.0074 -63.9588 -63.9046 -63.8542 -63.8611
-62.0689 -62.1449 -62.2208 -62.2992 -62.3776 -62.4532 -62.5286 -62.6036 -62.7085 -62.8322 -62.8932 -64.3756 -64.4170 -64.4549 -64.4982 -64.5386 -64.5713 -64.6042 -64.3550 -64.3814 -64.4007 -63.9424 -64.4568 -64.5138 -64.5719 -64.6217 -64.4254 -64.3747 -64.3310 -64.2648 -64.2433 -64.2061 -64.1658 -64.1023 -64.0582 -64.0353 -63.9897 -63.9349 -63.8847 -63.8921
-62.0660 -62.1910 -62.2664 -62.3416 -62.4222 -62.4973 -62.5721 -62.6466 -62.7212 -62.8317 -62.9511 -64.4321 -64.4733 -64.5102 -64.5521 -64.5931 -64.6309 -64.6603 -64.6917 -64.4265 -64.4470 -64.4626 -63.9675 -64.5194 -64.5775 -64.6191 -64.6462 -64.3871 -64.3671 -64.2469 -64.2619 -64.2370 -64.1972 -64.1351 -64.0885 -64.0661 -64.0211 -63.9697 -63.9122 -63.9228
-62.1118 -62.1847 -62.3117 -62.3863 -62.4636 -62.5411 -62.6154 -62.6893 -62.7630 -62.8676 -63.0056 -63.0657 -64.5331 -64.5711 -64.6071 -64.6483 -64.6869 -64.7219 -64.7529 -64.7788 -64.4944 -64.5097 -64.5213 -64.0040 -64.5549 -64.5923 -64.6189 -64.4181 -64.3780 -64.2403 -64.2548 -64.2573 -64.2287 -64.1864 -64.1191 -64.0727 -64.0492 -64.0015 -63.9435 -63.8875
-62.1575 -62.2295 -62.3568 -62.4307 -62.5044 -62.5811 -62.6582 -62.7302 -62.8031 -62.8758 -62.9886 -63.1231 -64.5940 -64.6324 -64.6669 -64.7042 -64.7435 -64.7795 -64.8118 -64.8396 -64.8643 -64.5573 -64.5494 -64.5184 -64.5233 -64.5597 -64.5908 -64.6149 -64.3744 -64.3658 -64.2322 -64.2484 -64.2518 -64.2182 -64.1523 -64.1036 -64.0807 -64.0339 -63.9800 -63.9193
-62.2027 -62.2738 -62.3450 -62.4746 -62.5465 -62.6208 -62.6988 -62.7717 -62.8442 -62.9164 -63.0240 -63.1800 -63.2394 -64.6948 -64.7299 -64.7040 -64.8009 -64.8379 -64.8714 -64.9009 -64.9128 -64.9127 -64.5656 -64.5318 -63.9891 -64.5255 -64.5615 -64.5855 -64.4001 -64.3604 -64.2212 -64.2232 -64.2405 -64.2448 -64.2059 -64.1348 -64.0863 -64.0626 -64.0131 -63.9566
-62.2473 -62.3176 -62.3868 -62.4570 -62.5886 -62.6608 -62.7362 -62.8125 -62.8847 -62.9565 -63.0281 -63.1432 -63.2967 -63.4208 -64.7941 -64.8256 -64.8586 -64.8969 -64.9237 -64.9344 -64.9397 -64.9440 -64.9355 -64.5697 -64.5304 -63.9702 -64.5259 -64.5550 -64.5765 -64.3532 -64.3432 -64.2095 -64.2272 -64.2317 -64.2364 -64.1664 -64.1181 -64.0954 -64.0488 -63.9908
-62.1858 -62.3595 -62.4288 -62.4981 -62.5684 -62.7018 -62.7733 -62.8481 -62.9243 -62.9958 -63.0670 -63.1765 -63.3540 -63.4124 -64.8594 -64.8917 -64.8527 -64.9350 -64.9512 -64.9627 -64.9691 -64.9712 -64.9724 -64.9542 -64.5457 -64.5264 -63.9476 -64.5230 -64.5447 -64.3618 -64.3342 -64.2075 -64.1972 -64.2161 -64.2221 -64.2272 -64.1505 -64.1027 -64.0770 -64.0284
-62.2304 -62.4016 -62.4699 -62.5385 -62.6071 -62.7420 -62.8128 -62.8854 -62.9630 -63.0342 -63.1052 -63.1758 -63.2938 -63.4703 -63.5781 -64.9439 -64.9536 -64.9621 -64.9793 -64.9919 -64.9995 -65.0016 -65.0024 -64.9980 -64.9697 -64.5412 -64.5196 -63.9220 -64.5117 -64.5307 -64.3233 -64.3116 -64.1786 -64.1837 -64.2046 -64.2113 -64.1894 -64.1336 -64.1117 -64.0639
-62.2742 -62.4429 -62.5104 -62.5780 -62.6458 -62.7137 -62.8514 -62.9217 -62.9957 -63.0715 -63.1423 -63.2128 -63.3248 -63.5214 -63.5661 -64.9814 -64.9915 -64.9955 -65.0077 -65.0216 -65.0307 -65.0345 -65.0333 -65.0319 -65.0180 -64.9512 -64.5340 -64.5102 -63.8929 -64.4964 -64.3217 -64.2991 -64.1723 -64.1633 -64.1697 -64.1926 -64.2001 -64.1784 -64.1517 -64.0941
-62.3169 -62.3810 -62.5499 -62.6167 -62.6836 -62.7508 -62.8179 -62.9587 -63.0286 -63.1079 -63.1783 -63.2458 -63.3045 -63.4131 -63.6027 -63.6787 -65.0308 -65.0354 -65.0362 -65.0516 -65.0624 -65.0682 -65.0683 -65.0664 -65.0603 -65.0363 -64.9600 -64.5250 -64.4972 -63.8558 -64.4775 -64.2847 -64.1756 -64.1544 -64.1470 -64.1707 -64.1800 -64.1590 -64.1679 -64.2104
-62.3507 -62.4219 -62.5884 -62.6543 -62.7205 -62.7868 -62.8533 -62.9947 -63.0640 -63.1374 -63.2029 -63.2616 -63.3196 -63.4213 -63.6391 -63.6817 -65.0126 -65.0769 -65.0756 -65.0815 -65.0943 -65.1024 -65.1051 -65.1017 -65.0993 -65.0863 -65.0157 -64.9696 -64.5139 -64.4825 -63.8130 -64.2791 -64.2550 -64.1290 -64.1366 -64.1304 -64.1570 -64.1397 -64.1474 -64.1924
-62.3912 -62.4617 -62.5322 -62.6909 -62.7562 -62.8218 -62.8874 -62.9533 -63.0914 -63.1500 -63.2120 -63.2765 -63.3339 -63.3903 -63.5007 -63.7182 -63.7919 -65.1197 -65.1197 -65.0395 -65.1261 -65.1367 -65.1423 -65.1423 -65.1390 -65.1328 -65.1103 -65.0309 -64.9801 -64.5004 -64.4605 -63.7743 -64.2375 -64.1250 -64.1080 -64.1031 -64.1146 -64.1435 -64.1243 -64.1375
-62.4405 -62.4923 -62.5621 -62.7263 -62.7908 -62.8556 -62.9169 -62.9726 -63.0278 -63.1653 -63.2224 -63.2905 -63.3470 -63.4029 -63.5056 -63.7544 -63.7955 -65.1599 -65.1655 -65.1589 -65.1571 -65.1706 -65.1794 -65.1830 -65.1806 -65.1778 -65.1696 -65.0892 -65.0498 -64.9910 -64.4852 -64.4316 -64.2285 -64.2016 -64.0775 -64.0881 -64.0851 -64.1162 -64.1002 -64.1139
-63.2318 -62.5296 -62.5985 -62.7605 -62.8231 -62.8784 -62.9333 -62.9879 -63.0420 -63.1794 -63.2356 -63.2957 -63.3592 -63.4144 -63.4691 -63.5814 -63.8318 -63.8877 -65.2128 -65.2087 -65.1904 -65.2035 -65.2159 -65.2235 -65.2256 -65.2233 -65.2293 -65.1477 -65.1171 -65.0743 -65.0059 -64.4668 -64.3987 -64.1825 -64.0659 -64.0543 -64.0688 -64.0687 -64.1038 -64.0876
-63.2801 -62.5632 -62.6336 -62.6952 -62.8407 -62.8948 -62.9485 -63.0020 -63.0552 -63.1079 -63.2477 -63.3028 -63.3618 -63.4249 -63.4789 -63.5834 -63.8671 -63.9079 -65.0499 -65.2603 -65.2486 -65.2029 -65.2467 -65.2630 -65.2700 -65.2713 -65.2894 -65.2717 -65.1131 -65.1535 -65.1062 -65.0401 -64.4398 -63.5596 -64.0278 -64.0175 -64.0330 -64.0514 -64.0549 -64.0590
-64.0708 -62.6030 -62.6452 -62.7068 -62.8570 -62.9100 -62.9627 -63.0150 -63.0671 -63.1189 -63.1701 -63.3128 -63.3668 -63.4342 -63.4878 -63.5408 -63.6563 -63.9434 -63.9737 -65.2822 -65.3069 -65.2817 -65.2358 -65.2875 -65.3129 -65.3202 -65.3485 -65.3386 -65.1634 -65.1317 -65.2015 -65.1519 -65.0661 -64.4110 -63.4898 -63.9985 -63.9937 -64.0146 -64.0203 -64.0635
-64.2235 -63.3521 -62.6641 -62.7222 -62.8720 -62.9238 -62.9754 -63.0268 -63.0779 -63.1286 -63.1791 -63.2304 -63.3749 -63.4326 -63.4954 -63.5481 -63.6013 -63.9781 -63.9989 -65.2695 -65.3505 -65.3529 -65.3130 -65.2767 -65.3304 -65.3669 -65.4104 -65.4031 -65.3955 -65.1205 -65.2958 -65.2693 -65.2483 -65.1170 -64.2408 -63.3128 -63.9509 -63.9733 -63.9993 -64.0108
-64.2677 -63.3777 -62.6771 -62.7384 -62.7877 -62.9362 -62.9867 -63.0371 -63.0872 -63.1371 -63.1867 -63.2359 -63.3816 -63.4340 -63.5017 -63.5542 -63.6060 -63.7256 -64.0443 -64.0538 -65.3594 -65.3998 -65.3985 -65.2605 -65.3208 -65.4106 -65.4641 -65.4659 -65.4649 -65.1123 -65.1600 -65.3787 -65.4125 -65.3605 -65.2312 -64.1980 -63.2595 -63.9285 -63.9580 -58.8210
-64.3103 -64.2519 -62.7110 -62.7409 -62.8013 -62.9443 -62.9966 -63.0459 -63.0951 -63.1440 -63.1927 -63.2412 -63.2894 -63.4388 -63.4903 -63.5587 -63.6105 -63.6618 -64.0346 -64.0929 -65.3403 -65.4468 -65.4509 -65.3007 -65.3055 -65.3777 -65.4731 -65.5276 -65.5278 -65.5349 -65.1326 -65.4728 -65.5489 -65.5513 -65.5529 -65.3834 -63.9831 -63.1888 -58.8436 -58.8328
-64.3632 -64.2911 -63.5372 -62.7536 -62.8082 -62.9533 -63.0019 -63.0531 -63.1013 -63.1495 -63.1974 -63.2451 -63.2925 -63.3397 -63.4931 -63.5494 -63.6136 -63.6649 -63.7891 -64.0900 -64.0606 -65.4844 -65.5231 -65.5488 -65.2831 -65.3576 -65.5853 -65.6845 -65.7175 -65.5687 -65.1248 -65.1892 -65.7631 0.0000 0.0000 0.0000 -59.0883 -58.9031 -58.6102 -58.8417
-64.7078 -64.3440 -63.5719 -62.8662 -62.8180 -62.8642 -63.0080 -63.0555 -63.1060 -63.1533 -63.2004 -63.2474 -63.2942 -63.3408 -63.4942 -63.5449 -63.6149 -63.6665 -63.7176 -64.1224 -64.2200 -65.4977 -65.5540 -65.6027 -65.5855 -65.3374 -65.5960 -65.7141 -65.7494 -65.7605 -65.5885 -65.1548 -68.6931 0.0000 0.0000 0.0000 -59.4500 -59.0486 -58.8896 -58.8678
-64.7257 -64.7123 -64.3276 -63.5899 -62.9226 -62.8711 -63.0069 -63.0588 -63.1084 -63.1551 -63.2016 -63.2479 -63.2941 -63.3402 -63.3861 -63.5441 -63.5976 -63.6663 -63.7179 -63.8489 -64.1748 -64.0234 -65.5804 -65.6516 -65.6852 -65.3054 -65.4093 -65.7533 -65.8016 0.0000 0.0000 -67.5765 -68.6656 0.0000 -70.2033 -59.6830 -59.6953 -59.1596 -64.5504 -64.3292
-64.7354 -64.7268 -64.7236 -63.6385 -62.9467 -62.9817 -62.9271 -63.0546 -63.1058 -63.1548 -63.2006 -63.2464 -63.2923 -63.3379 -63.3834 -63.4288 -63.5919 -63.6484 -63.7163 -63.7682 -64.2154 -64.3372 -64.4554 -65.7053 -65.7400 -65.7800 -65.3814 -68.5467 0.0000 0.0000 0.0000 -69.1729 -66.1762 -66.4956 -59.7984 -59.8980 -70.8003 0.0000 -64.8865 -65.0971
-64.7354 -64.7328 -64.7343 -64.0069 -63.2654 -63.0052 -63.0288 -63.0537 -63.0984 -63.1490 -63.1975 -63.2427 -63.2879 -63.3333 -63.3787 -63.4239 -63.5869 -63.6380 -63.7131 -63.7656 -63.9066 -64.2709 -64.4395 -65.7600 -65.8095 0.0000 -67.4982 0.0000 0.0000 0.0000 -68.1910 -68.1755 -59.6782 0.0000 -68.9189 0.0000 -67.6903 0.0000 -65.6235 -65.3136
-64.7241 -64.7280 -64.7360 -64.7503 -64.0610 -63.3378 -63.0525 -63.0506 -63.0944 -63.1384 -63.1887 -63.2367 -63.2806 -63.3283 -63.3788 -63.4167 -63.4620 -63.6311 -63.6861 -63.7611 -63.8147 -64.3292 -64.3179 0.0000 0.0000 0.0000 -70.7330 -66.3716 -68.4269 -68.1229 -68.6051 -60.0292 0.0000 -67.6180 0.0000 -71.6022 0.0000 -73.6036 0.0000 -65.4429
-64.5299 -64.7104 -64.7256 -64.7470 -64.0682 -63.4202 -63.4211 -63.1026 -63.0880 -63.1311 -63.1747 -63.2248 -63.2690 -63.3075 -63.3553 -63.4069 -63.4609 -63.4980 -63.6739 -63.7541 -63.8090 -64.8132 -66.0138 0.0000 -72.4293 -69.0639 -69.3697 -65.7801 -67.8696 -71.6593 0.0000 -69.2839 0.0000 -68.9518 0.0000 -71.6965 0.0000 -68.5048 0.0000 -65.3180
-64.5028 -64.5025 -64.7011 -64.7304 -64.0652 -63.4219 -63.5249 -63.5056 -63.2217 -63.1214 -63.1642 -63.2074 -63.2576 -63.2975 -63.3303 -63.3781 -63.4313 -63.4878 -63.5344 -63.7232 -64.5960 -64.9773 -65.0229 -65.0276 -68.6786 -68.4592 -68.7261 0.0000 -68.3037 0.0000 -73.3074 0.0000 -73.2449 0.0000 -67.7832 0.0000 -71.8731 0.0000 -65.8408 -65.8451
-64.4612 -64.4669 -64.4773 -64.6977 -64.7451 -64.1207 -63.5188 -63.6555 -63.7045 -63.2563 -63.1511 -63.1936 -63.2367 -63.2872 -63.3262 -63.3493 -63.3967 -63.4523 -64.2193 -64.2027 -64.2262 -64.2883 -64.4756 -65.0791 -67.7184 0.0000 -73.4950 0.0000 -70.5441 0.0000 -70.3680 0.0000 -70.1987 0.0000 -69.9572 0.0000 -67.4492 -67.0722 -65.5458 -59.5321
