-72.3562 -70.5339 -70.6022 -70.3100 -70.4756 -70.6790 -70.9985 -72.0116 0.0000 0.0000 -70.9777 -70.4512 -70.6519 -70.5802 -70.7620 -70.9903 0.0000 0.0000 0.0000 -67.4360 -66.7087 -66.6647 -67.3282 -67.2832 -67.2384 -67.5432 -67.5406 -67.5397 -67.5404 -67.5421 -67.6097 -67.5738 -67.5779 -67.5858 -67.5969 -67.6103 -67.6290 -67.6252 -68.5618 -68.4859
0.0000 -70.4577 -70.5316 -69.9382 -70.7021 -70.9599 -71.0885 -72.0501 0.0000 0.0000 -71.9205 0.0000 0.0000 -70.6329 -70.9238 -71.1403 0.0000 0.0000 0.0000 -68.3172 -67.4687 -67.4246 -67.3807 -67.3371 -67.6503 -67.6480 -67.6479 -67.6471 -67.6476 -67.6494 -67.7034 -67.6948 -67.6657 -67.6752 -67.6885 -67.7046 -67.7290 -67.7518 -68.6387 -68.7099
0.0000 -70.4178 -70.4759 -69.8760 -69.9463 -70.0292 -70.1148 -70.8320 -74.9460 -73.8437 -71.2886 -75.8736 -74.9619 -70.2134 -69.3561 -69.4352 0.0000 0.0000 0.0000 -68.3819 -67.5323 -67.4900 -67.7754 -67.7709 -67.7683 -67.7673 -67.7679 -67.7711 -67.7729 -67.8272 -67.8235 -67.8223 -67.8170 -67.7945 -67.8108 -67.8315 -67.8612 -67.8901 -68.4245 -69.9378
0.0000 -70.3847 -70.4282 -70.3424 -70.4621 -70.6212 -71.1499 -72.1633 0.0000 0.0000 -71.3485 -77.2837 0.0000 -70.4659 -70.8178 -71.2209 0.0000 0.0000 0.0000 -68.4597 -67.9262 -67.9043 -67.9002 -67.8979 -67.8974 -67.8983 -67.9009 -67.9071 -67.9108 -67.9586 -67.9604 -67.9663 -67.9824 -67.9398 -68.7519 -68.8190 -68.8975 -70.1357 -71.6151 -73.7372
0.0000 -71.0770 -71.6639 -70.9131 -70.9899 -71.1333 -71.2836 -72.1931 0.0000 0.0000 0.0000 -78.6503 0.0000 -71.5984 -71.0432 -71.2644 0.0000 0.0000 0.0000 -68.5462 -68.3903 -68.0326 -68.0310 -68.0311 -68.0329 -68.0364 -68.0415 -68.0582 -68.1070 -68.1208 -68.7758 -68.8499 -69.0174 -70.1089 -69.6579 -69.8908 -70.2112 -70.6022 -71.0349 -73.5820
0.0000 -71.6724 -71.7658 -71.0128 -71.1110 -71.2194 -71.3179 -72.2248 0.0000 0.0000 0.0000 0.0000 0.0000 -71.7814 -71.1384 -71.3028 0.0000 0.0000 0.0000 -69.0725 -68.5299 -68.1684 -68.1692 -68.1773 -68.1873 -68.2100 -68.8098 -68.8862 -68.9096 0.0000 0.0000 0.0000 0.0000 0.0000 -69.7998 -69.8542 -70.1357 -70.4534 -70.8540 -73.0050
0.0000 -71.7076 -71.8041 -71.0545 -71.1604 -71.2606 -71.3567 -72.2591 -81.5611 -78.0876 -81.0286 -82.8585 0.0000 -71.8882 -71.2012 -71.3451 0.0000 0.0000 0.0000 -69.2359 -68.6917 -68.3389 -68.8717 -68.8989 -68.9143 -69.8138 -70.5764 -77.9368 0.0000 0.0000 0.0000 0.0000 -74.9386 -72.7991 -69.7911 -70.0039 -70.2596 -70.5890 -70.3888 -72.0337
-77.6375 -71.7515 -71.8511 -71.1126 -71.2079 -71.3056 -71.3982 -72.2966 0.0000 -78.8533 -79.4432 -80.1768 -81.1071 -72.9048 -71.2514 -71.3807 0.0000 0.0000 0.0000 -69.5598 -68.9755 -68.5984 -69.1721 -69.2650 -69.3918 -69.5584 -69.9522 -71.8339 -74.3797 -74.2787 -74.2137 -72.7273 -72.6363 -72.3196 -70.2406 -69.8090 -69.9970 -70.2725 -70.5503 -71.5174
0.0000 -71.7997 -71.9014 -71.1724 -71.2566 -71.3515 -71.4410 -72.3355 0.0000 -77.1615 -77.2765 0.0000 0.0000 -72.9114 -71.2687 -71.4085 0.0000 0.0000 0.0000 -70.8792 -70.1975 -69.7498 -69.8462 -69.9161 -70.0600 -70.2265 -70.7565 -70.8277 -74.5933 -75.0850 -74.3734 -74.4836 -74.5242 -74.3401 -73.3288 -68.5616 -68.5931 -68.5839 -68.5585 -68.9410
0.0000 -71.8474 -71.9501 -71.2207 -71.3040 -71.3971 -71.4846 -72.3806 0.0000 -77.9831 -76.7990 0.0000 0.0000 -72.9304 -71.3379 -71.4583 0.0000 0.0000 0.0000 -70.6327 -70.4256 -69.9601 -70.0576 -70.1694 -70.2940 -70.6448 -70.7168 -70.7649 -72.9093 -73.8402 -75.9327 0.0000 0.0000 0.0000 0.0000 -68.1756 -67.8546 -67.7342 -66.3820 -66.5766
-83.1462 -71.9021 -72.0072 -71.2803 -71.3636 -71.4561 -71.5432 -72.4558 -82.0877 -77.9457 -77.5607 -78.4056 -80.5776 -73.0671 -71.3885 -71.5104 0.0000 0.0000 0.0000 -71.1161 -70.5452 -70.1596 -70.2562 -70.3626 -70.7103 -70.7913 -70.1791 -70.5168 -75.3910 0.0000 0.0000 0.0000 0.0000 -71.4737 -67.9638 -66.6109 -66.5818 -66.5520 -66.5190 -66.4551
0.0000 -71.9472 -72.0563 -71.3415 -71.4201 -71.5138 -71.6018 -72.5069 0.0000 0.0000 -77.4562 -76.2428 0.0000 -73.1070 -71.4380 -71.5636 0.0000 0.0000 0.0000 -71.1376 -70.5946 -70.2343 -70.4451 -70.6593 -71.4273 0.0000 0.0000 -70.5339 -73.1331 0.0000 -68.4162 -68.3388 -68.2477 -68.1095 -67.9870 -67.0062 -66.7085 -66.6776 -66.6469 -66.5887
0.0000 -71.9833 -72.0947 -71.3897 -71.4718 -71.5687 -71.6593 -72.6101 0.0000 0.0000 -76.9703 -77.3634 -78.6274 -73.1393 -71.4845 -71.6037 0.0000 0.0000 0.0000 -71.0841 -70.5819 -70.2473 -70.4800 -70.9670 -71.6289 0.0000 0.0000 -67.3445 -67.9752 -68.5979 -68.4960 -68.4011 -68.2948 -68.1985 -67.9835 -67.5062 -66.8328 -66.8051 -66.7855 -68.4236
0.0000 -71.9527 -72.1240 -71.4288 -71.5177 -71.6201 -71.7156 -72.6612 0.0000 0.0000 -76.6568 -77.3883 -77.4280 -73.1638 -71.5249 -71.6473 0.0000 0.0000 0.0000 -70.8955 -70.4930 -70.7153 -70.4633 -71.1664 -71.6398 0.0000 0.0000 -67.4677 -68.0676 -68.5952 -68.6748 -68.6137 -68.5219 -68.3571 -68.0389 -68.9218 -68.2900 -68.5698 -68.8504 -69.0010
-76.4858 -72.0198 -72.0831 -71.4119 -71.5548 -71.6667 -71.7701 -72.7145 -79.3448 -81.9367 -76.3862 -77.3907 -76.3404 -73.1746 -71.5679 -71.6888 0.0000 0.0000 0.0000 -69.3821 -70.2348 -70.5583 -70.5930 -71.1332 -71.6259 -76.9931 0.0000 -67.5853 -67.9011 -68.3023 -68.7523 -71.1398 -71.7770 -73.1123 -74.9855 0.0000 -67.8499 -68.1529 -68.5104 -68.9005
-74.9504 -72.0162 -72.1533 -71.4867 -71.5337 -71.7040 -71.8210 -72.7707 0.0000 0.0000 -76.1833 0.0000 -75.4919 -73.1801 -71.6038 -71.7311 0.0000 0.0000 0.0000 -69.1378 -68.8139 -70.3091 -70.4911 -71.0694 -71.5732 -75.6221 0.0000 -67.9009 -69.7356 -70.6136 0.0000 0.0000 0.0000 0.0000 0.0000 0.0000 -68.8249 -67.5772 -67.9064 -68.3098
-73.7502 -71.9804 -72.1391 -71.5107 -71.6224 -71.7403 -71.7962 -72.8300 0.0000 0.0000 -75.9939 0.0000 -75.1411 -73.1731 -71.6346 -71.7710 0.0000 0.0000 0.0000 -68.8484 -68.9181 -68.7899 -68.7050 -70.6661 -71.3879 -73.4555 0.0000 0.0000 -71.1520 -73.6640 0.0000 0.0000 0.0000 0.0000 -67.6513 -67.6917 -67.7755 -66.8588 -67.1070 -67.4444
-75.1365 -71.9085 -72.0967 -71.5016 -71.6462 -71.7989 -71.9284 -72.7690 -80.6631 -78.5118 -75.9190 -76.7489 -74.8574 -73.1501 -71.6589 -71.8081 0.0000 0.0000 0.0000 -68.5158 -68.6965 -68.5126 -68.3514 -68.5740 -68.7920 -73.2800 0.0000 0.0000 -66.3998 -66.5938 -67.0755 -67.0133 -66.9384 -66.8824 -66.8276 -66.7702 -66.7177 -65.9928 -66.1001 -66.2691
0.0000 -71.7871 -72.0003 -71.4607 -71.6397 -71.8249 -71.9847 -72.9449 -79.5794 -77.3045 -75.6792 -78.8382 -74.5899 -73.0989 -71.6706 -71.8479 0.0000 0.0000 0.0000 -68.1430 -68.2896 -68.0990 -67.9714 -68.1082 -68.2880 -68.9771 -70.6931 -71.2429 -69.1971 -70.3352 -70.5695 -71.8436 -72.0146 -72.3369 -72.9792 -72.9103 -74.1102 -65.0725 -64.9882 -64.8847
0.0000 -71.5942 -71.8333 -71.3664 -71.5961 -71.8338 -72.0347 -73.0281 0.0000 0.0000 -75.4363 -78.1517 -75.5001 -73.0238 -71.6733 -71.8806 0.0000 0.0000 0.0000 -67.8392 -67.8928 -67.6322 -67.4811 -67.5634 -67.6778 -68.1957 -69.1293 -69.8939 -68.7962 -70.6571 -71.3264 -72.9020 0.0000 0.0000 0.0000 0.0000 0.0000 0.0000 -61.9124 -61.7919
-74.7408 -71.3001 -71.5550 -71.1783 -71.4799 -71.5142 -72.0824 -73.1133 0.0000 0.0000 -75.3513 -76.9266 -75.6431 -72.9074 -72.3548 -71.8986 0.0000 0.0000 0.0000 -67.3936 -67.3969 -67.1210 -66.9315 -66.9408 -66.9725 -67.0304 -67.8724 -68.3441 -67.6242 -68.9462 -70.7199 0.0000 0.0000 0.0000 0.0000 -62.5607 -62.4251 -62.2833 -61.8567 -61.7356
-76.9720 -70.8688 -71.1058 -70.8159 -71.2017 -71.6913 -71.8633 -72.6475 -78.9120 -72.4782 -74.9063 -76.5938 0.0000 0.0000 -72.1390 -71.9221 0.0000 0.0000 0.0000 -66.9684 -66.8755 -66.5712 -66.3374 -66.2673 -66.1973 -66.1240 -66.5512 -66.6160 -65.8765 -66.0109 -66.1228 -62.9409 -62.8570 -62.7308 -62.6075 -62.4800 -62.3448 -62.1891 -61.8024 -61.6805
0.0000 -69.3157 -69.3542 -69.1019 -70.5210 -71.2361 -71.9701 -73.0189 0.0000 -71.8096 -71.5468 -76.5338 0.0000 0.0000 -66.8456 -71.5548 0.0000 0.0000 0.0000 -66.4810 -66.3371 -66.0307 -65.7267 -65.5742 -65.2447 -63.1759 -63.2795 -63.2217 -62.8456 -62.8413 -62.8271 -62.7381 -62.7671 -62.6644 -62.6540 -62.5236 -62.3840 -62.2264 -61.8604 -61.7392
0.0000 -69.0435 -69.0628 -68.7305 -68.7628 -68.8167 -68.8871 -73.0590 0.0000 -71.0729 -70.8569 -71.5077 -73.0789 -73.8556 -72.0941 -71.6494 0.0000 0.0000 0.0000 -65.8603 -63.8019 -63.5861 -63.4844 -63.3017 -63.2068 -63.1095 -63.2181 -63.1555 -62.9993 -62.9010 -62.8846 -62.7948 -62.8117 -62.7118 -62.5920 -62.4593 -62.3181 -62.1628 -61.8162 -61.6932
-70.1840 -68.6764 -68.6739 -68.3535 -68.3613 -68.3859 -68.4220 -68.7761 -70.3889 -70.1654 -69.9640 -70.4869 -71.5727 -72.1522 -70.8714 -71.8149 0.0000 0.0000 0.0000 -63.8431 -63.7365 -63.5446 -63.4426 -63.3672 -63.2725 -63.1754 -63.2757 -63.2104 -62.9581 -62.8577 -62.8364 -62.7451 -62.7483 -62.6503 -62.5328 -62.3988 -62.2575 -62.1054 -61.8414 -61.6487
-69.5743 -68.3777 -68.3517 -68.0312 -68.0078 -67.9976 -67.9947 -68.2667 -69.4353 -69.2688 -69.0456 -69.5129 -70.0045 -70.2409 -69.6485 -70.4137 0.0000 0.0000 0.0000 -63.9138 -63.8220 -63.6155 -63.5137 -63.3316 -63.2363 -63.1387 -63.1479 -63.1578 -63.0132 -62.8161 -62.7905 -62.6974 -62.6900 -62.5920 -62.4764 -62.3420 -62.2013 -64.2885 -64.3421 -64.1950
-68.9895 -68.0664 -68.0117 -67.6882 -67.6333 -67.5851 -67.5368 -67.7197 -68.5189 -68.3582 -68.0692 -68.2336 -68.2565 -68.0378 -67.3046 -64.0540 -64.3868 -64.3525 -64.2261 -63.8774 -63.7849 -63.5806 -63.4782 -63.2972 -63.2014 -63.1032 -63.1071 -63.1084 -62.9728 -62.7761 -62.7463 -62.6516 -62.5543 -64.7730 -64.8666 -64.8680 -64.9355 0.0000 -65.0073 -64.8327
-68.4893 -67.7218 -67.6369 -67.3047 -67.2100 -67.1131 -66.9971 -67.0611 -67.5225 -67.2735 -64.7936 -64.7773 -64.7104 -64.5570 -64.1835 -63.9911 -64.2800 -64.2411 -64.1230 -63.8422 -63.7490 -63.5465 -63.4438 -63.2637 -63.1673 -63.0686 -63.0675 -63.0618 -62.9333 -64.8133 -64.9244 -65.0174 -65.0561 -68.3231 -70.3804 -74.6570 0.0000 0.0000 0.0000 -65.4287
-67.9448 -67.3760 -67.2606 -66.9124 -66.6961 -66.5745 -64.7038 -64.7395 -64.9872 -64.8759 -64.7281 -64.7271 -64.6531 -64.5052 -64.1530 -63.9618 -64.1991 -64.1672 -64.0718 -63.8214 -63.7138 -63.5133 -63.4102 -63.2310 -63.1341 -65.0353 -65.1613 -65.3819 -65.3551 -65.1162 -67.6327 -68.1292 -68.8530 -70.4472 -72.3991 -75.5508 0.0000 -73.2723 -73.1251 -66.7128
0.0000 -65.2279 -65.1265 -64.9131 -64.8336 -64.7566 -64.6786 -64.8001 0.0000 -74.4983 0.0000 -64.6791 -64.6014 -64.4325 -64.1230 -63.9333 -64.1376 -64.0940 -64.0125 -63.7870 -63.6794 -65.5054 -65.4562 -65.3785 -65.3624 -65.3543 -65.5613 -67.8186 -68.0038 -67.7334 -68.3963 -69.2305 -70.0396 -71.1740 -71.6200 -71.5466 -77.6105 0.0000 0.0000 -67.2450
0.0000 -65.1804 -65.1028 -67.1621 -67.3164 -67.9788 -69.4239 -72.4257 0.0000 -68.4966 -64.9275 -64.6543 -64.5539 -64.3918 -64.0937 -63.9054 -64.0818 -66.1332 -69.6780 0.0000 -65.9762 -65.7874 -65.8067 -65.6639 -67.4786 -67.5887 -68.0066 0.0000 0.0000 -68.4323 -69.1718 0.0000 0.0000 -71.8059 -73.6433 -75.6412 -77.0797 0.0000 0.0000 0.0000
-70.5776 -67.7499 -68.0196 -68.4017 -68.6736 -69.5113 -71.1161 -72.4927 0.0000 0.0000 -64.7554 -67.2900 -68.1202 -69.8826 -72.2561 0.0000 0.0000 -69.5946 -75.3289 0.0000 -66.2531 -67.9078 -67.9653 -67.8301 -67.9399 -70.6573 -73.5567 0.0000 0.0000 -69.2879 -72.9408 0.0000 0.0000 -72.2002 -74.3241 -75.5475 -76.7180 0.0000 0.0000 0.0000
0.0000 -68.5574 -68.6625 -68.8027 -68.7946 -69.3142 -70.5046 -72.2895 0.0000 0.0000 -72.3941 0.0000 0.0000 -71.6975 -72.3280 -81.1552 -82.4570 -73.8496 -75.2221 0.0000 -68.8169 -68.2972 -68.3731 -70.0988 -70.8881 -71.8233 -73.5987 0.0000 0.0000 -68.5521 -68.5568 -69.3719 -69.3935 -68.6656 -68.9630 -68.9488 -68.8643 -68.9776 -68.1711 -68.1455
0.0000 -68.2362 -68.3126 -68.5929 -68.7276 -69.3987 -70.8041 -72.2153 0.0000 0.0000 -74.9996 -83.7432 -76.8959 -72.4462 -72.3964 -78.6159 -73.4104 -74.6784 -75.1422 0.0000 -69.2145 -70.4557 -70.8172 -70.8396 -70.4682 -70.5145 -70.5865 -73.0390 -73.4400 -71.6838 -72.6080 0.0000 0.0000 -71.0973 -72.5112 -74.8320 -75.4304 0.0000 0.0000 0.0000
-69.2989 -68.3722 -68.6332 -68.9973 -69.2135 -69.9099 -71.2326 -72.3020 -82.4090 -73.7015 -76.2284 -77.0032 -72.1244 -72.8534 -72.4661 -72.9043 -74.0055 -75.3612 -75.0879 0.0000 -71.8449 -71.1721 -71.4086 -71.4692 -71.9425 -72.3973 -72.9341 0.0000 0.0000 0.0000 0.0000 0.0000 0.0000 -72.0063 -71.8801 -73.7156 -76.8687 0.0000 0.0000 0.0000
-69.5944 -68.8213 -69.1566 -69.5722 -69.7626 -70.3986 -71.5821 -72.4115 -76.9417 -73.9790 -76.1514 0.0000 0.0000 -70.4722 -69.7319 -70.6558 -70.7276 -70.8269 -70.3249 -71.0533 -70.3069 -69.4932 -69.4442 -71.5036 -71.2757 -71.6795 -72.4398 0.0000 0.0000 0.0000 0.0000 -70.6052 -70.7061 -70.6807 -70.5054 -71.8016 -73.6895 0.0000 0.0000 0.0000
0.0000 -69.3268 -69.6871 -70.1060 -70.2258 -70.7876 -71.8424 -72.5246 0.0000 0.0000 -76.4891 0.0000 0.0000 -73.3969 -72.5128 -74.5315 -76.2482 0.0000 0.0000 -70.4527 -69.9428 -69.5142 -69.0971 -69.0267 -68.7101 -68.6512 -68.5905 -69.6733 -69.7114 -69.7119 -69.5401 -69.4072 -69.2647 -69.0732 -68.6121 -68.5909 -65.3159 -65.2682 -65.1907 -65.0336
0.0000 -69.7979 -70.1587 -70.5548 -70.5930 -71.0744 -72.0531 -72.6213 0.0000 0.0000 -75.8607 -76.2829 -76.0371 -74.2340 -73.2493 -75.4872 -76.9605 -79.6210 0.0000 0.0000 -72.6532 -72.1046 -71.6289 -71.8575 -71.7799 -72.5399 -73.4510 0.0000 0.0000 -74.6972 -76.2460 0.0000 -65.7508 -68.5579 -69.0102 -70.8630 -74.3523 0.0000 0.0000 0.0000
0.0000 -70.2141 -70.5612 -70.9244 -70.8973 -71.3002 -72.2147 -72.7208 0.0000 0.0000 -76.6074 -76.7229 -75.0528 -74.8322 -73.6877 -75.7657 -77.1993 -79.0971 0.0000 0.0000 -73.4840 -72.9213 -72.4355 -72.7604 -72.6082 -73.1351 -73.4782 0.0000 0.0000 -76.3330 -77.4034 0.0000 -69.7118 -70.3366 -71.3509 -72.5539 -74.5533 0.0000 0.0000 0.0000
0.0000 -70.5756 -70.9023 -71.2440 -71.1353 -71.4850 -72.3515 -72.8073 0.0000 0.0000 -76.4526 -76.3910 -74.9788 -74.7338 -73.4662 -75.5434 -76.8183 -77.4738 -80.3893 -75.6172 -74.1089 -73.5716 -72.9943 -73.2032 -72.8258 -73.1117 -73.4075 0.0000 0.0000 0.0000 -75.3265 -70.5671 -70.9420 -71.6756 -72.6306 -73.2440 -74.7951 0.0000 0.0000 -68.8370
