-62.0197
-63.5559
-38.8231
-38.4762
-38.2032
-37.8472
-37.4788
-37.1236
-36.7529
-36.3826
-36.0150
-35.6451
-35.2883
-34.9253
-34.5757
-34.2412
-33.9382
-33.6620
-33.4314
-33.2412
-33.0889
-32.9979
-32.9556
-32.9767
-33.0553
-61.7837
-63.4785
-38.6573
-38.2927
-37.9272
-37.5571
-37.1780
-36.7871
-36.4075
-36.0184
-35.6258
-35.2415
-34.8452
-34.4545
-34.0750
-33.7227
-33.3894
-33.0884
-32.8346
-32.6251
-32.4686
-32.3719
-32.3408
-32.3635
-32.4334
-61.5142
-63.3869
-38.4890
-38.1195
-37.7332
-37.3524
-36.9635
-36.5639
-36.1511
-35.7487
-35.3334
-34.9200
-34.5023
-34.0885
-33.6759
-33.2802
-32.9055
-32.5670
-32.2780
-32.0331
-31.8569
-31.7445
-31.7065
-31.7310
-31.8109
-61.4891
-63.4666
-38.2648
-37.8837
-37.4958
-37.0912
-36.6879
-36.2728
-35.8522
-35.4165
-34.9827
-34.5430
-34.1003
-33.6526
-33.2055
-32.7734
-32.3551
-31.9765
-31.6530
-31.3875
-31.1987
-31.0732
-31.0329
-31.0632
-31.1437
-61.1395
-63.5903
-38.0647
-37.6661
-37.2669
-36.8592
-36.4428
-36.0104
-35.5778
-35.1321
-34.6689
-34.2126
-33.7360
-33.2640
-32.7824
-32.3057
-31.8445
-31.4171
-31.0408
-30.7376
-30.5162
-30.3819
-30.3356
-30.3671
-30.4512
-61.7863
-63.8618
-37.8870
-37.4806
-37.0607
-36.6371
-36.2117
-35.7732
-35.3149
-34.8551
-34.3806
-33.8904
-33.4033
-32.8913
-32.3774
-31.8552
-31.3381
-30.8526
-30.4323
-30.0767
-29.8213
-29.6551
-29.6070
-29.6399
-29.7353
-62.5929
-64.0407
-37.6946
-37.2833
-36.8634
-36.4306
-35.9807
-35.5386
-35.0823
-34.6021
-34.1232
-33.6161
-33.0943
-32.5650
-32.0150
-31.4494
-30.8815
-30.3266
-29.8412
-29.4295
-29.1251
-28.9382
-28.8701
-28.9048
-29.0248
-62.1758
-63.8364
-37.5224
-37.1025
-36.6657
-36.2306
-35.7781
-35.3174
-34.8463
-34.3716
-33.8857
-33.3861
-32.8516
-32.2998
-31.7208
-31.1210
-30.4895
-29.8706
-29.2967
-28.8227
-28.4605
-28.2283
-28.1363
-28.1680
-28.3225
-61.4035
-63.5915
-37.3616
-36.9299
-36.4858
-36.0327
-35.5785
-35.1181
-34.6445
-34.1587
-33.6746
-33.1818
-32.6602
-32.1004
-31.5129
-30.8824
-30.2108
-29.5195
-28.8785
-28.3205
-27.8847
-27.5954
-27.4537
-27.4885
-27.6871
-60.7677
-63.3654
-37.2141
-36.7632
-36.3179
-35.8572
-35.3892
-34.9132
-34.4441
-33.9730
-33.4847
-32.9989
-32.5124
-31.9809
-31.4184
-30.7901
-30.0786
-29.3510
-28.6263
-27.9940
-27.4864
-27.1153
-26.9099
-26.9340
-27.2039
-60.9664
-63.3271
-45.9308
-36.6116
-36.1495
-35.6784
-35.2050
-34.7206
-34.2499
-33.7750
-33.3054
-32.8465
-32.3952
-31.9284
-31.4329
-30.8425
-30.1637
-29.4058
-28.6577
-27.9744
-27.3797
-26.9462
-26.6812
-26.6940
-27.0429
-60.9654
-63.4837
-35.5136
-35.0252
-34.5373
-34.0493
-33.5819
-33.1217
-32.6805
-32.2846
-31.9012
-31.5136
-31.0491
-30.4232
-29.6853
-28.9456
-28.2360
-27.6218
-27.2096
-27.0567
-27.1039
-27.3525
-60.8540
-63.5308
-35.3268
-34.8305
-34.3415
-33.8448
-33.3600
-32.9033
-32.4826
-32.1233
-31.8204
-31.5592
-31.2297
-30.6773
-29.9628
-29.3015
-28.7974
-28.5143
-28.5778
-28.9182
-29.0539
-28.8534
-60.8520
-63.5799
-36.5847
-36.1479
-35.6482
-35.1391
-34.6343
-34.1201
-33.5997
-33.1017
-32.6391
-32.2153
-31.8560
-31.5882
-31.3953
-31.1494
-30.6484
-30.1195
-30.0225
-30.4812
-31.4008
-32.7955
-34.2977
-34.6385
-33.4015
-60.7946
-63.5611
-36.4100
-35.9634
-35.4982
-34.9473
-34.4155
-33.8766
-33.3415
-32.8111
-32.3056
-31.8382
-31.4381
-31.1215
-30.9236
-30.7330
-30.3934
-30.3411
-31.4331
-34.1310
-38.4728
-41.5157
-45.2685
-45.1143
-42.9284
-60.6894
-63.5661
-36.3411
-35.7830
-35.3038
-34.8040
-34.2071
-33.6409
-33.0627
-32.4841
-31.9252
-31.3845
-30.8993
-30.4959
-30.2267
-30.0738
-29.9530
-30.3566
-32.7156
-38.5452
-40.7624
-36.7887
-36.3531
-36.2433
-37.2897
-60.6216
-63.5159
-36.2123
-35.6934
-35.1200
-34.6024
-34.0029
-33.4075
-32.7905
-32.1672
-31.5436
-30.9241
-30.3406
-29.8375
-29.4552
-29.2818
-29.2367
-29.7663
-32.4608
-40.2245
-36.7124
-36.6132
-30.5876
-30.2365
-35.6884
-60.5648
-63.4598
-36.0946
-35.5566
-34.9443
-34.4136
-33.8528
-33.1938
-32.5556
-31.8924
-31.2133
-30.5342
-29.8630
-29.2485
-28.7591
-28.4744
-28.3757
-28.7466
-31.1103
-37.7571
-39.2208
-34.8188
-29.9942
-29.2040
-34.2278
-60.4781
-63.3675
-35.9826
-35.4350
-34.8681
-34.2443
-33.6744
-33.0252
-32.3614
-31.6662
-30.9512
-30.2313
-29.5026
-28.8257
-28.2216
-27.7882
-27.5805
-27.7904
-29.5378
-34.9298
-46.4828
-37.4598
-33.1706
-32.0648
-36.4033
-60.4187
-63.3132
-35.8984
-35.3492
-34.7707
-34.1270
-33.5475
-32.9320
-32.2345
-31.5364
-30.8079
-30.0644
-29.3169
-28.5958
-27.9292
-27.3739
-27.0396
-27.0877
-28.2540
-31.7497
-39.4887
-39.9084
-36.9769
-36.5791
-39.0378
-60.3876
-63.2928
-35.8326
-35.2900
-34.7164
-34.1207
-33.4691
-32.8614
-32.1917
-31.4970
-30.7757
-30.0361
-29.2898
-28.5597
-27.8756
-27.2494
-26.7935
-26.6725
-27.2922
-29.0306
-32.6431
-38.5283
-42.8405
-41.3332
-40.0939
-60.3516
-63.2460
-35.8109
-35.2666
-34.7082
-34.1221
-33.5168
-32.8624
-32.2307
-31.5380
-30.8488
-30.1398
-29.4181
-28.7040
-28.0151
-27.3948
-26.8944
-26.7249
-26.9954
-27.7995
-29.5434
-32.5883
-36.0912
-36.8310
-33.9196
-56.5701
-57.3587
-58.7972
-59.8810
-35.8231
-35.2854
-34.7365
-34.1636
-33.5695
-32.9282
-32.3206
-31.6764
-31.0107
-30.3278
-29.6483
-28.9870
-28.3169
-27.7100
-27.2435
-27.0485
-27.2060
-27.7032
-28.5948
-29.9950
-31.5153
-31.9582
-30.8769
-56.1232
-56.6413
-57.7157
-59.8025
-35.8577
-35.3417
-34.7994
-34.2482
-33.6768
-33.0866
-32.4613
-31.8649
-31.2395
-30.6137
-29.9825
-29.3252
-28.7013
-28.1440
-27.7234
-27.5204
-27.6217
-28.0798
-28.7265
-29.4526
-30.1081
-30.3617
-30.0552
-55.8762
-56.4884
-57.6361
-59.6723
-35.9268
-35.4250
-34.8996
-34.3633
-33.8162
-33.2562
-32.6701
-32.1099
-31.5246
-30.9309
-30.3220
-29.7241
-29.1663
-28.6662
-28.2926
-28.0969
-28.1656
-28.5555
-29.1731
-29.8037
-30.2657
-30.4539
-30.3214
-56.4163
-57.1688
-58.3848
-59.9893
-36.0175
-35.5277
-35.0292
-34.5198
-33.9958
-33.4671
-32.9373
-32.3851
-31.8423
-31.2919
-30.7389
-30.1969
-29.6857
-29.2550
-28.9173
-28.7512
-28.8176
-29.1219
-29.6679
-30.3105
-30.8227
-31.0097
-30.8267
-57.2826
-58.0673
-59.2601
-59.9295
-36.1304
-35.6648
-35.1858
-34.6980
-34.2087
-33.7161
-33.2185
-32.7169
-32.1990
-31.7013
-31.1960
-30.7105
-30.2630
-29.8812
-29.6052
-29.4610
-29.5185
-29.7665
-30.2054
-30.7500
-31.2197
-31.4019
-31.2456
-56.4013
-56.9172
-58.0225
-59.8835
-36.2632
-35.8168
-35.3683
-34.9039
-34.4585
-34.0091
-33.5512
-33.0758
-32.5854
-32.1438
-31.6822
-31.2553
-30.8597
-30.5367
-30.3028
-30.2003
-30.2324
-30.4215
-30.7471
-31.1566
-31.5049
-31.6637
-31.6011
-55.9403
-56.5618
-57.7633
-59.8578
-36.4182
-35.9887
-35.5847
-35.1784
-34.7554
-34.3303
-33.8998
-33.4651
-33.0398
-32.5870
-32.2132
-31.8131
-31.4751
-31.1972
-30.9984
-30.9101
-30.9358
-31.0691
-31.2964
-31.5793
-31.8253
-31.9608
-31.9674
-56.2623
-57.0098
-58.0789
-59.8594
-36.5999
-36.2350
-35.8566
-35.4742
-35.0758
-34.6760
-34.2776
-33.8837
-33.4783
-33.0601
-32.7217
-32.4136
-32.0919
-31.8528
-31.6827
-31.5960
-31.5974
-31.6928
-31.8515
-32.0494
-32.2226
-32.3410
-32.3796
-55.9638
-56.5503
-57.7265
-59.8191
-36.8540
-36.5002
-36.1482
-35.7812
-35.4129
-35.0451
-34.6733
-34.2972
-33.9409
-33.5877
-33.2332
-32.9729
-32.7005
-32.4984
-32.3422
-32.2617
-32.2460
-32.2947
-32.4087
-32.5534
-32.6734
-32.7759
-32.8389
-56.1715
-56.9568
-58.2113
-37.1161
-36.7857
-36.4484
-36.1048
-35.7674
-35.4246
-35.0656
-34.7319
-34.4034
-34.0843
-33.7464
-33.5131
-33.3256
-33.1053
-32.9790
-32.8892
-32.8666
-32.8899
-32.9681
-33.0727
-33.1612
-33.2490
-33.3211
-56.8441
-57.6966
-59.1944
-60.9195
-37.3899
-37.0786
-36.7629
-36.4482
-36.1266
-35.8004
-35.4819
-35.1666
-34.8707
-34.5821
-34.3186
-34.0404
-33.8812
-33.7097
-33.5835
-33.5006
-33.4689
-33.4696
-33.5314
-33.5923
-33.6749
-33.7486
-33.8204
-56.6229
-57.3598
-58.7961
-59.9103
-38.2638
-37.9688
-37.6752
-37.3822
-37.0914
-36.7921
-36.4864
-36.1911
-35.9001
-35.6093
-35.3311
-35.0764
-34.8327
-34.6236
-34.4189
-34.3080
-34.1638
-34.0890
-34.0432
-34.0458
-34.0694
-34.1271
-34.1894
-34.2595
-34.3275
-56.8039
-57.7229
-59.1499
-59.8648
-50.2595
-38.7976
-38.5228
-38.2488
-37.9699
-37.6977
-37.4180
-37.1364
-36.8591
-36.5851
-36.3146
-36.0465
-35.7925
-35.5598
-35.3294
-35.1487
-34.9258
-34.8391
-34.7686
-34.6447
-34.6022
-34.5961
-34.6128
-34.6489
-34.7085
-34.7668
-34.8363
-54.1600
-53.9134
-53.6594
-53.4042
-53.1334
-52.8560
-52.5706
-52.2778
-51.9769
-51.6674
-51.3489
-51.0207
-39.6099
-39.3066
-39.0491
-38.7934
-38.5339
-38.2776
-38.0072
-37.7473
-37.4915
-37.2335
-36.9726
-36.7251
-36.4825
-36.2443
-36.0311
-35.8389
-35.6574
-35.4989
-35.3379
-35.2819
-35.1932
-35.1430
-35.1347
-35.1405
-35.1733
-35.2166
-35.2745
-35.3387
-53.5871
-53.2871
-52.9700
-52.6341
-52.2691
-51.8699
-51.4249
-50.9105
-50.2840
-49.4542
-48.2141
-40.0364
-39.7954
-39.5497
-39.3117
-39.0709
-38.8295
-38.5745
-38.3260
-38.0865
-37.8450
-37.6027
-37.3639
-37.1296
-36.9069
-36.6937
-36.4895
-36.3147
-36.1449
-36.0038
-35.8251
-35.7801
-35.7529
-35.6713
-35.6580
-35.6599
-35.6828
-35.7213
-35.7702
-35.8377
-53.0471
-52.6988
-52.3235
-51.9167
-51.4701
-50.9708
-50.3997
-49.7258
-48.9092
-48.0294
-40.4926
-40.2651
-40.0343
-39.8064
-39.5819
-39.3527
-39.1132
-38.8810
-38.6513
-38.4212
-38.1956
-37.9691
-37.7432
-37.5269
-37.3237
-37.1211
-36.9430
-36.7812
-36.6236
-36.4876
-36.3774
-36.2530
-36.2258
-36.1826
-36.1533
-36.1667
-36.1758
-36.2139
-36.2632
-36.3152
-52.5395
-52.1513
-51.7313
-51.2721
-50.7654
-50.1999
-49.5636
-48.8744
-41.1455
-40.9310
-40.7153
-40.4982
-40.2826
-40.0702
-39.8504
-39.6257
-39.4074
-39.1890
-38.9735
-38.7546
-38.5387
-38.3286
-38.1249
-37.9219
-37.7342
-37.5634
-37.3810
-37.2276
-37.0891
-36.9627
-36.8545
-36.7119
-36.6907
-36.6977
-36.6502
-36.6470
-36.6605
-36.6930
-36.7382
-36.7937
-52.0753
-51.6563
-51.2031
-50.7118
-50.1788
-49.6116
-49.0885
-41.5538
-41.3521
-41.1472
-40.9417
-40.7382
-40.5376
-40.3270
-40.1135
-39.9073
-39.6996
-39.4995
-39.2911
-39.0796
-38.4984
-38.3107
-38.1178
-37.9701
-37.8135
-37.6599
-37.5381
-37.4186
-37.3182
-37.2477
-37.1399
-37.1519
-37.1638
-37.1185
-37.1310
-37.1622
-37.2014
-37.2567
