-64.0458
-64.1347
-64.2249
-64.2456
-64.3377
-64.0300
-64.3682
-64.4885
-64.4680
-64.4448
-64.4263
-64.4235
-64.6450
-64.8045
-64.8340
-64.8587
-64.9004
-64.8775
-64.9469
-65.0093
-65.0792
-65.1727
-65.2127
-65.2659
-65.4549
-65.5162
-70.8137
-71.3757
-70.6772
-69.7614
-68.4413
-68.3198
-68.2227
-68.1460
-68.0554
-68.9327
-68.7751
-68.6279
-63.9802
-64.0748
-64.1652
-64.2567
-64.3469
-64.5114
-64.4494
-64.2654
-64.4849
-64.5450
-64.4576
-64.4851
-64.5056
-65.3190
-70.4293
-69.7177
-67.6111
-65.2785
-65.3434
-65.3194
-65.4186
-65.4521
-65.4850
-65.7181
-72.3131
-72.6996
-71.4152
-70.0380
-69.3168
-68.4846
-68.3741
-68.2863
-68.1926
-68.1290
-68.1963
-68.1616
-63.9139
-64.0106
-64.1064
-64.3293
-64.4236
-64.5103
-64.5877
-64.4378
-64.3617
-64.0969
-64.4051
-64.4833
-64.7811
-69.5234
-68.6620
-67.8749
-67.8272
-67.4056
-65.5115
-65.5288
-65.5356
-65.5474
-65.6661
-65.9966
-70.6055
-69.4212
-68.5639
-68.2605
-68.0891
-67.9908
-67.9405
-67.9429
-68.0169
-66.4743
-66.3108
-66.5334
-66.5419
-66.5469
-66.5537
-64.3735
-64.4586
-64.3827
-64.2966
-64.5203
-64.3933
-64.5947
-64.9556
-76.2535
-75.2083
-70.7227
-70.0701
-69.6453
-68.9595
-67.7863
-67.6049
-67.4595
-67.3414
-65.6469
-65.6455
-65.6398
-65.6178
-68.1914
-67.3009
-67.2990
-67.3047
-67.3326
-67.3641
-67.4190
-67.5065
-67.2073
-67.0938
-66.8719
-66.8538
-66.5990
-66.6074
-66.6232
-66.6426
-66.6460
-66.6899
-66.5585
-66.6313
-66.6933
-66.3792
-75.8554
-74.3626
-71.1883
-70.6556
-70.5083
-67.8332
-67.6781
-67.5313
-67.3923
-67.2786
-65.6725
-65.6478
-65.1294
-65.1232
-65.1617
-66.5476
-66.6726
-66.7913
-66.9271
-67.5839
-67.6131
-67.3851
-67.0919
-66.9112
-66.9050
-66.9090
-67.2082
-67.2486
-66.9943
-66.9325
-66.9631
-66.9851
-66.9237
-66.9648
-75.5505
-74.5049
-70.3338
-69.6441
-67.5864
-67.6142
-67.4715
-67.3303
-67.1869
-66.7874
-66.2856
-64.6100
-64.5839
-64.5578
-64.5577
-64.5227
-67.6199
-67.6771
-68.2197
-73.6123
-67.4728
-67.5058
-67.5098
-67.5274
-67.5517
-67.6932
-67.3895
-67.1819
-67.1789
-67.1889
-67.2151
-67.1734
-69.0472
-68.6637
-68.3124
-66.8435
-66.8684
-66.7166
-66.5676
-65.8226
-65.7421
-65.6667
-65.5944
-65.5263
-64.5429
-67.4082
-68.4977
-74.2439
-71.3616
-69.8892
-69.3661
-67.9586
-67.9712
-67.9807
-67.3928
-67.3723
-67.3695
-67.3811
-67.4113
-67.4636
-69.3595
-69.0039
-68.7132
-68.3789
-68.0650
-66.9384
-66.7430
-65.9331
-65.8451
-65.7619
-65.6817
-65.5919
-65.5271
-68.6434
-68.2926
-71.5849
-70.7612
-70.3047
-69.9870
-69.7633
-68.2072
-67.5716
-67.5509
-67.5472
-67.5651
-67.6077
-67.5064
-69.2766
-68.9878
-68.7020
-68.3829
-68.0846
-68.7699
-68.0347
-66.5921
-66.5064
-66.4248
-66.3327
-66.2681
-75.0167
-71.0137
-68.4993
-74.2992
-74.2352
-72.0310
-71.4808
-70.6901
-70.4069
-70.1944
-70.0358
-68.9770
-67.7152
-67.7204
-67.7522
-67.8028
-67.6394
-67.9525
-70.6829
-70.3603
-70.0091
-69.6317
-69.2566
-68.8555
-67.5590
-67.4162
-66.6043
-66.5067
-66.4419
-66.1400
-66.5268
-69.7975
-69.9715
-76.4455
-72.1023
-71.6741
-70.9491
-70.7082
-70.5168
-69.3546
-69.2185
-69.1303
-69.0893
-67.9533
-67.7890
-67.7593
-67.7229
-71.1871
-70.5065
-70.1596
-69.7552
-69.3036
-67.7913
-67.6413
-67.5019
-67.3530
-66.6044
-66.4374
-66.4472
-66.8946
-66.2585
-66.2481
-75.7521
-72.2439
-71.8383
-71.1584
-70.9464
-70.7693
-69.5423
-69.4182
-69.3512
-69.3348
-69.3632
-69.0105
-67.8893
-67.8173
-71.2850
-71.0814
-71.4985
-70.6724
-70.2838
-69.8190
-68.0128
-67.8464
-67.7004
-67.5453
-67.4375
-67.0326
-66.6565
-66.6443
-67.1082
-66.4748
-66.4487
-66.8665
-76.6107
-72.6345
-71.9877
-71.7195
-71.1482
-69.8291
-69.6771
-69.5612
-69.5074
-69.5064
-69.5502
-69.0613
-68.9702
-68.8840
-68.1903
-69.9564
-71.7655
-70.8697
-70.4339
-69.7210
-68.0317
-67.8799
-67.7220
-67.6069
-67.3314
-70.4169
-66.8462
-66.8796
-69.7394
-66.6522
-67.1022
-77.6245
-72.7314
-72.1294
-71.8627
-71.2867
-69.9321
-69.8035
-69.7163
-69.6957
-69.7279
-69.2448
-69.1445
-69.0513
-68.9628
-68.9058
-69.1194
-70.8910
-71.0194
-70.5788
-68.2000
-68.0420
-68.2537
-68.1268
-67.6404
-67.6372
-70.4703
-68.9385
-67.0352
-70.9132
-69.7840
-69.0451
-67.3069
-67.3784
-72.8088
-72.2250
-71.9786
-71.4159
-70.0318
-69.9318
-69.8810
-69.8954
-69.9450
-69.3186
-69.2160
-69.1099
-69.0255
-68.9461
-70.8197
-71.3960
-79.2408
-71.9301
-68.7517
-68.5316
-68.3857
-68.2542
-68.1750
-67.9394
-67.7113
-67.5996
-69.4023
-68.9087
-67.1193
-69.2274
-69.3517
-69.8225
-67.5406
-76.8025
-72.8798
-72.3304
-72.0894
-70.2697
-70.1381
-70.0664
-69.9382
-69.9072
-69.2348
-69.3641
-69.2475
-69.1351
-69.0648
-70.4621
-71.0996
-72.0645
-69.8670
-68.6534
-68.5025
-68.4044
-71.2188
-67.8614
-67.7652
-69.6135
-69.2091
-67.2091
-67.1315
-69.3353
-70.1826
-69.7963
-72.9631
-72.4328
-71.8689
-70.1433
-69.6743
-70.2376
-70.2774
-70.2064
-69.5044
-69.3805
-69.2611
-69.1594
-69.0838
-71.2495
-71.9620
-71.9932
-68.7625
-68.6066
-68.6724
-72.3934
-71.9014
-68.0286
-67.9361
-67.5909
-69.4108
-69.0013
-67.2826
-67.8587
-68.3000
-68.4042
-74.7869
-71.7510
-72.8154
-70.8604
-70.7242
-70.4077
-70.4192
-70.3655
-69.6423
-69.5125
-69.3868
-69.2650
-69.1612
-71.3920
-72.2890
-72.3124
-69.5655
-69.4533
-68.8704
-68.7578
-72.7257
-71.0688
-70.5828
-69.9546
-67.7191
-67.7894
-67.4604
-67.3999
-67.3210
-67.4323
-68.0658
-68.1641
-68.5099
-73.0721
-72.8540
-70.9321
-70.8444
-70.5872
-70.5237
-70.4053
-69.6448
-69.5147
-69.3867
-69.2737
-69.1868
-72.4932
-69.7386
-69.7215
-69.5025
-69.2055
-68.8310
-67.6044
-67.3819
-67.3757
-67.5201
-67.5421
-67.4771
-67.5344
-67.5743
-67.2430
-65.3902
-65.3753
-65.4112
-65.8917
-66.0037
-73.0954
-71.3722
-71.0397
-71.0153
-70.9574
-70.5631
-70.4478
-69.6454
-69.5094
-69.3739
-69.2549
-69.8727
-69.8571
-69.6166
-69.3977
-69.1976
-68.8892
-64.9891
-65.0856
-64.9892
-65.0449
-65.1804
-65.1766
-65.2015
-65.3111
-67.7699
-67.3629
-67.4213
-67.3746
-67.4455
-68.1719
-68.3441
-76.5669
-76.0277
-73.1308
-71.4708
-71.2248
-71.2783
-70.9832
-70.5985
-69.7777
-69.6339
-69.4892
-69.3625
-69.2461
-69.7992
-69.6666
-69.6073
-69.4571
-68.7453
-68.6131
-68.3983
-64.7451
-71.8797
-70.4200
-69.6384
-69.0769
-68.9893
-68.8976
-68.8181
-68.2142
-68.0725
-68.0054
-68.7659
-68.8779
-69.0016
-75.1848
-73.1870
-71.6731
-71.5094
-71.6315
-71.0128
-70.6309
-69.7559
-69.5453
-69.3620
-69.1801
-69.0181
-69.7615
-69.4710
-68.7653
-68.9136
-68.7766
-68.6118
-68.4947
-68.2833
-64.5425
-74.0997
-71.9212
-71.1605
-69.8646
-69.4075
-69.8136
-69.6794
-69.5438
-68.7460
-68.5486
-68.4331
-69.2301
-69.4594
-69.7074
-74.8352
-72.0097
-71.9605
-71.9022
-72.0114
-70.8235
-69.6291
-69.4039
-69.2068
-69.0298
-68.8719
-68.7353
-68.7664
-68.6606
-68.6238
-68.9789
-68.7746
-68.6166
-68.4854
-68.3140
-68.1534
-64.1513
-75.6385
-70.2473
-69.2886
-71.6228
-70.8885
-70.4346
-70.4234
-70.1798
-69.9015
-68.8768
-68.5721
-68.4193
-69.2976
-69.5467
-69.6843
-69.8036
-72.2689
-72.0232
-71.9433
-70.5633
-70.3048
-69.3791
-69.0188
-68.8349
-68.6800
-68.3841
-68.2899
-68.4613
-68.9801
-68.8208
-68.6320
-68.4839
-68.3612
-68.1971
-68.0421
-63.9086
-71.4558
-69.6294
-75.5800
-71.7132
-70.6567
-69.8360
-69.6647
-69.3545
-69.2270
-69.0891
-68.2086
-68.0256
-67.9102
-69.0075
-69.2254
-72.8019
-72.0223
-71.6654
-71.5478
-71.3272
-69.9740
-69.7908
-68.9374
-68.4854
-68.3507
-68.2353
-68.1350
-68.6705
-68.5367
-68.6050
-68.4459
-68.3291
-68.1929
-68.0543
-67.7696
-63.6722
-63.7984
-63.9284
-64.1783
-71.6015
-69.8790
-69.1478
-68.6174
-68.3267
-68.4639
-68.4434
-68.4271
-68.4585
-67.6258
-67.5108
-67.4466
-68.2240
-73.2095
-71.9657
-71.3741
-71.0317
-70.8942
-70.6792
-70.5067
-67.7845
-67.2184
-67.1556
-67.0062
-66.9536
-67.4096
-67.3486
-67.2797
-67.2031
-67.2260
-67.1579
-67.0577
-66.8748
-66.8135
-63.4478
-63.5682
-63.6979
-63.8283
-63.9228
-64.0246
-64.1821
-64.3035
-64.4096
-67.1712
-67.1724
-67.5406
-67.6781
-67.7679
-67.8548
-67.0855
-67.0495
-67.7927
-67.8350
-67.9719
-68.0422
-68.1234
-68.2075
-68.1676
-68.1614
-68.0807
-68.0896
-67.4657
-66.9906
-66.9374
-66.8864
-67.2548
-67.2054
-67.1468
-67.0525
-66.9872
-66.9182
-66.8133
-66.7584
-66.7194
-63.2347
-63.3582
-63.4909
-63.6257
-63.7611
-63.8459
-63.9647
-64.1371
-64.2638
-64.3588
-64.4170
-64.6446
-64.7681
-64.9288
-71.4570
-70.3621
-71.5673
-71.2662
-71.1873
-71.1022
-71.0634
-71.0699
-70.4565
-70.3055
-70.2133
-70.1412
-68.4452
-68.3052
-68.1771
-68.7770
-68.5438
-68.4185
-68.2574
-68.1386
-67.8587
-67.7431
-67.7579
-67.6814
-74.4672
-69.5635
-67.6478
-66.8161
-63.6979
-63.7977
-63.9078
-64.1103
-64.2439
-64.3066
-64.3702
-64.6426
-75.7115
-71.8413
-71.4091
-70.7550
-72.4759
-72.1859
-72.1043
-71.8456
-71.9865
-73.7230
-72.7619
-72.2057
-69.5160
-69.2312
-68.2709
-68.8882
-68.6265
-68.4389
-68.1431
-68.0185
-67.9020
-67.7812
-67.7931
-73.0728
-71.5195
-69.7305
-68.6073
-67.8764
-67.4408
-67.0383
-67.0049
-66.8957
-66.3243
-64.3518
-64.3488
-72.6018
-72.2599
-71.4816
-71.0694
-70.7345
-73.1884
-72.7985
-73.0147
-73.6610
-73.0252
-70.0236
-69.6944
-69.3129
-70.0571
-69.8140
-69.2065
-69.0113
-68.8308
-68.6641
-68.5323
-67.8866
-71.5039
-69.7425
-68.9806
-68.5914
-68.4078
-68.2822
-68.2151
-67.6779
-67.7514
-67.6017
-67.5307
-69.0761
-72.1121
-72.4443
-72.1077
-71.7824
-71.0754
-70.5693
-70.2981
-72.9705
-80.0643
-72.7127
-77.7164
-73.5550
-73.0856
-69.9947
-69.6615
-70.3465
-69.8566
-69.5761
-69.3679
-69.0372
-68.8513
-68.7913
-68.5947
-62.4054
-66.5776
-66.8129
-66.9131
-67.0103
-67.1126
-67.1770
-67.3702
-67.5005
-67.2564
-67.7586
-72.6077
-69.5949
-71.6171
-72.6895
-71.5749
-71.1505
-70.6912
-70.3752
-72.5907
-78.3778
-73.4367
-73.0778
-69.9116
-69.4140
-70.0986
-69.8139
-69.5896
-69.3816
-69.1372
-68.9620
-68.7483
-67.9019
-67.8136
-65.8122
-64.9106
-62.9211
-65.8083
-66.0662
-66.4316
-66.6810
-66.8748
-66.7672
-72.9101
-72.2126
-70.4925
-69.7249
-69.6695
-72.0301
-72.1727
-70.8992
-70.3304
-70.1206
-72.7207
-72.4906
-77.7138
-73.4074
-69.9204
-69.6316
-70.4378
-70.0420
-69.8047
-69.5903
-69.5262
-69.1510
-68.9076
-69.5645
-67.9967
-67.9893
-66.7487
-66.0127
-65.5355
-65.3649
-63.1824
-65.8700
-72.2929
-72.2403
-71.5641
-71.0023
-70.9947
-69.7575
-70.2673
-71.7201
-71.7669
-73.2674
-72.5885
-72.4439
-73.1261
-72.9895
-72.2518
-71.1641
-78.2134
-72.9571
-69.8400
-69.5629
-70.3390
-70.0243
-69.9170
-69.7267
-69.4711
-69.1899
-66.8718
-66.9405
-66.8128
-67.1650
-67.0384
-66.6662
-66.2267
-65.9897
-73.4575
-71.9065
-71.1040
-70.6300
-70.1357
-69.1492
-70.6155
-69.9248
-70.7399
-72.9892
-72.9509
-72.9659
-72.9940
-72.5194
-71.9687
-71.0290
-75.8138
-70.0768
-69.6774
-70.5821
-70.4109
-70.2196
-69.8789
-69.5993
-69.3207
-61.7762
-64.7537
-65.4033
-65.6115
-66.1118
-66.4019
-66.4118
-66.5704
-66.4375
-66.8510
-69.4566
-69.4725
-69.3839
-69.3450
-69.3639
-68.4980
-69.8384
-70.2798
-69.4188
-74.8760
-74.7104
-73.4297
-73.1209
-73.2239
-73.1837
-72.7930
-71.6288
-67.7965
-69.8937
-69.6008
-70.4886
-70.2792
-70.0168
-69.6505
-69.3695
-61.6201
-61.8090
-68.9083
-68.7814
-67.0997
-66.8361
-66.6281
-71.1868
-70.3866
-66.8501
-66.9123
-66.9010
-67.2293
-67.7086
-70.2344
-74.7613
-74.6835
-74.5929
-74.8979
-73.4879
-73.4082
-72.9799
-72.6876
-72.5586
-71.5340
-67.8578
-70.0345
-69.6785
-70.6399
-70.3865
-70.0888
-69.7953
-69.4372
-61.4687
-61.6567
-61.8587
-69.4632
-72.2844
-71.6713
-67.4300
-67.1818
-67.0498
-66.9120
-71.7464
-70.7281
-70.1642
-68.9173
-74.0884
-70.3956
-73.8471
-74.2534
-74.8720
-75.2167
-73.8766
-74.0118
-72.0297
-75.9159
-67.8752
-67.3653
-69.9955
-70.1857
-69.8564
-70.9943
-70.4730
-70.1740
-69.8794
-69.5922
-61.3355
-61.5190
-61.7355
-69.3547
-71.8974
-71.2127
-70.6158
-70.2364
-70.1573
-67.5848
-67.4378
-67.3146
-67.2102
-66.8352
-70.5572
-69.2061
-69.3890
-71.0315
-71.2272
-70.6048
-72.0709
-72.1544
-72.2951
-75.0027
-73.1592
-72.3243
-69.3515
-67.3287
-69.1852
-70.3016
-70.0078
-69.7884
-70.8570
-70.2478
-69.8866
-69.6496
-61.1322
-61.2985
-61.5665
-71.5511
-69.1938
-69.8089
-69.5392
-68.4175
-68.7034
-68.8156
-67.8799
-67.7942
-70.5930
-66.2146
-68.2101
-69.8777
-70.3283
-70.6269
-70.8200
-71.9908
-71.3638
-70.9035
-69.2226
-67.0661
-69.8752
-70.1036
-69.8873
-71.0581
-70.6933
-69.9885
-69.6912
