-72.3849
-72.3554
-71.8848
-71.9352
-71.9907
-72.0492
-72.0446
-71.9067
-71.8477
-71.7815
-71.7157
-71.6793
-73.2614
-73.9108
-75.1160
-75.9105
-75.7656
-75.2679
-74.6592
-74.0194
-72.1029
-72.0374
-72.6435
-72.5683
-72.3402
-72.2901
-72.2443
-72.2018
-72.1657
-72.1367
-72.1149
-72.1236
-72.0365
-71.9621
-71.8867
-71.8205
-71.7675
-71.4793
-71.4722
-71.4899
-72.3636
-72.3423
-71.8736
-71.9535
-72.0079
-72.0652
-72.0738
-71.9436
-71.8864
-71.8305
-71.2495
-71.6818
-73.6364
-74.2977
-74.8497
-74.9888
-75.4147
-75.1624
-74.7127
-74.1565
-72.1752
-72.1053
-72.0506
-72.6124
-72.5469
-72.3359
-72.2913
-72.2505
-72.2057
-72.1645
-72.1335
-72.1179
-72.0561
-71.9836
-71.9079
-71.5776
-71.5271
-71.5354
-71.4896
-71.4987
-72.5145
-72.4920
-72.0105
-72.1093
-72.1843
-72.2397
-72.2585
-72.1286
-72.0688
-72.0105
-77.3214
-76.1401
-76.0975
-75.5350
-74.8497
-74.2501
-72.3824
-72.2975
-72.8454
-72.7523
-72.5196
-72.4560
-72.4000
-72.3492
-72.3045
-72.1837
-72.1507
-72.1067
-72.0425
-71.6983
-71.6006
-71.5591
-71.5280
-71.5115
-71.5145
-72.5123
-72.4867
-72.4592
-72.0910
-72.1777
-72.2460
-72.2789
-72.1681
-72.1100
-72.0535
-78.2389
-76.5093
-75.6470
-75.7771
-75.1815
-74.4555
-72.5272
-72.3682
-72.8957
-72.7941
-72.5603
-72.4946
-72.4361
-72.3839
-72.3385
-72.3006
-71.8978
-71.8991
-71.8612
-71.8317
-71.7865
-71.7402
-71.7028
-71.6778
-71.6700
-72.4955
-72.4807
-72.4596
-72.0909
-72.1780
-72.2634
-72.3099
-72.1926
-72.1378
-72.0823
-77.8639
-77.2238
-75.5358
-75.3102
-74.7346
-74.6049
-72.6175
-72.5147
-72.4593
-72.9103
-72.6331
-72.5168
-72.0495
-72.0033
-71.9768
-71.9588
-71.9503
-71.9539
-71.9288
-71.8939
-71.8673
-71.8337
-71.7928
-71.7624
-71.7464
-72.4761
-72.4590
-72.4403
-72.0782
-72.1703
-72.2642
-72.3494
-72.2382
-72.1826
-72.1285
-77.5460
-76.8948
-76.3312
-74.8569
-74.7740
-74.4517
-72.6899
-72.5265
-72.4533
-72.4463
-72.2474
-72.1955
-72.1547
-72.1205
-72.0294
-72.0123
-72.0063
-72.0068
-71.9940
-71.9635
-71.9317
-71.9076
-71.8813
-71.8498
-71.8269
-72.4610
-72.4451
-72.4277
-72.0663
-72.1554
-72.2457
-72.3390
-72.2775
-72.2307
-72.1806
-77.3333
-76.6063
-75.6702
-75.4475
-74.5636
-73.7184
-73.5503
-72.1590
-72.0936
-72.5272
-72.4517
-72.2693
-72.2248
-72.1889
-72.1583
-72.1344
-72.1103
-72.1153
-72.0588
-72.0291
-72.0020
-71.9795
-71.9524
-71.9307
-71.9113
-72.4481
-72.4346
-72.4204
-72.0609
-72.1470
-72.2394
-72.3309
-72.2976
-72.2670
-72.2238
-77.1863
-75.5850
-74.4097
-74.2443
-74.2214
-73.7685
-73.6203
-72.1630
-72.1850
-72.1770
-72.5336
-72.3469
-72.2909
-72.2454
-72.2073
-72.2032
-72.1863
-72.1773
-72.1792
-72.1563
-72.1241
-72.0402
-72.0165
-71.9953
-71.9828
-72.4339
-72.4248
-72.4147
-72.0616
-72.1502
-72.2424
-72.3342
-72.3176
-72.3107
-72.2790
-74.6258
-76.3340
-76.6978
-77.0263
-77.0524
-74.6998
-74.4487
-74.2554
-74.1349
-74.0992
-74.1580
-73.6710
-72.2134
-72.2110
-72.1918
-72.5828
-72.3937
-72.3363
-72.2879
-72.3031
-72.2756
-72.2550
-72.2434
-72.2407
-72.2310
-72.1990
-72.1681
-72.1454
-72.1190
-72.0984
-72.4260
-72.4213
-72.4159
-72.0672
-72.1577
-72.2519
-72.3496
-72.3652
-72.3501
-72.3427
-72.3475
-74.8118
-76.0004
-76.1964
-76.3240
-74.4798
-74.2527
-74.0734
-74.0453
-74.0034
-74.0421
-74.0968
-72.2141
-72.2075
-72.1995
-72.6141
-70.0751
-70.0672
-72.4067
-72.3734
-72.3470
-72.3249
-72.3110
-72.3049
-72.3060
-72.2747
-72.2441
-72.5499
-72.5208
-72.4908
-72.5167
-72.5153
-72.4456
-72.0848
-72.1778
-72.2744
-72.3744
-72.4191
-72.3959
-72.3960
-72.4259
-74.7642
-74.9258
-75.8805
-75.2720
-74.3638
-74.1356
-73.9525
-73.8208
-73.8617
-73.7878
-73.8697
-73.8435
-72.2128
-72.2083
-72.7350
-70.1877
-70.1388
-72.4718
-72.4384
-72.4099
-72.3977
-72.7514
-72.7420
-72.7429
-72.7172
-72.6809
-72.6453
-72.6184
-72.5870
-72.5272
-72.5327
-72.5371
-72.1886
-72.2826
-72.3255
-72.4099
-72.4672
-72.4505
-72.4528
-72.4538
-74.3375
-74.8779
-75.0499
-75.1258
-74.3893
-74.1632
-73.9811
-73.7147
-73.6249
-73.6093
-73.6624
-73.8201
-72.5270
-72.2968
-72.3065
-70.5200
-70.4819
-72.8787
-72.9721
-72.9347
-72.9049
-72.8797
-72.8592
-72.8490
-72.8324
-72.7938
-72.7563
-72.7203
-72.6916
-72.5513
-72.5616
-72.5731
-72.2260
-72.3235
-72.4239
-72.5261
-72.5399
-72.5278
-72.5157
-72.5178
-74.1068
-74.6792
-75.0736
-74.6347
-74.4278
-74.2063
-73.8443
-73.6897
-73.5881
-73.5539
-73.5891
-73.0997
-73.0120
-72.5872
-72.6041
-72.6191
-72.2721
-72.3699
-72.4704
-72.5724
-72.6494
-72.6429
-72.6469
-72.6002
-74.0075
-74.5318
-74.8917
-74.2066
-73.8664
-74.0083
-73.8274
-73.6730
-73.5643
-73.5139
-73.5308
-72.6357
-72.6542
-72.6705
-72.3238
-72.4216
-72.5213
-72.6225
-72.7082
-72.7058
-72.7103
-72.7133
-74.0194
-74.5128
-74.4701
-73.9087
-73.8342
-73.7448
-73.8178
-73.6686
-73.5500
-73.4855
-73.4834
-72.6939
-72.7125
-72.7288
-72.7430
-72.4771
-72.5756
-72.6755
-72.7692
-72.7703
-73.1822
-73.1266
-74.4015
-74.0778
-74.4120
-73.9593
-73.8796
-73.7405
-73.6528
-73.6633
-73.5411
-73.4652
-73.4460
-72.7599
-72.7847
-73.4644
-73.4688
-73.1438
-73.1922
-73.2195
-73.2525
-73.1871
-73.1284
-72.5494
-73.6363
-73.9593
-74.2701
-73.9181
-73.8371
-73.7643
-73.6830
-73.6063
-73.4969
-73.4699
-73.4016
-73.5404
-73.5453
-73.5480
-73.5415
-73.1176
-73.1297
-73.1472
-73.1701
-72.5567
-72.5557
-72.5529
-73.6069
-73.8638
-74.1508
-73.8781
-73.8108
-73.7239
-73.6618
-73.5599
-73.4983
-74.6794
-74.6452
-83.5201
-82.7905
-73.6335
-73.6339
-73.5944
-73.4761
-73.0442
-73.0438
-73.0519
-72.5409
-72.5585
-72.5574
-72.5563
-72.5800
-73.7856
-74.0494
-73.8396
-73.7350
-73.6705
-73.6023
-73.4806
-73.4232
-73.3312
-73.0973
-82.2965
-81.6313
-73.8118
-73.6599
-73.5100
-73.3718
-72.9357
-72.3889
-72.4621
-72.5363
-72.5505
-72.5602
-72.5596
-72.5832
-73.6641
-73.9046
-73.6862
-73.6349
-73.5275
-73.2339
-73.1816
-73.1342
-73.0977
-73.0803
-81.1497
-80.5288
-73.7474
-73.5446
-73.3623
-72.5976
-72.3202
-72.3902
-72.4615
-72.5332
-72.5544
-72.4904
-72.5091
-72.4847
-73.2375
-73.4447
-73.3465
-73.3069
-73.2640
-73.2195
-74.2656
-74.0331
-73.8346
-73.6766
-80.2249
-79.6227
-73.6655
-72.6093
-72.6051
-72.5998
-72.3226
-72.3232
-72.3941
-72.3995
-72.1866
-72.1901
-72.1927
-72.2449
-73.2001
-74.8699
-74.7750
-74.7122
-74.6455
-74.3724
-74.0830
-73.8356
-73.6310
-72.5252
-79.5365
-78.9248
-72.7069
-72.6789
-72.5899
-72.3685
-71.9141
-71.9894
-72.0661
-72.1436
-72.1897
-72.1948
-72.1990
-75.8445
-75.5771
-75.3573
-74.9036
-74.4727
-74.1041
-73.7988
-72.5562
-72.5206
-72.4967
-79.0394
-78.4100
-72.1857
-72.1977
-72.1967
-72.2111
-71.9265
-71.9906
-72.0674
-72.1451
-72.1979
-72.2051
-76.1029
-75.3733
-74.6761
-74.0391
-72.5981
-72.5548
-72.5154
-72.4824
-72.4111
-78.6839
-78.0253
-72.1631
-72.1844
-72.2044
-72.2231
-71.9784
-72.0567
-72.0748
-72.1533
-72.2141
-71.6045
-74.7702
-72.7317
-72.6551
-72.5515
-72.4519
-72.3835
-72.3619
-72.3464
-78.4288
-77.7486
-72.1619
-72.1857
-72.2081
-72.2294
-71.9994
-72.0699
-72.1505
-71.5534
-71.5710
-71.5734
-73.0461
-74.0199
-74.3838
-73.1176
-72.5364
-72.5155
-72.4904
-72.4543
-73.4675
-73.4001
-73.3913
-78.2522
-77.5551
-72.6168
-72.1970
-72.2219
-72.2455
-72.0173
-71.4550
-71.4870
-71.5484
-71.6049
-71.5661
-72.7713
-73.0524
-73.8078
-73.4257
-73.0700
-72.5117
-72.4873
-73.5680
-73.5732
-73.5725
-73.5572
-73.5604
-76.3428
-75.7916
-72.3041
-71.8780
-71.8961
-71.5789
-71.5656
-71.4129
-71.4746
-71.5301
-71.5910
-71.5958
-72.6620
-72.8811
-73.4903
-72.8681
-72.8751
-74.2881
-73.6546
-73.6644
-73.6719
-73.6707
-73.6664
-73.6490
-75.4689
-76.8335
-77.0991
-77.2391
-77.3707
-77.4938
-77.6067
-77.6519
-77.7093
-77.7809
-77.8477
-77.9125
-77.9881
-78.0650
-78.1343
-76.3556
-75.9968
-75.7830
-72.3251
-71.8929
-71.5218
-71.5343
-71.5458
-71.3940
-71.4549
-71.5163
-71.5724
-71.5829
-72.5408
-72.8100
-72.9381
-74.0469
-74.1526
-74.2037
-74.2395
-73.7614
-73.7681
-73.7699
-73.7639
-73.7586
-73.7579
-75.6635
-76.8190
-77.0067
-77.2860
-77.4201
-77.4520
-77.4907
-77.5558
-77.6347
-77.6879
-77.7699
-77.8315
-77.9013
-77.9984
-76.2705
-76.0145
-75.8042
-71.9387
-71.8747
-71.8081
-71.5141
-71.5263
-71.3754
-71.4357
-71.4965
-71.5575
-71.5703
-72.4523
-74.0581
-74.3728
-73.7557
-74.2078
-74.2560
-74.3025
-74.3277
-73.7502
-73.8629
-73.8607
-73.8548
-73.8508
-75.7446
-75.8776
-76.8799
-77.0699
-77.1696
-77.2761
-77.3082
-77.3785
-77.4508
-77.5055
-77.5958
-77.6398
-77.7292
-77.8074
-76.2542
-76.0438
-75.8384
-71.9311
-71.8754
-71.8173
-71.4928
-71.5060
-71.3561
-71.4158
-71.4760
-71.5364
-72.6127
-73.7566
-74.1160
-74.4210
-73.8724
-74.2936
-74.3287
-74.3657
-74.3973
-73.9204
-73.8485
-73.8433
-73.9449
-73.9424
-75.4274
-75.9327
-76.0623
-77.0169
-77.0609
-77.0449
-77.1355
-77.2044
-77.2785
-77.3237
-77.4244
-77.4609
-77.5545
-78.6584
-77.0005
-76.7531
-76.5113
-71.8927
-71.8518
-71.8057
-71.7564
-71.4771
-71.3300
-71.3902
-72.5276
-72.6553
-72.7351
-73.8471
-74.1858
-74.4788
-73.9890
-74.0085
-74.4501
-74.5218
-74.4833
-74.4866
-73.9471
-73.9405
-73.9316
-73.9246
-75.2920
-75.7825
-76.1158
-76.2410
-77.0222
-76.9474
-76.9380
-77.9431
-78.1185
-78.1534
-78.2629
-78.2953
-78.3899
-78.4948
-77.0525
-76.8120
-76.5753
-71.7926
-71.7497
-71.7899
-71.7486
-72.5188
-72.3974
-72.5295
-72.6559
-72.7776
-72.8574
-73.9461
-74.2607
-74.5396
-74.0963
-74.1140
-74.1292
-74.5706
-74.6296
-74.6532
-74.5873
-74.0379
-74.0271
-74.0174
-75.1486
-76.2819
-76.8600
-77.1676
-77.1844
-77.9381
-77.8766
-77.8555
-77.9331
-77.9332
-78.1128
-78.1562
-78.2323
-78.4330
-77.1535
-76.9170
-76.6829
-71.7837
-71.7450
-72.9189
-72.9445
-73.0647
-72.5407
-72.6644
-72.7837
-72.8991
-72.9789
-74.0502
-74.3432
-74.5674
-74.2018
-74.2174
-74.2287
-74.2371
-74.6795
-74.7200
-75.4252
-75.3457
-74.7144
-74.6925
-74.6864
-76.2975
-76.6654
-77.0093
-77.2785
-77.1975
-77.9145
-78.1325
-78.1985
-78.1462
-78.2038
-78.2533
-78.4019
-78.5357
-77.3847
-77.1588
-76.9188
-73.0942
-73.1435
-73.1695
-73.1789
-73.1754
-72.5922
-72.8024
-72.9122
-73.0201
-73.0994
-74.1575
-74.4309
-74.6818
-75.2109
-75.1938
-75.1721
-75.1343
-75.6408
-75.8451
-75.8455
-75.8219
-75.7915
-75.0430
-75.0012
-76.5855
-76.9335
-77.2358
-77.3684
-77.2680
-77.3770
-78.1203
-78.1538
-78.1503
-78.1831
-78.2124
-78.2280
-78.3267
-77.4266
-77.2406
-77.0052
-73.3916
-73.4140
-73.4195
-73.4126
-73.3950
-73.1224
-72.8428
-72.9391
-76.6759
-76.8221
-76.0024
-75.8377
-75.7224
-76.8635
-76.1332
-76.7300
-76.9969
-77.2821
-77.4679
-77.3561
-77.2571
-78.0198
-78.1378
-79.7709
-79.2586
-78.2588
-77.3991
-77.2963
-77.0934
-73.6787
-73.6824
-73.6666
-73.6419
-73.6105
-73.3153
-72.9840
-73.0723
-78.4229
-77.9293
-80.3289
-82.2930
-79.0778
-80.7910
-78.2516
-73.9277
-73.9427
-73.9065
-73.8655
-73.8207
-73.5024
-73.5228
-73.2028
-77.2182
-76.9573
-76.8866
-75.2211
-76.8362
-76.9130
-76.8832
-76.8633
-76.7189
-78.8965
-79.3135
-76.1947
-79.2807
-79.9722
-80.0603
-78.2630
-81.0289
-81.0207
-87.3818
-82.4339
-81.8899
-79.5006
-78.4031
-81.0956
-80.8011
-78.8588
-78.1113
-80.5454
-80.1225
-76.9540
-74.1977
-74.2085
-74.1732
-74.1162
-74.0582
-73.8253
-73.8373
-73.4561
-74.8849
-76.3373
-76.3967
-76.1044
-76.7263
-76.7448
-76.7480
-78.8120
-79.0957
-79.7958
-79.9677
-76.6198
-79.2365
-80.1201
-80.3801
-78.4998
-80.7310
-80.7401
-80.6039
-80.3945
-80.4960
-80.2613
-78.6308
-77.7614
-79.3626
-79.4869
-77.0185
-76.6017
-78.0381
-77.9229
-76.0628
-78.5904
-74.5834
-74.5699
-74.5521
-74.4744
-74.3988
-74.3248
-74.0238
-73.4533
-74.4783
-75.7324
-76.0640
-75.8307
-76.2261
-76.3645
-79.8431
-80.0216
-79.6232
-80.4337
-79.8753
-76.8453
-78.8664
-83.6188
-79.8194
-81.2980
-80.1661
-79.5201
-79.2774
-79.1572
-77.6323
-77.1077
-76.5950
-76.5197
-77.8494
-77.0069
-76.5801
-77.7498
-77.7202
-76.1034
-78.2150
