-79.5174
-79.4686
-79.4282
-79.4004
-79.3205
-79.3292
-79.3573
-79.3537
-79.3677
-75.9225
-75.9422
-75.9798
-76.0172
-76.0414
-76.0837
-76.0949
-76.1043
-76.1285
-76.1762
-76.2127
-76.2488
-76.2604
-76.1571
-76.3209
-76.3979
-76.4177
-78.9070
-79.1182
-79.8490
-81.4949
-76.9935
-77.1978
-77.4006
-77.5170
-76.6200
-76.7092
-76.8220
-78.3232
-79.9992
-80.0201
-80.0718
-80.1683
-80.2427
-80.5109
-80.8921
-81.5352
-82.8283
-75.7863
-75.8056
-75.8381
-75.8726
-75.8795
-75.8891
-75.8934
-75.9153
-75.8909
-75.9044
-75.9099
-75.9285
-76.0589
-76.1441
-76.2943
-76.2984
-76.4418
-79.5820
-81.5501
-77.2374
-76.7582
-76.8994
-76.9941
-77.1646
-77.3819
-77.5345
-77.7119
-76.7176
-80.4427
-80.5349
-80.6653
-80.7432
-81.0557
-81.4570
-82.0537
-75.6053
-75.5998
-75.6361
-75.6152
-75.5955
-75.5942
-75.6200
-75.6545
-75.6653
-75.6596
-75.6667
-75.6820
-75.8125
-75.8915
-75.9918
-76.0060
-76.1365
-76.2812
-76.5890
-76.7782
-76.7583
-76.4516
-76.6221
-76.8423
-76.7746
-76.9228
-77.0758
-77.3667
-78.1839
-79.8503
-80.1857
-80.6107
-81.0892
-81.3968
-81.5190
-84.2623
-77.3957
-75.4520
-75.3997
-75.3952
-75.3909
-75.4088
-75.4112
-75.3997
-75.4045
-75.3806
-75.4734
-75.5290
-75.5976
-75.6838
-75.6984
-75.8096
-75.9417
-76.0870
-76.2444
-76.2672
-76.0836
-76.2625
-76.4929
-76.7555
-77.0131
-77.4363
-76.8640
-77.5618
-79.2950
-79.5100
-79.8438
-80.3016
-81.2584
-81.4650
-82.8125
-85.8655
-77.1512
-77.3932
-77.5692
-78.9849
-79.0290
-78.5004
-78.4639
-75.1677
-75.1378
-75.1766
-75.2113
-75.2554
-75.3151
-75.3884
-75.4006
-75.4993
-75.6138
-75.7035
-75.8219
-75.8753
-75.7570
-75.9328
-76.1242
-76.3611
-76.6532
-76.9451
-77.8109
-78.1619
-76.0520
-78.9933
-79.0105
-79.2443
-79.8283
-81.2920
-82.7049
-82.9600
-76.8656
-76.9972
-77.1646
-77.3598
-77.5941
-80.2629
-81.2655
-74.9359
-74.9712
-74.9997
-75.0490
-75.1092
-75.1153
-75.2012
-75.2736
-75.3481
-75.4575
-75.5063
-75.4218
-75.5861
-75.7691
-76.0131
-76.2221
-76.7869
-77.1694
-77.6085
-75.8765
-75.8941
-75.8925
-75.9249
-75.9684
-76.2801
-76.3621
-82.6905
-83.1123
-76.4408
-74.9824
-74.9045
-74.8730
-74.8437
-76.9557
-77.2005
-77.4993
-78.2881
-78.9000
-74.7303
-74.7481
-74.7782
-74.8083
-74.8552
-74.8566
-74.9144
-74.9556
-75.0433
-75.1236
-74.9767
-75.0971
-75.2430
-75.4428
-75.6060
-75.8219
-76.3138
-76.6614
-77.1062
-75.7356
-75.7236
-75.7449
-75.7647
-75.8199
-76.0856
-76.1530
-76.1878
-76.0496
-76.0670
-76.1053
-76.1341
-76.2078
-76.3223
-76.4446
-76.6351
-76.8350
-77.3730
-77.8421
-78.2129
-78.0061
-74.5951
-74.5746
-74.5981
-74.6318
-74.6569
-74.6350
-74.6677
-74.7230
-74.7751
-74.7245
-74.7087
-74.8139
-74.9644
-75.0999
-75.2524
-75.6286
-75.8981
-76.2004
-76.6184
-75.6451
-75.6320
-75.6467
-75.6739
-75.9347
-75.9401
-75.8659
-75.8665
-75.8677
-75.8882
-75.9182
-75.9417
-75.9958
-76.0768
-76.1830
-76.3630
-76.8032
-77.0904
-77.5047
-77.9035
-78.0030
-78.6344
-79.5704
-80.7637
-74.4825
-74.5205
-74.5632
-74.5208
-74.5513
-74.5088
-74.6279
-74.7377
-74.8447
-74.9850
-75.3361
-75.5595
-75.8664
-76.2323
-75.7421
-75.7655
-75.7823
-75.8277
-76.1053
-76.0353
-76.0662
-76.0893
-76.1378
-76.2024
-76.2638
-76.3777
-76.5237
-76.7137
-76.9861
-77.5531
-78.1042
-78.8405
-79.7209
-80.8127
-81.1841
-81.5223
-77.4748
-83.2738
-74.6102
-74.4647
-74.4356
-74.4532
-74.4739
-74.4903
-74.5697
-74.6470
-74.7569
-74.9598
-75.2176
-75.4145
-75.6861
-75.9194
-75.7298
-75.7483
-75.7823
-75.8476
-76.0071
-76.0178
-76.0449
-76.0809
-76.1299
-76.1964
-76.2619
-76.3757
-76.5392
-76.7320
-77.2378
-77.6040
-78.1573
-78.8181
-79.6587
-80.0352
-81.2748
-77.0983
-77.3684
-77.4294
-77.4675
-77.1649
-77.2206
-77.2903
-77.4391
-77.5544
-77.8635
-78.2477
-78.8134
-79.9279
-80.7331
-75.9743
-75.8278
-75.8481
-75.8894
-76.0444
-76.0628
-76.0873
-76.1198
-76.2090
-76.2651
-76.3163
-76.4134
-76.5387
-76.7025
-77.0450
-77.0354
-77.0375
-77.0204
-76.9930
-76.9457
-80.1136
-81.4359
-83.5611
-76.9648
-76.6158
-76.8022
-76.8298
-76.5363
-76.5234
-76.5278
-76.5602
-76.5249
-76.6281
-76.7750
-76.9807
-77.4585
-78.2575
-80.7710
-83.8971
-75.0221
-75.9848
-76.0236
-76.0654
-76.2006
-76.2349
-76.2683
-76.3108
-76.3634
-76.4311
-76.4968
-76.6084
-76.6763
-76.9477
-76.7956
-76.7510
-76.7345
-76.6974
-76.6500
-76.2916
-76.2967
-76.2983
-76.4980
-76.4610
-76.1438
-76.1794
-76.1847
-75.9526
-75.8848
-75.8221
-75.7672
-75.6529
-75.6134
-75.5511
-75.4810
-75.4917
-75.5470
-75.6877
-72.6855
-72.4981
-72.3518
-76.1905
-76.2319
-76.3850
-76.4107
-76.4559
-76.5000
-76.5523
-76.6179
-76.5894
-76.5174
-76.4465
-76.6258
-76.6341
-76.4762
-76.4212
-76.4317
-76.3742
-76.0219
-75.9787
-75.9276
-76.1241
-76.0576
-75.9680
-75.7448
-75.6715
-75.4823
-75.3661
-75.2465
-75.1077
-72.9448
-72.9002
-72.8780
-72.8434
-72.8444
-72.8708
-72.8601
-72.9324
-72.8206
-72.6711
-75.0556
-76.4159
-76.4121
-76.5604
-76.5944
-76.6878
-76.6217
-76.5430
-76.4636
-76.3632
-76.2861
-76.4249
-76.4009
-76.3897
-76.2116
-75.9573
-76.0846
-76.0026
-75.6882
-75.6171
-75.5851
-75.7287
-73.5386
-73.4945
-73.4029
-73.3270
-73.2895
-73.2542
-73.2178
-73.1826
-73.1488
-73.1090
-73.0878
-73.0700
-73.1405
-75.5459
-75.9787
-76.8173
-78.6768
-79.5987
-76.6531
-76.6181
-76.6476
-76.5690
-76.4994
-76.4161
-76.3312
-76.1747
-76.0922
-76.2044
-76.2090
-76.1652
-76.1237
-73.9281
-73.8966
-73.8667
-73.6874
-73.6579
-73.6341
-73.6308
-73.7214
-73.6825
-73.6424
-73.5236
-73.5018
-73.4633
-73.4400
-73.4088
-75.4681
-75.5347
-75.6310
-75.7744
-76.0794
-76.4269
-76.8977
-77.5757
-78.7232
-76.6298
-76.6735
-76.5951
-82.1904
-76.3474
-74.2882
-74.2420
-74.1843
-74.1149
-74.2120
-74.1940
-74.1784
-74.1585
-74.0667
-74.0052
-73.9895
-73.8009
-73.8094
-73.8076
-73.7841
-73.8750
-73.8399
-75.7407
-75.7532
-75.7705
-75.8032
-75.8484
-75.9113
-76.0350
-76.1333
-76.3190
-76.6133
-76.9256
-77.3414
-77.8945
-78.4400
-84.8280
-80.3783
-82.1144
-74.3996
-74.3428
-74.3018
-74.4014
-74.3831
-74.3664
-74.3591
-74.3269
-74.2395
-74.2256
-74.0339
-73.9819
-75.9362
-75.9951
-76.2036
-76.1503
-76.0234
-76.0465
-76.1373
-76.1781
-76.2348
-76.3079
-76.4028
-76.5225
-76.6673
-76.9041
-77.2069
-77.6142
-78.0728
-78.4051
-81.9032
-83.9152
-86.5067
-82.1588
-87.4135
-74.5111
-74.4579
-74.5584
-74.5389
-74.5224
-74.5082
-76.5741
-76.5603
-76.4914
-76.5014
-76.2381
-76.2494
-76.2767
-76.3547
-76.5779
-76.4473
-76.4767
-76.5152
-76.5606
-76.5678
-76.6422
-76.7359
-76.7758
-76.9191
-77.2038
-77.4590
-77.7556
-78.1187
-78.3166
-80.1347
-81.0345
-82.0490
-84.2455
-76.7526
-84.8355
-86.8157
-76.7498
-76.7534
-76.7630
-76.7769
-76.7885
-76.7997
-76.8104
-76.7394
-76.4749
-76.4869
-76.5190
-76.6005
-76.6506
-76.7238
-76.7604
-76.8060
-76.8589
-76.9245
-77.0044
-77.1012
-77.2124
-77.3507
-77.3616
-77.2746
-77.2344
-77.1144
-76.8893
-76.9685
-76.9685
-77.2429
-77.2371
-76.7775
-76.8876
-76.8962
-84.6289
-86.0120
-87.7311
-77.0345
-76.8934
-76.9031
-76.9177
-76.9354
-76.9547
-76.9650
-76.9711
-76.9110
-76.7072
-76.7397
-76.7813
-76.8751
-76.9223
-77.0086
-77.0554
-77.1185
-77.1746
-77.2530
-77.3450
-77.3563
-77.2952
-77.2294
-77.1382
-77.0762
-77.0140
-76.7988
-76.9385
-76.9104
-76.8831
-76.9754
-76.9601
-76.9309
-76.7528
-76.6006
-83.8783
-84.6456
-84.8363
-77.2397
-77.2162
-77.0858
-77.0963
-77.1120
-77.1319
-77.1424
-77.1733
-77.1844
-77.1915
-76.8435
-76.8736
-76.9136
-77.0050
-77.0642
-77.1403
-77.1985
-77.2573
-77.3103
-77.3174
-77.2527
-77.2507
-77.1683
-77.0927
-76.9964
-76.8986
-76.8390
-76.6241
-76.5565
-76.6926
-76.6547
-74.6754
-74.7709
-74.7633
-74.6885
-74.6727
-76.8678
-77.4902
-77.5090
-77.5042
-77.4855
-77.2981
-77.2796
-77.2958
-77.3167
-77.3344
-77.3681
-77.3815
-77.3925
-77.0330
-77.0609
-77.1005
-77.1489
-77.2497
-77.3167
-77.4022
-77.3981
-77.3273
-77.2439
-77.1541
-77.0666
-76.9761
-76.8929
-76.7927
-74.8792
-74.8390
-74.7113
-74.6825
-74.7764
-74.7632
-76.7449
-76.8709
-77.5731
-77.7112
-78.0453
-78.5270
-79.2256
-77.6591
-77.7020
-77.6954
-77.6862
-77.5812
-77.6042
-77.6332
-77.6654
-77.6900
-77.7398
-77.7696
-77.7451
-77.4476
-77.5178
-77.3760
-77.4187
-77.3845
-77.3379
-77.2470
-75.3273
-75.2762
-75.2285
-75.1795
-75.1349
-75.0825
-75.0302
-76.8670
-76.7153
-76.7140
-77.1687
-77.2724
-77.3990
-77.5523
-77.6728
-77.9736
-78.2225
-78.5482
-78.9717
-79.3765
-77.8398
-77.8757
-77.8755
-77.7939
-77.7917
-77.8216
-77.8572
-77.8834
-77.9155
-77.9655
-77.9492
-79.7224
-81.2232
-83.5382
-75.5824
-75.5582
-75.4825
-75.4313
-77.2476
-77.2116
-77.1728
-77.1428
-77.1022
-77.2462
-77.2466
-77.4819
-77.1642
-77.4325
-77.5260
-77.6378
-77.7586
-77.8524
-77.9721
-78.0909
-78.0617
-78.0326
-78.0015
-77.9237
-78.0120
-78.0571
-77.9760
-77.9709
-78.0011
-78.0369
-78.0678
-78.0974
-78.1417
-80.4185
-81.0910
-81.2702
-82.8372
-77.4762
-77.4367
-77.5479
-77.5379
-77.5356
-77.5294
-77.5289
-77.5289
-77.5368
-77.7930
-77.6648
-77.7534
-77.6986
-77.6256
-77.4868
-77.3648
-77.2099
-75.1298
-75.0716
-75.0581
-75.0451
-75.1292
-78.1906
-78.1670
-78.1691
-78.1729
-78.2084
-78.2429
-80.2505
-80.5384
-80.9290
-81.4688
-81.3229
-82.3610
-77.7863
-77.7792
-77.7707
-77.7591
-77.7520
-77.7499
-77.6869
-77.7134
-77.5250
-77.4468
-76.2927
-76.2496
-75.2266
-75.2031
-75.1819
-75.1594
-75.2104
-75.1982
-75.1874
-75.1779
-75.2736
-78.3675
-78.3253
-78.3377
-78.3726
-80.4347
-80.6492
-80.9098
-81.2688
-81.7098
-82.0996
-82.1490
-76.5524
-76.4762
-76.3993
-76.3249
-76.1284
-76.4396
-75.3126
-75.3039
-75.2916
-75.2537
-75.2309
-75.2084
-75.1878
-75.1663
-75.2146
-75.2036
-75.1944
-75.2563
-75.2304
-78.4844
-80.4183
-80.5617
-80.7571
-80.9571
-81.1924
-81.4725
-81.8900
-82.2145
-81.9369
-82.5968
-75.6139
-75.5312
-75.3893
-75.5204
-75.6490
-75.4382
-75.4276
-75.3921
-75.3708
-75.3496
-75.3288
-75.3099
-75.2906
-75.3398
-75.5144
-75.4561
-75.4707
-75.3917
-80.6977
-80.8627
-81.0174
-81.2021
-81.4146
-81.6604
-81.9748
-82.3127
-82.6848
-82.4290
-75.5302
-75.6462
-75.7655
-75.7762
-75.5602
-75.5270
-75.5069
-75.4870
-75.4676
-75.4485
-75.5478
-75.4811
-75.4809
-75.4210
-75.4322
-75.3718
-75.1415
-81.0800
-81.2199
-81.3887
-81.5830
-81.7987
-82.0754
-82.3777
-82.6872
-82.2468
-86.9256
-90.5937
-75.8931
-75.8919
-75.6585
-75.6395
-75.7265
-75.6624
-75.5972
-75.5318
-75.4645
-75.3964
-75.3913
-75.3984
-75.3377
-75.2746
-74.9774
-81.4200
-81.5443
-81.7198
-81.9122
-82.1598
-82.3737
-82.6978
-82.1770
-82.7104
-87.7459
-89.8740
-90.8315
-76.0115
-76.0073
-75.8438
-75.7782
-75.7152
-75.6508
-75.5851
-75.5181
-75.4511
-75.3824
-75.3131
-75.3038
-75.3078
-75.2445
-75.1789
-74.8898
-81.6794
-81.8354
-82.0073
-82.2288
-82.4146
-82.7101
-82.9480
-82.4185
-84.9602
-87.7700
-89.4571
-90.2814
-76.2746
-76.0880
-76.0390
-75.7701
-75.7066
-75.6419
-75.5759
-75.5086
-75.4401
-75.3716
-75.3015
-75.2312
-75.2825
-75.2186
-76.4796
-76.3426
-76.1032
-81.9320
-82.0835
-82.2775
-82.4444
-82.6440
-82.9089
-82.3320
-82.6255
-84.6198
-85.4557
-89.1318
-76.2717
-76.0748
-76.0203
-75.9672
-75.7007
-75.6356
-75.5694
-75.5018
-75.4330
-75.3631
-75.2932
-76.4608
-76.4172
-76.5346
-76.5025
-76.3695
-76.1569
-76.1083
-82.1393
-82.3108
-82.4623
-82.6272
-82.8071
-82.9773
-82.3284
-83.6410
-84.1291
-84.7758
-85.5287
-86.9456
-76.1934
-76.0095
-75.9544
-75.8955
-75.6320
-75.5654
-76.6787
-76.6334
-76.5882
-76.5427
-76.4992
-76.4564
-76.4965
-76.5332
-76.5038
-76.3734
-76.1566
-76.1299
-82.3262
-82.3344
-82.3361
-82.3342
-82.4070
-81.7602
-81.8548
-83.0986
-83.4270
-83.8953
-84.4923
-85.4917
-86.8717
-84.6087
-85.6612
-76.1959
-76.0046
-75.9438
-77.0971
-77.0599
-76.7610
-76.7171
-76.6732
-76.6295
-76.5862
-76.5437
-76.5037
-76.5426
-76.5081
-76.5470
-76.4216
-76.3947
-76.1889
-76.1818
-81.9642
-81.9245
-81.8865
-81.8594
-81.8933
-81.2999
-82.0496
-82.2527
-82.4087
-82.6517
-82.9693
-83.4393
-84.7710
-86.8606
-83.2040
-84.0700
-85.6722
-77.6065
-77.5454
-77.3429
-77.3226
-77.2746
-76.9804
-76.9350
-76.8942
-76.8538
-76.8137
-76.7746
-76.7367
-76.7020
-76.7493
-76.7232
-76.7665
-76.6420
-76.6095
-76.4212
-76.4437
-81.5609
-81.4942
-81.4270
-81.3690
-80.8222
-80.7979
-81.0543
-81.1050
-81.0979
-81.1143
-79.2698
-79.2447
-79.1566
-79.1140
-79.0642
-79.0107
-78.9589
-77.8211
-77.7750
-77.6598
-77.6012
-77.4888
-77.3546
-77.3233
-77.2888
-76.9936
-76.9552
-76.9173
-76.8799
-76.8433
-76.8085
-76.7764
-76.8242
-76.8190
-76.7970
-76.7418
-76.7170
-76.6978
-76.5291
-76.5460
-79.4683
-79.4000
-79.3356
-79.3002
-78.9122
-79.1889
-79.1861
-79.1924
-79.1513
-79.1290
-79.0991
-79.0630
-79.0475
-78.0082
-77.9997
-77.9500
-77.9028
-77.8522
-77.7676
-77.7070
-77.6277
-77.4529
-77.4346
-77.3891
-77.3564
-77.0624
-77.0270
-76.9935
-76.9594
-76.9266
-76.8952
-76.9416
-76.9186
-76.8961
-76.7789
-76.8265
-76.8045
-76.6275
-76.6328
-76.6551
-79.4706
-79.4024
-79.3399
-78.9702
-78.9256
-79.2108
-79.2011
-79.1982
-78.1860
-78.1618
-78.1339
-78.1042
-78.0698
-78.0450
-77.9951
-77.9475
-77.9017
-77.8330
-77.7752
-77.7064
-77.6170
-77.4834
-77.4672
-77.4237
-77.3931
-77.1024
-77.0700
-77.0384
-77.0078
-76.9786
-76.9513
-77.0029
-76.9828
-76.9639
-76.9138
-76.8970
-76.8860
-76.7251
-76.7268
-76.9152
