-71.2790
-70.9885
-70.9443
-70.5791
-70.4356
-70.3397
-70.1375
-70.0560
-69.9883
-69.9388
-69.4639
-69.4689
-69.4761
-69.4812
-68.7967
-68.8257
-68.9532
-68.9890
-69.0262
-69.0637
-69.1388
-69.1767
-69.2147
-68.6766
-68.6743
-68.6710
-68.6666
-68.6609
-68.6547
-68.6454
-68.6349
-68.6228
-68.6098
-68.5954
-68.5799
-68.5631
-68.5450
-68.5255
-68.5046
-68.4825
-71.2078
-70.4070
-70.4605
-70.3594
-70.2480
-70.1666
-70.0965
-69.9282
-69.8760
-69.0191
-68.6625
-68.6897
-68.7197
-68.7555
-68.7904
-68.8270
-68.8651
-68.9043
-69.0420
-69.0859
-69.1662
-69.2096
-69.2526
-68.7169
-68.7185
-68.7186
-68.7173
-68.7142
-68.7103
-68.7040
-68.6950
-68.6854
-68.6738
-68.6601
-68.6452
-68.6290
-68.6114
-68.5923
-68.5720
-68.5503
-70.2866
-70.2099
-70.2565
-70.1724
-69.1311
-69.1137
-69.1026
-69.0963
-69.0964
-69.0163
-68.6743
-68.7101
-68.7478
-68.7872
-68.8312
-68.8734
-68.9164
-68.9599
-69.0037
-69.1444
-69.2273
-69.2737
-68.7754
-68.7803
-68.7835
-68.7851
-68.7848
-68.7828
-68.7796
-68.7738
-68.7663
-68.7562
-68.7452
-68.7326
-68.7181
-68.7016
-68.6837
-68.6646
-68.6441
-68.6224
-69.1457
-69.0713
-69.1522
-69.1434
-69.1380
-69.1339
-69.1339
-69.1385
-69.1483
-69.1639
-68.7410
-68.7818
-68.8239
-68.8671
-68.9107
-68.9581
-69.0028
-69.0476
-69.0923
-69.1368
-69.2163
-69.3602
-68.8545
-68.8595
-68.8627
-68.8641
-68.8636
-68.8613
-68.8578
-68.8517
-68.8438
-68.8343
-68.8220
-68.8089
-68.7943
-68.7780
-68.7603
-68.7405
-68.7195
-68.6972
-69.1987
-69.1953
-69.2165
-69.2184
-69.2293
-69.2323
-69.2382
-69.2463
-69.2600
-69.2785
-68.9331
-68.8966
-68.9370
-68.9802
-69.0237
-69.0673
-69.1141
-69.1576
-69.2011
-69.2441
-69.3221
-69.3641
-68.9460
-68.9493
-68.9512
-68.9514
-68.9498
-68.9465
-68.9412
-68.9347
-68.9260
-68.9155
-68.9033
-68.8886
-68.8733
-68.8563
-68.8379
-68.8181
-68.7969
-68.7742
-69.3521
-69.3545
-69.3637
-69.3707
-69.3885
-69.3911
-69.3970
-69.4041
-69.4162
-69.4319
-69.0765
-69.1170
-69.1581
-69.1155
-69.1565
-69.1976
-69.2369
-69.2785
-69.3231
-69.3634
-69.4387
-69.4781
-68.9582
-68.9580
-69.0461
-69.0442
-69.0409
-69.0359
-69.0292
-69.0213
-69.0112
-68.9989
-68.9850
-68.9696
-68.9519
-68.9335
-68.9139
-68.8928
-68.8706
-68.8471
-69.5806
-69.5788
-69.5851
-69.6421
-69.5933
-69.5910
-69.5892
-69.5880
-69.5908
-69.5996
-69.2275
-69.2602
-69.2947
-69.3505
-69.3020
-69.3387
-69.3748
-69.4107
-69.4498
-69.4856
-69.5568
-69.0602
-69.0575
-69.0539
-69.0492
-69.1326
-69.1262
-69.1186
-69.1098
-69.0999
-69.0880
-69.0746
-69.0598
-69.0548
-69.0374
-69.0178
-68.9977
-68.9763
-68.9536
-68.9298
-69.8084
-69.7999
-69.8000
-69.8488
-69.8519
-69.7747
-69.7641
-69.7565
-69.7814
-69.7850
-69.3976
-69.4276
-69.4586
-69.4894
-69.5218
-69.4681
-69.4993
-69.5318
-69.5644
-69.6002
-69.6599
-69.1588
-69.1738
-69.1676
-69.1604
-69.1524
-69.1433
-69.2227
-69.2120
-69.2005
-69.1872
-69.1725
-69.1565
-69.1392
-69.1206
-69.1007
-69.0789
-69.0565
-69.0330
-69.0084
-70.0285
-70.0104
-70.0025
-70.0398
-70.0786
-70.0679
-69.9840
-69.9699
-69.9616
-69.9594
-69.5555
-69.6233
-69.6491
-69.6759
-69.7035
-69.7307
-69.7593
-69.6977
-69.7263
-69.7549
-69.7977
-69.2946
-69.2857
-69.2761
-69.2657
-69.2547
-69.2428
-69.2302
-69.3060
-69.2921
-69.2769
-69.2605
-69.2429
-69.2242
-69.2043
-69.1833
-69.1605
-69.1372
-69.1128
-69.0875
-70.4082
-70.3721
-70.3525
-70.3775
-70.3729
-70.3590
-70.3312
-70.2442
-70.2257
-70.2144
-69.7848
-69.8022
-69.8220
-69.8432
-69.8654
-69.8885
-69.9124
-69.9355
-69.8677
-69.8923
-69.9170
-69.4083
-69.3989
-69.3858
-69.3723
-69.3581
-69.3435
-69.3282
-69.3123
-69.2955
-69.3674
-69.3491
-69.3299
-69.3096
-69.2884
-69.2662
-69.2429
-69.2181
-69.1922
-69.1619
-70.5222
-70.6512
-70.6141
-70.6250
-70.6115
-70.5920
-70.5589
-70.5258
-70.4416
-70.4219
-69.9707
-69.9824
-69.9957
-70.0111
-70.0280
-70.0461
-70.0651
-70.0848
-70.1051
-70.0304
-69.5258
-69.5256
-69.5041
-69.4772
-69.4487
-69.4213
-69.3951
-69.3698
-69.3449
-69.3204
-69.2965
-69.3594
-69.3349
-69.3103
-69.2855
-69.2602
-69.2345
-69.2083
-68.3881
-68.3486
-73.3529
-72.8379
-72.6448
-70.8685
-70.8454
-70.8207
-70.7790
-70.7418
-70.7079
-70.6284
-70.1554
-70.1609
-70.1689
-70.1785
-70.1845
-70.1575
-70.1386
-70.1264
-70.1195
-70.1172
-69.5895
-69.4899
-69.4622
-69.4362
-69.4146
-69.3910
-69.3682
-69.3458
-69.3240
-69.3025
-69.2813
-69.2598
-69.2383
-69.3009
-69.2786
-69.2559
-68.4153
-68.3776
-68.3515
-68.3248
-73.0539
-72.6220
-72.4952
-72.1901
-72.1165
-70.9934
-70.9488
-70.9121
-70.8794
-70.3377
-70.2970
-70.2368
-70.1917
-70.1587
-70.1346
-70.1187
-70.1092
-70.1050
-70.1049
-69.5851
-69.5678
-69.4625
-69.4377
-69.4151
-69.3964
-69.3753
-69.3547
-69.3345
-69.3144
-69.2947
-69.2746
-69.2544
-69.2339
-68.4347
-68.3984
-68.3744
-68.3503
-68.3260
-68.3016
-72.8905
-72.5148
-72.4592
-72.1753
-71.8009
-71.5069
-71.2781
-71.0722
-70.4813
-70.3622
-70.2998
-70.2524
-70.2172
-70.1919
-70.1743
-70.1637
-70.1583
-70.1573
-69.6350
-69.6149
-69.5885
-69.4853
-69.4623
-69.4394
-69.4211
-69.4002
-69.3798
-69.3596
-69.3397
-69.3195
-68.3820
-68.3472
-68.3250
-68.3028
-68.3461
-68.3235
-68.3009
-68.2782
-72.7866
-72.5108
-72.3801
-72.0004
-71.6998
-71.4627
-71.2770
-70.6408
-70.5528
-70.4486
-70.3939
-70.3521
-70.3207
-70.2980
-70.2819
-70.2719
-69.7422
-69.7326
-69.7070
-69.6776
-69.6500
-69.6238
-69.5214
-69.4979
-69.4773
-69.4551
-69.4314
-68.3927
-68.3586
-68.3376
-68.3167
-68.2958
-68.2750
-68.2543
-68.2972
-68.2761
-68.2549
-72.7836
-72.4316
-72.0789
-71.9709
-71.7234
-71.5264
-70.8581
-70.7639
-70.6852
-70.5900
-70.5388
-70.4987
-70.4678
-70.4445
-70.4274
-69.8784
-69.8635
-69.8304
-69.7963
-69.7497
-69.6981
-69.6483
-69.5240
-69.4783
-68.3983
-68.3645
-68.3447
-68.3253
-68.3056
-68.2861
-68.2666
-68.2472
-68.2278
-68.2085
-68.1845
-68.2264
-72.7146
-72.3640
-72.0628
-72.0129
-71.8058
-71.1022
-70.9990
-70.9145
-70.8419
-70.7532
-70.7036
-70.5288
-70.4908
-70.4560
-69.8903
-69.8562
-69.8015
-69.7477
-69.6961
-69.6463
-69.5984
-68.4535
-68.3632
-68.3444
-68.3280
-68.3096
-68.2912
-68.2730
-68.2548
-68.2368
-68.2136
-68.1954
-68.1774
-68.1591
-68.1410
-72.4886
-73.8644
-72.6423
-72.3527
-72.0986
-72.0788
-71.3365
-71.2246
-71.1315
-71.0545
-70.5467
-70.4794
-70.4388
-70.4021
-70.3689
-69.8190
-69.7855
-69.7327
-69.6817
-69.6329
-68.4572
-68.4105
-68.3931
-68.3758
-68.3588
-68.2869
-68.2725
-68.2562
-68.2393
-68.2167
-68.1999
-68.1832
-68.1663
-68.1497
-68.1330
-68.1163
-73.2629
-74.5818
-76.5992
-73.7281
-73.3347
-72.8004
-72.3181
-72.0991
-71.5285
-71.4124
-71.3154
-70.4631
-70.4200
-70.3793
-70.3222
-70.2877
-69.7580
-69.7255
-69.6924
-69.6428
-68.4256
-68.3796
-68.3638
-68.3483
-68.3330
-68.3153
-68.3005
-68.2857
-68.2178
-68.2021
-68.1875
-68.1728
-68.1581
-68.1434
-68.1288
-68.1142
-68.0997
-68.0849
-73.1064
-75.0832
-75.2827
-76.8235
-74.6718
-73.5496
-73.1898
-72.8472
-72.5458
-72.1455
-71.4214
-71.4764
-70.3649
-70.3200
-70.2805
-70.2456
-70.2115
-70.1640
-69.6538
-69.6239
-68.3823
-68.3373
-68.3232
-68.3093
-68.2958
-68.2826
-68.2697
-68.2568
-68.2403
-68.2274
-68.2145
-68.1504
-68.1378
-68.1271
-68.1144
-68.1018
-68.0892
-68.0761
-68.0632
-68.0502
-75.0163
-75.2244
-74.9661
-74.4336
-73.7108
-72.9189
-73.0267
-72.7009
-72.4071
-72.1592
-70.2341
-70.1703
-70.2348
-70.1893
-70.1509
-70.1177
-70.0888
-70.0606
-69.5551
-68.2826
-68.2800
-68.2674
-68.2553
-68.2435
-68.2319
-68.2207
-68.2056
-68.1945
-68.1834
-68.1724
-68.1615
-68.1505
-68.0945
-68.0794
-68.0704
-68.0596
-68.0486
-68.0376
-68.0264
-68.0151
-75.2271
-75.1047
-74.7273
-74.1068
-73.0672
-72.7576
-72.4771
-72.2185
-71.9887
-70.7633
-70.2353
-70.0527
-69.9973
-70.0621
-70.0233
-69.9914
-69.9643
-68.2193
-68.2178
-68.2135
-68.2108
-68.1997
-68.1895
-68.1794
-68.1650
-68.1553
-68.1457
-68.1363
-68.1270
-68.1180
-68.1090
-68.1000
-68.0910
-68.0818
-68.0246
-68.0174
-68.0082
-67.9989
-67.9893
-67.9796
-75.5386
-75.3568
-74.4783
-73.3021
-72.8608
-72.2036
-72.2531
-70.7212
-70.5877
-70.4799
-70.0039
-70.0434
-69.8771
-69.8304
-69.8963
-68.4408
-68.4505
-68.1409
-68.1455
-68.1521
-68.1435
-68.1290
-68.1202
-68.1115
-68.1030
-68.0950
-68.0871
-68.0796
-68.0722
-68.0648
-68.0574
-68.0501
-68.0429
-68.0355
-68.0279
-67.9737
-67.9679
-67.9602
-67.9524
-67.9443
-75.7362
-75.0959
-74.4190
-73.0361
-72.5729
-71.9387
-70.4519
-70.5437
-70.4320
-70.3327
-69.8790
-69.8186
-69.7647
-68.2206
-68.2807
-68.2922
-68.3682
-68.0677
-68.0751
-68.0760
-68.0757
-68.0627
-68.0555
-68.0484
-68.0419
-68.0356
-68.0296
-68.0237
-68.0178
-68.0122
-68.0066
-68.0010
-67.9954
-67.9896
-67.9837
-67.9778
-67.9291
-67.9220
-67.9158
-67.9093
-75.5463
-74.7589
-73.4409
-72.8579
-72.1844
-70.3842
-70.2724
-70.1727
-70.2555
-70.1641
-69.7339
-68.2083
-68.2088
-68.2101
-68.1490
-68.1599
-68.1762
-67.9871
-67.9954
-68.0046
-68.0035
-67.9996
-67.9906
-67.9855
-67.9806
-67.9760
-67.9717
-67.9676
-67.9637
-67.9597
-67.9557
-67.9518
-67.9480
-67.9439
-67.9397
-67.9353
-67.9308
-67.9261
-67.8792
-67.8744
-75.2692
-74.2559
-72.9268
-70.7873
-70.6031
-70.1816
-70.0750
-69.9806
-69.8987
-68.3648
-68.1215
-68.1223
-68.1248
-68.1294
-68.1271
-68.0709
-67.8043
-67.8090
-67.8830
-67.8964
-67.9315
-67.9285
-67.9275
-67.9212
-67.9184
-67.9156
-67.9132
-67.9107
-67.9085
-67.9064
-67.9043
-67.9021
-67.8999
-67.8976
-67.8951
-67.8925
-67.8897
-67.8866
-67.8834
-67.8390
-74.7446
-73.4021
-70.7064
-70.5205
-70.1740
-70.0576
-69.8579
-68.1644
-68.1585
-68.1587
-68.0277
-68.0318
-68.0290
-68.0353
-68.0427
-68.0516
-67.7239
-67.7344
-67.7455
-67.8194
-67.8236
-67.8266
-67.8284
-67.8578
-67.8544
-67.8537
-67.8531
-67.8527
-67.8524
-67.8521
-67.8517
-67.8513
-67.8508
-67.8504
-67.8496
-67.8486
-67.8475
-67.8462
-67.8446
-67.8428
-73.5917
-70.5720
-70.4020
-70.2296
-69.9126
-68.1287
-68.0714
-68.0523
-68.0490
-68.0493
-67.8342
-67.9285
-67.9355
-67.9444
-67.9546
-67.9659
-67.7055
-67.6574
-67.6704
-67.6837
-67.7459
-67.7507
-67.7560
-67.7597
-67.7646
-67.7658
-67.7915
-67.7930
-67.7946
-67.7962
-67.7977
-67.7992
-67.8004
-67.8018
-67.8028
-67.8036
-67.8042
-67.8046
-67.8048
-67.8048
-70.7214
-70.2874
-70.0677
-68.1391
-68.0143
-68.0055
-68.0000
-67.9333
-67.9282
-67.9308
-67.7298
-67.7499
-67.8395
-67.8505
-67.8631
-67.8767
-67.6255
-67.6367
-67.5929
-67.6078
-67.6116
-67.6733
-67.6807
-67.6879
-67.6935
-67.7007
-67.7045
-67.7092
-67.7145
-67.7387
-67.7421
-67.7455
-67.7487
-67.7518
-67.7546
-67.7572
-67.7597
-67.7618
-67.7638
-67.7654
-70.0467
-68.0652
-68.0426
-67.9986
-67.8846
-67.8715
-67.8680
-67.8676
-67.8126
-67.8177
-67.6267
-67.6426
-67.6679
-67.7539
-67.7688
-67.5353
-67.5438
-67.5560
-67.5701
-67.5292
-67.5352
-67.5416
-67.6038
-67.6130
-67.6224
-67.6300
-67.6391
-67.6454
-67.6521
-67.6587
-67.6650
-67.6719
-67.6954
-67.7004
-67.7051
-67.7096
-67.7138
-67.7177
-67.7214
-67.7248
-67.9273
-67.9097
-67.8954
-67.8619
-67.7426
-67.7410
-67.7415
-67.7445
-67.7491
-67.7020
-67.5211
-67.5393
-67.5583
-67.6367
-67.6714
-67.4441
-67.4588
-67.4741
-67.4891
-67.5037
-67.4570
-67.4656
-67.4746
-67.5367
-67.5480
-67.5594
-67.5691
-67.5801
-67.5889
-67.5975
-67.6058
-67.6140
-67.6219
-67.6296
-67.6381
-67.6605
-67.6665
-67.6723
-67.6778
-67.6828
-67.7222
-67.7155
-67.7201
-67.7170
-67.6160
-67.6082
-67.6123
-67.6184
-67.6266
-67.6376
-67.4128
-67.4334
-67.4549
-67.4772
-67.5570
-67.3539
-67.3711
-67.3887
-67.4067
-67.4215
-67.4303
-67.4412
-67.3990
-67.4099
-67.4727
-67.4859
-67.4992
-67.5109
-67.5238
-67.5348
-67.5452
-67.5554
-67.5652
-67.5749
-67.5841
-67.5930
-67.6015
-67.6108
-67.6327
-67.6396
-67.4534
-67.4617
-67.5469
-67.5490
-67.4717
-67.4796
-67.4807
-67.4900
-67.5013
-67.5157
-67.3522
-67.3253
-67.3492
-67.3740
-67.3994
-67.2489
-67.2809
-67.3009
-67.3214
-67.3384
-67.3487
-67.3603
-67.3734
-67.3352
-67.3483
-67.3653
-67.4266
-67.4419
-67.4553
-67.4700
-67.4832
-67.4954
-67.5072
-67.5188
-67.5300
-67.5408
-67.5511
-67.5612
-67.5708
-67.5801
-67.3062
-67.3113
-67.2955
-67.2971
-67.3182
-67.3332
-67.3501
-67.3684
-67.3741
-67.3914
-67.2374
-67.2634
-67.2414
-67.2685
-67.0827
-67.1034
-67.1778
-67.2111
-67.2340
-67.2526
-67.2661
-67.2792
-67.2933
-67.3090
-67.2743
-67.2896
-67.3046
-67.3700
-67.3871
-67.4025
-67.4188
-67.4342
-67.4480
-67.4615
-67.4746
-67.4873
-67.6134
-68.9562
-69.0166
-69.0661
-67.1468
-67.1479
-67.1653
-67.1523
-67.0879
-67.1025
-67.1186
-67.2265
-67.2488
-67.2653
-67.1208
-67.1489
-67.1783
-67.1612
-66.9814
-67.0077
-67.0342
-67.1098
-67.1443
-67.1649
-67.1811
-67.1967
-67.2130
-67.2298
-67.2475
-67.2163
-67.2336
-67.2507
-67.3163
-67.3352
-67.3522
-67.3875
-68.9812
-69.0833
-69.1590
-69.2171
-69.2625
-69.2978
-69.3260
-69.3487
-67.0029
-66.9916
-67.0072
-67.0060
-66.9492
-66.9671
-66.9867
-67.0078
-67.0302
-67.1389
-67.0023
-67.0331
-67.0647
-67.0975
-66.8818
-66.9101
-66.9391
-66.9680
-67.0451
-67.0749
-67.0944
-67.1133
-67.1314
-67.1504
-67.1693
-67.1891
-67.1614
-69.4923
-69.5014
-69.5897
-69.6003
-69.6072
-69.6139
-69.6198
-69.6222
-67.4860
-67.4007
-67.4087
-67.4239
-67.4386
-66.8378
-66.8487
-66.8680
-66.7998
-66.8092
-66.8307
-66.8535
-66.8777
-66.9032
-66.9309
-66.8086
-66.9156
-66.9498
-66.9849
-66.8218
-66.8115
-66.8426
-66.8743
-66.9059
-66.9773
-67.0055
-67.0277
-67.0489
-67.0697
-72.5774
-70.6654
-69.6633
-69.1418
-67.2792
-67.2394
-67.2597
-67.2808
-67.3014
-67.3202
-67.3382
-67.3558
-67.3727
-67.3893
-66.6705
-66.6898
-66.7101
-66.6656
-66.6672
-66.6927
-66.7194
-66.7473
-66.7761
-66.8069
-66.6937
-66.7299
-66.7672
-66.6871
-66.7183
-66.7527
-66.7464
-66.7801
-66.8141
-66.8395
-66.9102
-66.9401
-66.9646
-66.9885
-67.9147
-68.1908
-67.1557
-67.1551
-67.1030
-67.0830
-67.1054
-67.1719
-67.1955
-67.2174
-67.2399
-67.2618
-67.2823
-67.3018
-67.3205
-67.3389
-66.5019
-66.5254
-66.5505
-66.5142
-66.5445
-66.5638
-66.5832
-66.6149
-66.6473
-66.6815
-66.5778
-66.6169
-66.6564
-66.5173
-66.5534
-66.6503
-66.6540
-66.6848
-66.7191
-66.7468
-66.7751
-66.8469
-66.8784
-66.9054
-67.7241
-67.8002
-67.0715
-67.0806
-67.0844
-67.0449
-67.0644
-67.0623
-67.1292
-67.1542
-67.1775
-67.2362
-69.2402
-69.2649
-69.2725
-69.2791
-66.3317
-66.3600
-66.3893
-66.3613
-66.3957
-66.4209
-66.4552
-66.4905
-66.5168
-66.5546
-66.4600
-66.5021
-66.5445
-66.4146
-66.4534
-66.4923
-66.5316
-66.5357
-66.6237
-66.6541
-66.6840
-66.7145
-66.7874
-66.8208
-67.5615
-67.5093
-66.9286
-66.9623
-67.0521
-69.2478
-69.1662
-71.4333
-70.7186
-70.3869
-70.1558
-70.0058
-69.9050
-69.8326
-69.7780
-69.7340
