0.0000 0.0000 0.0000 -77.0350 -76.4205 -74.7373 -68.3881 -68.0482 -67.7962 -67.5329 -67.3070 -67.0974 -66.9040 -66.7270 -66.5660 -66.4208 -66.5108 -66.6747 -66.7845 -66.7384 -66.6530 -66.5947 -66.4846 -66.4777 -66.3873 -66.4473 -66.3343 -66.1832 -66.1264 -66.1402 -66.1400 -66.1459 -66.1779 -66.1936 -66.2125 -66.2722 -66.2388 -66.1250 -66.1253 -66.1480
0.0000 0.0000 -77.0221 -75.9872 -75.1812 -74.4825 -68.8116 -68.1872 -67.9227 -67.6696 -67.4544 -67.2527 -67.0636 -66.8885 -66.7281 -66.5821 -66.4503 -66.5476 -66.7234 -66.8180 -66.7805 -66.7175 -66.6218 -66.5852 -66.5351 -66.5412 -66.4717 -66.4642 -66.2516 -66.2377 -66.2098 -66.2701 -66.2131 -66.2831 -66.2314 -66.2236 -66.0812 -66.2106 -66.0991 -66.1415
-78.3984 -76.6515 -75.6304 -73.8540 -73.1503 -72.9860 -69.3532 -68.3001 -68.0469 -67.8289 -67.5969 -67.4015 -67.2183 -67.0480 -66.8904 -66.7446 -66.6119 -66.4919 -66.6175 -66.7814 -66.8387 -66.8212 -66.7897 -66.6844 -66.6687 -66.6452 -66.6081 -66.5153 -66.4637 -66.3061 -66.3539 -66.3255 -66.2618 -66.2652 -66.2236 -66.2295 -66.0415 -66.2020 -66.1880 -66.1302
-76.3961 -74.9157 -74.1382 -72.9291 -72.8309 -72.3616 -69.4587 -68.3990 -68.1709 -67.9616 -67.7375 -67.5484 -67.3699 -67.2030 -67.0477 -66.9046 -66.7731 -66.6528 -66.5379 -66.6750 -66.8109 -66.8829 -66.8935 -66.8497 -66.7626 -66.7803 -66.7142 -66.6645 -66.6773 -66.4464 -66.4058 -66.3715 -66.3221 -66.2967 -66.2293 -66.2481 -66.0358 -66.1863 -66.2284 -66.2501
-75.1963 -73.8585 -73.0798 -72.1990 -71.8041 -71.7941 -69.6540 -68.7707 -68.2972 -68.0894 -67.9017 -67.6938 -67.5204 -67.3570 -67.2042 -67.0624 -66.9315 -66.8112 -66.7015 -66.5939 -66.7151 -66.8543 -66.9093 -66.9747 -66.9313 -66.8746 -66.8731 -66.7962 -66.7382 -66.6620 -66.4457 -66.4059 -66.3510 -66.3384 -66.2856 -66.2380 -66.1956 -66.2028 -66.2039 -66.2596
-74.8116 -72.9727 -72.2406 -71.5221 -71.3599 -71.3255 -69.7441 -69.2921 -68.4029 -68.1975 -68.0268 -67.8378 -67.6692 -67.5099 -67.3594 -67.2193 -67.0894 -66.9693 -66.8589 -66.7561 -66.6433 -66.7803 -66.9027 -66.9886 -67.1031 -67.0195 -66.9443 -66.8628 -66.7805 -66.7688 -66.6512 -66.4889 -66.4084 -66.3884 -66.3098 -66.2980 -66.2302 -66.1428 -66.2517 -66.2590
-74.0284 -72.8407 -72.1595 -71.5718 -71.2764 -71.1082 -71.0522 -69.3673 -68.5019 -68.3326 -68.1418 -67.9833 -67.8076 -67.6599 -67.5132 -67.3749 -67.2462 -67.1268 -67.0163 -66.9147 -66.8071 -66.7068 -66.8287 -66.9571 -67.0924 -67.0976 -66.9955 -66.9334 -66.8470 -66.7894 -66.7133 -66.5850 -66.4922 -66.4040 -66.3826 -66.3247 -66.2928 -66.1775 -66.2875 -66.2675
-73.7396 -73.0629 -72.4386 -71.8299 -71.4700 -71.1956 -71.0200 -69.4290 -68.6699 -68.4332 -68.2548 -68.0981 -67.9296 -67.7909 -67.6578 -67.5283 -67.4012 -67.2826 -67.1726 -67.0707 -66.9703 -66.8679 -66.7753 -66.9037 -67.0359 -67.1546 -67.0955 -66.9842 -66.9165 -66.8321 -66.8244 -66.7050 -66.5588 -66.4457 -66.4409 -66.3580 -66.4023 -66.1859 -66.3520 -66.3049
-70.7200 -73.0238 -72.6764 -72.1222 -71.7398 -71.4365 -71.2008 -69.4831 -69.0061 -68.5390 -68.3601 -68.2127 -68.0719 -67.9169 -67.7912 -67.6722 -67.5538 -67.4365 -67.3269 -67.2252 -67.1309 -67.0287 -66.9338 -66.8270 -67.0096 -67.1195 -67.1734 -67.0822 -66.9653 -66.9244 -66.8434 -66.7921 -66.7155 -66.5541 -66.4625 -66.4377 -66.4212 -66.2865 -66.3820 -66.3494
-70.9741 -70.7044 -72.4719 -72.2689 -71.9480 -71.6667 -71.4508 -69.4870 -69.1672 -68.6469 -68.4957 -68.3327 -68.1983 -68.0472 -67.9252 -67.8091 -67.6994 -67.5878 -67.4791 -67.3778 -67.2838 -67.1889 -67.0920 -66.9829 -66.9054 -67.1079 -67.1826 -67.1582 -67.0384 -66.9955 -66.9108 -66.8562 -66.7763 -66.7218 -66.5501 -66.5404 -66.5072 -66.4793 -66.4159 -66.4196
-71.2076 -70.9314 -70.6881 -72.0685 -72.0891 -71.8609 -71.6603 -71.4754 -69.1730 -68.8119 -68.6111 -68.4525 -68.3221 -68.1975 -68.0560 -67.9431 -67.8359 -67.7346 -67.6289 -67.5282 -67.4343 -67.3456 -67.2494 -67.1389 -67.0579 -67.0026 -67.1919 -67.2252 -67.1584 -67.0435 -67.0025 -66.9209 -66.8603 -66.7813 -66.7047 -66.5914 -66.5964 -66.5223 -66.3588 -66.4922
-71.4133 -71.1417 -70.8911 -70.6801 -71.8048 -71.9064 -71.8379 -71.6808 -69.1873 -68.9110 -68.7244 -68.5702 -68.4436 -68.3224 -68.1840 -68.0738 -67.9692 -67.8702 -67.7760 -67.6762 -67.5827 -67.4956 -67.4057 -67.2925 -67.2106 -67.1537 -67.0847 -67.2786 -67.1864 -67.1383 -67.0486 -67.0086 -66.8994 -66.8641 -66.8258 -66.7074 -66.6459 -66.6288 -66.4789 -66.6114
-71.1430 -71.1531 -71.0905 -70.8783 -70.7055 -71.6365 -71.7443 -71.8504 -69.3049 -69.0481 -68.8583 -68.7081 -68.5627 -68.4449 -68.3095 -68.2020 -68.0997 -68.0027 -67.9109 -67.8217 -67.7289 -67.6419 -67.5579 -67.4457 -67.3614 -67.3037 -67.2330 -67.1924 -67.2834 -67.1871 -67.1413 -67.0506 -67.0085 -66.8785 -66.9128 -66.8938 -66.7784 -66.7577 -66.6013 -66.7334
-70.8178 -70.8595 -70.8932 -70.9372 -70.9017 -70.7703 -70.6745 -71.6171 -69.3850 -69.1600 -68.9791 -68.8218 -68.6799 -68.5651 -68.4551 -68.3276 -68.2275 -68.1325 -68.0425 -67.9574 -67.8725 -67.7860 -67.7052 -67.6207 -67.5083 -67.4339 -67.3771 -67.3008 -67.2628 -67.3036 -67.1870 -67.1388 -67.0487 -67.0733 -67.0452 -67.0212 -66.9752 -66.8880 -66.8696 -66.8576
-70.4988 -70.5719 -70.6487 -70.7300 -70.8055 -70.8903 -70.8482 -70.7724 -71.5449 -69.2919 -69.0737 -68.9218 -68.8156 -68.6833 -68.5759 -68.4508 -68.3529 -68.2474 -68.1600 -68.0774 -67.9992 -67.9190 -67.8390 -67.7395 -67.6546 -67.5768 -67.5159 -67.4431 -67.3810 -67.3268 -67.2987 -67.2254 -67.1797 -67.2043 -67.1747 -67.1492 -67.1273 -67.0200 -66.9983 -66.8526
-70.1906 -70.3145 -70.4215 -70.5248 -70.6198 -70.7202 -70.8235 -70.9297 -70.8822 -69.4017 -69.2103 -69.0160 -68.8943 -68.7749 -68.6741 -68.5751 -68.4584 -68.3685 -68.2830 -68.2020 -68.1255 -68.0532 -67.9708 -67.8854 -67.7989 -67.7201 -67.6597 -67.5862 -67.5209 -67.4649 -67.4098 -67.3578 -67.3695 -67.3343 -67.3031 -67.2758 -67.2524 -67.2328 -67.1275 -66.9631
-69.9543 -70.0711 -70.1928 -70.3254 -70.4099 -70.5270 -70.6415 -70.7547 -70.8692 -69.3084 -69.2704 -69.1084 -68.9910 -68.8756 -68.7843 -68.6909 -68.5763 -68.4881 -68.4043 -68.3247 -68.2494 -68.1783 -68.1112 -68.0247 -67.9432 -67.8627 -67.8061 -67.7267 -67.6597 -67.6015 -67.5431 -67.4895 -67.5006 -67.4637 -67.4310 -67.4021 -67.3770 -67.3557 -67.3375 -67.0863
-69.7466 -69.8475 -69.9617 -70.0930 -70.2248 -70.3660 -70.4907 -70.6120 -70.7313 -69.4020 -68.9533 -69.2225 -69.0869 -68.9966 -68.8868 -68.8013 -68.7141 -68.6056 -68.5232 -68.4450 -68.3710 -68.3010 -68.2349 -68.1621 -68.0840 -68.0028 -67.9438 -67.8664 -67.7975 -67.7355 -67.6755 -67.6734 -67.6309 -67.5926 -67.5583 -67.5279 -67.5013 -67.4784 -67.4591 -67.2744
-69.6292 -69.7208 -69.8010 -69.9374 -70.0677 -70.1999 -70.3324 -70.4755 -70.6008 -70.7237 -69.3581 -68.9135 -69.1205 -69.0509 -68.9592 -68.8829 -68.8058 -68.7084 -68.6348 -68.5633 -68.4903 -68.4213 -68.3562 -68.2889 -68.2221 -68.1422 -68.0710 -68.0044 -67.9339 -67.8683 -67.8070 -67.8041 -67.7603 -67.7206 -67.6850 -67.6532 -67.6250 -67.6006 -67.5801 -67.5624
-69.7569 -69.7457 -67.9210 -69.8247 -69.9401 -70.0659 -70.1978 -70.3314 -70.4624 -70.5902 -69.4771 -69.2805 -68.8920 -69.0680 -69.0280 -68.9486 -68.8832 -68.8156 -68.7266 -68.6606 -68.5967 -68.5356 -68.4753 -68.4120 -68.3499 -68.2798 -68.2046 -68.1378 -68.0664 -67.9996 -67.9831 -67.9338 -67.8887 -67.8478 -67.8108 -67.7776 -67.7481 -67.7222 -67.7002 -67.6815
-69.9168 -69.8514 -69.8173 -69.8138 -69.8680 -69.9657 -70.0835 -70.2124 -70.3455 -70.4768 -69.5968 -69.4009 -69.2499 -69.1052 -69.0654 -69.0055 -68.9532 -68.8951 -68.8132 -68.7524 -68.6927 -68.6349 -68.5793 -68.5263 -68.4723 -68.4120 -68.3391 -68.2697 -68.1974 -68.1295 -68.1125 -68.0625 -68.0163 -67.9741 -67.9358 -67.9013 -67.8705 -67.8433 -67.8199 0.0000
-70.0882 -70.0127 -69.9544 -69.9191 -69.8985 -68.1922 -70.0117 -70.1172 -70.2410 -70.3718 -69.6957 -69.5419 -69.3712 -69.2454 -69.1271 -69.0571 -69.0177 -68.9693 -68.9162 -68.8400 -68.7848 -68.7305 -68.6780 -68.6273 -68.5791 -68.5258 -68.4693 -68.3999 -68.3270 -68.2956 -68.2406 -68.1898 -68.1428 -68.0994 -68.0599 -68.0242 -67.9921 -67.9637 -67.9387 0.0000
-70.2467 -70.1778 -70.1137 -70.0635 -70.0304 -69.9994 -70.0101 -70.0765 -70.1634 -70.2811 -70.4082 -69.6618 -69.4927 -69.3470 -69.2460 -69.1538 -69.0788 -69.0396 -68.9940 -68.9238 -68.8733 -68.8229 -68.7734 -68.7253 -68.6792 -68.6326 -68.5810 -68.5221 -68.4542 -68.4230 -68.3674 -68.3157 -68.2679 -68.2238 -68.1832 0.0000 0.0000 -68.1054 -68.0758 0.0000
-70.1167 -70.3291 -70.2725 -70.2189 -70.1768 -70.1476 -70.1114 -70.1061 -68.4784 -70.2247 -70.3312 -69.7804 -69.5931 -69.4690 -69.3481 -69.2717 -69.1643 -69.1073 -69.0687 -69.0255 -68.9588 -68.9122 -68.8659 -68.8205 -68.7766 -68.7345 -68.6880 -68.6293 -68.5975 -68.5435 -68.4926 -68.4405 -68.3919 -68.3468 -68.3054 0.0000 0.0000 -74.8518 -68.1977 -68.3582
-70.2873 -70.4591 -70.4169 -70.3714 -70.3275 -70.2928 -70.2665 -70.2298 -70.2148 -68.6430 -70.2992 -69.8973 -69.7326 -69.5902 -69.4704 -69.3740 -69.3018 -69.1991 -69.1413 -69.1035 -69.0418 -68.9990 -68.9558 -68.9132 -68.8715 -68.8313 -68.7873 -68.7338 -68.7046 -68.6577 -68.6072 -68.5597 -68.5146 -68.4687 -68.4264 0.0000 0.0000 -74.1619 -72.1229 -68.4392
-70.4485 -70.3566 -70.5445 -70.5096 -70.4740 -70.4385 -70.4106 -70.3862 -70.3515 -70.3318 -70.3378 -69.9920 -69.8500 -69.7098 -69.5715 -69.4762 -69.4041 -69.3152 -69.2374 -69.1798 -69.1432 -69.0836 -69.0436 -69.0035 -68.9641 -68.9258 -68.8841 -68.8521 -68.8074 -68.7651 -68.7198 -68.6726 -68.6281 -68.5866 -68.5465 0.0000 0.0000 -74.2604 -72.5245 -71.6330
-70.8970 -70.5112 0.0000 0.0000 0.0000 0.0000 -70.6232 -70.5870 -70.5548 -70.4745 -70.4534 -70.4485 -69.9657 -69.8075 -69.6914 -69.5773 -69.5062 -69.4175 -69.3526 -69.2761 -69.2221 -69.1662 -69.1293 -69.0919 -69.0546 -69.0182 -68.9789 -68.9492 -68.9083 -68.8669 -68.8276 -68.7836 -68.7394 -68.6979 -68.6591 -72.0234 -74.9461 -74.6295 0.0000 0.0000
-71.0582 -70.9455 0.0000 0.0000 0.0000 0.0000 -73.8317 -70.7502 -70.7216 -70.6911 -70.6546 -70.6276 -70.1409 -69.9800 -69.7894 -69.6975 -69.6074 -69.5398 -69.4547 -69.3931 -69.3206 -69.2676 -69.2132 -69.1785 -69.1434 -69.1089 -69.0752 -69.0427 -69.0073 -68.9668 -68.9283 -68.8918 -68.8490 -68.8076 -68.7688 -68.8906 -72.1069 -73.0659 0.0000 0.0000
-71.0872 0.0000 0.0000 0.0000 0.0000 0.0000 -74.1057 -73.3587 -70.8829 -70.8496 -70.8210 -70.7876 -70.2461 -70.0864 -69.9695 -69.8343 -69.7423 -69.6730 -69.5857 -69.4949 -69.4365 -69.3680 -69.2957 -69.2634 -69.2305 -69.1977 -69.1657 -69.1346 -69.1046 -69.0648 -69.0271 -68.9913 -68.9569 -68.9158 -68.8769 -68.9787 -68.9824 -72.0736 0.0000 0.0000
-71.3718 0.0000 0.0000 0.0000 0.0000 -80.7826 -74.8476 -73.4025 -73.1147 -70.9918 -70.9747 -70.9473 -70.3496 -70.2308 -70.0743 -69.9609 -69.8492 -69.7808 -69.7147 -69.6304 -69.5695 -69.5119 -69.4448 -69.3720 -69.3161 -69.2852 -69.2546 -69.2248 -69.1962 -69.1614 -69.1243 -69.0891 -69.0559 0.0000 0.0000 0.0000 -75.9642 -69.1184 -72.4336 -78.6700
-71.5257 0.0000 0.0000 0.0000 0.0000 -78.9642 -75.2961 -73.7417 -73.2145 -73.0045 -71.1084 -71.0976 -71.0709 -70.3331 -70.1768 -70.0646 -69.9748 -69.8869 -69.8215 -69.7378 -69.6771 -69.6190 -69.5641 -69.4797 -69.4289 -69.3980 -69.3674 -69.3374 -69.3084 -69.2563 -69.2200 -69.1854 -69.1527 0.0000 0.0000 0.0000 -76.0057 -72.6821 -69.0690 -72.6462
-71.6858 -73.1187 -79.4403 -82.7738 -79.0073 -77.9175 -75.0000 -73.8713 -73.3521 -73.1206 -72.9585 -71.2177 -71.2105 -70.4689 -70.3181 -70.1869 -70.0778 -69.9911 -69.9267 -69.8438 -69.7835 -69.7256 -69.6703 -69.6181 -69.5368 -69.4875 -69.4581 -69.4291 -69.4010 -69.3740 -69.3379 -69.3026 -69.2691 0.0000 0.0000 0.0000 -76.0554 -73.9452 -72.2709 -69.3542
-69.7593 -72.7272 -73.2818 -77.6539 -77.2338 -76.8012 -76.1027 -74.4681 -73.6816 -73.2661 -73.0814 -72.9525 -71.3263 -70.5560 -70.4286 -70.3005 -70.1952 -70.0912 -70.0297 -69.9687 -69.8886 -69.8312 -69.7759 -69.7234 -69.6526 -69.5953 -69.5475 -69.5197 -69.4925 -69.4662 -69.4347 -69.3997 -69.3665 -78.5285 0.0000 0.0000 -76.1082 -74.4900 -72.8779 -69.4889
-69.7188 -70.3891 -70.8493 -75.3975 -75.4568 -75.2737 -75.0248 -73.8473 -73.4180 -73.2685 -73.2268 -73.0769 -72.9719 -70.6277 -70.5369 -70.3920 -70.2876 -70.2059 -70.1255 -70.0670 -69.9894 -69.9340 -69.8805 -69.8280 -69.7779 -69.7092 -69.6553 -69.6091 -69.5827 -69.5571 -69.5304 -69.4958 -69.4628 -73.1565 -75.3690 -76.3949 -75.8109 -74.7161 0.0000 0.0000
-69.6821 -70.3252 -70.7288 -70.9124 -71.1507 -73.8720 -74.0423 -73.3014 -72.9367 -73.0207 -73.0347 -73.1194 -73.0954 -72.9184 -70.6432 -70.5210 -70.3997 -70.2983 -70.2196 -70.1625 -70.0863 -70.0320 -69.9794 -69.9286 -69.8797 -69.8127 -69.7673 -69.7165 -69.6719 -69.6469 -69.6230 -69.5907 -69.5580 -69.5582 -73.2577 -74.4380 -75.2318 -74.8329 0.0000 0.0000
-69.6474 -70.2733 -70.6424 -70.8231 -70.9027 -71.1201 -71.1571 -72.7226 -72.5349 -72.6892 -72.6753 -72.7911 -72.8924 -72.9693 -70.7472 -70.6073 -70.5085 -70.4091 -70.3118 -70.2564 -70.2021 -70.1285 -70.0769 -70.0268 -69.9786 -69.9322 -69.8676 -69.8244 -69.7775 -69.7353 -69.7124 -69.6848 -69.6522 -69.6487 -69.6301 -73.3584 -74.0087 -74.7866 -75.7168 -81.0913
-69.6121 -70.2256 -70.5767 -70.7488 -70.8449 -71.0222 -71.0768 -70.7057 -70.8402 -72.3757 -72.5390 -72.5538 -72.6840 -72.7984 -70.7849 -70.7323 -70.5951 -70.4990 -70.4228 -70.3485 -70.2957 -70.2235 -70.1729 -70.1238 -70.0762 -70.0303 -69.9659 -69.9242 -69.8829 -69.8388 -69.7982 -69.7760 -69.7444 -69.7379 -69.7198 -72.2935 -73.3071 -73.8854 -74.7271 -75.4296
-69.5865 -70.1846 -70.5161 -70.6788 -70.7877 -70.8432 -71.0061 -70.6447 -70.7830 -70.6274 -72.3377 -72.3445 -72.4869 -72.6192 -70.8754 -70.7777 -70.6608 -70.6064 -70.5128 -70.4391 -70.3877 -70.3373 -70.2675 -70.2193 -70.1725 -70.1273 -70.0837 -70.0216 -69.9821 -69.9428 -69.9012 -69.7159 -69.8342 -69.8240 -69.8065 -69.7902 -72.4098 -73.3627 -74.1305 -74.5894
-69.5715 -70.1547 -70.2926 -70.6215 -70.7270 -70.7959 -70.8313 -70.5863 -70.7279 -70.5857 -70.6921 -70.7849 -72.3528 -72.4687 -72.5917 -70.8885 -70.7728 -70.6781 -70.5844 -70.4915 -70.4781 -70.4290 -70.3605 -70.3135 -70.2676 -70.2230 -70.1800 -70.1182 -70.0787 -70.0413 -70.0038 -69.9648 -69.7811 -69.9091 -69.8918 -69.8758 -69.8611 -72.5198 -73.6587 -74.0928
-69.9570 -70.1379 -70.2630 -70.5770 -70.6768 -70.7551 -70.7980 -70.5287 -70.6707 -70.8087 -70.6586 -70.7600 -70.7707 -70.8649 -72.4966 -70.9981 -70.8837 -70.7699 -70.6771 -70.6056 -70.5337 -70.4843 -70.4521 -70.4062 -70.3613 -70.3176 -70.2751 -70.2342 -70.1746 -70.1371 -70.1017 -70.0660 -70.0291 -69.8553 -69.9765 -69.9606 -69.9460 -72.3716 -72.6158 -73.7058
