-62.5909 -62.2053 -61.8069 -60.2778 -60.2437 0.0000 0.0000 0.0000 -59.3715 -59.3871 -59.4652 -59.2985 -59.3915 -61.9713 -65.2825 -65.9634 0.0000 0.0000 0.0000 -58.2328 -58.3851 -58.5097 -58.6535 -58.8030 -61.2729 -61.8493 -62.1730 -62.0821 -61.7786 -61.3961 -60.9748 -60.5029 -59.8991 -59.3061 -58.6533 -57.9378 -57.2034 -56.3673 -52.9377 -52.8399
-62.5605 -62.0802 -60.2534 -60.2068 -60.1663 -61.0274 -67.2286 -64.4186 -59.5090 -59.5553 -59.4021 -59.4594 -59.7335 -62.1445 -64.8776 -65.7990 0.0000 0.0000 -58.3735 -58.4043 -58.5526 -58.6859 -58.8194 -58.9644 -61.4902 -62.0096 -62.0838 -61.8008 -61.4851 -61.1036 -60.6705 -60.1986 -59.6007 -59.0255 -58.4025 -57.7312 -57.0150 -56.2577 -53.0450 -52.9500
-62.4962 -61.8876 -60.1894 -60.1380 -60.0890 -60.8780 0.0000 0.0000 -59.7317 -59.5922 -59.5680 -59.6476 -61.6004 -62.3538 -63.0991 -65.6284 0.0000 0.0000 -58.5183 -58.5741 -58.7175 -58.8466 -58.9855 -61.2245 -61.6878 -61.9678 -61.8444 -61.5557 -61.2280 -60.8398 -60.4120 -59.9411 -59.3532 -58.7990 -58.2064 -57.5769 -56.9141 -56.1602 -53.1372 -53.0586
-62.3677 -60.1796 -60.1220 -60.0680 -60.0197 -60.5843 0.0000 0.0000 -59.9409 -59.7274 -59.7497 -59.8202 -61.6891 -62.5732 -63.2419 -65.5617 -68.4628 0.0000 -58.6970 -58.7334 -58.8746 -58.9991 -59.1295 -61.4287 -61.8552 -61.7358 -61.6330 -61.3420 -61.0057 -60.6135 -60.1865 -59.7273 -59.1491 -58.6170 -58.0542 -57.4629 -56.8471 -56.1491 -53.2451 -53.1345
-62.1098 -60.1079 -60.0488 -59.9936 -59.9449 -60.4331 0.0000 0.0000 -60.1651 -59.9433 -59.9755 -60.0452 -62.1818 -62.7079 -63.0449 0.0000 0.0000 0.0000 -58.8754 -59.0018 -59.0275 -59.1470 -59.2715 -61.6082 -61.8130 -61.5075 -61.4319 -61.1382 -60.8008 -60.4140 -59.9959 -59.5460 -58.9839 -58.4717 -57.9371 -57.3804 -56.7304 -56.1560 -53.3516 -53.2375
-60.0918 -60.0289 -59.9686 -59.9133 -59.8671 -60.3284 0.0000 0.0000 -60.1687 -60.1886 -60.2224 -60.0272 -61.8594 -62.3290 -62.8164 0.0000 0.0000 0.0000 -59.0680 -59.1809 -59.1787 -59.2942 -59.4138 -61.7792 -61.6137 -61.3057 -61.2765 -60.9600 -60.6136 -60.2285 -59.8196 -59.3839 -58.8450 -58.3586 -57.8480 -57.3223 -56.7103 -56.1766 -53.4300 -53.3434
-60.0067 -59.9422 -59.8813 -59.8275 -59.7892 -52.7120 -66.6819 -66.7261 -59.9414 -60.0196 -60.1012 -60.2716 -62.1476 -62.5739 -63.3304 -66.5421 0.0000 0.0000 -59.2410 -59.3023 -59.3279 -59.4402 -61.6243 -61.7387 -61.4392 -61.1299 -61.1484 -60.7995 0.0000 0.0000 -59.7732 -59.2512 -58.7249 -58.2599 -57.7784 -57.2829 -56.7056 -53.6572 -53.5322 -53.4475
-59.9143 -59.8481 -59.7872 -59.7385 -59.7186 0.0000 0.0000 0.0000 -60.5850 -60.5715 -60.6067 -60.4871 -62.3905 -62.7722 -63.2278 -65.6423 0.0000 -68.9896 -59.3617 -59.4816 -59.4717 -59.5827 -61.8057 -61.5854 -61.2861 -66.8715 0.0000 0.0000 0.0000 0.0000 0.0000 0.0000 -58.7290 -58.2582 -57.7774 -57.1642 -56.7070 -53.7255 -53.6328 -53.5502
-59.8144 -59.7474 -59.6894 -59.6505 -52.4428 -59.4902 0.0000 0.0000 -60.8237 -60.8427 -60.8359 -62.5161 -62.1087 -62.9557 -63.4308 -64.8077 -69.2180 -64.1860 -59.4394 -59.5759 -59.6046 -59.7103 -61.7164 -61.4344 -64.9592 -66.9268 0.0000 0.0000 0.0000 0.0000 0.0000 0.0000 -58.6538 -58.2085 -57.7523 -57.2041 -56.6984 -53.8234 -53.7320 -53.6514
-59.7076 -59.6412 -59.5905 -52.3136 -59.0520 -59.4126 0.0000 0.0000 -61.0301 -61.0401 -60.9198 -61.9908 -62.3564 -63.2269 0.0000 0.0000 0.0000 -62.5893 -59.6939 -59.7999 -59.7374 -59.8379 -61.5744 -64.4211 -65.6603 -66.9093 0.0000 0.0000 0.0000 0.0000 0.0000 0.0000 -58.5960 -58.1652 -57.6157 -57.2047 -56.7191 -53.9343 -53.8298 -53.7510
-59.5943 -59.5316 -59.4998 -58.9485 -59.0104 0.0000 0.0000 0.0000 -61.2009 -60.4859 -60.6170 -62.2994 -63.1470 -63.5062 0.0000 0.0000 0.0000 0.0000 0.0000 0.0000 -59.8705 -61.7817 -64.2933 -65.1095 -66.0212 -68.3211 0.0000 0.0000 -75.3631 0.0000 0.0000 0.0000 -58.5531 -58.1333 -57.6037 -57.1339 -56.7457 -54.0286 -53.9392 -53.8491
-59.4762 -59.4235 -52.1151 -58.9026 -58.9681 -59.5082 -61.7853 -66.3149 -60.6917 -60.8117 -60.8844 -62.6123 -63.4772 -63.7681 0.0000 0.0000 0.0000 0.0000 0.0000 0.0000 -60.0249 -64.3382 -64.9221 -65.5855 -66.2762 -68.7019 0.0000 0.0000 -74.8486 0.0000 0.0000 0.0000 -58.5231 -58.1091 -57.5261 -57.1465 -56.7781 -54.1211 -54.0341 -53.9577
-59.3539 -51.9792 -58.7810 -58.8434 -58.9130 -61.3717 -67.2982 -64.9633 -61.0403 -61.4384 0.0000 -63.0315 -63.6344 -63.8635 -67.3481 -71.9805 0.0000 0.0000 0.0000 -65.3550 -60.1536 -64.9756 -65.3961 -65.9349 -66.4716 0.0000 0.0000 0.0000 -73.8324 0.0000 0.0000 0.0000 -58.5041 -57.9574 -57.5110 -57.1648 -56.8148 -54.2123 -54.1274 -54.0527
-59.2031 -58.6401 -58.7072 -58.7730 -58.8465 -61.8040 0.0000 0.0000 0.0000 0.0000 0.0000 -63.6590 -63.9008 -63.9592 -64.2520 0.0000 0.0000 0.0000 0.0000 -60.2355 -60.3074 -65.4199 -65.8745 -66.2060 -66.6311 -70.4380 0.0000 0.0000 0.0000 0.0000 0.0000 0.0000 -58.4946 -57.8452 -57.5177 -57.1873 -56.8542 -54.3023 -54.2193 -54.1466
-51.7568 -58.5476 -58.6199 -58.6991 -60.7919 -61.7878 0.0000 0.0000 0.0000 0.0000 0.0000 -63.7913 -63.9887 -64.1855 -64.2419 0.0000 0.0000 0.0000 0.0000 -60.4112 -63.9739 -65.7786 -66.1660 -66.5551 -66.7651 -69.2340 0.0000 0.0000 0.0000 0.0000 0.0000 0.0000 -58.4933 -57.8380 -57.5193 -57.2065 -56.8932 -54.3909 -54.3099 -54.2390
-58.3053 -58.4562 -58.5353 -60.5769 -60.9657 0.0000 0.0000 0.0000 -70.9550 -69.7384 -68.1254 -63.8544 -64.0374 -64.2218 -64.3101 -68.5480 0.0000 0.0000 0.0000 -60.5717 -64.1164 -66.0729 -66.4012 -66.7233 -67.0234 -68.8672 0.0000 0.0000 0.0000 -65.6594 -65.4112 -65.2535 -58.1258 -57.8282 -57.5315 -57.2325 -56.9337 -54.4760 -54.3986 -54.3303
-58.2353 -58.2992 -58.4595 -60.7598 -61.1590 -62.4285 0.0000 0.0000 -69.9329 -68.8895 -66.9792 -63.9494 -64.1137 -64.2818 -64.4380 -69.1464 0.0000 0.0000 0.0000 -60.7265 -64.2137 -65.8577 -66.5940 -66.8598 -67.1030 -66.7115 -65.6591 -65.5137 -65.0628 -64.6565 -64.3459 -62.8220 -58.1526 -57.8602 -57.5677 -57.2748 -56.9839 -54.5642 -54.4864 -54.4191
-58.1794 -58.3301 -60.4345 -60.8629 -61.2365 0.0000 0.0000 0.0000 0.0000 -68.1668 -66.3902 -64.0464 -64.1882 -64.3340 -64.4661 -68.4384 0.0000 0.0000 0.0000 -60.8791 -64.3023 -65.5472 -66.4989 -66.9400 -66.6772 -66.4229 -65.4458 -64.8825 -64.5435 -63.9195 -62.9273 -61.1902 -58.1846 -57.9043 -57.6243 -57.3445 -54.7731 -54.6890 -54.6134 -54.5482
-58.1955 -60.2339 -60.7125 -61.1326 -61.5019 0.0000 0.0000 0.0000 -68.7614 -67.8318 -66.0534 -64.1468 -64.2684 -64.3922 -64.5005 -68.0733 0.0000 0.0000 0.0000 -63.3180 -64.4092 -65.3750 -66.1679 -66.5160 -66.1841 -65.2242 -64.8566 -64.3158 -63.7109 -63.0290 -61.9692 -58.4923 -58.2192 -57.9503 -57.6824 -57.4149 -54.8933 -54.8118 -54.7386 -54.6762
-58.1486 -60.5309 -61.0147 -61.4384 -61.8120 0.0000 0.0000 0.0000 -68.4626 -67.6461 -65.8302 -64.2222 -64.3234 -64.4267 -64.5173 -68.2200 -70.6367 -70.8795 -72.4673 -63.6058 -64.4906 -65.2864 -65.9499 -66.0965 -65.7213 -64.7392 -64.2126 -63.7264 -63.1313 -62.3244 -61.3559 -58.5183 -58.2558 -57.9979 -57.7414 -57.4857 -55.0117 -54.9328 -54.8627 -54.8029
-60.4707 -61.0384 -61.3655 -61.7765 -62.1340 -63.4298 -63.7636 0.0000 0.0000 0.0000 -65.8063 -64.2581 -64.3759 -64.4439 -64.4650 -68.0312 -71.6086 0.0000 0.0000 -63.8529 -64.5757 -65.2348 -65.7937 -65.6891 -64.6665 -64.2850 -63.7357 -63.2222 -62.6086 -61.8644 -60.9388 -58.5457 -58.2933 -58.0461 -57.8005 -57.5571 -55.1287 -55.0528 -54.9858 -54.9292
-60.9507 -61.5123 -61.9761 -62.3654 -62.6679 -63.3752 -64.1077 -67.8650 -68.9687 -69.0630 -64.2178 -64.2382 -64.3799 -64.4884 -64.5449 0.0000 0.0000 0.0000 -68.7461 -64.0501 -64.6604 -65.2166 -65.6929 -65.3387 -64.3026 -63.7876 -63.3275 -62.8056 -62.2025 -61.5016 -58.8159 -58.5696 -58.3317 -58.0952 -57.8609 -57.6297 -55.2447 -55.1723 -55.1086 -55.0553
-61.5344 -62.0645 -62.4768 -62.8031 -62.8400 -63.6614 0.0000 0.0000 0.0000 -68.2584 -64.4386 -64.4056 -64.5014 -64.5007 -64.5632 0.0000 0.0000 0.0000 -64.1122 -64.2218 -64.7384 -65.2110 -65.4390 -65.0189 -63.9744 -63.4491 -62.9833 -62.4666 -61.8866 -61.2333 -58.8387 -58.6064 -58.3736 -58.1477 -57.9244 -57.7045 -55.3605 -55.2918 -55.2317 -55.1817
-62.2112 -62.6545 -62.9418 -62.9411 -63.0251 -63.8551 0.0000 0.0000 0.0000 -67.2570 -64.5231 -64.4275 -64.4996 -64.5592 -64.6149 -67.6725 0.0000 0.0000 0.0000 -64.3673 -64.8057 -65.1956 -65.1269 -64.0721 -63.5556 -63.1513 -62.6905 -62.1886 -61.6385 -61.0350 -58.8633 -58.6398 -58.4172 -58.2018 -57.9898 -57.7817 -55.4764 -55.4115 -55.3550 -55.3024
-62.6488 -63.1862 -63.1239 -63.1618 -63.2706 -63.9909 0.0000 0.0000 -69.8566 -66.7082 -64.5927 -64.4542 -64.5043 -64.5371 -64.0445 -65.1602 0.0000 0.0000 0.0000 -64.5017 -64.8776 -65.2149 -64.8710 -63.8023 -63.2833 -62.8812 -62.4403 -61.9668 -61.4496 -59.1141 -58.8947 -58.6810 -58.4683 -58.2636 -58.0629 -57.8660 -55.5950 -55.5337 -55.4726 -55.4091
-63.2028 -63.0754 -63.3943 -63.3489 -63.1832 -63.7955 0.0000 0.0000 -68.4851 -66.3674 -64.6357 -63.6067 -63.8115 -64.0208 -64.2196 -64.5205 0.0000 -73.6933 -70.7676 -64.6249 -64.9496 -65.0637 -63.9570 -63.4383 -63.0435 -62.6469 -62.2197 -61.7690 -61.2913 -59.1384 -58.9292 -58.7244 -58.5233 -58.3296 -58.1402 -57.9547 -55.7147 -55.6463 -55.5747 -55.5095
-63.4897 -63.3918 -63.3949 -62.9294 -63.2424 -63.5954 0.0000 0.0000 -65.0542 -64.7397 -63.7739 -64.5310 -64.5360 -64.5365 -63.3622 -64.2933 0.0000 -70.8339 -64.4479 -64.7401 -65.0199 -64.8645 -63.7398 -63.2228 -62.8342 -62.4470 -62.0359 -61.6089 -61.1638 -59.1603 -58.9642 -58.7739 -58.5855 -58.4032 -58.2248 -58.0496 -55.8229 -55.7441 -55.6701 -55.6045
-63.7257 -63.5145 -63.4323 -62.8346 -62.7991 -64.9549 -66.3414 -67.4069 0.0000 -67.5283 -64.6846 -64.5762 -64.5589 -64.5394 -63.3437 -64.1936 -64.9630 0.0000 -64.6302 -64.8529 -65.0927 -64.6907 -63.4071 -63.0305 -62.6505 -62.2757 -61.8833 -61.4813 -59.3810 -59.1891 -59.0042 -58.8259 -58.6507 -58.4838 -58.3168 -58.1220 -55.9163 -55.8350 -55.7599 -55.6949
-64.4128 -63.8651 -63.8084 -62.7374 -62.6616 0.0000 0.0000 0.0000 0.0000 -67.5140 -64.7222 -64.6209 -64.5847 -63.4356 -63.3856 -64.2002 0.0000 0.0000 -65.5335 -64.9949 -64.9413 -63.7439 -63.2231 -62.8551 -62.4877 -62.1287 -61.7576 -61.3822 -59.4076 -59.2271 -59.0544 -58.8883 -58.7246 -58.5670 -58.3741 -58.1703 -56.0022 -55.9186 -55.8440 -55.7790
-64.9731 -64.7383 -63.0434 -62.7218 -62.5160 -66.7125 0.0000 0.0000 0.0000 -72.1683 -64.7648 -64.6660 -63.5950 -63.5057 -63.4894 -66.6771 0.0000 0.0000 -65.7135 -65.0816 -64.8021 -63.4158 -63.0533 -62.6963 -62.3439 -62.0031 -61.6562 -61.3096 -59.4433 -59.2759 -59.1160 -58.9617 -58.8083 -58.6129 -58.4089 -56.1677 -56.0778 -55.9960 -55.9221 -56.0848
-65.5867 -65.3451 -63.0217 -62.7707 -62.3575 -62.8336 0.0000 0.0000 0.0000 -64.9111 -64.8136 -64.7100 -63.7004 -63.6456 -66.2900 -67.6550 -70.1252 -71.6935 -65.3328 -65.0867 -63.7843 -63.2499 -62.8960 -62.5530 -62.2191 -61.9015 -61.5817 -59.6545 -59.4920 -59.3384 -59.1909 -59.0469 -58.8435 -58.6378 -58.4361 -56.2353 -56.1456 -56.0639 -56.4822 -56.4352
-63.4644 -63.6875 -62.9450 -62.6673 -62.3669 -62.6697 0.0000 -70.7488 -69.1747 -65.3346 -64.8654 -63.9848 -63.8901 -63.8738 0.0000 0.0000 0.0000 0.0000 -65.9527 -64.9750 -63.4544 -63.0981 -62.7566 -62.4297 -62.1177 -61.8258 -61.5357 -59.7026 -59.5550 -59.4144 -59.2779 -59.0698 -58.8580 -58.6554 -58.4429 -56.2951 -56.2050 0.0000 -56.7192 -56.6183
-64.2535 -64.3483 -62.7522 -62.4491 -62.0240 -62.4022 -62.1393 0.0000 0.0000 0.0000 -64.4546 -64.2436 -64.1787 -64.1935 -66.8048 -66.5490 0.0000 0.0000 -66.1976 -63.8741 -63.3045 -62.9578 -62.6324 -62.3277 -62.0415 -61.7792 -61.5204 -59.7661 -59.6324 -59.5031 -59.2860 -59.0718 -58.8626 -58.6460 -58.4366 -56.3445 0.0000 0.0000 0.0000 0.0000
-64.3759 -62.7962 -62.5255 -62.0584 -61.9058 -62.0564 -61.8204 0.0000 0.0000 0.0000 -64.7812 -64.6121 -64.5805 -64.5081 -66.4393 -66.2535 0.0000 0.0000 0.0000 -63.5327 -63.1683 -62.8360 -62.5317 -62.2539 -61.9988 -61.7674 -59.9736 -59.8465 -59.7223 -59.4950 -59.2744 -59.0620 -58.8367 -58.6192 -58.4138 0.0000 0.0000 0.0000 0.0000 0.0000
-65.0147 -61.8384 -62.1862 -61.9750 -61.6194 -61.6697 -68.5295 -70.1745 -70.9111 -69.3616 -65.0645 -64.8929 -64.7014 -64.4920 -65.8074 -65.8059 -67.4982 -67.0919 -63.8217 -63.3978 -63.0466 -62.7373 -62.4614 -62.2160 -61.9938 -61.7928 -60.0586 -59.9370 -59.6982 -59.4682 -59.2480 -59.0171 -58.7850 -58.4507 -57.7466 -61.1498 0.0000 0.0000 0.0000 0.0000
-62.0574 -62.4123 -62.0788 -61.6841 -61.3225 -61.2891 0.0000 0.0000 0.0000 0.0000 -65.1483 -64.9530 -64.7218 -64.4829 -65.4788 -67.2669 -66.7087 -65.4920 -63.6875 -63.2897 -62.9588 -62.6775 -62.4348 -62.2232 -62.0313 -61.8548 -60.1528 -59.8983 -59.6549 -59.4235 -59.1822 -58.9350 -57.9334 -57.8722 -57.8071 -60.6585 -61.2636 0.0000 0.0000 -63.2781
-62.8423 -62.2998 -61.8128 -61.3676 -60.9677 -60.8986 0.0000 0.0000 0.0000 0.0000 -65.2518 -65.0241 -64.7576 -64.4933 -65.2221 -66.8388 -65.9014 -63.9393 -63.5178 -63.2160 -62.9140 -62.6669 -62.4592 -62.2780 -62.1096 -61.9335 -60.0987 -59.8370 -59.5895 -59.3334 -59.0615 -58.0385 -57.9841 -57.9274 -57.8669 -60.5986 -63.2977 0.0000 -63.5515 -62.0751
-62.6176 -62.0519 -61.5049 -61.0101 -60.5725 -60.4412 -68.1422 -68.5994 0.0000 0.0000 -65.3904 -65.1280 -64.8247 -64.5434 -66.9990 -66.3565 -64.2979 -63.8773 -63.4574 -63.1240 -62.9274 -62.7156 -62.5379 -62.3785 -62.2104 -60.3044 -60.0174 -59.7478 -59.4714 -59.1620 -58.1279 -58.0843 -58.0343 -57.9822 -61.0695 -62.6137 -63.7482 0.0000 -62.7126 -61.3441
-62.3182 -61.6918 -61.1091 -60.5854 -60.1192 0.0000 0.0000 0.0000 0.0000 -68.8975 -65.5752 -65.2712 -64.9473 -66.1607 -66.8977 -64.8095 -64.2924 -63.8729 -63.4747 -63.1754 -62.9422 -62.8265 -62.6676 -62.5222 -62.0314 -60.2016 -59.9003 -59.5959 -58.2340 -58.2040 -58.1690 -58.1297 -58.0841 -59.7683 -62.1118 -63.2537 -64.1637 0.0000 -62.1287 -60.9108
-62.0813 -61.2421 -60.5976 -60.0388 -57.7971 0.0000 0.0000 0.0000 0.0000 -68.7437 -65.7703 -65.4943 -65.0990 -66.2558 -66.8626 -64.8728 -64.3512 -63.9098 -63.5775 -63.3073 -63.0978 -63.3830 -62.8878 -62.3277 -61.8011 -60.0515 -59.7069 -58.2881 -58.2669 -58.2408 -58.2100 -58.1747 0.0000 0.0000 0.0000 0.0000 0.0000 0.0000 0.0000 0.0000
