-69.9478 -69.8740 -69.7990 -69.7225 -69.6445 -69.5647 -69.4840 -69.4052 -64.6086 -64.5790 -64.5477 -64.5136 -64.4742 -64.4276 -64.3699 -64.3401 -60.1847 -60.1394 -61.2756 -61.2192 -61.2719 -61.2013 -61.0007 -60.9350 -60.8988 -60.8266 -60.7535 -59.6217 -59.5794 -60.2472 -60.1708 -60.1300 -60.0890 -60.1159 -60.0808 -60.0362 -59.9688 -59.8769 -59.8425 -60.1244
-69.7462 -69.6611 -69.5735 -69.4827 -69.3886 -69.2907 -69.1897 -64.5790 -64.5209 -64.4776 -64.4334 -60.4072 -60.3625 -60.3175 -60.2880 -60.2434 -60.1968 -61.3289 -61.2716 -61.1875 -61.2424 -61.1832 -61.0036 -60.9703 -60.8988 -60.8271 -60.7547 -59.6360 -60.2629 -60.2146 -60.1737 -60.1328 -60.0917 -60.1187 -60.0818 -60.0347 -59.9695 -60.2260 -60.1737 -60.1421
0.0000 -69.4463 -69.3463 -69.2424 -69.1352 -69.0289 -61.9470 -60.5979 -60.5536 -60.5091 -60.4650 -60.4205 -60.3760 -60.3472 -60.3035 -60.2563 -60.2075 -61.3279 -61.2468 -61.1933 -61.2454 -61.1693 -61.0066 -60.9704 -60.8997 -60.8282 -60.7561 -59.3560 -60.2586 -60.2174 -60.1764 -60.1349 -60.0950 -60.1195 -60.0806 -60.0225 -60.3185 -60.2227 -60.1919 -60.1407
0.0000 -62.2462 -62.1866 -62.1267 -62.0668 -62.0069 -61.9478 -60.6113 -60.5676 -60.5239 -60.4803 -60.4364 -60.4076 -60.3632 -60.3161 -60.2675 -60.2180 -61.3062 -61.2528 -61.2806 -61.2455 -61.0748 -61.0095 -60.9714 -60.9007 -60.8295 -59.4182 -59.3701 -60.2627 -60.2185 -60.1771 -60.1356 -60.1566 -60.1199 -60.0886 -60.3675 -60.2714 -60.2412 -60.1902 -60.1391
-62.3056 -62.2462 -62.1866 -62.1275 -62.0685 -62.0098 -60.6786 -60.6276 -60.5838 -60.5403 -60.4966 -60.4679 -60.4225 -60.3756 -60.3277 -60.2603 -60.2131 -61.3124 -61.2589 -61.2894 -61.2379 -61.0778 -61.0125 -60.9714 -60.5424 -60.4542 -59.4314 -59.3832 -60.2674 -60.2194 -60.1780 -60.1364 -60.1575 -60.1356 -60.4329 -60.3631 -60.2900 -60.2393 -60.1884 -60.1353
-62.3076 -62.2491 -62.1905 -62.1317 -62.0729 -62.0146 -60.6875 -60.6438 -60.6000 -60.5565 -60.5277 -60.4817 -60.4350 -60.3877 -60.3218 -60.2748 -61.3725 -61.3185 -61.2644 -61.2952 -61.2306 -61.0791 -61.0407 -60.5917 -60.5229 -60.4560 -59.4446 -60.3304 -60.2722 -60.2203 -60.1788 -60.1394 -60.5152 -60.4750 -60.4326 -60.3812 -60.2880 -60.2371 -60.1837 -67.5796
-62.3117 -62.2533 -62.1947 -62.1360 -62.0774 -62.0196 -60.7037 -60.6599 -60.6163 -60.5867 -60.5408 -60.4944 -60.4474 -60.3829 -60.3358 -60.2885 -61.3768 -61.3225 -61.2680 -61.2990 -61.1453 -61.0804 -60.6566 -60.5909 -60.5247 -59.5058 -59.4578 -60.3351 -60.2772 -60.2212 -60.1862 -60.4893 -60.5137 -60.4938 -60.4296 -67.8368 -67.8164 -67.7962 -67.7827 -67.6591
-62.3158 -62.2574 -62.1990 -62.1404 -62.0821 -60.7633 -60.7197 -60.6759 -60.6456 -60.5997 -60.5532 -60.4880 -60.4421 -60.3959 -60.3488 -60.3014 -61.3809 -61.3264 -61.3474 -61.3001 -60.8058 -60.6988 -60.6582 -60.5927 -60.5267 -59.5190 -59.4709 -60.3399 -60.2821 -60.2332 -60.5316 -60.4898 -68.3305 -68.3692 -68.2680 -68.0070 -67.9918 -67.9817 -67.8565 -67.8610
-62.3199 -62.2617 -62.2033 -62.1449 -62.0869 -60.7790 -60.7350 -60.7033 -60.6575 -60.6113 -60.5469 -60.5013 -60.4554 -60.4089 -60.3617 -61.4400 -61.3850 -61.3308 -61.3529 -60.9170 -60.7632 -60.7249 -60.6600 -60.5947 -60.5289 -59.5321 -59.4894 -60.3448 -66.3585 -67.9347 -67.9426 -68.4641 -68.5212 -68.4599 -68.4464 -68.1795 -68.1713 -68.0450 -68.0491 -67.9732
-62.3241 -62.2654 -62.2067 -62.1480 -62.0900 -60.7934 -60.7611 -60.7152 -60.6692 -60.6056 -60.5602 -60.5146 -60.4687 -60.4219 -60.3745 -61.4439 -61.3895 -61.3350 -60.9599 -60.8274 -60.7667 -60.7267 -60.6620 -60.5968 -66.4969 -63.5787 -66.4424 -68.0899 -68.0892 -68.2108 -68.2277 -68.6558 -68.7177 -68.6333 -68.3685 -68.1675 -68.0796 -67.9860 -67.8956 -64.2005
-62.3263 -62.2678 -62.2092 -62.1508 -60.8516 -60.8189 -60.7729 -60.7271 -60.6642 -60.6190 -60.5737 -60.5280 -60.4819 -60.4348 -60.3877 -61.4483 -61.3938 -60.9468 -60.9657 -60.8309 -66.6844 -66.7242 -66.6765 -66.6298 -63.6638 -63.6681 -68.2418 -68.2411 -68.3690 -68.3828 -68.3998 -68.8069 -68.7699 -68.5857 -68.1100 -68.0197 -67.9236 -67.8299 -67.7347 -64.1549
-62.3287 -62.2702 -62.2118 -62.1537 -60.8766 -60.8309 -60.7671 -60.7225 -60.6776 -60.6325 -60.5871 -60.5413 -60.4948 -60.4479 -61.5078 -61.0824 -66.8679 -67.1217 -67.1420 -66.7995 -66.8506 -66.8066 -66.7628 -66.7195 -63.7577 -64.5301 -68.3894 -68.5048 -68.4494 -68.3926 -68.3334 -68.6630 -68.5089 -68.2981 -67.9679 -67.8702 -67.7727 -67.6728 -67.5726 -64.1108
-62.3312 -62.2728 -62.2146 -62.1705 -60.8887 -60.8253 -60.7806 -60.7360 -60.6911 -60.6459 -60.6002 -60.5545 -64.7587 -64.7425 -66.9806 -66.9546 -66.9507 -67.2167 -66.9162 -66.8849 -66.9340 -66.8924 -66.8509 -66.8658 -64.5960 -68.4111 -68.4711 -68.4119 -68.3522 -68.2834 -68.5782 -68.5230 -68.2418 -68.1501 -67.8236 -67.7274 -67.6332 -67.5528 -60.1514 -59.2669
-62.3340 -62.2758 -62.2308 -60.9465 -60.8838 -60.8389 -60.7944 -60.7498 -60.7048 -64.8649 -64.8517 -64.8385 -64.8245 -64.0077 -67.0448 -67.0414 -67.0398 -67.3144 -67.0009 -66.9715 -66.9878 -66.9199 -68.6043 -68.4955 -64.5882 -68.4464 -68.3824 -68.3200 -68.2475 -68.1733 -68.3272 -68.1776 -68.1095 -67.8023 -60.3519 -60.3018 -60.2523 -60.2019 -59.3156 -59.2948
-62.3372 -62.2916 -62.2078 -60.9421 -60.8975 -64.9828 -64.9687 -64.9554 -64.9425 -64.9307 -64.9191 -64.9070 -64.0841 -67.1380 -67.1311 -67.1297 -67.1094 -67.3536 -66.9961 -67.0112 -66.9631 -68.6193 -68.5104 -64.6630 -64.6321 -68.3624 -68.2969 -68.2215 -68.1470 -67.9616 -68.2401 -60.5362 -60.4908 -60.4015 -60.3517 -60.3025 -60.2523 -60.2023 -59.3435 -59.3189
-62.3524 -69.3732 -69.3322 -65.0729 -65.0581 -65.0448 -65.0327 -65.0208 -65.0098 -64.9989 -64.2013 -64.1595 -64.1405 -67.1788 -67.1439 -67.1103 -67.3354 -67.0242 -66.9521 -66.9980 -68.6374 -68.5295 -68.5427 -64.6595 -64.6273 -68.2839 -68.2164 -60.7613 -60.6798 -60.6192 -60.6179 -60.5419 -60.4910 -60.4013 -60.3524 -60.3024 -60.2584 -60.2249 -59.3525 -60.1165
-69.4895 -69.4482 -65.1483 -65.1348 -65.1213 -65.1091 -65.0985 -65.0879 -65.0743 -64.2343 -64.2037 -64.1763 -64.1484 -67.1500 -67.1146 -67.0792 -67.3008 -66.9754 -66.9565 -68.6599 -68.5549 -68.5711 -68.4693 -64.6645 -60.9496 -60.8885 -60.8278 -60.7465 -60.6854 -60.6257 -60.6094 -60.5476 -60.4513 -60.4019 -60.3523 -60.3085 -60.2751 -60.2255 -64.2787 -67.5504
-69.5696 -69.5334 -65.2109 -65.1982 -65.1853 -65.1608 -65.1353 -65.1094 -64.2655 -64.2397 -64.2129 -64.1848 -64.1563 -67.1225 -67.0862 -67.0497 -67.2784 -68.6693 -68.5844 -68.5943 -68.6267 -61.1481 -60.1136 -60.0638 -60.9549 -60.8940 -60.8129 -60.7522 -60.6920 -60.6966 -60.6152 -60.5540 -60.4511 -60.4017 -60.3755 -67.8144 -67.6977 -67.6621 -64.3394 -67.6419
-69.6544 -69.5936 -65.2498 -65.2229 -65.1972 -65.1715 -64.3982 -64.3023 -64.2764 -64.2501 -64.2223 -64.1938 -67.1369 -67.0987 -67.0632 -67.0571 -68.7301 -61.3704 -61.3487 -61.2839 -61.2186 -61.1528 -60.1272 -60.0772 -60.9392 -60.8793 -60.8187 -60.7588 -60.6986 -60.7027 -60.6218 -60.5846 -67.8741 -67.9559 -67.9194 -67.8104 -67.7794 -64.4172 -64.4116 -67.7495
-69.6154 -65.2882 -65.2616 -65.2346 -65.2086 -64.3800 -64.3400 -64.3142 -64.2880 -64.2615 -64.2335 -64.2058 -67.1229 -67.0933 -61.1776 -61.5974 -61.4376 -61.3979 -61.3534 -61.2886 -61.2230 -61.1563 -60.1406 -60.0735 -60.9455 -60.8851 -60.8254 -60.7655 -68.0523 -68.2689 -68.2384 -68.0017 -68.0775 -68.0373 -67.9306 -67.9020 -67.8756 -64.4902 -67.8576 -67.9594
-69.5702 -65.3008 -65.2739 -65.2467 -65.2031 -64.3791 -64.3537 -64.3284 -64.3034 -64.2789 -60.3993 -60.3546 -61.2789 -61.2396 -61.5605 -61.6023 -61.4653 -61.4036 -61.3581 -61.2927 -61.2263 -61.1599 -60.1370 -61.0112 -60.9515 -68.2009 -68.1685 -68.1452 -68.1216 -68.3472 -68.3279 -68.2168 -68.1735 -68.0520 -68.0248 -67.9991 -67.9757 -64.6071 -68.0668 -68.0404
-71.1200 -66.0069 -66.2525 -75.7340 0.0000 -64.3973 -64.3750 -60.5461 -60.5028 -60.4588 -60.4142 -61.3414 -61.6760 -61.6218 -61.5674 -61.5380 -61.4710 -61.4268 -61.3618 -61.2960 -61.2298 -60.2005 -64.7928 -68.3206 -68.2902 -68.2657 -68.2486 -68.2296 -68.2211 -68.5857 -68.5694 -68.2351 -68.1929 -68.1515 -68.1216 -68.0978 -68.1312 -64.6397 -68.0264 -68.0017
-66.0757 -65.2165 -66.3381 -75.0498 0.0000 -61.7641 -60.6045 -60.5614 -60.5180 -60.4737 -60.4350 -61.7374 -61.6830 -61.6514 -61.5975 -61.5381 -61.4765 -61.4305 -61.3897 -68.7217 -68.5342 -64.8622 -64.8460 -68.3933 -68.3712 -68.3568 -68.3402 -68.3247 -68.7060 -68.6915 -68.3825 -68.3327 -68.2925 -68.2086 -68.1214 -68.1426 -64.7621 -64.7623 -68.3046 -68.3252
-65.8669 -65.8950 -61.1382 -62.2966 -61.8244 -60.6626 -60.6197 -60.5765 -60.5329 -60.4964 -60.7554 -61.7442 -61.7130 -61.6591 -61.7013 -61.5920 -68.8777 -68.9047 -68.7163 -68.6501 -68.5911 -64.9216 -64.9239 -68.4803 -68.4665 -68.4509 -68.4365 -68.5617 -68.8120 -68.7100 -68.4236 -68.3336 -68.2619 -68.3558 -68.4221 -68.4053 -64.8374 -64.8546 -68.4226 -68.4438
-61.2382 -61.1900 -62.2897 -61.8597 -61.7994 -60.6778 -60.6349 -60.5916 -60.5576 -60.8161 -61.8061 -61.7746 -69.0860 -69.0659 -69.0728 -68.9826 -69.0233 -68.8389 -68.7766 -68.7205 -68.6660 -64.9847 -68.5959 -68.5764 -68.5609 -68.5472 -68.6755 -68.6650 -68.8281 -68.8149 -68.5689 -68.5308 -68.5952 -68.5634 -68.5329 -68.5114 -64.9121 -68.5222 -68.5392 -68.5583
-61.2442 -60.8643 -61.8784 -61.8663 -61.7806 -60.6930 -60.6520 -60.9226 -60.8769 -65.2426 -69.1777 -69.1593 -69.1454 -69.1322 -69.0963 -69.0469 -68.9644 -68.9046 -68.8505 -68.7971 -65.0611 -65.0509 -68.6870 -68.6703 -68.6584 -68.7879 -68.6931 -68.6866 -68.9315 -68.9186 -68.6656 -68.7338 -68.7025 -68.6721 -68.6431 -68.6171 -64.9766 -68.5426 -68.4900 -68.4332
-60.9196 -60.8775 -61.8929 -61.8569 -60.7508 -60.7144 -65.3461 -65.3271 -65.3583 -65.3416 -69.2451 -69.2331 -69.2212 -69.2084 -69.1657 -68.9969 -69.0322 -68.9798 -68.9276 -68.8761 -65.1271 -65.1156 -68.7798 -68.9095 -68.8985 -68.8021 -68.7913 -68.7908 -69.0339 -68.7983 -68.8703 -68.8394 -68.8093 -68.7404 -68.6467 -68.5546 -64.9537 -68.4285 -68.3722 -68.2677
-60.9347 -61.9243 -61.9488 -67.7439 -64.6259 -65.4096 -65.3933 -65.4310 -66.1372 -66.4321 -74.6096 0.0000 0.0000 -69.1654 -69.1110 -69.1588 -69.1077 -69.0568 -69.0109 -68.9613 -65.1913 -68.8899 -69.0191 -69.0076 -68.9095 -68.8989 -68.8892 -69.1471 -69.1358 -69.0047 -68.9212 -68.8284 -68.7343 -68.6389 -68.5435 -64.9647 -64.9294 -68.2865 -68.2153 -68.1407
-64.7190 -67.7696 -67.8465 -67.7865 -65.4801 -66.0599 -66.2072 -66.3277 -66.4037 -72.5205 -73.9457 -70.4208 -69.2547 -69.2282 -69.1879 -69.2341 -69.1843 -69.1394 -69.0901 -65.2659 -65.2553 -69.1293 -69.0275 -69.0153 -69.0048 -68.9955 -68.9821 -69.2968 -69.2282 -68.9213 -68.8277 -68.7326 -68.6362 -68.5392 -68.4407 -64.9434 -68.2355 -68.1644 -68.0949 -68.0164
-64.7640 -67.8543 -71.4445 -66.1587 -66.2093 -66.3186 -66.2708 -66.2005 -65.5661 -69.5862 -70.1982 -70.1035 -69.3347 -69.3052 -69.2661 -69.3099 -69.2660 -69.2177 -69.1698 -65.3292 -65.3819 -69.1338 -69.1200 -69.0945 -69.0326 -68.9695 -69.0113 -69.2104 -68.9250 -68.8309 -68.7352 -68.6381 -68.5401 -68.4403 -68.3400 -64.9058 -68.1255 -68.0518 -67.9780 -67.8917
-68.8672 -71.6764 -71.7968 -66.2943 -66.2417 -65.6333 -65.6460 -65.6285 -65.6069 -69.6047 -70.0519 -70.0157 0.0000 -69.3827 -69.4336 -69.3909 -69.3433 -69.2961 -69.2515 -65.4555 -65.3993 -69.1520 -69.0884 -69.0251 -68.9609 -69.0015 -68.9424 -69.1247 -68.8378 -68.7418 -68.6449 -68.5458 -68.4454 -68.3438 -68.2088 -64.8829 -68.0249 -67.9468 -67.8696 -67.7080
-71.5852 -71.6338 -71.5208 -65.7075 -65.6960 -65.7105 -65.6960 -65.6748 -69.6967 -72.4429 -75.7566 0.0000 0.0000 0.0000 -69.5139 -69.4673 -69.4207 -69.3472 -69.4082 -65.4294 -69.1541 -69.0867 -69.0217 -68.9564 -68.9958 -68.9310 -68.8738 -69.0403 -68.7523 -68.6553 -68.5562 -68.4557 -68.3542 -68.2188 -68.1154 -64.8639 -67.9444 -60.2781 -60.2172 -60.1698
-69.9295 -70.1104 -65.7797 -65.7687 -65.7788 -65.7621 -65.7481 -66.4204 -72.4889 -74.7858 -77.3785 -80.6296 0.0000 0.0000 0.0000 -69.4637 -69.5284 -69.3435 -65.4604 -65.4291 -69.0902 -69.0223 -69.0583 -68.9940 -68.9286 -68.8616 -69.0355 -68.7707 -68.6698 -68.5712 -68.4715 -68.3424 -68.2388 -68.1396 -59.7311 -59.6776 -60.3467 -60.2695 -60.2210 -60.1731
-70.1809 -70.1500 -65.8379 -65.8445 -66.4491 -66.5127 -66.5278 -66.6302 -73.3652 -75.1418 -76.1880 -78.9984 0.0000 -70.6000 -70.1507 -69.5560 -69.3711 -69.2766 -65.4608 -65.4285 -69.0277 -69.0616 -68.9963 -68.9301 -68.8627 -68.7938 -68.9582 -68.6892 -68.5919 -68.4948 -68.3696 -68.2771 -60.6102 -60.5457 -59.7467 -60.4040 -60.3420 -60.2801 -60.2249 -60.1765
-70.2850 -70.3108 -66.5179 -66.5613 -66.6119 -66.5745 -66.5648 -72.4649 -72.4985 -70.5882 -70.5178 -70.6865 -70.5390 -70.1591 -69.5851 -69.4005 -69.3059 -69.2113 -65.4609 -65.4276 -69.0694 -69.0026 -68.9359 -68.8684 -68.7998 -68.7302 -68.8880 -68.6214 -68.5321 -60.8122 -60.7483 -60.6841 -60.6198 -60.5548 -59.7486 -60.4146 -60.3529 -60.2908 -60.2285 -60.1799
-72.2167 -72.2461 -66.5865 -66.5405 -66.4231 -65.9173 -65.8987 -70.0059 -69.9247 -70.4013 -70.4083 -70.3089 -70.1724 -70.0591 -69.4313 -69.3371 -69.2423 -69.1481 -65.4610 -69.0828 -69.0135 -68.9462 -68.8791 -68.8118 -68.7450 -68.6852 -61.0695 -60.9532 -60.8852 -60.8216 -60.7578 -60.6938 -60.6289 -60.5491 -59.7645 -60.4253 -60.3639 -60.3015 -60.2378 -60.1834
-72.0432 -66.0393 -65.9402 -65.9119 -65.9516 -65.9295 -65.8964 -69.9151 -70.3159 -70.3239 -70.1298 -70.1860 -70.1057 -69.9090 -69.3699 -69.2756 -69.1809 -65.5394 -65.5067 -69.0303 -68.9622 -68.8967 -68.8333 -68.7749 -61.1346 -61.1147 -61.0211 -60.9577 -60.8945 -60.8311 -60.7674 -60.7027 -60.6230 -59.8333 -59.7803 -60.4362 -60.3750 -60.3125 -60.2483 -59.5150
-70.3592 -65.9735 -65.9468 -65.9772 -65.9551 -65.9329 -69.9206 -69.8552 -70.2547 -70.0757 -70.2449 -70.1224 -69.9788 -69.4046 -69.3479 0.0000 -72.9396 -65.5435 -65.5109 -68.9873 -68.9267 -61.3175 -61.2604 -61.2031 -61.1455 -61.1202 -61.0300 -60.9671 -60.9040 -60.8407 -60.7763 -60.6967 -60.6331 -59.8491 -59.8092 -60.4473 -60.3861 -60.3239 -60.2595 -59.5277
-70.1211 -65.9754 -66.0140 -65.9932 -65.9701 -65.9382 -69.8620 -69.7955 -70.0309 -70.1979 -70.0837 -70.0695 -72.3621 -72.8156 0.0000 0.0000 0.0000 -69.6061 -60.6829 -61.4421 -61.3852 -61.3283 -61.2714 -61.2140 -61.1515 -61.1300 -61.0394 -60.9766 -60.9136 -60.8496 -60.7702 -60.7068 -60.6433 -59.8650 -60.5201 -60.4590 -60.3977 -60.3355 -60.2708 -59.5442
-66.0135 -66.0522 -66.0308 -66.0077 -65.9748 -65.9409 -69.8018 -69.9957 -70.1014 -72.1165 -72.5855 -73.1667 -72.5064 -73.1623 -76.4822 -78.1648 0.0000 0.0000 -61.5098 -61.4529 -61.3961 -61.3393 -61.2823 -61.2200 -61.1618 -61.1112 -61.0488 -60.9854 -60.9063 -60.8434 -60.7803 -60.7171 -60.6541 -59.8815 -60.5318 -60.4709 -60.4095 -60.3471 -60.2823 -59.5608
