-53.3841 -53.2847 -53.3184 -53.2154 -53.1114 -53.0062 -52.8995 -52.7910 -52.6812 -52.5702 -52.3401 -52.2292 -52.1169 -52.0034 -51.8888 -51.7727 -51.6553 -51.5364 -51.4160 -51.2940 -51.1702 -51.0448 -50.9178 -50.7891 -50.6585 -50.5263 -50.3921 -50.2562 -50.2025 -50.0635 -49.9220 -49.7777 -49.5471 -49.3988 -49.2483 -49.0953 -48.9399 -48.7819 -48.6844 -48.5196
-53.3550 -53.2553 -53.1546 -53.1848 -53.0807 -52.9755 -52.8691 -52.7613 -52.6516 -52.5408 -52.4288 -52.1998 -52.0878 -51.9744 -51.8597 -51.7437 -51.6262 -51.5072 -51.3868 -51.2649 -51.1413 -51.0163 -50.8894 -50.7605 -50.6299 -50.4975 -50.3632 -50.2270 -50.0889 -50.0316 -49.8907 -49.7466 -49.5982 -49.3667 -49.2153 -49.0614 -48.9052 -48.7463 -48.5848 -48.4818
-53.3299 -53.2302 -53.1295 -53.0277 -53.0549 -52.9497 -52.8434 -52.7359 -52.6271 -52.5160 -52.4037 -52.2924 -52.0638 -51.9503 -51.8353 -51.7190 -51.6011 -51.4817 -51.3607 -51.2381 -51.1139 -50.9881 -50.8606 -50.7314 -50.6004 -57.8810 -57.8551 -57.8653 -57.9321 -58.0941 -59.0816 -59.9861 -62.1873 0.0000 -49.1757 -49.0214 -48.8650 -48.7068 -48.5463 -48.3830
-53.4462 -53.2077 -53.1060 -53.0041 -52.9010 -52.9246 -52.8179 -52.7101 -52.6010 -60.1498 -60.0495 -59.9505 -59.8530 -59.1349 -59.0528 -58.9735 -58.8974 -58.8254 -58.7584 -58.6977 -58.6449 -58.6020 -58.5719 -58.5587 -58.5677 -58.6071 -58.6884 -58.8305 -59.0632 -59.4371 -60.0394 -62.3576 -69.2222 0.0000 0.0000 -48.9932 -48.8373 -48.6789 -48.5175 -48.3531
-61.1409 -61.0547 -60.9688 -60.1355 -60.0563 -59.9776 -59.9042 -60.5300 -60.4519 -60.3756 -60.3003 -60.2205 -60.1433 -60.0694 -59.3343 -59.2767 -59.2240 -59.1774 -59.1382 -59.1080 -59.0893 -59.0847 -59.0979 -59.1341 -59.2002 -59.3055 -59.4638 -59.6941 -60.0245 -60.4943 -61.1483 -61.8906 0.0000 0.0000 0.0000 -48.9606 -48.8037 -48.6442 -48.4820 -48.3172
-61.3088 -61.2323 -61.1565 -61.0817 -60.2299 -60.1610 -60.0933 -60.0316 -60.7062 -60.6440 -60.5847 -60.5281 -60.4676 -60.4113 -60.3601 -59.5943 -59.5613 -59.5362 -59.5205 -59.4651 -59.4157 -59.3743 -59.3432 -59.3252 -59.3244 -59.3464 -59.3993 -59.4942 -59.6488 -59.8910 -60.2642 -60.8296 -61.7311 0.0000 0.0000 0.0000 -48.7722 -48.6130 -48.4511 -48.2864
-61.5013 -61.4328 -61.3656 -61.2997 -61.2167 -60.3165 -60.2309 -60.1449 -60.0632 -60.7292 -60.6385 -60.5480 -60.4576 -60.3587 -60.2603 -60.1625 -59.3726 -59.2902 -59.2096 -59.1314 -59.0562 -58.9851 -58.9193 -58.8602 -58.8102 -58.7723 -58.7392 -58.7226 -58.7392 -58.8085 -58.9677 -59.2960 -59.9873 -61.5677 -66.7217 0.0000 -48.7464 -48.5876 -48.4262 -48.2620
-61.4757 -61.3248 -61.2282 -61.1307 -61.0325 -60.9333 -60.0634 -59.9704 -59.8765 -59.7818 -60.4018 -60.3001 -60.1976 -60.0943 -59.9812 -59.8671 -59.7520 -59.6361 -58.8700 -58.7673 -58.6646 -58.5523 -58.4356 -58.3172 -58.1972 -58.0754 -57.9518 -57.8267 -57.6997 -57.5708 -57.4400 -49.4776 -49.3308 -49.1817 -49.0304 -48.8758 -48.7185 -48.5586 -48.3958 -48.2303
-61.2549 -61.1660 -61.0042 -60.9000 -60.7946 -60.6875 -60.5789 -59.7465 -59.6435 -59.5387 -59.4321 -59.9874 -59.8697 -59.7495 -59.6290 -59.4918 -59.3477 -59.1939 -59.0348 -58.3176 -58.1661 -58.0086 -57.8469 -57.6890 -50.4265 -50.2934 -50.1584 -50.0215 -49.8824 -49.7410 -49.5975 -49.4519 -49.3040 -49.1538 -49.0011 -48.8459 -48.6886 -48.5293 -48.3674 -48.2028
-61.0743 -60.9832 -60.8887 -60.7136 -60.6016 -60.4878 -60.3719 -60.2540 -59.4525 -59.3403 -59.2261 -59.1102 -59.6067 -59.4722 -59.3390 -59.2419 -51.5679 -51.3952 -51.2708 -51.1447 -50.9202 -50.7937 -50.6653 -50.5352 -50.4034 -50.2697 -50.1341 -49.9964 -49.8568 -49.7150 -49.5715 -49.4260 -49.2783 -49.1283 -48.9760 -48.8214 -48.6643 -48.5053 -48.3449 -48.1818
-60.9082 -60.8192 -60.7278 -60.6320 -60.4466 -60.3340 -60.2215 -60.1101 -60.0010 -52.1932 -52.0821 -51.9699 -51.8565 -51.8537 -51.7366 -51.6189 -51.5048 -51.3751 -51.2504 -51.1241 -50.9961 -50.7714 -50.6428 -50.5124 -50.3803 -50.2463 -50.1106 -49.9729 -49.8332 -49.6916 -49.5479 -49.4021 -49.2555 -49.1069 -48.9561 -48.8030 -48.6476 -48.4896 -48.3285 -48.1636
-60.0842 -60.7245 -53.0577 -52.9574 -52.8547 -52.7329 -52.6249 -52.5159 -52.4060 -52.2949 -52.0625 -51.9504 -51.8370 -51.7222 -51.7162 -51.5974 -51.4867 -51.3632 -51.2374 -51.1039 -50.9755 -50.8454 -50.6205 -50.4899 -50.3575 -50.2233 -50.0879 -49.9517 -49.8135 -49.6734 -49.5312 -49.3869 -49.2404 -49.0914 -48.9391 -48.7844 -48.6271 -48.4673 -48.3048 -48.1412
-53.1004 -52.9997 -53.0335 -52.9364 -52.8362 -52.7306 -52.6068 -52.4980 -52.3880 -52.2768 -52.1642 -51.9320 -51.8182 -51.7076 -51.5910 -51.5814 -51.4611 -60.9907 -63.2092 -51.0922 -50.9541 -50.8254 -50.6951 -50.4718 -50.3411 -50.2085 -50.0740 -49.9377 -49.7988 -49.6571 -49.5134 -49.3676 -49.2197 -49.0695 -48.9171 -48.7654 -48.6112 -48.4546 -48.2954 -48.1336
-61.5241 -60.9246 -61.6094 -64.8330 -70.4571 0.0000 0.0000 -52.4850 -52.3744 -52.2625 -52.1494 -52.0599 -59.4698 -59.6217 -59.8634 -60.2417 -61.8958 -63.1722 0.0000 0.0000 0.0000 -50.8137 -50.6833 -50.5506 -50.3257 -50.1916 -50.0557 -49.9178 -49.7781 -49.6363 -49.4945 -49.3516 -49.2066 -49.0594 -48.9100 -48.7582 -48.6024 -48.4439 -48.2828 -48.1190
0.0000 0.0000 -63.2349 -64.4655 -65.7465 0.0000 0.0000 -60.5243 -60.5619 -60.6296 -60.7342 -60.8871 -61.1050 -60.4592 -60.7935 -61.2603 -61.9042 -66.3241 -67.5246 0.0000 0.0000 -50.7977 -50.6659 -50.5323 -50.3968 -50.1724 -50.0393 -49.9043 -49.7675 -49.6286 -49.4878 -49.3446 -49.1978 -49.0489 -48.8977 -48.7441 -48.5880 -48.4305 -48.2707 -48.1083
0.0000 0.0000 -63.2483 -63.1688 -60.1671 -60.1745 -60.1966 -60.2364 -60.2976 -61.2702 -61.4324 -61.6498 -61.9387 -62.3228 -61.5430 -62.0179 -62.4909 -62.7591 -65.4236 -67.3720 0.0000 0.0000 -50.6532 -50.5224 -50.3899 -50.2555 -50.0329 -49.8972 -49.7587 -49.6182 -49.4757 -49.3311 -49.1843 -49.0360 -48.8857 -48.7331 -48.5781 -48.4237 -48.2668 -48.1073
0.0000 0.0000 -60.5035 -60.5092 -60.5262 -60.5566 -60.5176 -60.4323 -60.3470 -60.2616 -61.0281 -60.9349 -60.8419 -60.7325 -60.6213 -59.7016 -59.5922 -59.4862 -59.3789 -60.0136 -59.9011 -59.7728 -50.6520 -50.5210 -50.3869 -50.2509 -50.1129 -49.8881 -49.7495 -49.6094 -49.4674 -49.3234 -49.1773 -49.0290 -48.8806 -48.7310 -48.5792 -48.4250 -48.2677 -48.1041
-73.2614 0.0000 0.0000 -60.5048 -60.4018 -60.2980 -60.1913 -60.0813 -59.9674 -59.8491 -59.7157 -60.3166 -60.1470 -59.9631 -59.7604 -59.5319 -59.2689 -51.1625 -51.0423 -50.9194 -50.8945 -50.7679 -50.6396 -50.5096 -50.3763 -50.2407 -50.1033 -49.9638 -49.7389 -49.5988 -49.4579 -49.3170 -49.1741 -49.0291 -48.8820 -48.7300 -48.5740 -48.4156 -48.2547 -48.0940
-60.6112 -60.4639 -60.3539 -60.2405 -60.1233 -60.0017 -59.8751 -59.7355 -59.5874 -59.4310 -59.2650 -59.0893 -59.5461 -51.7369 -51.6207 -51.5019 -51.3817 -51.2603 -51.0308 -50.9078 -50.7832 -50.7552 -50.6273 -50.4978 -50.3665 -50.2318 -50.0946 -49.9584 -49.8200 -49.5977 -49.4590 -49.3181 -49.1713 -49.0223 -48.8710 -48.7174 -48.5659 -48.4147 -48.2612 -48.1054
-60.3510 -60.2334 -60.1119 -59.9862 -59.8504 -59.7087 -59.5625 -59.4137 -52.1703 -52.0621 -51.9521 -51.8402 -51.7270 -51.7263 -51.6090 -51.4905 -51.3704 -51.2490 -51.1261 -50.8968 -50.7724 -50.6464 -50.6151 -50.4880 -50.3602 -50.2306 -50.0976 -49.9619 -49.8222 -49.6779 -49.4506 -49.3059 -49.1591 -49.0159 -48.8716 -48.7253 -48.5768 -48.4232 -48.2663 -48.1070
-60.9488 -60.7949 -59.8905 -59.7629 -52.5867 -52.4830 -52.3773 -52.2700 -52.1615 -52.0519 -51.9411 -51.8292 -51.7161 -51.6016 -51.5981 -51.4794 -51.3594 -51.2380 -51.1150 -50.9918 -50.7656 -50.6428 -50.5184 -50.3931 -50.3603 -50.2277 -50.0929 -49.9542 -49.8128 -49.6697 -49.5299 -49.3078 -49.1680 -49.0262 -48.8793 -48.7294 -48.5773 -48.4231 -48.2679 -48.1106
-53.1321 -53.0292 -52.9239 -52.6823 -52.5785 -52.4735 -52.3675 -52.2602 -52.1518 -52.0421 -51.9313 -51.8191 -51.7056 -51.5908 -51.4749 -51.4684 -51.3514 -51.2332 -51.1136 -50.9925 -50.8700 -50.6424 -50.5146 -50.3851 -50.2544 -50.2150 -50.0829 -49.9527 -49.8185 -49.6821 -49.5437 -49.3993 -49.1713 -49.0259 -48.8784 -48.7301 -48.5801 -48.4279 -48.2735 -48.1195
-53.1264 -53.0225 -52.9174 -52.8108 -52.5690 -52.4640 -52.3579 -52.2507 -52.1422 -52.0325 -51.9216 -51.8093 -51.6979 -51.5861 -51.4730 -51.3586 -51.3522 -51.2340 -51.1117 -50.9872 -50.8611 -50.7335 -50.5036 -50.3773 -50.2520 -50.1257 -50.0906 -49.9619 -49.8271 -49.6884 -49.5471 -49.4565 -49.2581 -49.0279 -48.8826 -48.7351 -48.5876 -48.4387 -48.2875 -48.1333
-53.1196 -53.0160 -52.9110 -52.8047 -52.6968 -52.4546 -52.3485 -52.2412 -52.1338 -52.0269 -51.9205 -51.8112 -51.7007 -51.5890 -51.4753 -51.3578 -51.2389 -51.2261 -51.1030 -50.9783 -50.8567 -50.7350 -50.6117 -50.3876 -50.2626 -50.1326 -50.0005 -49.9612 -49.8529 0.0000 0.0000 0.0000 0.0000 -49.0341 -48.8918 -48.7476 -48.6013 -48.4505 -48.2971 -48.1414
-53.1134 -53.0114 -52.9066 -52.8007 -52.6935 -52.5875 -52.3469 -52.2424 -52.1367 -52.0299 -51.9220 -51.8109 -51.6976 -51.5829 -51.4669 -51.3494 -51.2306 -51.1154 -51.1052 -50.9860 -50.8656 -50.7438 -50.6171 -50.4886 -50.2604 -50.1547 -57.8518 -59.6313 -66.1558 0.0000 0.0000 0.0000 -49.2112 -49.0469 -48.9040 -48.7576 -48.6091 -48.4587 -48.3088 -48.1569
-53.1030 -53.0059 -52.9053 -52.8023 -52.6981 -52.5925 -52.4852 -52.2428 -52.1346 -52.0253 -51.9146 -51.8026 -51.6893 -51.5758 -51.4647 -51.3523 -51.2386 -51.1237 -51.0075 -50.8863 -50.8671 -50.7415 -50.6144 -58.3102 -58.7420 -58.7402 -59.7775 -61.3749 -62.8473 0.0000 -49.4731 -49.3373 -49.1973 -49.0554 -48.9114 -48.7669 -48.6219 -48.4748 -48.3259 -48.1756
-53.0991 -53.0041 -52.9076 -52.8054 -52.7003 -52.5929 -52.4829 -52.3736 -52.2605 -52.0172 -51.9086 -51.8012 -51.6926 -51.5829 -51.4720 -51.3597 -51.2428 -51.1229 -51.0032 -50.8821 -57.9803 -58.7086 -58.9909 -59.4131 -60.0240 -60.1379 -59.1598 -49.8809 -49.7509 -49.6176 -49.4817 -49.3440 -49.2044 -49.0655 -48.9250 -48.7826 -48.6385 -48.4929 -48.3455 -48.1958
-53.1007 -52.9993 -52.9038 -52.8029 0.0000 -52.6206 0.0000 -52.3694 -52.2661 -52.1588 -51.9132 -51.8061 -51.6975 -51.5848 -51.4707 -51.3554 -51.2386 -58.2854 -58.3164 -58.4194 -58.5793 -58.7542 -59.1363 -58.7085 -50.7957 -50.2458 -50.1171 -49.8901 -49.7579 -49.6241 -49.4897 -49.3551 -49.2189 -49.0808 -48.9412 -48.8000 -48.6570 -48.5119 -48.3648 -48.2156
-53.2717 -61.7902 -63.9114 -66.3356 0.0000 0.0000 0.0000 -52.3793 -63.2692 0.0000 -51.9164 -51.8063 -51.6950 -51.5823 -58.5982 -58.5820 -58.6201 -58.6969 -58.7741 -58.5243 -58.2357 -57.9060 -50.5318 -50.5093 -50.3827 -50.2543 -50.1242 -49.9924 -49.7680 -49.6363 -49.5040 -49.3700 -49.2346 -49.0975 -48.9587 -48.8180 -48.6755 -48.5311 -48.3874 -48.2425
-62.8205 -64.0891 -65.4103 -65.1908 -72.3611 0.0000 0.0000 -61.8547 -68.9061 0.0000 0.0000 -58.9037 -58.8623 -58.8640 -58.8956 -58.9438 -58.7283 -58.4926 -58.2404 -50.9004 -50.7827 -50.6628 -50.5404 -50.4165 -50.3895 -50.2622 -50.1349 -50.0063 -49.8761 -49.7444 -49.5193 -49.3859 -49.2511 -49.1147 -48.9765 -48.8366 -48.6978 -48.5575 -48.4153 -48.2687
-64.2612 -65.2343 -66.3104 -66.5179 -64.1667 -64.5173 -65.2777 -63.7308 -64.7860 0.0000 0.0000 -59.1279 -59.1514 -58.9751 -58.7729 -58.5628 -51.7149 -51.1418 -51.0270 -50.9091 -50.7899 -50.6692 -50.5471 -50.4251 -50.3023 -50.2755 -50.1488 -50.0211 -49.8919 -49.7609 -49.6282 -49.4028 -49.2683 -49.1328 -48.9985 -48.8625 -48.7248 -48.5825 -48.4385 -48.2937
-65.1819 -65.1217 -65.0233 -64.9146 -64.7882 -64.6384 -62.6735 -59.8276 -59.6103 -59.4068 -59.2354 -59.0565 -58.8732 -58.6985 -51.4879 -51.3771 -51.2641 -51.1492 -51.0330 -50.9154 -50.7969 -50.6785 -50.5588 -50.4378 -50.3157 -50.1926 -50.1644 -50.0373 -49.9085 -49.7782 -49.6463 -49.5133 -49.2906 -49.1581 -49.0245 -48.8863 -48.7466 -48.6059 -48.4691 -48.3304
-64.2053 -63.9803 -63.6867 -61.1587 -60.9259 -60.7510 -60.5372 -59.4991 -59.3373 -59.1729 -59.0135 -51.8701 -51.7147 -51.6062 -51.4953 -51.3832 -51.2699 -51.1552 -51.0405 -50.9251 -50.8085 -50.6906 -50.5719 -50.4523 -50.3312 -50.2086 -50.0843 -50.0539 -49.9257 -49.7970 -49.6686 -49.5388 -49.4073 -49.1814 -49.0451 -48.9083 -48.7759 -48.6418 -48.5052 -48.3649
-61.3050 -61.1554 -60.9996 -60.8365 -60.6634 -60.4992 -60.4569 0.0000 -52.6974 -52.0408 -51.9361 -51.8292 -51.7210 -51.6116 -51.5009 -51.3893 -51.2779 -51.1654 -51.0516 -50.9366 -50.8215 -50.7051 -50.5873 -50.4681 -50.3471 -50.2247 -50.1009 -49.9769 -49.9473 -49.8190 -49.6911 -49.5596 -49.4265 -49.2917 -49.0719 -48.9415 -48.8097 -48.6734 -48.5358 -48.3967
-61.1126 -60.9331 -60.7819 -60.7263 -66.0873 -70.1801 0.0000 0.0000 -52.1519 -52.0472 -51.9415 -51.8345 -51.7265 -51.6182 -51.5094 -51.3995 -51.2884 -51.1741 -51.0621 -50.9488 -50.8342 -50.7181 -50.6004 -50.4813 -50.3609 -50.2405 -50.1198 -49.9977 -49.8740 -49.7471 -49.7115 -49.5809 -49.4545 -49.3268 -49.1978 -48.9743 -48.8403 -48.7052 -48.5688 -48.4309
-60.9993 -65.4102 -65.8342 -66.1707 -68.2898 -69.7463 0.0000 0.0000 -52.1539 -52.0495 -51.9441 -51.8388 -51.7325 -51.6252 -51.5168 -51.4082 -51.2990 -51.1887 -51.0771 -50.9639 -50.8492 -50.7332 -50.6160 -50.4990 -50.3814 -50.2625 -50.1420 -50.0188 -49.8941 -49.7679 -49.6453 -49.6139 -49.4886 -49.3594 -49.2283 -49.0956 -48.8717 -48.7378 -48.6107 -48.5035
-64.3248 -64.4213 -64.5819 -64.8432 -65.3069 -66.2277 -71.5102 0.0000 -52.1599 -52.0569 -51.9530 -51.8481 -51.7421 -51.6367 -51.5302 -51.4226 -51.3139 -51.2033 -51.0915 -50.9785 -50.8643 -50.7505 -50.6359 -50.5200 -50.4026 -50.2829 -50.1618 -50.0392 -49.9196 -49.7994 -49.6778 -49.5530 -49.5178 -49.3893 -49.2595 -49.1282 -48.9954 -48.8003 -48.6955 -48.5913
-63.3476 -63.2723 -63.1959 -63.1180 -62.9931 -62.9116 -62.8276 -52.2701 -52.1685 -52.0658 -51.9628 -51.8599 -51.7560 -51.6510 -51.5449 -51.4369 -51.3278 -51.2176 -51.1062 -50.9954 -50.8836 -50.7706 -50.6562 -50.5397 -50.4220 -50.3028 -50.1862 -50.0691 -49.9508 -49.8298 -49.7065 -49.5818 -49.4561 -49.4201 -49.2916 -49.1826 -49.0799 -48.9767 -48.7867 -48.6861
-62.3343 -62.1001 -61.8031 -61.3994 -52.7331 -52.6343 -52.5345 -52.4336 -52.3195 -52.0781 -51.9766 -51.8740 -51.7702 -51.6647 -51.5583 -51.4507 -51.3423 -51.2341 -51.1250 -51.0147 -50.9031 -50.7897 -50.6751 -50.5593 -50.4455 -50.3314 -50.2162 -50.0987 -49.9811 -49.8599 -49.7377 -49.6144 -49.4897 -49.3761 -49.3671 -49.2670 -49.1692 -49.0715 -48.9725 -48.7753
-60.4655 -61.0540 -52.9340 -52.8378 -52.7407 -52.6426 -52.5454 -52.4470 -52.3515 0.0000 -51.9904 -51.8874 -51.7833 -51.6782 -51.5726 -51.4669 -51.3604 -51.2527 -51.1464 -51.0360 -50.9244 -50.8115 -50.7005 -50.5892 -50.4769 -50.3627 -50.2460 -50.1281 -50.0091 -49.8894 -49.7683 -49.6511 -49.5533 -49.4549 -49.3573 -49.3540 -49.2592 -49.1609 -49.0602 -48.9597
