-56.7008 -56.7260 -56.7495 -56.7713 -56.7913 -56.8095 -56.8259 -56.8402 -56.7500 -56.7168 -56.7242 -56.7354 -56.7409 -56.7441 -56.8734 -56.8799 -56.8830 -56.8652 -56.8406 -56.8084 -56.7694 -56.7269 -56.6809 -56.5148 -56.4748 -56.4340 -56.3786 -56.3206 -54.8608 -56.1920 -56.1188 -56.0417 -56.0739 -55.9868 -55.8930 -55.7926 -57.0641 -57.2443 -57.4140 -57.7169
-56.6969 -56.7225 -56.7463 -56.7684 -56.7888 -56.8075 -56.8244 -56.7973 -56.7062 -56.7174 -56.7273 -56.7399 -56.7458 -56.7495 -56.8841 -56.8850 -56.8698 -56.8382 -56.7986 -56.7606 -56.7191 -56.6741 -56.4991 -56.4602 -56.4173 -56.3714 -56.3133 -54.8440 -56.1895 -56.1183 -56.0424 -56.0777 -55.9957 -55.9080 -57.1176 -57.2511 -57.3925 -57.6526 -57.5167 -57.5239
-56.6943 -56.7197 -56.7439 -56.7665 -56.7874 -56.7666 -56.7834 -56.7991 -56.7062 -56.7182 -56.7327 -56.7381 -56.7356 -56.7303 -56.8580 -56.8532 -56.8294 -56.7957 -56.7538 -56.7136 -56.6698 -56.6224 -56.4489 -56.4079 -56.3689 -56.3121 -56.2524 -54.7700 -56.1230 -56.0497 -55.9723 -56.0090 -57.1495 -57.2572 -57.3819 -57.4145 -57.3484 -57.1359 -57.0481 -56.9347
-56.6937 -56.7196 -56.7439 -56.7287 -56.7491 -56.7683 -56.7861 -56.6897 -56.6965 -56.7004 -56.7062 -56.7053 -56.7016 -56.8269 -56.8255 -56.8191 -56.7874 -56.7524 -56.7091 -56.6674 -56.6217 -56.5720 -56.4003 -56.3575 -56.3141 -56.2553 -56.1944 -54.7233 -56.0623 -55.9889 -57.0295 -57.2653 -57.2757 -57.2195 -57.2078 -57.1000 -56.9818 -56.7171 -56.5393 -56.4053
-56.6940 -56.6847 -56.7089 -56.7295 -56.7444 -56.7570 -56.7671 -56.6625 -56.6681 -56.6704 -56.6753 -56.6736 -56.6682 -56.7969 -56.7944 -56.7791 -56.7456 -56.7087 -56.6636 -56.6199 -56.5726 -56.3928 -56.3526 -56.3085 -56.2611 -56.2021 -56.1409 -56.0780 -57.1278 -57.0816 -57.1844 -57.1286 -57.0601 -57.0336 -56.9257 -56.7769 -56.4884 -56.2928 -56.0459 -55.8125
-56.6532 -56.6742 -56.6930 -56.7095 -56.7237 -56.7354 -56.7446 -56.6366 -56.6412 -56.6426 -56.6463 -56.6430 -56.6361 -56.7683 -56.7645 -56.7400 -56.7048 -56.6611 -56.6193 -56.5737 -56.5244 -56.3470 -56.3056 -56.2674 -56.2108 -56.1526 -55.3375 -57.0344 -56.9826 -56.9224 -57.0084 -56.9847 -56.8959 -56.7881 -56.6317 -56.4562 -56.1375 -55.8995 -49.8522 -49.7774
-56.6359 -56.6563 -56.6744 -56.6901 -56.7034 -56.7143 -56.7242 -56.6114 -56.6149 -56.6153 -56.6183 -56.6138 -56.7422 -56.7427 -56.7368 -56.7029 -56.6656 -56.6198 -56.5761 -56.5289 -56.4782 -56.3039 -56.2621 -56.2215 -57.0382 -56.9969 -55.2386 -56.8975 -56.8338 -56.7639 -56.8803 -56.7890 -56.6792 -56.5418 -56.3581 -56.1566 -55.8500 -49.9725 -49.9275 -49.8550
-56.6190 -56.6388 -56.6562 -56.6713 -56.6839 -56.6940 -56.5819 -56.5865 -56.5892 -56.5933 -56.5910 -56.5855 -56.7191 -56.7189 -56.7030 -56.6674 -56.6284 -56.5812 -56.5358 -56.4871 -56.3033 -56.2647 -57.0025 -56.9739 -56.9295 -56.8805 -56.8266 -56.7609 -56.7300 -56.7955 -56.7047 -56.5964 -56.4682 -56.3075 -56.1178 -50.1847 -50.1155 -50.0482 -50.0043 -49.9333
-56.6025 -56.6217 -56.6386 -56.6530 -56.6649 -56.6758 -56.5588 -56.5624 -56.5643 -56.5679 -56.5652 -56.5582 -56.6980 -56.6968 -56.6702 -56.6332 -56.5930 -56.5447 -56.4984 -56.4493 -56.9693 -56.9431 -56.9206 -56.8733 -56.8216 -55.0734 -56.7016 -56.6685 -56.5845 -56.6397 -56.5358 -56.4149 -56.2778 -56.1266 -50.3530 -50.2543 -50.1875 -50.1496 -50.0809 -50.0107
-56.5890 -56.6067 -56.6220 -56.6353 -56.6465 -56.6582 -56.5359 -56.5396 -56.5402 -56.5435 -56.5397 -56.6736 -56.6788 -56.6739 -56.6390 -56.6010 -56.5599 -56.5111 -57.1216 -57.0803 -56.8907 -56.8591 -56.8270 -56.7743 -56.7163 -54.9828 -56.6209 -56.5382 -56.4492 -56.4923 -56.3818 -56.2672 -50.5615 -50.4899 -50.4210 -50.3257 -50.2606 -50.2244 -50.1562 -50.0872
-56.5769 -56.5941 -56.6088 -56.6211 -56.6324 -56.6678 -56.5139 -56.5170 -56.5169 -56.5199 -56.5150 -56.6572 -56.6623 -56.6457 -56.6101 -56.5715 -57.1252 -57.0885 -57.0470 -56.8437 -56.8128 -56.7761 -56.7355 -56.6773 -56.6521 -56.5840 -56.5043 -56.4152 -56.4640 -56.3670 -56.2862 -50.6934 -50.6267 -50.5575 -50.4604 -50.3974 -50.3644 -50.2982 -50.2314 -50.1662
-56.5655 -56.5822 -56.5964 -56.6081 -56.6203 -56.4923 -56.4955 -56.4971 -56.4957 -56.4979 -56.4918 -56.6439 -56.6489 -56.6199 -57.1354 -57.1030 -57.0603 -57.0192 -56.9730 -56.7717 -56.7362 -56.7045 -56.6463 -56.6203 -54.8754 -56.4798 -56.3957 -56.3061 -56.3700 -50.8792 -50.8198 -50.7586 -50.6914 -50.6265 -50.5307 -50.4678 -50.4366 -50.3727 -50.3317 -56.0636
-56.5541 -56.5708 -56.5847 -56.5958 -56.6409 -56.4752 -56.4780 -56.4792 -56.4824 -56.4807 -56.6222 -56.6362 -57.1390 -57.1107 -57.0789 -57.0426 -56.9959 -56.9505 -56.8998 -56.7011 -56.6615 -56.6571 -56.5961 -56.5306 -54.7979 -56.3853 -56.3066 -51.0145 -51.0001 -50.9430 -50.8863 -50.8257 -50.7591 -50.6605 -50.5996 -50.5690 -50.5107 -56.1605 -56.1473 -58.2648
-56.5425 -56.5588 -56.5725 -56.5852 -56.6217 -56.4591 -56.4617 -56.4627 -56.4667 -56.4651 -57.0780 -57.1077 -57.0934 -57.0615 -57.0252 -56.9842 -56.9327 -56.8827 -56.6698 -56.6326 -56.6234 -56.5780 -56.5150 -56.4488 -56.3825 -56.3196 -51.1289 -51.1176 -51.0630 -51.0092 -50.9543 -50.8920 -50.8253 -50.7280 -50.6686 -50.6453 -56.2336 -56.2271 -56.9370 -50.3986
-56.5314 -56.5474 -56.5608 -56.6160 -56.6020 -56.4431 -56.4461 -56.4476 -56.8575 -56.8675 -57.0655 -57.0791 -57.0484 -57.0131 -56.9733 -56.9285 -56.8732 -56.8189 -56.6084 -56.6003 -56.5650 -56.5054 -56.4436 -54.7160 -51.2969 -51.2418 -51.1863 -51.1804 -51.1289 -51.0762 -51.0192 -50.9566 -50.8906 -50.7963 -56.1872 -56.3036 -57.0083 -56.5474 -50.5372 -50.4774
-56.5212 -56.5370 -56.5519 -56.5980 -56.4229 -56.4283 -56.8021 -56.8143 -56.8292 -57.0097 -57.0493 -57.0382 -57.0043 -56.9658 -56.9224 -56.8681 -56.8154 -56.7899 -56.5832 -56.5416 -56.5032 -56.4470 -56.3997 -50.7918 -51.3519 -51.2982 -51.2482 -51.2452 -51.1947 -51.1418 -51.0824 -51.0174 -50.9206 -56.2435 -56.3587 -56.7927 -56.4415 -50.6727 -50.6148 -56.2959
-56.5121 -56.5279 -56.5443 -56.5811 -56.7505 -56.7657 -56.7750 -56.7821 -56.7968 -57.0008 -57.0369 -56.9967 -56.9603 -56.9190 -56.8729 -56.8156 -56.7912 -56.7312 -56.5316 -56.4914 -56.4587 -51.5620 -51.5106 -50.8410 -51.4088 -51.3580 -51.3581 -51.3093 -51.2588 -51.2058 -51.1459 -51.0833 -56.2969 -56.2951 -56.6804 -50.8611 -50.8050 -50.7487 -56.3684 -56.3710
-56.5042 -56.5217 -56.9084 -56.9022 -56.7261 -56.7369 -56.7448 -56.7576 -56.7640 -57.0007 -57.0292 -56.9563 -56.9171 -56.8730 -56.8240 -56.7952 -56.7385 -56.5241 -56.4919 -56.4775 -51.6647 -51.6143 -50.9208 -51.5170 -51.4677 -51.4178 -51.4213 -51.3728 -51.3230 -51.2688 -56.5249 -56.3474 -56.3477 -56.6167 -50.9875 -50.9338 -50.9010 -56.4371 -56.4445 -56.4670
-56.7982 -56.8267 -56.8827 -56.8713 -56.6991 -56.7086 -56.7154 -56.7269 -56.9427 -57.0105 -57.0250 -56.9176 -56.8759 -56.8589 -56.8082 -56.7484 -56.6932 -56.4940 -51.8068 -51.7648 -51.7157 -51.6680 -50.9551 -51.5748 -51.5260 -51.4759 -51.4839 -51.4367 -51.3891 -56.5912 -56.5508 -56.6335 -56.4756 -51.1078 -51.0593 -56.5066 -56.5021 -56.5134 -56.5375 -56.5836
-56.7871 -56.8654 -56.8541 -56.6616 -56.6728 -56.6812 -56.6875 -56.6980 -56.9928 -57.0260 -57.0068 -56.8814 -56.8664 -56.8188 -56.7686 -56.7126 -56.6689 -51.8996 -51.8563 -51.8145 -51.7690 -51.7236 -51.0053 -51.6312 -51.5826 -51.5906 -51.5471 -51.5022 -56.6569 -56.6301 -56.7626 -51.2600 -51.1890 -51.1823 -56.5648 -56.5647 -56.5787 -56.6144 -56.6477 -56.6863
-56.7748 -56.8413 -56.8280 -56.6385 -56.6481 -56.6551 -56.6603 -56.6699 -57.0499 -57.0262 -57.0121 -56.8766 -56.8329 -56.7872 -56.7373 -52.0981 -51.9897 -51.9483 -51.9121 -51.8678 -51.8232 -51.0789 -51.7335 -51.6862 -51.6385 -51.6531 -56.7006 -56.7087 -56.6976 -56.7868 -51.3532 -51.3055 -51.2986 -56.6204 -56.6248 -56.6416 -56.6767 -56.7094 -56.7474 -57.4781
-56.8297 -56.8173 -56.8020 -56.6168 -56.6256 -56.6317 -56.6355 -56.9293 -57.0331 -57.0374 -56.9972 -56.8498 -56.7859 -56.7744 -52.1946 -52.1434 -52.0373 -51.9993 -51.9642 -51.9207 -51.8763 -51.1079 -51.7872 -51.7411 -51.6956 -56.7286 -56.7468 -56.9448 -56.8184 -51.5153 -51.4188 -51.3932 -56.6595 -56.6817 -56.7003 -56.7349 -56.7677 -56.8052 -57.4410 -57.3239
-56.8074 -56.7935 -56.5852 -56.5959 -56.6041 -56.6096 -56.6130 -56.9056 -57.0454 -57.0260 -56.9989 -56.8370 -52.3371 -52.2922 -52.2394 -52.1892 -52.0887 -52.0514 -52.0160 -51.9720 -51.9281 -51.1496 -51.8413 -51.7970 -56.7506 -56.7774 -56.9366 -56.8673 -51.6369 -51.5287 -56.5603 -56.7079 -56.7335 -56.7545 -56.7890 -56.8220 -56.8592 -57.4145 -57.3059 -57.1778
-56.7842 -56.7685 -56.5651 -56.5760 -56.5841 -56.5895 -56.6270 -58.3956 0.0000 0.0000 0.0000 -52.4178 -52.3867 -52.3369 -52.2862 -52.1752 -52.1398 -52.1085 -52.0655 -52.0224 -51.9797 -51.9389 -56.5878 -56.5851 -56.8001 -56.9327 -51.8035 -51.7533 -51.6977 -56.5961 -56.6016 -56.7671 -56.8086 -56.8378 -56.8716 -56.9089 -57.3959 -57.2962 -57.1783 -57.0285
-56.7613 -56.7439 -56.5455 -56.5564 -56.5650 -57.4152 -58.1060 -58.1975 0.0000 0.0000 0.0000 -53.5169 -53.3998 -53.2706 -52.3339 -52.2254 -52.1892 -52.1569 -52.1146 -52.0728 -51.2474 -56.6142 -56.6139 -56.6183 -56.9312 -51.9059 -51.8674 -51.8137 -56.8025 -56.6384 -56.8108 -56.8388 -56.8826 -56.9168 -56.9540 -57.3824 -57.2902 -57.1836 -57.0442 -56.9166
-56.7392 -56.7201 -56.5278 -57.1278 -57.3838 -57.4368 -58.0095 -57.8128 -57.5944 -57.6377 -52.6105 -53.5119 -53.4504 -53.3739 -53.2762 -53.1109 -52.2815 -52.2052 -52.1644 -52.1241 -54.6645 -56.6409 -56.7547 -56.9302 -52.0044 -51.9711 -51.9477 -56.8860 -56.6718 -56.6919 -56.8794 -56.9236 -56.9582 -56.9956 -57.3735 -57.2886 -57.1734 -57.0646 -56.9459 -51.3396
-56.7195 -56.4993 -57.1561 -57.3455 -57.5558 -57.7676 -57.9710 -62.1615 -60.4286 -52.5584 -52.5986 -52.5758 -52.5303 -53.4225 -53.2610 -53.2011 -53.1386 -53.0648 -59.3110 -56.6574 -56.6670 -56.7579 -52.0776 -52.0981 -52.0691 -56.9774 -56.9510 -56.9196 -56.7264 -56.7530 -56.9467 -56.9959 -57.0336 -57.3678 -57.2717 -57.1840 -57.0862 -56.9807 -51.4592 -56.9098
-57.2539 -57.1530 -57.3061 -57.4721 -57.0306 -56.9901 -57.1310 -52.6531 -52.6300 -53.6958 -53.6294 -52.6263 -52.5758 -52.5196 -52.4026 -52.3698 -53.1752 -59.4642 -59.4461 -56.1071 -59.4365 -52.8846 -52.1127 -52.1626 -57.0023 -57.0184 -56.9869 -56.7543 -56.7820 -56.9809 -57.0144 -57.0680 -57.3644 -57.2757 -57.1961 -57.1077 -57.0152 -51.5769 -56.9574 -57.0884
-57.1627 -56.9185 -56.9098 -56.8813 -56.8232 -56.7287 -52.8490 -52.6963 -52.6765 -52.7263 -52.7077 -52.6727 -53.6132 -53.5259 -52.4495 -52.4368 -56.6997 -56.7009 -56.7469 -56.1302 -53.0133 -52.9638 -53.0019 -59.7540 -59.7603 -57.0600 -57.0191 -56.8079 -56.8395 -57.0456 -57.0989 -57.3444 -57.2807 -57.2087 -57.1292 -57.0459 -51.6921 -57.0023 -57.1354 -57.1967
-57.0455 -56.7965 -56.7653 -56.7095 -52.8046 -56.8108 0.0000 -53.8505 -52.7936 -52.7812 -52.7618 -52.7189 -52.6626 -52.5260 -59.4869 -59.5883 -59.5879 -56.8035 -56.7854 -52.3307 -52.2947 -53.0289 -59.8031 -59.8925 -59.9508 -59.8365 -59.6808 -59.2807 -57.0752 -57.0945 -57.3438 -57.2861 -57.2213 -57.1502 -57.0769 -51.8042 -57.0485 -57.1230 -57.2430 -57.2913
-56.7022 -56.6729 -56.6264 -52.8657 -56.9635 -52.8459 -52.8084 -53.8997 -53.9618 -53.9309 -52.8173 -52.7655 -52.7013 -56.6845 -56.7019 -56.7396 -56.8088 -53.2745 -52.1448 -52.3866 -56.7685 -56.7731 -57.0945 -57.1582 -59.9944 -59.8945 -59.4186 -59.4199 -59.7251 -60.0464 -59.9273 -57.2345 -57.1708 -57.1063 -51.9133 -57.0912 -57.1589 -57.2878 -57.3337 -57.3825
-56.5974 -52.9401 -52.9755 -56.9388 -52.8906 -52.8722 -52.7981 -52.8343 -52.9084 -53.9254 -53.9020 -53.8748 -60.2565 -56.7056 -56.7309 -56.8170 -52.5311 -52.4973 -51.5257 -56.7844 -59.6692 -60.2136 -57.1764 -57.2385 -57.2451 -57.1744 -56.9237 -59.4452 -60.0974 -60.0165 -59.8797 -59.7236 -59.5746 -52.0534 -57.1302 -57.1949 -57.2643 -57.3750 -57.4212 -57.4693
-52.9940 -56.6764 -56.9079 -52.9503 -52.9332 -52.9142 -52.8379 -52.9732 -52.9695 -52.9540 -57.1301 -57.0530 -59.6334 -59.8136 -59.8525 -52.6129 -52.5790 -52.5461 -56.7982 -56.8059 -56.8191 -57.1816 -60.2305 -60.3818 -60.2966 -56.9551 -56.9758 -57.3296 -57.2876 -57.2987 -59.7751 -59.6660 -52.7603 -59.6102 -59.6714 -59.7495 -57.4166 -57.4601 -57.5050 -57.4665
-56.6854 -53.0212 -53.0072 -52.9914 -52.9742 -52.9559 -52.8814 -53.0420 -53.0327 -57.1768 -61.7255 -57.0809 -56.7947 -52.7291 -52.6930 -53.5530 -53.5314 -56.0354 -56.8217 -56.8340 -56.8517 -57.2888 -57.3615 -57.3963 -57.3374 -59.6024 -59.8295 -60.1252 -57.2501 -57.2259 -57.1859 -52.2245 -59.6670 -59.7478 -59.8523 -60.0615 -60.0758 -60.0899 -59.9658 -57.4059
-53.0743 -53.0619 -53.0474 -53.0318 -53.0150 -52.9975 -53.1125 -57.1714 0.0000 0.0000 0.0000 -61.2687 -53.8115 -52.7645 -52.7387 -56.8157 -56.8185 -55.9707 -59.6120 -59.6245 -57.3109 -57.3933 0.0000 0.0000 -60.7133 -59.8766 -57.2943 -57.2584 -59.9082 -59.8356 -52.3223 -57.2280 -57.2854 -57.3554 -57.4106 -60.1618 -60.1939 -60.0910 -59.8876 -59.5430
-53.1136 -53.1009 -53.0872 -53.0723 -53.0565 -52.9770 0.0000 0.0000 0.0000 0.0000 0.0000 -53.9731 -53.8969 -53.8398 -59.8918 -59.7269 -56.8407 -56.8616 -56.8799 -56.8876 0.0000 0.0000 0.0000 0.0000 -60.3916 -60.0404 -60.2038 -59.9928 -57.2243 -57.2211 -59.8280 -59.9133 -60.0184 -57.4343 -57.5808 -57.6131 -57.5816 -57.4946 -59.6512 -59.5000
-53.1517 -53.1398 -53.1268 -53.1130 -53.0982 -57.6173 -57.8424 0.0000 0.0000 -62.8758 -54.0612 -54.0102 -53.9612 -60.2347 -60.0672 -59.9247 -56.0169 -59.7456 -56.9389 -58.3052 0.0000 -63.9443 -63.7701 -60.3888 -60.2428 -60.5005 -60.2912 -60.1086 -60.0268 -59.9847 -60.0113 -57.3942 -57.4548 -60.1791 -60.4245 -60.3313 -57.5377 -57.3855 -57.3380 -52.1568
-53.1899 -53.1788 -53.1669 -56.9909 -57.4339 -57.6221 -57.8410 0.0000 -61.2965 -54.1506 -54.0924 -54.0661 -60.1913 -60.2048 -60.1513 -60.0698 -56.0174 -59.9381 -62.4797 -62.2710 -56.8525 -57.1408 -60.2074 -60.1210 -59.9959 -60.3227 -60.2430 -60.2439 -60.2231 -60.2195 -60.2408 -60.2701 -60.2992 -57.6879 -57.6564 -57.5936 -59.9048 -59.7902 -52.2642 -52.2248
-53.2281 -53.2181 -56.9663 -57.2687 -57.5757 -57.1017 -57.0304 -56.8665 -53.0456 -54.1540 -60.1539 -60.1467 -60.2222 -60.1761 -60.1408 -60.1349 -60.1441 -62.4680 -62.1984 -56.7276 -56.1707 -59.9834 -59.8721 -57.0830 -57.0475 -60.1217 -60.1342 -60.2225 -60.2989 -60.3876 -60.4709 -60.4804 -60.7027 -60.6168 -60.3930 -60.0598 -57.4395 -52.3772 -52.9319 -59.2724
-53.2665 -56.9390 -57.1996 -57.1857 -56.9696 -56.8898 -53.1221 -53.1053 -53.0880 -56.7813 -56.8063 -59.8981 -60.0469 -60.0552 -60.0735 -61.3997 -62.2310 -62.0656 -61.7851 -56.1375 -60.0936 -60.0083 -59.9000 -59.7971 -53.6056 -60.0412 -57.3061 -60.1646 -60.3180 -60.4312 -60.5164 -60.5958 -60.7957 -60.6486 -60.2627 -60.1062 -53.1368 -53.0673 -59.6894 -57.1882
