-50.6134 -50.7197 -50.5180 -50.6003 -50.7297 -51.0994 -51.1799 -51.2962 -51.3909 -51.4813 -51.5541 -51.6270 -51.7143 -51.7936 -51.8787 -51.5909 -51.6917 -52.1531 -52.2358 -52.3324 -52.4051 -52.4889 -52.5953 -52.6743 -52.7524 -52.8226 -52.8984 -52.9735 -53.0314 -53.1050 -53.1568 -53.2305 -53.3036 -53.3761 -53.4480 -53.5193 -53.5863 -53.6555 -53.7245 -53.8364
-50.5880 -50.6852 -50.4999 -50.5881 -50.7108 -51.0751 -51.1564 -51.2715 -51.3661 -51.4566 -51.5306 -51.6036 -51.6907 -51.7703 -51.8556 -51.5749 -51.6597 -52.1344 -52.2132 -52.3060 -52.3919 -52.4646 -52.5644 -52.6510 -52.7293 -52.8065 -52.8759 -52.9506 -53.0121 -53.0821 -53.1343 -53.2080 -53.2813 -53.3540 -53.4262 -53.4978 -53.5651 -53.6356 -53.7049 -53.8158
-50.5691 -50.6584 -50.4702 -50.5678 -50.9565 -51.0487 -51.1309 -51.2451 -51.3396 -51.4304 -51.5057 -51.5792 -51.6664 -51.7463 -51.8319 -51.5581 -51.6358 -52.1015 -52.1938 -52.2824 -52.3686 -52.4504 -52.5384 -52.6184 -52.6973 -52.7812 -52.8578 -52.9268 -52.9889 -53.0628 -53.1117 -53.1857 -53.2591 -53.3321 -53.4045 -53.4764 -53.5697 -53.6147 -53.6848 -53.7956
-50.5159 -50.6141 -50.4261 -50.5163 -50.9070 -50.9990 -51.0824 -51.1961 -51.2907 -51.3819 -51.4588 -51.5331 -51.6208 -51.7014 -51.7873 -51.8725 -51.6183 -52.0767 -52.1603 -52.2618 -52.3397 -52.4253 -52.5222 -52.5913 -52.6709 -52.7494 -52.8331 -52.9092 -52.9660 -53.0404 -53.0937 -53.1643 -53.2382 -53.3116 -53.3844 -53.4566 -53.5500 -53.5959 -53.6665 -53.7772
-50.4848 -50.3163 -50.4081 -50.4923 -50.8690 -50.9760 -51.0536 -51.1665 -51.2612 -51.3526 -51.4306 -51.5054 -51.5933 -51.6743 -51.7608 -51.8463 -51.5811 -52.0311 -52.1146 -52.2078 -52.2997 -52.3779 -52.4624 -52.5580 -52.6272 -52.7066 -52.7850 -52.8683 -52.9267 -53.0015 -53.0756 -53.1300 -53.2002 -53.2927 -53.3656 -53.4380 -53.5311 -53.5775 -53.6483 -53.7585
-50.4541 -50.2914 -50.3837 -50.4751 -50.8409 -50.9398 -51.0332 -51.1394 -51.2344 -51.3263 -51.4056 -51.4812 -51.5694 -51.6504 -51.7367 -51.8222 -51.5636 -52.0070 -52.0907 -52.1833 -52.2666 -52.3541 -52.4349 -52.5344 -52.6128 -52.6814 -52.7603 -52.8381 -52.9093 -52.9791 -53.0535 -53.1083 -53.1824 -53.2523 -53.3255 -53.3982 -53.4704 -53.5385 -53.6096 -53.7192
-50.4262 -50.2687 -50.3614 -50.4531 -50.8204 -50.9134 -50.9994 -51.1198 -51.2085 -51.3002 -51.3801 -51.4557 -51.5440 -51.6253 -51.7118 -51.7975 -51.5455 -51.9826 -52.0665 -52.1591 -52.2422 -52.3253 -52.4112 -52.5068 -52.5895 -52.6674 -52.7356 -52.8140 -52.8801 -52.9626 -53.0320 -53.0873 -53.1616 -53.2354 -53.3085 -53.3778 -53.4502 -53.5185 -53.5898 -53.6988
-50.3993 -50.2469 -50.3398 -50.4317 -50.7939 -50.8929 -50.9734 -51.0849 -51.1878 -51.2734 -51.3542 -51.4304 -51.5189 -51.6006 -51.6874 -51.7733 -51.5277 -51.9585 -52.0426 -52.1353 -52.2186 -52.3012 -52.3831 -52.4835 -52.5665 -52.6446 -52.7221 -52.7898 -52.8567 -52.9337 -53.0157 -53.0663 -53.1408 -53.2148 -53.2881 -53.3609 -53.4299 -53.4984 -53.5699 -53.6783
-50.3736 -50.2259 -50.3189 -50.4107 -50.7676 -50.8661 -50.9530 -51.0586 -51.1535 -51.2473 -51.3285 -51.4055 -51.4941 -51.5761 -51.6629 -51.7490 -51.5097 -51.9344 -52.0187 -52.1116 -52.1950 -52.2778 -52.3594 -52.4554 -52.5395 -52.6220 -52.6997 -52.7768 -52.8331 -52.9108 -52.9863 -53.0507 -53.1203 -53.1945 -53.2681 -53.3411 -53.4135 -53.4787 -53.5503 -53.6214
-50.3431 -50.2039 -50.2968 -50.3889 -50.7411 -50.8397 -50.9272 -51.0379 -51.1279 -51.2205 -51.3039 -51.3818 -51.4707 -51.5530 -51.6401 -51.7264 -51.4930 -51.9116 -51.9961 -52.0888 -52.1724 -52.2552 -52.3369 -52.4321 -52.5120 -52.5955 -52.6775 -52.7547 -52.8206 -52.8875 -52.9648 -53.0217 -53.1049 -53.1741 -53.2479 -53.3211 -53.3937 -53.4624 -53.5307 -53.6019
-50.3158 -50.1779 -50.2745 -50.3668 -50.7144 -50.8130 -50.9010 -51.0115 -51.1069 -51.1949 -51.2772 -51.3564 -51.4468 -51.5296 -51.6169 -51.7035 -51.4762 -51.8890 -51.9738 -52.0666 -52.1504 -52.2336 -52.3155 -52.4107 -52.4904 -52.5698 -52.6529 -52.7343 -52.8004 -52.8766 -52.9431 -53.0020 -53.0773 -53.1600 -53.2288 -53.3021 -53.3750 -53.4440 -53.5157 -53.5836
-50.3154 -50.1806 -50.2741 -50.3695 -50.7137 -50.8122 -50.9004 -51.0105 -51.1059 -51.1989 -51.2768 -51.3563 -51.4459 -51.5301 -51.6175 -51.7041 -51.4808 -51.8894 -51.9741 -52.0667 -52.1505 -52.2336 -52.3156 -52.4106 -52.4902 -52.5691 -52.6479 -52.7302 -52.8005 -52.8766 -52.9522 -53.0004 -53.0773 -53.1520 -53.2341 -53.3023 -53.3750 -53.4661 -53.5156 -53.5866
-58.4245 -57.1552 -57.1853 -57.2224 -58.6329 -58.7091 -58.7351 -58.8991 -58.9828 -59.0601 -59.0823 -59.0683 -59.1429 -59.1876 -59.2687 -59.3422 -57.8887 -59.5721 -59.6476 -59.7730 -59.8513 -59.9295 -60.0048 -60.1601 -60.2295 -60.2978 -60.3650 -60.4349 -60.4927 -60.5582 -60.6230 -60.5866 -60.6036 -60.6825 -60.7517 -60.8370 -60.9037 -61.0763 -61.0180 -61.0833
-59.1423 -57.6429 -57.6302 -57.6303 -59.1337 -59.1728 -59.1631 -59.3045 -59.3632 -59.4178 -59.4159 -59.4091 -59.4401 -59.4670 -59.5293 -59.5982 -58.0770 -59.8090 -59.8730 -59.9905 -60.0598 -60.1297 -60.1971 -60.3476 -60.4101 -60.4719 -60.5338 -60.5948 -60.5972 -60.7114 -60.7713 -60.7271 -60.7917 -60.8024 -60.8773 -60.9425 -61.0241 -61.0873 -61.1316 -61.1940
-59.8347 -58.1038 -58.0560 -58.0255 -59.6126 -59.6407 -59.5969 -59.7189 -59.7529 -59.7861 -59.7608 -59.7311 -59.7750 -59.7576 -59.8056 -59.8567 -58.2718 -60.0587 -60.1142 -60.2249 -60.2855 -60.3472 -60.4070 -60.5531 -60.6087 -60.6641 -60.7197 -60.7749 -60.7682 -60.8259 -60.9366 -60.9053 -60.8652 -60.8756 -60.9404 -61.0155 -61.0807 -61.1623 -61.2068 -61.2689
-60.4847 -58.5280 -58.4535 -58.3940 -60.0943 -60.0715 -60.0199 -60.1247 -60.1365 -60.1487 -60.1016 -60.0557 -60.0845 -60.0805 -59.4536 -59.5273 -58.0705 -59.7644 -59.8378 -59.9609 -60.0365 -60.1118 -60.1842 -60.3368 -60.4039 -60.4700 -60.5358 -60.6002 -60.6038 -60.6696 -60.7336 -60.8490 -60.8118 -60.8772 -60.8887 -60.9541 -61.0295 -61.0951 -61.1590 -61.2221
-58.3732 -57.2069 -57.2606 -57.3151 -58.6756 -58.7623 -58.8015 -58.9795 -59.0670 -59.1476 -59.1748 -59.1993 -59.2768 -59.3235 -59.4004 -59.4525 -58.0357 -59.6829 -59.7665 -59.8894 -59.9662 -60.0428 -60.1164 -60.1890 -60.3361 -60.4039 -60.4712 -60.5371 -60.5438 -60.6086 -60.6751 -60.7397 -60.7583 -60.8244 -60.8905 -60.9031 -60.9690 -61.0449 -61.0935 -61.1753
-57.8670 -56.8447 -56.9099 -56.9751 -58.2171 -58.6603 -58.7045 -58.8637 -58.9694 -59.0521 -59.0829 -59.1116 -59.1917 -59.2412 -59.3198 -59.3982 -57.9990 -59.6074 -59.6855 -59.8170 -59.8951 -59.9731 -60.0481 -60.1220 -60.2684 -60.3376 -60.4063 -60.4739 -60.4836 -60.5497 -60.6151 -60.6823 -60.6541 -60.7719 -60.8386 -60.9053 -60.9191 -60.9854 -61.0446 -61.1109
-57.8840 -56.8803 -56.9544 -57.0275 -58.2777 -58.3808 -58.4419 -58.6069 -58.7097 -58.8172 -58.8615 -58.9555 -58.9926 -59.0528 -59.1395 -59.2255 -57.9126 -59.5316 -59.6114 -59.7360 -59.8240 -59.9033 -59.9797 -60.0551 -60.2008 -60.2715 -60.3417 -60.4108 -60.4790 -60.4911 -60.5578 -60.6239 -60.6002 -60.6699 -60.7873 -60.8547 -60.9219 -60.9367 -60.9869 -61.0632
-57.7644 -56.8022 -56.8793 -56.9552 -58.1694 -58.2744 -58.3394 -58.5023 -58.6077 -58.7034 -58.7642 -58.8595 -58.9011 -58.9636 -59.0523 -59.1400 -57.8670 -59.3852 -59.4514 -59.5798 -59.6668 -59.7597 -59.8414 -59.9220 -60.0697 -60.1454 -60.2203 -60.2940 -60.3667 -60.4333 -60.5013 -60.5686 -60.5457 -60.6175 -60.6877 -60.8049 -60.8729 -60.9406 -60.9402 -61.0072
-57.6920 -56.7323 -56.8119 -56.8902 -58.0714 -58.1776 -58.2459 -58.4068 -58.5134 -58.6114 -58.6626 -58.7712 -58.8166 -58.8812 -58.9710 -59.0604 -57.8247 -57.9374 -59.3948 -59.5042 -59.5923 -59.6800 -59.7707 -59.8526 -59.9995 -60.0766 -60.1530 -60.2278 -60.3018 -60.3233 -60.3954 -60.4665 -60.4499 -60.5227 -60.5972 -60.6700 -60.7887 -60.8591 -60.9292 -60.9321
-57.6192 -56.6841 -56.7640 -56.8427 -57.9950 -58.1009 -58.1706 -58.3286 -58.4350 -58.5343 -58.5873 -58.6851 -58.7442 -58.8100 -58.9004 -58.9903 -57.7884 -57.9011 -59.3256 -59.4551 -59.5255 -59.6139 -59.6992 -59.7897 -59.9359 -60.0140 -60.0915 -60.1674 -60.2425 -60.2662 -60.3395 -60.4118 -60.3978 -60.4714 -60.5445 -60.6191 -60.6922 -60.8104 -60.8810 -60.9357
-50.1051 -50.0115 -50.1010 -56.8365 -57.9668 -58.0680 -58.1348 -58.2871 -58.3902 -58.4878 -58.5398 -58.6353 -58.6952 -58.7604 -58.8497 -58.9388 -57.7636 -57.8760 -59.2714 -59.3996 -59.4896 -59.5601 -59.6455 -59.7301 -59.8826 -59.9613 -60.0391 -60.1158 -60.1914 -60.2169 -60.2908 -60.3639 -60.3523 -60.4264 -60.4999 -60.5728 -60.6475 -60.7204 -60.8381 -60.8933
-50.0944 -50.0035 -50.0984 -50.1869 -50.4864 -50.5847 -50.6761 -50.7814 -50.8773 -50.9716 -51.0570 -51.1492 -51.2327 -58.7502 -58.8354 -58.9209 -57.7618 -57.8716 -59.2440 -59.3693 -59.4574 -59.5453 -59.6120 -59.6954 -66.2520 -59.9341 -60.0018 -60.0780 -60.1534 -60.1799 -60.2536 -60.3266 -60.3988 -60.3907 -60.4642 -60.5372 -60.6095 -60.6839 -60.7562 -60.8582
-50.0861 -49.9981 -50.0932 -50.1873 -50.4778 -50.5758 -50.6670 -62.7130 -60.7737 -50.9616 -51.0470 -51.1390 -51.2227 -51.3083 -51.3992 -51.4874 -51.3252 -51.4174 -51.7597 -51.8523 -51.9375 -52.0221 -52.1045 0.0000 0.0000 -66.3400 -66.1708 -64.4961 -63.7203 -63.2143 -62.9846 -62.5571 -62.4944 -62.3375 -62.3310 -62.3382 -62.3555 -62.3801 -60.7371 -60.7943
-50.0744 -49.9904 -50.0862 -50.1810 -50.4693 -50.5673 0.0000 0.0000 0.0000 -61.7079 -60.9150 -60.4643 -60.1114 -59.8833 -59.7528 -59.6794 -58.2499 -58.2715 -51.7507 -51.8429 -51.9283 -52.0128 0.0000 0.0000 0.0000 0.0000 -66.4299 -66.2957 -65.2890 -64.5074 -64.0877 -63.8007 -63.6000 -63.3037 -63.2137 -62.7888 -62.7575 -62.5301 -62.5535 -62.5618
-50.0600 -49.9796 -50.0757 -50.1707 -50.4619 -50.5545 -50.6845 0.0000 -65.1347 -62.4163 0.0000 0.0000 0.0000 -68.3180 -64.7169 -60.3502 -58.7107 -58.6638 -60.1933 -60.2033 -60.1858 -60.1816 0.0000 0.0000 0.0000 -71.0562 -68.0264 -66.5396 -66.3950 -65.5218 -65.0156 -62.6768 -62.6698 -62.5352 -62.5408 -62.5515 -62.5668 -62.5860 -62.6085 -62.6142
-50.0547 -49.9750 -50.0701 -50.1633 -50.4499 -50.5468 -50.6597 -50.7670 -50.8663 -50.9416 0.0000 0.0000 0.0000 0.0000 -66.5398 -64.8255 -60.9292 -60.6163 -60.7158 -60.6952 -60.6458 -60.6128 -60.7922 -60.8886 -72.5761 -68.7992 -62.5775 -62.5199 -62.4168 -62.3377 -62.3423 -62.3526 -62.3676 -62.2677 -62.2956 -62.3264 -62.3595 -62.3912 -62.4220 -62.3174
-50.0537 -49.9761 -50.0713 -50.1652 -50.4495 -50.5461 -50.6601 -50.7527 -50.8532 -50.9326 -51.0466 0.0000 0.0000 0.0000 -67.2463 -66.0413 -61.4716 -61.1605 -63.9834 -62.2959 -62.1223 -61.0371 -61.1758 -61.1776 -61.2094 -61.2012 -62.1044 -62.0937 -62.0839 -61.9672 -61.9929 -62.0222 -62.0544 -61.9790 -62.0206 -62.0639 -62.1088 -62.1547 -62.2016 -62.1198
-50.0405 -49.9717 -50.0684 -50.1640 -50.4474 -50.5452 -50.6582 -50.7564 -50.8390 -50.9278 -51.0373 -51.1361 0.0000 0.0000 -67.5571 -66.2913 -59.7222 -59.5198 -61.3403 -61.3423 -61.3125 -61.3076 -61.4891 -61.5528 -61.5101 -61.5154 -61.3910 -61.3789 -61.3573 -61.2791 -61.6387 -61.6879 -61.7381 -61.6869 -61.7425 -61.7987 -61.8555 -61.9125 -61.9697 -62.0270
-58.0214 -56.9799 -56.9917 -50.1573 -50.4386 -50.5366 -50.6491 -50.7482 -50.8330 -50.9166 -51.0313 -51.1288 -51.2288 -60.1870 -59.9496 -60.0240 -58.6648 -58.6793 -60.2734 -60.4017 -60.4966 -60.5814 -60.7963 -60.9139 -61.0094 -61.0799 -61.0528 -61.1473 -61.2195 -61.2180 -61.2712 -61.2877 -61.3513 -61.3212 -61.4635 -61.5327 -61.6014 -61.6696 -61.7371 -61.8039
-58.7867 -57.5623 -57.4796 -57.4251 -58.4446 -58.4298 -58.5221 -58.5622 -58.5896 -50.9084 -51.0116 -51.1177 -51.2130 -51.3076 -51.3603 -51.4481 -51.5351 -51.3896 -51.7090 -51.8492 -59.6992 -59.8723 -60.1277 -60.2961 -60.4401 -60.5594 -60.5847 -60.6927 -60.8487 -60.8982 -60.9642 -60.9962 -61.0759 -61.0671 -61.1458 -61.2231 -61.2991 -61.3738 -61.5055 -61.5818
-59.5238 -58.0983 -57.9465 -57.8836 -58.9765 -58.9203 -58.9752 -58.9660 -58.9374 -58.8760 -58.8578 -59.0067 -59.0647 -59.1122 -58.9883 -51.4411 -51.5282 -51.3860 -51.7101 -51.7940 -51.8795 -51.9658 -52.0652 -52.1524 -52.2366 -52.3672 -60.1722 -60.2928 -60.4136 0.0000 0.0000 0.0000 0.0000 0.0000 -66.2189 -65.0114 -64.4180 -64.1019 -63.9211 -63.8145
-58.9819 -57.9093 -57.9887 -58.0235 -59.3554 -59.4086 -59.4440 -59.4060 -59.3501 -59.3107 -59.2486 -59.2913 -59.3499 -59.3597 -59.1995 -59.2326 -59.2750 -58.1283 -59.4202 -59.5104 -51.8724 -51.9573 -52.0573 -52.1441 0.0000 0.0000 0.0000 -66.2550 0.0000 0.0000 0.0000 0.0000 0.0000 0.0000 -68.8399 -66.9304 -66.0007 -65.1657 -64.8437 -64.6220
-58.1543 -57.3617 -57.4964 -57.6326 -58.8509 -58.9857 -59.2046 -59.3405 -59.4382 -59.5356 -59.5878 -59.6365 -59.6287 -59.6622 -59.4847 -59.5005 -59.5213 -58.3192 -59.6338 -59.6976 -59.7317 -59.7310 -59.8642 -59.9462 0.0000 0.0000 0.0000 -68.3462 0.0000 0.0000 0.0000 0.0000 0.0000 0.0000 -68.0655 -67.8328 -66.7143 -66.1477 -65.7664 -65.5055
-50.0378 -49.9723 -57.0360 -57.1886 -58.3309 -58.5080 -58.7581 -58.9309 -59.0636 -59.2122 -59.2634 -59.4625 -59.5347 -59.6385 -59.6133 -59.7215 -59.7891 -58.5236 -59.8871 -59.9403 -59.9612 -59.9866 -60.0572 -60.1119 -60.2303 -60.3668 -60.4062 -60.3274 -61.4549 -61.5599 -61.6594 0.0000 -73.7642 -69.5898 -68.3677 -66.3794 -65.6570 -65.1718 -64.9615 -64.8188
-50.0400 -49.9801 -50.0763 -50.1694 -50.4349 -50.5281 -50.6396 -58.5451 -58.6936 -58.8647 -58.9747 -59.1087 -59.2834 -59.3617 -59.3608 -59.4796 -59.5952 -58.4656 -59.8817 -60.0246 -60.1244 -60.2190 -60.3245 -60.3196 -60.4126 -60.4646 -60.5559 -60.4856 -60.6429 -60.7091 -60.7656 -60.8114 -60.8305 -61.6533 -61.6595 -61.5479 -61.6140 -61.6257 -61.7008 -61.7763
-50.0376 -49.9795 -50.0757 -50.1709 -50.4365 -50.5341 -50.6373 -50.7411 -50.8325 -50.9272 -51.0109 -58.8476 -59.0134 -59.1407 -59.0889 -59.2517 -59.3743 -58.3168 -59.6722 -59.8229 -59.9329 -60.0379 -60.1624 -60.3372 -60.4054 -60.5580 -60.6925 -60.6611 -60.8053 -60.8682 -60.9181 -60.9560 -60.9614 -60.9729 -60.9642 -60.8523 -60.8911 -60.9304 -61.5483 -61.6310
-50.0385 -49.9810 -50.0760 -50.1706 -50.4341 -50.5317 -50.6323 -50.7394 -50.8330 -50.9301 -51.0157 -51.1059 -51.2000 -51.2869 -51.3504 -51.4301 -59.1877 -58.1846 -59.4846 -59.6354 -59.7526 -59.8632 -59.9912 -60.1650 -60.2349 -60.3841 -60.4744 -60.5384 -60.7400 -60.8679 -60.9801 -61.0552 -61.1127 -61.1202 -61.1135 -60.9963 -61.0296 -61.0630 -61.0972 -61.0928
-50.0451 -49.9855 -50.0805 -50.1745 -50.4349 -50.5311 -50.6303 -50.7320 -50.8299 -50.9274 -51.0128 -51.1042 -51.1999 -51.2890 -51.3553 -51.4367 -51.5217 -51.4029 -51.7066 -51.7959 -59.6145 -59.7225 -59.8455 -60.0130 -60.1280 -60.2255 -60.3198 -60.3391 -60.5784 -60.7070 -60.8112 -60.9014 -60.9824 -61.0522 -61.1082 -61.0434 -61.1296 -61.2085 -61.2404 -61.2715
