-63.9628 -63.4915 -62.7669 -60.3635 -59.6673 -59.6533 -59.6525 -61.7694 -62.9214 -63.6824 -63.6432 -63.3565 -63.0235 -62.6091 -60.3584 -60.3861 -62.5107 -62.3589 -62.2172 -60.2103 -59.8177 -59.7213 -59.5749 -59.5511 -59.4626 -61.3465 -61.5174 -61.7409 -61.5221 -61.3037 -61.0870 -58.9493 -58.8483 -58.7646 -58.6937 -62.4568 -59.2731 -59.6059 -59.1945 -58.7292
-64.2638 -63.6575 -62.9027 -60.2057 -60.2777 -59.5204 -59.7750 -62.0853 -62.8980 -63.7401 -63.8328 -63.4950 -63.0402 -62.5629 -60.2332 -60.2598 -62.4163 -62.2631 -61.6877 -61.5996 -59.7736 -59.6756 -59.5260 -59.4415 -59.4109 -61.5381 -61.6717 -61.6715 -61.4479 -61.2249 -61.0037 -58.8547 -58.7525 -58.6682 -56.6914 -58.8632 -59.3828 -59.7203 -59.9551 -59.1715
-64.4778 -63.8496 -63.0683 -62.1542 -60.1106 -59.7003 -59.7842 -59.8664 -62.8355 -63.7862 -64.4593 -63.5139 -63.0361 -62.5350 -60.1011 -60.1262 -60.1487 -61.7463 -61.6623 -61.5703 -59.7291 -59.6305 -59.4774 -59.3903 -59.5505 -61.3772 -61.5118 -61.5985 -61.3705 -61.1433 -60.9183 -60.6882 -58.6582 -56.6506 -56.6301 -58.9783 -59.5454 -59.8643 -60.0681 0.0000
-64.7131 -64.0683 -63.2715 -62.3126 -60.4025 -59.7363 -59.7797 -59.8382 -62.7276 -63.7040 -64.3802 -63.5293 -63.0291 -62.5245 -59.9610 -59.7133 -59.7704 -61.6941 -61.6386 -61.5424 -59.7056 -59.5938 -59.6696 -59.5310 -59.4614 -59.3339 -61.3440 -61.4817 -61.2896 -61.0594 -60.8335 -57.7731 -56.6188 -56.5907 -56.5684 -59.2003 -59.7725 -60.0296 0.0000 0.0000
-64.9782 -64.3151 -63.5280 -63.9323 -60.4697 -60.6148 -59.7526 -59.7665 -62.3943 -63.5449 -64.2905 -64.9440 -63.0138 -61.9819 -61.5746 -59.6315 -59.6891 -61.6096 -61.6128 -61.5174 -61.8535 -59.8067 -59.5817 -59.4396 -59.3674 -59.2377 -61.1675 -61.3083 -61.2067 -57.8899 -57.8169 -57.7336 -56.5604 -56.5308 -56.5063 -59.6660 -66.4389 0.0000 0.0000 -50.8813
-65.2957 -66.9901 -66.0579 -64.7400 -60.3678 -60.5155 -59.6682 -59.6459 -61.9389 -63.3501 -64.1817 -64.8884 -62.4686 -62.0725 -61.6155 -59.5488 -59.6066 -61.5182 -62.1127 -61.9771 -61.8115 -59.7175 -59.4910 -59.3419 -59.2682 -59.1359 -60.9692 -61.1324 -57.9286 -57.8587 -57.7822 -57.6953 -56.5018 -56.4702 -58.2962 0.0000 0.0000 0.0000 -61.3977 -50.7968
0.0000 0.0000 -67.5834 -66.1563 -63.8864 -60.4174 -59.5539 -59.5085 -59.4743 -63.0969 -63.3399 -64.1644 -64.2934 -62.1864 -61.7114 -59.4647 -59.5233 -61.9876 -62.1189 -61.9199 -61.7089 -59.6416 -59.4615 -59.2363 -59.1606 -59.0290 -57.6839 -57.8117 -57.9017 -57.8289 -57.7447 -57.6577 -56.4481 -58.3005 -58.2418 0.0000 0.0000 0.0000 -63.6110 -50.7120
0.0000 0.0000 0.0000 0.0000 -66.0395 -60.2766 -60.3363 -59.3316 -58.9859 -62.3244 -63.5207 -64.4523 -64.6616 -62.3313 -61.8187 -59.7367 -59.8275 -61.9014 -62.0160 -61.8110 -61.5894 -59.5762 -59.3482 -59.1215 -56.6841 -56.6500 -56.6136 -57.7361 -57.8577 -57.8007 -57.7126 -60.4745 -58.3310 -58.2522 -58.1867 -58.1263 0.0000 0.0000 0.0000 -50.6250
-59.1843 -59.0464 0.0000 0.0000 0.0000 -60.1443 -60.0677 -58.8537 -58.9010 -62.2712 -63.8080 -64.8708 -65.1314 -66.2728 -62.8814 -62.0936 -59.7469 -59.7399 -61.8159 -61.6771 -61.4452 -61.2236 -59.2254 -56.6346 -56.6361 -56.6007 -56.5667 -57.6583 -57.7835 -60.9145 -60.7062 -60.4934 -60.2670 -58.1917 -58.0515 -56.2304 0.0000 0.0000 0.0000 -50.5371
-59.1866 -59.0267 -58.9431 -59.0364 0.0000 -59.3295 -59.4921 -58.7764 -58.8155 -58.8582 -64.3392 0.0000 -69.4685 -67.8485 -63.2338 -62.2850 -59.6105 -59.5855 -61.5778 -61.5053 -61.2676 -57.6376 -56.6772 -56.5876 -56.5880 -56.5515 -56.5169 -60.6420 -60.9053 -60.9724 -60.7441 -60.4948 -60.1270 -56.2260 -56.2109 -57.9067 0.0000 0.0000 0.0000 -50.3978
-59.1979 -59.0238 -58.8869 -58.9175 -59.0790 -59.2165 -59.3809 -59.5633 -58.7295 -58.7699 -65.3518 0.0000 0.0000 0.0000 -67.8362 -62.3521 -59.4508 -59.3942 -61.2808 -57.6688 -57.6402 -57.6081 -56.6730 -56.5497 -56.5399 -56.5021 -58.7193 -60.5887 -60.8535 -61.0092 -60.7393 -57.5247 -57.4105 -57.9766 -57.8973 -57.8311 -50.3776 -50.3546 -50.3289 -50.3074
-59.2173 -59.0328 -58.8628 -58.8100 -58.9488 -59.1378 -59.2662 -59.4532 -58.6375 -58.6740 -58.7725 0.0000 0.0000 0.0000 0.0000 -62.4282 -59.2296 -59.1359 -57.5158 -57.6411 -57.6117 -57.5785 -57.5307 -56.5071 -58.8056 -58.7923 -58.7132 -58.6079 -60.7327 -57.6889 -57.6061 -60.3263 -60.0582 -57.9076 -57.8262 -57.7569 -57.7039 -50.2659 -50.2400 -50.2171
-59.2449 -59.0515 -58.8611 -51.4323 -58.8078 -59.0054 -59.1472 -59.3286 -58.5421 -58.5731 -58.6144 -65.2540 0.0000 0.0000 -62.7356 -62.5789 -56.4067 -56.4662 -57.4466 -57.5784 -57.5836 -57.5492 -60.9073 -58.9090 -58.8148 -58.7709 -58.6574 -56.3229 -57.4646 -60.6890 -60.5912 -60.3223 -60.0427 -57.8491 -57.7528 -57.6747 -57.6211 -50.1758 -50.1491 -50.1257
-59.2797 -59.0790 -58.8748 -58.6951 -58.6798 -58.8601 -59.0151 -59.2012 -59.3852 -58.4766 -58.5111 0.0000 0.0000 -59.1151 -57.7393 -58.0759 -57.5633 -56.3992 -56.4514 -57.5124 -57.5718 -61.1386 -61.0458 -58.9580 -58.7674 -58.6006 -56.3164 -58.3860 -60.3036 -60.5666 -60.6107 -60.3287 -60.0309 -57.7741 -57.6717 -57.5870 -57.5261 -50.0844 -50.0577 -50.0322
-59.3226 -59.1152 -58.9004 -58.6915 -58.5681 -58.7061 -58.8782 -59.0732 -59.2559 -58.3647 -58.4010 -56.0390 -56.0715 -56.1185 -57.6932 -58.3290 -57.8318 -56.3309 -56.3832 -61.1696 -61.4039 -61.3109 -60.9741 -60.7904 -56.3323 -56.3253 -58.4385 -58.3332 -60.1769 -60.4531 -60.6392 -60.3305 -60.0099 -57.6928 -57.5834 -57.4957 -57.4321 -49.9908 -49.6342 -49.6158
-59.3738 -59.1604 -58.9371 -58.6994 -58.4947 -58.5577 -58.7789 -58.9199 -59.1111 -58.2580 -55.9151 -55.9574 -56.0017 -56.0485 -56.0973 -58.6321 -58.3204 -59.0321 -59.0975 -61.3327 -61.6010 -61.1034 -57.4188 -57.3635 -58.5466 -58.4938 -58.3921 -58.2845 -58.1762 -60.3229 -60.6034 -60.3267 -59.9830 -59.6296 -57.4961 -57.4064 -55.7339 -49.5673 -49.8723 -49.8476
-59.4380 -59.2099 -58.9670 -58.7324 -58.4785 -58.3953 -58.5994 -58.7714 -56.2399 -56.3760 -55.8453 -55.8868 -55.9308 -55.9775 -56.0262 0.0000 -69.8072 -59.0148 -59.0618 -60.8692 -57.4606 -57.4419 -60.7206 -60.5652 -58.5689 -58.4672 -58.3486 -58.2311 -58.1118 -60.1698 -60.4546 -60.3223 -59.9641 -59.5945 -55.7380 -55.6934 -57.2436 -49.8063 -49.7799 -49.7546
-59.4915 -59.2555 -59.0179 -58.7481 -58.4721 -50.9627 -55.9023 -56.0202 -56.1532 -56.2941 -55.7745 -55.8152 -55.8588 -55.9051 -55.9539 0.0000 0.0000 -58.9478 -58.5578 -57.2215 -60.8435 -60.8601 -60.7211 -60.5634 -59.0334 -58.4228 -58.2921 -58.1660 -58.0380 -59.9981 -60.2995 -60.3329 -57.2337 -57.0482 -57.3213 -57.2286 -57.1581 -49.7132 -49.6867 -49.6608
-59.5680 -59.3165 -59.0526 -58.7699 -58.4922 -55.7528 -55.7825 -55.9520 -56.0623 -56.2090 -55.7028 -55.7425 -55.7856 -55.8318 -55.8811 -55.9325 -55.9860 -56.0409 -58.4499 -58.5273 -60.7435 -60.8684 -60.7303 -60.5616 -58.9380 -58.3634 -58.2242 -58.0932 -57.9633 -59.8088 -57.2618 -57.4025 -59.9592 -59.5538 -57.2437 -57.1521 -57.0732 -49.6192 -49.6134 -49.5856
-59.6163 -59.3658 -59.1036 -56.0217 -55.8904 -55.7515 -55.6844 -55.8387 -55.9698 -56.1201 -56.2731 -55.6690 -55.7119 -55.7582 -55.8075 -55.8590 -55.9245 -58.2712 -58.3592 -58.4403 -60.6432 -60.8807 -60.7212 -60.5334 -58.8248 -58.3588 -58.1543 -58.0227 -55.9206 -55.8438 -59.9736 -60.3308 -59.9954 -59.5643 -57.1760 -57.0719 -57.1115 -49.5454 -49.5269 -49.4806
-59.6782 -56.2885 -56.1707 -56.0473 -55.9119 -55.7631 -55.6259 -55.7195 -55.8699 -56.0270 -56.1875 -55.5953 -55.6376 -55.6837 -55.7326 -58.0351 -58.1068 -58.1823 -58.2607 -58.3535 -60.5175 -60.8590 -60.6841 -60.4877 -58.7063 -61.2497 -56.0202 -55.9280 -57.8147 -57.6874 -59.8190 -60.2012 -60.0523 -59.5912 -57.2353 -57.1163 -57.0186 -49.4392 -49.4113 -49.3833
-55.6230 -56.3056 -56.2035 -56.0798 -55.9420 -55.7900 -55.6198 -55.5984 -55.8065 -55.9327 -56.0988 -55.5209 -55.5623 -57.8130 -57.8761 -57.9451 -58.0182 -58.0938 -58.1639 -58.2440 -60.3490 -60.7604 -60.6409 -60.4480 -58.5956 -56.3610 -58.0277 -57.8904 -57.7575 -57.6281 -59.6556 -60.0656 -60.4308 -59.8860 -59.3138 -56.9735 -56.8739 -49.3409 -49.3301 -49.3008
-55.5960 -56.2846 -56.2430 -56.1199 -55.9806 -55.8240 -55.6448 -49.9435 -55.6781 -55.8306 -56.0056 -58.9136 -57.6652 -57.7232 -57.7871 -57.8557 -57.9225 -57.9862 -58.0426 -58.1155 -60.1590 -60.6086 -60.5832 -57.1935 -60.2015 -58.5673 -58.0195 -57.8379 -57.7024 -57.5704 -59.7303 -60.2079 -60.5324 -59.9467 -59.2292 -56.8845 -56.8878 -56.8197 -49.2305 -49.2006
-55.5733 -55.5133 -56.2247 -56.1675 -56.0285 -55.8697 -55.6819 -55.4744 -55.5407 -58.1644 -58.4716 -58.8007 -57.5782 -57.6346 -57.6937 -57.7485 -57.7991 -57.8551 -57.9124 -57.9873 -59.9399 -57.1553 -60.5707 -60.3965 -60.1941 -58.4694 -59.8290 -57.7959 -57.8258 -57.6849 -57.5394 -60.0268 -60.3903 -59.9173 -59.4805 -56.9103 -56.7950 -56.7153 -49.1292 -49.0808
-55.5536 -55.4870 -56.2477 -56.1542 -56.0872 -55.9279 -55.7347 -55.5201 -57.6746 -58.0104 -58.3424 -58.6844 -57.4903 -57.5304 -57.5709 -57.6160 -57.6659 -57.7236 -57.7847 -55.7007 -57.9299 -60.3031 -60.5736 -60.4025 -60.2061 -58.3716 -60.1189 -57.9328 -57.7757 -57.6208 -57.3927 -59.7028 -60.3794 -60.3183 -59.5483 -56.8163 -56.6993 -56.4945 -49.0085 -48.9800
-55.5366 -55.4659 -55.3943 -56.1897 -56.0832 -55.9994 -58.4673 -58.0326 -57.5907 -57.9132 -58.1967 -58.5429 -58.8947 -57.3983 -57.4359 -57.4817 -57.5345 -55.5012 -57.6540 -57.7300 -57.8217 -60.1596 -60.5851 -60.4264 -60.5592 -58.4904 -60.1181 -57.9296 -57.6234 -57.4717 -57.3975 -59.6739 -60.3720 -60.5047 -59.6536 -56.5924 -56.4856 -56.4024 -48.9076 -48.8920
-55.5230 -55.4493 -55.3703 -56.2318 -59.2085 -58.9445 -58.6930 -58.2287 -57.6998 -57.6649 -58.0012 -58.3590 -58.7212 -57.2633 -57.3026 -55.3073 -55.3613 -57.4717 -57.5431 -57.6210 -57.7140 -60.0102 -60.9951 -60.8154 -60.5869 -58.3895 -60.1092 -59.7131 -57.5696 -57.4831 -57.3606 -59.4917 -59.8444 -60.4133 -59.5617 -56.5215 -56.5036 -56.3893 -48.8179 -48.7870
-55.5122 -55.4363 -57.8364 -57.6889 -59.3994 -59.1282 -58.9685 -58.4696 -57.8796 -57.3918 -57.7726 -58.1520 -58.5430 -55.1282 -55.1739 -57.2260 -57.2902 -57.3603 -57.4328 -57.7047 -57.8042 -60.1553 -61.0370 -60.8577 -60.6012 -58.1596 -59.9146 -59.8199 -57.5855 -57.4525 -57.1471 -56.9985 -59.6768 -60.4272 -60.0651 -58.8582 -56.4053 -56.2844 -48.7120 -48.6809
-58.1190 -58.0502 -57.8799 -57.7147 -59.6203 -59.3347 -58.9874 -58.7119 -58.1042 -57.3724 -57.6481 -55.5708 -55.8425 -57.0090 -57.0566 -57.1137 -57.1783 -57.4360 -57.5139 -57.5982 -57.6860 -59.9311 -60.9710 -60.6689 -60.4104 -58.1492 -60.0517 -59.5775 -57.4494 -57.2425 -57.0904 -57.0846 -59.7225 -60.6025 -60.4804 -59.0590 -56.3054 -56.1815 -48.6053 -48.5726
-58.0051 -58.1172 -57.9355 -57.7540 -59.8253 -59.4882 -59.1239 -58.7358 -58.4096 -55.3222 -55.1567 -57.7212 -58.2025 -58.6902 -56.9455 -57.1827 -57.2531 -57.3255 -57.4051 -57.4890 -57.5672 -57.5533 -60.6417 -60.9085 -60.6236 -57.8642 -59.8146 -59.5769 -59.3392 -57.3692 -57.1876 -57.0087 -59.4568 -60.4969 -61.1426 -59.5093 -56.2065 -56.0652 -48.4957 -48.4636
-57.8881 -58.0880 -57.9743 -57.7370 -57.5136 -59.6439 -59.2875 -56.0050 -55.8394 -57.9664 -49.6444 -57.5042 -58.0256 -58.8345 -57.0190 -57.0754 -57.1436 -57.2150 -57.2855 -57.3536 -57.3253 -57.5367 -60.7649 -60.5979 -60.3694 -60.0874 -58.1517 -59.8458 -59.6462 -57.3117 -57.1178 -56.9364 -59.1383 -60.4111 -61.5837 -60.2790 -56.1059 -55.9462 -48.4040 -48.3760
-57.7461 -57.8879 -57.9501 -57.7093 -57.4765 -59.7958 -56.2550 -59.1313 -58.8195 -58.5005 -57.3832 -57.7682 -58.0744 -58.7176 -56.9130 -56.9656 -57.0253 -57.0764 -57.0455 -57.1149 -57.1425 -57.2323 -60.3428 -62.1573 -60.8497 -60.4718 -57.9215 -59.9458 -59.6318 -57.2958 -57.0531 -56.8910 -56.6906 -60.2503 -63.7874 -62.0711 -56.1043 -55.9701 -48.3006 -48.2710
-57.5236 -57.6508 -57.8274 -57.6776 -55.1221 -57.2382 -59.7829 -59.4408 -59.1647 -58.9649 -58.3440 -57.2074 -57.8579 -58.5691 -59.2797 -56.8289 -56.7821 -56.8370 -56.8627 -56.9439 -57.0256 -57.2575 -60.4959 -63.5858 -60.8890 -60.5077 -57.8747 -59.9536 -59.6334 -59.3682 -57.0117 -56.7994 -56.5921 -60.0739 -65.7718 -67.7242 -56.0749 -55.9003 -48.1938 -48.1636
-57.3167 -57.4102 -55.1509 -57.7084 -57.4865 -57.2593 -60.1252 -60.2315 -60.0088 -59.4327 -58.8675 -57.4257 -57.5882 -58.3594 -58.9894 -56.5300 -56.6033 -56.6676 -56.7429 -56.9860 -57.0382 -57.1002 -60.5926 -65.1129 -63.9069 -60.7686 -57.7510 -60.0873 -59.7318 -59.3332 -56.9286 -56.6983 -56.4845 -59.8777 0.0000 0.0000 -56.0267 -55.8148 -55.6801 -48.0423
-49.3835 -57.2048 -57.4041 -57.6550 -57.5335 -57.5417 -57.2739 -60.7748 -60.6177 -60.0401 -59.3664 -58.8402 -57.2388 -57.8908 -58.7939 -56.4259 -56.6577 -56.7207 -56.7772 -56.8250 -56.8747 -57.0741 -57.1616 -65.0894 -66.2687 -64.5226 -57.7010 -60.1246 -59.7042 -59.2709 -56.8423 -56.5818 -56.3642 -56.8776 0.0000 0.0000 -62.5949 -55.7193 -55.5798 -47.9245
-49.8440 -57.0538 -57.2143 -57.7408 -57.8843 -57.6289 -57.3517 -61.3992 -60.9597 -60.7121 -59.7051 -59.0888 -49.0903 -57.6741 -59.0354 -59.7240 -56.5476 -56.5758 -56.6106 -56.8023 -56.8598 -56.9261 -56.9955 0.0000 0.0000 0.0000 -57.5736 -59.9718 -59.6314 -59.1589 -58.7234 -54.8734 -54.7679 -54.6481 0.0000 0.0000 0.0000 -55.6224 -55.3821 -47.8019
-57.0350 -49.7488 -57.3057 -57.5720 -57.8794 -57.6988 -57.3811 -57.0346 -60.9813 -61.1540 -60.5764 -60.5630 -60.1979 -57.6815 -59.0218 -60.5248 -56.3920 -56.4031 -56.6017 -56.6557 -56.7104 -56.7687 -56.8295 0.0000 0.0000 0.0000 -57.4448 -59.6551 -59.4140 -56.4402 -56.2796 -54.8414 -54.7164 -54.5922 -54.4470 0.0000 0.0000 -55.4180 -54.0067 -47.6761
-57.4129 -49.6751 -57.1716 -57.3393 -57.6059 -57.7182 -57.2216 -56.8986 -60.8489 0.0000 0.0000 -62.5119 -61.9411 -57.3004 -58.9134 -61.6407 -56.2129 -56.4090 -56.4572 -56.5053 -56.5456 -56.5944 -56.6504 0.0000 0.0000 0.0000 -55.1287 -56.4882 -56.6274 -56.4666 -56.2858 -54.8110 -54.6663 -54.5376 -54.3852 -54.2713 -54.1416 -55.2083 -55.0654 -47.5608
-57.6198 -57.1434 -49.5146 -56.8571 -57.1423 -57.4799 -57.2854 -56.9743 -56.6011 0.0000 0.0000 0.0000 0.0000 -65.6096 -58.7578 -63.2349 -61.8519 -56.2690 -56.3080 -56.3348 -56.3612 -56.4009 -56.4523 -56.5155 -54.8488 -54.9466 -55.0458 -56.3934 -56.6527 -56.4883 -56.3010 -56.0890 -54.6177 -54.4844 -55.6704 -55.4983 -55.3069 -55.1231 -54.9666 -47.4431
-57.6544 -56.9679 -49.3901 -56.6760 -56.8884 -57.2254 -57.3722 -57.0516 -56.6673 -56.2989 -48.8388 0.0000 0.0000 -48.6970 -58.4911 0.0000 0.0000 -56.1276 -56.1388 -56.1357 -56.1434 -54.4984 -54.5791 -54.6727 -54.7598 -54.8496 -54.9507 -56.2919 -56.6352 -56.5200 -56.3264 -56.1049 -56.0528 -55.8482 -55.6102 -55.4320 -55.2279 -55.0318 -54.8545 -47.3223
