0.0000 0.0000 0.0000 0.0000 0.0000 0.0000 0.0000 0.0000 0.0000 0.0000 0.0000 0.0000 0.0000 0.0000 0.0000 0.0000 0.0000 0.0000 0.0000 0.0000 0.0000 0.0000 0.0000 0.0000 0.0000 0.0000 0.0000 0.0000 0.0000 0.0000 0.0000 0.0000 0.0000 0.0000 0.0000 0.0000 0.0000 0.0000 0.0000 0.0000
-55.7639 -55.6941 -55.6245 -55.5618 -63.5623 -63.5277 -63.5174 -63.5094 -63.5080 -63.5117 -63.4642 -63.3511 -62.2144 -62.0739 -61.9324 -54.5578 -54.4870 -54.4176 -54.3549 -54.2849 -54.2145 -54.1441 -54.0733 -54.0022 -53.9310 -53.8595 -61.1279 -61.1392 -61.1192 -61.0036 -60.8619 -53.2743 -60.0501 -60.0879 -60.7111 -53.1334 -60.5216 -60.5640 -60.6157 -61.5378
-55.7239 -55.6539 -55.5837 -55.5130 -55.4498 -63.4442 -63.4057 -63.3936 -63.3853 -63.3845 -63.3891 -63.3678 -63.2521 -63.1346 -62.9657 -62.7838 -54.4413 -54.3699 -54.2998 -54.2365 -54.1658 -54.0949 -54.0239 -53.9525 -53.8807 -53.8092 -53.7295 -61.0134 -61.0284 -61.0126 -60.8915 -60.7451 -53.1506 -59.9502 -60.7406 -60.5937 -53.0045 -60.4135 -60.4600 -60.5196
-63.7667 -55.6136 -55.5432 -55.4723 -55.4010 -55.3369 -63.3258 -63.2828 -63.2685 -63.2599 -63.2597 -63.2653 -63.2724 -63.1543 -63.0337 -62.8662 -62.6721 -54.4812 -54.4075 -54.1875 -54.1169 -54.0456 -53.9743 -53.9027 -53.8306 -53.7582 -53.6862 -53.6060 -60.8977 -60.9167 -60.9054 -60.7786 -59.9031 -53.0257 -59.8500 -60.6391 -60.4750 -52.8751 -60.3040 -60.3565
-63.7783 -63.6641 -55.5025 -55.4315 -55.3601 -55.2882 -55.2231 -55.1525 -63.1666 -63.1423 -63.1333 -63.1336 -63.1403 -63.1520 -63.0575 -62.9338 -62.7687 -62.5626 -54.3602 -54.2859 -54.2195 -54.1468 -54.0733 -53.8525 -53.7803 -53.7076 -53.6345 -53.5620 -53.4813 -60.8023 -60.8043 -60.7980 -60.6648 -59.7947 -52.8995 -59.7497 -60.5385 -60.3550 -52.7439 -60.1939
-63.8092 -63.6828 -63.5626 -63.4599 -55.3189 -55.2469 -55.1745 -55.1083 -55.0372 -63.0422 -63.0150 -63.0054 -63.0061 -63.0139 -63.0271 -62.9618 -62.8349 -62.6730 -62.4552 -54.2383 -54.1633 -54.0960 -54.0227 -53.9487 -53.8747 -53.8003 -53.7255 -53.5097 -53.4365 -53.3554 -60.6841 -60.6911 -60.6903 -60.5501 -59.6850 -52.7721 -59.6490 -60.4386 -60.2320 -52.6115
-63.8483 -63.7187 -63.5881 -63.4626 -63.3513 -55.2054 -55.1328 -55.0598 -54.9926 -54.9209 -62.9176 -62.8867 -62.8760 -62.8772 -62.8861 -62.9008 -62.8676 -62.7374 -62.5796 -62.3498 -54.1152 -54.0396 -53.9715 -53.8976 -53.8231 -53.7484 -53.6733 -53.5978 -53.5219 -53.4391 -53.2283 -60.5760 -60.5769 -60.5824 -60.4348 -59.5739 -52.6434 -60.2457 -60.3400 -60.1069
-63.8934 -63.7614 -63.6288 -63.4943 -63.3638 -63.2447 -55.0910 -55.0178 -54.9500 -54.8760 -54.8049 -62.7927 -62.7572 -62.7453 -62.7468 -62.7568 -62.7733 -62.7753 -62.6415 -62.4887 -62.2469 -62.0772 -53.9149 -53.8459 -53.7713 -53.6962 -53.6209 -53.5452 -53.4690 -53.3923 -53.3090 -53.2328 -61.2376 -61.2521 -60.4745 -59.6161 -59.4614 -52.5134 -60.1378 -60.2430
-63.9257 -63.8099 -63.6753 -63.5394 -63.4014 -63.2661 -63.1397 -54.9757 -54.9018 -54.8334 -54.7588 -54.6866 -62.6678 -62.6269 -62.6132 -62.6150 -62.6262 -62.6442 -62.6680 -62.5475 -62.4010 -62.1466 -61.9544 -53.7890 -53.7191 -53.6438 -53.5682 -53.4923 -53.4159 -53.3390 -53.2616 -53.1777 -53.1008 -61.1028 -61.1259 -61.1547 -60.1496 -59.3474 -52.3821 -60.0307
-63.9260 -63.8303 -63.7272 -63.5900 -63.4508 -63.3093 -63.1698 -63.0368 -62.9230 -54.7849 -54.7158 -54.6406 -54.5673 -54.4933 -62.4957 -62.4797 -62.4815 -62.4939 -62.5138 -62.5398 -62.4561 -62.3079 -62.0497 -61.8348 -53.6619 -53.5912 -53.5151 -53.4390 -53.3625 -53.2854 -53.2078 -53.1297 -53.0452 -52.9676 -60.9664 -61.0000 -61.0386 -60.0350 -59.8426 -52.3657
-63.9130 -63.8308 -63.7349 -63.6454 -63.5058 -63.3631 -63.2183 -63.0745 -62.9354 -62.8113 -54.6670 -54.5972 -54.5226 -54.4469 -54.3724 -62.3639 -62.3448 -62.3465 -62.3602 -62.3819 -62.4101 -62.3677 -62.1877 -61.9567 -61.7194 -53.5400 -53.4621 -53.3852 -53.3087 -53.2315 -53.1537 -53.0754 -52.9965 -52.9114 -52.8330 -60.8292 -60.8741 -60.1050 -59.9204 -59.7176
-63.8855 -63.8183 -63.7207 -63.6396 -63.5570 -63.4226 -63.2766 -63.1285 -62.9806 -62.8358 -62.7024 -54.5480 -54.4776 -54.4023 -54.3256 -54.2504 -62.2318 -62.2086 -62.2098 -62.2247 -62.2485 -62.2791 -62.2830 -62.0967 -61.8685 -61.6089 -53.4106 -53.3318 -53.2542 -53.1771 -53.0993 -53.0207 -52.9416 -52.8554 -52.7763 -52.6972 -60.6907 -60.7488 -60.0033 -59.8055
-63.8004 -63.7909 -63.7236 -63.6260 -63.5445 -63.4613 -63.3405 -63.1913 -63.0399 -62.8879 -62.7380 -62.5959 -54.4281 -54.3571 -54.2811 -54.2034 -54.1273 -62.0997 -62.0710 -62.0716 -62.0876 -62.1134 -62.1466 -62.1859 -62.0098 -61.7864 -61.5040 -53.2800 -53.2004 -53.1218 -53.0442 -52.9658 -52.8865 -52.8066 -52.7197 -52.6399 -52.5601 -60.5507 -60.6243 -59.9033
-63.6609 -63.6664 -63.6751 -63.6290 -63.5314 -63.4496 -63.3659 -63.2600 -63.1073 -62.9525 -62.7967 -62.6417 -62.4919 -62.3628 -54.2366 -54.1587 -54.0804 -54.0032 -61.9678 -61.9324 -61.9316 -61.9488 -61.9767 -62.0126 -62.0550 -61.9285 -61.7115 -61.4059 -53.1482 -53.0678 -52.9883 -52.9101 -52.8310 -52.7509 -52.6703 -52.5828 -52.5022 -52.4215 -52.3405 -60.5011
-63.5791 -63.5256 -63.5315 -63.5412 -63.5352 -63.4371 -63.3549 -63.2708 -63.1809 -63.0249 -62.8667 -62.7069 -62.5470 -62.3901 -62.2942 -54.1139 -54.0353 -53.9563 -53.8779 -53.8004 -61.7929 -61.7900 -61.8082 -61.8384 -61.8772 -61.9229 -61.8539 -61.6463 -61.3160 -53.0152 -52.9340 -52.8536 -52.7747 -52.6948 -52.6140 -52.5326 -52.4445 -52.3631 -52.2817 -52.1998
-63.4479 -63.4471 -63.4407 -63.4477 -63.4590 -63.4896 -63.3990 -63.2847 -63.1999 -63.1123 -62.9669 -62.8046 -62.6403 -62.4748 -62.3108 -62.2034 -53.9902 -53.9109 -53.8312 -53.7515 -53.6734 -61.6526 -61.6467 -61.6657 -61.6982 -61.7401 -61.7895 -61.7882 -61.5935 -61.2363 -52.8809 -52.7990 -52.7176 -52.6379 -52.5573 -52.4757 -52.3936 -52.3049 -52.2226 -52.1404
-63.3218 -63.3069 -63.3048 -63.2980 -63.3054 -63.3177 -63.3335 -63.3039 -63.2204 -63.1349 -63.0460 -62.9162 -62.7494 -62.5802 -62.3824 -62.2123 -62.0950 -53.8679 -53.7878 -53.7074 -53.6265 -53.5477 -61.5283 -61.5179 -61.5377 -61.5729 -61.6183 -61.6726 -61.7222 -61.5960 -61.2457 -60.8858 -52.6627 -52.5804 -52.4998 -52.4185 -52.3361 -52.2470 -52.1638 -52.0806
-55.1076 -63.1784 -63.1650 -63.1606 -63.1530 -63.1608 -63.1742 -63.1922 -63.2092 -63.1257 -63.0400 -62.9505 -62.8388 -62.6684 -62.4952 -62.3191 -62.1422 -62.0157 -61.8644 -53.6646 -53.5796 -53.4980 -53.4180 -61.3861 -61.3695 -61.3894 -61.4272 -61.4760 -61.5337 -61.5660 -61.5589 -61.1767 -60.7494 -52.5296 -52.4463 -52.3649 -52.2828 -52.1996 -52.1098 -52.0258
-63.0882 -62.9990 -62.9517 -63.0229 -63.0148 -63.0054 -63.0140 -63.0571 -63.0485 -63.0762 -63.0317 -62.9460 -62.8559 -62.7614 -62.5899 -62.4125 -62.2317 -62.0491 -61.9146 -61.7481 -53.5365 -53.4545 -53.3721 -53.2908 -61.2675 -61.2423 -61.2393 -61.2794 -61.3321 -61.3942 -61.4307 -61.5752 -61.1545 -60.6554 -52.3875 -52.3031 -52.2209 -52.1381 -52.0569 -51.9665
-63.0898 -62.9825 -62.8853 -54.7964 -62.8526 -62.8386 -62.8269 -62.8354 -62.8784 -62.8721 -62.9013 -62.9385 -62.8530 -62.7624 -62.6676 -62.5143 -62.3328 -62.1471 -61.9588 -61.8169 -61.6369 -53.4072 -53.3245 -53.2413 -53.1587 -53.0774 -61.0917 -61.1101 -61.1532 -61.2101 -61.2468 -61.3188 -61.6372 -61.1719 -60.5934 -52.2468 -52.1613 -52.0782 -51.9946 -51.9098
-63.1030 -63.0172 -62.9042 -62.7992 -62.7084 -62.6380 -62.6912 -62.6760 -62.6842 -62.7277 -62.7240 -62.7551 -62.7916 -62.7301 -62.6395 -62.5451 -62.4124 -62.2275 -62.0380 -61.8719 -61.7229 -61.5311 -53.2767 -53.1932 -53.1093 -53.0255 -52.9434 -60.9403 -60.9561 -61.0019 -61.0634 -61.1047 -61.1827 -61.7975 -61.2781 -60.6004 -52.1078 -52.0210 -51.9342 -51.8497
-63.0656 -62.9888 -62.9141 -62.8027 -62.6911 -62.5910 -54.5116 -62.5683 -62.5481 -62.5555 -62.5711 -62.5986 -62.6322 -62.6716 -62.6393 -62.5485 -62.4543 -62.3436 -62.1543 -61.9598 -61.8096 -61.6061 -61.4047 -61.2257 -53.0570 -52.9723 -52.8874 -52.8081 -60.7884 -60.8001 -60.8484 -60.9146 -60.9610 -61.0458 -62.0428 -61.4714 -60.6691 -51.9645 -51.8766 -51.7918
-63.0074 -62.9531 -62.8744 -62.7979 -62.7031 -62.5858 -62.4773 -62.3855 -62.3896 -62.3940 -62.3994 -62.4159 -62.4449 -62.4808 -62.5230 -62.5709 -62.4855 -62.3912 -62.2928 -62.1099 -61.9094 -61.7533 -61.5417 -61.3086 -61.1105 -52.9232 -52.8378 -52.7520 -52.6677 -60.6131 -60.6174 -60.6674 -60.7382 -60.7894 -60.8814 -62.4804 -61.8709 -60.9120 -51.8200 -51.7306
-62.9132 -62.8659 -62.8386 -62.7593 -62.6811 -62.6050 -62.4828 -62.3671 -62.2646 -54.2407 -62.2394 -62.2409 -62.2579 -62.2884 -62.3265 -62.3716 -62.4224 -62.3988 -62.3051 -62.2071 -62.0468 -61.8412 -61.6797 -61.4609 -61.2392 -61.0239 -52.7913 -52.7051 -52.6184 -52.5327 -60.4817 -60.4751 -60.5084 -60.5846 -60.6418 -60.7407 -63.3021 -62.6857 -61.6081 -51.6702
-54.8115 -54.7367 -62.7269 -62.6915 -62.6436 -62.5634 -62.4855 -62.3810 -62.2590 -62.1471 -54.0651 -62.0852 -62.0802 -62.0970 -62.1288 -62.1693 -62.2175 -62.2717 -62.3143 -62.2218 -62.1245 -61.9895 -61.7786 -61.6119 -61.3858 -61.1548 -60.9251 -52.6551 -52.5680 -52.4806 -52.3935 -52.3079 -60.3131 -60.3663 -60.4490 -60.5132 -60.6212 -63.7018 -64.3625 -64.7416
-54.5849 -54.6931 -54.6177 -62.5926 -62.5453 -62.5207 -62.4457 -62.3660 -62.2814 -62.1536 -62.0334 -61.9164 -61.8580 -61.9175 -61.9322 -61.9649 -62.0079 -62.0594 -62.1173 -62.1815 -62.1410 -62.0448 -61.9392 -61.7230 -61.5508 -61.3173 -61.0771 -60.8341 -60.6105 -52.4297 -52.3414 -52.2529 -52.1665 -60.1496 -60.2026 -60.2907 -60.3634 -60.4814 -63.7923 -64.6173
-54.5426 -54.6508 -54.5752 -54.4992 -54.4213 -62.4022 -62.3685 -62.3279 -62.2463 -62.1669 -62.0509 -61.9235 -61.7949 -53.7081 -61.7527 -61.7647 -61.7976 -61.8428 -61.8979 -61.9596 -62.0287 -62.0631 -61.9683 -61.8668 -61.6739 -61.4979 -61.2568 -61.0070 -60.7513 -60.5030 -52.2900 -52.2008 -52.1113 -52.0237 -59.9855 -60.0451 -60.1387 -60.2221 -63.0461 -64.0163
-54.6841 -54.4264 -54.5311 -54.4549 -54.3783 -54.3011 -62.2739 -62.2263 -62.1962 -62.1264 -62.0452 -61.9506 -61.8168 -61.6781 -61.5673 -61.5345 -61.5950 -61.6268 -61.6743 -61.7366 -61.8026 -61.8773 -61.9615 -61.9008 -61.8010 -61.6384 -61.4557 -61.2068 -60.9561 -60.6873 -60.4175 -52.1502 -52.0602 -51.9698 -51.8808 -59.8311 -59.8750 -59.9743 -60.0693 -63.1153
-54.6434 -54.5655 -54.3098 -54.4110 -54.3342 -54.2569 -54.1791 -54.1008 -62.0834 -62.0516 -62.0190 -61.9269 -61.8459 -61.7167 -61.5692 -61.4457 -53.3933 -61.4275 -61.4560 -61.5052 -61.5675 -61.6382 -61.7189 -61.8100 -61.8348 -61.7376 -61.6642 -61.4226 -61.1656 -60.8963 -60.6247 -60.3357 -52.0077 -51.9168 -51.8255 -51.7350 -59.6707 -59.6993 -59.7770 -59.9137
-62.3646 -54.5253 -54.4465 -54.1930 -54.2891 -54.2117 -54.1338 -54.0554 -53.9764 -61.9430 -61.8959 -61.8785 -61.8142 -61.7310 -61.6239 -61.4603 -61.3257 -61.2133 -61.2571 -61.2778 -61.3278 -61.3938 -61.4695 -61.5568 -61.6557 -61.7655 -61.6814 -61.6339 -61.4029 -61.1377 -60.8580 -60.5640 -60.2571 -59.9666 -51.7716 -51.6794 -51.5873 -51.4971 -59.5173 -59.6027
-62.3343 -62.2389 -62.1448 -54.3257 -54.0745 -54.1671 -54.0881 -54.0095 -53.9305 -53.8509 -53.7708 -61.7439 -61.7153 -61.6929 -61.6080 -61.5251 -61.3644 -61.2198 -61.0841 -53.0954 -61.0968 -61.1458 -61.2151 -61.2965 -61.3910 -61.4982 -61.6179 -61.6339 -61.5919 -61.4000 -61.1267 -60.8366 -60.5290 -60.2038 -59.8707 -51.6236 -51.5316 -51.4380 -51.3466 -59.3310
-62.3212 -62.2209 -62.1220 -62.0242 -54.0572 -53.9550 -54.0440 -53.9635 -53.8842 -53.8044 -53.7242 -53.6434 -61.5998 -61.5534 -61.5416 -61.4849 -61.4006 -61.2645 -61.1105 -60.9726 -52.9128 -60.9260 -60.9592 -61.0314 -61.1188 -61.2213 -61.3379 -61.4688 -61.5973 -61.5715 -61.4177 -61.1371 -60.8364 -60.5149 -60.1706 -59.8070 -51.4754 -51.3813 -51.2867 -51.1941
-64.4084 -62.2565 -62.1050 -62.0026 -61.9014 -60.8936 -53.8327 -53.9179 -53.8367 -53.7556 -53.6752 -53.5943 -53.5129 -53.4309 -61.3836 -61.3592 -61.3487 -61.2630 -61.1539 -60.9942 -60.8465 -60.7177 -60.6533 -60.7690 -60.8429 -60.9369 -61.0444 -61.1715 -61.3149 -61.4758 -61.5550 -61.4585 -61.1719 -60.8611 -60.5256 -60.1618 -59.7686 -51.3254 -51.2304 -51.1345
-64.3693 -64.2952 -64.2200 -61.9938 -61.8883 -61.7835 -60.7858 -60.7051 -53.7926 -53.7107 -53.6284 -53.5469 -53.4653 -53.3831 -53.3004 -53.2171 -61.1903 -61.1854 -61.1668 -61.0345 -60.8936 -60.7371 -60.5931 -52.5264 -60.5760 -60.6490 -60.7497 -60.8707 -61.0099 -61.1636 -61.3415 -61.5619 -61.4808 -61.2454 -60.9256 -60.5763 -60.1922 -59.7681 -59.3128 -51.0783
-64.3391 -64.2551 -64.1811 -64.1059 -64.0237 -61.7748 -61.6667 -60.6790 -60.6148 -53.6669 -53.5836 -53.5005 -53.4172 -53.3349 -53.2521 -53.1687 -53.0847 -61.0268 -61.0078 -61.0396 -60.9068 -60.7964 -60.6330 -60.4766 -60.3431 -60.3832 -60.4487 -60.5559 -60.6879 -60.8409 -61.0158 -61.2138 -61.5229 -61.5279 -61.3648 -61.0380 -60.6768 -60.2727 -59.8163 -59.3014
-64.4410 -64.2459 -64.1509 -64.0660 -63.9908 -63.9083 -63.8231 -61.5512 -60.5728 -61.3451 -61.2499 -53.4555 -53.3715 -53.2871 -53.2034 -53.1198 -53.0356 -52.9509 -52.8656 -60.8311 -60.8619 -60.7788 -60.6883 -60.5336 -60.3670 -60.2150 -52.1574 -60.2419 -60.3545 -60.4985 -60.6673 -60.8619 -61.1356 -61.4211 -61.6286 -61.5514 -61.2161 -60.8471 -60.4260 -59.9371
-64.3868 -64.3256 -64.2640 -64.0348 -63.9500 -63.8746 -63.7927 -63.7067 -61.4848 -60.4675 -61.2235 -61.1240 -61.0293 -53.2413 -53.1562 -53.0705 -52.9862 -52.9013 -52.8158 -52.7297 -60.6884 -60.6735 -60.6485 -60.5593 -60.4385 -60.2636 -60.0969 -59.9583 -60.0309 -60.1442 -60.3012 -60.4887 -60.7064 -61.0084 -61.3284 -61.6932 -61.8150 -61.4931 -61.1237 -60.6945
-64.3296 -64.2689 -64.2086 -64.1480 -63.9509 -63.8438 -63.7573 -63.6753 -63.5895 -63.5018 -60.3629 -61.1033 -60.9995 -60.9001 -53.1104 -53.0240 -52.9374 -52.8513 -52.7656 -52.6793 -52.5925 -52.5092 -60.4859 -60.4578 -60.4298 -60.3456 -60.1658 -59.9875 -59.8260 -51.8527 -59.9239 -60.0946 -60.3036 -60.5492 -60.8857 -61.2480 -62.1309 -62.1665 -61.8956 -61.5515
-62.7775 -64.2087 -64.1490 -64.0897 -64.0303 -63.9704 -63.7257 -63.6389 -63.5571 -63.4706 -63.3849 -61.9897 -60.9843 -60.8766 -60.7725 -60.6733 -52.8905 -52.8032 -52.7153 -52.6286 -52.5415 -52.4538 -52.3696 -60.3057 -60.2611 -60.2986 -60.2159 -60.0732 -59.8856 -59.7063 -51.6560 -59.6936 -59.8766 -60.1109 -60.3902 -60.7697 -61.1857 -62.1729 -62.5527 -62.4913
-61.0197 -60.9707 -64.0856 -64.0271 -63.9689 -63.9108 -63.8522 -63.6513 -63.5306 -63.4377 -63.3507 -63.2666 -61.8898 -60.9393 -60.7551 -60.6465 -60.5422 -52.7567 -52.6677 -52.5789 -52.4902 -52.4023 -52.3182 -52.2284 -52.1380 -60.0646 -60.0944 -60.0862 -59.9865 -59.7908 -59.5975 -59.4229 -59.3893 -59.6445 -59.9085 -60.2295 -60.6881 -61.1740 -62.2765 -62.9216
