-48.7814 -48.8301 -48.8874 -48.9440 -48.9992 -49.0545 -49.1087 -49.1616 -50.5718 -50.6457 -50.7189 -50.7913 -50.8629 -50.9344 -51.0279 -51.0970 -51.1647 -51.2257 -51.2786 -51.3305 -49.8558 -49.8357 -49.8781 -49.9194 -49.9563 -49.9946 -50.0317 -50.0675 -50.1009 -50.1329 -50.1633 -50.1935 -50.2227 -51.8236 -51.8562 -51.8872 -51.9221 -51.9318 -51.9384 -51.9875
-48.7584 -48.8169 -48.8741 -48.9299 -48.9846 -49.0396 -49.0932 -49.1454 -50.5767 -50.6501 -50.7229 -50.8160 -50.8875 -50.9578 -51.0267 -51.0943 -51.1615 -51.1700 -51.1972 -51.2460 -49.7724 -49.8130 -49.8551 -49.8961 -49.9358 -49.9741 -50.0111 -50.0468 -50.0802 -50.1122 -50.1427 -50.1732 -50.2025 -51.8275 -51.8605 -51.8961 -51.9214 -51.9300 -51.9366 -51.9897
-48.7459 -48.8039 -48.8603 -48.9154 -48.9693 -49.0236 -49.0766 -49.1284 -50.6001 -50.6740 -50.7471 -50.8192 -50.8903 -50.9602 -50.9824 -51.0333 -51.0970 -51.1528 -51.1974 -51.2450 -49.7495 -49.7927 -49.8348 -49.8757 -49.9153 -49.9536 -49.9906 -50.0261 -50.0594 -50.0913 -50.1219 -50.1527 -50.1823 -51.8362 -51.8687 -51.8990 -51.9219 -51.9305 -51.9368 -51.9938
-48.7326 -48.7899 -48.8458 -48.9004 -48.9537 -49.0194 -49.0720 -49.1234 -50.6035 -50.6770 -50.7501 -50.7805 -50.8424 -50.9104 -50.9769 -51.0388 -51.1021 -51.1570 -51.2044 -51.2514 -49.7306 -49.7729 -49.8142 -49.8550 -49.8946 -49.9329 -49.9699 -50.0052 -50.0386 -50.0706 -50.1012 -50.1348 -51.8046 -51.8387 -51.8718 -51.9027 -51.9230 -51.9315 -51.9380 -51.9996
-48.7190 -48.7755 -48.8415 -48.8957 -48.9486 -49.0020 -49.0541 -49.1050 -50.5693 -50.6388 -50.7102 -50.7806 -50.8473 -50.9153 -50.9820 -51.0473 -51.1110 -51.1650 -51.2119 -51.2585 -49.7126 -49.7548 -49.7960 -49.8359 -49.8747 -49.9122 -49.9488 -49.9841 -50.0175 -50.0518 -50.0822 -50.1128 -51.8072 -51.8421 -51.8758 -51.9072 -51.9247 -51.9332 -51.9399 -52.0065
-48.7162 -48.7715 -48.8258 -48.8792 -48.9314 -48.9605 -49.0114 -49.0611 -50.5751 -50.6444 -50.7156 -50.7859 -50.8550 -50.9230 -50.9897 -51.0550 -51.1188 -51.1724 -51.2193 -51.2660 -49.6944 -49.7365 -49.7775 -49.8173 -49.8560 -49.8934 -49.9296 -49.9661 -49.9983 -50.0292 -50.0598 -50.0905 -51.8104 -51.8462 -51.8805 -51.9125 -51.9272 -51.9358 -51.9435 -51.9704
-48.7036 -48.7466 -48.7921 -48.8437 -48.8941 -48.9452 -48.9940 -49.0431 -50.5804 -50.6520 -50.7233 -50.7936 -50.8629 -50.9310 -50.9976 -51.0628 -51.1266 -51.1792 -51.2257 -51.2723 -49.6752 -49.7176 -49.7588 -49.7985 -49.8370 -49.8763 -49.9120 -49.9458 -49.9779 -50.0087 -50.0389 -50.0690 -51.8146 -51.8509 -51.8859 -51.9186 -51.9272 -51.8892 -51.8895 -51.9573
-48.6746 -48.7280 -48.7803 -48.8298 -48.8794 -48.9297 -48.9788 -49.0267 -50.5885 -50.6599 -50.7310 -50.8013 -50.8706 -50.9386 -51.0054 -51.0707 -51.1346 -51.1862 -51.2321 -51.2785 -49.6553 -49.6975 -49.7386 -49.7803 -49.8187 -49.8559 -49.8916 -49.9253 -49.9573 -49.9881 -50.0186 -50.0489 -51.8195 -51.8510 -51.8803 -51.8662 -51.8689 -51.8702 -51.9289 -51.9418
-48.6613 -48.7145 -48.7664 -48.8169 -48.8659 -48.9155 -48.9641 -49.0115 -50.5987 -50.6691 -50.7392 -50.8092 -50.8783 -50.9464 -51.0131 -51.0785 -51.1424 -51.1932 -51.2387 -51.2849 -49.6350 -49.6786 -49.7192 -49.7587 -49.7971 -49.8343 -49.8702 -49.9041 -49.9343 -49.9626 -49.9906 -50.0178 -51.8096 -51.8057 -51.8337 -51.8530 -51.8548 -51.8541 -51.9159 -51.9273
-48.6488 -48.7013 -48.7526 -48.8027 -48.8515 -48.9009 -48.9490 -48.9958 -50.6094 -50.6797 -50.7497 -50.8190 -50.8873 -50.9545 -51.0210 -51.0864 -51.1503 -51.2000 -51.2451 -51.2932 -49.6152 -49.6569 -49.6975 -49.7365 -49.7729 -49.8079 -49.8415 -49.8727 -49.9023 -49.9304 -49.9585 -49.9641 -51.7670 -51.7976 -51.8257 -51.8407 -51.8414 -51.8396 -51.9057 -51.9165
-48.6364 -48.6878 -48.7384 -48.7877 -48.8359 -48.8847 -48.9326 -48.9793 -50.6205 -50.6906 -50.7604 -50.8296 -50.8979 -50.9650 -51.0309 -51.0954 -51.1614 -51.2088 -51.2529 -51.2971 -49.5907 -49.6306 -49.6693 -49.7066 -49.7425 -49.7772 -49.8103 -49.8410 -49.8702 -49.8779 -49.9054 -49.9516 -51.7588 -51.7897 -51.8178 -51.8289 -51.8284 -51.8256 -51.8964 -51.9066
-48.6250 -48.6754 -48.7246 -48.7726 -48.8199 -48.8681 -48.9154 -48.9615 -50.6298 -50.7004 -50.7709 -50.8405 -50.9086 -50.9757 -51.0413 -51.1058 -51.1691 -51.2108 -51.2512 -51.2934 -49.5618 -49.6013 -49.6395 -49.6763 -49.7119 -49.7462 -49.7789 -49.7905 -49.8191 -49.8460 -49.8737 -51.7186 -51.7509 -51.7816 -51.8096 -51.8160 -51.8149 -51.8117 -51.8879 -51.8976
-48.6131 -48.6628 -48.7113 -48.7586 -48.8047 -48.8516 -48.8977 -48.9433 -50.6391 -50.7096 -50.7791 -50.8475 -50.9148 -50.9823 -51.0462 -51.1083 -51.1704 -51.2111 -51.2505 -51.2921 -49.5336 -49.5721 -49.6094 -49.6459 -49.6811 -49.6978 -49.7297 -49.7594 -49.7875 -49.8144 -49.8418 -51.7110 -51.7435 -51.7741 -51.8019 -51.8034 -51.8014 -51.7982 -51.8790 -51.8886
-48.6009 -48.6497 -48.6975 -48.7441 -48.7895 -48.8354 -48.8802 -48.9238 -50.6452 -50.7138 -50.7826 -50.8506 -50.9186 -50.9839 -51.0478 -51.1102 -51.1720 -51.2116 -51.2499 -51.2910 -49.5056 -49.5437 -49.5805 -49.6003 -49.6344 -49.6672 -49.6987 -49.7279 -49.7557 -49.7825 -49.8096 -51.7038 -51.7366 -51.7673 -51.7915 -51.7912 -51.7882 -51.8578 -51.8710 -51.8803
-48.5883 -48.6359 -48.6822 -48.7274 -48.7713 -48.8161 -48.8601 -48.9029 -50.6522 -50.7197 -50.7880 -50.8544 -50.9206 -50.9856 -51.0491 -51.1111 -51.1718 -51.2109 -51.2489 -49.4390 -49.4773 -49.5004 -49.5366 -49.5716 -49.6053 -49.6376 -49.6681 -49.6966 -49.7237 -49.7504 -49.7773 -51.6972 -51.7303 -51.7610 -51.7807 -51.7794 -51.7755 -51.8511 -51.8640 -51.8728
-48.5729 -48.6196 -48.6651 -48.7094 -48.7525 -48.7964 -48.8395 -48.8815 -50.6598 -50.7267 -50.7934 -50.8594 -50.9243 -50.9880 -51.0506 -51.1122 -51.1718 -51.2097 -51.2467 -49.3960 -49.4343 -49.4718 -49.5079 -49.5425 -49.5758 -49.6079 -49.6379 -49.6659 -49.6925 -49.7188 -49.7450 -51.6914 -51.7247 -51.7554 -51.7703 -51.7680 -51.7633 -51.8451 -51.8578 -51.8665
-48.5582 -48.6033 -48.6474 -48.6909 -48.7331 -48.7762 -48.8191 -48.8601 -50.6663 -50.7326 -50.7989 -50.8645 -50.9291 -50.9923 -51.0542 -51.1145 -51.1721 -51.1894 -51.2252 -49.3667 -49.4047 -49.4419 -49.4778 -49.5125 -49.5459 -49.5778 -49.6073 -49.6350 -49.6613 -49.6876 -49.7135 -51.6878 -51.7207 -51.7510 -51.7603 -51.7571 -51.7515 -51.8402 -51.8528 -51.8615
-48.5435 -48.5876 -48.6306 -48.6725 -48.7137 -48.7557 -48.7971 -48.8374 -50.6730 -50.7388 -50.8046 -50.8698 -50.9339 -50.9969 -51.0584 -51.1005 -51.1565 -51.1909 -51.2247 -49.3371 -49.3748 -49.4115 -49.4471 -49.4815 -49.5146 -49.5464 -49.5760 -49.6038 -49.6298 -49.6562 -49.6819 -51.6853 -51.7185 -51.7488 -51.7522 -51.7474 -51.7407 -51.8367 -51.8493 -51.8581
-48.5283 -48.5715 -48.6140 -48.6548 -48.6945 -48.7350 -48.7749 -48.8142 -50.6796 -50.7450 -50.8105 -50.8753 -50.9391 -50.9851 -51.0459 -51.1052 -51.1600 -51.1932 -51.2260 -49.3082 -49.3451 -49.3810 -49.4161 -49.4501 -49.4829 -49.5145 -49.5436 -49.5712 -49.5973 -49.6242 -51.6485 -51.6834 -51.7170 -51.7476 -51.7451 -51.7395 -51.7323 -51.8359 -51.8482 -51.8567
-48.5131 -48.5551 -48.5961 -48.6360 -48.6748 -48.7144 -48.7535 -48.7916 -50.6871 -50.7513 -50.8165 -50.8657 -50.9288 -50.9907 -51.0512 -51.1102 -51.1636 -51.1955 -51.2273 -49.2790 -49.3156 -49.3512 -49.3856 -49.4189 -49.4509 -49.4822 -49.5109 -49.5382 -49.5641 -49.5911 -51.6449 -51.6814 -51.7162 -51.7425 -51.7387 -51.7325 -51.7263 -51.8373 -52.2107 -52.2322
-48.4965 -48.5377 -48.5778 -48.6167 -48.6546 -48.6932 -48.7316 -48.7689 -50.6964 -50.7458 -50.8093 -50.8721 -50.9348 -50.9964 -51.0566 -51.1346 -51.1674 -51.1980 -51.2286 -49.2494 -49.2857 -49.3210 -49.3551 -49.3881 -49.4198 -49.4502 -49.4781 -49.5049 -49.5308 -49.5578 -51.6420 -51.6795 -51.7150 -51.7363 -51.7325 -51.7264 -52.1518 -52.1808 -52.2023 -52.2194
-48.4791 -48.5196 -48.5588 -48.5969 -48.6339 -48.6717 -48.7092 -48.7372 -50.6925 -50.7553 -50.8183 -50.8808 -50.9423 -51.0026 -51.0620 -51.1397 -51.1712 -51.2005 -51.2302 -49.2193 -49.2553 -49.2903 -49.3241 -49.3568 -49.3883 -49.4184 -49.4460 -49.4724 -49.4980 -49.5246 -51.6404 -51.6790 -51.7152 -51.7309 -52.0208 -52.0230 -52.1446 -52.1704 -52.1917 -52.2079
-48.4596 -48.4997 -48.5389 -48.5763 -48.6125 -48.6416 -48.6782 -48.7138 -50.7025 -50.7649 -50.8275 -50.8897 -50.9509 -51.0108 -51.0695 -51.1457 -51.1751 -51.2030 -51.2316 -49.1888 -49.2245 -49.2592 -49.2928 -49.3252 -49.3565 -49.3862 -49.4137 -49.4399 -49.4658 -49.4924 -51.6411 -51.6802 -51.9873 -52.0056 -52.0059 -52.0039 -52.1349 -52.1601 -52.1806 -52.2000
-48.4393 -48.4786 -48.5168 -48.5467 -48.5826 -48.6190 -48.6548 -48.6897 -50.7126 -50.7746 -50.8369 -50.8987 -50.9596 -51.0192 -51.0776 -51.1535 -51.1814 -51.2069 -51.2337 -49.1579 -49.1933 -49.2277 -49.2611 -49.2933 -49.3244 -49.3538 -49.3811 -49.4072 -49.4334 -49.4600 -51.8891 -51.9392 -51.9840 -51.9910 -51.9888 -51.9851 -52.1264 -52.1509 -52.1708 -52.2641
-48.4191 -48.4500 -48.4872 -48.5234 -48.5585 -48.5944 -48.6302 -48.6648 -50.7226 -50.7843 -50.8463 -50.9079 -50.9684 -51.0279 -51.0861 -51.1617 -51.1881 -51.2120 -51.2379 -49.1273 -49.1619 -49.1958 -49.2289 -49.2610 -49.2919 -49.3211 -49.3483 -49.3743 -49.5347 -49.5663 -51.8859 -51.9343 -51.9784 -51.9775 -51.9737 -51.9681 -52.1198 -52.1432 -52.1662 -52.2435
-48.3946 -48.4303 -48.4649 -48.4994 -48.5336 -48.5687 -48.6038 -48.6379 -50.7317 -50.7939 -50.8557 -50.9171 -50.9776 -51.0369 -51.0948 -51.1700 -51.1949 -51.2172 -51.2422 -49.0966 -49.1310 -49.1644 -49.1968 -49.2283 -49.2592 -49.2881 -49.4369 -49.4672 -49.4975 -49.5396 -51.8815 -51.9304 -51.9669 -51.9643 -51.9589 -51.9521 -52.1158 -52.1387 -52.2322 -52.2267
-48.3760 -48.4107 -48.4445 -48.4772 -48.5089 -48.5423 -48.5766 -48.6100 -50.7393 -50.8015 -50.8643 -50.9265 -50.9867 -51.0458 -51.1035 -51.1785 -51.2017 -51.2224 -51.2467 -49.0655 -49.0996 -49.1328 -49.1651 -49.1964 -49.3374 -49.3695 -49.3994 -49.4283 -49.4587 -51.8264 -51.8781 -51.9276 -51.9558 -51.9514 -51.9445 -52.0868 -52.1132 -52.1379 -52.2282 -52.2132
-48.3562 -48.3904 -48.4232 -48.4550 -48.4859 -48.5176 -48.5497 -48.5816 -50.7469 -50.8089 -50.8714 -50.9335 -50.9947 -51.0547 -51.1123 -51.1870 -51.2088 -51.2278 -51.2515 -49.0337 -49.0677 -49.1008 -49.2337 -49.2685 -49.3014 -49.3320 -49.3611 -49.3893 -49.4196 -51.8226 -51.8756 -51.9259 -51.9451 -51.9391 -51.9306 -52.0862 -52.1125 -52.2057 -52.2266 -52.2015
-48.3344 -48.3680 -48.4007 -48.4320 -48.4620 -48.4930 -48.5243 -48.5547 -50.7559 -50.8162 -50.8785 -50.9405 -51.0016 -51.0615 -51.1201 -51.1956 -51.2158 -51.2332 -51.2566 -49.0015 -49.1272 -49.1633 -49.1978 -49.2313 -49.2639 -49.2940 -49.3229 -49.3508 -49.3808 -51.8204 -51.8743 -51.9254 -51.9348 -51.9272 -51.9174 -52.0877 -52.1161 -52.2062 -52.8530 -52.9721
-48.3117 -48.3444 -48.3762 -48.4071 -48.4370 -48.4674 -48.4979 -48.5276 -50.7683 -50.8273 -50.8872 -50.9475 -51.0085 -51.0684 -51.1269 -51.2022 -51.2217 -51.2383 -49.0187 -49.0555 -49.0914 -49.1264 -49.1605 -49.1937 -49.2259 -49.2555 -49.2840 -49.3121 -49.3419 -51.8205 -51.8757 -51.9272 -51.9252 -51.9160 -51.9050 -52.0914 -53.0226 -52.7144 -52.7469 -52.6927
-48.2881 -48.3199 -48.3509 -48.3809 -48.4100 -48.4400 -48.4704 -48.4997 -50.7805 -50.8393 -50.8990 -50.9584 -51.0171 -51.0754 -51.1877 -51.2091 -51.3606 -51.3794 -48.9819 -49.0183 -49.0541 -49.0888 -49.1226 -49.1555 -49.1873 -49.2165 -49.2448 -49.2730 -49.3026 -51.8218 -51.8786 -51.9313 -51.9177 -51.9067 -51.8942 -52.5225 -52.6358 -52.6581 -52.6368 -52.5665
-48.2637 -48.2947 -48.3247 -48.3539 -48.3820 -48.4112 -48.4409 -48.4699 -50.7922 -50.8512 -50.9108 -50.9701 -51.0288 -51.0864 -51.3224 -51.3444 -51.3631 -51.3786 -48.9434 -48.9796 -49.0153 -49.0502 -49.0841 -49.1167 -49.1481 -49.1770 -49.2051 -49.2335 -49.2629 -51.8246 -51.8832 -51.9373 -51.9111 -52.2500 -52.2301 -52.5391 -52.5642 -52.5763 -52.5276 -52.4405
-48.2384 -48.2685 -48.2977 -48.3259 -48.3532 -48.3815 -48.4106 -48.4388 -50.8019 -50.8615 -50.9222 -50.9819 -51.1528 -51.2140 -51.3337 -51.3519 -51.3662 -51.3775 -48.9041 -48.9401 -48.9756 -49.0103 -49.0441 -49.0770 -49.1083 -49.1370 -49.1649 -49.1936 -49.2229 -51.8292 -51.8898 -52.2589 -52.2110 -52.1884 -52.1891 -52.4773 -52.4955 -52.4980 -52.4151 -52.3265
-48.2129 -48.2414 -48.2697 -48.2971 -48.3236 -48.3510 -48.3793 -48.4069 -50.8116 -50.8711 -51.0344 -51.0982 -51.1622 -51.2236 -51.3440 -51.3599 -51.3717 -51.3801 -48.8651 -48.9000 -48.9353 -48.9697 -49.0033 -49.0360 -49.0670 -49.0961 -49.1242 -49.1533 -51.7686 -52.1073 -52.1706 -52.2255 -52.1763 -52.1484 -52.3861 -52.4186 -52.4304 -52.4140 -48.1061 -48.0867
-48.1889 -48.2154 -48.2411 -48.2673 -48.2930 -48.3196 -48.3472 -48.3741 -50.9152 -50.9776 -51.0421 -51.1058 -51.1688 -51.2308 -51.3541 -51.3678 -51.3771 -51.3828 -48.8268 -48.8613 -48.8952 -48.9285 -48.9618 -48.9944 -49.0251 -49.0541 -49.0823 -49.1123 -52.0103 -52.0801 -52.1414 -52.2133 -52.1230 -52.0873 -52.3355 -52.3655 -52.3790 -48.2187 -52.4316 -52.2888
-48.1638 -48.1893 -48.2141 -48.2382 -48.2615 -48.2873 -48.3636 -48.3910 -50.9231 -50.9853 -51.0489 -51.1124 -51.1753 -51.2372 -51.3626 -51.3746 -51.3822 -51.3852 -48.7877 -48.8221 -48.8557 -48.8886 -48.9208 -48.9522 -48.9827 -49.0117 -49.1524 -49.1817 -51.9827 -52.0535 -52.1332 -52.1845 -52.0692 -52.0290 -52.2927 -48.3376 -48.3356 -52.5055 -48.2149 -48.0688
-48.1387 -48.1623 -48.1862 -48.2093 -48.2774 -48.3019 -48.3283 -48.3549 -50.9300 -50.9920 -51.0555 -51.1189 -51.1817 -51.2435 -51.3712 -51.3806 -51.3854 -51.3862 -48.7478 -48.7820 -48.8154 -48.8481 -48.8802 -48.9116 -49.0407 -49.0677 -49.0941 -49.1224 -51.9740 -52.0467 -52.1068 -52.0568 -52.0192 -51.9804 -48.4084 -52.4223 -52.5664 -48.3295 -48.2678 -48.1233
-48.1201 -48.1388 -48.1996 -48.2227 -48.2455 -48.2690 -48.2940 -48.3183 -50.9367 -50.9985 -51.0619 -51.1253 -51.1880 -51.2498 -51.3801 -51.3867 -51.3885 -51.3862 -48.7063 -48.7407 -48.7744 -48.8070 -48.8391 -48.9586 -48.9862 -49.0121 -49.0368 -49.0714 -51.9516 -52.0246 -52.0853 -52.0146 -48.4043 -48.3600 -52.3991 -48.4616 -48.4415 -48.3831 -48.3172 -48.1771
-48.1396 -48.1581 -48.1763 -48.1938 -48.2122 -48.2347 -48.2588 -48.2824 -50.9465 -51.0057 -51.0681 -51.1315 -51.1943 -51.2561 -51.3892 -51.3929 -51.3916 -51.3861 -48.6639 -48.6982 -48.7318 -48.8437 -48.8751 -48.9048 -48.9313 -48.9638 -48.9883 -49.0138 -51.9338 -52.0085 -52.0749 -48.4923 -52.0185 -52.0584 -48.5295 -48.5257 -48.4963 -48.4343 -48.2589 -48.2307
-48.1172 -48.1347 -48.1517 -48.1681 -48.1840 -48.2010 -48.2225 -48.2453 -50.9569 -51.0160 -51.0769 -51.1380 -51.2004 -51.2623 -51.3987 -51.3993 -51.3946 -51.3858 -48.6209 -48.7257 -48.7585 -48.7903 -48.8209 -48.8501 -48.8832 -48.9076 -48.9317 -48.9568 -51.9254 -48.6148 -48.6174 -52.0536 -48.4929 -48.5799 -48.5923 -48.5899 -48.5496 -48.4800 -48.3109 -48.2845
