-45.0043 -45.0194 -45.0371 -45.0564 -45.0779 -45.0967 -45.1112 -45.1346 -45.1056 -45.1367 -45.1598 -45.1848 -45.2117 -45.2397 -45.2665 -45.2903 -45.3134 -45.3392 -45.3630 -45.3846 -45.3819 -45.3999 -45.4212 -45.4398 -45.4550 -45.4735 -45.4935 -45.5140 -45.5333 -45.5551 -45.5760 -45.6145 -45.6114 -45.6064 -45.6439 -45.6577 -45.6736 -45.6925 -45.7106 -45.7299
-45.1159 -45.1308 -45.1470 -45.1649 -45.1852 -45.2048 -45.2191 -45.2393 -45.2614 -45.2359 -45.2632 -45.2835 -45.3099 -45.3364 -45.3632 -45.3873 -45.4079 -45.4340 -45.4579 -45.4795 -45.4998 -45.4945 -45.5142 -45.5341 -45.5493 -45.5639 -45.5835 -45.6028 -45.6219 -45.6414 -45.6620 -45.6816 -45.7089 -45.7042 -45.7290 -45.7416 -45.7563 -45.7725 -45.7901 -45.8068
-45.2253 -45.2403 -45.2549 -45.2722 -45.2915 -45.3110 -45.3250 -45.3421 -45.3635 -45.3332 -45.3615 -45.3813 -45.4060 -45.4311 -45.4586 -45.4830 -45.5033 -45.5261 -45.5501 -45.5718 -45.5916 -45.5882 -45.6053 -45.6249 -45.6417 -45.6552 -45.6714 -45.6898 -45.7085 -45.7261 -45.7460 -45.7652 -45.8036 -45.8000 -45.7941 -45.8259 -45.8378 -45.8512 -45.8677 -45.8840
-45.3322 -45.3479 -45.3611 -45.3780 -45.3959 -45.4140 -45.4289 -45.4431 -45.4641 -45.4845 -45.4574 -45.4818 -45.5008 -45.5255 -45.5512 -45.5760 -45.5965 -45.6163 -45.6401 -45.6621 -45.6817 -45.7006 -45.6951 -45.7138 -45.7321 -45.7453 -45.7583 -45.7755 -45.7931 -45.8105 -45.8280 -45.8469 -45.8640 -45.8923 -45.8871 -45.9071 -45.9174 -45.9304 -45.9438 -45.9592
-45.4371 -45.4537 -45.4659 -45.4818 -45.4986 -45.5162 -45.5309 -45.5433 -45.5629 -45.5832 -45.5512 -45.5761 -45.5976 -45.6177 -45.6420 -45.6667 -45.6877 -45.7061 -45.7282 -45.7504 -45.7700 -45.7881 -45.8059 -45.8006 -45.8186 -45.8335 -45.8453 -45.8597 -45.8760 -45.8929 -45.9087 -45.9267 -45.9436 -45.9592 -45.9777 -45.9712 -45.9980 -46.0076 -46.0193 -46.0329
-45.5401 -45.5575 -45.5695 -45.5838 -45.5994 -45.6167 -45.6317 -45.6438 -45.6604 -45.6795 -45.6980 -45.6686 -45.6900 -45.7080 -45.7308 -45.7555 -45.7770 -45.7952 -45.8146 -45.8363 -45.8563 -45.8740 -45.8913 -45.8859 -45.9032 -45.9198 -45.9313 -45.9426 -45.9575 -45.9733 -45.9889 -46.0044 -46.0213 -46.0364 -46.0653 -46.0594 -46.0748 -46.0828 -46.0942 -46.1048
-45.6414 -45.6593 -45.6712 -45.6845 -45.6991 -45.7159 -45.7315 -45.7418 -45.7556 -45.7741 -45.7923 -45.7590 -45.7804 -45.8010 -45.8188 -45.8423 -45.8643 -45.8824 -45.8994 -45.9206 -45.9406 -45.9583 -45.9747 -45.9910 -45.9860 -46.0022 -46.0154 -46.0254 -46.0381 -46.0522 -46.0672 -46.0813 -46.0970 -46.1117 -46.1256 -46.1450 -46.1378 -46.1597 -46.1670 -46.1770
-45.7415 -45.7596 -45.7716 -45.7828 -45.7972 -45.8127 -45.8280 -45.8381 -45.8490 -45.8671 -45.8847 -45.9011 -45.8690 -45.8885 -45.9100 -45.9272 -45.9494 -45.9678 -45.9843 -46.0032 -46.0228 -46.0406 -46.0564 -46.0722 -46.0874 -46.0828 -46.0974 -46.1072 -46.1168 -46.1301 -46.1435 -46.1573 -46.1707 -46.1852 -46.1986 -46.2279 -46.2212 -46.2131 -46.2433 -46.2703
-45.8392 -45.8572 -45.8698 -45.8797 -45.8934 -45.9078 -45.9227 -45.9337 -45.9427 -45.9584 -45.9753 -45.9915 -45.9560 -45.9750 -45.9950 -46.0103 -46.0324 -46.0513 -46.0676 -46.0840 -46.1033 -46.1210 -46.1368 -46.1516 -46.1661 -46.1614 -46.1759 -46.1871 -46.1954 -46.2065 -46.2185 -46.2314 -46.2436 -46.2567 -46.2697 -46.2817 -46.3018 -46.3107 -46.3448 -46.3667
-45.9355 -45.9528 -45.9662 -45.9752 -45.9878 -46.0012 -46.0156 -46.0277 -46.0350 -46.0480 -46.0641 -46.0800 -46.0945 -46.0600 -46.0783 -46.0980 -46.1137 -46.1328 -46.1490 -46.1637 -46.1821 -46.1998 -46.2152 -46.2291 -46.2433 -46.2573 -46.2523 -46.2651 -46.2732 -46.2810 -46.2926 -46.3036 -46.3155 -46.3263 -46.3389 -46.3632 -46.4091 -46.4177 -46.4250 -46.4608
-46.0300 -46.0469 -46.0609 -46.0695 -46.0805 -46.0927 -46.1069 -46.1197 -46.1264 -46.1360 -46.1515 -46.1668 -46.1809 -46.1432 -46.1603 -46.1793 -46.1984 -46.2121 -46.2286 -46.2431 -46.2590 -46.2764 -46.2918 -46.3055 -46.3187 -46.3314 -46.3469 -46.3396 -46.3489 -46.3555 -46.3648 -46.3750 -46.3855 -46.4055 -46.4319 -46.4589 -46.4849 -46.5211 -46.5281 -46.5565
-46.1230 -46.1394 -46.1539 -46.1621 -46.1715 -46.1832 -46.1963 -46.2088 -46.2166 -46.2227 -46.2374 -46.2519 -46.2656 -46.2768 -46.2415 -46.2589 -46.2764 -46.2894 -46.3063 -46.3207 -46.3342 -46.3513 -46.3669 -46.3799 -46.3922 -46.4046 -46.4173 -46.4119 -46.4227 -46.4291 -46.4352 -46.4536 -46.4779 -46.5026 -46.5260 -46.5520 -46.5772 -46.6220 -46.6282 -46.6336
-46.2148 -46.2302 -46.2449 -46.2532 -46.2609 -46.2722 -46.2841 -46.2962 -46.3050 -46.3099 -46.3216 -46.3353 -46.3486 -46.3605 -46.3210 -46.3369 -46.3539 -46.3710 -46.3818 -46.3963 -46.4092 -46.4243 -46.4398 -46.4530 -46.4643 -46.4760 -46.4869 -46.5010 -46.4933 -46.5098 -46.5292 -46.5512 -46.5743 -46.5971 -46.6194 -46.6426 -46.6668 -46.6900 -46.7252 -46.7301
-46.3051 -46.3194 -46.3340 -46.3427 -46.3493 -46.3595 -46.3703 -46.3819 -46.3916 -46.3963 -46.4041 -46.4171 -46.4301 -46.4416 -46.4496 -46.4136 -46.4300 -46.4454 -46.4616 -46.4699 -46.4827 -46.4957 -46.5108 -46.5242 -46.5352 -46.5455 -46.5561 -46.5786 -46.6060 -46.6093 -46.6279 -46.6465 -46.6684 -46.6899 -46.7106 -46.7309 -46.7539 -46.7762 -46.7972 -46.8235
-46.3935 -46.4070 -46.4211 -46.4306 -46.4363 -46.4452 -46.4549 -46.4660 -46.4761 -46.4808 -46.4851 -46.4976 -46.5098 -46.5210 -46.5296 -46.4893 -46.5043 -46.5183 -46.5341 -46.5419 -46.5542 -46.5657 -46.5800 -46.5935 -46.6061 -46.6283 -46.6514 -46.6740 -46.6998 -46.7051 -46.7241 -46.7408 -46.7601 -46.7803 -46.7998 -46.8184 -46.8385 -46.8597 -46.8800 -46.9140
-46.4803 -46.4926 -46.5066 -46.5169 -46.5221 -46.5295 -46.5382 -46.5485 -46.5580 -46.5636 -46.5667 -46.5763 -46.5878 -46.5987 -46.6078 -46.6131 -46.5770 -46.5908 -46.6049 -46.6187 -46.6240 -46.6349 -46.6550 -46.6806 -46.7043 -46.7258 -46.7468 -46.7684 -46.7912 -46.8157 -46.8176 -46.8335 -46.8494 -46.8685 -46.8869 -46.9038 -46.9210 -46.9408 -46.9600 -46.9781
-46.5656 -46.5767 -46.5903 -46.6013 -46.6063 -46.6122 -46.6205 -46.6294 -46.6384 -46.6448 -46.6475 -46.6534 -46.6641 -46.6747 -46.6838 -46.6893 -46.6483 -46.6616 -46.6742 -46.6911 -46.7141 -46.7293 -46.7513 -46.7766 -46.8000 -46.8208 -46.8402 -46.8604 -46.8805 -46.9037 -46.9263 -46.9236 -46.9376 -46.9542 -46.9714 -46.9873 -47.0025 -47.0193 -47.0375 -47.0547
-46.6492 -46.6592 -46.6723 -46.6835 -46.6889 -46.6936 -46.7011 -46.7090 -46.7172 -46.7242 -46.7266 -46.7300 -46.7391 -46.7490 -46.7578 -46.7638 -46.7700 -46.7441 -46.7660 -46.7901 -46.8125 -46.8259 -46.8464 -46.8696 -46.8927 -46.9133 -46.9320 -46.9503 -46.9688 -46.9893 -47.0107 -47.0111 -47.0242 -47.0373 -47.0536 -47.0683 -47.0823 -47.0960 -47.1124 -47.1286
-46.7324 -46.7408 -46.7528 -46.7641 -46.7697 -46.7735 -46.7803 -46.7871 -46.7948 -46.8017 -46.8041 -46.8052 -46.8124 -46.8267 -46.8448 -46.8613 -46.8745 -46.8434 -46.8645 -46.8866 -46.9084 -46.9281 -46.9397 -46.9602 -46.9826 -47.0033 -47.0213 -47.0380 -47.0551 -47.0725 -47.0929 -47.1124 -47.1082 -47.1194 -47.1332 -47.1470 -47.1596 -47.1718 -47.1848 -47.1998
-46.8144 -46.8209 -46.8317 -46.8425 -46.8488 -46.8520 -46.8578 -46.8636 -46.8709 -46.8793 -46.8906 -46.9000 -46.9135 -46.9300 -46.9475 -46.9638 -46.9765 -46.9882 -46.9606 -46.9808 -47.0019 -47.0210 -47.0388 -47.0488 -47.0699 -47.0903 -47.1080 -47.1238 -47.1394 -47.1546 -47.1726 -47.1910 -47.2069 -47.1999 -47.2102 -47.2233 -47.2345 -47.2455 -47.2557 -47.2686
-46.8954 -46.8997 -46.9091 -46.9194 -46.9263 -46.9340 -46.9457 -46.9588 -46.9727 -46.9863 -46.9978 -47.0062 -47.0170 -47.0312 -47.0477 -47.0633 -47.0761 -47.0869 -47.0546 -47.0728 -47.0930 -47.1117 -47.1283 -47.1360 -47.1547 -47.1742 -47.1920 -47.2072 -47.2213 -47.2354 -47.2498 -47.2672 -47.2837 -47.2777 -47.2861 -47.2969 -47.3072 -47.3167 -47.3258 -47.3349
-46.9825 -46.9913 -47.0044 -47.0203 -47.0339 -47.0430 -47.0530 -47.0656 -47.0784 -47.0911 -47.1027 -47.1103 -47.1183 -47.1310 -47.1456 -47.1603 -47.1734 -47.1833 -47.1925 -47.1635 -47.1818 -47.1997 -47.2156 -47.2305 -47.2371 -47.2557 -47.2732 -47.2879 -47.3009 -47.3139 -47.3260 -47.3410 -47.3563 -47.3687 -47.3604 -47.3678 -47.3773 -47.3854 -47.3932 -47.4004
-47.0946 -47.1019 -47.1127 -47.1278 -47.1411 -47.1498 -47.1585 -47.1699 -47.1816 -47.1937 -47.2050 -47.2122 -47.2181 -47.2291 -47.2414 -47.2550 -47.2679 -47.2773 -47.2849 -47.2521 -47.2682 -47.2853 -47.3007 -47.3145 -47.3274 -47.3347 -47.3513 -47.3658 -47.3783 -47.3898 -47.4010 -47.4124 -47.4265 -47.4399 -47.4479 -47.4374 -47.4448 -47.4520 -47.4582 -47.4641
-47.2048 -47.2104 -47.2188 -47.2331 -47.2462 -47.2544 -47.2616 -47.2719 -47.2823 -47.2939 -47.3043 -47.3118 -47.3169 -47.3251 -47.3352 -47.3476 -47.3593 -47.3688 -47.3756 -47.3832 -47.3527 -47.3686 -47.3833 -47.3961 -47.4081 -47.4113 -47.4269 -47.4411 -47.4529 -47.4631 -47.4734 -47.4827 -47.4942 -47.5064 -47.5155 -47.5053 -47.5097 -47.5159 -47.5208 -47.5253
-47.3129 -47.3168 -47.3242 -47.3361 -47.3486 -47.3570 -47.3629 -47.3716 -47.3810 -47.3914 -47.4014 -47.4091 -47.4135 -47.4191 -47.4278 -47.4380 -47.4487 -47.4578 -47.4640 -47.4697 -47.4356 -47.4498 -47.4634 -47.4754 -47.4864 -47.4968 -47.5001 -47.5136 -47.5248 -47.5344 -47.5432 -47.5515 -47.5603 -47.5705 -47.5806 -47.5854 -47.5732 -47.5771 -47.5810 -47.5830
-47.4188 -47.4211 -47.4276 -47.4368 -47.4486 -47.4573 -47.4624 -47.4691 -47.4777 -47.4868 -47.4958 -47.5039 -47.5077 -47.5109 -47.5186 -47.5261 -47.5358 -47.5447 -47.5498 -47.5541 -47.5600 -47.5285 -47.5414 -47.5526 -47.5624 -47.5713 -47.5819 -47.5833 -47.5942 -47.6029 -47.6104 -47.6178 -47.6243 -47.6327 -47.6411 -47.6468 -47.6495 -47.6347 -47.6375 -47.6393
-47.5225 -47.5239 -47.5290 -47.5357 -47.5464 -47.5550 -47.5597 -47.5648 -47.5721 -47.5799 -47.5880 -47.5955 -47.5995 -47.6016 -47.6072 -47.6134 -47.6207 -47.6285 -47.6334 -47.6364 -47.6408 -47.6452 -47.6170 -47.6274 -47.6359 -47.6439 -47.6519 -47.6507 -47.6609 -47.6688 -47.6753 -47.6815 -47.6867 -47.6927 -47.6992 -47.7045 -47.7062 -47.6914 -47.6926 -47.6932
-47.6240 -47.6245 -47.6281 -47.6334 -47.6423 -47.6504 -47.6546 -47.6585 -47.6646 -47.6707 -47.6780 -47.6845 -47.6885 -47.6904 -47.6936 -47.6984 -47.7038 -47.7101 -47.7150 -47.7167 -47.7189 -47.7226 -47.6903 -47.6998 -47.7074 -47.7141 -47.7202 -47.7283 -47.7248 -47.7323 -47.7378 -47.7424 -47.7469 -47.7493 -47.7546 -47.7591 -47.7614 -47.7606 -47.7448 -47.7446
-47.7232 -47.7228 -47.7251 -47.7290 -47.7361 -47.7439 -47.7473 -47.7498 -47.7549 -47.7598 -47.7657 -47.7712 -47.7752 -47.7763 -47.7777 -47.7816 -47.7854 -47.7899 -47.7941 -47.7948 -47.7950 -47.7975 -47.7998 -47.7699 -47.7769 -47.7821 -47.7868 -47.7925 -47.7990 -47.7931 -47.7977 -47.7999 -47.8033 -47.8055 -47.8085 -47.8117 -47.8140 -47.8123 -47.8089 -47.7933
-47.8203 -47.8190 -47.8198 -47.8227 -47.8278 -47.8350 -47.8381 -47.8393 -47.8428 -47.8470 -47.8515 -47.8558 -47.8596 -47.8598 -47.8591 -47.8625 -47.8650 -47.8676 -47.8708 -47.8707 -47.8696 -47.8699 -47.8709 -47.8376 -47.8437 -47.8479 -47.8513 -47.8546 -47.8598 -47.8504 -47.8540 -47.8563 -47.8579 -47.8595 -47.8599 -47.8620 -47.8629 -47.8613 -47.8569 -47.8388
-47.9154 -47.9134 -47.9123 -47.9145 -47.9182 -47.9237 -47.9268 -47.9270 -47.9285 -47.9318 -47.9352 -47.9384 -47.9411 -47.9410 -47.9395 -47.9406 -47.9423 -47.9437 -47.9453 -47.9447 -47.9422 -47.9402 -47.9399 -47.9401 -47.9081 -47.9116 -47.9138 -47.9140 -47.9172 -47.9202 -47.9091 -47.9101 -47.9101 -47.9105 -47.9098 -47.9098 -47.9095 -47.9076 -47.9023 -47.8957
-48.0081 -48.0056 -48.0029 -48.0041 -48.0064 -48.0102 -48.0132 -48.0127 -48.0126 -48.0145 -48.0165 -48.0189 -48.0205 -48.0200 -48.0176 -48.0163 -48.0171 -48.0177 -48.0175 -48.0167 -48.0128 -48.0087 -48.0068 -48.0049 -47.9701 -47.9719 -47.9728 -47.9730 -47.9733 -47.9752 -47.9619 -47.9615 -47.9604 -47.9590 -47.9573 -47.9551 -47.9537 -47.9511 -47.9448 -47.9373
-48.0987 -48.0955 -48.0919 -48.0917 -48.0925 -48.0945 -48.0973 -48.0962 -48.0947 -48.0952 -48.0956 -48.0971 -48.0977 -48.0969 -48.0934 -48.0899 -48.0896 -48.0891 -48.0879 -48.0860 -48.0814 -48.0756 -48.0715 -48.0670 -48.0644 -48.0306 -48.0305 -48.0296 -48.0279 -48.0278 -48.0273 -48.0110 -48.0082 -48.0050 -48.0021 -47.9984 -47.9953 -47.9915 -47.9857 -47.9760
-48.1871 -48.1833 -48.1787 -48.1770 -48.1766 -48.1775 -48.1791 -48.1775 -48.1746 -48.1739 -48.1731 -48.1731 -48.1727 -48.1717 -48.1671 -48.1617 -48.1598 -48.1579 -48.1560 -48.1527 -48.1479 -48.1399 -48.1331 -48.1281 -48.1238 -48.0867 -48.0861 -48.0839 -48.0807 -48.0783 -48.0765 -48.0736 -48.0540 -48.0490 -48.0444 -48.0394 -48.0345 -48.0295 -48.0234 -48.0127
-48.2732 -48.2690 -48.2634 -48.2602 -48.2584 -48.2585 -48.2586 -48.2567 -48.2528 -48.2505 -48.2488 -48.2472 -48.2455 -48.2435 -48.2387 -48.2323 -48.2278 -48.2245 -48.2215 -48.2161 -48.2111 -48.2031 -48.1944 -48.1873 -48.1808 -48.1751 -48.1391 -48.1358 -48.1315 -48.1268 -48.1234 -48.1192 -48.0976 -48.0911 -48.0843 -48.0781 -48.0710 -48.0650 -48.0576 -48.0476
-48.3572 -48.3525 -48.3461 -48.3412 -48.3384 -48.3373 -48.3358 -48.3336 -48.3289 -48.3250 -48.3223 -48.3193 -48.3164 -48.3130 -48.3079 -48.3008 -48.2938 -48.2882 -48.2838 -48.2784 -48.2724 -48.2640 -48.2540 -48.2449 -48.2361 -48.2288 -48.1896 -48.1852 -48.1800 -48.1736 -48.1683 -48.1625 -48.1558 -48.1311 -48.1223 -48.1142 -48.1058 -48.0976 -48.0895 -48.0793
-48.4395 -48.4338 -48.4266 -48.4203 -48.4164 -48.4139 -48.4115 -48.4082 -48.4027 -48.3974 -48.3936 -48.3893 -48.3854 -48.3806 -48.3749 -48.3658 -48.3569 -48.3509 -48.3448 -48.3384 -48.3306 -48.3224 -48.3115 -48.3004 -48.2903 -48.2804 -48.2710 -48.2326 -48.2260 -48.2184 -48.2109 -48.2040 -48.1958 -48.1859 -48.1586 -48.1480 -48.1382 -48.1278 -48.1185 -48.1076
-48.5198 -48.5135 -48.5051 -48.4971 -48.4925 -48.4885 -48.4850 -48.4806 -48.4744 -48.4676 -48.4627 -48.4572 -48.4522 -48.4454 -48.4389 -48.4295 -48.4195 -48.4117 -48.4039 -48.3962 -48.3872 -48.3779 -48.3667 -48.3539 -48.3424 -48.3304 -48.3190 -48.2778 -48.2695 -48.2610 -48.2515 -48.2430 -48.2336 -48.2226 -48.1926 -48.1802 -48.1682 -48.1563 -48.1448 -48.1333
-48.5983 -48.5913 -48.5820 -48.5725 -48.5663 -48.5610 -48.5565 -48.5509 -48.5439 -48.5358 -48.5294 -48.5222 -48.5159 -48.5090 -48.5015 -48.4914 -48.4801 -48.4700 -48.4612 -48.4519 -48.4416 -48.4309 -48.4188 -48.4056 -48.3923 -48.3789 -48.3657 -48.3520 -48.3112 -48.3009 -48.2902 -48.2798 -48.2692 -48.2573 -48.2431 -48.2106 -48.1965 -48.1825 -48.1687 -48.1559
-48.6748 -48.6670 -48.6569 -48.6463 -48.6382 -48.6314 -48.6259 -48.6197 -48.6114 -48.6013 -48.5932 -48.5857 -48.5783 -48.5705 -48.5618 -48.5513 -48.5387 -48.5262 -48.5162 -48.5059 -48.4939 -48.4817 -48.4686 -48.4542 -48.4399 -48.4253 -48.4105 -48.3950 -48.3509 -48.3391 -48.3266 -48.3142 -48.3024 -48.2893 -48.2742 -48.2576 -48.2226 -48.2069 -48.1909 -48.1828
