-42.9981 -43.1268 -43.2585 -43.3910 -43.5207 -43.6500 -43.7801 -43.9037 -44.0286 -44.1490 -44.2711 -44.3954 -44.5154 -44.6340 -44.7513 -44.8656 -44.9783 -45.0893 -45.2009 -45.3132 -45.4258 -45.5327 -45.6412 -45.7471 -45.8518 -45.9575 -46.0589 -46.1599 -46.2607 -46.3609 -46.4608 -46.5607 -46.6607 -46.7602 -46.8599 -46.9563 -47.0505 -47.1372 -47.2273 -47.3166
-42.9070 -43.0437 -43.1769 -43.3106 -43.4414 -43.5711 -43.7028 -43.8292 -43.9555 -44.0767 -44.2044 -44.3268 -44.4468 -44.5638 -44.6802 -44.7953 -44.9113 -45.0274 -45.1424 -45.2557 -45.3680 -45.4739 -45.5812 -45.6872 -45.7923 -45.8996 -46.0032 -46.1057 -46.2077 -46.3097 -46.4132 -46.5149 -46.6156 -46.7147 -46.8115 -46.9045 -46.9975 -47.0839 -47.1745 -47.2651
-42.8221 -42.9603 -43.0948 -43.2291 -43.3622 -43.4946 -43.6250 -43.7548 -43.8829 -44.0059 -44.1327 -44.2533 -44.3734 -44.4935 -44.6148 -44.7349 -44.8532 -44.9694 -45.0827 -45.1947 -45.3063 -45.4125 -45.5214 -45.6294 -45.7362 -45.8442 -45.9501 -46.0558 -46.1603 -46.2633 -46.3657 -46.4666 -46.5638 -46.6600 -46.7556 -46.8493 -46.9428 -47.0322 -47.1272 -47.2201
-42.7371 -42.8762 -43.0151 -43.1502 -43.2843 -43.4182 -43.5505 -43.6799 -43.8097 -43.9317 -44.0587 -44.1839 -44.3092 -44.4327 -44.5546 -44.6738 -44.7908 -44.9060 -45.0195 -45.1324 -45.2459 -45.3543 -45.4640 -45.5740 -45.6841 -45.7945 -45.9016 -46.0071 -46.1106 -46.2108 -46.3102 -46.4085 -46.5068 -46.6044 -46.7028 -46.8001 -46.8960 -46.9863 -47.0806 -47.1747
-42.6527 -42.7947 -42.9356 -43.0732 -43.2103 -43.3457 -43.4754 -43.6046 -43.7314 -43.8608 -43.9933 -44.1209 -44.2463 -44.3690 -44.4896 -44.6085 -44.7261 -44.8429 -44.9585 -45.0726 -45.1876 -45.2994 -45.4123 -45.5240 -45.6342 -45.7432 -45.8473 -45.9500 -46.0518 -46.1523 -46.2531 -46.3550 -46.4557 -46.5564 -46.6553 -46.7526 -46.8486 -46.9390 -47.0335 -47.1270
-42.5739 -42.7183 -42.8607 -43.0000 -43.1336 -43.2676 -43.3991 -43.5326 -43.6618 -43.7955 -43.9275 -44.0543 -44.1791 -44.3019 -44.4239 -44.5445 -44.6612 -44.7819 -44.9005 -45.0180 -45.1331 -45.2477 -45.3595 -45.4683 -45.5756 -45.6828 -45.7870 -45.8913 -45.9962 -46.1006 -46.2040 -46.3062 -46.4070 -46.5068 -46.6063 -46.7039 -46.8001 -46.8910 -46.9861 -47.0802
-42.4957 -42.6396 -42.7806 -42.9193 -43.0583 -43.1945 -43.3290 -43.4640 -43.5937 -43.7295 -43.8583 -43.9857 -44.1119 -44.2365 -44.3598 -44.4833 -44.6059 -44.7270 -44.8465 -44.9632 -45.0755 -45.1873 -45.2975 -45.4066 -45.5158 -45.6262 -45.7340 -45.8405 -45.9457 -46.0501 -46.1536 -46.2559 -46.3571 -46.4570 -46.5561 -46.6551 -46.7516 -46.8429 -46.9379 -47.0320
-42.4121 -42.5563 -42.7017 -42.8448 -42.9855 -43.1218 -43.2578 -43.3928 -43.5228 -43.6573 -43.7897 -43.9183 -44.0471 -44.1754 -44.3019 -44.4268 -44.5488 -44.6650 -44.7841 -44.8992 -45.0118 -45.1259 -45.2397 -45.3523 -45.4634 -45.5738 -45.6818 -45.7885 -45.8938 -45.9985 -46.1022 -46.2051 -46.3069 -46.4070 -46.5062 -46.6041 -46.7015 -46.7934 -46.8891 -46.9850
-42.3318 -42.4802 -42.6259 -42.7688 -42.9104 -43.0488 -43.1850 -43.3211 -43.4526 -43.5891 -43.7228 -43.8572 -43.9878 -44.1157 -44.2399 -44.3623 -44.4827 -44.6016 -44.7209 -44.8395 -44.9558 -45.0714 -45.1856 -45.2983 -45.4095 -45.5202 -45.6285 -45.7355 -45.8417 -45.9464 -46.0502 -46.1529 -46.2546 -46.3554 -46.4558 -46.5556 -46.6548 -46.7498 -46.8476 -46.9443
-42.2526 -42.4011 -42.5473 -42.6922 -42.8352 -42.9749 -43.1126 -43.2500 -43.3881 -43.5270 -43.6607 -43.7928 -43.9210 -44.0473 -44.1719 -44.2971 -44.4211 -44.5433 -44.6640 -44.7832 -44.8999 -45.0157 -45.1301 -45.2433 -45.3555 -45.4667 -45.5753 -45.6827 -45.7889 -45.8944 -45.9991 -46.1037 -46.2081 -46.3115 -46.4138 -46.5145 -46.6139 -46.7081 -46.8065 -46.9040
-42.1711 -42.3209 -42.4693 -42.6156 -42.7624 -42.9062 -43.0490 -43.1850 -43.3214 -43.4582 -43.5902 -43.7205 -43.8538 -43.9835 -44.1118 -44.2385 -44.3635 -44.4869 -44.6084 -44.7281 -44.8453 -44.9621 -45.0767 -45.1900 -45.3019 -45.4132 -45.5224 -45.6314 -45.7403 -45.8484 -45.9553 -46.0610 -46.1656 -46.2687 -46.3712 -46.4728 -46.5730 -46.6684 -46.7668 -46.8649
-42.0894 -42.2435 -42.3961 -42.5467 -42.6948 -42.8377 -42.9793 -43.1142 -43.2516 -43.3916 -43.5272 -43.6611 -43.7932 -43.9259 -44.0548 -44.1821 -44.3077 -44.4314 -44.5526 -44.6721 -44.7893 -44.9058 -45.0210 -45.1356 -45.2506 -45.3646 -45.4765 -45.5870 -45.6962 -45.8041 -45.9114 -46.0179 -46.1231 -46.2273 -46.3304 -46.4321 -46.5327 -46.6282 -46.7258 -46.8226
-42.0187 -42.1758 -42.3279 -42.4771 -42.6225 -42.7673 -42.9116 -43.0514 -43.1923 -43.3306 -43.4669 -43.6014 -43.7342 -43.8673 -43.9969 -44.1238 -44.2488 -44.3722 -44.4939 -44.6143 -44.7328 -44.8545 -44.9726 -45.0893 -45.2045 -45.3183 -45.4308 -45.5422 -45.6522 -45.7612 -45.8691 -45.9757 -46.0812 -46.1848 -46.2871 -46.3880 -46.4427 -46.5387 -46.6375 -46.7352
-41.9438 -42.1010 -42.2546 -42.4065 -42.5550 -42.7023 -42.8474 -42.9880 -43.1312 -43.2685 -43.4057 -43.5405 -43.6733 -43.8041 -43.9350 -44.0624 -44.1906 -44.3175 -44.4426 -44.5193 -44.6410 -44.7612 -44.8807 -44.9987 -45.1152 -45.2307 -45.3441 -45.4563 -45.5671 -45.6759 -45.7835 -45.8900 -45.9953 -46.0996 -46.2029 -46.3048 -46.4059 -46.5032 -46.6033 -46.7021
-41.8702 -41.9776 -42.1364 -42.2903 -42.4403 -42.5890 -42.7333 -42.8778 -43.0225 -43.1610 -43.2991 -43.4351 -43.5712 -43.7062 -43.8393 -43.9728 -44.1025 -44.2299 -44.3563 -44.4803 -44.6030 -44.7224 -44.8439 -44.9622 -45.0781 -45.1926 -45.3053 -45.4166 -45.5268 -45.6359 -45.7439 -45.8510 -45.9577 -46.0633 -46.1678 -46.2708 -46.3727 -46.4702 -46.5701 -46.6692
-41.7618 -41.9207 -42.0790 -42.2334 -42.3849 -42.5344 -42.6794 -42.8241 -42.9707 -43.1145 -43.2542 -43.3934 -43.5304 -43.6653 -43.7988 -43.9325 -44.0626 -44.1908 -44.3174 -44.4415 -44.5632 -44.6834 -44.8021 -44.9195 -45.0354 -45.1503 -45.2635 -45.3765 -45.4882 -45.5987 -45.7081 -45.8162 -45.9230 -46.0287 -46.1341 -46.2380 -46.3404 -46.4382 -46.5385 -46.6378
-41.7020 -41.8621 -42.0193 -42.1750 -42.3289 -42.4826 -42.6315 -42.7800 -42.9281 -43.0717 -43.2117 -43.3512 -43.4888 -43.6243 -43.7580 -43.8888 -44.0195 -44.1467 -44.2722 -44.3956 -44.5178 -44.6385 -44.7591 -44.8782 -44.9958 -45.1121 -45.2267 -45.3399 -45.4517 -45.5633 -45.6735 -45.7825 -45.8904 -45.9970 -46.1020 -46.2054 -46.3076 -46.4056 -46.5057 -46.6049
-41.6424 -41.8065 -41.9678 -42.1254 -42.2834 -42.4375 -42.5872 -42.7380 -42.8842 -43.0283 -43.1698 -43.3062 -43.4424 -43.5767 -43.7092 -43.8399 -43.9690 -44.1002 -44.2278 -44.3530 -44.4772 -44.5996 -44.7203 -44.8396 -44.9582 -45.0755 -45.1909 -45.3051 -45.4179 -45.5297 -45.6402 -45.7495 -45.8567 -45.9625 -46.0673 -46.1706 -46.2729 -46.3710 -46.4714 -46.5709
-41.5943 -41.7590 -41.9207 -42.0790 -42.2356 -42.3917 -42.5397 -42.6887 -42.8336 -42.9763 -43.1169 -43.2556 -43.3922 -43.5289 -43.6636 -43.7965 -43.9275 -44.0589 -44.1867 -44.3129 -44.4380 -44.5613 -44.6831 -44.8033 -44.9221 -45.0397 -45.1554 -45.2697 -45.3827 -45.4944 -45.6041 -45.7126 -45.8199 -45.9261 -46.0312 -46.1348 -46.2375 -46.3361 -46.4377 -46.5383
-41.5450 -41.7097 -41.8697 -42.0263 -42.1806 -42.3325 -42.4826 -42.6338 -42.7815 -42.9270 -43.0701 -43.2111 -43.3484 -43.4854 -43.6209 -43.7546 -43.8865 -44.0166 -44.1473 -44.2739 -44.3993 -44.5230 -44.6450 -44.7655 -44.8828 -45.0020 -45.1179 -45.2321 -45.3445 -45.4558 -45.5660 -45.6755 -45.7841 -45.8915 -45.9978 -46.1027 -46.2065 -46.3062 -46.4080 -46.5088
-41.4854 -41.6487 -41.8096 -41.9697 -42.1271 -42.2802 -42.4345 -42.5867 -42.7346 -42.8808 -43.0249 -43.1667 -43.3065 -43.4427 -43.5787 -43.7129 -43.8452 -43.9757 -44.1046 -44.2334 -44.3590 -44.4830 -44.6053 -44.7260 -44.8455 -44.9638 -45.0802 -45.1953 -45.3090 -45.4216 -45.5330 -45.6431 -45.7521 -45.8598 -45.9663 -46.0716 -46.1754 -46.2753 -46.3771 -46.4779
-41.4320 -41.5971 -41.7594 -41.9193 -42.0772 -42.2310 -42.3841 -42.5388 -42.6878 -42.8346 -42.9795 -43.1221 -43.2625 -43.3992 -43.5356 -43.6700 -43.8026 -43.9334 -44.0633 -44.1933 -44.3202 -44.4454 -44.5691 -44.6905 -44.8105 -44.9271 -45.0454 -45.1584 -45.2749 -45.3878 -45.4993 -45.6096 -45.7186 -45.8263 -45.9329 -46.0382 -46.1422 -46.2423 -46.3443 -46.4453
-41.3478 -41.5150 -41.6775 -41.8393 -41.9991 -42.1545 -42.3108 -42.4629 -42.6148 -42.7626 -42.9082 -43.0521 -43.1946 -43.3348 -43.4946 -43.6304 -43.7643 -43.8963 -44.0266 -44.1547 -44.2837 -44.4087 -44.5320 -44.6536 -44.7739 -44.8923 -45.0092 -45.1247 -45.2390 -45.3520 -45.4638 -45.5742 -45.6834 -45.7919 -45.8995 -46.0057 -46.1107 -46.2119 -46.3149 -46.4169
-41.2884 -41.4571 -41.6212 -41.7840 -41.9443 -42.1013 -42.2592 -42.4130 -42.5662 -42.7156 -42.8627 -43.0076 -43.1503 -43.2909 -43.4275 -43.5638 -43.6983 -43.8309 -43.9619 -44.0900 -44.2188 -44.3442 -44.4681 -44.5903 -44.7113 -44.8311 -44.9494 -45.0663 -45.1820 -45.2964 -45.4095 -45.5213 -45.6538 -45.7629 -45.8708 -45.9773 -46.0826 -46.1842 -46.2876 -46.3901
-41.2340 -41.4034 -41.5707 -41.7343 -41.8946 -42.0537 -42.2115 -42.3652 -42.5165 -42.6675 -42.8147 -42.9598 -43.1028 -43.2438 -43.3827 -43.5181 -43.6537 -43.7870 -43.9181 -44.0478 -44.1758 -44.3044 -44.4295 -44.5530 -44.6751 -44.7953 -44.9140 -45.0314 -45.1475 -45.2623 -45.3755 -45.4875 -45.5982 -45.7078 -45.8161 -45.9231 -46.0288 -46.1308 -46.2345 -46.3372
-41.1840 -41.3532 -41.5202 -41.6845 -41.8435 -42.0025 -42.1606 -42.3153 -42.4681 -42.6187 -42.7689 -42.9152 -43.0594 -43.2018 -43.3419 -43.4794 -43.6134 -43.7473 -43.8789 -44.0088 -44.1371 -44.2638 -44.3910 -44.5147 -44.6371 -44.7574 -44.8764 -44.9939 -45.1102 -45.2252 -45.3388 -45.4512 -45.5623 -45.6722 -45.7809 -45.8882 -45.9944 -46.0970 -46.2012 -46.3043
-41.1317 -41.3032 -41.4724 -41.6387 -41.7997 -41.9604 -42.1200 -42.2757 -42.4288 -42.5792 -42.7272 -42.8752 -43.0191 -43.1606 -43.3001 -43.4377 -43.5717 -43.7055 -43.8371 -43.9673 -44.0958 -44.2227 -44.3500 -44.4742 -44.5972 -44.7185 -44.8382 -44.9565 -45.0720 -45.1890 -45.3032 -45.4162 -45.5278 -45.6382 -45.7474 -45.8551 -45.9617 -46.0646 -46.1690 -46.2723
-41.0880 -41.2587 -41.4277 -41.5938 -41.7558 -41.9170 -42.0750 -42.2306 -42.3837 -42.5345 -42.6828 -42.8307 -42.9753 -43.1179 -43.2585 -43.3971 -43.5337 -43.6668 -43.7992 -43.9302 -44.0596 -44.1871 -44.3131 -44.4395 -44.5627 -44.6840 -44.8037 -44.9221 -45.0390 -45.1546 -45.2689 -45.3819 -45.4938 -45.6046 -45.7142 -45.8225 -45.9296 -46.0330 -46.1379 -46.2417
-41.0380 -41.2109 -41.3802 -41.5473 -41.7104 -41.8736 -42.0318 -42.1885 -42.3425 -42.4939 -42.6430 -42.7899 -42.9365 -43.0794 -43.2203 -43.3592 -43.4962 -43.6298 -43.7627 -43.8942 -44.0239 -44.1520 -44.2786 -44.4034 -44.5290 -44.6509 -44.7712 -44.8901 -45.0076 -45.1223 -45.2385 -45.3520 -45.4642 -45.5752 -45.6849 -45.7933 -45.9005 -46.0041 -46.1092 -46.2131
-40.9922 -41.1659 -41.3367 -41.5026 -41.6678 -41.8317 -41.9903 -42.1470 -42.3013 -42.4533 -42.6030 -42.7505 -42.8959 -43.0411 -43.1826 -43.3221 -43.4597 -43.5954 -43.7273 -43.8592 -43.9895 -44.1180 -44.2449 -44.3703 -44.4963 -44.6187 -44.7396 -44.8590 -44.9770 -45.0936 -45.2088 -45.3227 -45.4353 -45.5466 -45.6567 -45.7655 -45.8730 -45.9770 -46.0823 -46.1865
-40.9479 -41.1221 -41.2937 -41.4610 -41.6260 -41.7902 -41.9505 -42.1073 -42.2624 -42.4152 -42.5657 -42.7139 -42.8600 -43.0039 -43.1478 -43.2878 -43.4260 -43.5622 -43.6948 -43.8272 -43.9579 -44.0868 -44.2141 -44.3398 -44.4640 -44.5886 -44.7097 -44.8294 -44.9476 -45.0644 -45.1785 -45.2939 -45.4067 -45.5183 -45.6286 -45.7375 -45.8452 -45.9495 -46.0550 -46.1594
-40.9124 -41.0872 -41.2586 -41.4252 -41.5904 -41.7536 -41.9137 -42.0716 -42.2261 -42.3790 -42.5297 -42.6782 -42.8244 -42.9686 -43.1125 -43.2529 -43.3913 -43.5278 -43.6622 -43.7935 -43.9245 -44.0537 -44.1813 -44.3073 -44.4318 -44.5546 -44.6780 -44.7981 -44.9166 -45.0338 -45.1495 -45.2640 -45.3771 -45.4889 -45.5996 -45.7088 -45.8169 -45.9215 -46.0273 -46.1321
-40.8684 -41.0431 -41.2147 -41.3822 -41.5493 -41.7126 -41.8726 -42.0307 -42.1854 -42.3386 -42.4895 -42.6384 -42.7854 -42.9303 -43.0731 -43.2158 -43.3548 -43.4920 -43.6270 -43.7605 -43.8907 -44.0205 -44.1487 -44.2752 -44.4003 -44.5236 -44.6474 -44.7680 -44.8871 -45.0048 -45.1210 -45.2359 -45.3495 -45.4618 -45.5729 -45.6826 -45.7910 -45.8956 -46.0014 -46.1061
-40.8530 -41.0283 -41.2005 -41.3686 -41.5363 -41.7001 -41.8612 -42.0192 -42.1753 -42.3281 -42.4794 -42.6285 -42.7754 -42.9201 -43.0628 -43.2035 -43.3442 -43.4813 -43.6167 -43.7504 -43.8809 -44.0108 -44.1391 -44.2658 -44.3910 -44.5144 -44.6363 -44.7589 -44.8782 -44.9960 -45.1123 -45.2274 -45.3411 -45.4535 -45.5640 -45.6733 -45.7813 -45.8859 -45.9917 -46.0964
-40.7906 -40.9664 -41.1380 -41.3078 -41.4760 -41.6403 -41.8019 -41.9610 -42.1171 -42.2713 -42.4223 -42.5719 -42.7193 -42.8646 -43.0078 -43.1490 -43.2882 -43.4273 -43.5629 -43.6968 -43.8289 -43.9579 -44.0868 -44.2140 -44.3396 -44.4635 -44.5860 -44.7070 -44.8288 -44.9471 -45.0639 -45.1789 -45.2927 -45.4052 -45.5163 -45.6261 -45.7347 -45.8400 -45.9464 -46.0516
-40.7725 -40.9486 -41.1206 -41.2907 -41.4592 -41.6238 -41.7856 -41.9449 -42.1011 -42.2555 -42.4067 -42.5564 -42.7038 -42.8492 -42.9924 -43.1337 -43.2729 -43.4119 -43.5475 -43.6814 -43.8134 -43.9425 -44.0710 -44.1978 -44.3231 -44.4467 -44.5689 -44.6899 -44.8112 -44.9294 -45.0460 -45.1612 -45.2751 -45.3878 -45.4994 -45.6095 -45.7184 -45.8240 -45.9306 -46.0361
-40.7480 -40.9238 -41.0956 -41.2654 -41.4337 -41.5980 -41.7597 -41.9188 -42.0754 -42.2290 -42.3809 -42.5295 -42.6768 -42.8220 -42.9651 -43.1062 -43.2453 -43.3823 -43.5197 -43.6540 -43.7864 -43.9172 -44.0448 -44.1721 -44.2977 -44.4213 -44.5435 -44.6642 -44.7836 -44.9035 -45.0202 -45.1356 -45.2497 -45.3626 -45.4742 -45.5844 -45.6935 -45.7993 -45.9061 -46.0117
-40.7223 -40.8986 -41.0708 -41.2411 -41.4101 -41.5755 -41.7382 -41.8983 -42.0560 -42.2112 -42.3635 -42.5141 -42.6611 -42.8065 -42.9498 -43.0912 -43.2305 -43.3677 -43.5032 -43.6389 -43.7710 -43.9014 -44.0285 -44.1550 -44.2799 -44.4032 -44.5234 -44.6454 -44.7643 -44.8820 -45.0003 -45.1152 -45.2288 -45.3412 -45.4522 -45.5619 -45.6706 -45.7762 -45.8828 -45.9882
-40.6996 -40.8742 -41.0467 -41.2175 -41.3844 -41.5485 -41.7101 -41.8692 -42.0261 -42.1816 -42.3347 -42.4850 -42.6328 -42.7792 -42.9235 -43.0658 -43.2062 -43.3443 0.0000 0.0000 -56.4352 -54.2768 -53.3951 -52.9691 -52.7610 -52.6619 -52.6271 -52.6334 -52.6672 -52.7202 -52.7999 -52.8785 -52.9647 -53.0572 -53.1545 -53.2548 -53.3576 -45.7621 -45.8685 -45.9739
-40.6793 -40.8547 -41.0281 -41.1996 -41.3674 -41.5324 -41.6946 -41.8539 -42.0106 -42.1648 -42.3167 -42.4667 -42.6140 -42.7587 -42.9022 -43.0437 -43.1831 -43.3204 -43.4615 -57.6696 -56.6742 -55.8979 -55.3294 -54.5636 -54.0800 -53.7828 -53.5951 -53.4800 -53.4144 -53.3839 -53.3796 -53.4089 -53.4390 -53.4804 -53.5312 -53.5885 -53.6516 -53.7077 -53.7805 -53.8565
