-62.1205 -62.2981 -62.4688 -62.6194 -62.7798 -62.9470 -63.0965 -63.2415 -63.3826 -63.5195 -63.6486 -63.7793 -63.9065 -64.0030 -64.1229 -64.2403 -64.3243 -64.4361 -64.5857 -64.6961 -64.8045 -64.9112 -65.0159 -65.1185 -65.2176 -65.3152 -65.4111 -65.5058 -65.5989 -65.6908 -65.7814 -65.8708 -65.9590 -66.0461 -66.1322 -66.2174 -66.2988 -66.3823 -66.3642 -66.4437
-61.9036 -62.0874 -62.2643 -62.4350 -62.5869 -62.7482 -62.9142 -63.0642 -63.2100 -63.3515 -63.4897 -63.6198 -63.7515 -63.8801 -63.9797 -64.1007 -64.1893 -64.3046 -64.4175 -64.5665 -64.6777 -64.7871 -64.8946 -65.0003 -65.1039 -65.2040 -65.3026 -65.3997 -65.4951 -65.5893 -65.6820 -65.7735 -65.8637 -65.9528 -66.0408 -66.1278 -66.2138 -66.2960 -66.3805 -66.3640
-61.6969 -61.8862 -62.0685 -62.2444 -62.4145 -62.5668 -62.7382 -62.8928 -63.0430 -63.1891 -63.3309 -63.4696 -63.6003 -63.7326 -63.8618 -63.9643 -64.0575 -64.1758 -64.2918 -64.4056 -64.5539 -64.6658 -64.7758 -64.8840 -64.9903 -65.0948 -65.1958 -65.2951 -65.3928 -65.4892 -65.5841 -65.6776 -65.7698 -65.8608 -65.9506 -66.0393 -66.1270 -66.2137 -66.2996 -66.2850
-61.5100 -61.6949 -61.8816 -62.0620 -62.2365 -62.3932 -62.5577 -62.7275 -62.8817 -63.0316 -63.1772 -63.3194 -63.4582 -63.5892 -63.7217 -63.8514 -63.9286 -64.0500 -64.1689 -64.2854 -64.3997 -64.5473 -64.6597 -64.7701 -64.8787 -64.9856 -65.0908 -65.1924 -65.2923 -65.3907 -65.4875 -65.5831 -65.6772 -65.7701 -65.8617 -65.9520 -66.0414 -66.1296 -66.2169 -66.3035
-61.3243 -61.5139 -61.7041 -61.8882 -62.0664 -62.2389 -62.3950 -62.5685 -62.7263 -62.8796 -63.0287 -63.1742 -63.3160 -63.4546 -63.5856 -63.7181 -63.8212 -63.9273 -64.0489 -64.1681 -64.2850 -64.3996 -64.5130 -64.6589 -64.7696 -64.8786 -64.9858 -65.0914 -65.1935 -65.2938 -65.3928 -65.4902 -65.5861 -65.6807 -65.7740 -65.8661 -65.9570 -66.0468 -66.1355 -66.2234
-61.1521 -61.3440 -61.5365 -61.7233 -61.9045 -62.0800 -62.2393 -62.4058 -62.5769 -62.7333 -62.8854 -63.0338 -63.1787 -63.3200 -63.4582 -63.5888 -63.6956 -63.8288 -63.9321 -64.0536 -64.1729 -64.2899 -64.4047 -64.5174 -64.6631 -64.7740 -64.8831 -64.9906 -65.0963 -65.1989 -65.2996 -65.3988 -65.4965 -65.5929 -65.6878 -65.7815 -65.8739 -65.9652 -66.0554 -66.1445
-61.0010 -61.1883 -61.3802 -61.5681 -61.7512 -61.9291 -62.1021 -62.2597 -62.4247 -62.5928 -62.7478 -62.8987 -63.0462 -63.1900 -63.3307 -63.4681 -63.5738 -63.7047 -63.8376 -63.9422 -64.0637 -64.1829 -64.2998 -64.4146 -64.5274 -64.6721 -64.7829 -64.8920 -64.9995 -65.1053 -65.2082 -65.3091 -65.4086 -65.5065 -65.6031 -65.6983 -65.7922 -65.8850 -65.9765 -66.0670
-52.6448 -61.0606 -61.2399 -61.4248 -61.6077 -61.7866 -61.9612 -62.1209 -62.2873 -62.4583 -62.6156 -62.7688 -62.9184 -63.0647 -63.2076 -63.3473 -63.4602 -63.5890 -63.7195 -63.8518 -63.9575 -64.0787 -64.1976 -64.3144 -64.4291 -64.5417 -64.6852 -64.7959 -64.9051 -65.0124 -65.1182 -65.2212 -65.3222 -65.4218 -65.5200 -65.6166 -65.7121 -65.8061 -65.8990 -65.9908
-52.7054 -52.7651 -61.1420 -61.3009 -61.4768 -61.6541 -61.8288 -61.9999 -62.1572 -62.3211 -62.4891 -62.6443 -62.7960 -62.9441 -63.0890 -63.2306 -63.3464 -63.4770 -63.6095 -63.7391 -63.8708 -63.9773 -64.0980 -64.2167 -64.3331 -64.4475 -64.5599 -64.7024 -64.8129 -64.9217 -65.0289 -65.1347 -65.2377 -65.3388 -65.4384 -65.5365 -65.6332 -65.7288 -65.8229 -65.9159
-52.7692 -52.8267 -52.8867 -52.9489 -61.3728 -61.5363 -61.7069 -61.8770 -62.0444 -62.1993 -62.3687 -62.5255 -62.6786 -62.8284 -62.9750 -63.1183 -63.2366 -63.3734 -63.5031 -63.6345 -63.7633 -63.8942 -64.0014 -64.1217 -64.2397 -64.3558 -64.4699 -64.5819 -64.7232 -64.8334 -64.9420 -65.0490 -65.1544 -65.2575 -65.3584 -65.4579 -65.5560 -65.6527 -65.7482 -65.8424
-52.8330 -52.8900 -52.9496 -53.0090 -53.0698 -61.4588 -61.6036 -61.7659 -61.9306 -62.0848 -62.2464 -62.4124 -62.5666 -62.7178 -62.8657 -63.0105 -63.1310 -63.2692 -63.4047 -63.5333 -63.6638 -63.7916 -63.9218 -64.0293 -64.1490 -64.2665 -64.3820 -64.4957 -64.6074 -64.7181 -64.8572 -64.9655 -65.0721 -65.1773 -65.2802 -65.3810 -65.4803 -65.5783 -65.6749 -65.7704
-61.2320 -52.9532 -53.0124 -53.0714 -53.1303 -53.1891 -53.2498 -61.6804 -61.8310 -61.9895 -62.1400 -62.2986 -62.4605 -62.6124 -62.7613 -62.9073 -63.0297 -63.1692 -63.3060 -63.4402 -63.5676 -63.6968 -63.8239 -63.9530 -64.0610 -64.1798 -64.2966 -64.4116 -64.5247 -64.6360 -64.7455 -64.8841 -64.9919 -65.0982 -65.2030 -65.3058 -65.4063 -65.5054 -65.6032 -65.6998
-61.5634 -61.4018 -53.0752 -53.1338 -53.1923 -53.2506 -53.3088 -53.3681 -61.7693 -61.9028 -62.0446 -62.1997 -62.3614 -62.5128 -62.6621 -62.8088 -62.9328 -63.0733 -63.2111 -63.3464 -63.4793 -63.6054 -63.7336 -63.8594 -63.9877 -64.1095 -64.2138 -64.3300 -64.4443 -64.5568 -64.6675 -64.7764 -64.9139 -65.0212 -65.1270 -65.2315 -65.3339 -65.4341 -65.5331 -65.6307
-61.9270 -61.7473 -61.5914 -61.5156 -53.2542 -53.3121 -53.3699 0.0000 0.0000 0.0000 -65.6604 -62.1144 -62.2635 -62.4205 -62.5690 -62.7156 -62.8405 -62.9817 -63.1204 -63.2565 -63.3902 -63.5216 -63.6466 -63.7735 -63.8983 -64.0254 -64.1463 -64.2508 -64.3662 -64.4798 -64.5916 -64.7017 -64.8102 -64.9463 -65.0530 -65.1584 -65.2623 -65.3644 -65.4644 -65.5630
-62.2640 -62.0890 -61.9166 -61.7750 -61.6806 -53.3735 0.0000 0.0000 0.0000 0.0000 -71.6073 -65.7570 -62.1902 -62.3385 -62.4835 -62.6286 -62.7536 -62.8948 -63.0338 -63.1705 -63.3050 -63.4371 -63.5671 -63.6906 -63.8164 -63.9400 -64.0662 -64.1860 -64.2905 -64.4051 -64.5179 -64.6290 -64.7385 -64.8464 -64.9812 -65.0874 -65.1922 -65.2956 -65.3974 -65.4969
-62.5848 -62.4054 -62.2251 -62.0853 -61.9516 0.0000 0.0000 0.0000 0.0000 -72.8972 -70.8313 -70.1036 -65.8737 -64.9689 -62.4108 -62.5501 -62.6731 -62.8133 -62.9520 -63.0888 -63.2236 -63.3562 -63.4868 -63.6152 -63.7375 -63.8620 -63.9844 -64.1094 -64.2282 -64.3327 -64.4464 -64.5585 -64.6689 -64.7776 -64.8848 -64.9912 -65.1240 -65.2283 -65.3311 -65.4325
-62.8720 -62.7077 -62.5220 -62.3770 -62.2477 -62.1889 0.0000 0.0000 0.0000 -71.9179 -70.5724 -69.3009 -68.6032 -65.9895 -65.2986 -64.7790 -62.6027 -62.7389 -62.8759 -63.0119 -63.1466 -63.2793 -63.4102 -63.5390 -63.6661 0.0000 0.0000 -64.0312 -64.1551 0.0000 -64.3772 0.0000 0.0000 -64.7108 -64.8188 0.0000 0.0000 0.0000 0.0000 -65.3686
-63.1362 -62.9821 -62.8068 -62.6583 -62.5249 -62.4550 0.0000 0.0000 0.0000 0.0000 -69.9579 -68.7440 0.0000 0.0000 0.0000 0.0000 -71.2490 -62.6770 0.0000 0.0000 0.0000 0.0000 -71.2730 -63.4664 0.0000 0.0000 0.0000 -73.1304 -68.3554 0.0000 0.0000 0.0000 0.0000 -73.8338 -69.1354 0.0000 0.0000 0.0000 0.0000 -73.7384
-63.3898 -63.2346 -63.0680 -62.9289 -62.8039 -62.7142 -62.6133 -74.2331 -72.2974 -71.3091 -69.6440 -68.4586 0.0000 0.0000 0.0000 0.0000 -71.7031 -68.5495 0.0000 0.0000 0.0000 0.0000 -71.0847 -69.4950 0.0000 0.0000 0.0000 -73.5182 -70.4046 0.0000 0.0000 0.0000 0.0000 -74.2646 -71.1723 -81.4497 -81.4372 -80.5342 -78.7699 -73.7820
-63.6327 -63.4779 -63.3349 -63.1797 -63.0625 -62.9671 -62.8630 -62.7751 -70.1058 -70.0923 -69.6211 -68.4280 0.0000 0.0000 0.0000 0.0000 -71.7790 -69.5086 -71.8133 -71.3166 0.0000 -78.9206 -71.4253 -69.8582 0.0000 0.0000 0.0000 -73.5879 -71.4300 -70.1139 -79.2121 -79.3832 -77.6454 -74.3290 -72.2075 -75.9825 -78.2762 -79.1311 -77.3749 -74.2718
-63.8656 -63.7115 -63.5687 -63.4112 -63.3046 -63.1871 -63.1056 -63.0050 -62.9154 -66.8288 -67.8637 -68.3338 -67.9068 -69.3749 -69.6551 -72.8309 -71.8475 -70.0417 -68.9616 -70.3418 -70.0249 -69.7094 -69.4236 -69.1213 -69.5469 0.0000 0.0000 -73.6573 -71.9556 -70.7476 -73.7976 -76.0300 -76.9627 -74.3920 -72.7108 -71.7973 -76.0635 -77.3038 -76.7161 -74.4142
-64.0898 -63.9366 -63.7939 -63.6351 -63.5281 -63.4202 -63.3412 -63.2379 -63.1388 -63.0427 -66.0265 -66.9648 -67.5409 -67.5446 -68.6436 -68.9381 -68.9730 -69.0398 -69.2733 -68.6392 -69.2803 -69.0442 -74.7611 -68.6069 -68.7873 -69.0384 -69.0886 -68.9688 -68.9865 -69.0735 -69.2228 -69.4807 -69.5649 -69.4484 -69.5949 -72.2872 -71.4405 -76.0143 -76.2930 -74.5286
-64.3058 -64.1536 -64.0114 -63.8512 -63.7447 -63.6355 -63.5657 -63.4644 -63.3633 -63.2661 -63.1608 -63.0773 -66.5255 -67.2465 -67.7515 -68.1360 -68.3060 -68.4587 -68.7289 -69.1462 -68.8051 -68.5525 -72.7252 -72.3194 -71.2606 -70.8252 -68.5408 -68.5396 -68.5919 -68.6922 -68.8330 -69.0420 -69.1773 -69.2226 -69.1728 -69.2817 -69.4875 -69.6363 -69.7312 -69.6535
-64.5142 -64.3630 -64.2216 -64.0603 -63.9543 -63.8447 -63.7733 -63.6817 -63.5819 -63.4842 -63.3768 -63.2910 -63.2097 -66.3561 -66.9556 -67.4135 -67.6830 -67.9753 -68.2556 -68.5641 -68.5699 -68.2654 -67.9824 -67.8363 -69.4554 -69.6936 -69.8890 -73.0922 -72.8056 -72.0621 -68.5316 -68.6113 -68.7930 -68.8947 -68.8880 -69.0002 -69.2047 -69.2329 -69.4407 -69.3986
-64.7156 -64.5655 -64.4249 -64.2627 -64.1575 -64.0476 -63.9753 -63.8824 -63.7929 -63.6968 -63.5878 -63.5001 -63.4144 -63.3762 -66.2461 -66.7670 -67.1127 -67.4526 -67.7655 -68.0932 -68.4150 -68.1943 -67.8250 -67.5914 -67.6002 -67.6829 -69.5935 -69.7236 -69.6822 -69.8049 -69.9390 -70.1177 -70.7901 -68.6080 -68.6097 -68.7278 -68.9310 -69.0455 -69.1440 -69.1526
-64.9103 -64.7617 -64.6219 -64.4911 -64.3547 -64.2447 -64.1719 -64.0782 -63.9877 -63.9026 -63.7934 -63.7044 -63.6151 -63.5730 -63.5094 -66.1792 -66.5981 -66.9718 -67.3098 -67.5857 -67.9393 -68.2437 -67.8126 -67.5839 -67.4627 -67.4438 -67.5394 -67.5909 -67.6144 -69.6972 -69.6935 -69.9442 -69.9846 -70.1800 -70.1839 -70.4761 -70.4883 -68.7972 -68.8259 -69.0121
-65.0890 -64.9448 -64.8104 -64.6830 -64.5461 -64.4362 -64.3330 -64.2687 -64.1780 -64.0921 -63.9935 -63.9038 -63.8373 -63.7376 -63.7000 -63.6418 -66.1097 -66.5094 -66.8917 -67.2227 -67.5524 -67.9043 -67.9189 -67.6393 -67.4503 -67.3465 -67.3200 -67.4037 -67.3995 -67.5343 -67.5890 -69.7649 -69.7523 -69.9502 -69.9618 -70.1997 -70.2397 -70.5317 -70.6117 -70.6902
-65.2686 -65.1262 -64.9914 -64.8645 -64.7299 -64.6225 -64.5193 -64.4545 -64.3634 -64.2773 -64.1797 -64.0980 -64.0308 -63.9271 -63.8875 -63.8240 -63.7409 -66.1142 -66.4893 -66.8560 -67.1911 -67.5516 -67.7304 -67.7802 -67.5417 -67.3790 -67.2882 -67.2801 -67.2313 -67.3671 -67.3959 -67.5569 -67.6665 -69.7178 -69.7564 -69.9927 -70.0490 -70.2847 -70.3856 -70.3821
-65.4427 -65.3022 -65.1689 -65.0429 -64.9082 -64.8010 -64.6994 -64.6358 -64.5445 -64.4578 -64.3611 -64.2803 -64.2189 -64.1125 -64.0713 -64.0061 -63.9226 -63.8648 -63.8380 -66.5035 -66.8604 -67.1799 -67.4794 -67.6635 -67.7007 -67.4993 -67.3914 -67.2485 -67.1898 -67.2403 -67.2675 -67.3411 -67.4839 -67.5426 -67.6434 -69.8502 -69.8562 -69.9948 -70.2050 -70.3020
-65.6115 -65.4730 -65.3414 -65.2165 -65.0818 -64.9752 -64.8747 -64.8112 -64.7200 -64.6332 -64.5383 -64.4570 -64.3967 -64.2936 -64.2516 -64.1852 -64.1012 -64.0418 -64.0137 -63.9453 -66.5737 -66.8820 -67.1884 -67.3945 -67.6768 -67.6765 -67.5308 -67.3409 -67.2335 -67.1796 -67.2296 -67.2477 -67.3551 -67.4346 -67.4353 -67.6502 -67.7833 -69.8832 -70.0305 -70.1362
-65.7385 -65.6040 -65.5090 -65.3855 -65.2509 -65.1448 -65.0447 -64.9817 -64.8924 -64.8057 -64.7103 -64.6291 -64.5679 -64.4659 -64.4280 -64.3610 -64.2746 -64.2157 -64.1867 -64.1148 -64.0749 -66.6086 -66.9183 -67.1403 -67.4382 -67.6108 -67.7166 -67.4915 -67.3076 -67.2496 -67.2529 -67.1940 -67.2564 -67.3365 -67.3167 -67.4487 -67.6244 -67.7041 -67.8878 -68.0062
-65.9408 -65.7642 -65.6377 -65.5170 -65.4536 -65.3103 -65.2106 -65.1140 -65.0589 -64.9739 -64.8785 -64.7982 -64.7360 -64.6610 -64.5649 -64.5331 -64.4453 -64.3867 -64.3569 -64.2818 -64.2403 -64.2222 -66.6359 -66.9021 -67.2073 -67.3949 -67.6032 -67.7215 -67.4677 -67.3782 -67.3431 -67.2432 -67.2622 -67.2668 -67.2867 -67.3104 -67.5013 -67.5654 -67.7411 -67.8529
-66.1051 -65.9679 -65.8371 -65.6772 -65.5830 -65.4407 -65.3428 -65.2752 -65.2214 -65.1366 -65.0423 -64.9637 -64.9008 -64.8252 -64.7272 -64.6978 -64.6120 -64.5540 -64.5243 -64.4735 -64.4033 -64.3898 -64.3371 -66.6795 -66.9874 -67.1865 -67.4031 -67.6650 -67.6562 -67.5457 -67.4836 -67.3492 -67.2826 -67.2962 -67.2443 -67.2345 -67.4221 -67.5107 -67.5633 -67.7242
-66.2645 -66.1291 -65.9996 -65.8944 -65.7795 -65.5975 -65.5000 -65.4042 -65.3517 -65.2958 -65.2012 -65.1252 -65.0624 -64.9864 -64.8864 -64.8567 -64.7738 -64.7183 -64.6883 -64.6363 -64.5634 -64.5480 -64.4956 -64.4546 -64.4464 -67.0357 -67.2178 -67.4736 -67.6320 -67.6972 -67.6566 -67.5443 -67.4032 -67.3826 -67.2939 -67.2886 -67.3238 -67.4526 -67.4816 -67.6229
-66.4185 -66.2854 -66.1578 -66.0547 -65.9405 -65.7923 -65.6908 -65.5608 -65.5065 -65.4231 -65.3294 -65.2821 -65.2195 -65.1446 -65.0426 -65.0128 -64.9288 -64.8778 -64.8493 -64.7968 -64.7212 -64.6754 -64.6520 -64.5885 -64.6008 -64.5701 -67.0373 -67.3009 -67.4576 -67.6263 -67.8477 -67.7190 -67.5581 -67.5128 -67.3925 -67.3567 -67.3563 -67.4137 -67.4440 -67.5577
-66.5685 -66.4372 -66.3114 -66.2104 -66.0974 -65.9486 -65.8477 -65.7489 -65.6938 -65.5599 -65.4809 -65.4085 -65.3463 -65.2982 -65.1960 -65.1661 -65.0810 -65.0294 -65.0072 -64.9543 -64.8766 -64.8293 -64.8115 -64.7408 -64.7532 -64.7213 -64.6611 -67.0866 -67.2963 -67.5058 -67.7176 -67.9087 -67.7313 -67.6200 -67.5282 -67.4668 -67.4782 -67.4215 -67.4243 -67.5040
-66.7517 -66.5852 -66.4611 -66.3622 -66.2504 -66.1011 -66.0007 -65.9025 -65.8483 -65.7439 -65.6639 -65.5597 -65.4959 -65.4222 -65.3526 -65.2573 -65.2306 -65.1784 -65.1574 -65.1092 -65.0290 -64.9809 -64.9626 -64.8909 -64.8822 -64.8706 -64.8090 -64.7750 -67.1456 -67.3519 -67.5713 -67.8028 -67.9162 -67.7962 -67.6876 -67.6071 -67.5996 -67.5146 -67.5311 -67.4844
-66.8846 -66.7264 -66.6071 -66.5104 -66.3998 -66.2513 -66.1503 -66.0528 -65.9607 -65.8946 -65.8148 -65.7394 -65.6758 -65.5994 -65.4991 -65.4023 -65.3524 -65.3023 -65.3053 -65.2565 -65.2102 -65.1300 -65.1119 -65.0393 -65.0314 -65.0183 -64.9550 -64.9201 -64.8906 -67.2125 -67.4282 -67.6225 -67.8462 -67.9678 -67.8616 -67.7675 -67.7473 -67.6821 -67.5926 -67.5575
-67.0141 -66.8962 -66.7439 -66.6528 -66.5459 -66.4407 -66.2968 -66.1999 -66.1072 -66.0424 -65.9626 -65.8871 -65.8243 -65.7477 -65.6749 -65.5741 -65.4944 -65.4441 -65.4272 -65.3799 -65.3550 -65.2771 -65.2584 -65.1888 -65.1775 -65.1640 -65.1277 -65.0635 -65.0322 -65.0069 -65.0138 -67.4927 -67.7141 -67.8408 -68.0103 -67.9393 -67.9094 -67.8320 -67.7241 -67.6652
-67.1404 -67.0248 -66.8772 -66.7885 -66.6837 -66.5826 -66.4401 -66.3440 -66.2521 -66.1876 -66.1079 -66.0324 -65.9703 -65.8935 -65.8206 -65.7179 -65.6645 -65.6118 -65.5674 -65.5203 -65.4753 -65.3983 -65.3714 -65.3316 -65.3211 -65.2852 -65.2707 -65.2055 -65.1442 -65.1458 -65.1529 -65.1091 -67.5526 -67.7199 -67.8902 -68.0558 -68.0793 -67.9955 -67.9169 -67.8034
