-43.5026 -43.6017 -43.7696 -43.8737 -43.9759 -44.0798 -44.1851 -44.2929 -44.3987 -44.5002 -44.6008 -44.7011 -44.8010 -44.9022 -45.0030 -45.1025 -45.1997 -45.2990 -45.4000 -45.5006 -45.6542 -45.7514 -45.8464 -45.9433 -46.0388 -46.1334 -46.2287 -46.3234 -46.4166 -46.5081 -46.5992 -46.6909 -46.7830 -46.8752 -46.9665 -47.0582 -47.1475 -47.2359 -47.3231 -47.4102
-43.3948 -43.5605 -43.6670 -43.7716 -43.8777 -43.9843 -44.0939 -44.2014 -44.3047 -44.4064 -44.5101 -44.6120 -44.7156 -44.8180 -44.9697 -45.0693 -45.1709 -45.2754 -45.3784 -45.4781 -45.5769 -45.6750 -45.7734 -45.8703 -45.9671 -46.0644 -46.1605 -46.2546 -46.3476 -46.4401 -46.5338 -46.6284 -46.7219 -46.8155 -46.9073 -46.9979 -47.0873 -47.1760 -47.2656 -47.3542
-43.2858 -43.4558 -43.5630 -43.6714 -43.7792 -43.8908 -43.9998 -44.1503 -44.2551 -44.3617 -44.4666 -44.5731 -44.6780 -44.7814 -44.8828 -44.9871 -45.0933 -45.1972 -45.2990 -45.4002 -45.5017 -45.6004 -45.6990 -45.7985 -45.8972 -45.9944 -46.0899 -46.1844 -46.2790 -46.3753 -46.4712 -46.5666 -46.6613 -46.7541 -46.8458 -46.9362 -47.0280 -47.1188 -47.2081 -47.2953
-43.2400 -43.3902 -43.5016 -43.6122 -43.7256 -43.8371 -43.9454 -44.0529 -44.1607 -44.2692 -44.3775 -44.4845 -44.5894 -44.6928 -44.7997 -44.9078 -45.0132 -45.1174 -45.2209 -45.3240 -45.4242 -45.5254 -45.6269 -45.7272 -45.8254 -45.9225 -46.0185 -46.1157 -46.2141 -46.3115 -46.4090 -46.5041 -46.5982 -46.6910 -46.7846 -46.8127 -46.9037 -46.9926 -47.0793 -47.1651
-43.1710 -43.2849 -43.3980 -43.5122 -43.6255 -43.7361 -43.8465 -43.9565 -44.0678 -44.1779 -44.2868 -44.3938 -44.4994 -44.6088 -44.7191 -44.8263 -44.9324 -45.0384 -45.1430 -45.2451 -45.3490 -45.4522 -45.5536 -45.6535 -45.7523 -45.8503 -45.9503 -46.0502 -46.0910 -46.1882 -46.2839 -46.3785 -46.4730 -46.5678 -46.6615 -46.7529 -46.8419 -46.9298 -47.0174 -47.1055
-43.0633 -43.1790 -43.2940 -43.4095 -43.5225 -43.6357 -43.7480 -43.8613 -43.9741 -44.0852 -44.1943 -44.3034 -44.4149 -44.5265 -44.6358 -44.7441 -44.8522 -44.9585 -45.0643 -45.1694 -45.2742 -45.3242 -45.4251 -45.5249 -45.6250 -45.7261 -45.8271 -45.9274 -46.0257 -46.1229 -46.2193 -46.3167 -46.4129 -46.5070 -46.5985 -46.6887 -46.7783 -46.8684 -46.9596 -47.0499
-42.9552 -43.0712 -43.1887 -43.3042 -43.4204 -43.5353 -43.6512 -43.7662 -43.8795 -43.9912 -44.1041 -44.2172 -44.3302 -44.4417 -44.5057 -44.6148 -44.7221 -44.8304 -44.9365 -45.0419 -45.1460 -45.2487 -45.3508 -45.4533 -45.5562 -45.6596 -45.7606 -45.8604 -45.9589 -46.0589 -46.1577 -46.2547 -46.3489 -46.4416 -46.5333 -46.6254 -46.7189 -46.8114 -46.9034 -46.9943
-42.8445 -42.9630 -43.0816 -43.2004 -43.3184 -43.4364 -43.5532 -43.6290 -43.7428 -43.8581 -43.9718 -44.0860 -44.1990 -44.3117 -44.4227 -44.5329 -44.6434 -44.7524 -44.8585 -44.9644 -45.0692 -45.1744 -45.2785 -45.3840 -45.4881 -45.5907 -45.6919 -45.7942 -45.8958 -45.9958 -46.0928 -46.1880 -46.2821 -46.3763 -46.4721 -46.5675 -46.6620 -46.7553 -46.8466 -46.9372
-42.6964 -42.8176 -42.9384 -43.0588 -43.1787 -43.2984 -43.4170 -43.5342 -43.6518 -43.7667 -43.8832 -43.9989 -44.1137 -44.2266 -44.3402 -44.4526 -44.5632 -44.6717 -44.7795 -44.8872 -44.9945 -45.1005 -45.2079 -45.3134 -45.4176 -45.5221 -45.6266 -45.7298 -45.8299 -45.9277 -46.0244 -46.1209 -46.2197 -46.3177 -46.4146 -46.5103 -46.6040 -46.6966 -46.7891 -46.8821
-42.5861 -42.7098 -42.8338 -42.9568 -43.0794 -43.1995 -43.3211 -43.4410 -43.5577 -43.6761 -43.7946 -43.9115 -44.0274 -44.1435 -44.2580 -44.3707 -44.4822 -44.5913 -44.7021 -44.8112 -44.9196 -45.0281 -45.1354 -45.2422 -45.3499 -45.4562 -45.5597 -45.6603 -45.7598 -45.8596 -45.9608 -46.0614 -46.1608 -46.2590 -46.3552 -46.4502 -46.5447 -46.6399 -46.7350 -46.8292
-42.4763 -42.6040 -42.7302 -42.8552 -42.9783 -43.1031 -43.2251 -43.3442 -43.4647 -43.5859 -43.7050 -43.8244 -43.9426 -44.0591 -44.1744 -44.2880 -44.4007 -44.5134 -44.6250 -44.7344 -44.8449 -44.9541 -45.0651 -45.1746 -45.2818 -45.3858 -45.4889 -45.5913 -45.6950 -45.7982 -45.9003 -46.0011 -46.0999 -46.1975 -46.2944 -46.3916 -46.4891 -46.5856 -46.6807 -46.7754
-42.3687 -42.4981 -42.6258 -42.7527 -42.8795 -43.0044 -43.1260 -43.2490 -43.3725 -43.4947 -43.6169 -43.7375 -43.8565 -43.9740 -44.0906 -44.2071 -44.3209 -44.4343 -44.5456 -44.6580 -44.7718 -44.8848 -44.9962 -45.1041 -45.2102 -45.3154 -45.4218 -45.5279 -45.6327 -45.7363 -45.8378 -45.9382 -46.0377 -46.1374 -46.2369 -46.3359 -46.4333 -46.5307 -46.6272 -46.7227
-42.2604 -42.3909 -42.5218 -42.6512 -42.7787 -42.9030 -43.0284 -43.1544 -43.2802 -43.4049 -43.5279 -43.6497 -43.7697 -43.8899 -44.0085 -44.1249 -44.2394 -44.3529 -44.4695 -44.5870 -44.7026 -44.8141 -44.9235 -45.0316 -45.1408 -45.2499 -45.3577 -45.4642 -45.5686 -45.6718 -45.7741 -45.8766 -45.9782 -46.0796 -46.1796 -46.2797 -46.3788 -46.4767 -46.5732 -46.6672
-42.1507 -42.2852 -42.4175 -42.5473 -42.6752 -42.8026 -42.9318 -43.0609 -43.1881 -43.3142 -43.4385 -43.5621 -43.6849 -43.8062 -43.9239 -44.0406 -44.1589 -44.2804 -44.4000 -44.5154 -44.6281 -44.7393 -44.8517 -44.9639 -45.0748 -45.1844 -45.2919 -45.3980 -45.5033 -45.6088 -45.7132 -45.8165 -45.9193 -46.0222 -46.1239 -46.2244 -46.3230 -46.4193 -46.5145 -46.6085
-42.0427 -42.1783 -42.3111 -42.4420 -42.5714 -42.7045 -42.8364 -42.9667 -43.0958 -43.2230 -43.3502 -43.4754 -43.5992 -43.7212 -43.8406 -43.9639 -44.0875 -44.2073 -44.3237 -44.4384 -44.5538 -44.6693 -44.7835 -44.8964 -45.0072 -45.1165 -45.2248 -45.3335 -45.4408 -45.5467 -45.6520 -45.7578 -45.8623 -45.9654 -46.0662 -46.1650 -46.2626 -46.3595 -46.4568 -46.5546
-41.9332 -42.0692 -42.2024 -42.3350 -42.4718 -42.6065 -42.7406 -42.8725 -43.0039 -43.1345 -43.2637 -43.3900 -43.5142 -43.6390 -43.7647 -43.8893 -44.0095 -44.1280 -44.2467 -44.3658 -44.4834 -44.5998 -44.7140 -44.8267 -44.9383 -45.0503 -45.1607 -45.2696 -45.3775 -45.4861 -45.5936 -45.6994 -45.8025 -45.9039 -46.0041 -46.1040 -46.2047 -46.3051 -46.4045 -46.5027
-41.8212 -41.9574 -42.0937 -42.2334 -42.3720 -42.5092 -42.6461 -42.7822 -42.9163 -43.0474 -43.1761 -43.3052 -43.4338 -43.5607 -43.6851 -43.8076 -43.9297 -44.0526 -44.1739 -44.2939 -44.4118 -44.5281 -44.6433 -44.7587 -44.8724 -44.9845 -45.0959 -45.2068 -45.3174 -45.4260 -45.5315 -45.6357 -45.7387 -45.8419 -45.9455 -46.0486 -46.1506 -46.2510 -46.3491 -46.4455
-41.7063 -41.8461 -41.9894 -42.1338 -42.2753 -42.4168 -42.5560 -42.6924 -42.8260 -42.9588 -43.0921 -43.2230 -43.3497 -43.4764 -43.6023 -43.7292 -43.8541 -43.9780 -44.0998 -44.2198 -44.3389 -44.4578 -44.5751 -44.6905 -44.8056 -44.9196 -45.0328 -45.1439 -45.2525 -45.3596 -45.4659 -45.5729 -45.6799 -45.7858 -45.8904 -45.9930 -46.0932 -46.1922 -46.2904 -46.3875
-41.5948 -41.7432 -41.8907 -42.0371 -42.1819 -42.3239 -42.4627 -42.5995 -42.7379 -42.8737 -43.0043 -43.1343 -43.2633 -43.3945 -43.5240 -43.6520 -43.7780 -43.9021 -44.0253 -44.1480 -44.2690 -44.3882 -44.5070 -44.6244 -44.7403 -44.8541 -44.9658 -45.0761 -45.1860 -45.2969 -45.4070 -45.5158 -45.6231 -45.7283 -45.8318 -45.9340 -46.0349 -46.1350 -46.2353 -46.3346
-41.4903 -41.6423 -41.7933 -41.9415 -42.0859 -42.2276 -42.3709 -42.5120 -42.6481 -42.7804 -42.9136 -43.0486 -43.1825 -43.3150 -43.4454 -43.5739 -43.7014 -43.8282 -43.9532 -44.0764 -44.1991 -44.3202 -44.4395 -44.5555 -44.6706 -44.7842 -44.8984 -45.0131 -45.1271 -45.2396 -45.3498 -45.4577 -45.5640 -45.6690 -45.7726 -45.8765 -45.9795 -46.0814 -46.1827 -46.2840
-41.3888 -41.5435 -41.6943 -41.8418 -41.9897 -42.1365 -42.2788 -42.4160 -42.5512 -42.6910 -42.8297 -42.9660 -43.1013 -43.2344 -43.3665 -43.4977 -43.6269 -43.7546 -43.8812 -44.0063 -44.1289 -44.2481 -44.3664 -44.4847 -44.6043 -44.7230 -44.8403 -44.9557 -45.0685 -45.1794 -45.2888 -45.3967 -45.5042 -45.6111 -45.7169 -45.8216 -45.9264 -46.0314 -46.1352 -46.2380
-41.2865 -41.4404 -41.5934 -41.7463 -41.8953 -42.0377 -42.1780 -42.3197 -42.4630 -42.6051 -42.7448 -42.8829 -43.0200 -43.1559 -43.2895 -43.4218 -43.5528 -43.6823 -43.8090 -43.9330 -44.0552 -44.1779 -44.3017 -44.4240 -44.5448 -44.6630 -44.7790 -44.8932 -45.0058 -45.1173 -45.2285 -45.3384 -45.4472 -45.5556 -45.6643 -45.7720 -45.8786 -45.9840 -46.0873 -46.1872
-41.1805 -41.3401 -41.4963 -41.6445 -41.7903 -41.9372 -42.0826 -42.2298 -42.3757 -42.5185 -42.6610 -42.8018 -42.9405 -43.0787 -43.2152 -43.3496 -43.4801 -43.6083 -43.7346 -43.8618 -43.9896 -44.1157 -44.2399 -44.3614 -44.4809 -44.5986 -44.7146 -44.8303 -44.9448 -45.0579 -45.1703 -45.2830 -45.3949 -45.5056 -45.6150 -45.7224 -45.8263 -45.9286 -46.0296 -46.1293
-41.0798 -41.2352 -41.3870 -41.5394 -41.6908 -41.8398 -41.9917 -42.1411 -42.2905 -42.4372 -42.5820 -42.7253 -42.8664 -43.0052 -43.1399 -43.2727 -43.4037 -43.5360 -43.6672 -43.7973 -43.9250 -44.0503 -44.1736 -44.2950 -44.4154 -44.5347 -44.6526 -44.7693 -44.8864 -45.0028 -45.1179 -45.2316 -45.3434 -45.4515 -45.5580 -45.6631 -45.7668 -45.8698 -45.9738 -46.0771
-40.9667 -41.1251 -41.2833 -41.4398 -41.5950 -41.7515 -41.9071 -42.0604 -42.2103 -42.3587 -42.5048 -42.6480 -42.7878 -42.9253 -43.0622 -43.1993 -43.3342 -43.4681 -43.5998 -43.7293 -43.8566 -43.9823 -44.1069 -44.2300 -44.3516 -44.4731 -44.5945 -44.7144 -44.8328 -44.9493 -45.0620 -45.1729 -45.2823 -45.3903 -45.4975 -45.6059 -45.7131 -45.8191 -45.9238 -46.0273
-40.8624 -41.0256 -41.1869 -41.3460 -41.5084 -41.6680 -41.8246 -41.9786 -42.1295 -42.2776 -42.4227 -42.5654 -42.7088 -42.8507 -42.9903 -43.1275 -43.2637 -43.3977 -43.5294 -43.6598 -43.7885 -43.9157 -44.0419 -44.1686 -44.2937 -44.4172 -44.5387 -44.6565 -44.7722 -44.8863 -44.9989 -45.1108 -45.2236 -45.3352 -45.4453 -45.5541 -45.6615 -45.7677 -45.8725 -45.9762
-40.7617 -40.9270 -41.0931 -41.2596 -41.4226 -41.5826 -41.7399 -41.8929 -42.0438 -42.1926 -42.3423 -42.4895 -42.6341 -42.7758 -42.9161 -43.0548 -43.1915 -43.3264 -43.4596 -43.5913 -43.7236 -43.8543 -43.9833 -44.1104 -44.2336 -44.3546 -44.4738 -44.5913 -44.7084 -44.8260 -44.9421 -45.0568 -45.1700 -45.2817 -45.3920 -45.5010 -45.6088 -45.7152 -45.8207 -45.9248
-40.6632 -40.8338 -41.0037 -41.1701 -41.3335 -41.4935 -41.6507 -41.8063 -41.9619 -42.1147 -42.2644 -42.4114 -42.5564 -42.6999 -42.8417 -42.9815 -43.1194 -43.2576 -43.3945 -43.5296 -43.6627 -43.7918 -43.9185 -44.0434 -44.1663 -44.2890 -44.4115 -44.5326 -44.6521 -44.7702 -44.8867 -45.0016 -45.1151 -45.2271 -45.3378 -45.4478 -45.5558 -45.6626 -45.7682 -45.8727
-40.5662 -40.7396 -40.9098 -41.0769 -41.2408 -41.4051 -41.5663 -41.7251 -41.8803 -42.0332 -42.1837 -42.3321 -42.4792 -42.6241 -42.7687 -42.9124 -43.0540 -43.1937 -43.3293 -43.4624 -43.5933 -43.7222 -43.8510 -43.9790 -44.1053 -44.2304 -44.3540 -44.4760 -44.5965 -44.7151 -44.8321 -44.9478 -45.0617 -45.1740 -45.2850 -45.3947 -45.5033 -45.6109 -45.7187 -45.8275
-40.4675 -40.6422 -40.8144 -40.9864 -41.1550 -41.3193 -41.4809 -41.6400 -41.7967 -41.9509 -42.1029 -42.2545 -42.4056 -42.5546 -42.7013 -42.8446 -42.9851 -43.1232 -43.2589 -43.3946 -43.5290 -43.6616 -43.7925 -43.9216 -44.0490 -44.1747 -44.2989 -44.4210 -44.5417 -44.6600 -44.7769 -44.8924 -45.0066 -45.1196 -45.2327 -45.3453 -45.4565 -45.5664 -45.6750 -45.7839
-40.3697 -40.5494 -40.7253 -40.8968 -41.0655 -41.2315 -41.3955 -41.5564 -41.7148 -41.8743 -42.0318 -42.1868 -42.3381 -42.4861 -42.6315 -42.7743 -42.9171 -43.0581 -43.1971 -43.3342 -43.4693 -43.6025 -43.7340 -43.8637 -43.9920 -44.1177 -44.2411 -44.3631 -44.4835 -44.6025 -44.7214 -44.8400 -44.9572 -45.0728 -45.1870 -45.2998 -45.4109 -45.5216 -45.6326 -45.7407
-40.2799 -40.4597 -40.6364 -40.8106 -40.9809 -41.1485 -41.3159 -41.4806 -41.6443 -41.8044 -41.9608 -42.1143 -42.2650 -42.4155 -42.5637 -42.7097 -42.8536 -42.9953 -43.1350 -43.2727 -43.4085 -43.5425 -43.6740 -43.8037 -43.9311 -44.0569 -44.1821 -44.3075 -44.4312 -44.5532 -44.6737 -44.7926 -44.8641 -44.9810 -45.0966 -45.2107 -45.3234 -45.4364 -45.5468 -45.6552
-40.1886 -40.3706 -40.5489 -40.7260 -40.9004 -41.0721 -41.2404 -41.4062 -41.5687 -41.7283 -41.8871 -42.0433 -42.1971 -42.3485 -42.4478 -42.5952 -42.7405 -42.8838 -43.0249 -43.1639 -43.3008 -43.4357 -43.5689 -43.7027 -43.8346 -43.9646 -44.0928 -44.2193 -44.3437 -44.4670 -44.5888 -44.7089 -44.8276 -44.9447 -45.0606 -45.1738 -45.2873 -45.3979 -45.5074 -45.6156
-40.0493 -40.2373 -40.4214 -40.6005 -40.7753 -40.9479 -41.1180 -41.2870 -41.4533 -41.6167 -41.7772 -41.9347 -42.0898 -42.2425 -42.3930 -42.5412 -42.6871 -42.8307 -42.9720 -43.1145 -43.2547 -43.3927 -43.5285 -43.6624 -43.7943 -43.9247 -44.0533 -44.1802 -44.3053 -44.4289 -44.5503 -44.6694 -44.7871 -44.9034 -45.0183 -45.1319 -45.2457 -45.3572 -45.4682 -45.5778
-39.9832 -40.1689 -40.3513 -40.5302 -40.7090 -40.8849 -41.0578 -41.2271 -41.3934 -41.5570 -41.7177 -41.8765 -42.0326 -42.1860 -42.3369 -42.4883 -42.6378 -42.7850 -42.9299 -43.0722 -43.2124 -43.3508 -43.4871 -43.6214 -43.7539 -43.8846 -44.0119 -44.1376 -44.2618 -44.3843 -44.5054 -44.6249 -44.7434 -44.8614 -44.9780 -45.0947 -45.2085 -45.3210 -45.4321 -45.5420
-39.9078 -40.0969 -40.2818 -40.4652 -40.6444 -40.8205 -40.9936 -41.1638 -41.3316 -41.4963 -41.6581 -41.8196 -41.9796 -42.1370 -42.2917 -42.4438 -42.5939 -42.7414 -42.8864 -43.0291 -43.1698 -43.3075 -43.4424 -43.5754 -43.7067 -43.8362 -43.9641 -44.0905 -44.2167 -44.3412 -44.4640 -44.5853 -44.7050 -44.8232 -44.9417 -45.0578 -45.1726 -45.2859 -45.3980 -45.5088
-39.8362 -40.0256 -40.2122 -40.3958 -40.5770 -40.7548 -40.9293 -41.1023 -41.2744 -41.4434 -41.6093 -41.7724 -41.9330 -42.0909 -42.2462 -42.3990 -42.5489 -42.6943 -42.8377 -42.9790 -43.1184 -43.2558 -43.3912 -43.5267 -43.6602 -43.7919 -43.9218 -44.0498 -44.1762 -44.3012 -44.4249 -44.5470 -44.6676 -44.7868 -44.9061 -45.0225 -45.1375 -45.2511 -45.3633 -45.4742
-39.7605 -39.9533 -40.1425 -40.3292 -40.5151 -40.6975 -40.8764 -41.0521 -41.2247 -41.3940 -41.5605 -41.7243 -41.8842 -42.0404 -42.1935 -42.3442 -42.4926 -42.6388 -42.7848 -42.9288 -43.0706 -43.2103 -43.3480 -43.4837 -43.6176 -43.7501 -43.8808 -44.0097 -44.1370 -44.2627 -44.3867 -44.5092 -44.6301 -44.7510 -44.8689 -44.9854 -45.1005 -45.2141 -45.3257 -45.4360
-39.6928 -39.8909 -40.0849 -40.2753 -40.4616 -40.6442 -40.8235 -40.9997 -41.1704 -41.3383 -41.5032 -41.6652 -41.8243 -41.9825 -42.1387 -42.2923 -42.4435 -42.5923 -42.7388 -42.8831 -43.0256 -43.1661 -43.3046 -43.4412 -43.5759 -43.7088 -43.8399 -43.9693 -44.0969 -44.2228 -44.3471 -44.4698 -44.5923 -44.7120 -44.8301 -44.9468 -45.0624 -45.1766 -45.2895 -45.4011
-39.6065 -39.8053 -40.0272 -40.2166 -40.4013 -40.5827 -40.7606 -40.9351 -41.1084 -41.2795 -41.4475 -41.6122 -41.7741 -41.9332 -42.0893 -42.2436 -42.3954 -42.5450 -42.6924 -42.8375 -42.9807 -43.1219 -43.2610 -43.3981 -43.5332 -43.6664 -43.7978 -43.9274 -44.0553 -44.1822 -44.3078 -44.4331 -44.5555 -44.6760 -44.7947 -44.9120 -45.0279 -45.1425 -45.2557 -45.3677
