-58.9575 -58.9914 -59.0259 -59.0608 -58.7904 -58.8314 -58.8726 -58.9142 -58.9562 -58.9985 -59.0412 -59.0842 -59.1276 -59.1714 -59.2154 -59.2599 -59.3047 -59.3499 -59.3953 -59.4412 -59.4873 -59.5336 -59.5805 -59.6277 -59.6752 -59.7230 -59.7712 -59.8198 -59.8686 -59.9178 -59.9673 -60.0172 -60.0673 -60.1178 -60.1687 -60.2198 -60.2713 -60.3231 -60.3753 -60.4277
-59.0560 -59.0893 -59.1232 -59.1575 -59.1924 -58.9234 -58.9641 -59.0051 -59.0464 -59.0881 -59.1301 -59.1725 -59.2153 -59.2584 -59.3018 -59.3456 -59.3897 -59.4341 -59.4789 -59.5240 -59.5693 -59.6151 -59.6612 -59.7077 -59.7544 -59.8015 -59.8490 -59.8967 -59.9448 -59.9932 -60.0420 -60.0910 -60.1404 -60.1902 -60.2401 -60.2905 -60.3412 -60.3922 -60.4435 -60.4951
-59.1537 -59.1864 -59.2196 -59.2534 -59.2875 -59.3223 -59.0548 -59.0951 -59.1359 -59.1770 -59.2184 -59.2602 -59.3023 -59.3448 -59.3875 -59.4306 -59.4741 -59.5179 -59.5618 -59.6062 -59.6509 -59.6961 -59.7415 -59.7872 -59.8334 -59.8797 -59.9264 -59.9734 -60.0208 -60.0684 -60.1164 -60.1648 -60.2134 -60.2623 -60.3115 -60.3611 -60.4110 -60.4612 -60.5117 -60.5625
-59.2503 -59.2825 -59.3152 -59.3483 -59.3819 -59.4160 -59.4505 -59.1846 -59.2247 -59.2651 -59.3060 -59.3471 -59.3886 -59.4304 -59.4725 -59.5150 -59.5578 -59.6008 -59.6442 -59.6880 -59.7322 -59.7766 -59.8213 -59.8664 -59.9118 -59.9574 -60.0035 -60.0498 -60.0964 -60.1434 -60.1906 -60.2382 -60.2860 -60.3342 -60.3828 -60.4315 -60.4807 -60.5301 -60.5797 -60.6298
-59.3461 -59.3777 -59.4098 -59.4423 -59.4754 -59.5089 -59.5428 -59.5772 -59.3127 -59.3526 -59.3929 -59.4334 -59.4743 -59.5155 -59.5570 -59.5987 -59.6408 -59.6833 -59.7262 -59.7693 -59.8128 -59.8566 -59.9006 -59.9450 -59.9897 -60.0347 -60.0801 -60.1257 -60.1717 -60.2179 -60.2645 -60.3113 -60.3584 -60.4060 -60.4537 -60.5018 -60.5501 -60.5988 -60.6477 -60.6970
-59.4409 -59.4719 -59.5035 -59.5355 -59.5679 -59.6009 -59.6343 -59.6680 -59.7023 -59.4392 -59.4790 -59.5190 -59.5593 -59.5998 -59.6406 -59.6818 -59.7234 -59.7653 -59.8075 -59.8500 -59.8929 -59.9360 -59.9795 -60.0232 -60.0672 -60.1117 -60.1563 -60.2013 -60.2465 -60.2921 -60.3380 -60.3842 -60.4306 -60.4774 -60.5244 -60.5718 -60.6194 -60.6674 -60.7155 -60.7640
-59.5326 -59.5631 -59.5941 -59.6255 -59.6574 -59.6920 -59.7248 -59.7581 -59.7917 -59.8258 -59.5643 -59.6037 -59.6433 -59.6833 -59.7237 -59.7643 -59.8054 -59.8467 -59.8882 -59.9302 -59.9724 -60.0149 -60.0578 -60.1008 -60.1443 -60.1881 -60.2320 -60.2764 -60.3210 -60.3659 -60.4112 -60.4566 -60.5024 -60.5484 -60.5948 -60.6415 -60.6884 -60.7357 -60.7832 -60.8310
-59.6276 -59.6555 -59.6860 -59.7169 -59.7482 -59.7799 -59.8122 -59.8449 -59.8780 -59.9139 -59.9478 -59.6875 -59.7267 -59.7663 -59.8061 -59.8462 -59.8867 -59.9274 -59.9684 -60.0097 -60.0514 -60.0933 -60.1355 -60.1780 -60.2208 -60.2640 -60.3074 -60.3510 -60.3951 -60.4393 -60.4839 -60.5288 -60.5738 -60.6193 -60.6650 -60.7109 -60.7572 -60.8037 -60.8506 -60.8977
-59.7194 -59.7490 -59.7789 -59.8094 -59.8402 -59.8716 -59.9010 -59.9332 -59.9658 -59.9985 -60.0319 -60.0657 -59.8073 -59.8485 -59.8878 -59.9273 -59.9672 -60.0075 -60.0479 -60.0886 -60.1297 -60.1711 -60.2127 -60.2546 -60.2968 -60.3393 -60.3821 -60.4253 -60.4686 -60.5123 -60.5562 -60.6004 -60.6450 -60.6897 -60.7348 -60.7801 -60.8257 -60.8716 -60.9177 -60.9641
-59.8103 -59.8393 -59.8688 -59.8988 -59.9291 -59.9600 -59.9911 -60.0228 -60.0547 -60.0871 -60.1177 -60.1510 -60.1847 -59.9278 -59.9665 -60.0055 -60.0448 -60.0844 -60.1267 -60.1669 -60.2075 -60.2483 -60.2893 -60.3306 -60.3723 -60.4142 -60.4565 -60.4990 -60.5418 -60.5848 -60.6281 -60.6717 -60.7156 -60.7597 -60.8041 -60.8489 -60.8938 -60.9391 -60.9846 -61.0304
-59.9001 -59.9287 -59.9578 -59.9872 -60.0171 -60.0474 -60.0779 -60.1091 -60.1406 -60.1726 -60.2050 -60.2377 -60.2709 -60.3046 -60.0468 -60.0853 -60.1241 -60.1632 -60.2025 -60.2422 -60.2821 -60.3223 -60.3653 -60.4061 -60.4472 -60.4886 -60.5302 -60.5721 -60.6144 -60.6568 -60.6995 -60.7426 -60.7858 -60.8294 -60.8732 -60.9173 -60.9616 -61.0062 -61.0511 -61.0963
-60.0182 -60.0458 -60.0739 -60.1024 -60.1038 -60.1336 -60.1639 -60.1946 -60.2257 -60.2572 -60.2891 -60.3213 -60.3540 -60.3871 -60.4205 -60.1665 -60.2048 -60.2435 -60.2800 -60.3192 -60.3586 -60.3983 -60.4383 -60.4785 -60.5191 -60.5598 -60.6034 -60.6448 -60.6864 -60.7284 -60.7705 -60.8129 -60.8556 -60.8986 -60.9418 -60.9853 -61.0291 -61.0731 -61.1174 -61.1619
-60.1057 -60.1329 -60.1605 -60.1883 -60.2168 -60.2457 -60.2750 -60.2792 -60.3098 -60.3409 -60.3722 -60.4041 -60.4362 -60.4688 -60.5018 -60.5351 -60.2825 -60.3208 -60.3591 -60.3978 -60.4368 -60.4759 -60.5130 -60.5528 -60.5927 -60.6330 -60.6736 -60.7143 -60.7554 -60.7967 -60.8383 -60.8828 -60.9249 -60.9674 -61.0100 -61.0530 -61.0961 -61.1395 -61.1833 -61.2272
-60.1919 -60.2185 -60.2457 -60.2734 -60.3014 -60.3299 -60.3587 -60.3881 -60.4178 -60.4479 -60.4783 -60.4859 -60.5176 -60.5497 -60.5821 -60.6150 -60.6482 -60.3973 -60.4352 -60.4733 -60.5118 -60.5505 -60.5895 -60.6288 -60.6683 -60.7080 -60.7456 -60.7859 -60.8264 -60.8673 -60.9083 -60.9496 -60.9911 -61.0330 -61.0750 -61.1202 -61.1628 -61.2057 -61.2488 -61.2921
-60.2768 -60.3033 -60.3301 -60.3573 -60.3850 -60.4130 -60.4415 -60.4704 -60.4996 -60.5294 -60.5594 -60.5898 -60.6207 -60.6519 -60.6617 -60.6941 -60.7268 -60.7599 -60.5105 -60.5482 -60.5861 -60.6245 -60.6629 -60.7017 -60.7407 -60.7800 -60.8195 -60.8593 -60.8994 -60.9397 -60.9777 -61.0185 -61.0596 -61.1009 -61.1424 -61.1842 -61.2262 -61.2685 -61.3110 -61.3567
-60.3608 -60.3868 -60.4133 -60.4402 -60.4674 -60.4951 -60.5232 -60.5516 -60.5805 -60.6098 -60.6394 -60.6694 -60.6999 -60.7306 -60.7618 -60.7933 -60.8252 -60.8574 -60.5851 -60.6223 -60.6598 -60.6976 -60.7357 -60.7739 -60.8125 -60.8513 -60.8904 -60.9297 -60.9692 -61.0090 -61.0491 -61.0894 -61.1300 -61.1708 -61.2118 -61.2505 -61.2920 -61.3338 -61.3758 -61.4180
-60.4436 -60.4692 -60.4954 -60.5219 -60.5488 -60.5761 -60.6038 -60.6319 -60.6604 -60.6892 -60.7184 -60.7480 -60.7781 -60.8084 -60.8392 -60.8702 -60.9017 -60.9335 -60.9657 -60.7136 -60.7503 -60.7701 -60.8077 -60.8455 -60.8837 -60.9220 -60.9606 -60.9994 -61.0385 -61.0778 -61.1174 -61.1572 -61.1973 -61.2376 -61.2782 -61.3189 -61.3599 -61.4013 -61.4427 -61.4818
-60.5251 -60.5505 -60.5763 -60.6024 -60.6291 -60.6559 -60.6833 -60.7110 -60.7392 -60.7676 -60.7965 -60.8257 -60.8553 -60.8852 -60.9156 -60.9462 -60.9773 -61.0087 -61.0404 -61.0725 -60.8221 -60.8587 -60.8955 -60.9326 -60.9700 -60.9920 -61.0301 -61.0684 -61.1071 -61.1459 -61.1851 -61.2245 -61.2640 -61.3038 -61.3439 -61.3842 -61.4248 -61.4655 -61.5065 -61.5479
-60.6054 -60.6305 -60.6560 -60.6819 -60.7081 -60.7347 -60.7617 -60.7890 -60.8168 -60.8450 -60.8734 -60.9022 -60.9314 -60.9611 -60.9910 -61.0213 -61.0519 -61.0829 -61.1142 -61.1459 -61.1778 -60.9292 -60.9657 -61.0023 -61.0393 -61.0765 -61.1139 -61.1516 -61.1751 -61.2136 -61.2521 -61.2911 -61.3302 -61.3696 -61.4092 -61.4490 -61.4891 -61.5294 -61.5699 -61.6107
-60.6846 -60.7093 -60.7345 -60.7601 -60.7860 -60.8123 -60.8389 -60.8660 -60.8934 -60.9212 -60.9493 -60.9779 -61.0067 -61.0359 -61.0654 -61.0953 -61.1256 -61.1562 -61.1870 -61.2184 -61.2500 -61.2819 -61.0350 -61.0713 -61.1078 -61.1445 -61.1816 -61.2189 -61.2564 -61.2941 -61.3321 -61.3703 -61.3958 -61.4347 -61.4738 -61.5132 -61.5529 -61.5927 -61.6327 -61.6730
-60.7625 -60.7870 -60.8118 -60.8371 -60.8627 -60.8887 -60.9151 -60.9418 -60.9689 -60.9964 -61.0242 -61.0523 -61.0809 -61.1097 -61.1389 -61.1684 -61.1984 -61.2286 -61.2591 -61.2899 -61.3212 -61.3527 -61.3846 -61.1394 -61.1755 -61.2120 -61.2485 -61.2854 -61.3225 -61.3599 -61.3974 -61.4352 -61.4732 -61.5115 -61.5500 -61.5769 -61.6161 -61.6555 -61.6951 -61.7350
-60.8390 -60.8633 -60.8879 -60.9130 -60.9383 -60.9640 -60.9901 -61.0166 -61.0433 -61.0705 -61.0979 -61.1258 -61.1540 -61.1825 -61.2113 -61.2406 -61.2701 -61.2999 -61.3301 -61.3606 -61.3915 -61.4227 -61.4542 -61.4859 -61.2424 -61.2785 -61.3147 -61.3512 -61.3879 -61.4248 -61.4620 -61.4994 -61.5370 -61.5749 -61.6129 -61.6513 -61.6898 -61.7286 -61.7583 -61.7964
-60.9144 -60.9384 -60.9628 -60.9875 -61.0127 -61.0381 -61.0640 -61.0900 -61.1166 -61.1434 -61.1707 -61.1982 -61.2260 -61.2543 -61.2828 -61.3116 -61.3408 -61.3704 -61.4003 -61.4304 -61.4609 -61.4917 -61.5228 -61.5543 -61.5861 -61.3442 -61.3801 -61.4163 -61.4526 -61.4891 -61.5259 -61.5630 -61.6002 -61.6376 -61.6753 -61.7133 -61.7514 -61.7897 -61.8283 -61.8671
-60.9884 -61.0122 -61.0364 -61.0610 -61.0858 -61.1110 -61.1366 -61.1625 -61.1887 -61.2153 -61.2422 -61.2694 -61.2970 -61.3249 -61.3532 -61.3818 -61.4106 -61.4399 -61.4694 -61.4992 -61.5294 -61.5598 -61.5907 -61.6218 -61.6531 -61.6848 -61.4448 -61.4805 -61.5165 -61.5527 -61.5891 -61.6258 -61.6627 -61.6997 -61.7371 -61.7746 -61.8123 -61.8503 -61.8885 -61.9269
-61.0611 -61.0848 -61.1087 -61.1330 -61.1578 -61.1827 -61.2080 -61.2337 -61.2596 -61.2860 -61.3126 -61.3396 -61.3670 -61.3946 -61.4225 -61.4508 -61.4793 -61.5083 -61.5375 -61.5671 -61.5969 -61.6270 -61.6575 -61.6882 -61.7194 -61.7507 -61.7823 -61.5441 -61.5797 -61.6155 -61.6516 -61.6880 -61.7244 -61.7612 -61.7981 -61.8353 -61.8727 -61.9103 -61.9481 -61.9861
-61.1326 -61.1560 -61.1798 -61.2040 -61.2284 -61.2532 -61.2783 -61.3037 -61.3294 -61.3555 -61.3819 -61.4087 -61.4357 -61.4631 -61.4908 -61.5188 -61.5471 -61.5757 -61.6046 -61.6339 -61.6635 -61.6933 -61.7235 -61.7539 -61.7847 -61.8157 -61.8470 -61.8787 -61.6422 -61.6777 -61.7134 -61.7494 -61.7856 -61.8219 -61.8586 -61.8955 -61.9324 -61.9697 -62.0072 -62.0449
-61.2027 -61.2260 -61.2496 -61.2736 -61.2978 -61.3224 -61.3473 -61.3725 -61.3981 -61.4240 -61.4502 -61.4766 -61.5034 -61.5306 -61.5581 -61.5858 -61.6139 -61.6422 -61.6708 -61.6998 -61.7291 -61.7587 -61.7885 -61.8186 -61.8491 -61.8798 -61.9108 -61.9421 -61.9737 -61.7391 -61.7745 -61.8101 -61.8460 -61.8821 -61.9183 -61.9548 -61.9916 -62.0285 -62.0657 -62.1031
-61.2715 -61.2946 -61.3181 -61.3418 -61.3660 -61.3904 -61.4151 -61.4401 -61.4655 -61.4912 -61.5172 -61.5434 -61.5700 -61.5970 -61.6241 -61.6517 -61.6795 -61.7076 -61.7360 -61.7647 -61.7937 -61.8230 -61.8526 -61.8824 -61.9126 -61.9431 -61.9738 -62.0048 -62.0361 -62.0676 -61.8348 -61.8701 -61.9057 -61.9415 -61.9775 -62.0137 -62.0502 -62.0867 -62.1237 -62.1607
-61.3390 -61.3619 -61.3852 -61.4089 -61.4328 -61.4571 -61.4817 -61.5065 -61.5318 -61.5572 -61.5831 -61.6091 -61.6355 -61.6622 -61.6892 -61.7165 -61.7441 -61.7720 -61.8001 -61.8285 -61.8573 -61.8864 -61.9157 -61.9453 -61.9752 -62.0054 -62.0359 -62.0666 -62.0976 -62.1290 -62.1605 -61.9294 -61.9648 -62.0003 -62.0360 -62.0719 -62.1081 -62.1445 -62.1811 -62.2179
-61.4049 -61.4279 -61.4511 -61.4746 -61.4984 -61.5226 -61.5470 -61.5717 -61.5968 -61.6221 -61.6477 -61.6736 -61.6998 -61.7263 -61.7532 -61.7803 -61.8076 -61.8353 -61.8633 -61.8915 -61.9200 -61.9488 -61.9779 -62.0073 -62.0369 -62.0670 -62.0971 -62.1276 -62.1584 -62.1894 -62.2208 -62.2524 -62.0231 -62.0583 -62.0938 -62.1296 -62.1655 -62.2017 -62.2380 -62.2747
-61.4695 -61.4924 -61.5156 -61.5390 -61.5628 -61.5868 -61.6111 -61.6357 -61.6606 -61.6858 -61.7112 -61.7370 -61.7630 -61.7894 -61.8159 -61.8428 -61.8701 -61.8975 -61.9253 -61.9533 -61.9817 -62.0103 -62.0392 -62.0683 -62.0978 -62.1275 -62.1575 -62.1877 -62.2183 -62.2491 -62.2803 -62.3116 -62.3433 -62.1158 -62.1511 -62.1866 -62.2224 -62.2584 -62.2945 -62.3310
-61.5327 -61.5555 -61.5787 -61.6021 -61.6257 -61.6496 -61.6739 -61.6983 -61.7232 -61.7481 -61.7736 -61.7991 -61.8250 -61.8512 -61.8777 -61.9045 -61.9315 -61.9588 -61.9864 -62.0142 -62.0423 -62.0708 -62.0995 -62.1285 -62.1577 -62.1873 -62.2170 -62.2471 -62.2774 -62.3081 -62.3390 -62.3701 -62.4017 -62.1728 -62.2079 -62.2432 -62.2788 -62.3147 -62.3508 -62.3871
-61.7285 -61.6174 -61.6404 -61.6637 -61.6873 -61.7112 -61.7354 -61.7598 -61.7845 -61.8094 -61.8346 -61.8601 -61.8859 -61.9120 -61.9383 -61.9649 -61.9918 -62.0189 -62.0463 -62.0741 -62.1020 -62.1303 -62.1588 -62.1877 -62.2167 -62.2461 -62.2757 -62.3056 -62.3358 -62.3663 -62.3971 -62.4281 -62.4595 -62.4911 -62.2641 -62.2994 -62.3349 -62.3707 -62.4068 -62.4432
-61.7878 -61.8093 -61.7008 -61.7241 -61.7476 -61.7714 -61.7955 -61.8199 -61.8445 -61.8694 -61.8946 -61.9199 -61.9457 -61.9716 -61.9978 -62.0243 -62.0510 -62.0780 -62.1053 -62.1329 -62.1607 -62.1889 -62.2173 -62.2459 -62.2749 -62.3041 -62.3336 -62.3634 -62.3934 -62.4238 -62.4545 -62.4854 -62.5167 -62.5483 -62.5802 -62.3553 -62.3909 -62.4266 -62.4628 -62.4993
-61.8458 -61.8673 -61.8891 -61.7831 -61.8066 -61.8304 -61.8544 -61.8787 -61.9032 -61.9281 -61.9532 -61.9786 -62.0042 -62.0300 -62.0562 -62.0825 -62.1092 -62.1361 -62.1633 -62.1907 -62.2185 -62.2465 -62.2748 -62.3033 -62.3322 -62.3613 -62.3907 -62.4204 -62.4504 -62.4807 -62.5114 -62.5423 -62.5736 -62.6052 -62.6372 -62.6696 -62.4468 -62.4827 -62.5190 -59.7445
-61.9023 -61.9239 -61.9457 -61.8408 -61.8642 -61.8880 -61.9120 -61.9363 -61.9608 -61.9856 -62.0106 -62.0360 -62.0615 -62.0873 -62.1134 -62.1397 -62.1663 -62.1931 -62.2203 -62.2476 -62.2753 -62.3032 -62.3314 -62.3600 -62.3887 -62.4178 -62.4472 -62.4769 -62.5069 -62.5371 -62.5678 -62.5988 -62.6302 -62.6620 -62.6942 -62.7267 -62.7597 -59.6812 -59.7214 -59.7617
-61.9573 -61.9789 -62.0009 -62.0230 -61.9206 -61.9443 -61.9683 -61.9925 -62.0171 -62.0419 -62.0669 -62.0921 -62.1177 -62.1434 -62.1696 -62.1959 -62.2224 -62.2492 -62.2762 -62.3036 -62.3312 -62.3591 -62.3873 -62.4158 -62.4445 -62.4736 -62.5030 -62.5328 -62.5628 -62.5933 -62.6241 -62.6553 -62.6869 -62.7189 -59.7102 -59.7491 -59.7880 -59.8269 -59.7380 -59.7781
-62.0109 -62.0327 -62.0546 -62.0769 -62.0993 -61.9994 -62.0234 -62.0476 -62.0722 -62.0969 -62.1219 -62.1471 -62.1727 -62.1985 -62.2246 -62.2508 -62.2774 -62.3042 -62.3313 -62.3587 -62.3863 -62.4142 -62.4424 -62.4710 -62.4998 -62.5289 -62.5585 -62.5884 -62.6186 -62.6494 -62.6804 -62.7119 -59.6477 -59.6866 -59.7255 -59.7644 -59.8033 -59.8421 -59.8810 -59.7938
-62.0631 -62.0849 -62.1071 -62.1294 -62.1520 -62.0531 -62.0771 -62.1014 -62.1260 -62.1508 -62.1758 -62.2011 -62.2266 -62.2524 -62.2785 -62.3048 -62.3314 -62.3583 -62.3855 -62.4129 -62.4406 -62.4686 -62.4969 -62.5256 -62.5546 -62.5840 -62.6138 -62.6440 -62.6746 -62.7056 -59.5843 -59.6232 -59.6621 -59.7011 -59.7400 -59.7789 -59.8178 -59.8566 -59.8955 -59.9344
-62.1139 -62.1358 -62.1580 -62.1805 -62.2032 -62.2261 -62.1296 -62.1540 -62.1786 -62.2034 -62.2285 -62.2538 -62.2795 -62.3053 -62.3315 -62.3578 -62.3845 -62.4115 -62.4388 -62.4664 -62.4942 -62.5224 -62.5510 -62.5799 -62.6092 -62.6390 -62.6692 -62.6998 -59.5199 -59.5590 -59.5979 -59.6369 -59.6758 -59.7148 -59.7537 -59.7926 -59.8315 -59.8703 -59.9092 -59.9481
