-69.0205 -70.2546 -70.7433 -75.1008 0.0000 0.0000 -70.0315 -69.9716 -69.7994 -69.3352 -68.5234 -68.2614 -68.0825 -67.7577 -67.4234 -67.1124 -66.8260 -66.6448 -66.2555 -66.1356 -66.0111 -65.8847 -65.7988 -64.6774 -64.5839 -64.4415 -64.2653 -64.1179 -63.0460 -63.1105 -63.1654 -63.2306 -63.2966 -63.3638 -63.4318 -65.1878 -65.3686 -65.4349 -65.4882 -65.5241
-70.2703 -74.6564 0.0000 0.0000 0.0000 0.0000 -69.9836 -69.9179 -69.7280 -69.1806 -67.9496 -68.0807 -67.8101 -67.6418 -67.3283 -67.0156 -66.8217 -66.3502 -66.2377 -66.1245 -66.0154 -64.8455 -64.7976 -64.7842 -64.6853 -64.5577 -65.0529 -64.8161 -62.9647 -63.0232 -63.0779 -63.1422 -63.2075 -63.2741 -63.3418 -65.0426 -65.3275 -65.4958 -65.5704 -65.6284
0.0000 0.0000 0.0000 0.0000 0.0000 0.0000 -69.9467 -69.8713 -69.5932 -68.3811 -67.6728 -67.8899 -67.5983 -67.4767 -67.2121 -67.0031 -66.4199 -66.3110 -66.2049 -66.1119 -64.9018 -64.9050 -64.8907 -64.8359 -64.8134 -65.4265 -65.2600 -65.0312 -64.7266 -62.9346 -62.9980 -63.0521 -63.1167 -63.1825 -63.2495 -63.3176 -65.1824 -65.5208 -65.6477 -65.7306
0.0000 0.0000 0.0000 0.0000 0.0000 0.0000 0.0000 -69.8014 -69.4605 -67.7593 -67.4853 -67.3106 -67.3769 -67.0953 -67.0965 -66.4504 -66.3548 -66.2515 -66.1732 -64.9547 -64.9822 -64.9963 -64.9693 -64.9427 -65.6708 -65.6411 -65.4943 -65.2824 -64.9872 -64.5856 -62.9061 -62.9599 -63.0237 -63.0889 -63.1553 -63.2229 -65.0182 -65.3566 -65.7172 -65.8284
-69.3047 0.0000 0.0000 0.0000 0.0000 0.0000 0.0000 -69.7463 -69.3095 -67.6049 -67.2820 -67.0179 -67.1471 -66.9562 -66.3593 -66.2964 -66.2292 -64.9543 -64.9804 -65.0293 -65.0688 -65.0668 -65.8228 -65.8913 -65.8563 -65.7928 -65.7548 -65.5708 -65.2991 -64.9087 -62.8178 -62.8754 -62.9289 -62.9933 -63.0590 -63.1262 -63.1947 -65.1935 -65.5993 -65.9188
-69.1002 0.0000 0.0000 0.0000 0.0000 0.0000 0.0000 0.0000 -69.0607 -67.4599 -67.1011 -66.7911 -66.6647 -66.0467 -65.9589 -66.1131 -64.8421 -64.9414 -65.0487 -65.1101 -65.1427 -65.9521 -66.0627 -66.0701 -66.0547 -66.0113 -65.9355 -65.8941 -65.6647 -65.3097 -64.7702 -62.7788 -62.8321 -62.8955 -62.9606 -63.0270 -63.0948 -65.0054 -65.4442 -65.8832
-68.8811 -68.7632 0.0000 0.0000 0.0000 0.0000 0.0000 0.0000 -69.2821 -67.2484 -66.7970 -66.6400 -65.5744 -65.7976 -65.7162 -64.7252 -64.8481 -64.9561 -65.0649 -66.0132 -66.0392 -66.1852 -66.2281 -66.2549 -66.2619 -66.2445 -66.1978 -66.1122 -66.0784 -65.7942 -65.3142 -62.6859 -62.7424 -62.7954 -62.8595 -62.9254 -62.9935 -63.0625 -65.4805 -66.0241
-68.5334 -68.5638 0.0000 0.0000 0.0000 0.0000 0.0000 0.0000 -67.6154 -67.1681 -66.7859 -66.2191 -65.1434 -65.2514 -64.4082 -64.5274 -64.8607 -64.9907 -65.9137 -66.0895 -66.2641 -66.3350 -66.3949 -66.4419 -66.4733 -66.4855 -66.4731 -66.4302 -66.3447 -66.3469 -66.0032 -65.3111 -62.6402 -62.6930 -62.7570 -62.8222 -63.0352 -63.1169 -65.2824 -66.4133
-67.8703 -67.5901 -68.0763 0.0000 0.0000 0.0000 -69.6324 -69.0190 -67.5367 -67.0190 -66.3614 -65.0715 -63.8109 -63.8988 -64.3824 -64.5061 -65.6858 -65.8150 -65.9145 -66.3067 -66.3988 -66.4837 -66.5603 -66.6274 -66.6836 -66.7263 -66.7524 -66.7577 -66.7326 -66.6697 -66.5656 -66.4318 -65.3024 -62.5987 -62.7969 -62.8808 -62.9579 -63.3741 -63.4674 -66.3188
-67.6936 -67.4104 -67.1414 0.0000 -67.1608 0.0000 0.0000 -69.2050 -68.3033 -66.6329 -64.9280 -63.7086 -63.8146 -63.9022 -64.0269 -65.0700 -65.6373 -65.7516 -66.0008 -66.3714 -66.5316 -66.6295 -66.7217 -66.8078 -66.8869 -66.9583 -67.0219 -67.0745 -67.1165 -67.1422 -67.1562 -67.1768 -67.7633 -62.6710 -62.7360 -63.2827 -63.3439 -63.4057 -63.4029 -66.0839
-67.4957 -67.2083 -66.9398 -66.6819 -66.8176 -64.8788 0.0000 -70.5766 -68.4975 -64.7553 -63.5532 -63.6749 -63.7941 -63.9271 -64.7550 -65.1290 -65.1292 -65.2672 -65.9859 -66.1359 -66.4860 -66.7214 -66.8766 -66.9787 -67.0780 -67.1753 -67.2710 -67.3661 -67.4650 -67.5738 -67.7117 -68.8231 -69.1148 -72.7909 -63.3684 -63.3600 -63.3793 -63.4087 -63.3202 -63.4335
-67.2690 -66.9807 -66.7148 -66.4458 -66.2079 -64.3582 0.0000 0.0000 -63.6699 -63.7368 -63.5220 -63.6480 -64.5090 -64.6417 -64.7380 -64.8454 -65.3196 -65.3646 -65.4126 -65.4287 -66.3860 -66.5795 -66.8555 -67.0848 -67.2460 -67.3726 -67.4933 -67.6246 -67.7687 -68.7363 -69.4588 0.0000 0.0000 0.0000 -63.2411 -63.2493 -63.2713 -63.2976 -63.1714 -63.1920
-67.0117 -66.7266 -66.4448 -66.1885 -64.3074 -64.2176 -65.3019 -63.9413 -63.9915 -63.7657 -63.8384 -64.3594 -64.4974 -64.5897 -64.6746 -64.9058 -65.3797 -65.4688 -65.5406 -65.5628 -65.5718 -65.5636 -66.6386 -66.9854 -67.2186 -67.3855 -67.6025 -68.7536 -68.8736 0.0000 0.0000 0.0000 0.0000 0.0000 0.0000 -63.1158 -63.1391 -63.1661 -63.0203 -63.0390
-66.7226 -66.4265 -66.1484 -64.2435 -64.1540 -63.8140 -63.9050 -64.0024 -64.0867 -65.0114 -64.6912 -64.3484 -64.4462 -64.5300 -64.7456 -64.8790 -65.1070 -65.5327 -65.6507 -65.7033 -65.7219 -65.7241 -65.7093 -65.6753 -67.1178 -68.3394 -68.4489 -70.0391 -70.2225 -71.0970 0.0000 0.0000 0.0000 0.0000 0.0000 -62.9762 -62.9955 -63.0222 -62.8670 -62.8838
-66.3848 -66.0856 -64.1610 -64.0770 -62.8636 -63.8460 -63.9656 -64.0922 -65.1030 -65.1826 -65.1935 -64.7716 -64.3804 -64.6025 -64.7301 -64.8561 -64.9868 -65.5803 -65.6879 -65.8485 -65.8775 -65.8912 -66.1962 -66.0714 -65.9350 -67.2732 -69.7845 -69.8924 -70.1418 -70.3514 0.0000 0.0000 0.0000 0.0000 0.0000 0.0000 -62.8488 -62.8710 -62.7119 -62.7253
-65.9691 -64.0610 -63.9817 -62.7789 -63.7671 -63.9009 -64.9842 -65.1240 -65.2449 -65.3405 -65.3474 -65.2568 -64.4546 -64.5808 -64.7119 -64.8368 -64.9668 -65.2100 -65.7157 -65.9972 -66.4809 -66.4445 -66.3553 -67.1142 -67.8449 -67.6761 -67.4570 -69.8511 -69.9209 -70.2026 -69.7683 0.0000 -69.7162 0.0000 0.0000 0.0000 -62.7049 -62.7194 -62.3644 -62.4424
-65.5412 -62.6552 -62.6824 -63.6757 -63.8288 -64.9398 -65.1085 -65.2594 -65.3956 -65.4545 -65.4658 -65.6239 -65.0786 -64.5627 -64.6922 -64.8158 -64.9389 -65.0677 -66.1324 -66.3216 -66.6472 -67.6391 -67.5979 -67.4945 -68.3063 -68.1089 -67.8701 -67.6122 -67.3644 -68.7443 -69.1312 -69.7225 0.0000 0.0000 0.0000 0.0000 0.0000 -62.1671 -62.2362 -62.3126
-62.5047 -62.5566 -63.5656 -63.7532 -64.8863 -65.0665 -65.2267 -65.4001 -65.4920 -65.5472 -65.7916 -65.8648 -65.8714 -65.2158 -64.6648 -64.7929 -64.9148 -65.4519 -65.7634 -67.4151 -67.9698 -68.0314 -68.0158 -67.8827 -68.7777 -68.5331 -68.2690 -68.0505 -66.9941 -66.9224 -66.7965 -69.4142 0.0000 0.0000 0.0000 -61.9019 -61.9730 -62.0443 -62.1074 -62.2329
-62.4109 -63.4152 -64.5865 -64.8118 -65.0064 -65.1925 -65.3603 -65.4819 -65.5589 -65.8516 -65.9887 -66.1068 -66.1908 -66.1926 -64.6414 -65.1768 -65.3459 -66.5282 -66.7261 -67.6999 -68.2810 -68.3248 -68.4333 -68.2684 -69.2309 -68.9030 -68.6571 -67.4494 -67.4785 -67.4740 -67.4253 -67.3224 -67.1594 -66.9698 -64.9002 -61.7754 -61.8429 -62.0170 -62.0230 -62.0462
-63.2542 -64.4422 -64.6899 -64.9253 -65.1320 -65.3227 -65.4440 -65.5136 -65.8496 -66.0142 -66.1731 -66.3267 -66.4749 -67.3172 -67.6155 -66.9037 -66.9383 -66.9572 -66.9764 -67.0763 -67.9452 -68.5841 -68.8330 -68.4997 -69.5887 -69.1913 -67.7955 -67.9024 -67.9917 -68.0584 -68.0990 -68.1229 -68.1245 -68.0893 -68.1424 -65.1129 -61.8208 -61.8834 -61.8788 -61.8881
-64.2574 -64.5415 -64.8026 -65.0431 -65.2622 -65.3913 -65.4807 -65.8009 -65.9960 -66.1699 -66.3420 -66.6225 -68.0792 0.0000 0.0000 -67.2566 -67.2263 -67.1460 -67.0981 -67.0462 -67.9986 -68.6436 -68.9936 -68.6467 -69.6674 -68.0577 -68.2221 -68.3776 -68.5215 -68.6553 -68.7927 -68.9462 -69.1175 -70.2541 -70.6445 -71.4189 -61.8653 -61.8586 -61.7419 -61.7084
-64.3635 -64.6540 -64.9268 -65.1669 -65.3204 -65.4220 -65.8302 -66.0204 -66.2019 -66.3862 -67.8560 0.0000 0.0000 0.0000 0.0000 0.0000 -67.1110 -67.0794 -67.0316 -66.9752 -66.9838 -67.8137 -68.4911 -68.0912 -68.2701 -68.4795 -68.6827 -68.8777 -69.0784 -69.2954 -69.5228 -71.3335 -71.5472 -71.9188 0.0000 0.0000 0.0000 -61.7038 -61.5697 -61.5278
-64.4866 -64.7833 -65.0559 -65.2431 -65.3652 -65.7520 -65.9571 -66.1512 -66.3477 0.0000 0.0000 0.0000 0.0000 0.0000 0.0000 0.0000 -66.9936 -66.9524 -66.9120 -66.8540 -66.7581 -67.6338 -67.5463 -68.4269 -68.6874 -68.9271 -69.1528 -69.4226 -71.0294 0.0000 0.0000 -78.6240 0.0000 0.0000 0.0000 0.0000 0.0000 -61.5803 -61.3947 -61.3265
-64.6267 -64.9230 -65.1367 -65.2610 -65.6697 -65.8920 -66.1270 0.0000 0.0000 0.0000 0.0000 0.0000 0.0000 0.0000 0.0000 0.0000 0.0000 -66.8401 -66.7967 -66.7319 -66.6506 -65.8571 -66.8768 -68.8596 -69.8735 -70.3111 -70.8837 0.0000 0.0000 0.0000 0.0000 0.0000 0.0000 0.0000 0.0000 0.0000 0.0000 0.0000 -61.2172 -61.1022
-64.7772 -65.0208 -65.1747 -65.5990 -65.8253 0.0000 0.0000 0.0000 0.0000 -78.0177 0.0000 0.0000 0.0000 0.0000 0.0000 0.0000 0.0000 -66.7227 -66.6697 -66.6100 -65.6493 -65.8365 -66.7839 -68.8816 -70.5884 0.0000 0.0000 0.0000 0.0000 0.0000 0.0000 0.0000 0.0000 0.0000 0.0000 0.0000 0.0000 0.0000 -61.0359 -60.8203
-64.8749 -65.0953 -65.5373 0.0000 0.0000 0.0000 0.0000 0.0000 0.0000 0.0000 0.0000 0.0000 0.0000 0.0000 0.0000 0.0000 0.0000 0.0000 -66.5582 -65.5391 -65.7331 -65.9409 -66.1607 -66.8325 0.0000 0.0000 0.0000 0.0000 0.0000 0.0000 0.0000 0.0000 0.0000 0.0000 0.0000 0.0000 0.0000 -63.8095 -63.2946 -59.5517
-64.8290 0.0000 0.0000 0.0000 0.0000 0.0000 0.0000 0.0000 0.0000 0.0000 -79.8199 0.0000 0.0000 0.0000 0.0000 0.0000 0.0000 0.0000 -65.4765 -65.6426 -65.8719 -66.1445 -65.9563 -66.4339 0.0000 0.0000 0.0000 0.0000 0.0000 0.0000 0.0000 0.0000 0.0000 0.0000 0.0000 0.0000 0.0000 -64.1618 -61.0101 -54.4593
-65.5835 0.0000 0.0000 0.0000 0.0000 0.0000 -75.1548 -74.3577 -73.1201 -71.0937 -70.6094 0.0000 0.0000 0.0000 0.0000 0.0000 -64.3319 -69.9156 -70.0921 -66.2515 -66.1456 -66.0134 -65.7942 -65.5945 -66.0882 0.0000 0.0000 0.0000 0.0000 0.0000 0.0000 0.0000 0.0000 0.0000 0.0000 0.0000 -62.1870 -54.4192 -54.4400 -54.4495
-65.5260 -66.1808 0.0000 0.0000 0.0000 0.0000 0.0000 -74.9791 -73.2179 -71.3788 -70.5454 -69.6392 0.0000 0.0000 0.0000 -64.3488 -71.9490 0.0000 0.0000 -66.1541 -66.0325 -65.8865 -65.6639 -65.3437 -65.6368 0.0000 0.0000 0.0000 0.0000 0.0000 0.0000 0.0000 0.0000 0.0000 0.0000 -54.3335 -54.3735 -54.4059 -54.4292 -54.4416
-65.4266 -65.5282 0.0000 0.0000 0.0000 0.0000 -76.2412 -75.9582 0.0000 -74.0043 -70.4738 -68.9107 0.0000 -65.9776 -64.2604 0.0000 0.0000 0.0000 0.0000 0.0000 -65.9365 -65.7565 -65.5086 -65.1227 -64.7629 -64.9993 0.0000 0.0000 0.0000 0.0000 0.0000 0.0000 0.0000 -54.2130 -54.2661 -54.3143 -54.3569 -54.3927 -54.4200 -54.4369
-65.3418 -65.3469 -66.0590 0.0000 0.0000 0.0000 0.0000 0.0000 0.0000 0.0000 -69.2752 -66.5180 -66.0285 -64.1579 -63.9359 -63.7333 0.0000 0.0000 0.0000 0.0000 -65.8562 -65.6510 -65.3579 -64.9143 -64.3990 -64.4062 0.0000 0.0000 0.0000 0.0000 0.0000 -54.0672 -54.1292 -54.1879 -54.2430 -54.2940 -54.3402 -54.3806 -54.4129 -54.4351
-65.2756 -65.2847 -65.4148 0.0000 0.0000 0.0000 0.0000 0.0000 0.0000 -66.9767 -66.3002 -67.7203 -64.0720 -63.8078 -63.5853 -63.3872 0.0000 0.0000 0.0000 0.0000 0.0000 -65.5700 -65.2109 -64.6627 -64.0143 -63.3143 -62.8946 0.0000 0.0000 -53.9032 -53.9712 -54.0369 -54.1003 -54.1611 -54.2190 -54.2736 -54.3240 -54.3690 -54.4080 -54.4378
-65.2256 -65.2363 -65.2668 -66.0345 0.0000 0.0000 0.0000 -66.7444 -65.6929 -68.6197 -69.2024 -66.6822 -63.6825 -63.4483 -63.2069 -63.0141 -62.8428 0.0000 0.0000 0.0000 0.0000 -65.5495 -65.1086 -64.3996 -63.5423 -62.2769 -61.7090 -53.7089 -53.7982 -53.8688 -53.9375 -54.0047 -54.0702 -54.1337 -54.1948 -54.2528 -54.3087 -54.3599 -54.4051 -61.3284
-65.1928 -65.2094 -65.2464 -65.4108 0.0000 -66.3786 -66.5288 0.0000 0.0000 -69.7420 -68.1303 -63.2578 -63.2727 -63.0153 -62.8228 -62.6098 -62.4520 0.0000 0.0000 0.0000 0.0000 0.0000 -65.0928 -64.2016 -62.0566 -53.4288 -53.5181 -53.6537 -53.7441 -53.8321 -53.9025 -53.9717 -54.0396 -54.1057 -54.1711 -54.2340 -54.2940 -61.7050 -61.7823 -61.8047
-65.1843 -65.2113 -65.2576 -65.3253 -65.6935 0.0000 0.0000 0.0000 0.0000 -70.3863 -63.3266 -62.9531 -62.6181 -62.3176 -62.3452 -62.2061 -62.0245 -61.9197 0.0000 0.0000 0.0000 0.0000 -65.2373 -53.2022 -53.2876 -53.3722 -53.4583 -53.5957 -53.6877 -53.7822 -53.8671 -53.9384 -54.0097 -54.0795 -54.1477 -61.9225 -62.0928 -62.2184 -62.2991 -62.3320
-65.2104 -65.2510 -65.3097 -66.7702 -66.4261 0.0000 0.0000 0.0000 0.0000 -71.2008 -62.9813 -62.6011 -62.2668 -61.9724 -61.7136 -61.4844 -61.2803 -61.4669 0.0000 0.0000 0.0000 -53.0505 -53.0611 -53.1452 -53.2294 -53.3151 -53.3993 -53.4895 -53.6305 -53.7251 -53.8230 -53.9068 -53.9802 -62.0736 -62.3167 -62.5098 -62.6611 -62.7753 -62.8545 -62.8977
-65.2803 -67.1804 -67.0727 -66.6642 -66.1155 0.0000 0.0000 0.0000 -64.0949 -62.9862 -62.5683 -62.1938 -61.8641 -61.5817 -61.3392 -61.1308 -60.9508 -60.7960 -60.6795 -52.9143 -52.9394 -53.0143 -53.0800 -53.0875 -53.1710 -53.2560 -53.3411 -53.4286 -53.5739 -53.6718 -53.8932 -62.2162 -62.5591 -62.7990 -62.9895 -63.1426 -63.2661 -63.3643 -63.4396 -63.4923
-68.1971 -67.6436 -67.1457 -66.5644 -65.8993 -65.3071 -64.8317 -64.2423 -63.0024 -62.4998 -62.0738 -61.7161 -61.4063 -61.1417 -60.9222 -60.7434 -60.6144 -52.7218 -52.8028 -52.8818 -52.9589 -52.9760 -53.0513 -53.1088 -53.1143 -53.1990 -53.2868 -53.3737 -53.8687 -62.1188 -62.6264 -63.0546 -63.4152 -63.5754 -63.7015 -63.8077 -63.8985 -63.9770 -64.0454 -64.1042
0.0000 -67.6919 -67.1357 -66.4719 -65.7271 -64.9491 -64.4666 -63.7964 -62.4488 -61.9329 -61.5070 -61.1626 -60.8862 -60.6557 -60.4837 -52.5115 -52.5971 -52.6812 -52.7638 -52.8456 -52.9267 -53.0079 -53.0915 -53.0992 -53.0619 -53.1463 -62.2617 -62.3861 -62.5366 -63.2386 -63.5397 -63.8789 -64.1936 -64.3797 -64.4371 -64.4930 -64.5484 -64.6043 -64.6613 -64.7220
0.0000 -67.8283 -67.1600 -66.3935 -65.5073 -64.5989 -63.8291 -62.4002 -61.7872 -61.2718 -60.8625 -60.5472 -60.3183 -52.2907 -52.3790 -52.4660 -52.5518 -52.6371 -52.7218 -52.8065 -52.8912 -52.9772 -53.0655 -53.1577 0.0000 -64.3102 -63.7189 -63.4602 -63.3564 -63.3971 -64.2118 -64.5295 -64.8408 -65.1097 -65.1415 -65.1586 -65.1861 -65.2226 -65.2695 -65.3279
