-60.5988 -59.3301 -60.4852 -60.6281 -60.7712 -60.9144 -60.9941 -61.1356 -61.5006 -61.6525 -61.8030 -61.9522 -62.1006 -62.2526 -62.9960 -63.1539 -64.6163 -65.9647 -63.6545 -63.3568 -67.2965 -67.7662 -68.1277 -66.6344 -62.0149 -61.5178 -63.3855 -62.7306 -69.4614 -61.9040 -52.3252 -62.6301 0.0000 -52.5092 -52.4618 -52.4863 -52.5017 -60.4966 -60.5610 -60.6668
-60.4367 -59.4658 -60.5629 -60.7033 -60.7851 -61.1450 -61.2952 -61.4446 -61.5932 -61.7412 -61.8886 -62.0353 -62.1806 -62.3296 -62.3468 -63.1960 -63.3464 -65.8128 -63.6636 -63.3786 -67.1227 -68.3976 0.0000 -66.8444 -62.1055 -61.7341 -63.6848 -62.9406 -67.8503 0.0000 0.0000 -52.5471 0.0000 0.0000 -52.5565 -52.5657 -52.5902 -52.7200 -60.6195 -60.7812
-60.5763 -59.5670 -60.8113 -60.9585 -61.1056 -61.2519 -61.3974 -61.5424 -61.6870 -61.8311 -61.9748 -62.1180 -62.2608 -62.2625 -62.3956 -63.2391 -63.3856 -65.1783 -63.7078 -63.4344 -66.8693 0.0000 0.0000 -65.7929 -62.1374 -62.0066 -63.7346 -63.0598 -66.9608 -70.4262 0.0000 0.0000 0.0000 0.0000 -52.6250 -52.6539 -52.6816 -52.7108 -60.7547 -60.8007
-60.9313 -59.8343 -59.8444 -61.0762 -61.2179 -61.3592 -61.5002 -61.6409 -61.7813 -61.9216 -62.0617 -62.2015 -62.1949 -62.3220 -62.4530 -62.6149 -63.4174 -63.2539 -63.7014 -63.5334 -66.5312 -68.6664 -68.4917 -65.5188 -62.4157 -62.1091 -63.7911 0.0000 0.0000 -69.7896 -70.7181 -69.2230 -67.8702 -67.4865 -63.3928 -52.7448 -52.7653 -52.8053 -53.0606 -60.8690
-61.0329 -59.9872 -59.9797 -61.1931 -61.3295 -61.4660 -61.6027 -61.7393 -61.8759 -62.0126 -62.1491 -62.1333 -62.2573 -62.3810 -62.5088 -62.6315 -63.4175 -63.2666 -63.4196 -65.3370 -66.2048 -67.9154 -66.4817 -65.8726 -65.1730 0.0000 0.0000 -71.9758 0.0000 -69.7121 -68.4571 -67.1357 -65.7265 -65.3316 -63.3797 -52.8272 -52.8679 -52.8972 -52.9278 -60.9440
-61.1812 -60.1376 -60.1128 -61.3082 -61.4398 -61.5720 -61.7045 -61.8373 -61.9702 -62.0997 -62.0776 -62.1983 -62.3188 -62.4393 -62.5595 -62.6837 -62.8485 -62.4871 -62.4089 -65.0849 -65.9147 -68.5062 0.0000 0.0000 0.0000 0.0000 0.0000 -69.0497 -69.3850 -68.5634 -67.2176 -65.8577 -64.5816 -64.1422 -63.4500 -61.4706 -52.9596 -52.9888 -53.0182 -61.0264
-61.3034 -60.2564 -60.2302 -61.4057 -61.5339 -61.6627 -61.7911 -61.9145 -61.9500 -62.0165 -62.1344 -62.2522 -62.3699 -62.4874 -62.6049 -62.7264 -62.8524 -62.5287 -62.4547 -64.8745 0.0000 0.0000 -76.8638 0.0000 0.0000 -72.0652 -69.7596 -68.8713 -68.2779 -67.4964 -66.4874 -65.2917 -64.1444 -63.6650 -63.6832 -62.0838 -53.0507 -53.0798 -53.1085 -53.1389
-61.4345 -61.4431 -60.3541 -61.5123 -61.6319 -61.7504 -61.7813 -61.9091 -61.9689 -62.0836 -62.1983 -62.3130 -62.4278 -62.5424 -62.6570 -62.7715 -62.8900 -62.5766 -62.5059 -63.6659 0.0000 0.0000 0.0000 -72.6211 -69.5540 -69.1983 -68.7969 -68.3102 -67.7002 -66.9361 -66.0143 -64.9769 -64.1275 -63.4212 -63.3775 -62.5030 -53.2160 -53.1702 -53.1987 -53.2335
-61.5632 -61.5677 -60.4684 -61.6000 -61.6251 -61.7490 -61.8736 -62.0423 -62.0376 -62.1492 -62.2609 -62.3728 -62.4846 -62.5964 -62.7082 -62.8200 -62.9359 -62.6248 -62.5571 -63.7228 -66.6244 -73.0028 -69.7111 -69.4227 -69.1190 -68.7636 -68.3474 -67.8417 -67.2478 -66.5286 -65.6994 -65.0091 -64.1085 -63.3782 -53.2996 -62.8191 -61.7992 0.0000 -53.3134 -53.3381
-61.6715 -61.6681 -60.4993 -60.5014 -61.7220 -61.9013 -62.0075 -61.9962 -62.1046 -62.2131 -62.3220 -62.4310 -62.5401 -62.6477 -62.7534 -62.8592 -62.9695 -62.6596 -62.5928 -63.7553 -65.0860 -68.3361 -69.1264 -68.9338 -68.7137 -68.3822 -67.9618 -67.4635 -66.8849 -66.2213 -65.7563 -64.9629 -64.1526 -63.4404 -63.0260 -63.0433 -62.1879 0.0000 -64.5442 -53.4281
-61.6676 -61.6711 -60.6069 -60.5799 -61.8757 -61.9776 -61.9591 -62.0604 -62.1621 -62.2642 -62.3667 -62.4696 -62.5728 -62.6763 -62.7799 -62.8838 -62.7418 -62.6883 -62.8137 -64.0227 -64.9554 -67.3955 -68.0325 -68.1626 -68.1460 -67.9584 -67.6282 -67.1559 -66.6097 -66.3388 -65.6838 -64.9656 -64.2299 -63.5538 -63.1230 0.0000 -62.7362 0.0000 0.0000 -53.5171
-61.8287 -61.7356 -60.7741 -60.7624 -61.9344 -61.9049 -62.0029 -62.1014 -62.2008 -62.3006 -62.4009 -62.5017 -62.6030 -62.7046 -62.8064 -62.9086 -62.7679 -62.8981 -63.4408 -64.0615 -64.9156 -64.9144 -67.1674 -67.4967 -67.5433 -67.4947 -67.2941 -66.8996 -66.8175 -66.2824 -65.6609 -64.9976 0.0000 -63.9715 0.0000 0.0000 -63.0274 -68.5296 0.0000 -53.6049
-61.9697 -61.9558 -60.8845 -60.8383 -61.8545 -61.9490 -62.0446 -62.1410 -62.2382 -62.3361 -62.4347 -62.5337 -62.6332 -62.7331 -62.8334 -62.9340 -62.9911 -62.9560 -63.4690 -63.6109 -64.8789 -64.8709 -66.4816 -66.9108 -67.0572 -67.0305 -66.8878 -67.2382 -66.7962 -66.2611 0.0000 0.0000 0.0000 -63.9830 0.0000 0.0000 -74.3382 -62.4863 -70.5313 -64.2302
-62.0404 -62.0214 -60.9579 -60.8071 -61.8998 -61.9921 -62.0856 -62.1800 -62.2755 -62.3717 -62.4687 -62.5663 -62.6644 -62.7630 -62.8619 -63.1793 -63.0555 -62.9962 -63.4990 -63.6025 -64.8463 -64.8323 -64.8060 -66.4375 -66.6351 -66.6646 -67.3169 -67.3923 0.0000 0.0000 -74.3378 0.0000 -73.6470 -64.0656 -69.8154 0.0000 -69.8401 -62.4859 -66.5387 -64.2708
-62.0892 -62.0770 -61.0277 -60.8776 -61.9449 -62.0355 -62.1273 -62.2202 -62.3141 -62.4089 -62.5044 -62.6007 -62.6975 -62.9943 -63.1229 -63.2484 -63.0960 -63.0386 -63.5309 -63.6229 -64.8179 -64.7984 -64.7669 -66.0649 -66.2814 0.0000 0.0000 0.0000 -74.3076 0.0000 0.0000 -73.7936 -71.6285 -64.1039 -67.5173 -68.8521 -68.3447 -62.6786 -66.1828 -64.3172
-62.1655 -62.1416 -61.9821 -60.9484 -61.9917 -62.0807 -62.1712 -62.2627 -62.3552 -62.4487 -62.5429 -62.6378 -62.9452 -63.0737 -63.1992 -63.1905 -63.1384 -63.0825 -63.5597 -63.6535 -63.7514 -64.7683 -64.7325 -64.6832 -67.6939 0.0000 0.0000 0.0000 -74.6226 0.0000 -74.0919 -71.6016 -68.7858 -66.6551 -66.8361 -67.9737 -67.6640 -62.8484 -62.1532 -63.9678
-62.2286 -62.0524 -62.0448 -61.0211 -61.0114 -62.1295 -62.2185 -62.3085 -62.3996 -62.4915 -62.5842 -62.9043 -63.0324 -63.1572 -63.2451 -63.2336 -63.1821 -63.1270 -63.5930 -63.6836 -63.7698 -64.7407 -64.7011 -65.5642 -67.4050 0.0000 0.0000 0.0000 0.0000 -75.8565 -70.0413 -69.1730 -68.0786 -66.6406 -66.5632 -67.4012 -66.4936 -62.7200 -62.3305 -64.0108
-62.1309 -62.1186 -62.1115 -61.0965 -61.0871 -62.1818 -62.2691 -62.3574 -62.4466 -62.5395 -62.8714 -62.9991 -63.1228 -63.2075 -63.2916 -63.2770 -63.2254 -63.1707 -63.6249 -63.7081 -63.7955 -63.9132 -64.6714 -65.5744 -65.7141 -67.4455 0.0000 0.0000 0.0000 -69.8182 -69.3054 -68.6060 -67.6926 -66.6175 -63.3000 -66.2826 -66.3003 -65.4693 -62.8753 -64.6795
-62.2006 -62.1920 -62.1814 -61.1738 -61.1643 -62.2365 -62.3215 -62.4077 -62.7149 -62.8469 -62.9740 -63.0958 -63.1767 -63.2571 -63.3370 -63.3192 -63.2670 -63.2331 -63.6546 -63.7297 -63.8136 -63.8984 -65.1307 -65.4476 -65.5838 -67.1094 0.0000 -71.5043 -69.7894 -69.3472 -68.8296 -68.2048 -66.5751 -65.8941 -63.3864 -66.0922 -67.6395 -66.6961 -63.0821 -62.6319
-62.2737 -62.2636 -62.2560 -61.2625 -61.2413 -62.2915 -62.3741 -62.6996 -62.8312 -62.9573 -63.0759 -63.1529 -63.2290 -63.3045 -63.3797 -63.3426 -63.2856 -63.5843 -63.6806 -63.7566 -63.8332 -63.9144 -64.0256 -65.1886 -65.4119 -65.5514 -67.1203 -69.1609 -68.9101 -68.5923 -67.1310 -66.7610 -66.3011 -65.7689 -68.4532 0.0000 -68.2799 -65.6503 -62.8120 -62.5155
-62.3446 -62.3335 -62.3250 -61.3521 -61.3164 -62.3446 -62.6934 -62.8252 -62.9496 -63.0633 -63.1358 -63.2073 -63.2404 -63.3067 -63.3781 -63.3939 -63.3401 -63.6300 -63.7017 -63.7741 -63.8474 -63.9255 -64.0087 -64.9606 -65.2350 -65.4136 -66.7657 -68.0546 -67.1829 -67.2193 -66.9787 -66.6457 -66.2467 -65.7962 -63.4865 -69.5381 -66.1790 -65.6656 -63.3038 -63.1230
-62.4014 -62.3979 -62.3904 -61.4269 -61.5746 -62.6983 -62.8294 -62.9515 -63.0578 -63.0618 -63.1254 -63.1933 -63.3219 -63.3863 -63.4511 -63.4236 -63.3687 -63.6489 -63.7167 -63.7856 -63.8557 -63.9294 -64.0015 -64.1155 -65.0725 -65.2745 -64.7906 -65.8761 -66.7836 -66.8598 -66.8333 -66.5499 -66.2062 -65.8200 -63.5709 -68.9403 -67.1038 -66.5808 -63.6011 0.0000
-62.4400 -62.4362 -62.4331 -61.7107 -61.7360 -61.7638 -62.9644 -62.9615 -63.0274 -63.1832 -63.2425 -63.3011 -63.3593 -63.4175 -63.4765 -63.4460 -63.3901 -63.6603 -63.7243 -63.7883 -63.8554 -63.9241 -63.9980 -64.0773 -64.3365 -64.5499 -64.7212 -65.7510 -65.8441 -66.5946 -66.5825 -66.4710 -66.1781 -66.6375 -64.4889 -68.4929 -67.3539 -66.8190 0.0000 0.0000
-62.4732 -62.4691 -62.8287 -62.8997 -61.7959 -61.8133 -63.0687 -63.1265 -63.1817 -63.2345 -63.2859 -63.3367 -63.3877 -63.4395 -63.4927 -63.4594 -63.4026 -63.6626 -63.7216 -63.7842 -63.8488 -63.9152 -63.4830 -63.5720 -64.2651 -64.4798 -64.6573 -64.7489 -65.7140 -66.3692 -66.3989 -67.2852 0.0000 -68.1725 -64.7937 -68.7237 -67.5824 -67.5601 0.0000 0.0000
-62.4995 -62.8434 -62.8868 -63.0873 -62.0287 -62.0206 -63.1398 -63.1894 -63.2341 -63.2774 -63.3195 -63.3615 -63.4047 -63.4496 -63.4968 -63.4615 -63.4029 -63.6526 -63.7103 -63.7705 -63.3249 -63.4128 -63.5009 -63.5921 -63.6870 -64.4213 -64.6009 -64.7275 -65.6171 -66.4970 -67.2443 -67.2317 0.0000 -68.6963 -68.2129 0.0000 0.0000 0.0000 -73.2380 -70.6697
-63.3034 -63.2788 -63.2656 -63.2470 -62.1434 -62.1113 -63.2093 -63.2441 -63.2781 -63.3086 -63.3398 -63.3721 -63.4071 -63.4439 -63.4866 -63.4481 -63.4101 -63.6316 -63.1742 -63.2607 -63.3474 -63.4342 -63.5211 -63.6113 -63.6982 -64.3734 -64.5518 -65.4104 -65.4144 -66.4867 -67.1793 -68.2866 -69.3266 0.0000 0.0000 -68.3537 0.0000 -70.6256 -70.0797 -70.1079
0.0000 -63.3936 -63.3663 -63.3450 -62.2376 -62.1987 -63.2680 -63.2920 -63.3070 -63.3242 -63.3418 -63.3638 -63.3904 -63.4204 -63.4573 -63.4191 -62.8826 -63.1119 -63.1973 -63.2830 -63.3687 -63.4544 -63.5403 -63.6296 -63.7229 -64.4252 -65.2361 -65.4399 -65.4745 -66.4919 -66.5255 0.0000 -72.1418 0.0000 0.0000 -67.1267 -70.2948 -70.2102 -69.5610 -69.3858
0.0000 -63.5633 -63.5222 -63.4428 -62.3573 -62.2821 -63.3158 -63.3192 -63.3146 -63.3143 -63.3193 -63.3299 -63.3476 -63.3745 -62.8828 -62.8993 -63.0505 -63.1347 -63.2191 -63.3037 -63.3887 -63.4735 -64.1300 -64.2473 -64.3669 -64.4891 -65.2740 -65.4757 -65.5390 -65.5255 0.0000 0.0000 -73.1032 -69.4206 -69.9057 -64.5143 -69.6495 -69.5216 -69.2282 -68.9991
0.0000 0.0000 -63.6376 -63.5961 -62.4482 -62.3573 -63.3451 -63.3182 -63.2910 -63.2678 -63.2579 -63.2615 -62.7426 -62.8247 -62.9072 -62.9248 -63.0730 -63.1562 -63.2388 -63.3233 -63.9904 -64.1087 -64.2253 -64.3401 -64.4575 -64.5595 -64.7108 -65.5074 -65.5976 -65.5859 -67.6893 -70.0779 -69.9221 -69.5501 -68.8321 -64.5857 -68.9626 -69.1920 -68.9756 -68.6590
0.0000 0.0000 -63.7430 -63.6979 -62.5794 -62.4186 -62.3019 -63.2650 -63.2069 -63.1680 -62.6065 -62.6870 -62.7679 -62.8484 -62.9299 -62.9487 -63.0940 -63.1764 -63.8558 -63.9752 -64.0913 -64.1802 -64.2949 -64.4082 -64.5202 -64.6348 -64.7516 -65.5375 -65.5799 -66.1810 -66.3315 -68.8897 -69.1837 -68.9983 -67.9952 -64.6537 -67.7688 -68.9209 -68.6716 -68.3696
0.0000 0.0000 0.0000 -63.8168 -63.7170 -62.4837 -62.2544 -63.1093 -62.4756 -62.5546 -62.6339 -62.7105 -62.7906 -62.8709 -62.9513 -62.9714 -63.7263 -63.8473 -63.9202 -64.0374 -64.1525 -64.2660 -64.3779 -64.4885 -64.5972 -64.7092 -64.7366 -65.4587 -65.5752 -66.1907 -66.2520 -68.1214 -68.4692 -68.4165 -68.1459 -64.7754 -67.2144 -68.3246 -68.4666 -68.1394
-74.7892 0.0000 0.0000 -63.9402 -63.7998 -62.3553 -61.5467 -62.4192 -62.4971 -62.5760 -62.6555 -62.7318 -62.8112 -62.8909 -63.6027 -63.5945 -63.7827 -63.9008 -64.0165 -64.1301 -64.2419 -64.3522 -64.4612 -64.5668 -64.5747 -64.6618 -64.7524 -64.8472 -65.5716 -66.1880 -66.1767 -66.1340 -67.8236 -67.8902 -67.7759 -67.0428 -66.9284 -67.8449 -68.2078 -67.9394
0.0000 -69.4934 0.0000 0.0000 -62.3348 -61.5651 -61.5789 -62.4295 -62.5073 -62.5845 -62.6636 -62.7430 -63.4026 -63.5296 -63.6524 -63.7138 -63.8876 -64.0013 -64.1129 -64.2229 -64.3313 -64.4372 -64.4194 -64.5053 -64.5914 -64.6764 -64.7675 -64.8910 -65.9967 -66.1636 -66.1411 -66.0890 -67.2691 -67.4488 -67.4036 -67.0559 -66.7666 -67.5287 -68.0192 -73.3886
-70.4656 -68.0183 -66.3043 -66.0201 -62.3479 -61.5933 -61.6076 -62.4366 -62.4519 -62.5541 -63.2783 -63.4090 -63.5340 -63.6506 -63.7673 -63.8332 -63.9922 -64.1015 -64.2091 -64.3139 -64.2670 -64.3519 -64.4369 -64.5570 -64.6409 -64.7251 -64.8131 -64.8960 -65.0121 -66.0729 -66.0804 -66.0253 -65.9379 -67.0952 -67.1232 -66.8980 -66.7006 -68.6911 0.0000 -78.7619
-66.1629 -66.0843 -65.6726 -65.4232 -62.3565 -61.5767 -61.5787 -63.0121 -63.1582 -63.2940 -63.4217 -63.5435 -63.6608 -63.7711 -63.8814 -63.9897 -64.0968 -64.2000 -64.1602 -64.2425 -64.3250 -64.4078 -64.4906 -64.5736 -64.6568 -64.7400 -64.8234 -64.9105 -65.0015 -65.8742 -66.0274 -65.9723 -65.8897 -66.8178 -66.8906 -68.5540 0.0000 0.0000 -77.5796 -72.6685
-65.8886 -65.7650 -65.2098 -64.9236 -62.2904 -62.1746 -62.2305 -62.2932 -63.3241 -63.4467 -63.5633 -63.6757 -63.7857 -63.8925 -64.0505 -64.1472 -64.0184 -64.0995 -64.1808 -64.2615 -64.3432 -64.4251 -64.5071 -64.5893 -64.6716 -64.7540 -64.8365 -64.9228 -65.0054 -65.1180 -65.9801 -65.9283 -65.8517 -65.7533 0.0000 0.0000 0.0000 -72.4269 -69.4268 -71.9047
-65.4555 -65.3253 -65.0930 -66.1202 -64.3964 -62.3859 -62.4179 -62.4627 -63.4865 -63.6933 -63.8056 -63.9142 -64.0200 -64.0660 -63.8830 -63.9588 -64.0387 -64.1189 -64.1994 -64.2801 -64.3601 -64.4412 -64.5224 -64.6038 -64.6853 -64.7669 -64.8487 -64.9307 -65.0161 -65.1055 -65.8986 -65.8915 -65.8214 -66.2157 -68.9757 -71.6079 -70.5406 -71.7079 -68.2191 -72.8397
-65.2374 -67.0238 -66.9336 -66.5211 -64.8605 -62.6784 -62.6987 -62.7268 -63.7710 -63.8725 -63.9722 -63.9989 -63.7466 -63.8248 -63.9034 -63.9787 -64.0576 -64.1369 -64.2166 -64.2965 -64.3766 -64.4561 -64.5366 -64.6172 -64.6980 -64.7789 -64.8599 -64.9411 -65.0259 -65.1072 -65.2260 -66.3941 -66.3399 -66.2649 -67.5502 -70.5126 -72.1046 -72.6780 -69.0910 0.0000
-68.7443 -68.3801 -67.8928 -67.2734 -65.2724 -63.8400 -62.9042 -62.9189 -63.9541 -63.9529 -63.6142 -63.6908 -63.7678 -63.8443 -63.9221 -64.0002 -64.0748 -64.1534 -64.2323 -64.3115 -64.3909 -64.4705 -64.5496 -64.6295 -64.7095 -64.7897 -64.8701 -64.9520 -65.4844 -65.5936 -65.7085 -66.4413 -66.3890 -67.0604 0.0000 0.0000 -73.2759 -72.8896 -71.6998 -70.9174
-69.8989 -69.1300 -68.4175 -67.6935 -65.5963 -64.0581 -63.0497 -62.9330 -63.4847 -63.5588 -63.6341 -63.7100 -63.7862 -63.8622 -63.9391 -64.0165 -64.0943 -64.1684 -64.2467 -64.3251 -64.4038 -64.4828 -64.5619 -64.6406 -64.7200 -64.8009 -65.3463 -65.4569 -65.5647 -65.6740 -65.7856 -66.4927 -66.4424 -67.1417 -67.5553 -72.3672 -72.1551 -70.2090 -70.3825 -68.9227
