-50.1475 -50.4963 -50.8702 -51.1989 -51.0971 0.0000 -60.9402 -57.6692 -52.7002 -57.7597 -57.9408 -58.0445 -57.9579 -57.0310 -56.3069 -53.8798 -54.1717 -57.2430 -58.7970 -59.1183 -59.3546 -59.8482 -59.2917 -59.4106 -59.4909 -59.5613 -59.6047 -59.6332 -59.6107 -59.6035 -59.5886 -59.5864 -59.5599 -59.5300 -58.5186 -59.5481 -59.6960 -59.9082 -60.0979 -60.2687
-50.3399 -50.6848 -50.9258 -50.7668 -48.7035 -48.9875 -52.2963 -57.3454 0.0000 0.0000 -61.5203 -58.5988 -56.7756 -55.6467 -53.5916 -59.9012 -59.5780 -60.2831 -60.4620 -60.3523 -60.2165 -60.7976 -59.9260 -59.9451 -59.9486 -59.9390 -59.9239 -59.8926 -59.8170 -59.7683 -58.4097 -58.4091 -58.4483 -58.4674 -59.4914 -59.6425 -59.8738 -60.0770 -60.5837 -60.4523
-50.5522 -50.6197 -50.4206 -48.4170 -48.6943 0.0000 0.0000 -61.0114 0.0000 0.0000 -61.3120 -56.5173 -53.1430 -53.3769 0.0000 0.0000 -65.9476 0.0000 0.0000 -66.7654 0.0000 0.0000 -64.3348 -63.1377 -62.0207 -61.7862 -60.5364 -58.3060 -58.3488 -58.3609 -58.3747 -58.3999 -58.4237 -59.4375 -59.5915 -59.8476 -60.0663 -60.5974 -60.7465 -60.4840
-50.2754 -50.0550 -48.1249 -48.4116 -48.6934 0.0000 0.0000 -60.8188 0.0000 0.0000 -52.6933 -52.9680 -55.3961 -55.7115 0.0000 0.0000 -65.8002 0.0000 0.0000 -66.8135 0.0000 0.0000 -64.2254 -62.0446 -58.1911 -58.2707 -58.3237 -58.3597 -58.2101 -58.2788 -58.3674 -58.3765 -58.3801 -59.5435 -59.8335 -60.4572 -60.6307 -60.7798 -60.4893 -60.5053
-47.5240 -47.8257 -48.1217 -48.4132 -48.6999 -51.1650 -51.4967 -51.7660 -52.0548 -52.4902 -52.7907 -55.3310 -55.6175 -55.9206 -56.2098 -56.4373 -56.1821 -56.4038 -56.6159 -57.3413 -58.0441 -58.1901 -58.1310 -58.2287 -58.3045 -58.3583 -58.3877 -58.1203 -58.2056 -58.2883 -58.3559 -58.3363 -59.4838 -59.8212 -60.5278 -60.6927 -63.4478 -62.6154 -62.5108 -63.2418
-47.5158 -47.8247 -48.1266 -48.4226 -50.9077 -51.2549 -51.5508 -51.8371 -52.1111 -54.9283 -55.3411 -55.5884 -55.8452 -56.1238 -56.3781 -56.1365 -56.3024 -56.5116 -57.3353 -57.9322 -58.1715 -58.2106 -58.2913 -58.3661 -58.4180 -58.4400 -58.0304 -58.1095 -58.4039 -58.3703 -58.3314 -59.4439 -60.5121 -63.1857 0.0000 0.0000 -66.8621 -64.6185 -65.1846 -63.8737
-47.5228 -47.8330 -48.1391 -50.6701 -51.0068 -51.3271 -51.6205 -54.1377 -54.8896 -55.3447 -55.6025 -55.8511 -56.0687 -56.3142 -56.0731 -56.2663 -57.1087 -57.3129 -57.4432 -58.1608 -58.4686 -58.3930 -58.3705 -58.4508 -58.5205 -57.9399 -58.0110 -58.4391 -58.3847 -58.3246 -59.4339 0.0000 0.0000 0.0000 0.0000 0.0000 -64.8565 -64.2579 -64.7845 -64.4958
-47.5356 -50.0622 -50.4322 -50.7777 -51.0924 -53.7033 -54.1361 -54.8486 -55.3569 -55.7254 -55.9123 -56.1074 -56.2749 -56.0016 -56.2142 -57.1476 -57.3354 -57.4495 -58.1661 -58.5142 -58.6516 -58.3769 -58.4215 -58.4713 -57.8480 -57.9087 -58.5037 -58.4241 -58.3371 -58.2482 -60.7975 -61.0030 0.0000 0.0000 -67.4543 -65.9872 -64.4448 -64.6400 -64.2478 -64.1358
-49.8157 -50.2008 -50.5450 -50.8763 -53.7506 -54.2124 -54.5635 -55.4722 -55.8804 -56.0850 -56.2097 -56.3354 -55.9839 -56.1605 -57.1799 -57.4397 -57.4901 -58.2013 -58.6247 -58.7320 -58.3971 -58.4057 -57.7054 -57.7520 -58.6979 -58.6069 -58.4968 -58.3762 -58.2529 0.0000 0.0000 -69.7563 -68.7765 -68.3661 -66.2846 -64.5551 -64.6659 -64.1044 -63.9019 -62.9368
-49.9704 -50.3324 -53.4503 -53.9562 -54.3848 -54.7558 -55.6374 -56.1952 -56.3422 -56.4388 -56.4452 -55.9630 -56.1553 -57.2443 -57.5602 -57.5239 -57.5534 -58.8402 -58.8825 -58.8731 -58.4020 -57.6207 -57.6493 -58.8747 -58.7595 -58.6146 -58.4519 -58.2842 -58.3275 0.0000 0.0000 -69.4575 -67.7579 -66.9542 -64.8738 -64.6260 -63.8964 -63.7241 -60.8311 -61.0689
-53.3521 -54.0048 -54.4498 -54.7833 -55.0458 -55.3017 -56.6552 -56.7630 -56.7853 -56.6671 -56.0088 -56.1287 -57.4061 -57.7525 -57.6853 -57.6641 -58.9891 -59.1288 -59.0462 -58.4157 -57.5361 -58.7886 -59.1110 -58.9895 -58.8525 -58.6757 -58.4791 -58.4395 -58.3021 0.0000 0.0000 -69.2178 -67.1775 -65.4472 -64.1690 -63.7112 -63.4267 -60.7231 -60.8189 -61.0572
-55.2122 -55.3443 -55.4720 -55.5487 -55.4013 0.0000 0.0000 -62.7452 -60.3571 -57.1880 -56.7070 -57.7794 -62.0373 -61.5601 -61.1313 -64.3884 -64.5308 -64.2961 -61.1108 -59.1069 -64.2366 -63.3274 -61.8484 -61.1204 -60.4757 -59.8973 -59.5584 -58.6005 -58.2716 0.0000 0.0000 -68.2126 -66.8349 -64.6395 -63.5540 -60.4712 -60.5406 -59.7304 -60.1966 -60.3784
-59.7958 -57.8324 -55.0961 -54.9583 -54.8604 0.0000 0.0000 -62.6773 -56.9486 -56.1967 -62.8344 -63.2115 -62.0111 -61.4280 -60.9039 0.0000 0.0000 -60.9557 -58.7554 -65.6261 0.0000 0.0000 -63.5765 -62.1801 -60.5673 -58.8447 -58.3568 -57.9482 -56.2294 0.0000 0.0000 -67.9774 -65.9025 -63.3697 -60.2304 -59.6933 -59.8208 -59.9558 -60.1989 -60.3832
-54.7841 -53.8723 -54.1056 -54.3136 -54.2675 0.0000 0.0000 -56.6832 -55.4348 -52.8570 0.0000 0.0000 -62.5288 -61.4097 -60.2415 -59.3944 -58.6291 -58.1886 -56.2773 0.0000 0.0000 0.0000 -61.8174 -58.3692 -58.6349 -58.1369 -57.6147 -56.5221 -56.4594 0.0000 0.0000 -66.7766 -59.1238 -59.3247 -59.4978 -59.6540 -59.7927 -59.9812 -60.1655 -60.3401
-53.9654 -53.8112 -53.7211 -53.6689 -51.9035 -52.1492 -52.3699 -52.5570 -52.7288 -52.9113 0.0000 0.0000 -62.4109 -60.6793 -59.4179 -58.4550 -57.8427 -56.0660 -56.1622 -57.7837 -57.9790 -57.9912 -58.1380 -60.2050 -59.2112 -58.3487 -56.2475 -56.1624 -58.2575 -58.5466 -58.8134 -58.7484 -59.1120 -59.3016 -59.4528 -59.3874 -59.7636 -59.9441 -61.1051 -61.2974
-51.0688 -51.3317 -51.5768 -51.8031 -52.0156 -52.2402 -52.4290 -52.6147 -53.8229 -54.0536 0.0000 0.0000 -61.6382 -59.5617 -58.1474 -55.7217 -55.7467 -55.6866 -57.5114 -57.6642 -62.0442 -62.1949 -61.9934 -59.9935 -58.2015 -55.9414 -57.6227 -57.9715 -58.2524 -58.4872 -58.4823 -58.8534 -59.0456 -59.2133 -59.3615 -60.5618 -60.7779 -60.9547 -61.1078 -61.2234
-51.2819 -51.5188 -51.7315 -51.9281 -52.1157 -52.3175 -52.4757 -52.6497 0.0000 -63.2491 -61.2712 -59.3625 -57.1972 -55.4746 -55.5227 -55.3131 -56.5903 -56.8882 -57.1942 -56.9796 0.0000 0.0000 -62.9948 -57.9622 -55.5439 -57.2001 -57.5607 -57.8570 -58.1084 -58.1692 -58.5190 -58.7224 -58.6638 -58.6396 -58.7787 -61.0201 -61.1831 -61.3307 0.0000 -67.5589
-51.4932 -51.6881 -51.8651 -52.0334 -52.1917 -52.3637 -52.5042 -52.6524 0.0000 -63.1432 0.0000 -54.8680 -54.9060 -52.9865 -54.4732 -54.4758 -54.7692 -55.2640 -55.2495 -55.2337 -55.2086 -55.1836 -53.8450 -53.9131 -55.4311 -55.9155 -56.2930 -56.6033 -56.8638 -57.0012 0.0000 0.0000 -66.5364 -65.1961 -64.9336 -63.6764 -63.0961 0.0000 0.0000 0.0000
-51.6855 -51.8358 -51.9726 -52.1003 -52.2292 -52.3663 -52.4979 -52.6437 -51.7891 -52.0704 -52.3488 -52.5983 -54.7542 -54.9122 -54.6662 -54.6867 -55.3044 -55.2445 -55.1858 -55.1248 -55.0755 -53.6765 -53.7397 -56.7024 -57.3616 -57.8224 -58.1747 -58.4567 -58.5627 -59.0757 0.0000 0.0000 -66.6750 -64.9505 -64.5452 -64.1793 -63.9731 0.0000 0.0000 0.0000
-51.8443 -51.9361 -52.0253 -52.1157 -52.2149 -52.3303 -51.3492 -51.6603 -51.9454 -52.2337 0.0000 0.0000 -62.2846 -58.5911 -57.0484 -57.9143 -57.5762 -57.1648 -56.8054 -56.5179 -54.4557 -54.4678 -57.2703 -57.9697 -58.3800 -58.6713 -58.8999 -58.9500 -59.3448 -59.6107 -59.8076 -59.8020 -59.7644 -61.3713 -61.5481 -61.7339 -60.2234 -60.1850 0.0000 -60.7971
-51.9351 -51.9624 -52.0027 -52.0583 -50.9148 -51.2365 -51.5407 -51.8387 -52.1263 -52.4101 0.0000 0.0000 -61.2552 -55.2392 -59.1151 -58.5544 -57.8193 -57.2260 -56.7487 -54.4166 -54.3763 -59.0833 -59.2085 -59.3220 -59.4292 -59.5343 -59.4780 -59.7892 -60.0169 -60.1029 -59.9608 -60.2485 -60.3699 -66.8029 -61.6800 -60.9052 -59.1990 -59.1026 -59.0423 -58.7328
-51.9129 -51.8761 -51.8747 -50.8033 -51.1225 -51.4396 -51.7443 -52.0344 0.0000 0.0000 0.0000 -63.4688 -61.5983 -60.8707 -60.2604 -58.6426 -57.7277 -57.0039 -54.3515 0.0000 0.0000 -61.3064 -60.7383 -60.5090 -60.4008 -60.3479 -60.3460 -60.1791 -60.0722 -60.6578 0.0000 -70.1225 0.0000 0.0000 -65.6068 -60.3288 -59.9717 -59.6747 -59.4247 -59.0465
-51.7131 -50.3588 -50.6979 -51.0259 -51.3421 -51.6540 0.0000 0.0000 0.0000 0.0000 0.0000 -63.4970 -62.7616 -61.9988 -61.7109 -58.3472 -57.1715 -54.1444 -54.0205 0.0000 0.0000 -66.5039 -64.7350 -63.5628 -62.2894 -60.3114 -60.1803 -59.9593 -59.8433 0.0000 0.0000 0.0000 0.0000 0.0000 -60.1142 -59.5913 -59.2419 -58.2915 -58.0493 -57.9951
-50.2652 -50.6030 -50.8092 -51.0219 -51.2479 -51.4875 0.0000 0.0000 0.0000 0.0000 0.0000 0.0000 0.0000 0.0000 -59.0854 -57.3106 -53.8352 -53.6727 -53.5529 0.0000 0.0000 -66.3148 -64.3226 -62.6065 -60.8063 -60.0264 -59.4113 -57.8855 -58.0275 0.0000 0.0000 -60.4160 -59.6563 -58.2573 -58.1349 -58.0539 -57.9708 -57.8931 -57.7007 -57.6691
-49.9142 -50.1227 -48.9674 -49.3115 -49.6470 -49.9778 0.0000 0.0000 -54.5583 -53.8367 -53.1507 0.0000 0.0000 0.0000 -57.9093 -53.5140 -53.2847 -53.1284 -53.0302 0.0000 0.0000 -66.1127 -63.6303 -60.6244 -57.5055 -57.4947 -57.5372 -57.6642 -57.7673 -57.8730 -57.9642 -57.9791 -57.8661 -57.7567 -57.6850 -57.6141 -57.5507 -57.3660 -57.3437 -57.3274
-48.4445 -48.8084 -49.1579 -49.4975 -49.8278 -50.1554 -50.4720 -50.6237 -50.6897 -50.7520 -50.8126 0.0000 0.0000 -60.6919 -53.1813 -52.7910 -52.5862 -52.4847 -54.8165 0.0000 0.0000 -65.9066 -57.5357 -57.1471 -57.0227 -57.0233 -55.1597 -55.3640 -55.5747 -55.7576 -55.8408 -55.8659 -55.8860 -55.9059 -55.9237 -55.9434 -55.9637 -55.9008 -55.9353 -55.9776
-48.6620 -49.0203 -49.3660 -49.6969 -50.0207 -50.3437 -50.4961 -50.5484 -50.5934 -50.6369 -50.6818 -50.7322 -50.7795 -50.8353 -50.8958 -50.9617 -52.6805 -53.0320 -53.3539 -53.6529 -53.9367 -54.1584 -54.3621 -54.6434 -54.8742 -55.0973 -55.3056 -55.5149 -55.7124 -55.7568 -55.7655 -55.7724 -55.7816 -55.7952 -55.8065 -55.8208 -55.7532 -55.7820 -55.8149 -57.0836
-48.8979 -49.2491 -49.5862 -49.9129 -50.2268 -50.3924 -50.4186 -50.4395 -50.4616 -50.4894 -50.5201 -50.5556 -50.5984 -50.6481 -50.7050 -52.5575 -52.9995 -53.3292 -53.6306 -53.9074 -54.1428 -54.3481 -54.6262 -54.8560 -55.0779 -55.2927 -55.5010 -55.6880 -55.6779 -55.6670 -55.6636 -55.6589 -55.6565 -55.6587 -55.6682 -55.6794 -55.6174 -56.8668 -57.2938 -58.4895
-49.1505 -49.4924 -49.8224 -50.1401 -50.3084 -50.3129 -50.3015 -50.2960 -50.2950 -50.3027 -50.3216 -50.3495 -50.3866 -50.4328 -52.4639 -53.0122 -53.3443 -53.6446 -53.9188 -54.1510 -54.3537 -54.6301 -54.8564 -55.0755 -55.2876 -55.4935 -55.6642 -55.6287 -55.5849 -55.5536 -55.5279 -55.5147 -55.5045 -55.5001 -55.5031 -55.5159 -57.6155 0.0000 0.0000 -64.7959
-49.4200 -49.7516 -50.0719 -50.2651 -50.2236 -50.1850 -50.1412 -50.1048 -50.0839 -50.0761 -50.0831 -50.1078 -52.0615 -52.3869 -53.0910 -53.4149 -53.7057 -53.9707 -54.1965 -54.4304 -54.6132 -54.8753 -55.0928 -55.3003 -55.5022 -55.6550 -55.5907 -55.5251 -55.4638 -55.4035 -55.3624 -55.3327 -55.3194 -55.3126 0.0000 -63.8631 -62.7891 0.0000 0.0000 -66.9021
-49.7080 -50.0279 -50.2708 -50.1795 -50.0834 -49.9989 -49.9216 -49.8614 -49.8201 -49.8028 -49.8043 -53.1058 -53.3378 -52.2494 -53.5607 -53.8261 -54.0715 -54.2822 -54.5023 -54.6742 -54.9248 -55.1292 -55.3330 -55.5287 -55.6779 -55.5779 -55.4733 -55.3744 -55.2877 -55.2162 -55.1545 -55.1171 -55.0952 0.0000 0.0000 0.0000 0.0000 -63.9968 0.0000 -58.4863
-50.4617 -50.3428 -50.1905 -50.0267 -49.8770 -49.7402 -49.6312 -49.5516 -49.5010 -52.8903 -53.1246 -53.3560 -52.1813 -53.8050 -54.0207 -54.2290 -54.4124 -54.6116 -54.7677 -55.0029 -55.1952 -55.3848 -55.5716 -55.7594 -55.6033 -55.4461 -55.2953 -55.1620 -55.0519 -54.9662 -54.9042 -54.8574 0.0000 0.0000 -67.9587 0.0000 0.0000 -68.1835 -58.1117 -57.9612
-50.5103 -50.2849 -50.0312 -49.7828 -49.5701 -49.3921 -49.2581 -49.1677 0.0000 0.0000 -58.4715 -54.0481 -56.8401 -54.2827 -54.4408 -54.6107 -54.7612 -54.8932 -55.1095 -55.2865 -55.4641 -55.6397 -55.8142 -55.6899 -55.4600 -55.2339 -55.0335 -54.8692 -54.7426 -54.6510 -54.5901 0.0000 -64.0962 0.0000 0.0000 0.0000 0.0000 -58.0082 -61.9185 -57.9110
-53.3708 -50.1383 -49.7563 -49.4139 -49.1412 -48.9330 -48.7903 -52.4915 0.0000 0.0000 -59.9177 -53.9994 0.0000 0.0000 -61.1297 0.0000 0.0000 0.0000 -61.0364 0.0000 0.0000 0.0000 -61.8197 -58.0575 -57.0134 -54.9018 -54.6571 -54.4740 -54.3452 -54.2614 -54.2561 0.0000 -66.4023 0.0000 0.0000 -66.3201 -57.7745 -57.7351 -67.1661 -64.6003
-53.3612 -51.8054 -50.6706 -49.8824 -49.3528 -54.3222 -54.4297 -52.8846 0.0000 0.0000 -54.4835 -53.5774 0.0000 0.0000 -61.0580 0.0000 0.0000 0.0000 -62.3242 0.0000 0.0000 0.0000 -62.9006 -58.0433 -56.7721 -55.9330 -55.3825 -55.0204 -54.7843 -54.6652 -54.5933 0.0000 0.0000 -64.5287 -61.5581 -57.2950 -56.7553 0.0000 0.0000 -56.0428
-52.7589 -50.9954 -49.7817 -48.9973 -48.5133 0.0000 -64.9608 -61.3693 -55.2307 -53.2479 -52.4547 -52.4886 0.0000 0.0000 -60.8978 0.0000 0.0000 0.0000 -58.8019 0.0000 0.0000 0.0000 -59.1413 -57.0134 -55.7551 -55.0157 -54.5700 -54.3014 -54.1448 -54.0947 -54.0721 -52.0047 0.0000 -56.8072 -56.0223 -55.6142 -55.4463 -52.9954 -53.1149 -53.2349
-51.6015 -49.5264 -48.3631 -47.7337 -47.4081 -47.3942 0.0000 0.0000 -55.0015 -53.1903 -51.9381 -51.1340 0.0000 0.0000 -60.7308 0.0000 0.0000 0.0000 -56.4024 0.0000 0.0000 0.0000 -57.1763 -54.9082 -54.0536 -51.1128 -51.1337 -51.2312 -51.3485 -51.4618 -51.5788 -51.6985 -54.6077 -55.1936 -55.3518 -55.4980 -55.1123 -54.8522 -54.6782 -54.5623
-49.1517 -47.0790 -46.3960 -46.1610 -46.1083 -46.1595 0.0000 0.0000 -54.0134 -51.8988 -50.6718 -49.9930 -49.6176 -49.6957 -49.6185 -49.6120 -49.6511 -49.7225 -49.8151 -49.9271 -50.0494 -50.1694 -50.3053 -50.4310 -50.5488 -50.6683 -50.7899 -50.9233 -51.0521 -51.1828 0.0000 0.0000 -56.6695 -55.3298 -54.3821 -53.9939 -53.9987 -53.8702 -53.7995 -53.7729
-41.2377 -41.5802 -41.9124 -42.2350 -42.5494 -42.8498 0.0000 0.0000 -51.4545 -49.5156 -48.7870 -48.4876 -48.3757 -48.3664 -48.4203 -48.7099 -48.8436 -48.9906 -49.1494 -49.3123 -49.4742 -49.6438 -49.8144 -49.9839 -50.1356 -50.2860 -50.4344 -50.5941 -50.7436 -50.8957 0.0000 -56.6842 -54.4758 -53.5766 -53.1663 -52.9595 -52.7385 -52.7262 -52.7518 -52.9669
-40.9650 -41.3208 -41.6652 -41.9987 -42.3231 -42.6377 -42.9428 -43.2392 -43.5268 -43.8069 -44.0801 -44.3470 -44.6076 -44.8496 -45.0866 -45.3181 -45.5971 -45.8414 -46.0739 -46.2964 -46.5161 -46.7307 -46.9408 -47.1463 -47.3477 -47.5361 -47.7258 -47.9083 -48.0871 -48.2622 -48.4307 -48.6818 -48.8542 -49.0159 -49.1723 -49.3253 -49.4772 -49.6289 -49.7167 -49.8668
