-60.4578 -60.4965 -61.2103 -61.2213 -61.1095 -61.3817 0.0000 -66.4107 -63.6624 -63.2243 -62.9498 -62.7507 -62.5856 -60.9486 -61.8967 -62.2131 -62.3289 -62.1817 -61.1319 -61.1829 -61.2579 -61.3414 -61.4307 -61.5241 -61.5413 -61.6328 -61.7255 -61.8186 -61.9123 -61.9981 -61.6916 -61.7755 -61.3708 -61.4349 -62.0324 -62.1190 -62.2138 -62.3012 -62.9878 -63.0602
-60.4866 -61.2130 -66.4150 -65.6258 -63.9714 -64.3879 -64.2800 -63.7715 -62.5023 -62.3057 -62.1057 -61.9720 -62.0383 -62.4561 -62.4768 -62.3149 -61.3113 -60.8478 -60.8946 -60.9602 -61.2572 -61.1939 -61.2662 -61.3422 -61.4254 -61.5152 -61.6063 -61.6979 -61.7904 -61.8830 -61.6006 -61.1956 -61.2582 -61.8464 -61.9326 -62.0189 -62.1058 -62.1930 -62.8637 -63.7708
-60.6511 0.0000 0.0000 -64.5683 -64.9102 -64.5193 -63.9567 -62.7301 -62.5069 -62.3044 -60.6181 -62.5536 -63.2118 -62.8476 -61.3237 -61.3882 -61.1380 -61.1447 -61.1701 -60.9826 -61.0258 -61.0816 -61.1528 -61.2275 -61.3058 -61.3944 -61.4842 -61.5747 -61.6662 -61.7580 -61.0261 -61.0868 -61.6665 -61.7442 -61.8301 -61.9168 -62.0036 -62.8532 -62.9203 -63.6108
-60.7568 0.0000 -64.2636 -62.3341 -62.7484 -62.5707 -62.3471 -61.6207 -60.6522 -61.3296 0.0000 -65.5626 -61.9918 -61.7946 -61.8928 -61.4982 -61.4547 -60.8234 -60.8464 -60.8810 -60.9241 -60.9733 -61.0351 -61.1088 -61.1854 -61.2704 -61.3593 -61.4491 -61.5398 -61.1340 -60.9191 -61.4776 -61.5619 -61.6470 -61.7328 -61.8255 -62.6764 -62.7350 -62.7908 -63.4640
-62.6667 -62.8378 -62.7446 -63.0984 -62.7443 -62.4760 -61.6794 -60.7024 -60.8448 -61.9303 -63.6547 -62.0374 -61.9460 -61.8165 -60.7350 -60.7098 -60.7000 -60.7116 -60.7382 -60.7746 -60.8180 -60.8666 -60.9188 -60.9862 -61.0616 -61.1431 -61.2317 -61.3213 -60.9280 -61.5022 -61.2988 -61.3700 -61.4547 -61.5401 -62.4516 -62.5069 -62.5633 -62.6088 -62.6678 -63.3147
-63.0336 -63.1794 -63.0042 -63.0089 -62.5796 -61.1749 -60.8237 -60.9191 -61.0067 -62.1517 -62.1431 -61.2949 -61.0862 -60.5828 -60.6120 -60.5853 -60.5837 -60.5958 -60.6246 -60.6631 -60.7073 -60.7556 -60.8073 -60.8615 -60.9347 -61.0129 -61.1012 -60.7213 -61.2806 -61.3714 -61.4627 -61.2596 -61.3580 -62.2742 -62.3268 -62.3812 -62.4335 -62.4907 -62.5494 -63.1627
-63.6948 -63.7370 -63.1607 -61.2880 -61.3775 -60.9631 -61.0524 -61.1311 -61.8312 -61.6861 -61.5920 -61.0394 -60.5837 -60.4834 -60.4776 -60.4641 -60.4604 -60.4791 -60.5066 -60.5461 -60.5917 -60.6405 -60.6919 -60.7456 -60.8042 -60.8814 -60.5132 -61.0578 -61.1478 -61.2389 -61.3305 -62.0463 -62.0946 -62.1449 -62.1970 -62.2472 -62.3029 -62.3600 -62.4187 -62.4848
-63.4726 -62.7652 -61.3590 -61.4469 -61.5758 -61.1827 -61.2220 -60.7549 -61.5702 -61.5521 -60.9659 -60.4688 -60.4322 -60.3595 -60.3389 -60.3320 -60.3398 -60.3550 -60.3876 -60.4279 -60.4709 -60.5208 -60.5728 -60.6263 -60.6816 -60.3074 -60.8325 -60.9225 -61.0131 -62.1314 -62.1806 -61.9125 -61.9602 -62.0100 -62.0620 -62.1119 -62.1676 -62.2251 -62.2841 -62.3446
-60.9395 -61.1291 -61.3429 -61.4277 -60.5477 -60.6280 -60.6774 -61.3217 -61.4772 -61.4570 -60.3116 -60.2998 -60.2117 -60.2441 -60.2218 -60.1951 -60.2083 -60.2330 -60.2612 -60.3027 -60.3491 -60.3964 -60.4495 -60.5036 -60.1074 -60.6161 -60.6944 -60.7991 -61.9255 -61.9714 -62.0194 -61.7725 -61.8199 -61.8696 -61.9180 -61.9720 -62.0279 -62.0859 -62.1454 -62.2066
-60.9268 -61.2184 -60.6895 -60.7912 -60.5028 -60.6200 -60.6909 -61.2921 -61.3949 -60.1830 -60.1423 -60.1044 -60.0575 -60.0895 -60.0777 -60.0765 -60.0718 -60.1003 -60.1367 -60.1734 -60.2206 -60.2712 -60.3245 -59.9053 -60.4335 -60.4906 -61.6182 -61.7179 -61.7607 -61.8056 -61.8530 -61.6263 -61.6738 -61.7202 -61.7725 -61.8270 -61.8835 -61.9421 -62.0027 -62.0649
-60.3100 -60.5603 -60.6665 -60.4011 -60.4881 -60.5965 -61.2004 -61.2944 -60.4916 -60.0004 -59.9663 -59.9372 -59.8987 -59.9278 -59.9281 -59.9339 -59.9288 -59.9629 -60.0019 -60.0459 -60.0885 -60.1399 -59.7244 -60.2497 -60.3186 -61.4384 -61.5083 -61.5476 -61.5897 -61.6339 -61.6811 -61.4736 -61.5182 -61.5687 -61.6217 -61.6770 -61.7346 -61.7943 -61.8561 -60.6059
-60.3054 -60.5306 -60.2967 -60.3796 -60.4648 -60.5442 -61.1605 -60.3427 -60.2486 -59.8133 -59.7860 -59.7113 -59.7187 -59.7627 -59.7706 -59.7861 -59.8087 -59.8193 -59.8603 -59.9087 -59.9581 -59.5547 -60.0600 -61.0938 -61.2627 -61.3122 -61.3339 -61.3705 -61.4121 -61.4562 -61.5035 -61.3113 -61.3601 -61.4115 -61.4657 -61.5222 -61.5811 -60.3725 -60.3980 -60.4725
-60.2898 -60.4945 -60.2585 -60.3477 -61.1187 -60.8817 -60.1028 -60.0906 -59.6636 -59.6191 -59.5313 -59.5430 -59.5586 -59.5768 -59.6086 -59.6329 -59.6612 -59.6962 -59.7178 -59.3673 -59.3873 -60.7719 -60.9399 -61.1102 -61.1209 -61.1325 -61.1544 -61.1862 -61.2279 -61.2724 -61.3168 -61.1460 -61.1960 -61.2489 -61.3045 -61.3627 -60.1115 -60.1863 -60.2615 -60.3381
-60.2500 -60.9999 -61.0814 -61.0091 -60.7274 -59.8793 -59.8596 -59.8411 -59.4612 -59.4236 -59.3531 -59.3698 -59.4026 -59.4090 -59.4452 -59.4728 -59.5091 -59.5480 -59.2137 -59.6214 -60.6120 -60.7918 -60.9608 -60.9480 -60.9452 -60.9461 -60.9623 -60.9973 -61.0367 -60.3623 -60.3912 -60.2403 -60.3013 -60.3738 -59.8678 -59.9378 -60.0086 -60.0810 -60.1544 -60.2291
-61.1819 -60.9617 -60.9227 -60.5760 -59.3034 -59.6242 -59.6013 -59.5770 -59.2542 -59.2423 -59.1720 -59.1896 -59.2245 -59.2376 -59.2600 -59.3113 -59.3488 -58.3967 -59.4254 -59.5502 -59.7250 -60.7935 -60.7993 -60.8041 -60.8061 -60.8163 -60.8291 -60.8689 -60.9198 -60.9664 -61.0216 -60.8776 -59.6294 -59.6489 -59.7194 -59.7907 -59.8638 -59.9380 -60.0133 -60.0896
-60.8465 -60.8907 -60.4433 -59.0769 -58.4331 -58.3884 -58.3482 -58.1295 -59.2080 -59.1456 -59.1531 -59.1781 -59.2134 -59.2363 -59.2654 -59.3028 -59.0235 -60.3502 -60.5478 -60.7389 -60.8585 -60.8350 -60.8165 -60.7725 -60.7525 -60.7337 -60.7256 -60.7257 -60.7453 -60.7795 -60.8230 -59.3587 -59.4253 -59.4959 -59.5684 -59.6422 -59.7174 -59.7936 -59.8708 -59.9489
-64.2161 -62.4456 -59.8993 -59.7206 -59.9445 -59.8400 -59.7576 -59.3733 -59.3322 -59.2648 -59.2632 -59.2506 -59.2659 -59.2742 -59.2953 -58.9947 -60.4014 -60.6040 -60.7960 -60.7408 -60.6891 -60.6229 -60.5889 -60.5621 -60.5420 -60.5310 -60.5191 -60.5150 -60.5286 -59.1753 -59.2476 -59.2045 -59.2679 -59.3414 -59.4161 -59.4922 -59.5694 -59.6476 -59.7269 -59.8071
-64.5745 -60.1991 -59.9358 -59.7509 -59.9563 -59.8369 -59.7488 -59.3601 -59.3112 -59.2435 -59.2369 -59.2358 -59.2270 -60.3186 -58.9413 -60.0925 -60.2837 -60.4923 -60.5872 -60.5237 -60.4701 -60.4028 -60.3685 -60.3420 -60.3229 -60.3107 -60.3044 -58.9386 -58.9394 -59.0003 -59.0751 -59.0423 -59.1109 -59.1850 -59.2621 -59.3405 -59.4200 -59.5005 -59.5819 -59.6641
-60.4230 -60.1721 -59.9445 -60.1170 -59.9544 -59.8299 -59.4163 -59.3438 -59.2877 -59.2037 -59.2067 -59.2107 -59.8572 -58.5510 -59.9443 -60.1408 -60.3314 -60.4226 -60.3517 -60.2910 -60.2344 -60.1896 -60.1339 -60.1089 -60.0919 -60.0795 -58.7070 -58.7432 -58.7779 -58.8241 -58.9004 -58.9789 -58.9502 -59.0287 -59.1083 -59.1874 -59.2693 -59.3520 -59.4357 -59.5379
-60.0883 -59.8825 -59.7562 -59.9837 -59.9022 -59.7846 -59.3743 -59.3008 -58.5883 -58.5521 -59.8734 -59.7095 -58.3862 -59.7982 -60.0008 -60.1934 -60.2381 -60.1517 -60.0965 -60.0346 -59.9828 -59.9376 -59.9044 -59.8623 -58.4716 -58.5041 -58.5388 -58.5756 -58.6156 -58.6560 -58.7248 -58.8060 -58.7872 -58.8690 -58.9513 -59.0347 -59.1174 -59.2732 -60.8641 -61.0394
-58.7020 -58.6621 -58.8938 -58.8684 -58.6489 -58.6325 -58.3759 -58.3674 -58.3394 -59.7270 -59.4982 -58.2014 -59.6704 -59.8616 -60.0591 -60.0765 -59.9689 -59.8768 -59.8016 -59.7578 -59.7091 -59.6699 -58.2811 -58.2763 -58.2956 -58.3307 -58.3679 -58.4066 -58.4479 -58.4922 -58.5502 -58.6322 -58.6229 -58.7075 -58.7931 -60.4005 -60.5864 -60.7649 -60.9411 -61.1115
-58.2772 -58.2348 -58.4169 -58.3908 -58.3672 -58.1352 -58.1294 -59.5030 -59.6269 -59.3042 -57.9876 -59.5052 -59.7434 -59.9460 -59.9143 -59.7831 -59.6712 -59.5776 -59.5011 -59.4591 -59.4143 -58.0337 -58.0633 -58.0954 -58.1166 -58.1542 -58.1940 -58.2359 -58.2798 -58.3252 -58.3767 -58.4595 -58.4734 -60.1033 -60.2924 -60.4761 -60.6540 -60.8275 -60.9967 -61.1597
-57.9583 -58.1106 -58.1066 -58.0916 -58.0807 -59.1844 -59.3829 -59.5587 -59.0979 -59.0789 -59.3506 -59.5892 -59.8267 -59.7714 -59.6083 -59.4545 -59.3408 -59.2486 -59.1761 -57.7685 -57.8090 -57.8408 -57.8747 -57.9103 -57.9472 -57.9691 -58.0074 -58.0482 -58.0916 -58.1369 -58.2593 -59.8986 -59.9808 -60.1689 -60.3539 -60.5339 -60.7090 -60.8794 -60.2644 -60.3855
-57.6434 -57.7858 -57.8005 -57.7907 -59.0435 -59.2607 -60.3697 -58.9217 -58.8997 -59.1968 -59.4596 -59.8253 -59.5951 -59.4106 -59.2394 -59.0844 -58.9627 -57.4963 -57.5118 -57.5330 -57.5591 -56.9898 -57.0098 -57.0629 -57.1330 -57.7624 -57.8028 -57.8569 -59.4699 -59.6609 -59.8472 -60.0347 -60.1171 -60.3119 -60.4967 -60.6791 -60.8569 -61.0304 -61.1992 -61.3377
-57.3160 -57.4634 -58.9229 -57.7500 -58.6038 -58.7058 -57.4674 -58.7583 -59.0960 -59.4016 -59.8159 -59.5240 -59.2650 -59.0641 -58.8913 -58.7551 -57.3319 -57.3576 -57.3873 -57.4204 -57.4568 -57.5064 -57.5504 -57.5954 -57.6413 -57.7074 -59.3823 -59.5790 -59.7664 -59.9445 -60.1188 -60.2952 -60.3564 -60.5398 -60.7205 -60.8920 -61.0517 -61.1338 -61.2167 -61.2996
-56.1639 -57.4378 0.0000 0.0000 -65.3372 -60.1643 -59.8255 -59.9194 -60.9407 -60.5277 -59.9680 -59.5032 -59.1388 -58.8578 -57.2632 -57.2659 -57.2669 -57.2842 -57.3071 -57.3348 -57.3670 -57.4028 -57.4521 -57.5887 -59.3159 -59.5231 -59.7165 -59.8809 -60.0515 -60.2159 -60.3779 -60.5427 -60.5839 -60.7576 -60.8368 -60.9162 -60.9924 -61.0728 -61.1542 -61.2366
-57.6803 0.0000 0.0000 0.0000 -58.8063 -60.5560 -62.9180 -62.4527 -62.2011 -60.5797 -59.7896 -59.2000 -57.2296 -57.1992 -57.1918 -57.1877 -57.1919 -57.1951 -57.2143 -57.2391 -57.2690 -59.0226 -59.2632 -59.4976 -59.7013 -59.8870 -60.0606 -60.2246 -60.3617 -60.5097 -60.6277 -60.6973 -60.6425 -60.7138 -60.7872 -60.8623 -60.9390 -61.0174 -61.0980 -61.1798
-58.6216 0.0000 -58.9769 -58.6927 -60.9036 0.0000 0.0000 -63.7079 -61.4762 -60.0567 -59.1151 -57.1776 -57.1264 -57.0931 -57.0741 -57.0759 -57.0788 -57.0896 -57.1187 -59.0259 -59.2876 -59.5161 -59.7203 -59.9235 -60.0977 -60.2627 -60.4148 -60.5012 -60.5218 -60.5270 -60.5699 -60.6372 -60.5853 -60.6548 -60.7269 -60.8010 -60.8769 -60.9545 -61.0339 -61.1155
-62.6602 -57.8121 -57.4868 -60.0245 -62.3519 0.0000 0.0000 -65.5843 -60.2529 -57.1748 -57.0875 -57.0228 -56.9770 -56.9472 -56.9309 -56.9260 -58.7715 -59.1386 -59.4111 -59.6472 -59.8497 -60.0294 -60.1927 -60.3440 -60.4168 -60.4225 -60.4347 -60.4482 -60.4661 -60.4684 -60.5020 -60.5634 -60.5225 -60.5846 -60.6562 -60.7300 -60.8058 -60.8834 -60.9627 -61.0438
-58.1744 -57.7556 -62.3659 -65.9730 -62.4911 0.0000 0.0000 -57.6220 -57.2039 -56.9476 -56.8782 -56.8261 -56.7895 -56.7678 -58.9999 -59.4447 -59.7550 -59.9757 -60.1533 -60.2891 -60.4008 -60.3716 -60.3513 -60.3392 -60.3342 -60.3552 -60.3637 -60.3775 -60.3937 -60.4141 -60.4286 -60.4789 -60.4411 -60.5038 -60.5755 -60.6497 -60.7260 -60.8042 -60.8840 -60.9655
-57.8566 0.0000 0.0000 0.0000 -64.8803 -57.1741 -57.2722 -56.9422 -56.8813 -56.6831 -56.6321 -56.6172 -60.5690 -60.5962 -60.6363 -60.6853 -60.7402 -60.8208 -60.4396 -60.3665 -60.3239 -60.2923 -60.2700 -60.2559 -60.2492 -60.2671 -60.2749 -60.2876 -60.3056 -60.3264 -60.3606 -60.3802 -60.3499 -60.4121 -60.4848 -60.5601 -60.6375 -60.7168 -60.7978 -60.8804
0.0000 0.0000 0.0000 -60.9843 -56.9497 -56.8039 -56.6684 -56.3834 -56.5441 -61.0459 -60.7230 -60.7492 -60.7728 -60.8102 -60.8534 -60.9002 -60.9540 -60.4024 -60.3342 -60.2782 -60.2177 -60.1853 -60.1627 -60.1488 -60.1427 -60.1435 -60.1684 -60.1824 -60.2004 -60.2265 -60.2610 -60.2811 -60.3402 -60.3118 -60.3846 -60.4613 -60.5406 -60.6218 -60.7045 -60.7888
0.0000 -60.6751 -56.8107 -56.6850 -56.5482 -56.4116 -56.2977 0.0000 0.0000 -64.7620 -63.4935 -62.2623 -61.9609 -61.7871 -61.6854 -60.4281 -60.3282 -60.2436 -60.1934 -60.1397 -60.0979 -60.0517 -60.0315 -60.0198 -60.0160 -60.0192 -60.0287 -60.0611 -60.0823 -60.1111 -60.1485 -60.1880 -60.2200 -60.1996 -60.2767 -60.3546 -60.4361 -60.5195 -60.6043 -60.6907
-56.4363 -56.3877 -56.2308 -56.0891 -56.0091 -55.9531 0.0000 -65.5759 0.0000 -65.8633 -64.7825 -63.9150 -62.9281 -62.4239 -60.3540 -60.2398 -60.1450 -60.0675 -60.0192 -59.9716 -59.9347 -59.8935 -59.8775 -59.8701 -59.8703 -59.8774 -59.8904 -59.9248 -59.9486 -59.9840 -60.0222 -60.0643 -60.1108 -60.0787 -60.1590 -60.2413 -60.3241 -60.4100 -60.4976 -60.5865
-55.8372 -55.6700 -55.5479 -55.5582 -54.0354 -57.3358 0.0000 -68.1220 -65.4829 -65.5793 -65.1924 -63.9638 -62.8307 -60.2450 -60.1178 -60.0124 -59.9262 -59.8571 -59.8029 -59.7767 -59.7461 -59.7267 -59.7026 -59.7011 -59.7069 -59.7179 -59.7363 -59.7597 -59.8054 -59.8449 -59.8872 -59.9322 -59.9800 -59.9634 -60.0330 -60.1189 -60.2067 -60.2960 -60.3850 -60.4768
-55.1909 -55.0984 -55.0192 0.0000 0.0000 -60.9573 -60.7869 -59.8758 -59.3763 -58.6931 -61.9178 -60.5024 -60.3042 -60.1317 -59.8424 -59.7492 -59.6746 -59.6164 -59.5726 -59.5416 -59.5357 -59.5241 -59.5067 -59.5130 -59.5261 -59.5452 -59.5696 -59.5988 -59.6364 -59.6942 -59.7412 -59.7903 -59.8418 -59.8253 -59.8983 -59.9883 -60.0801 -60.1743 -60.2684 -60.3620
-54.4941 -54.4592 -54.4887 -54.5012 -54.5203 -68.1402 0.0000 0.0000 -68.1676 -63.8684 -60.0737 -60.1067 -59.9380 -59.7955 -59.5308 -59.4526 -59.3927 -59.3482 -59.3173 -59.2960 -59.3004 -59.3012 -59.3086 -59.3107 -59.3321 -59.3589 -59.3903 -59.4273 -59.4716 -59.5331 -59.5851 -59.6397 -59.6956 -59.6803 -59.7734 -59.8530 -59.9578 -60.0553 -61.8839 -62.0597
-53.7765 -53.8026 -53.8683 -53.9391 0.0000 0.0000 -66.0391 0.0000 -61.0298 -60.0687 -59.8614 -59.4906 -59.5271 -59.4134 -59.3226 -59.1258 -59.0805 -59.0530 -59.0377 -59.0331 -59.0376 -59.0624 -59.0817 -59.1061 -59.1249 -59.1598 -59.1994 -59.2461 -59.2968 -59.3506 -59.4207 -59.4807 -61.3773 -61.4712 -61.6725 -61.8545 -61.9976 -62.1541 -62.3028 -62.4454
-53.0490 -53.1693 0.0000 -65.7334 0.0000 0.0000 -67.0110 -60.6220 -60.2340 -59.5184 -59.3457 -59.2012 -58.9314 -58.9901 -58.9293 -58.8862 -58.7481 -58.7393 -58.7414 -58.7525 -58.7715 -58.8079 -58.8400 -58.8763 -58.9056 -58.9507 -59.0009 -61.7732 -61.8600 -61.9473 -62.0350 -62.1488 -62.2397 -62.1943 -62.3025 -62.4147 -62.4996 -62.6116 -62.7233 -62.8349
-50.0271 -59.2376 0.0000 0.0000 -63.7156 -60.7205 -60.1854 -59.7743 -59.1084 -58.9255 -58.7777 -58.6751 -58.6010 -58.4293 -58.5129 -58.4984 -58.4965 -58.4071 -58.4278 -58.4562 -58.4908 -58.5311 -58.5865 -58.6356 0.0000 0.0000 0.0000 -65.6889 -63.8819 -63.4274 -63.1964 -63.1066 -63.0516 -62.8828 -62.9129 -62.9620 -63.0229 -63.0627 -63.1396 -63.2214
