-53.2619 -53.1780 -53.1049 -53.0380 -52.9773 -52.9226 -52.8738 -52.8219 -52.7841 -52.7519 -52.7247 -52.7024 -52.6847 -52.6801 -52.6568 -52.6518 -52.6666 -52.6708 -52.6787 -52.6937 -52.7069 -52.7250 -52.7469 -52.7724 -56.0949 -56.5493 -56.9898 -57.3234 -57.1325 -56.8225 -56.5441 -55.7061 -55.4768 -55.2965 -55.1237 -54.9879 -54.8717 -54.7743 -54.6961 -54.6393
-53.0331 -52.9538 -52.8814 -52.8156 -52.7562 -52.7029 -52.6472 -52.6059 -52.5704 -52.5403 -52.5154 -52.4954 -52.4801 -52.4639 -52.4576 -52.4702 -52.4736 -52.4811 -52.4926 -52.5118 -52.5280 -52.5503 -55.6058 -56.2064 -56.7118 -57.1488 -57.4317 -57.1148 -56.7628 -56.4477 -55.5649 -55.3119 -55.1121 -54.9235 -54.7752 -54.6494 -54.5457 -54.4652 -54.4135 -54.4063
-52.8035 -52.7249 -52.6534 -52.5887 -52.5306 -52.4709 -52.4256 -52.3865 -52.3532 -52.3253 -52.3027 -52.2853 -52.2744 -52.2598 -52.2568 -52.2726 -52.2794 -52.2906 -52.3095 -52.3295 -52.3499 -55.7701 -56.4330 -56.9673 -57.3864 -57.5917 -57.1292 -56.7250 -56.3646 -55.4259 -55.1445 -54.9215 -54.7293 -54.5519 -54.4157 -54.3060 -54.2260 -54.1887 -46.6807 -46.7717
-52.5689 -52.4912 -52.4207 -52.3574 -52.3010 -52.2434 -52.2003 -52.1632 -52.1322 -52.1068 -52.0872 -52.0741 -52.0582 -52.0539 -52.0614 -52.0737 -52.0844 -52.0999 -52.1236 -52.1476 -56.1450 -56.8600 -57.3999 -57.8281 -57.7443 -57.2139 -56.7166 -56.3006 -55.2903 -54.9743 -54.7236 -54.5097 -54.3162 -54.1689 -54.0545 -53.9821 -46.4290 -46.5219 -46.6175 -46.7120
-52.3291 -52.2522 -52.1830 -52.1214 -52.0591 -52.0115 -51.9705 -51.9361 -51.9078 -51.8854 -51.8702 -51.8591 -51.8469 -51.8463 -51.8577 -51.8740 -51.8894 -51.9134 -51.9387 -57.0019 -57.6703 -58.1352 -58.4869 -57.9762 -57.3394 -56.7529 -56.2638 -55.1605 -54.8015 -54.5170 -54.2772 -54.0783 -53.9066 -53.7921 -46.1708 -46.2656 -46.3638 -46.4608 -54.0202 -54.1734
-52.0836 -52.0080 -51.9402 -51.8728 -51.8203 -51.7752 -51.7370 -51.7053 -51.6802 -51.6612 -51.6494 -51.6358 -51.6339 -51.6441 -51.6592 -51.6744 -51.6946 -59.0207 -59.1585 -59.2896 -59.4046 -59.3223 -58.3683 -57.5364 -56.8565 -56.2683 -55.0396 -54.6258 -54.2994 -54.0286 -53.8084 -53.6273 -53.5259 -46.0029 -46.1034 -46.2031 -53.7602 -53.9174 -54.1029 -54.2819
-51.8325 -51.7580 -51.6921 -51.6271 -51.5773 -51.5348 -51.4996 -51.4712 -51.4496 -51.4354 -51.4264 -51.4171 -51.4196 -51.4343 -51.4546 -51.4751 0.0000 -62.2642 -60.9864 -60.4692 -60.2452 -58.9652 -57.9408 -57.0893 -56.3393 -55.7342 -54.4472 -54.0674 -53.7588 -53.5153 -53.3435 -45.7353 -45.8361 -45.9386 -53.4936 -53.6546 -53.8472 -54.0349 -54.2235 -54.4103
-51.5751 -51.5025 -51.4318 -51.3767 -51.3297 -51.2903 -51.2585 -51.2338 -51.2171 -51.2061 -51.1955 -51.1969 -51.2108 -51.2244 -51.2508 -51.2777 0.0000 0.0000 0.0000 -70.1356 -67.1717 -58.6281 -57.4487 -56.5217 -55.7623 -54.2656 -53.8158 -53.4605 -53.1943 -45.4603 -45.5614 -45.6668 -45.7710 -53.3848 -53.5853 -53.7829 -53.9811 -54.1770 -54.3693 -54.5573
-51.3117 -51.2348 -51.1736 -51.1215 -51.0777 -51.0419 -51.0138 -50.9943 -50.9810 -50.9746 -50.9693 -50.9761 -50.9957 -51.0212 -51.0491 -51.0838 0.0000 0.0000 0.0000 0.0000 -68.5853 -58.2054 -56.9283 -55.9081 -54.0796 -53.5355 -53.1228 -52.8484 -45.2807 -45.3893 -45.4946 -53.1071 -53.3166 -53.5254 -53.7348 -53.9412 -54.1430 -54.3396 -54.5311 -54.7176
-51.0423 -50.9683 -50.9102 -50.8613 -50.8213 -50.7894 -50.7658 -50.7510 -50.7427 -50.7363 -50.7423 -50.7614 -50.7817 -50.8153 -50.8514 -57.8726 -58.0184 -58.1622 -58.3040 -58.4440 -58.5608 -57.6736 -56.2807 -53.8901 -53.2097 -52.7299 -44.9904 -45.1019 -45.2123 -52.8211 -53.0410 -53.2630 -53.4853 -53.7034 -53.9159 -54.1222 -54.3224 -54.5166 -54.6318 -54.3516
-50.7607 -50.6961 -50.6416 -50.5965 -50.5605 -50.5334 -50.5157 -50.5053 -50.5030 -50.5028 -50.5157 -50.5423 -50.5711 -50.6141 -50.6606 0.0000 0.0000 0.0000 0.0000 0.0000 -59.5595 -57.1682 -53.6970 -52.8033 -44.6918 -44.8060 -44.9198 -52.5371 -52.7683 -52.9956 -53.2328 -53.4646 -53.6892 -53.9065 -54.1164 -54.3192 -54.4763 -54.4954 -54.2142 -54.2399
-50.4791 -50.4182 -50.3675 -50.3270 -50.2959 -50.2751 -50.2623 -50.2582 -50.2574 -50.2700 -50.2970 -50.3271 -50.3666 -50.4217 -50.4815 0.0000 0.0000 0.0000 0.0000 0.0000 -59.6285 -53.5003 -44.3855 -44.5010 -44.6193 -52.2335 -52.4781 -52.7344 -52.9787 -53.2265 -53.4546 -53.6946 -53.9151 -54.1273 -54.3319 -54.3443 -54.3538 -54.3679 -54.0906 -54.0037
-50.1912 -50.1344 -50.0886 -50.0531 -50.0287 -50.0132 -50.0071 -50.0104 -50.0181 -50.0400 -50.0771 -50.1192 -50.1774 -50.2436 -50.3210 -50.4118 -50.5113 -43.7094 0.0000 0.0000 -53.2899 -44.1870 -44.3097 -44.4306 -52.1699 -52.4595 -52.7364 -53.0028 -53.2464 -53.3220 -53.7219 -53.9444 -54.1578 -54.2140 -54.2067 -54.2054 -54.2103 -53.9329 -53.7116 -53.6974
-49.8969 -49.8450 -49.8047 -49.7754 -49.7578 -49.7496 -49.7517 -49.7594 -49.7821 -49.8211 -49.8664 -49.9242 -50.0010 -50.0875 -50.1879 -43.3730 -43.4980 -43.6227 -43.7457 -43.8652 -43.9900 -44.1149 -51.8624 -52.1829 -52.4873 -52.7765 -53.0498 -53.1481 -53.5420 -53.7753 -53.9979 -54.1155 -54.0843 -54.0614 -54.0400 -53.9289 -53.4795 -53.4553 -53.4459 -53.4531
-49.5963 -49.5504 -49.5166 -49.4955 -49.4850 -49.4858 -49.4982 -49.5175 -49.5537 -49.6081 -49.6715 -49.7506 -49.8520 -49.9642 -43.1553 -43.2854 -43.4117 -43.5356 -43.6615 -43.7877 -51.5429 -51.9056 -52.2473 -52.5648 -52.8604 -53.0113 -53.0358 -53.6276 -53.8593 -54.0663 -54.0005 -53.9464 -53.8822 -53.7339 -53.5250 -53.4591 -53.1898 -53.1912 -45.9511 -46.0020
-49.2899 -49.2511 -49.2261 -49.2130 -49.2125 -49.2248 -49.2458 -49.2850 -49.3442 -49.4149 -49.5033 -49.6151 -42.8003 -42.9352 -43.0673 -43.1947 -43.3242 -43.4537 -51.2084 -51.6341 -52.0238 -52.3792 -52.7024 -52.9028 -52.9060 -53.5271 -53.7534 -53.9803 -53.9796 -53.8781 -53.7607 -53.5592 -53.3075 -53.1996 -53.1645 -52.9209 -45.6326 -45.7357 -45.8388 -53.2954
-48.9784 -48.9489 -48.9330 -48.9311 -48.9435 -48.9708 -49.0098 -49.0704 -49.1548 -49.2548 -42.4307 -42.5720 -42.7097 -42.8442 -42.9760 -43.1093 -50.8718 -51.3827 -51.8358 -52.2427 -52.5978 -52.8595 -52.8286 -52.7628 -53.7137 -53.9429 -54.0666 -53.8894 -53.7043 -53.4214 -53.2004 -52.9371 -52.8849 -52.8669 -45.3560 -45.4622 -52.9053 -53.0662 -53.2497 -53.4339
-48.6630 -48.6444 -48.6410 -48.6540 -48.6838 -48.7282 -48.7967 -48.8923 -49.0063 -42.1941 -42.3373 -42.4785 -42.6146 -42.7537 -42.8895 -51.2050 -51.7574 -52.2085 -52.5890 -52.9249 -52.8394 -52.6792 -52.4396 -53.9686 -54.1802 -54.0472 -53.7739 -53.3545 -53.0340 -52.6732 -52.5978 -52.5676 -45.1106 -45.2210 -52.6636 -52.8595 -53.0593 -53.2562 -53.4477 -53.6244
-48.3467 -48.3417 -48.3555 -48.3891 -48.4442 -48.5194 -48.6243 -41.8025 -41.9519 -42.0975 -42.2392 -42.3842 -42.5262 -51.2678 -51.9543 -52.4454 -52.8269 -53.1432 -53.0102 -52.6952 -52.3521 -54.1153 -54.3090 -54.4921 -54.0566 -53.4399 -52.9396 -52.4106 -52.3026 -44.7016 -44.8159 -44.9283 -52.6672 -52.6666 -52.8831 -53.0928 -53.3095 -53.4190 -53.4554 -53.4965
-48.0326 -48.0478 -48.0864 -48.1507 -48.2396 -41.4190 -41.5508 -41.7028 -41.8505 -41.9987 -42.1479 -53.2132 -53.3722 -53.5308 -53.6775 -53.8345 -53.5094 -52.9014 -52.3838 -51.9839 -54.6138 -54.7562 -54.8173 -53.9392 -53.0234 -52.1805 -51.9990 -44.3945 -44.5113 -52.2145 -52.4671 -52.7204 -52.7286 -52.9653 -53.1783 -53.2188 -53.2444 -53.2648 -53.2379 -53.2290
-47.7306 -47.7762 -47.8528 -47.9634 -41.1320 -41.2911 -41.4462 -41.5994 -41.7534 -41.9042 0.0000 0.0000 -58.0584 -56.2911 -54.7889 -53.5905 -52.6831 -52.0238 0.0000 -55.3785 -55.3345 -55.4103 -53.7381 -52.4349 -51.6863 -44.0807 -44.2017 -52.0113 -52.3028 -52.5809 -52.8568 -53.1039 -53.0280 -53.0278 -53.0372 -52.9804 -52.9417 -52.9263 -52.9390 -52.9885
-47.4592 -47.5528 -40.6965 -40.8629 -41.0249 -41.1836 -41.3442 -41.5017 -41.6516 -41.7984 0.0000 0.0000 -57.8968 -55.5906 -53.7644 -52.4597 -51.5744 -51.0029 0.0000 0.0000 -59.0010 -53.5336 -43.6320 -43.7554 -51.5161 -51.8679 -52.1986 -52.5148 -52.7931 -53.0499 -53.1351 -52.8522 -52.7684 -52.6826 -52.6281 -52.6079 -52.6319 -45.3891 -45.4999 -45.6094
-47.2545 -40.4162 -40.5858 -40.7502 -40.9169 -41.0822 -41.2394 -41.3922 -41.5448 -41.6973 0.0000 0.0000 -57.7328 -54.4285 -52.2315 -50.9637 -42.7400 -42.8822 -43.0225 -43.1586 -43.2921 -43.4234 -51.4142 -51.8397 -52.2198 -52.5412 -52.8270 -53.0857 -53.0365 -52.8972 -52.4863 -52.3664 -52.2935 -52.2750 -44.9959 -45.1111 -45.2250 -45.3371 -45.4457 -45.5523
-40.1271 -40.2991 -40.4716 -40.6436 -40.8098 -40.9690 -41.1276 -41.2867 -41.4441 -41.6001 0.0000 0.0000 -57.5196 -51.9983 -42.3689 -42.5160 -42.6622 -42.8034 -42.9422 -43.0795 -51.6167 -52.1057 -52.4655 -52.7739 -53.0405 -53.2783 -53.0295 -52.6780 -52.4156 -52.2362 -51.9331 -51.9423 -44.7064 -44.8250 -44.9418 -45.0551 -45.1662 -45.2730 -45.3811 -45.5312
-40.0063 -40.1866 -40.3605 -40.5281 -40.6953 -40.8628 -41.0270 -41.1894 -41.3490 -41.5119 -41.6726 -41.8303 -41.9853 -42.1379 -42.2872 -42.4334 -42.5794 -52.8624 -53.0469 -53.2019 -53.3506 -53.4764 -53.6240 -53.7607 -53.1223 -52.5143 -52.1052 -51.8459 -51.7418 -44.2845 -44.4082 -44.5301 -44.6483 -44.7617 -44.8760 -44.9887 -45.1004 -45.2133 -45.3253 -45.4780
-39.8957 -40.0713 -40.2440 -40.4203 -40.5921 -40.7612 -40.9275 -41.0936 -41.2613 -41.4255 -41.5865 -41.7449 -41.8997 -42.0517 -42.2010 0.0000 0.0000 -58.5966 -56.4194 -55.5408 -55.1248 -54.8945 -53.8130 -52.5277 -51.7856 -51.3911 -43.8764 -44.0062 -44.1004 -44.2216 -44.3429 -44.4623 -44.5801 -44.6969 -44.8146 -44.9309 -45.0458 -45.1593 -45.3127 -45.4240
-39.7735 -39.9566 -40.1367 -40.3141 -40.4877 -40.6615 -40.8325 -41.0037 -41.1711 -41.3357 -41.4968 -41.6550 -41.8117 -41.9684 -42.1222 -42.2731 -42.4211 0.0000 0.0000 0.0000 -55.8550 -53.6011 -51.4564 -43.4131 -43.5488 -43.6804 -43.8107 -43.9384 -44.0307 -44.1539 -44.2764 -44.3991 -44.5204 -44.6401 -44.7584 -44.8751 -44.9902 -45.1443 -45.2573 -45.3690
-39.6614 -39.8455 -40.0278 -40.2101 -40.3887 -40.5633 -40.7378 -40.9091 -41.0772 -41.2422 -41.4070 -41.5699 -41.7299 -41.8862 -42.0400 -42.1915 -42.3408 0.0000 0.0000 -58.9336 -42.9279 -43.0671 -43.2077 -43.3447 -43.4787 -43.6106 -43.7404 -43.8372 -43.9654 -44.0920 -44.2172 -44.3410 -44.4633 -44.5840 -44.7028 -44.8200 -44.9753 -45.0904 -45.2036 -45.3155
-39.5456 -39.7369 -39.9251 -40.1068 -40.2848 -40.4638 -40.6396 -40.8124 -40.9854 -41.1552 -41.3212 -41.4839 -41.6440 -41.8017 -41.9569 -42.1097 -42.2618 -42.4140 -42.5640 -42.7117 -42.8562 -42.9977 -43.1367 -43.2735 -43.4097 -43.5450 -43.6470 -43.7781 -43.9074 -44.0351 -44.1610 -44.2854 -44.4079 -44.5288 -44.6473 -44.7644 -44.9193 -45.0345 -45.1484 -45.2622
-39.4384 -39.6294 -39.8147 -39.9981 -40.1823 -40.3646 -40.5454 -40.7226 -40.8952 -41.0649 -41.2324 -41.3975 -41.5595 -41.7187 -41.8788 -42.0373 -42.1934 -42.3460 -42.4951 -42.6415 -42.7853 -42.9287 -43.0706 -43.2105 -43.3485 -43.4539 -43.5874 -43.7192 -43.8491 -43.9775 -44.1037 -44.2274 -44.3495 -44.4701 -44.5893 -44.7462 -44.8659 -44.9841 -45.1007 -45.2160
-39.3229 -39.5156 -39.7058 -39.8991 -40.0890 -40.2742 -40.4551 -40.6329 -40.8081 -40.9801 -41.1488 -41.3168 -41.4826 -41.6470 -41.8084 -41.9659 -42.1205 -42.2722 -42.4233 -42.5725 -42.7195 -42.8644 -43.0070 -43.1476 -43.2863 -43.3927 -43.5270 -43.6588 -43.7888 -43.9164 -44.0424 -44.1674 -44.2930 -44.4169 -44.5765 -44.6980 -44.8179 -44.8897 -45.0077 -45.1243
-39.2137 -39.4139 -39.6132 -39.8061 -39.9955 -40.1820 -40.3651 -40.5446 -40.7223 -40.8984 -41.0712 -41.2405 -41.4074 -41.5711 -41.7316 -41.8912 -42.0484 -42.2033 -42.3557 -42.5056 -42.6038 -42.7500 -42.8941 -43.0364 -43.1473 -43.2845 -43.4196 -43.5527 -43.6867 -43.8189 -43.9492 -44.0776 -44.2043 -44.3289 -44.4892 -44.6120 -44.7331 -44.8528 -44.9709 -45.0901
-39.1126 -39.3152 -39.4620 -39.6591 -39.8516 -40.0410 -40.2302 -40.4155 -40.5966 -40.7725 -40.9460 -41.1170 -41.2870 -41.4542 -41.6187 -41.7803 -41.9388 -42.0949 -42.2486 -42.4000 -42.5493 -42.6961 -42.8406 -42.9546 -43.0969 -43.2375 -43.3758 -43.5119 -43.6461 -43.7782 -43.9088 -44.0377 -44.1647 -44.3261 -44.4506 -44.5732 -44.6933 -44.8120 -44.9293 -45.0474
-38.9744 -39.1806 -39.3827 -39.5841 -39.7818 -39.9749 -40.1617 -40.3452 -40.5254 -40.7051 -40.8821 -41.0560 -41.2265 -41.3938 -41.5584 -41.7204 -41.8800 -42.0371 -42.1915 -42.3434 -42.4952 -42.6458 -42.7940 -42.9117 -43.0543 -43.1948 -43.3335 -43.4701 -43.6047 -43.7374 -43.8682 -43.9961 -44.1571 -44.2822 -44.4057 -44.5277 -44.6483 -44.7675 -44.8888 -45.0065
-38.8933 -39.1051 -39.3115 -39.5110 -39.7065 -39.8984 -40.0887 -40.2751 -40.4595 -40.6400 -40.8172 -40.9913 -41.1624 -41.3313 -41.4971 -41.6600 -41.8219 -41.9830 -42.1414 -42.2971 -42.4503 -42.6013 -42.7225 -42.8678 -43.0109 -43.1518 -43.2901 -43.4252 -43.5585 -43.6900 -43.8197 -43.9820 -44.1092 -44.2363 -44.3618 -44.4857 -44.6080 -44.7309 -44.8503 -44.9682
-38.8151 -39.0241 -39.2296 -39.4330 -39.6319 -39.8265 -40.0167 -40.2050 -40.3897 -40.5718 -40.7508 -40.9264 -41.0999 -41.2731 -41.4431 -41.6101 -41.7742 -41.9359 -42.0947 -42.2511 -42.4050 -42.5293 -42.6754 -42.8190 -42.9606 -43.1002 -43.2379 -43.3736 -43.5091 -43.6428 -43.7747 -43.9389 -44.0680 -44.1954 -44.3212 -44.4460 -44.5712 -44.6930 -44.8133 -44.8744
-38.7313 -38.9445 -39.1526 -39.3555 -39.5539 -39.7497 -39.9441 -40.1345 -40.3218 -40.5088 -40.6924 -40.8724 -41.0491 -41.2229 -41.3932 -41.5608 -41.7256 -41.8869 -42.0068 -42.1601 -42.3108 -42.4331 -42.5787 -42.7237 -42.8671 -43.0083 -43.1473 -43.2843 -43.4193 -43.5526 -43.7171 -43.8478 -43.9768 -44.1042 -44.2299 -44.3540 -44.4787 -44.5998 -44.7194 -44.8374
-38.6272 -38.8392 -39.0474 -39.2517 -39.4538 -39.6561 -39.8547 -40.0490 -40.2396 -40.4263 -40.6091 -40.7887 -40.9650 -41.1363 -41.3043 -41.4693 -41.6315 -41.7907 -41.9485 -42.1048 -42.2332 -42.3838 -42.5320 -42.6779 -42.8215 -42.9634 -43.1032 -43.2410 -43.3769 -43.5429 -43.6758 -43.8070 -43.9365 -44.0642 -44.1901 -44.3166 -44.4394 -44.5607 -44.6805 -44.7985
-38.5099 -38.7285 -38.9441 -39.1574 -39.3660 -39.5699 -39.7690 -39.9643 -40.1814 -40.3663 -40.5479 -40.7260 -40.9008 -41.0738 -41.2451 -41.4133 -41.5781 -41.7400 -41.8992 -42.0309 -42.1845 -42.3358 -42.4848 -42.6315 -42.7761 -42.9185 -43.0591 -43.1975 -43.3348 -43.5020 -43.6363 -43.7681 -43.9441 -44.0730 -44.2029 -44.3296 -44.4547 -44.5782 -44.6997 -44.8192
-38.4324 -38.6544 -38.8725 -39.0864 -39.2941 -39.4967 -39.7181 -39.9128 -40.1049 -40.2954 -40.4826 -40.6662 -40.8462 -41.0227 -41.1949 -41.3644 -41.5311 -41.6950 -41.8563 -41.9907 -42.1469 -42.3006 -42.4519 -42.6007 -42.7473 -42.9155 -43.0572 -43.1970 -43.3672 -43.5047 -43.6403 -43.7741 -43.9060 -44.0381 -44.1667 -44.2936 -44.4186 -44.5415 -44.6629 -44.7806
