0.0000 -61.3393 0.0000 0.0000 -61.7106 0.0000 0.0000 -59.7533 -59.8866 -59.2592 0.0000 0.0000 0.0000 0.0000 0.0000 0.0000 0.0000 -46.6547 -46.5412 -46.4111 -46.2852 -46.1624 -46.0438 -45.9856 -53.1823 -53.1653 -53.1784 -53.2271 -53.3215 -53.4790 -53.7285 -54.1191 -54.7366 -55.7193 -58.4697 0.0000 0.0000 0.0000 0.0000 -44.0513
-48.4487 -48.5418 -48.6376 -48.7287 -48.8369 -48.9703 -49.1327 -49.3430 -49.6806 -49.9873 0.0000 0.0000 0.0000 0.0000 0.0000 0.0000 0.0000 -46.6126 -46.4647 -46.3125 -46.1819 -46.0621 -45.9477 -45.8448 -45.7352 -45.6258 -45.5159 -45.4051 -45.2932 -45.1801 -45.0655 -44.9495 -44.8806 -53.8398 -51.3442 0.0000 0.0000 0.0000 -44.1550 -44.0022
-45.8651 -45.8622 -45.8453 -45.8181 -45.7908 -45.7629 -45.7294 -45.6852 -45.6446 -45.5953 -45.5492 -45.5212 -45.4886 -45.4527 -45.4138 -45.3900 -45.3621 -45.2855 -45.2153 -45.1596 -45.1025 -45.0425 -44.9796 -44.9213 -44.8535 -44.7828 -44.7091 -44.6325 -44.5531 -44.4707 -44.3855 -44.2974 -44.2065 -44.1126 -44.0157 -43.9161 -43.8137 -43.7084 -43.5963 -43.4857
-48.3482 -48.4274 -45.8340 -45.8073 -45.7516 -45.7268 -45.6906 -45.6464 -45.6063 -45.5571 -45.5131 -45.4848 -45.4527 -45.4169 -45.3781 -45.3365 -45.2904 -45.2366 -45.1797 -45.1293 -45.0723 -45.0123 -44.9495 -44.8913 -44.8236 -44.7529 -44.6792 -44.6026 -44.5231 -44.4405 -44.3550 -44.2666 -44.1753 -44.0811 -43.9834 -43.8831 -43.7799 -43.6738 -43.5609 -43.4495
-48.3362 -48.4189 -48.4971 -48.5665 -48.6250 -48.7026 -48.7622 -48.8107 -48.8748 -48.9243 -48.9744 -49.0303 -49.0830 -49.1297 -49.1762 -49.2184 -49.2540 -49.2733 -45.1842 -45.1106 -45.0345 -44.9746 -44.9117 -44.8537 -44.7859 -44.7153 -44.6419 -44.5654 -44.4861 -44.4038 -44.3187 -44.2307 -44.1397 -44.0459 -43.9485 -43.8514 -43.7686 -43.6700 -43.9660 -43.8337
-48.2989 -48.3805 -48.4579 -48.5295 -48.5903 -48.6716 -48.7350 -48.7873 -48.8577 -48.9132 -49.0449 -49.2171 -53.3568 -53.3275 -53.3113 -53.2849 -53.2491 -53.1722 -53.0791 -53.0172 -52.9565 -52.8928 -52.8259 -52.8054 -52.7381 -52.6677 -52.5934 -52.5156 -52.4344 -52.3498 -52.2618 -52.1705 -52.0759 -51.9774 -44.4941 -44.3199 -44.1925 -44.0636 -43.9281 -43.7955
-53.9981 -53.9958 -53.9847 -53.9594 -53.8972 -53.9227 -53.8806 -53.8100 -53.4487 -53.3974 -53.3506 -53.3342 -53.3049 -53.2675 -53.2470 -53.2129 -53.1737 -53.0814 -52.9973 -52.9529 -52.9101 -52.8665 -52.8223 -52.8291 -52.7915 -52.7545 -52.7181 -52.6831 -52.6504 -52.6211 -52.5904 -52.5181 -52.4447 -52.3699 -52.2908 -52.2123 -52.1353 -52.0610 -51.9628 -51.9027
-54.2600 -54.2492 -54.2338 -54.2089 -54.1340 -54.1626 -54.1241 -54.0483 -54.0644 -54.0717 -54.0297 -55.9011 -56.1682 -56.6087 -57.4812 0.0000 -54.2620 -53.9341 -53.6525 -53.4879 -53.3598 -53.2511 -53.1540 -53.1202 -53.0424 -52.9679 -52.8961 -52.8270 -52.7609 -52.6982 -52.6399 -52.5865 -52.5403 -52.5018 -52.4706 -52.4545 -52.2203 -52.2564 -52.2985 -52.4271
0.0000 0.0000 0.0000 0.0000 -61.3752 0.0000 -63.0637 -63.4674 0.0000 0.0000 -62.6301 0.0000 0.0000 -63.8788 0.0000 0.0000 0.0000 -53.9998 -53.6773 -53.5102 -53.3619 -53.2289 -53.1068 -53.0469 -52.9424 -52.8410 -52.7426 -52.6457 -52.5505 -52.4568 -52.3655 -52.2766 -52.1911 -52.1098 -52.0296 -51.9575 -51.8965 -51.8519 -51.8038 -51.8233
0.0000 -65.8556 0.0000 0.0000 -63.9217 0.0000 0.0000 -64.6351 0.0000 0.0000 -64.7450 0.0000 0.0000 -63.1734 0.0000 0.0000 0.0000 -46.4082 -46.2693 -46.1515 -46.0340 -45.9171 -45.8006 -45.6951 -45.5799 -45.4640 -45.3474 -45.2297 -45.1108 -44.9907 -44.8692 -44.7462 -44.6217 -44.4954 -44.3667 -44.2363 -44.1039 -43.9697 -43.8292 -43.6919
0.0000 -65.2318 0.0000 0.0000 -62.4076 0.0000 0.0000 -62.3233 0.0000 -57.5359 -60.9035 0.0000 0.0000 -60.9351 -61.6776 0.0000 0.0000 -46.3987 -46.2497 -46.1292 -46.0112 -45.8947 -45.7792 -45.6750 -45.5610 -45.4462 -45.3305 -45.2137 -45.0956 -44.9761 -44.8551 -44.7326 -44.6084 -44.4824 -44.3539 -44.2235 -44.0912 -43.9569 -43.8164 -43.6791
0.0000 -59.8820 0.0000 0.0000 -55.4676 -55.0417 -54.8605 -54.8869 -54.1077 -54.1472 -54.3251 -54.6401 -55.1979 -56.2856 -57.9120 0.0000 -46.4435 -46.3086 -46.1656 -46.0436 -45.9274 -45.8136 -45.7009 -45.5993 -45.4871 -45.3664 -45.2517 -45.1361 -45.0188 -44.9001 -44.7796 -44.6575 -44.5336 -44.4079 -44.2498 -44.1178 -43.9845 -43.8521 -43.7135 -43.5779
-47.8217 -47.7168 -47.6137 -47.5080 -47.3998 -47.2890 -47.1647 -47.0639 -46.9533 -46.8350 -46.7360 -46.6526 -46.5656 -46.4758 -46.3866 -46.2953 -46.1886 -46.0931 -45.9868 -45.8893 -45.7890 -45.7020 -45.6050 -45.5097 -45.4029 -45.3377 -45.2249 -45.1104 -44.9939 -44.8756 -44.7557 -44.6342 -44.5108 -44.3856 -44.2576 -44.1275 -43.9953 -43.8609 -43.7204 -43.5830
-53.7518 -53.7498 -53.7828 -53.8276 -53.8916 -53.9885 -54.0865 -54.4244 -54.9568 -55.9399 0.0000 0.0000 0.0000 -63.3568 0.0000 0.0000 -46.3887 -46.2569 -46.1150 -45.9933 -45.8768 -45.7626 -45.6492 -45.5475 -45.4350 -45.3215 -45.2066 -45.0905 -44.9729 -44.8536 -44.7326 -44.6097 -44.4851 -44.3587 -44.2297 -44.0985 -43.9652 -43.8295 -43.6876 -43.5490
0.0000 -57.0691 -56.7072 -56.3641 -56.2520 -56.3099 -56.4259 -56.8131 -57.2946 -57.8783 0.0000 0.0000 0.0000 -63.9080 0.0000 0.0000 -46.3574 -46.2311 -46.1036 -45.9867 -45.8697 -45.7531 -45.6383 -45.5336 -45.4185 -45.3025 -45.1854 -45.0673 -44.9478 -44.8271 -44.7049 -44.5813 -44.4561 -44.3289 -44.1993 -44.0675 -43.9335 -43.7974 -43.6554 -43.5167
-55.4262 -55.4409 -55.4289 -55.4780 -55.5679 -55.7318 -55.9384 -56.1811 -56.6225 -57.2529 -58.2687 -58.8466 -59.6244 -60.0665 0.0000 0.0000 -46.3197 -46.2024 -46.0739 -45.9564 -45.8395 -45.7230 -45.6172 -45.5029 -45.3879 -45.2719 -45.1549 -45.0367 -44.9172 -44.7964 -44.6738 -44.5498 -44.4241 -44.2967 -44.1676 -44.0352 -43.9004 -43.7579 -43.6205 -43.4811
0.0000 0.0000 -47.9829 -47.6740 -47.5347 -47.2341 -47.1029 -46.9978 -46.8844 -46.7626 -57.5302 -58.6152 0.0000 0.0000 0.0000 0.0000 -46.3058 -46.1860 -46.0586 -45.9417 -45.8248 -45.7081 -45.6022 -45.4874 -45.3717 -45.2548 -45.1369 -45.0133 -44.8968 -44.7748 -44.6512 -44.5262 -44.3997 -44.2712 -44.1411 -43.9980 -43.8635 -43.7213 -43.5837 -43.4449
0.0000 -56.2746 -56.0921 -56.0518 -56.0290 -56.0874 -56.2271 -56.2337 -56.5031 -57.1250 -58.0834 -59.2736 0.0000 0.0000 0.0000 0.0000 -46.2814 -46.1641 -46.0323 -45.9156 -45.7986 -45.6817 -45.5756 -45.4608 -45.3451 -45.2283 -45.1102 -44.9865 -44.8697 -44.7478 -44.6246 -44.4832 -44.3582 -44.2310 -44.1021 -43.9722 -43.8344 -43.6913 -43.5539 -43.4153
0.0000 -57.1267 -56.9839 -57.0212 -57.0849 -57.0063 -56.9835 -57.3752 -57.8986 -58.5730 -59.3680 -59.8366 0.0000 0.0000 0.0000 0.0000 -46.2565 -46.1349 -46.0072 -45.8898 -45.7733 -45.6570 -45.5523 -45.4382 -45.3230 -45.2065 -45.0887 -44.9394 -44.8201 -44.6998 -44.5776 -44.4506 -44.3258 -44.2002 -44.0707 -43.9394 -43.8032 -43.6585 -43.5203 -43.3809
0.0000 0.0000 -57.5600 -57.4363 -57.3576 -57.3774 -57.5136 -57.7951 0.0000 0.0000 0.0000 -58.1652 -59.8189 0.0000 0.0000 -46.3404 -46.2234 -46.1025 -45.9715 -45.8537 -45.7373 -45.6216 -45.5183 -45.3671 -45.2552 -45.1415 -45.0212 -44.9032 -44.7839 -44.6639 -44.5420 -44.4184 -44.2956 -44.1677 -44.0387 -43.9379 -43.8038 -43.6551 -43.5162 -50.7835
0.0000 0.0000 -57.7013 -57.4693 -57.3952 -55.9797 -56.1341 -57.3450 0.0000 0.0000 0.0000 -59.5325 -60.6244 0.0000 0.0000 -46.3176 -46.1860 -46.0560 -45.9239 -45.7616 -45.6461 -45.5352 -45.4374 -45.3287 -45.2178 -45.1049 -44.9901 -52.8273 -53.1662 -53.9613 -55.7067 -59.0822 0.0000 0.0000 0.0000 0.0000 0.0000 -51.5683 -51.5442 -51.5467
-54.5745 -54.6208 -54.6891 -54.8069 -54.9646 -55.2605 -55.6972 -56.5459 -56.7416 -57.4240 -56.3172 -57.0108 -57.6734 0.0000 0.0000 -46.1461 -46.0431 -45.9392 -52.9654 -52.9446 -52.9374 -52.9481 -53.0571 -53.1430 -53.2667 -53.4479 -53.7176 -54.1097 -54.6951 -55.7401 -57.2568 -59.0082 0.0000 0.0000 0.0000 0.0000 0.0000 -52.2098 -52.1261 -52.2296
-56.0139 -55.5884 -55.1826 -54.9423 -54.8505 -54.6791 -47.2041 -47.0145 -46.8850 -53.6649 -53.5404 -53.5236 -53.4812 -53.4049 -53.3772 -53.3576 -53.3464 -53.3452 -53.2935 -53.3177 -53.3594 -53.4231 -53.6070 -53.7659 -53.9712 -54.2423 -54.6094 -55.0862 -55.7624 -56.3170 -56.2747 -56.2274 -56.1744 -56.1506 -56.0958 -52.5678 -52.6333 -52.6220 -52.7506 -52.9295
-55.2549 -54.7603 -54.4005 -54.1460 -54.0200 -53.9296 -53.8819 -53.7771 -53.7534 -53.6946 -53.6022 -53.6199 -53.6073 -53.5767 -53.5631 -53.5746 -53.5951 -53.6266 -53.6035 -53.6634 -53.7430 -53.8474 -54.0944 -54.3072 -54.5672 -54.8884 -55.2959 -55.8136 -56.4046 -57.1635 -58.0143 -58.8365 -60.2425 0.0000 0.0000 0.0000 0.0000 -53.5049 -53.5966 -53.7430
-48.0168 -48.1053 -48.1834 -48.2840 -53.7310 -53.7426 -53.7253 -53.6771 -53.7160 -53.7005 -53.6458 -53.6995 -53.7142 -53.7135 -53.7287 -53.7692 -53.8188 -53.8796 -53.8806 -53.9706 -54.0809 -54.2167 -54.5197 -54.7697 -55.0560 -55.3155 -55.4158 -55.5407 -55.6474 -55.7723 -56.0788 -56.4070 -56.8113 -57.3239 -57.9342 -57.9035 -57.8520 -53.3959 -53.5855 -53.8209
-53.5447 -53.6101 -53.6259 -48.3030 -48.3882 -48.4803 -48.5602 -48.6242 -48.7209 -48.7954 -48.8576 -48.9553 -49.0550 -53.7721 -53.8172 -53.8892 -53.9699 -54.0608 -54.0863 -54.2040 -54.3410 -54.5018 -54.8599 -54.9726 -55.0483 -55.1337 -55.2372 -55.3656 -55.4643 -55.5930 -55.9051 -56.2221 -56.6274 0.0000 -57.7654 -53.6689 -53.8213 -53.8287 -54.0300 -54.0141
-53.9067 -56.7059 0.0000 -53.8341 -53.8329 0.0000 -53.8749 -56.1949 0.0000 -55.2278 -54.6382 -49.0255 -49.1090 -49.1904 -49.2767 -49.3716 -49.4694 -49.5705 -49.6475 -49.7573 -49.8537 -49.9297 -54.7971 -54.8734 -54.9526 -55.0472 -55.1629 -55.2961 -55.4594 -55.5434 -55.8698 -56.4786 -57.7710 0.0000 0.0000 0.0000 0.0000 -54.3493 -54.1363 -53.9283
0.0000 0.0000 0.0000 -61.5141 -61.9330 0.0000 0.0000 -64.3376 0.0000 -56.2673 -61.0881 0.0000 -56.1360 -55.5251 -55.0518 -54.8350 -54.7473 -54.7290 -54.5756 -54.5467 -49.8421 -49.9005 -50.0361 -50.0932 -50.1480 -50.2005 -50.2483 -50.2929 -50.3351 -50.3548 -50.3920 -54.3143 -52.0633 -51.9113 -51.8029 -51.6805 -51.5450 -51.2536 -51.1211 -50.9852
0.0000 0.0000 0.0000 -62.9135 -63.3229 0.0000 0.0000 -64.4925 0.0000 -63.5579 -63.7380 0.0000 -56.4725 -56.1828 -55.8692 -55.5974 -55.3696 -55.2109 -55.3348 -55.3724 -55.4477 -58.5292 0.0000 0.0000 0.0000 0.0000 0.0000 0.0000 0.0000 -56.0707 -56.1103 -56.5329 -57.6554 0.0000 0.0000 0.0000 0.0000 -54.1662 -54.0960 -50.5252
-58.8294 -58.8258 -59.0488 -59.1551 -59.7242 0.0000 0.0000 -63.3459 -63.0130 -62.0052 -62.4206 0.0000 -56.7411 -56.6114 -56.4130 -56.2566 -56.1388 -56.0698 -55.9189 -57.4633 -58.0261 -59.0837 0.0000 0.0000 0.0000 0.0000 0.0000 0.0000 0.0000 -57.0805 -57.0319 -57.2231 -57.5820 -60.3532 0.0000 0.0000 0.0000 -52.5911 -52.3939 -52.1143
-58.4344 -58.4142 -58.4447 -58.6737 -58.7038 -58.6971 -58.4828 -58.7381 -58.7754 -58.8409 -55.8191 -55.8667 -55.9237 -55.9907 -55.9998 -55.9595 -55.9166 -55.8711 -54.0216 -53.8423 -53.6952 -53.5583 -53.7570 -53.7238 -53.6417 -53.5431 -53.4419 -53.3375 -53.2308 -53.0865 -52.9683 -52.8453 -52.7297 -52.6417 -52.5068 -52.3908 -52.1487 -51.9049 -51.7491 -51.5858
-58.0334 -57.9920 -57.9992 -58.1703 -58.1495 -58.0684 -57.7445 -57.7188 -55.8814 -55.9633 -55.9707 -56.0301 -56.0986 -56.1222 -56.1063 -56.1341 -56.1780 -56.3396 -56.3267 -56.5233 -56.8411 -57.3346 -58.7418 0.0000 0.0000 0.0000 0.0000 0.0000 0.0000 -57.3903 -58.0566 -59.7353 -62.8537 0.0000 0.0000 0.0000 0.0000 -51.7449 -51.5184 -51.2791
-56.1329 -56.1191 -56.1367 -57.6752 -57.5875 -57.4278 -56.9846 -55.9367 -56.0420 -56.1027 -56.1050 -56.1756 -56.2548 -56.3430 -56.4470 -56.4964 -56.8383 -57.0136 -57.0757 -57.3943 -57.8466 -58.4915 -60.1533 0.0000 0.0000 0.0000 0.0000 0.0000 0.0000 -57.6047 -57.8806 -58.4495 -60.2126 0.0000 0.0000 0.0000 0.0000 -51.2675 -51.0457 -50.8166
-55.9135 -55.9665 -55.8594 -55.9258 -55.8430 -55.0004 -54.9384 -55.1083 -55.2384 -55.2432 -55.1769 -55.1706 -55.1607 -55.1560 -55.9298 -55.9196 -55.8921 -55.8611 -55.6842 -55.6327 -55.5780 -55.5202 -55.7803 -55.7211 -55.6585 -55.5918 -55.5216 -55.7664 -55.6218 -55.5630 -55.4743 -55.3709 -51.9305 -51.7547 -51.5926 -51.3998 -51.1927 -50.9198 -50.7330 -43.1670
-55.4215 -55.7469 -55.5888 -54.8388 -54.9892 -55.0792 -55.0052 -55.1832 -55.3368 -55.4205 -55.4271 -55.5199 -55.6196 -56.1246 -56.2636 -56.3564 -56.5509 -56.8067 -56.9747 -57.4236 -57.8921 -58.4123 0.0000 0.0000 0.0000 0.0000 0.0000 -52.7161 -52.4953 -52.3065 -52.1203 -57.3851 -57.6222 -60.1195 0.0000 0.0000 0.0000 -43.4514 -43.3150 -43.1779
-48.2360 -48.3160 -54.2540 -54.2596 -54.3354 -54.3769 -54.2292 -54.3101 -54.3727 -55.5135 -55.5011 -55.5427 -55.6482 -55.7058 -55.7954 -55.8286 -55.9468 -56.1132 -56.2164 -56.6337 -57.3926 -58.3104 0.0000 0.0000 0.0000 0.0000 0.0000 -55.2595 -55.0371 -55.1041 -55.2821 -55.6302 -56.4069 -58.1601 0.0000 0.0000 0.0000 -43.4598 -43.3022 -43.1669
0.0000 0.0000 -56.8488 -56.1314 -48.5374 -48.6317 -48.6637 -54.1344 -54.1952 -54.1725 -54.0676 -54.0787 -54.0485 -54.0096 -53.9874 -53.9156 -53.8795 -53.8073 -53.7101 -53.6647 -53.6159 -53.5639 -53.6221 -53.5968 -53.5557 -53.4947 -53.9285 -53.8439 -53.7558 -53.6658 -53.5645 -53.4608 -53.3096 -53.2630 -43.8330 -43.7082 -43.5672 -43.4335 -51.4938 -51.3036
0.0000 0.0000 0.0000 -60.6430 -61.0942 0.0000 -61.5814 -60.3294 0.0000 0.0000 -55.7559 -55.3747 -54.9553 -54.6854 -54.4546 -53.6415 -53.5885 -53.5000 -53.3837 -53.3144 -53.2384 -53.1548 -53.1747 -53.1034 -53.0058 -52.8780 -52.7327 -52.5604 -52.3507 -52.0744 -51.7182 -44.1556 -44.0369 -43.9180 -43.7944 -51.5452 -51.7362 -52.1216 -52.6764 -52.3040
0.0000 0.0000 0.0000 -62.0913 -61.8394 0.0000 -62.6300 -61.9290 0.0000 0.0000 -55.4930 -55.2433 -54.9826 -54.7094 -54.4749 -54.2314 -54.0567 -53.8618 -53.6481 -53.4702 -53.3186 -53.1612 -52.7355 -52.6190 -52.4670 -52.2785 -52.0619 -44.6174 -44.5071 -44.3934 -44.2781 -44.1583 -51.4999 -51.6375 -51.8339 -52.0911 -52.3316 -52.7589 -53.3193 -52.7259
-57.7036 -59.8568 -58.1855 -58.3949 -59.9772 0.0000 -61.7386 -60.3701 0.0000 -55.4170 -55.2277 -54.9834 -54.7318 -54.4997 -54.2660 -54.0098 -53.8123 -53.5922 -53.3497 -53.1660 -52.9791 -52.7858 -52.7142 -52.5265 -45.0061 -44.8927 -44.7817 -44.6673 -44.5070 -44.4406 -51.7891 -51.8914 -52.0224 -52.2107 -52.4580 -52.7673 -53.0133 -53.4536 -53.9923 -58.0246
