-65.5355 -65.5234 -65.4759 -65.4645 -65.4535 -65.4427 -65.4321 -65.4214 -65.3773 -65.3673 -65.3576 -65.3481 -65.3226 -65.3139 -65.3056 -65.2975 -65.2898 -65.2815 -65.2733 -65.2653 -65.2575 -65.2498 -65.2422 -65.2346 -65.2316 -65.2189 -65.1781 -65.1328 -65.0817 -64.6790 -64.6979 -64.7071 -64.6983 -64.6596 -64.6497 -64.5460 -65.7428 -65.8081 -66.5679 -66.4885
-65.7049 -65.6827 -65.6616 -65.6596 -65.5221 -65.5130 -65.5023 -65.4918 -65.4816 -65.4717 -65.4206 -65.3943 -65.3855 -65.3771 -65.3696 -65.3617 -65.3533 -65.3452 -65.3373 -65.3296 -65.3222 -65.3149 -65.3078 -65.3008 -65.2939 -65.2871 -65.3035 -65.2622 -65.2158 -65.1627 -65.1014 -64.7084 -64.7014 -64.7116 -64.7451 -66.0106 -65.7849 -65.7120 -65.7733 -65.6450
-65.7360 -65.7132 -65.7094 -65.7083 -65.7066 -65.7057 -65.7055 -65.7063 -65.7104 -65.7131 -65.5301 -65.5038 -65.4471 -65.4388 -65.4304 -65.4227 -65.4144 -65.4065 -65.3989 -65.3916 -65.3846 -65.3778 -65.3712 -65.3648 -65.3586 -65.3524 -65.3463 -65.3926 -65.3513 -65.3044 -65.2030 -65.1397 -64.7280 -64.7511 -64.7758 -66.0394 -65.9981 -65.9222 -65.6074 -65.5530
-65.7694 -65.7634 -65.7585 -65.7548 -65.7520 -65.7500 -65.7491 -65.7493 -65.7505 -65.7551 -65.7407 -65.7450 -65.7503 -65.7561 -65.5377 -65.4806 -65.4733 -65.4656 -65.4583 -65.4513 -65.4446 -65.4382 -65.4321 -65.4263 -65.4206 -65.4151 -65.4099 -65.4047 -65.4874 -65.3989 -65.3532 -65.3458 -65.2940 -65.2098 -64.7530 -65.9917 -65.9779 -65.9308 -65.8571 -65.5186
-65.8176 -65.8100 -65.8066 -65.8013 -65.7970 -65.7939 -65.7919 -65.7910 -65.7914 -65.7754 -65.7781 -65.7842 -65.7882 -65.7932 -65.7993 -65.8065 -65.5672 -65.5746 -65.5841 -65.5940 -65.6054 -65.4960 -65.4903 -65.4849 -65.4799 -65.4751 -65.4708 -65.4665 -65.4151 -65.4639 -65.5509 -65.5215 -65.4674 -65.4004 -66.6961 -65.9050 -65.8827 -65.8852 -65.8644 -65.8169
-65.8697 -65.8603 -65.8521 -65.8447 -65.8418 -65.8370 -65.8335 -65.8313 -65.8303 -65.8135 -65.8151 -65.8170 -65.8201 -65.8270 -65.8325 -65.8393 -65.8483 -65.8574 -65.5944 -65.6045 -65.6152 -65.6273 -65.6409 -65.6561 -65.6730 -65.6916 -65.4809 -65.4778 -65.5220 -65.5193 -65.5168 -65.6801 -65.6396 -65.5904 -66.9492 -66.7610 -65.8050 -65.7842 -65.7650 -65.7543
-65.9246 -65.9137 -65.9036 -65.8943 -65.8863 -65.8828 -65.8774 -65.8733 -65.8536 -65.8522 -65.8515 -65.8522 -65.8542 -65.8577 -65.8651 -65.8710 -65.8783 -65.8868 -65.8966 -65.9076 -65.6180 -65.6302 -65.6430 -65.6576 -65.6738 -65.6435 -65.7118 -65.7337 -65.7576 -65.7834 -65.8116 -65.8578 -65.8034 -65.7725 -67.1687 -67.0551 -66.8821 -66.6329 -65.6660 -65.6510
-65.9822 -65.9700 -65.9583 -65.9475 -65.9376 -65.9288 -65.9213 -65.9185 -65.8963 -65.8922 -65.8897 -65.8887 -65.8891 -65.8912 -65.8947 -65.8983 -65.9074 -65.9151 -65.9242 -65.9346 -65.9465 -65.9598 -65.6402 -65.6072 -65.6228 -65.6874 -65.7067 -65.7281 -65.7513 -65.7772 -65.8207 -65.8513 -65.8845 -68.0333 -68.0613 -67.9999 -67.9090 -67.0862 -66.9798 -65.5358
-66.2762 -66.0262 -66.0135 -66.0015 -65.9901 -65.9796 -65.9701 -65.9442 -65.9364 -65.9335 -65.9285 -65.9253 -65.9236 -65.9237 -65.9255 -65.9288 -65.9338 -65.9404 -65.9512 -65.9609 -65.9721 -65.9848 -65.9488 -65.9651 -65.6609 -65.6773 -65.6964 -65.7168 -65.7398 -65.7652 -65.8080 -65.8386 -65.8926 -67.3725 -67.3532 -68.1812 -68.3569 -68.5691 -68.5028 -69.0840
-66.3604 -66.3385 -66.3166 -66.0566 -66.0442 -66.0323 -66.0205 -65.9929 -65.9829 -65.9742 -65.9668 -65.9646 -65.9604 -65.9579 -65.9572 -65.9584 -65.9614 -65.9662 -65.9728 -65.9840 -65.9446 -65.9565 -66.0194 -66.0346 -66.0515 -66.0706 -65.6768 -65.6964 -65.7184 -65.7437 -65.7854 -65.8352 -65.8679 -67.2710 -67.2644 -67.2448 -68.0838 -68.3933 -69.1753 0.0000
-66.4468 -66.4235 -66.4014 -66.3793 -66.3567 -66.0855 -66.0560 -66.0438 -66.0322 -66.0216 -66.0121 -66.0038 -66.0007 -65.9954 -65.9918 -65.9901 -65.9905 -65.9928 -65.9971 -65.9549 -65.9633 -66.0252 -66.0375 -66.0518 -66.0679 -66.0857 -66.1062 -66.1281 -65.6897 -65.7271 -65.7720 -65.8007 -67.1863 -67.1705 -67.1494 -67.1365 -67.1392 -68.4514 0.0000 0.0000
-66.5326 -66.5107 -66.4888 -66.4647 -66.4413 -66.4179 -66.3770 -66.0961 -66.0835 -66.0716 -66.0603 -66.0501 -66.0409 -66.0330 -66.0304 -66.0257 -66.0228 -66.0220 -65.9754 -66.0269 -66.0329 -66.0410 -66.0514 -66.0670 -66.0816 -66.0986 -66.1177 -66.1399 -66.1634 -66.2203 -65.7297 -65.7637 -67.0595 -67.0419 -67.0381 -67.0302 -67.3608 -69.9812 -70.9087 0.0000
-66.6188 -66.5973 -66.5747 -66.5518 -66.5286 -66.4863 -66.4629 -66.4392 -66.4152 -66.1231 -66.1108 -66.0991 -66.0882 -66.0782 -66.0694 -66.0618 -66.0122 -66.0083 -66.0536 -66.0537 -66.0562 -66.0607 -66.0688 -66.0786 -66.0913 -66.1096 -66.1274 -66.1672 -66.1895 -66.2369 -66.2613 -66.4475 -66.9266 -66.9200 -66.9082 -67.2157 -68.6730 -69.7346 -70.4169 -70.7576
-66.7631 -66.6832 -66.6608 -66.6382 -66.6153 -66.5747 -66.5514 -66.5279 -66.5025 -66.4784 -66.4540 -66.1500 -66.1379 -66.1264 -66.1158 -66.0587 -66.0505 -66.0947 -66.0892 -66.0856 -66.0842 -66.0854 -66.0889 -66.0836 -66.1050 -66.1173 -66.1547 -66.1726 -66.2119 -66.2351 -66.2621 -67.6901 -67.9570 -67.8088 -67.0614 -67.2886 -68.7771 -69.4521 -69.9557 -70.3407
-66.8277 -66.8150 -66.8033 -66.7925 -66.6850 -66.6624 -66.6395 -66.6163 -66.5927 -66.5687 -66.5429 -66.5183 -66.4933 -66.1291 -66.1176 -66.1535 -66.1432 -66.1339 -66.1257 -66.1234 -66.1181 -66.1141 -66.1136 -66.1158 -66.1210 -66.1212 -66.1589 -66.1770 -66.2123 -66.2401 -66.2660 -67.6239 -67.6017 -68.3086 -68.4426 -69.7502 -68.6581 -69.1361 -69.4881 -69.7155
-66.4276 -66.4090 -66.4874 -66.8540 -66.8254 -66.8157 -66.8071 -66.7044 -66.6813 -66.6578 -66.6339 -66.6095 -66.5319 -66.5071 -66.5322 -66.2021 -66.1905 -66.1796 -66.1696 -66.1602 -66.1525 -66.1508 -66.1464 -66.1442 -66.1624 -66.1691 -66.1617 -66.1848 -66.2198 -66.2387 -66.2650 -67.5576 -67.8688 -68.0847 -69.2065 -70.2780 -70.6340 -70.7649 -68.9944 -68.3926
-66.1948 -66.4640 -66.4454 -66.4130 -66.4908 -66.4736 -66.4624 -66.8584 -66.8512 -66.8454 -66.6730 -66.6497 -66.6770 -66.6523 -66.6269 -66.5993 -66.5729 -66.2287 -66.2171 -66.2067 -66.1970 -66.1883 -66.1987 -66.1973 -66.1964 -66.1944 -66.2016 -66.2192 -66.1987 -66.2447 -66.2571 -67.8182 -68.0066 -68.0317 -69.3256 -69.7489 -70.9404 -71.0766 -70.0973 -69.3901
-66.5553 -66.5278 -66.2093 -66.1671 -66.4489 -66.4326 -66.5145 -66.4976 -66.4822 -66.4199 -66.4125 -66.8928 -66.8906 -66.7463 -66.7216 -66.6963 -66.6704 -66.6416 -66.6145 -66.2555 -66.2446 -66.2518 -66.2422 -66.2366 -66.2395 -66.2351 -66.2329 -66.2473 -66.2511 -66.2375 -67.7083 -67.9507 -67.9568 -69.0190 -69.3630 -69.7012 -70.0199 -70.5141 -69.8991 -69.6870
-66.6417 -66.6144 -66.5712 -66.5437 -66.5162 -66.4885 -66.7989 -66.4515 -66.3864 -66.4730 -66.5059 -66.4929 -66.4816 -66.4719 -66.4639 -66.9456 -66.7675 -66.7416 -66.7152 -66.6860 -66.6766 -66.3030 -66.2917 -66.2872 -66.2793 -66.2725 -66.2861 -66.2828 -66.2819 -66.5106 -67.9208 -67.8566 -67.7916 -69.0790 -69.3626 -69.6267 -69.3028 -69.0997 -69.9919 -69.5444
-66.7299 -66.6871 -66.6601 -66.6330 -66.6056 -66.5781 -66.5027 -66.4754 -66.4948 -66.8223 -66.8069 -66.9073 -66.5287 -66.5169 -66.5074 -66.4998 -66.4944 -66.4910 -66.4894 -66.8080 -66.7836 -66.7581 -66.7298 -66.3367 -66.3276 -66.3195 -66.3259 -66.3203 -66.5436 -66.6799 -67.9414 -67.9049 -68.8430 -68.9878 -69.0778 -69.0928 -68.9232 -68.9509 -68.9902 -69.5528
-66.8191 -66.7770 -66.7506 -66.7241 -66.6973 -66.6221 -66.5954 -66.6157 -66.5881 -66.5603 -66.5324 -66.8674 -66.8531 -66.9600 -66.9457 -66.9342 -66.5327 -66.5494 -66.5471 -66.5480 -66.5560 -66.5624 -66.2883 -66.8115 -66.7803 -66.3693 -66.3747 -66.3686 -66.7138 -67.9910 -67.9575 -68.8357 -68.9954 -69.0143 -68.9038 -68.6014 -68.4924 -68.7423 -68.5452 -68.7160
-66.8929 -66.8677 -66.8422 -66.7672 -66.7418 -66.7643 -66.7379 -66.7112 -66.6843 -66.6573 -66.6300 -66.6026 -66.5747 -66.5472 -66.9021 -66.8889 -67.0302 -67.0223 -67.0233 -67.0224 -67.0224 -66.5962 -66.6081 -66.5988 -66.5464 -66.2841 -66.2427 -66.1653 -66.7763 -68.0093 -67.9747 -68.9554 -69.0879 -69.0076 -68.7182 -68.6271 -68.5314 -68.3745 -68.0845 -68.7982
-66.9499 -66.9299 -66.8607 -66.8417 -66.8714 -66.8525 -66.8339 -66.8083 -66.7824 -66.7563 -66.7301 -66.7034 -66.6768 -66.6504 -66.6238 -66.6170 -66.5940 -66.9774 -67.1078 -67.1088 -67.1164 -67.1295 -67.1466 -67.1653 -67.1824 -67.1685 -66.9475 -66.9179 -66.6172 -67.1906 -67.8740 -67.9611 -69.0456 -68.9943 -68.7304 -68.6504 -68.5162 -68.2562 -68.3542 -68.2864
-66.9458 -66.9256 -66.9054 -66.9339 -66.9137 -66.8938 -66.8740 -66.8545 -66.8355 -66.8168 -66.7984 -66.7809 -66.7643 -66.7486 -66.7508 -66.7293 -66.7050 -66.6811 -66.6579 -67.0521 -67.1985 -67.2128 -67.2405 -67.2807 -67.3335 -67.7358 -67.9212 -67.9849 -69.6182 -70.7982 -68.6317 -67.9617 -67.8808 -67.6614 -67.5565 -67.5179 -68.5466 -68.4679 -68.4641 -68.3504
-66.2086 -66.7566 -66.7282 -66.6995 -66.6705 -66.6411 -66.9117 -66.8908 -66.8702 -66.8496 -66.8296 -66.8100 -66.8139 -66.7959 -66.7789 -66.7630 -66.7503 -66.7377 -66.7274 -66.7201 -66.7163 -66.7173 -67.1566 -67.3494 -67.7216 -67.9105 -68.1195 -68.3242 -70.2620 -72.3816 0.0000 0.0000 -67.7181 -67.6066 -67.5464 -67.4830 -67.3349 -67.4117 -67.3452 -67.2694
-66.3204 -66.2851 -66.2494 -66.2132 -66.1766 -66.7221 -66.6927 -66.6630 -66.6326 -66.6021 -66.5711 -66.5625 -66.5309 -66.4990 -66.7975 -66.7779 -66.7594 -66.7422 -66.7266 -66.7134 -66.7031 -66.6968 -66.6964 -66.9279 -67.0155 -67.8370 -68.0754 -68.3801 -72.3483 0.0000 0.0000 0.0000 -67.6697 -67.6063 -67.5395 -67.3646 -67.4385 -67.3970 -67.3290 -67.2432
-66.3915 -66.3565 -66.3210 -66.2851 -66.2487 -66.2117 -66.1756 -66.1373 -66.0986 -66.6868 -66.6778 -66.6470 -66.6157 -66.5838 -66.5515 -66.5187 -66.4854 -66.4517 -66.4175 -66.3829 -66.3480 -66.3133 -66.8554 -66.8941 -66.9544 -67.0129 -67.0771 -70.4280 -73.8017 0.0000 0.0000 -67.7630 -67.6756 -67.6089 -67.5393 -67.4804 -67.4584 -67.3822 -67.3057 -67.0771
-66.7883 -66.7786 -66.3942 -66.3586 -66.3223 -66.2857 -66.2483 -66.2105 -66.1721 -66.1521 -66.1126 -66.0724 -66.7014 -66.6700 -66.6380 -66.6056 -66.5726 -66.5390 -66.5049 -66.4703 -66.4356 -66.5863 -66.5859 -66.5976 -66.5955 -66.5912 -66.5907 -68.1742 -68.8179 -69.0888 -67.8733 -67.7856 -67.6967 -67.6247 -67.5398 -67.5326 -67.4526 -67.3731 -67.1444 -67.0988
-66.8034 -66.7918 -66.7813 -66.7717 -66.7628 -66.7552 -66.7486 -66.3031 -66.2652 -66.2267 -66.1875 -66.1476 -66.1070 -66.0657 -66.0236 -65.9807 -66.6611 -66.6280 -66.5942 -66.5601 -66.7081 -66.7043 -66.7003 -66.7076 -66.7171 -66.7078 -66.6853 -68.2867 -68.7209 -68.1104 -67.9222 -67.8247 -67.7422 -67.6587 -67.6134 -67.5457 -67.4596 -67.2261 -67.1761 -67.0871
-66.8203 -66.8063 -66.7935 -66.7814 -66.7707 -66.7610 -66.7735 -66.7663 -66.7601 -66.7551 -66.7511 -66.2232 -66.1829 -66.1420 -66.1002 -66.0576 -66.0143 -65.9701 -65.9248 -66.8317 -66.8260 -66.8200 -66.8133 -66.8317 -66.8211 -66.8068 -67.9014 -68.3801 -68.2724 -68.0820 -67.9867 -67.8870 -67.8004 -67.7298 -67.6713 -67.5773 -67.3353 -67.2771 -67.1859 -67.0933
-66.8415 -66.8250 -66.8093 -66.7949 -66.7815 -66.7902 -66.7794 -66.7698 -66.7614 -66.7542 -66.7482 -66.7433 -66.7391 -66.7367 -66.7355 -66.1348 -66.0918 -66.0475 -66.1521 -66.1279 -66.1029 -66.0770 -66.0692 -66.9386 -66.9251 -66.9082 -68.0490 -68.3394 -68.2560 -68.1613 -68.0650 -67.9633 -67.9352 -67.8328 -67.7322 -67.4816 -67.4160 -67.3156 -67.2174 -67.9635
-66.8670 -66.8478 -66.8297 -66.8126 -66.8172 -66.8024 -66.7887 -66.7762 -66.7649 -66.7550 -66.7463 -66.7390 -66.7329 -66.7283 -66.7250 -66.7228 -66.7216 -66.8928 -66.9200 -66.2252 -66.2077 -66.1799 -66.1606 -66.1284 -66.0934 -65.9967 -66.9382 -68.3588 -68.3433 -68.2486 -68.1472 -68.1194 -68.0156 -67.9113 -67.8081 -67.5874 -67.4812 -67.3758 -67.8805 -68.1404
-66.8970 -66.8759 -66.8765 -66.8570 -66.8383 -66.8206 -66.8039 -66.7882 -66.7737 -66.7606 -66.7488 -66.7383 -66.7293 -66.7218 -66.7153 -66.7101 -66.8711 -66.8919 -66.9152 -66.9493 -66.9763 -67.0050 -67.0474 -66.2175 -66.1327 -66.9069 -66.9999 -67.1301 -67.0655 -66.9633 -68.2421 -68.2083 -68.1046 -68.0000 -67.7782 -67.6708 -67.5626 -68.0498 -68.2817 -68.3255
-66.9327 -66.9299 -66.9074 -66.8862 -66.8650 -66.8446 -66.8250 -66.8064 -66.7887 -66.7722 -66.7569 -66.7429 -66.7304 -66.7187 -66.7086 -66.8592 -66.8732 -66.8896 -66.9155 -66.9359 -66.9579 -66.9939 -67.0191 -66.9981 -67.0127 -68.0421 -68.3184 -67.2236 -67.1391 -67.0383 -66.9747 -66.8682 -66.7571 -66.5587 -67.8713 -67.7641 -68.2440 -68.4656 -68.4899 -68.5006
-66.9947 -66.9692 -66.9443 -66.9201 -66.8966 -66.8744 -66.8521 -66.8307 -66.8102 -66.7905 -66.7719 -66.7545 -66.7373 -66.7218 -66.8622 -66.8688 -66.8842 -66.8949 -66.9078 -66.9227 -66.9394 -66.9698 -66.9533 -66.9626 -66.9128 -68.0246 -68.2604 -68.4721 -68.4605 -68.4914 -68.4261 -66.9427 -66.7460 -66.6338 -66.5211 -66.8158 -66.9141 -68.6686 -68.6854 -68.7059
-67.0432 -67.0152 -66.9878 -66.9610 -66.9349 -66.9094 -66.8847 -66.8614 -66.8381 -66.8156 -66.7938 -66.7721 -66.7518 -66.8833 -66.8829 -66.8899 -66.8928 -66.8976 -66.9045 -66.9134 -66.9358 -66.9208 -66.9236 -66.9290 -67.8048 -67.9998 -68.1964 -68.3506 -68.3950 -68.3695 -68.3568 -68.2238 -68.1606 -68.0924 -68.0427 -66.9434 -67.0590 -67.0225 -66.9390 -66.8371
-67.1667 -67.1479 -67.0390 -67.0096 -66.9807 -66.9524 -66.9249 -66.8981 -66.8720 -66.8473 -66.8218 -66.7973 -66.9216 -66.9205 -66.9151 -66.9113 -66.9089 -66.9081 -66.9090 -66.9117 -66.9007 -66.9025 -66.9002 -66.8435 -67.7922 -67.9646 -68.1332 -68.2347 -68.2662 -68.2375 -68.1090 -68.0884 -68.0708 -68.0569 -68.6441 -68.9116 -68.9703 -68.9725 -68.9203 -66.9463
-67.1970 -67.1780 -67.1592 -67.1405 -67.1218 -67.0041 -66.9736 -66.9439 -66.9142 -66.8849 -66.8567 -66.9758 -66.9689 -66.9581 -66.9486 -66.9402 -66.9331 -66.9272 -66.9227 -66.8935 -66.9047 -66.8944 -66.8307 -66.8280 -67.7841 -67.9318 -68.0744 -68.1785 -68.1414 -68.0067 -67.9822 -67.9577 -67.9363 -68.5051 -68.8013 -68.9195 -69.0063 -68.9884 -68.9613 -68.9788
-66.9214 -67.2072 -67.1882 -67.1693 -67.1505 -67.1317 -67.1131 -67.0937 -66.9653 -66.9332 -67.0457 -67.0332 -67.0174 -67.0037 -66.9900 -66.9774 -66.9658 -66.9555 -66.9202 -66.9256 -66.9134 -66.8431 -66.8324 -67.6764 -67.7886 -67.9086 -68.0762 -68.0810 -67.9352 -67.8987 -67.8631 -67.8330 -68.3485 -68.6134 -68.7085 -68.8092 -68.8577 -68.9081 -68.9717 -68.9575
-66.9488 -66.9258 -66.9026 -67.1970 -67.1780 -67.1590 -67.1394 -67.1197 -67.1004 -67.2313 -67.2260 -67.0965 -67.0767 -67.0577 -67.0397 -67.0241 -66.9804 -66.9677 -66.9561 -66.9544 -66.8788 -66.8616 -66.8465 -67.6984 -67.7995 -67.8991 -68.0365 -67.9036 -67.8517 -67.8103 -67.7671 -68.2368 -68.4595 -68.5313 -68.6111 -68.6510 -68.6891 -68.7301 -68.7835 -68.8595
