-73.6071 -72.6892 -73.1759 -74.9544 -74.3314 -74.1349 -75.7050 -75.7122 -75.5163 -75.2960 -75.0480 -74.7864 -74.3905 -73.8434 -70.8738 -70.5247 -71.0691 -71.2535 -71.4014 -70.5804 -71.4687 -71.2881 -68.6142 -68.4825 -69.0031 -69.2876 -69.3274 -71.5289 -74.5818 -74.8113 -76.6496 -73.2367 -79.0407 -79.3660 -79.1564 -76.8541 -75.1948 -72.1282 -72.9653 -74.1641
0.0000 -72.5794 -73.1405 -74.9790 -75.6054 0.0000 0.0000 -79.7020 0.0000 0.0000 -75.5591 -75.4256 -75.2587 -75.1052 -74.7955 -73.6580 -70.5917 -70.7252 -70.8113 -70.2014 -70.9190 -70.7914 -68.4104 -68.4341 -69.1366 -69.2070 -69.2074 -71.2636 -76.2637 -74.5207 -76.8015 -73.5483 -74.3600 0.0000 0.0000 -77.1327 0.0000 -71.3414 -71.8195 -73.0810
0.0000 -72.3850 -73.0403 -74.9742 -75.6146 0.0000 0.0000 -77.5990 0.0000 0.0000 -76.1272 -76.0690 -76.0313 -76.0187 -76.2150 -79.9168 0.0000 -70.1891 -70.2535 -69.8371 -70.3029 -70.1647 -68.1677 -68.2977 -68.5599 -69.3148 -69.4315 -71.6788 -76.7920 -77.3148 -72.0989 -70.5682 -67.4755 -67.3852 -67.3357 -67.2059 -69.7570 -69.8980 -70.0798 -70.9881
-74.3424 -72.1019 -72.8544 -74.8426 -75.7771 0.0000 0.0000 -79.8719 -77.4865 -75.6268 -76.6055 -76.5956 -76.5952 -76.8243 -79.9208 -80.3422 0.0000 -71.8124 -69.5812 -69.3172 -69.6688 -69.6441 -67.8230 -68.0861 -68.3927 -69.3325 -69.5206 0.0000 -72.6602 -72.4292 0.0000 0.0000 -72.2699 -73.8157 -80.3672 0.0000 -78.4839 0.0000 -66.7205 -66.6957
-72.8458 -71.6270 -72.4887 -74.5956 -75.7884 0.0000 0.0000 -78.2564 -76.8573 -73.9429 -76.8807 0.0000 0.0000 -77.0684 0.0000 0.0000 -73.3320 -73.0574 -72.7398 -71.8478 -68.9924 -68.9883 -67.4726 -67.7541 -68.1119 -68.5613 -69.5628 -80.4726 -77.4883 -77.5721 0.0000 0.0000 -71.4460 -72.7661 -74.1258 -76.1532 0.0000 0.0000 -71.4152 -73.0515
-71.4707 -70.8458 -71.7887 -74.0730 -75.7951 0.0000 0.0000 -76.2008 0.0000 0.0000 -75.9481 0.0000 0.0000 -78.2394 0.0000 0.0000 -75.3156 -75.5581 0.0000 -73.3418 0.0000 0.0000 -66.9758 -67.2481 -67.6227 -68.1528 -69.6075 0.0000 0.0000 -77.6058 0.0000 0.0000 -70.3391 -71.3865 -72.7038 -74.8620 0.0000 0.0000 -72.6473 -72.1542
-69.9970 -69.6087 -70.3953 -72.6592 -75.8022 0.0000 0.0000 -73.8977 0.0000 0.0000 -73.6190 0.0000 0.0000 -78.1709 0.0000 0.0000 -73.0851 0.0000 0.0000 -70.7143 0.0000 0.0000 -66.3052 -66.4619 -66.7295 -67.2350 -68.1779 0.0000 0.0000 -68.5333 -68.9969 -69.0318 -69.1026 -69.3196 -70.5062 -72.6615 -78.0221 0.0000 -77.6368 0.0000
-60.8614 -60.7143 -60.6704 -60.6721 -60.6172 -60.6268 -60.5654 -60.5030 -60.4415 -60.3720 -60.3101 -60.2530 -60.1894 -60.1172 -60.0583 -59.9158 -59.9200 -59.8491 -59.7661 -59.6277 -59.6520 -59.5392 -59.1645 -59.1026 -59.0405 -58.9785 -58.9160 -59.1297 -59.0835 -59.0181 -58.9683 -58.8927 -58.9564 -59.0609 -59.2334 -59.3861 -59.5125 -59.4479 -66.6827 -66.7009
-60.8396 -60.7006 -60.6560 -60.6558 -60.5999 -60.6025 -60.5452 -60.4831 -60.4205 -60.3493 -60.2877 -60.2296 -60.1643 -60.0927 -59.9651 -59.9620 -59.8910 -59.8140 -59.6627 -59.6101 -59.5882 -59.4761 -59.1513 -59.0892 -59.0270 -58.9646 -58.9020 -59.0707 -59.0407 -58.9855 -58.9215 -58.8537 -58.7911 -58.6956 -58.6399 -58.5664 -58.4934 -58.4193 -58.3443 -58.2732
-60.7563 -60.6978 -60.6529 -60.6519 -60.5948 -60.5878 -60.5349 -60.4747 -60.4024 -60.3400 -60.2788 -60.2166 -60.1474 -60.0694 -60.0187 -59.9485 -59.8747 -59.7937 -59.7126 -59.5954 -59.5589 -59.4438 -59.1507 -59.0885 -59.0262 -58.9639 -58.9012 -59.0417 -59.0150 -58.9659 -58.9060 -58.8387 -58.7705 -58.6904 -58.6135 -58.5609 -58.4879 -58.4139 -58.3390 -58.2680
-60.7244 -60.6672 -60.6225 -60.6186 -60.5601 -60.5463 -60.4937 -60.4262 -60.3628 -60.3006 -60.2394 -60.1711 -60.0974 -60.0355 -59.9753 -59.9035 -59.8277 -59.6910 -59.6805 -59.5527 -59.5030 -59.3909 -59.1201 -59.0576 -58.9950 -58.9323 -58.8692 -58.9892 -58.9581 -58.9112 -58.8539 -58.7907 -58.7237 -58.6545 -58.5742 -58.5111 -58.4378 -58.3633 -58.2965 -58.2205
-60.6902 -60.6370 -60.5917 -60.5855 -60.5267 -60.5082 -60.4548 -60.3888 -60.3256 -60.2637 -60.1985 -60.1274 -60.0186 -60.0047 -59.9343 -59.8612 -59.7842 -59.6529 -59.6332 -59.5125 -59.4535 -59.3454 -59.0904 -59.0275 -58.9625 -58.8994 -58.8359 -58.9411 -58.9082 -58.8615 -58.8057 -58.7438 -58.6780 -58.6095 -58.5357 -58.4672 -58.3940 -58.3198 -58.2446 -58.1687
-60.6934 -60.6399 -60.5936 -60.5867 -60.5277 -60.5062 -60.4482 -60.3872 -60.3245 -60.2620 -60.1926 -60.0858 -60.0674 -60.0007 -59.9296 -59.8557 -59.7798 -59.7037 -59.6235 -59.5094 -59.4419 -59.3378 -59.0934 -59.0305 -58.9673 -58.9041 -58.8405 -58.9360 -58.8998 -58.8527 -58.7977 -58.7371 -58.6725 -58.6050 -58.5353 -58.4640 -58.3913 -58.3176 -58.2428 -58.1671
-60.6801 -60.6265 -60.5797 -60.5956 -60.7568 -60.9289 -68.9701 -69.0359 -69.1303 -69.2551 -69.4441 -69.9332 -70.8214 -72.6686 0.0000 -67.9639 -67.8695 -67.8016 -67.7260 -67.4992 -67.5447 -67.4422 -66.5840 -66.8576 -67.3602 -68.3399 -69.7470 0.0000 0.0000 -67.0411 -66.6738 -66.7267 -66.7717 -66.8163 -66.8666 -66.9390 -67.0439 -67.2063 -67.4706 -67.9325
-69.6426 -70.3383 -70.5634 -72.7573 -72.9961 -77.6502 0.0000 -69.9465 -72.9482 -74.5305 -80.1127 0.0000 -72.7464 -79.7214 0.0000 -70.6599 -70.9077 -71.4807 -72.5885 -73.8045 0.0000 0.0000 -67.4458 -67.8653 -68.4330 -69.1571 -69.8322 0.0000 0.0000 0.0000 0.0000 -73.7094 -75.4130 0.0000 -67.9617 -67.8258 -68.0744 -68.4211 -68.9266 0.0000
-70.9544 -71.1074 -72.0438 -73.0331 -74.2448 -77.6504 0.0000 -73.7244 -74.6347 -74.8581 -80.1381 0.0000 -74.7326 -77.0394 -72.4913 -71.8050 -72.2036 -72.7961 -73.4907 -73.6660 0.0000 0.0000 -68.1040 -68.4905 -68.9584 -69.4551 -69.8696 -79.7413 -78.3783 -79.7602 0.0000 -75.8913 -77.2202 0.0000 -68.7851 -69.0267 0.0000 0.0000 0.0000 0.0000
-71.3234 -72.0193 -72.2539 -73.6629 -74.9993 -77.4422 -74.1156 -74.7156 -74.5041 -80.9075 0.0000 -78.2995 0.0000 -72.8887 -72.3136 -72.6135 -72.9790 -73.3803 -73.5494 -76.4634 0.0000 0.0000 -68.5559 -68.8940 -69.2611 -69.6216 -69.7964 -75.4364 -77.1691 -78.5843 -79.9579 -76.5212 -77.6597 -81.4038 -73.9127 0.0000 0.0000 0.0000 0.0000 0.0000
-72.0061 -72.1534 -72.6675 -74.4563 -73.2886 -74.1332 0.0000 -75.3642 0.0000 0.0000 0.0000 -82.3662 0.0000 -72.6375 -72.8676 -73.1317 -75.3163 0.0000 -73.5257 -76.5404 -77.4274 -71.8762 -68.8590 -69.1683 -69.4674 -69.7525 -69.9277 -75.5747 0.0000 -76.8380 -76.6775 -75.8139 -77.6349 -73.5877 -79.2069 -76.0725 -75.6374 -75.9092 -75.7983 -75.7160
-72.1325 -72.6690 -73.0958 -73.5170 -73.5799 -79.2993 0.0000 -75.9516 0.0000 0.0000 -79.4911 -78.6783 -73.5808 -73.0584 -73.2570 -73.5045 -79.0012 0.0000 -73.6007 -71.7820 -71.9490 -71.6806 -69.0909 -69.3305 -69.5726 -69.8046 -70.0541 -74.6892 0.0000 -80.8006 -77.0767 0.0000 -74.1075 -75.7095 -74.9428 -74.9515 -74.9524 -75.4143 -69.7880 -70.0596
-72.4869 -72.2294 -72.7337 -73.5961 -76.3771 -77.7699 -79.8789 -79.3626 -79.6464 -79.5984 -73.7410 -73.7762 -73.2108 -73.3671 -73.5205 -76.5262 -79.1073 -83.2883 0.0000 0.0000 -71.9327 -71.5538 -69.2686 -69.4723 -69.6751 -69.8396 -69.8699 -72.7275 -76.8166 -77.0154 -77.3216 0.0000 -74.7649 -74.4460 -73.9987 -73.4234 -69.6290 -69.8313 -70.0701 -73.0071
-72.1833 -72.5668 -73.7170 -75.7542 -75.7327 -76.7340 -77.8138 -77.3257 -75.9685 -73.7265 -73.7701 -73.1886 -73.2921 -73.3915 -74.6825 -76.8703 -78.0147 -78.6965 -79.0178 -72.0034 -71.8757 -71.4832 -69.3411 -69.5119 -69.6339 -69.6371 -69.6417 -72.0024 -73.7953 -73.9947 -73.8989 -73.6935 -73.3996 -72.9983 -69.8283 -69.9839 -70.1647 -70.3744 -72.8816 -73.9173
0.0000 -73.7922 -74.5505 -77.3502 -78.0631 0.0000 -74.2648 -74.0194 -74.1221 -74.2106 -73.6195 0.0000 0.0000 0.0000 -76.6717 -77.7864 -78.5967 -79.2032 -72.3315 -72.3263 -72.1722 0.0000 -69.4917 -69.4669 -69.4393 -69.4107 -69.3774 -71.3293 -72.8937 -73.1999 -73.1459 -73.1547 -72.2869 -70.0656 -70.2208 -70.3955 -70.5937 -73.3889 -74.1987 -75.1927
-73.8508 -74.4925 -75.1663 -77.4006 -78.0019 0.0000 -74.2439 -74.2710 -74.3583 -73.7507 -81.2651 0.0000 -82.5338 -82.9439 -76.7805 -77.1108 -77.0947 -73.0722 -72.4831 -72.3945 -77.8301 0.0000 -69.5040 -69.4779 -69.9804 -70.1326 -70.2742 0.0000 0.0000 -73.2508 -72.1475 -70.0507 -70.2106 -70.3729 -70.5494 -72.9191 -73.5850 -74.2465 -75.0440 -75.9830
-74.4054 -74.7186 -75.3188 -76.9555 -77.1209 -81.3280 -74.4739 -74.5422 -76.1683 -78.0866 -81.1968 -78.8633 -78.6691 -76.2173 -76.3806 -76.2538 -73.1326 -72.5904 -72.5701 -73.7887 -77.8932 0.0000 -69.7919 -69.9294 -70.0679 -70.2033 -70.3282 -80.2750 0.0000 -70.4764 -70.2070 -70.4269 -77.7954 0.0000 -73.3659 -73.6177 -74.1693 -74.8742 -75.6234 -75.6543
-74.4606 -74.8048 -74.9560 -76.1939 -75.7753 -74.6402 0.0000 0.0000 -77.1341 -78.9350 -81.3675 0.0000 -74.7254 -75.9168 -75.8265 -73.2025 -72.6819 0.0000 0.0000 -74.8857 -75.7419 -76.5552 -69.8848 -69.9985 -70.0160 -70.0324 -70.0401 -74.7137 -70.4117 -70.5954 -70.9171 -75.2151 -77.5219 0.0000 -74.2335 -74.5601 -75.0102 -75.2776 -75.6281 -74.9751
-74.4238 -74.4825 -74.4422 -73.6838 -75.4663 -81.2910 0.0000 0.0000 -78.2577 -79.7690 -81.4175 0.0000 0.0000 -77.3345 -86.2705 0.0000 -78.4365 0.0000 0.0000 -76.2197 0.0000 0.0000 -69.7757 -69.7293 -69.6525 -69.5100 -69.1693 0.0000 0.0000 -73.6413 0.0000 0.0000 -77.2788 0.0000 0.0000 -75.3286 0.0000 0.0000 -75.6778 -73.1509
-74.1352 -74.0691 -72.8099 -75.3844 -76.4246 -80.2110 -82.7660 -77.7651 0.0000 0.0000 -81.0699 0.0000 0.0000 -78.2931 -85.1095 -81.5554 -78.7183 0.0000 0.0000 -76.5379 0.0000 0.0000 -69.5115 -69.3867 -69.1869 -70.3077 -70.7152 0.0000 0.0000 -81.5644 0.0000 0.0000 -79.4574 0.0000 -79.7685 -81.0062 -81.5326 0.0000 -73.1277 -79.2573
-73.5976 -72.5613 -73.9599 -75.5406 -75.8547 -77.3751 -77.7234 -77.9045 -77.9367 -77.9088 -77.8862 -77.8665 -77.8716 -76.6141 -77.9259 -78.0121 -77.3902 -78.3864 -79.0425 -75.8557 -77.5978 -74.5718 -69.1213 -69.7457 -69.8985 -70.1435 -70.1921 -76.2232 -76.2302 -76.1728 -76.1999 -76.1676 -75.9896 -76.1078 -76.2070 -76.3035 -73.6020 -73.4089 -73.4258 -73.5471
-72.6489 -72.8414 -72.9551 -73.7396 -73.7053 -74.4327 -74.5571 -74.5912 -74.5785 -74.5151 -74.4334 -74.3487 -74.2815 -74.1956 -74.1066 -74.0334 -73.8455 -73.8684 -73.7686 -72.9307 -72.8796 -72.1376 -69.3060 -69.3092 -69.3215 -69.3401 -69.3581 -72.7332 -73.1377 -73.2215 -73.2625 -73.2617 -73.1908 -73.2244 -73.1484 -73.0732 -72.9571 -72.5886 -73.0369 -73.1187
-72.6381 -72.7509 -72.8339 -73.5555 -73.5301 -74.1823 -74.2800 -74.3241 -74.3312 -74.2729 -74.1995 -74.1238 -74.0425 -73.9599 -73.8684 -73.7654 -73.6409 -73.3305 -73.0172 -72.5364 -72.7061 -72.0127 -69.3106 -69.3163 -69.3275 -69.3422 -69.3561 -72.0129 -72.6291 -72.8746 -72.9861 -72.9717 -73.0178 -72.9795 -72.9593 -72.9273 -72.5469 -72.9236 -73.0023 -73.0793
-72.6248 -72.7199 -72.7906 -73.4808 -73.4523 -74.0490 -74.1259 -74.1617 -74.1661 -74.1055 -74.0270 -73.9413 -73.8492 -73.7466 -73.6334 -73.3575 -73.1522 -72.8266 -72.8308 -72.7056 -72.3011 -71.6275 -69.3303 -69.3363 -69.3462 -69.3589 -69.3713 -71.6278 -72.2427 -72.5746 -72.7531 -72.8155 -72.8447 -72.8657 -72.8678 -72.8533 -72.8745 -72.9568 -73.0387 -73.1236
-72.5983 -72.6767 -72.7434 -73.4144 -73.3834 -73.9370 -73.9963 -74.0232 -74.0237 -73.9570 -73.8709 -73.7757 -73.5231 -73.4150 -73.2828 -73.0110 -70.9178 -72.9409 -72.7333 -72.4477 -72.0324 -71.4259 -69.3661 -69.3727 -69.3825 -69.3951 -69.4081 -71.4313 -71.9937 -72.3553 -72.5409 -72.6755 -72.7587 -72.8085 -72.8344 -72.6911 -72.9461 -73.0384 -73.1306 -73.2281
-72.5662 -72.6508 -72.7052 -73.3599 -73.3273 -73.8475 -73.8930 -73.9123 -73.9088 -73.8312 -73.5922 -73.4961 -73.3902 -73.1758 -72.9114 -73.1061 -72.9628 -72.7895 -72.5682 -72.2721 -71.8686 -71.3292 -69.4184 -69.4261 -69.4367 -69.4503 -69.4649 -71.3422 -71.8250 -72.1833 -72.4302 -72.5987 -72.7130 -72.7896 -72.6712 -72.9369 -73.0425 -73.1473 -73.2532 -73.3624
-72.5449 -72.6277 -72.6805 -73.3225 -73.2897 -73.7848 -73.8200 -73.8332 -73.6841 -73.5947 -73.4998 -73.3271 -73.0978 -73.0883 -73.1463 -73.0181 -72.8701 -72.6884 -72.4590 -72.1630 -71.7793 -71.2961 -69.4837 -69.4925 -69.5042 -69.5192 -69.5332 -71.2967 -71.7512 -72.1016 -72.3624 -72.5532 -72.6918 -72.6152 -72.8995 -73.0255 -73.1458 -73.2625 -73.3325 -73.4576
-74.1696 -75.5611 -76.0114 0.0000 -75.1651 -78.6983 0.0000 0.0000 0.0000 -73.9753 -83.7300 0.0000 -73.8536 -74.1109 -77.0323 0.0000 0.0000 -72.8970 -72.6699 -72.3859 -73.0951 -72.7103 -70.5836 -71.2698 0.0000 0.0000 -69.7292 -71.5222 -71.9790 -72.3670 -72.7004 -75.6786 0.0000 0.0000 -77.8067 0.0000 0.0000 0.0000 -73.9052 -74.0954
-75.2872 -75.7399 -76.5309 0.0000 -77.2819 -80.5654 0.0000 0.0000 0.0000 -82.0846 0.0000 0.0000 0.0000 -76.4467 -82.2967 0.0000 0.0000 -73.7492 -73.6254 -73.4334 -73.1562 -72.7942 -70.6436 -70.7403 -77.8702 -78.0985 -69.8695 -71.6602 -73.4476 -74.5218 -75.0647 -77.0199 0.0000 0.0000 -81.9512 0.0000 0.0000 0.0000 -75.0304 -74.9675
-75.4337 -75.8518 -78.4786 0.0000 -77.8498 -80.1769 -83.3649 -83.5406 -80.5547 -81.8560 0.0000 0.0000 -86.8160 -79.4692 -82.3631 0.0000 -82.0793 -73.8250 -73.6891 -73.4901 -73.2138 -72.7308 -70.6112 -69.9532 -73.6808 -73.6569 -70.7893 -73.0502 -73.8750 -74.4340 -75.7258 -76.4808 0.0000 -81.6326 -82.0280 0.0000 0.0000 0.0000 -75.4015 -75.4969
-75.4458 -75.7994 -78.1644 -84.3502 -77.8091 -79.6625 -82.6498 -79.7684 -80.6174 -81.6862 -82.2557 -82.9213 -82.3157 -80.1983 -81.4737 -82.0853 -73.9787 -73.8787 -73.7303 -73.5481 -73.1766 -72.8421 -71.0620 -71.4275 0.0000 0.0000 -70.8123 -73.0902 -73.7512 -73.8968 -74.2750 -74.5883 -76.5013 -77.4356 -77.4008 -77.4479 -75.8940 -75.5434 -75.7603 -77.2286
-75.5133 -76.0446 -77.5557 -80.8902 -77.8122 -79.5878 -79.4444 -79.9281 -80.6150 -80.8692 -81.4815 -81.7590 -79.1163 -79.8903 -79.9888 -75.3402 -74.0687 -73.8562 -73.6971 -73.4895 -73.3087 -73.0292 -71.3282 -71.4739 0.0000 -77.8693 -70.8722 -73.1107 -73.9186 0.0000 -75.0630 -75.4920 -75.8697 -74.9062 -75.7445 -75.5639 -75.7497 -75.8172 -76.8477 -77.4132
-75.5180 -75.8242 -77.6150 -80.3480 -76.5371 -77.8706 -79.5965 -80.1227 -80.6300 -81.9744 -84.0421 -86.8897 0.0000 -79.1360 -75.2777 -74.2543 0.0000 -73.9972 -73.8391 -73.6358 -73.3837 -73.0853 -71.4102 -71.5039 -82.1523 -77.5575 -73.7798 0.0000 0.0000 0.0000 -76.5178 -73.3115 -73.5531 -73.7200 -75.0791 -75.6932 -76.2034 -76.5467 -76.9299 -76.8897
