-69.0200 -69.4918 -69.9636 -70.6361 -71.3851 -72.0980 -69.2490 -70.0056 -70.7348 -71.5279 -73.2503 -73.8001 -71.8213 -72.2562 -72.8519 -72.1538 -71.7597 -71.5290 -70.4817 -70.0651 -65.2877 -65.7731 -66.3963 -67.1243 -67.9370 -68.4820 -68.3360 -64.3087 -64.0194 -63.6957 -63.3476 -62.9685 -59.8989 -59.9098 -59.9653 -60.0497 -60.1693 -63.7501 -65.9144 -68.6220
-68.1191 -69.0547 -69.5188 -70.2717 -71.0863 -71.9500 -68.7515 -69.5467 -70.3483 -71.2070 -73.6229 -74.1371 -74.1437 -73.0834 -71.9900 -72.7489 -72.7100 -72.6195 -70.3131 -72.5128 -72.3917 -65.1740 -65.8316 -66.6221 -67.5273 -68.5069 -69.6956 0.0000 0.0000 -67.9062 -67.7414 -63.5196 -63.1464 -62.7252 -62.2433 -59.5014 -59.5928 -59.7228 -63.4677 -69.0437
-67.5160 -68.0442 -68.9830 -69.8305 -70.7774 -71.7960 -72.8211 -69.0188 -69.9105 -70.8880 -74.9913 0.0000 0.0000 -74.7478 -75.3322 -72.6931 -78.0827 0.0000 -70.8188 0.0000 0.0000 -64.4644 -65.1416 -65.9930 -67.0319 -68.2397 -69.5556 0.0000 0.0000 -69.5120 -69.8202 -70.5458 0.0000 -63.4601 -63.0605 -62.5945 -62.0081 -59.0745 -59.2384 -59.4342
-66.8177 -67.3437 -68.3671 -69.2645 -70.3809 -71.5766 -76.8625 -72.6686 -69.4922 -70.7654 -72.5593 0.0000 0.0000 0.0000 0.0000 -74.4125 -75.7959 -76.6674 -70.5545 0.0000 0.0000 -63.6255 -64.2862 -65.1808 -66.3482 -67.7894 -69.4077 -69.4288 -69.5800 -69.8662 -70.9617 -72.9206 0.0000 -64.2755 -63.9813 -63.6493 -63.2288 -62.7743 -61.6761 -58.6527
-66.0126 -66.5089 -67.0836 -68.5235 -70.0412 -71.6992 0.0000 0.0000 -68.7273 -70.1430 -72.3758 -73.5104 -73.9559 -74.2298 -74.9028 -74.8962 -76.4227 -77.4592 -70.2428 0.0000 0.0000 -62.6176 -63.2217 -64.0990 -65.3788 -67.1404 -69.2743 0.0000 -65.9363 -65.8739 -65.7194 -65.5562 -65.4440 -65.1206 -64.9543 -64.7502 -64.6676 -64.4683 -64.2639 -64.0443
-65.0915 -65.5604 -66.1307 -66.9706 -69.3038 -71.4371 0.0000 0.0000 -67.7551 -69.4720 0.0000 0.0000 0.0000 0.0000 0.0000 0.0000 0.0000 0.0000 -69.8934 0.0000 0.0000 -61.4410 -61.8924 -62.6349 -63.9022 -66.0438 -69.1317 0.0000 -68.1040 0.0000 0.0000 -68.4109 0.0000 0.0000 0.0000 0.0000 -66.7744 0.0000 0.0000 -66.9729
-64.0946 -64.3977 -64.8276 -65.5873 -66.8145 -71.0978 0.0000 0.0000 -66.4412 -68.5695 0.0000 0.0000 0.0000 0.0000 0.0000 0.0000 0.0000 0.0000 -69.5242 0.0000 0.0000 -60.1281 -60.3134 -60.7069 -61.5622 -63.6957 -68.9922 0.0000 -67.6337 0.0000 0.0000 -68.2617 0.0000 0.0000 0.0000 0.0000 -66.3893 0.0000 0.0000 -66.7681
-62.9684 -63.0777 -63.2643 -63.6865 -64.5466 -66.6576 0.0000 0.0000 -64.0942 -66.2309 0.0000 0.0000 0.0000 -52.8699 -52.7359 -52.5998 -52.4621 -52.3216 -52.1780 -52.0356 -51.8881 -51.7318 -51.5820 -51.4298 -51.2752 -51.1178 -50.9595 -50.7993 -50.6310 -50.4659 -50.2946 -50.1184 -49.9424 -49.7617 -49.5776 -49.3901 -49.1989 -49.0044 -48.8059 -48.6029
-54.4390 -54.3245 -54.2048 -54.0875 -53.9664 -53.8457 -53.7334 -53.6086 -53.4829 -53.3545 -53.2269 -53.1009 -52.9696 -52.8363 -52.7013 -52.5645 -52.4257 -52.2850 -52.1418 -51.9974 -51.8467 -51.6960 -51.5456 -51.3931 -51.2383 -51.0809 -50.9219 -50.7609 -50.5953 -50.4275 -50.2564 -50.0805 -49.9037 -49.7224 -49.5377 -49.3496 -49.1578 -48.9626 -48.7632 -48.5594
-54.4365 -54.3220 -54.1986 -54.0809 -53.9619 -53.8398 -53.6974 -53.5768 -53.4515 -53.3246 -53.1947 -53.0677 -52.9365 -52.8031 -52.6677 -52.5303 -52.3911 -52.2499 -52.1065 -51.9618 -51.8118 -51.6612 -51.5105 -51.3575 -51.2021 -51.0442 -50.8837 -50.7217 -50.5555 -50.3871 -50.2153 -50.0391 -49.8618 -49.6801 -49.4950 -49.3064 -49.1141 -48.9185 -48.7187 -48.5144
-54.3753 -54.2595 -54.1388 -54.0205 -53.9008 -53.7779 -53.6609 -53.5400 -53.4145 -53.2875 -53.1572 -53.0283 -52.8981 -52.7648 -52.6293 -52.4919 -52.3526 -52.2112 -52.0677 -51.9198 -51.7728 -51.6218 -51.4706 -51.3170 -51.1608 -51.0023 -50.8413 -50.6783 -50.5119 -50.3426 -50.1706 -49.9941 -49.8158 -49.6338 -49.4483 -49.2591 -49.0659 -48.8693 -48.6680 -48.4639
-54.3433 -54.2276 -54.1070 -53.9887 -53.8688 -53.7457 -53.6279 -53.5063 -53.3814 -53.2547 -53.1248 -52.9961 -52.8660 -52.7325 -52.5969 -52.4593 -52.3198 -52.1784 -52.0348 -51.8876 -51.7403 -51.5893 -51.4375 -51.2834 -51.1270 -50.9683 -50.8069 -50.6436 -50.4769 -50.3073 -50.1347 -49.9583 -49.7788 -49.5965 -49.4105 -49.2211 -49.0283 -48.8318 -48.6302 -48.4256
-54.3085 -54.1941 -54.0733 -53.9549 -53.8352 -53.7141 -53.5944 -53.4713 -53.3478 -53.2210 -53.0925 -52.9613 -52.8306 -52.6973 -52.5613 -52.4233 -52.2833 -52.1412 -51.9957 -51.8501 -51.7022 -51.5501 -51.3976 -51.2429 -51.0862 -50.9271 -50.7652 -50.6015 -50.4343 -50.2642 -50.0909 -49.9142 -49.7344 -49.5518 -49.3660 -49.1768 -48.9838 -48.7873 -48.5863 -48.3804
-54.2777 -54.1621 -54.0415 -53.9231 -53.8034 -53.8067 -61.9079 -62.0124 -62.2335 -62.6516 -63.5294 -65.6425 0.0000 0.0000 0.0000 -65.1632 0.0000 0.0000 -69.9295 0.0000 0.0000 -51.5171 -51.3645 -51.2096 -51.0524 -50.8928 -59.9786 -60.8404 -62.9842 0.0000 0.0000 -49.8760 -49.6959 -49.5126 -49.3259 -49.1358 -48.9421 -48.7445 -48.5426 -48.3365
0.0000 -63.1774 -63.6144 -64.5636 -66.4421 -71.6595 0.0000 0.0000 -73.4462 0.0000 0.0000 -68.0514 0.0000 0.0000 0.0000 -69.2925 0.0000 0.0000 -70.4334 0.0000 0.0000 -60.1203 -60.5115 -61.3670 -63.4939 -65.5871 -70.9780 0.0000 -67.6648 0.0000 0.0000 -67.9847 0.0000 0.0000 0.0000 0.0000 -65.6648 0.0000 0.0000 -65.8774
0.0000 -64.7299 -65.4755 -66.5948 -68.7947 -71.7467 0.0000 0.0000 -73.8547 0.0000 0.0000 -68.2042 -74.6592 -70.6412 -72.0802 -69.8535 0.0000 0.0000 -66.4392 -66.3441 -61.2701 -61.6928 -62.4352 -63.6960 -65.7680 -67.8596 -70.9227 0.0000 -68.1462 0.0000 0.0000 -68.1745 0.0000 0.0000 0.0000 0.0000 -64.9432 0.0000 0.0000 -66.1526
-65.4606 -66.0140 -66.7246 -68.0717 -69.7626 -71.8223 0.0000 0.0000 -73.9497 0.0000 0.0000 -67.1714 -67.0094 -66.9314 -66.8000 -66.6018 -66.4804 -61.6161 -61.8012 -62.0368 -62.4458 -63.0164 -63.8923 -65.1608 -66.9072 -68.9099 -70.9816 0.0000 -68.5589 0.0000 0.0000 -68.3405 0.0000 0.0000 -63.0187 -62.8362 -62.6428 -62.4583 -62.2632 -57.3364
-66.3909 -66.9316 -67.8414 -68.9710 -70.3370 -71.8270 -78.7687 -79.6502 -74.2682 0.0000 0.0000 -66.0187 -65.6468 -72.2212 -73.9680 -78.2102 0.0000 -62.3807 -62.5837 -62.9659 -63.4533 -64.0821 -64.9649 -66.1159 -67.5383 -69.1718 -70.9283 -72.6516 -68.8983 0.0000 -73.1902 -68.5043 0.0000 0.0000 -61.6767 -61.1564 -57.8828 -57.9255 -57.9984 -58.1482
0.0000 -67.8541 -68.6032 -69.5915 -70.7120 -71.8890 -76.3346 -73.2822 -74.1042 -78.5908 -72.7229 -77.5547 0.0000 -74.3570 -75.7244 -79.1726 0.0000 -63.0447 -63.3501 -63.7530 -64.2664 -64.8854 -65.7058 -66.6986 -67.8414 -69.2572 -70.6753 -72.5292 -69.1949 0.0000 -73.6589 0.0000 0.0000 -58.4422 -58.4539 0.0000 -68.9691 0.0000 -58.7127 -58.9078
0.0000 -68.4554 -69.1076 -69.9480 -70.8580 -71.2418 -71.4510 -71.3215 -71.3330 -71.2645 -70.9253 -70.9767 -70.9713 -70.7221 -70.4647 -70.4560 -70.3712 -63.6964 -64.0327 -64.4550 -64.9721 -65.5629 -66.3157 -67.1840 -68.1446 -69.1716 -70.2617 -70.8622 -69.0609 -71.2194 -71.4235 -71.3098 -71.2131 -63.7915 -68.0965 -69.5951 -69.0058 0.0000 0.0000 -59.6079
-71.6606 -68.9932 -69.5646 -70.3004 -70.9474 -70.8823 -71.0209 -70.9100 -70.9062 -70.8249 -70.5066 -70.5645 -70.5166 -70.2838 -70.0582 -63.8687 -63.9956 -64.2851 -64.6367 -65.0618 -65.5662 -66.1153 -66.7980 -67.5604 -68.4040 -69.2427 -69.0780 -69.0851 -68.8324 -68.7532 -68.6130 -62.6941 -63.8778 -65.8687 -67.0349 -66.8996 -66.6753 -66.5407 -59.9371 -59.6237
-69.0139 -69.4612 -69.9629 -70.5800 -70.4787 -70.3317 -70.3562 -70.1679 -70.0203 -69.7610 -69.4339 -69.1385 -68.5209 -67.3340 -64.2186 -64.3527 0.0000 -64.9183 -72.5018 0.0000 -65.9632 -66.4478 -67.0423 -67.6854 -68.3785 -68.5597 -68.5567 -68.3158 -68.2750 -62.7150 -63.2821 -64.0861 -65.1473 -65.0389 -64.8730 -64.6575 -60.0245 -59.9860 -59.9509 -59.9243
-69.5390 -69.9628 -70.4123 -70.2893 -70.1133 -69.9228 -69.8008 -75.9640 0.0000 -68.8687 -68.3689 -67.7266 -71.9927 0.0000 0.0000 -73.0237 0.0000 -69.0822 -72.2805 0.0000 -66.5724 -67.0509 -67.6442 -68.1791 -67.9700 -69.8126 0.0000 0.0000 -63.4243 -72.4326 0.0000 0.0000 0.0000 -71.6396 0.0000 0.0000 -69.2702 0.0000 0.0000 -60.2961
0.0000 -70.0204 -70.0376 -70.2615 -71.9024 -72.5089 -73.3290 -76.5907 0.0000 -67.9443 -76.7498 0.0000 0.0000 -71.6444 -72.5796 -72.5875 -74.8284 -70.3109 -72.2868 -70.7904 -67.0175 -67.4684 -68.0291 -68.6596 -69.3131 -70.0253 0.0000 0.0000 -71.7010 -72.5575 0.0000 0.0000 0.0000 -68.5139 -69.3050 -70.0055 -69.4434 -72.1885 -72.1810 -70.7141
-69.4263 -69.3747 -69.3826 -69.5328 -69.6945 -69.9123 -70.3127 -70.9607 -71.7843 -72.1761 -73.5159 -74.2969 -70.5709 -71.1934 -70.7311 -72.7621 -73.2709 -71.0060 -70.9844 -66.9993 -67.3746 -67.8046 -68.3399 -68.9352 -69.5416 -70.1483 -73.8830 -70.4323 -71.9253 -67.7335 -67.8175 -67.8660 -68.0071 -68.0420 -68.6294 -67.3760 -69.5979 -71.4250 -67.8994 -70.8874
-69.1396 -69.0860 -69.0778 -69.2019 -72.2305 -72.6735 0.0000 -76.0633 0.0000 0.0000 -69.7774 -70.2374 -72.6016 0.0000 0.0000 -72.9256 -72.2497 -71.4090 -72.9767 0.0000 -67.6528 -68.0423 -68.5614 -69.1042 -69.6897 -70.2662 0.0000 0.0000 -72.1043 0.0000 0.0000 0.0000 0.0000 0.0000 0.0000 0.0000 -69.7486 0.0000 0.0000 -71.0611
-70.7092 -70.9874 -71.2785 -71.7461 -72.2485 -72.8612 0.0000 -74.1958 0.0000 0.0000 -77.2843 0.0000 0.0000 0.0000 0.0000 -73.4136 0.0000 0.0000 -73.0985 0.0000 -67.8607 -68.2061 -68.6740 -69.1763 -69.7652 -70.3783 0.0000 0.0000 -74.3741 0.0000 0.0000 0.0000 0.0000 0.0000 0.0000 0.0000 -69.9030 0.0000 0.0000 -71.2274
-70.4831 -70.6796 -70.8855 -71.2441 -71.5639 -72.7691 0.0000 -73.1251 -74.2328 -74.3876 -76.7683 0.0000 -75.1822 -74.0562 -74.1784 -73.3259 0.0000 0.0000 -69.5552 -69.6941 -67.7216 -67.9909 -68.3125 -68.6369 -68.9084 -69.0056 -69.5373 -69.7685 -69.8361 -69.8862 -69.9274 -70.0476 -70.2858 -70.6554 -71.1405 -71.6524 -68.5150 -71.0337 -71.4701 -69.2274
-70.5573 -70.7440 -70.5785 -70.5186 -70.4526 -70.3756 -70.7145 -70.5636 -70.4857 -70.4466 -70.2879 -70.2236 -70.1116 -69.9894 -69.8707 -69.5868 -69.6452 -69.5350 -69.2004 -69.1512 -67.9082 -68.1614 -68.4571 -68.4790 -68.5149 -68.5973 -68.9983 -69.2421 -69.2494 -69.2685 -69.3038 -69.4420 -69.7069 -70.0995 -70.6370 -71.1800 -68.5651 -70.4672 -70.9265 -69.2534
-70.7166 -70.6300 -70.4334 -70.3537 -70.2709 -70.1845 -70.4339 -70.3362 -70.1593 -70.1621 -70.0416 -69.9538 -69.8265 -69.6953 -69.5558 -69.3036 -69.3241 -69.1883 -68.8889 -67.8703 -68.0937 -68.1958 -68.1695 -68.1675 -68.2039 -68.2960 -68.6469 -68.8803 -68.8310 -68.8389 -68.9087 -69.0573 -69.3488 -69.7796 -70.3139 -70.8206 -68.6228 -70.0350 -70.4668 -66.1230
-70.6544 -70.4802 -70.2713 -70.1828 -70.0927 -69.9984 -70.1846 -70.1071 -69.9283 -69.9106 -69.8033 -69.6906 -69.5544 -69.4147 -69.2689 -69.0381 -69.0212 -68.8803 -68.6098 -68.0553 -68.0523 -67.9584 -67.9392 -67.9531 -68.0149 -68.1410 -68.4917 -68.5482 -68.5253 -68.5458 -68.6579 -68.8676 -69.1928 -69.6314 -70.1141 -70.5578 -68.6760 -69.5314 -68.2991 -66.3456
-70.4997 -70.3232 -70.1128 -70.0176 -69.9205 -69.8200 -69.9632 -69.8870 -69.7140 -69.6748 -69.5595 -69.4422 -69.3020 -69.1581 -69.0117 -68.7979 -68.7565 -68.6197 -68.2453 -67.9491 -67.8767 -67.8038 -67.8115 -67.8608 -67.9646 -68.1346 -68.3420 -68.3116 -68.3327 -68.4226 -68.5844 -68.8347 -69.1780 -69.6016 -70.0048 -69.8107 -68.7250 -68.4491 -66.5581 -66.5510
-70.3483 -70.1707 -69.9598 -69.8597 -69.7561 -69.6514 -69.7632 -69.6847 -69.5670 -69.4568 -69.3364 -69.2093 -69.0744 -68.9317 -68.7894 -68.5929 -68.5417 -68.3933 -67.8820 -67.8314 -67.7879 -67.7503 -67.7976 -67.8899 -68.0354 -68.1348 -68.2019 -68.2178 -68.2917 -68.4328 -68.6320 -68.9039 -69.2437 -69.6068 -69.6702 -69.1626 -68.5687 -66.7354 -66.7510 -66.5784
-70.2019 -70.0242 -69.8141 -69.7091 -69.6016 -69.4941 -69.5818 -69.4997 -69.3340 -69.2588 -69.1360 -69.0089 -68.8751 -68.7423 -68.6102 -68.4356 -68.3584 -68.0914 -67.8233 -67.8084 -67.7950 -67.7971 -67.8838 -68.0131 -68.1003 -68.0721 -68.1276 -68.2375 -68.3574 -68.5309 -68.7506 -69.0242 -69.3377 -69.6326 -69.1924 -68.7394 -66.8943 -66.9180 -66.8654 -66.4994
-70.1114 -69.9242 -69.7084 -69.5677 -69.5189 -70.0811 0.0000 -75.0666 0.0000 0.0000 -78.6594 0.0000 0.0000 0.0000 0.0000 -69.1056 0.0000 0.0000 -73.8558 0.0000 -67.9107 -67.9224 -68.0385 -68.1166 -68.8393 -69.0427 -76.7377 0.0000 -69.6946 0.0000 0.0000 0.0000 0.0000 0.0000 0.0000 0.0000 -67.7352 0.0000 0.0000 0.0000
-70.5149 -70.3598 -72.3944 -72.6921 -73.0343 -73.8220 0.0000 -77.7164 0.0000 0.0000 -78.1936 0.0000 0.0000 0.0000 0.0000 -76.9342 0.0000 0.0000 -73.9836 0.0000 -68.6544 -68.7763 -68.9041 -68.9860 -69.1266 -70.1271 -76.6211 0.0000 -76.6788 0.0000 0.0000 0.0000 0.0000 0.0000 0.0000 0.0000 -74.9935 0.0000 0.0000 0.0000
-72.3911 -72.5452 -72.6254 -72.9154 -73.5285 -73.9226 -79.4714 -77.2938 -78.1159 -78.5899 -78.1548 0.0000 0.0000 -78.6111 0.0000 -76.3421 -77.6022 -77.9898 -74.1049 0.0000 -68.9835 -69.0215 -69.0956 -69.2178 -70.0590 -71.4458 -75.9478 0.0000 -76.3992 0.0000 0.0000 -76.8618 -77.2699 -78.5162 0.0000 0.0000 -75.1184 0.0000 0.0000 0.0000
-72.5917 -72.7342 -72.6553 -73.0319 -73.5931 -73.9779 -76.0535 -77.8560 0.0000 -73.8440 -73.6607 -73.7943 -73.8416 -73.9014 -74.1250 -74.1259 -75.0947 -75.9393 -73.4049 0.0000 -69.1993 -69.2107 -69.7431 -70.0502 -71.2846 -71.5505 -75.2865 -75.8620 -74.1226 -74.5816 -75.2333 -75.5599 -76.0149 -76.6738 -77.6265 -73.7709 -73.4300 -73.8575 -73.9422 -74.1537
-72.4169 -72.4662 -72.5816 -73.0323 -73.4141 -73.8400 -76.9070 -73.2815 -73.3236 -73.2722 -73.0702 -73.1619 -73.1630 -73.2448 -73.5279 -78.2553 0.0000 -75.2746 -74.3798 0.0000 -69.3945 -69.8099 -70.0763 -71.1740 -71.4703 -71.7743 -73.0431 -73.4460 -76.4898 0.0000 0.0000 -74.6606 -75.0542 -75.7535 0.0000 0.0000 -75.3090 -76.2368 -76.6963 -76.7905
-72.3283 -72.5075 -72.5803 -73.0435 -73.4829 -74.2185 0.0000 -72.9143 -72.8325 -72.7350 -72.6759 -72.7598 -77.7963 -79.6945 0.0000 -77.8538 0.0000 -73.3472 -74.4903 0.0000 -69.9605 -70.1255 -70.3899 -71.3292 -71.6091 -71.8910 -73.0572 -73.3879 -74.1832 0.0000 0.0000 0.0000 -73.2599 -73.8870 0.0000 0.0000 -73.7542 -78.9351 0.0000 -80.4266
