-80.3465 -80.2691 -79.9307 -79.8866 -79.2019 -79.1743 -79.1511 -79.1347 -79.1104 -79.0838 -79.0556 -79.0377 -79.0176 -79.0012 -78.9680 -78.9377 -78.9089 -78.8721 -78.8294 -78.7782 -78.6367 -78.6197 -78.6193 -78.5923 -78.5788 -78.3178 -78.3034 -78.2900 -78.2778 -78.2673 -78.3066 -78.3039 -78.3014 -78.2304 -78.3001 -78.3044 -78.3108 -78.1767 -78.1972 -78.3995
-79.3776 -79.3159 -79.0509 -79.0120 -79.2131 -79.1877 -79.1642 -79.1472 -79.1226 -79.0960 -79.0674 -79.0482 -79.0292 -79.0091 -78.9793 -78.9527 -78.9627 -78.9282 -78.8853 -78.8259 -78.7145 -78.7156 -78.7026 -78.6781 -78.4230 -78.4069 -78.3960 -78.3894 -78.4874 -78.4894 -78.6624 -78.7086 -78.5257 -78.5893 0.0000 0.0000 0.0000 0.0000 -78.3173 -78.5038
-79.4156 -79.2463 -79.3288 -79.5850 -79.6692 0.0000 0.0000 -79.2073 -79.1829 -79.1570 -79.1296 -79.1081 -79.0910 -79.0675 -79.0410 -79.0151 -78.9938 -78.9576 -78.9170 -78.9621 -78.8697 -78.8769 -78.8573 -78.8519 -78.5915 -78.5877 -78.5860 -78.5872 -78.5921 -78.7749 -78.7895 -81.2277 -82.4227 -85.0236 -89.0412 0.0000 0.0000 0.0000 0.0000 -78.6110
-79.7193 -82.2483 -83.7180 0.0000 0.0000 0.0000 0.0000 -79.2348 -79.2115 -79.1870 -79.1640 -79.2376 -79.2367 -79.2102 -79.1839 -79.1639 -79.1404 -79.1050 -79.0568 -78.9480 -78.9527 -78.9520 -78.9359 -78.9340 -78.6748 -78.6752 -78.6780 -78.6837 -80.3121 -81.3125 -81.8728 -82.4618 -83.7287 -85.9712 -88.3248 0.0000 0.0000 0.0000 0.0000 -78.7205
-82.8932 -83.7606 -90.0871 0.0000 0.0000 0.0000 0.0000 -79.5873 -79.4391 -79.4328 -79.4341 -79.2903 -79.2723 -79.2471 -79.2275 -79.2119 -79.1865 -79.1434 -79.1094 -79.0164 -79.0256 -79.0267 -79.0137 -79.0148 -78.7563 -78.7600 -80.8882 -81.0836 -81.7040 -82.1787 -82.8665 -83.2822 -84.1877 -85.9828 -87.7881 -89.1461 0.0000 0.0000 0.0000 0.0000
-83.6798 -84.7458 -88.2139 0.0000 0.0000 -79.7282 -79.6842 -79.5204 -79.5119 -79.5054 -79.3634 -79.3386 -79.3145 -79.2930 -79.2775 -79.2654 -79.2371 -79.1964 -79.0894 -79.0971 -79.0987 -79.1013 -79.0906 -80.5793 -80.9768 -81.1303 -81.3611 -81.9581 -82.3519 -82.8699 -83.0601 -83.7177 -85.1073 -85.8974 -87.4314 -88.6712 0.0000 0.0000 0.0000 0.0000
-82.6517 -83.4024 -83.4815 -79.7934 -79.8131 -79.7751 -79.7415 -79.5865 -79.5781 -79.4376 -79.4151 -79.3911 -79.3607 -79.3450 -79.3331 -79.3188 -79.2814 -79.2539 -79.1599 -79.1708 -79.1954 -81.4192 -81.4962 -81.1837 -81.3443 -81.5592 -81.8245 -82.4408 -82.8583 -82.9295 -83.4283 -84.4195 -85.1400 -85.8012 -87.2187 -88.3074 -89.5092 0.0000 0.0000 0.0000
-79.4776 -79.7849 -79.8188 -79.8314 -79.8616 -79.8292 -79.7789 -79.6496 -79.5096 -79.4887 -79.4672 -79.4393 -79.4090 -79.3958 -79.3860 -79.3673 -79.3308 -79.2244 -80.7100 -81.4902 -81.5643 -81.6561 -81.8040 -81.4996 -81.6962 -81.9293 -82.4966 -82.8437 -83.1901 -83.2293 -83.6401 -84.5917 -85.1478 -85.5892 -87.0733 -88.0118 -88.9396 0.0000 0.0000 0.0000
-79.8627 -79.8965 -79.9294 -79.9403 -79.8684 -79.8657 -79.8144 -79.5727 -79.5538 -79.5336 -79.5117 -79.4844 -79.4573 -79.4418 -79.4342 -79.4650 -80.9670 -81.5235 -81.6055 -81.7010 -81.8232 -81.9474 -82.1193 -81.8006 -82.0062 -82.5329 -82.8277 -83.1203 -83.0758 -83.4133 -84.1949 -84.5225 -84.7963 -85.1868 -86.5720 -87.4517 -88.4061 -89.4644 0.0000 0.0000
-79.9858 -80.0032 -80.0424 -80.0653 -80.0693 -81.7085 0.0000 -79.7636 -79.7565 0.0000 -79.5610 -79.5336 -79.5093 -81.0097 -81.7756 -81.7573 -81.7796 -81.7286 -81.8282 -81.9484 -82.0887 -82.2252 -82.4067 -82.0650 -82.2710 -82.8118 -83.0478 -83.3064 -83.2448 -83.5146 -83.9847 -84.1770 -84.4524 -84.8442 -86.1311 -86.9786 -87.9435 -88.9716 0.0000 0.0000
-80.0523 -80.0798 -80.1257 -84.4774 -85.5305 -87.3224 0.0000 0.0000 -87.0883 0.0000 -81.1180 -81.1605 -81.8553 -81.8717 -81.8796 -81.9147 -81.8269 -81.9423 -82.0567 -82.1878 -82.3129 -82.4768 -82.6609 -82.2935 -82.7872 -82.9909 -83.2138 -83.1150 -83.1980 -83.5635 -83.7034 -83.9091 -84.1997 -84.6049 -85.8321 -86.6457 -87.5559 -88.5165 -89.4912 0.0000
-82.7892 -83.4276 -83.9900 -84.5255 -86.0088 -87.7026 0.0000 0.0000 0.0000 0.0000 0.0000 -82.0942 -82.1233 -82.0294 -82.0420 -82.0921 -82.0450 -82.1517 -82.2732 -82.4091 -82.5358 -82.7007 -82.3170 -82.7664 -82.9473 -83.1431 -82.9233 -82.9466 -82.9964 -83.3443 -83.5074 -83.7389 -84.0533 -84.4738 -85.6571 -86.4123 -87.2131 -88.0529 -89.0177 0.0000
-83.3744 -83.8423 -84.2433 -85.3316 -86.3641 -90.3293 0.0000 0.0000 0.0000 0.0000 0.0000 0.0000 0.0000 -82.4658 -82.5305 -82.4922 0.0000 0.0000 -82.4735 -82.6108 -82.7339 -82.8841 -82.4647 -82.9147 -83.0654 -83.0559 -82.7499 -82.7873 -83.0809 -83.2082 -83.4021 -83.6611 -83.9927 -84.4023 -85.5135 -86.1981 -86.8939 -87.7057 -88.4283 -89.5199
-83.8353 -84.1331 -85.0430 -85.8243 -86.7914 -87.7096 -88.2436 -88.4668 0.0000 0.0000 0.0000 0.0000 0.0000 -82.6476 -85.2281 -87.2361 -89.1204 0.0000 0.0000 0.0000 -82.8949 -83.0439 -82.8845 -82.9085 -82.8956 -82.5981 -82.6290 -82.6890 -82.9921 -83.1505 -83.3618 -83.6259 -83.9453 -84.3300 -85.3509 -85.9035 -86.2772 -86.7407 -87.4891 -88.8282
-84.0981 -84.8294 -85.4921 -86.2294 -87.2609 -87.4142 -87.5776 -88.0395 -88.2160 -88.4012 0.0000 0.0000 -84.4474 -85.2393 -85.9943 -86.7917 -88.1075 -89.0410 -89.9450 -90.9533 0.0000 -83.5548 -83.5535 0.0000 0.0000 -82.1591 -82.1994 -82.4347 -82.5454 -82.6969 -82.8922 -83.1195 -83.3772 -84.0616 -84.2229 -84.2857 -84.3396 -84.2788 -84.3120 -84.2390
-84.7223 -85.2276 -85.8568 -86.5286 -86.9834 -87.1154 -87.2513 -87.3811 -87.6788 -87.8298 -87.6774 -86.1716 -85.2729 -85.4846 -86.0037 -86.9791 -87.5430 -88.2231 -89.0246 -89.5231 -83.9932 -84.3560 -86.7000 0.0000 0.0000 0.0000 0.0000 -82.4785 -82.6142 -82.7841 -82.9895 -83.2028 -83.2825 -83.6428 -83.6211 -83.5593 -83.4306 -83.1739 -82.5802 -80.0415
-85.0114 -85.2889 -85.8396 -86.2315 -86.3653 -86.4740 -85.4877 -85.5008 -85.5227 -85.5421 -85.5676 -85.1591 -85.0954 -85.6378 -85.7770 -86.3781 -86.8180 -87.3686 -87.2335 -84.4336 -84.5806 -85.7143 0.0000 0.0000 0.0000 0.0000 0.0000 0.0000 0.0000 -83.1851 -83.3810 -83.3921 -83.3322 -83.6211 -83.5005 -83.3010 -82.9771 -82.3849 -80.2609 -80.2986
-84.9770 -85.0226 -85.1118 -85.1575 -85.1720 -85.1870 -85.2033 -85.1883 -85.1999 -85.2035 -84.8505 -84.8127 -85.1189 -85.0895 -85.7492 -86.0607 -85.9495 -86.4399 -84.3684 -84.6359 -84.7210 -86.0549 0.0000 0.0000 0.0000 0.0000 0.0000 0.0000 0.0000 -83.2167 -83.1554 -83.0738 -82.9695 -83.1455 -82.8564 -82.5676 -82.2784 -80.3135 -80.3553 -80.3944
-84.8329 -84.8666 -84.9381 -84.9467 -84.9566 -84.9713 -84.9641 -84.9569 -84.8933 -84.8519 -84.5479 -84.8491 -85.0286 -85.1064 -85.2132 -85.4703 -85.8495 -84.3033 -84.5434 -84.7660 -86.7592 0.0000 0.0000 0.0000 0.0000 0.0000 0.0000 0.0000 0.0000 -82.9693 -82.7989 -82.6801 -82.5316 -82.6247 -82.3908 -80.3112 -80.3656 -80.4089 -80.4848 -80.5240
-84.7065 -84.7298 -84.7716 -84.7815 -84.7983 -84.7530 -84.7464 -84.7283 -84.6780 -84.3926 -84.3887 -84.7958 -84.5849 -84.8385 -85.1867 -85.4568 -84.3055 -84.4581 -84.6445 -86.3494 -86.4787 0.0000 0.0000 0.0000 0.0000 0.0000 0.0000 0.0000 -83.4243 -82.6502 -82.5301 -82.3827 -82.2109 -82.3057 -80.3537 -80.4402 -80.4907 -80.5321 -80.5737 -80.5332
-84.6015 -84.5572 -84.6025 -84.6230 -84.6561 -84.6495 -84.6012 -84.5613 -84.2941 -84.3207 -84.6512 -84.5846 -84.9720 -84.9830 -85.1822 -84.2652 -84.3558 -84.5167 -85.8544 -86.1196 -86.0948 -87.8012 -88.3580 0.0000 0.0000 0.0000 0.0000 0.0000 -83.0557 -82.4200 -82.2851 -82.1805 -82.0741 -80.4182 -80.4749 -80.5318 -80.5783 -80.6197 -80.6611 -80.6195
-84.4684 -84.4824 -84.5445 -84.5834 -84.5580 -84.5184 -84.4891 -84.2303 -84.2575 -84.3695 -84.6885 -84.6504 -84.7987 -84.8587 -85.0722 -84.2707 -84.4035 -85.1943 -85.4599 -85.4589 -85.0784 -86.7127 -87.1473 -87.7225 -88.6233 0.0000 0.0000 -83.2813 -82.7986 -82.2598 -82.1377 -80.2436 -80.2892 -80.5095 -80.5658 -80.6224 -80.6647 -80.5665 -80.4659 -80.2180
-84.4317 -84.4665 -84.4992 -84.4967 -84.4611 -84.4328 -84.1789 -84.0560 -84.3364 -84.5916 -84.5510 -84.5734 -84.7673 -84.6834 -84.2068 -84.3076 -84.4335 -84.7553 -84.8467 -84.7919 -85.2068 -85.5918 -85.8273 -86.1035 -86.4832 -86.3384 -86.9430 -82.8231 -82.5668 -82.1231 -80.2890 -80.3320 -80.3774 -80.5961 -80.5972 -80.5945 -80.5762 -80.5589 -80.4782 -80.2407
-84.3998 -84.3911 -84.4258 -84.4069 -84.3861 -84.0170 -84.0301 -84.2145 -84.3794 -84.3489 -84.2882 -84.4597 -84.3541 -84.1450 -84.0078 -83.8198 -83.8986 -83.9339 -83.9468 -84.0424 -84.0356 -84.1768 -84.2246 -84.2433 -84.2436 -83.3523 -83.0533 -81.0129 -80.8823 -80.3342 -80.3763 -80.4195 -80.4458 -80.6179 -80.6194 -80.6146 -80.6005 -80.5396 -80.3061 -80.2780
-84.3266 -84.3350 -84.3759 -84.2468 -84.1320 -83.8925 -83.8974 -83.9510 -83.8787 -83.8106 -83.9400 -83.8251 -83.6176 -83.5610 -83.5190 -83.4723 -83.4604 -83.4556 -83.4241 -83.4020 -83.4093 -83.3976 -81.5948 -81.3773 -81.3524 -81.2571 -81.1809 -80.6203 -80.5745 -80.4203 -80.4626 -80.4790 -80.4783 -80.6524 -80.6575 -80.6503 -80.6083 -80.5784 -80.3515 -80.3268
-84.0518 -83.9842 -84.0043 -84.1218 -83.8609 -83.7919 -83.8353 -83.7527 -83.8593 -83.6872 -83.5860 -83.3707 -83.2848 -83.2171 -83.2054 -83.1696 -83.1415 -81.5127 -81.5616 -81.4421 -81.4846 -81.3696 -81.3660 -81.3541 -81.3343 -81.2427 -80.6815 -80.6741 -80.4611 -80.5040 -80.5223 -80.5227 -80.5238 -80.7000 -80.7064 -80.6963 -80.6542 -80.4289 -80.4054 -80.3832
-84.0030 -84.0006 -84.0568 -83.7762 -83.5381 -83.6696 -83.6045 -83.6710 -83.5680 -83.4634 -83.2498 -83.1629 -81.5506 -81.5061 -81.4671 -81.4593 -81.4601 -81.4716 -81.4947 -81.1832 -81.3545 -81.3626 -81.3596 -81.3509 -81.3102 -80.8911 -80.7502 -80.7475 -80.5469 -80.5712 -80.5732 -80.5757 -80.5774 -80.7555 -80.7581 -80.7329 -80.7063 -80.4859 -80.4647 -80.4447
-83.9705 -83.8902 -83.6455 -83.4812 -83.6056 -83.5409 -83.6096 -81.9263 -81.8062 -81.6577 -81.5901 -81.5324 -81.4832 -81.4800 -81.4680 -81.4649 -81.4644 -81.5643 -81.3788 -81.3336 -81.3694 -81.3729 -81.3719 -81.3664 -80.9644 -80.9573 -80.8243 -80.8154 -80.6258 -80.6287 -80.6315 -80.6349 -80.6376 -80.8168 -80.8152 -80.7878 -80.5681 -80.5468 -80.5314 -80.4687
-83.8577 -83.5150 -81.9700 -81.8783 -82.0643 -82.0012 -81.9191 -81.8346 -81.7054 -81.6432 -81.5847 -81.5325 -81.5143 -81.4909 -81.4846 -81.4740 -81.3895 -81.4728 -81.3921 -81.3694 -81.3946 -81.3966 -81.0025 -81.0320 -81.0322 -80.8968 -80.8989 -80.8924 -80.6866 -80.6902 -80.6939 -80.6980 -80.7014 -80.8815 -80.8700 -80.8491 -80.5870 -80.5677 -80.5506 -80.5343
-82.0090 -81.9531 -81.9148 -82.1147 -82.0490 -81.9709 -81.8943 -81.7525 -81.7060 -81.6476 -81.5937 -81.5701 -81.5364 -81.5161 -81.4130 -81.4086 -81.5141 -81.4909 -81.4153 -81.4092 -81.4325 -81.0493 -81.0812 -81.1101 -81.1047 -80.9676 -80.9738 -80.9578 -80.7503 -80.7545 -80.7587 -80.7632 -80.7243 -80.8990 -80.8839 -80.6738 -80.6508 -80.6334 -80.6179 -80.6028
-82.0122 -81.9550 -82.1677 -82.1085 -82.0451 -81.9614 -81.8218 -81.7620 -81.7186 -81.6638 -81.6361 -81.5978 -81.5690 -81.4519 -81.4413 -81.4449 -81.5453 -81.5050 -81.4504 -81.4581 -81.1017 -81.1292 -81.1599 -81.1881 -81.1805 -81.0443 -81.0486 -81.0176 -80.8156 -80.7763 -80.7793 -80.7874 -80.7918 -80.9620 -80.9439 -80.7342 -80.7164 -80.7006 -80.6864 -80.6731
-82.0232 -82.2135 -82.1747 -82.1132 -82.0345 -81.8967 -81.8385 -81.7956 -81.7404 -81.7095 -81.6673 -81.5475 -81.5101 -81.4838 -81.4777 -81.5924 -81.5841 -81.5397 -80.8966 -81.1419 -81.1836 -81.2087 -81.2384 -81.2659 -81.1289 -81.1262 -81.0694 -81.0322 -80.8367 -80.8450 -80.8500 -80.8553 -80.8603 -81.0264 -81.0054 -80.7995 -80.7833 -80.7694 -80.7568 -80.7451
-82.1528 -82.2281 -82.1859 -82.1204 -81.9754 -81.9188 -81.8620 -81.8213 -81.7689 -81.6676 -81.6166 -81.5764 -81.5456 -81.5269 -81.5263 -81.6349 -81.6288 -81.1912 -81.1921 -81.2260 -81.2645 -81.2879 -81.2733 -81.2948 -81.1590 -81.1558 -81.1247 -81.0992 -80.9074 -80.9128 -80.9183 -80.9243 -80.9253 -81.0903 -80.8828 -80.8663 -80.8522 -80.8400 -80.8289 -80.9135
-82.3038 -82.2443 -82.1988 -82.0567 -82.0014 -81.9457 -81.9052 -81.8039 -81.7452 -81.6924 -81.6479 -81.6127 -81.5869 -81.5742 -81.5780 -81.6825 -81.2887 -81.2655 -81.2746 -81.2651 -81.2973 -81.3185 -81.3458 -81.3696 -81.2429 -81.2211 -81.1882 -81.1629 -80.9756 -80.9816 -80.9878 -80.9944 -80.9910 -81.1540 -80.9504 -80.9380 -81.0143 -81.0050 -80.9986 -80.9813
-82.3233 -82.2613 -82.1464 -82.0855 -82.0293 -81.9746 -81.8871 -81.8274 -81.7722 -81.7238 -81.6842 -81.6542 -81.6367 -81.6331 -81.3489 -81.3477 -81.3217 -81.2939 -81.3104 -81.3428 -81.3761 -81.3962 -81.4267 -81.3232 -81.3063 -81.2841 -81.2531 -81.2307 -81.0459 -81.0517 -81.0584 -81.0681 -81.3258 -81.1258 -81.1115 -81.0996 -81.0897 -81.0834 -81.0760 -81.0599
-82.3432 -82.2098 -82.1688 -82.1152 -82.0194 -81.9719 -81.9117 -81.8548 -81.8033 -81.7597 -81.7254 -81.7010 -81.6921 -81.2438 -81.3613 -81.3786 -81.3820 -81.3687 -81.3916 -81.4229 -81.4584 -81.4776 -81.5039 -81.3903 -81.3705 -81.3497 -81.3203 -81.1139 -81.2038 -81.2113 -81.2194 -81.2239 -81.3967 -81.1968 -81.1845 -81.1744 -81.1661 -81.1612 -81.1549 -81.1400
-82.2930 -82.2424 -82.1656 -82.1044 -82.0432 -81.9973 -81.9394 -81.8857 -81.8387 -81.7570 -81.7235 -81.7094 -81.2940 -81.4210 -81.4375 -81.4549 -81.4536 -81.2356 -81.4759 -81.5063 -81.5368 -81.5554 -81.5773 -81.4562 -81.5249 -81.5062 -81.4791 -81.2707 -81.2786 -81.2868 -81.2957 -81.2945 -81.2820 -81.2691 -81.2585 -81.2500 -81.2450 -81.2394 -81.2304 -81.2165
-82.2968 -82.2384 -82.1897 -82.1293 -82.0838 -82.0254 -81.9231 -81.8718 -81.8298 -81.7972 -81.3450 -81.3469 -81.3744 -81.4968 -81.5135 -81.5346 -81.5293 -81.5346 -81.5563 -81.5870 -81.7032 -81.7230 -81.6087 -81.6103 -81.5935 -81.5761 -81.5508 -81.3458 -81.3543 -81.3632 -81.3720 -81.3668 -81.3535 -81.3422 -81.3333 -81.3243 -81.3184 -81.3139 -81.3098 -81.2970
-82.3217 -82.2637 -82.2155 -82.1080 -82.0626 -82.0069 -81.9553 -81.9103 -81.8740 -81.3889 -81.4032 -81.4277 -81.5569 -81.5762 -81.5931 -81.6120 -81.6857 -81.6972 -81.7228 -81.7532 -81.7838 -81.7894 -81.6763 -81.6789 -81.6633 -81.6386 -81.6237 -81.4214 -81.4306 -81.4401 -81.4440 -81.3131 -81.4267 -81.4123 -81.4065 -81.4006 -81.3960 -81.3924 -81.8938 -81.9309
-82.2989 -82.2399 -82.1926 -82.1493 -82.0933 -82.0406 -81.9933 -81.9536 -81.4547 -81.4632 -81.4825 -81.5116 -81.7162 -81.7335 -81.7519 -81.7608 -81.7611 -81.7780 -81.8048 -81.8348 -81.8575 -81.8543 -81.7481 -81.7486 -81.7341 -81.7108 -81.6974 -81.4975 -81.5072 -81.5172 -81.5162 -81.3852 -81.4973 -81.4899 -81.4824 -81.4931 -81.9153 -81.9498 -81.9740 -82.1384
