-77.0005 -76.8241 -77.0574 -76.5909 -77.4789 -78.0410 0.0000 -72.3533 -74.9928 -75.1684 -75.2168 -75.2250 -72.1768 -72.6038 -72.6900 -72.3628 -72.3505 -72.0450 -72.2290 -72.2002 -72.0965 -72.4378 -72.4765 -72.7482 -73.0498 -73.6203 -73.8247 -74.1402 -75.5240 -78.0374 -80.9626 -76.7918 -77.5590 -79.1799 -74.7126 -74.4660 -75.4466 -77.1139 -78.0243 -72.9677
-75.8734 -76.1389 -76.3783 -76.4649 -76.5265 -76.5429 -75.2938 -74.5296 -71.8361 -72.1149 -72.1495 -72.1403 -72.4316 -72.4394 -72.2293 -72.2710 -72.1234 -72.0250 -72.2696 -72.3017 -72.1418 -72.4581 -72.7081 -73.0559 -73.3144 -73.8674 -74.2309 -74.4472 -74.3035 -75.1974 -75.9364 -76.3935 -77.1020 -78.2185 -72.2701 -74.7760 -75.6130 -72.7499 -72.8167 -72.6640
-77.4914 -77.9480 -78.9230 -79.7199 -80.5523 0.0000 0.0000 -71.9875 -72.0861 -76.0287 0.0000 -77.2624 0.0000 0.0000 0.0000 -72.3283 -72.1787 -72.1837 -72.3087 -72.3278 -72.3334 -72.7126 -73.0228 -73.5006 -79.2343 0.0000 -74.3792 -74.5425 -74.4064 -75.2395 -76.0473 -76.5988 -77.2544 -75.3436 -72.6098 -72.5254 -72.6811 -72.8664 -72.7521 -72.6487
-77.0619 -77.5175 -78.5218 -79.3310 -80.6735 0.0000 0.0000 -75.6729 -76.2836 -80.1186 0.0000 -80.6901 0.0000 0.0000 0.0000 -72.3629 -72.2788 -72.2794 -72.5381 -72.5875 -72.6053 -73.0848 -73.6183 -77.2156 -78.7882 0.0000 -74.3729 -74.6118 -74.5769 -76.4629 0.0000 -77.0244 0.0000 0.0000 -72.5303 -72.5341 -72.7187 -72.7297 -72.7764 -72.4435
-75.4701 -76.0435 -76.5830 -77.2532 -78.2366 -79.3392 0.0000 -77.0678 -80.9143 0.0000 -78.7763 -78.2298 -78.5253 -78.4671 -72.7312 -72.4143 -72.5269 0.0000 0.0000 -72.8704 -72.9722 -73.5603 -76.2389 -77.3171 -78.6914 0.0000 -74.4725 -74.7604 -75.5763 -80.1695 0.0000 -77.3374 0.0000 0.0000 -72.7641 -72.8546 -72.9712 -73.1185 -81.0928 -72.2721
-75.1074 -75.8307 -76.3758 -77.0847 -77.9364 -80.8190 0.0000 -79.1058 -80.6751 0.0000 -78.2037 -72.9749 -72.8878 -72.8880 -72.6449 -76.1717 -80.2230 0.0000 0.0000 -73.3853 -73.4132 -75.8478 -76.7693 -77.6486 -78.6070 -81.3228 -74.6645 -75.8304 -75.8289 -79.9639 0.0000 -77.6621 -73.8139 -73.1154 -72.9363 -73.0613 -76.5174 -78.1402 -80.5410 0.0000
-75.0401 -75.6308 -76.3208 -78.4945 -79.5379 0.0000 0.0000 -77.4052 -77.6337 -78.5797 -72.9964 -77.3104 0.0000 0.0000 -76.4535 -77.2778 -80.1522 0.0000 0.0000 -73.6880 -75.4647 -76.4710 -77.2293 -78.1241 -74.6013 -75.2509 -75.6296 -76.0246 -76.7280 -73.7738 -73.9261 -73.2733 -77.1811 0.0000 0.0000 -75.7230 -77.1429 -78.7229 -80.0799 0.0000
-74.9375 -75.6373 -77.1787 -78.1685 -79.1451 0.0000 0.0000 -75.9646 -72.9079 -77.2550 -77.4466 -81.6348 0.0000 0.0000 0.0000 0.0000 -79.5638 -81.3505 -82.6758 -75.8377 -75.9288 -76.8702 -77.5804 -74.4558 -78.3538 0.0000 0.0000 -73.6337 -75.6799 -77.0513 -73.3312 -79.5956 0.0000 0.0000 -76.2407 0.0000 0.0000 -78.5711 0.0000 0.0000
-75.1460 -76.2858 -76.8854 -77.5507 -78.5202 -79.6046 -81.2618 -75.8811 -76.7740 -77.1642 -79.2213 -80.0041 -81.6946 -82.9137 -82.6223 -79.3268 -80.3013 0.0000 -76.0121 -76.0114 -76.1352 -74.1899 -74.4073 -77.8909 -79.8388 0.0000 0.0000 -76.2903 -72.7751 -76.2444 -77.2628 -78.3989 -79.6249 -80.7666 -75.8484 -79.5751 -80.6085 -80.0713 0.0000 0.0000
-75.5448 -76.0113 -76.5377 -77.0880 -78.1755 -75.5726 -75.7694 -76.1811 -76.3618 -78.2042 -78.7098 -78.7452 -79.6437 -79.8081 -79.9090 -78.9328 -80.1374 0.0000 -75.7820 -75.8002 -73.7403 -74.0836 -76.9948 -77.0145 -77.2064 -77.8665 -73.0897 -72.8888 -75.3324 -75.8807 -77.0832 -77.2275 -77.9965 -78.5676 -75.3798 -76.8469 -77.2004 -77.2955 -78.3489 -78.4529
-76.3433 -76.0705 -76.5617 -75.2531 -75.3919 -75.6860 -76.1120 -75.9894 -77.3121 -77.9350 -78.2369 -78.3088 -78.3721 -78.3150 -78.2957 -77.6370 -77.6946 -76.1564 -73.9907 -73.9542 -75.9401 -76.6275 -76.8948 -76.9107 -73.0007 -73.0465 -76.1264 -75.5051 -75.0575 -75.5926 -75.7164 -75.6408 -75.5793 -75.4470 -75.3098 -75.3388 -75.2575 -74.9973 -75.0120 -74.7952
-76.6323 -75.0051 -75.1757 -75.3370 -75.6031 -75.9427 -75.9758 -76.1635 -76.1501 -76.5859 -76.6477 -76.7898 -76.7929 -76.7724 -76.6971 -76.2149 -74.1749 -74.0336 -74.1034 -75.4895 -75.1893 -75.4441 -75.3279 -72.9511 -73.0678 -75.3269 -75.4445 -75.0600 -74.6908 -75.1640 -75.2669 -75.2179 -75.1420 -75.0010 -74.9751 -74.9500 -74.8610 -74.6539 -74.6611 -74.4916
-75.8530 -75.7364 -75.3028 -75.5599 -75.8514 -75.9648 -76.0322 -75.9022 -75.9810 -76.1457 -76.3964 -76.5404 -76.5550 -76.5337 -76.3437 -74.2762 -74.3215 -74.1995 -75.6537 -75.4236 -75.1282 -73.0081 -73.0385 -75.1858 -75.2454 -75.2153 -75.3068 -74.9703 -74.7120 -75.0176 -75.1042 -75.0433 -74.9563 -74.8497 -74.8442 -74.7887 -74.6906 -74.4979 -74.4623 -74.2481
-76.0607 -76.0575 -76.0699 -75.7569 -75.8753 -75.9473 -75.9207 -75.8135 -75.8281 -76.0329 -76.0764 -76.4012 -76.4104 -74.4589 -74.4608 -74.4437 -75.7771 -75.6411 -75.2832 -73.0900 -72.9438 -75.1649 -75.1275 -75.0883 -75.1436 -75.1137 -75.1881 -75.0280 -74.6170 -74.9042 -74.9744 -74.9014 -74.8151 -74.6169 -74.6849 -74.6171 -74.5101 -74.3241 -74.3089 -73.9398
-76.3130 -76.3609 -76.4130 -75.7696 -75.8122 -75.7866 -75.8147 -75.7294 -75.7353 -75.7723 -75.9781 -76.0028 -74.3721 -74.5833 -74.6219 -75.9539 -75.7118 -75.5283 -73.2136 -73.2074 -74.8837 -75.0747 -75.0358 -74.9972 -75.0501 -75.0215 -75.1133 -74.9249 -74.5235 -74.7946 -74.8460 -74.7712 -74.6873 -74.5050 -74.5539 -74.4733 -74.3662 -74.1933 -74.1802 -73.8388
-76.5614 -76.6378 -76.4941 -76.3227 -75.6970 -75.6890 -75.7158 -75.6459 -75.6456 -75.6919 -74.2254 -74.3509 -74.4944 -74.5777 -76.0665 -75.6783 -73.3632 -73.4381 -75.2074 -75.1333 -74.8205 -74.9967 -74.9531 -74.9940 -74.9653 -74.9372 -75.0038 -74.8246 -74.4324 -74.6900 -74.6069 -74.6524 -74.5698 -74.4897 -74.4313 -74.3404 -74.2263 -74.0786 -74.0553 -73.7424
-77.3766 -77.5480 -77.7243 -77.9243 -80.1600 0.0000 0.0000 -79.1469 0.0000 0.0000 -75.3258 -75.0081 -80.8720 0.0000 -74.2406 -73.9492 -80.0167 0.0000 -75.6632 -75.4618 -75.1551 -75.3669 -75.3366 -75.2884 -75.4035 -75.5600 -77.8858 -78.2870 -78.6428 0.0000 0.0000 0.0000 -81.8043 0.0000 0.0000 0.0000 0.0000 0.0000 0.0000 0.0000
-77.6578 -77.9720 -78.1165 -78.4684 -82.1985 0.0000 0.0000 -80.1259 0.0000 0.0000 -78.3849 -80.1328 -80.6060 0.0000 0.0000 0.0000 -81.3569 0.0000 0.0000 -77.2032 -76.8002 -77.3734 -78.2423 -79.5288 -81.3711 0.0000 0.0000 0.0000 -80.6776 0.0000 0.0000 0.0000 -77.9373 -78.9335 -78.8437 -78.7502 -78.6560 -78.5543 -75.1671 -76.3677
-77.5923 -77.8000 -78.0092 -78.3445 -78.6064 -80.0276 -80.2011 -80.0977 -81.3526 -78.8329 -79.6322 -80.0245 -81.1173 0.0000 0.0000 0.0000 0.0000 0.0000 -79.0125 -78.1850 -77.9696 -78.7018 -79.3220 -80.4029 -80.6194 -82.4730 -83.4782 -85.4227 -80.7028 0.0000 0.0000 0.0000 -77.5658 -75.5676 -78.0238 -77.4772 -77.5444 -77.6843 0.0000 -77.3157
-77.4953 -77.4045 -77.7121 -78.0148 -78.3096 -78.8042 -79.5756 -81.3262 0.0000 -78.4874 -79.4614 -79.7255 -80.3599 -82.7976 -83.7194 -81.0146 0.0000 0.0000 -79.4627 -78.7821 -78.5436 -79.2625 -79.1836 -80.0144 -80.0257 -80.5459 -81.3360 -81.1212 -79.0274 -81.1601 -78.2451 -78.2228 -77.4012 -77.6345 -77.9127 -79.1315 -80.8201 -83.0646 0.0000 0.0000
-77.2835 -77.3913 -77.4676 -77.8365 -80.9975 0.0000 0.0000 -79.9076 -82.1640 -79.2541 -78.3527 -79.4531 -79.8585 -81.4442 -81.2885 -82.4460 0.0000 0.0000 -79.4743 -79.0374 -78.4918 -78.9981 -79.2808 -79.3027 -79.2343 -77.8449 0.0000 -78.1572 -76.6502 -77.7897 -78.0314 -77.9303 -77.8420 -79.1639 -79.9921 -80.8465 -81.9883 -84.1451 0.0000 0.0000
-77.1650 -77.3068 -79.1341 -79.8927 -81.1529 0.0000 0.0000 -78.1532 -79.0515 -79.0268 -78.9087 -78.8272 -79.2875 -80.2754 -80.5219 -79.9285 -80.8067 -79.3542 -78.9155 -78.5188 -78.0817 -79.3484 -79.4889 -80.2830 -81.2893 -83.1990 0.0000 -77.9386 -77.0559 -77.9618 -78.5986 -79.0417 -79.3265 -79.8931 -80.7837 -81.5511 -82.4925 -83.4161 0.0000 0.0000
-77.1529 -79.7329 -79.9942 -79.9495 -79.8837 -81.5765 -81.5296 -77.8308 -78.4223 -78.3971 -78.4992 -78.6470 -78.6875 -79.2983 -79.2364 -79.4405 -79.3953 -79.0195 -78.6606 -78.3082 -78.2587 -78.8111 -78.8895 -79.1666 -79.2969 -79.6468 -80.9884 -78.2859 -77.8397 -79.0651 -79.4652 -79.1698 -79.6521 -80.0551 -78.0548 -78.1510 -78.1562 -78.2039 -78.5382 -77.6820
-79.9466 -79.9081 -79.7262 -79.6695 -77.6306 -77.6549 -78.1471 -77.4986 -78.0265 -78.2107 -78.4181 -78.6942 -78.5695 -78.8290 -79.1465 -78.4869 -78.7535 -78.6340 -78.3308 -78.0138 -77.9188 -78.3805 -78.3990 -78.5854 -78.2570 -78.4922 -79.1309 -78.5711 -77.6948 -78.5247 -76.8618 -76.8609 -76.7868 -76.6796 -76.6379 -76.6303 -76.6020 -76.4964 -76.5205 -75.8608
-80.9343 -81.4198 -81.9699 -83.2180 0.0000 0.0000 0.0000 0.0000 -78.1605 -78.4226 -78.7725 -79.1459 0.0000 -77.9384 -77.1703 -77.0990 -77.2202 -76.9659 -76.9382 -76.9467 -76.5920 -76.6811 -76.7812 -76.9691 -76.9598 -76.9091 -77.1891 -76.8005 -76.3651 -77.0289 0.0000 0.0000 -76.8461 0.0000 0.0000 0.0000 0.0000 -76.2227 -76.2130 -75.6748
-80.6696 -81.1877 -81.7745 -83.0342 0.0000 -83.8860 -84.9594 -78.3137 -78.2219 -78.5547 -78.8978 -80.7961 0.0000 0.0000 -78.8934 -79.7143 -80.7468 -82.0546 0.0000 -78.4848 -78.0286 -78.6684 -78.9979 -79.0958 -79.2350 -79.4372 -80.2938 -80.2303 -79.8616 -82.1640 0.0000 0.0000 -82.5051 0.0000 0.0000 0.0000 0.0000 -81.4803 0.0000 0.0000
-80.5280 -81.0680 -81.6522 -82.8817 0.0000 -81.8183 -78.3914 -78.4433 -78.3576 0.0000 0.0000 -80.8441 -85.0247 -81.2853 -80.3203 -80.2875 0.0000 -81.4007 0.0000 -79.2499 -78.7903 -79.3850 -79.6912 -79.7736 -80.3103 0.0000 0.0000 -80.6259 -80.1283 -82.2558 0.0000 0.0000 -80.1270 -81.1226 -82.8575 -83.0963 -81.5322 -82.7462 0.0000 0.0000
-80.5191 -81.0538 -81.6138 -82.7809 0.0000 -78.3042 -78.6403 -78.5960 -79.5809 -84.6873 0.0000 -80.4243 -82.1061 -81.3390 -80.7714 -82.5005 0.0000 0.0000 0.0000 -79.6905 -78.0521 -78.4570 -78.5762 -78.7520 -78.8736 -80.0500 -78.8854 -78.7956 -77.9267 -78.9520 -79.5886 -79.6763 -79.5380 -79.9773 -80.4507 -81.0540 -81.3525 -82.3868 0.0000 0.0000
-80.6037 -81.1117 -81.6278 0.0000 0.0000 -78.5633 -78.4791 -79.9441 -79.6752 -84.0276 0.0000 -80.3857 -80.4106 -80.2215 -80.2124 -80.9734 -83.5484 -84.3521 -82.2752 -79.9866 -79.4955 -80.3748 -80.9934 -81.7117 -82.4723 0.0000 0.0000 0.0000 0.0000 0.0000 0.0000 0.0000 -83.5917 0.0000 0.0000 0.0000 0.0000 0.0000 0.0000 0.0000
-80.2621 -80.4092 -80.3971 -80.7239 -81.5076 -78.3375 -79.4190 -79.6826 -80.1797 -80.9735 -80.9884 -79.5643 -79.7583 -79.7238 -80.4565 -80.2759 -80.5544 -81.1450 -80.5493 -79.4818 -79.2445 -80.1000 -80.8725 -81.4278 -82.2897 0.0000 0.0000 0.0000 0.0000 0.0000 0.0000 0.0000 -84.0185 0.0000 0.0000 0.0000 0.0000 0.0000 0.0000 0.0000
-79.8697 -79.8886 -80.1443 -80.0958 -78.0050 -78.9469 -78.9494 -79.1874 -79.8608 -79.6700 -79.4839 -79.0931 -79.2023 -79.7689 -79.7753 -79.6291 -79.7643 -79.2677 -79.5164 -78.6523 -78.1639 -78.6905 -78.8433 -78.8347 -78.8269 -79.7837 -79.8298 -79.7919 -79.7399 -79.6682 -79.6134 -79.5316 -78.9983 -79.4341 -79.3708 -79.3204 -79.2841 -79.2271 -79.2091 -76.8888
-79.6662 -79.7707 -77.6959 -77.8038 -78.8279 -78.7878 -79.0161 -79.2431 -79.3643 -79.0300 -79.2964 -79.0318 -79.4995 -79.7149 -79.6622 -79.5286 -79.3920 -79.1552 -79.1593 -78.5315 -78.0696 -78.6057 -78.7526 -78.7534 -78.7498 -79.5450 -79.5695 -79.5682 -79.4919 -79.4164 -79.3448 -79.2764 -78.7964 -79.1325 -79.0617 -78.9840 -76.7184 -76.7170 -76.7485 -76.7775
-78.9418 -77.5010 -77.8504 -78.4899 -78.8736 -78.8521 -79.0700 -79.5593 -78.7653 -78.8915 -79.1098 -79.3901 -79.2329 -79.4967 -79.4149 -79.1260 -79.0913 -78.9176 -78.6233 -78.2747 -77.9726 -78.3960 -78.5361 -78.5361 -78.5317 -79.1930 -79.2306 -79.2110 -77.1546 -77.0678 -76.9660 -76.8478 -76.5356 -76.6501 -76.5497 -76.4598 -76.3684 -76.2574 -76.1292 -75.9226
-77.0653 -77.2409 -78.2829 -78.2623 -78.1433 -78.1276 -78.0683 -77.5957 -77.4337 -77.4448 -77.4642 -77.7904 -77.6453 -77.5846 -77.5389 -77.4016 -77.3309 -77.1534 -76.8220 -76.6989 -76.4094 -76.7613 -76.7396 -76.7082 -76.6725 -76.8127 -76.9927 -76.9495 -76.8530 -76.7661 -76.6804 -76.5988 -76.3418 -76.4382 -76.3559 -76.2615 -76.1554 -76.0368 -75.8985 -75.5800
-77.1499 -77.5150 -77.6612 -78.0296 -77.9270 -77.8979 -77.5182 -77.4170 -77.2723 -77.2902 -77.6019 -77.6295 -77.4178 -77.4095 -77.3553 -77.2671 -77.1899 -77.0269 -77.0002 -76.5148 -76.3085 -76.6501 -76.6284 -76.5964 -76.5586 -76.6715 -76.8243 -76.7752 -76.6791 -76.5843 -76.4960 -76.4128 -76.1855 -76.2514 -76.1662 -76.0647 -75.9535 -75.8330 -75.6809 -75.2276
-77.7573 -77.3985 -77.5408 -77.5344 -77.4488 -77.4481 -77.4202 -77.3281 -77.2081 -77.5086 -77.4639 -77.3992 -77.3330 -77.3150 -77.2525 -77.1736 -77.0852 -77.1785 -76.7441 -76.4578 -76.1139 -76.5410 -76.5186 -76.4858 -76.4454 -76.5346 -76.6660 -76.6092 -76.5078 -76.4101 -76.3193 -76.2347 -76.0323 -76.0711 -75.9788 -75.8781 -75.7661 -75.6348 -75.4858 -75.0669
-77.6425 -77.7808 -77.4275 -77.2602 -77.0457 -77.0306 -77.3269 -77.2509 -77.4223 -77.4335 -77.3341 -77.3029 -77.2393 -77.2265 -77.1447 -77.0716 -77.2211 -77.0781 -76.6712 -76.3967 -76.0599 -76.4351 -76.4110 -76.3761 -76.3336 -76.4027 -76.5166 -76.4488 -76.3438 -76.2440 -76.1510 -76.0647 -75.8829 -75.8953 -75.8015 -75.7033 -75.5824 -75.4479 -75.2924 -74.9123
-77.5290 -77.5025 -77.1708 -76.8872 -76.9548 -76.9433 -76.9391 -77.4526 -77.3389 -77.3162 -77.2315 -77.1279 -77.1363 -77.1261 -77.0406 -77.1975 -77.1190 -76.9809 -76.5975 -76.3326 -76.0022 -76.2443 -76.3057 -76.2683 -76.2236 -76.2756 -76.3746 -76.2938 -76.1873 -76.0855 -75.9909 -75.9020 -75.7360 -75.7294 -75.6346 -75.5309 -75.4076 -75.2711 -75.1135 -74.7623
-77.4026 -77.3684 -77.0494 -76.8023 -76.8687 -76.8677 -76.8010 -77.0437 -77.2427 -77.2164 -77.1346 -77.0248 -77.0478 -77.0236 -77.1617 -77.1011 -77.0109 -76.8867 -76.5233 -76.2664 -75.9419 -76.1753 -76.0998 -76.1629 -76.1157 -76.1530 -76.2380 -76.1452 -76.0375 -75.9344 -75.8350 -75.7437 -75.5946 -75.5731 -75.4713 -75.3658 -75.2411 -75.1033 -74.9456 -74.6165
-77.2683 -76.9650 -76.9504 -76.9338 -76.7870 -76.7873 -76.9681 -76.9834 -76.9535 -77.1220 -76.9648 -76.9363 -76.9548 -76.9246 -77.0665 -76.9993 -76.9032 -76.7046 -76.4488 -76.1988 -75.8799 -76.1040 -76.0271 -76.0600 -76.0103 -76.0347 -76.1082 -76.0030 -75.8944 -75.7876 -75.6893 -75.5964 -75.4596 -75.4201 -75.3148 -75.2075 -75.0822 -74.9434 -74.7864 -74.4746
