-56.3036 0.0000 0.0000 0.0000 0.0000 0.0000 -53.5517 -52.2970 -44.1419 -44.2501 -44.3570 -44.4644 -44.5704 -44.6752 -44.7785 -44.8580 -44.9586 -45.0593 -45.1593 -45.2591 -45.3579 -45.4557 -45.5551 -45.6530 -45.7851 -45.9162 -46.0461 -46.1750 -46.3039 -46.4318 -46.0831 -46.1939 -46.3034 -46.4123 -46.5200 -47.1955 -47.3421 -54.7432 -54.8754 0.0000
0.0000 0.0000 0.0000 0.0000 0.0000 0.0000 -54.9727 -53.7093 -52.8258 -52.2260 -44.3898 -44.4947 -44.5984 -44.7009 -44.8038 -44.8846 -44.9855 -45.0859 -45.1849 -45.2830 -45.3823 -45.4798 -45.5764 -45.6898 -45.8214 -45.9518 -46.0812 -46.2095 -46.3367 -46.4709 -46.1022 -46.2122 -46.3208 -46.4282 -46.5402 -47.2184 -47.3400 -47.4607 -47.5823 -60.5316
0.0000 0.0000 0.0000 0.0000 0.0000 0.0000 0.0000 -54.7540 -53.8633 -53.1888 -52.6857 -52.3169 -44.6291 -44.7309 -44.8313 -44.9105 -45.0106 -45.1136 -45.2132 -45.3108 -45.4076 -45.5034 -45.5984 -45.7273 -45.8581 -45.9879 -46.1165 -46.2442 -46.3780 -46.5039 -46.1230 -46.2313 -46.3383 -46.4494 -46.5545 -47.2437 -47.3638 -47.4830 -47.6018 -47.7218
0.0000 0.0000 0.0000 0.0000 0.0000 0.0000 0.0000 0.0000 -54.6795 -54.0008 -53.4610 -53.0373 -52.7078 -52.4698 -44.8630 -44.9404 -45.0383 -45.1384 -45.2375 -45.3357 -45.4330 -45.5285 -45.6369 -45.7670 -45.8961 -46.0246 -46.1592 -46.2862 -46.4121 -46.5372 -46.1440 -46.2514 -46.3608 -46.4656 -46.5691 -47.2695 -47.3889 -47.5076 -47.6253 -47.7421
0.0000 0.0000 0.0000 0.0000 0.0000 0.0000 0.0000 0.0000 -55.3538 -54.6965 -54.1502 -53.7010 -53.3343 -53.0488 -52.8135 -52.6456 -45.0681 -45.1658 -45.2622 -45.3597 -45.4566 -45.5525 -45.6783 -45.8080 -45.9364 -46.0699 -46.1962 -46.3217 -46.4470 -46.5713 -46.1653 -46.2735 -46.3784 -46.4823 -46.5849 -47.2968 -47.4149 -47.5323 -47.6495 -47.7658
0.0000 0.0000 0.0000 0.0000 0.0000 0.0000 0.0000 0.0000 0.0000 -55.2850 -54.7491 -54.3078 -53.9233 -53.6010 -53.3321 -53.1100 -52.9312 -52.6859 -45.2916 -45.3865 -45.4805 -45.5874 -45.7182 -45.8537 -45.9825 -46.1096 -46.2351 -46.3597 -46.4833 -46.6059 -46.7294 -46.2927 -46.3965 -46.4990 -46.6002 -47.3245 -47.4421 -47.5588 -47.6747 -47.7898
0.0000 0.0000 0.0000 0.0000 0.0000 0.0000 0.0000 0.0000 0.0000 0.0000 -55.2905 -54.8383 -54.4476 -54.1118 -53.8240 -53.5780 -53.3680 -53.0536 -52.9419 -52.8720 -45.5092 -45.6313 -45.7643 -45.8929 -46.0209 -46.1475 -46.2732 -46.3973 -46.5198 -46.6425 -46.7632 -46.3122 -46.4148 -46.5162 -46.6164 -46.7153 -47.4692 -47.5851 -47.7006 -47.8152
0.0000 0.0000 0.0000 0.0000 0.0000 0.0000 0.0000 0.0000 0.0000 0.0000 -55.7553 -55.3135 -54.9238 -54.5818 -54.2826 -54.0211 -53.7920 -53.4335 -53.2994 -53.1862 -53.1139 -53.1287 -45.8091 -45.9345 -46.0589 -46.1842 -46.3090 -46.4328 -46.5556 -46.6782 -46.7982 -46.3330 -46.4340 -46.5336 -46.6325 -46.7303 -47.4974 -47.6122 -47.7262 -47.8399
0.0000 0.0000 0.0000 0.0000 0.0000 0.0000 0.0000 0.0000 0.0000 0.0000 0.0000 -55.7422 -55.3579 -55.0147 -54.7078 -54.4336 -54.1883 -53.7873 -53.6406 -53.5093 -53.4317 -53.3762 -53.3446 -53.3482 -46.0949 -46.2170 -46.3457 -46.4680 -46.5909 -46.7121 -46.8323 -46.3536 -46.4534 -46.5520 -46.6493 -46.7454 -47.5257 -47.6396 -47.7527 -47.8653
0.0000 0.0000 0.0000 0.0000 0.0000 0.0000 0.0000 0.0000 0.0000 0.0000 0.0000 -56.4242 -55.7484 -55.4051 -55.0946 -54.8136 -54.5587 -54.1221 -53.9636 -53.8443 -53.7539 -53.6817 -53.6269 -53.5899 -53.5738 -53.5886 -46.3791 -46.4990 -46.6170 -46.7359 -46.8548 -46.3626 -46.4618 -46.5596 -46.6552 -46.7494 -47.5406 -47.6518 -47.7625 -47.8900
0.0000 0.0000 0.0000 0.0000 0.0000 0.0000 0.0000 0.0000 0.0000 0.0000 0.0000 0.0000 -56.1030 -55.7647 -55.4542 -55.1689 -54.9061 -54.4279 -54.2793 -54.1631 -54.0631 -53.9800 -53.9126 -53.8600 -53.8216 -53.7985 -53.7988 -53.8223 -46.6569 -46.7730 -46.8882 -46.3801 -46.4781 -46.5748 -46.6701 -46.7641 -47.5696 -47.6797 -47.7889 -47.8971
0.0000 0.0000 0.0000 0.0000 0.0000 0.0000 0.0000 0.0000 0.0000 0.0000 0.0000 0.0000 0.0000 -56.0985 -55.7900 -55.5026 -55.2336 -54.9923 -54.5836 -54.4639 -54.3567 -54.2655 -54.1889 -54.1259 -54.0757 -54.0426 -54.0168 -54.0046 -54.0090 -54.0361 -46.9259 -46.4002 -46.4946 -46.5890 -46.6831 -46.7758 -47.5965 -47.7066 -47.8148 -47.9217
0.0000 0.0000 0.0000 0.0000 0.0000 0.0000 0.0000 0.0000 0.0000 0.0000 0.0000 0.0000 0.0000 -56.5887 -56.1026 -55.8149 -55.5568 -55.3185 -54.8651 -54.7441 -54.6315 -54.5339 -54.4502 -54.3793 -54.3255 -54.2776 -54.2405 -54.2137 -54.1976 -54.1936 -54.2051 -51.5761 -46.5152 -46.6068 -46.6972 -46.7875 -47.6227 -47.7316 -47.8395 -47.9462
0.0000 0.0000 0.0000 0.0000 0.0000 0.0000 0.0000 0.0000 0.0000 0.0000 0.0000 0.0000 0.0000 0.0000 -56.4013 -56.1368 -55.8834 -55.6354 -55.1291 -55.0087 -54.8921 -54.7896 -54.7003 -54.6283 -54.5623 -54.5069 -54.4613 -54.4252 -54.3980 -54.3799 -54.3711 -54.3734 -51.6132 -51.6237 -46.7148 -46.8024 -47.6501 -47.7564 -47.8628 -47.9681
0.0000 0.0000 0.0000 0.0000 0.0000 0.0000 0.0000 0.0000 0.0000 0.0000 0.0000 0.0000 0.0000 0.0000 0.0000 -56.4569 -56.2000 -55.9416 -55.3744 -55.2556 -55.1366 -55.0303 -54.9419 -54.8594 -54.7876 -54.7259 -54.6734 -54.6298 -54.5944 -54.5666 -54.5470 -54.5357 -51.6516 -51.6460 -51.6464 -51.6556 -47.6819 -47.7853 -47.8875 -47.9431
0.0000 0.0000 0.0000 0.0000 0.0000 0.0000 0.0000 0.0000 0.0000 0.0000 0.0000 0.0000 0.0000 0.0000 0.0000 -56.9445 -56.5104 -56.2433 -55.6017 -55.4830 -55.3654 -55.2620 -55.1644 -55.0776 -55.0010 -54.9338 -54.8755 -54.8251 -54.7826 -54.7477 -54.7200 -54.6995 -51.6923 -51.6795 -51.6700 -51.6642 -54.4692 -54.5008 -47.8733 -47.9727
0.0000 0.0000 0.0000 0.0000 0.0000 0.0000 0.0000 0.0000 0.0000 0.0000 0.0000 0.0000 0.0000 0.0000 0.0000 0.0000 -56.8190 -56.5466 -56.2317 -55.6943 -55.5851 -55.4738 -55.3733 -55.2830 -55.2021 -55.1304 -55.0652 -55.0092 -54.9607 -54.9193 -54.8848 -54.8570 -51.7277 -51.6140 -51.5997 -51.5882 -54.5836 -54.5919 -54.6098 -54.6409
0.0000 0.0000 0.0000 0.0000 0.0000 0.0000 0.0000 0.0000 0.0000 0.0000 0.0000 0.0000 0.0000 0.0000 0.0000 0.0000 0.0000 -56.8582 -56.5230 -55.8948 -55.7829 -55.6702 -55.5675 -55.4743 -55.3898 -55.3134 -55.2450 -55.1841 -55.1304 -55.0834 -54.8522 -54.8195 -51.6677 -51.6481 -51.6308 -51.6158 -51.6029 -54.7075 -54.7108 -54.7204
0.0000 0.0000 0.0000 0.0000 0.0000 0.0000 0.0000 0.0000 0.0000 0.0000 0.0000 0.0000 0.0000 0.0000 0.0000 0.0000 0.0000 -57.3381 -56.8575 -56.0756 -55.9682 -55.8546 -55.7501 -55.6542 -55.5664 -55.4865 -55.4142 -55.1588 -55.1022 -55.0521 -55.0086 -54.9716 -51.6985 -51.6768 -51.6572 -51.6396 -51.6238 -54.8276 -54.8232 -54.8228
0.0000 0.0000 0.0000 0.0000 0.0000 0.0000 0.0000 0.0000 0.0000 0.0000 0.0000 0.0000 0.0000 0.0000 0.0000 0.0000 0.0000 0.0000 -57.2609 -56.2424 -56.1398 -56.0261 -55.9199 -55.8217 -55.5381 -55.4577 -55.3845 -55.3180 -55.2582 -55.2046 -55.1575 -55.1167 -51.7232 -51.6997 -51.6782 -51.6587 -51.6407 -54.9461 -54.9364 -54.9301
0.0000 0.0000 0.0000 0.0000 0.0000 0.0000 0.0000 0.0000 0.0000 0.0000 0.0000 0.0000 0.0000 0.0000 0.0000 0.0000 0.0000 0.0000 0.0000 -56.3958 -56.2947 -55.9845 -55.8805 -55.7841 -55.6950 -55.6128 -55.5373 -55.4683 -55.4057 -55.3492 -55.2988 -55.2546 -51.7419 -51.7170 -51.6940 -51.6727 -51.6530 -55.0609 -55.0470 -55.0362
0.0000 0.0000 0.0000 0.0000 0.0000 0.0000 0.0000 0.0000 0.0000 0.0000 0.0000 0.0000 0.0000 0.0000 0.0000 0.0000 0.0000 0.0000 0.0000 -56.3789 -56.2350 -56.1333 -56.0294 -55.9324 -55.8422 -55.7585 -55.6811 -55.6100 -55.5450 -55.4858 -55.4326 -55.3854 -51.7547 -51.7287 -51.7044 -51.6817 -51.6605 -55.1711 -55.1556 -55.1411
0.0000 0.0000 0.0000 0.0000 0.0000 0.0000 0.0000 0.0000 0.0000 0.0000 0.0000 0.0000 0.0000 0.0000 0.0000 0.0000 0.0000 0.0000 -59.7063 -59.2066 -56.3680 -56.2721 -56.1683 -56.0710 -55.9800 -55.8951 -55.8163 -55.7433 -55.6762 -55.6147 -55.5589 -55.5107 -55.4669 -51.7358 -51.7103 -51.6865 -51.6641 -55.2780 -55.2575 -55.2399
0.0000 0.0000 0.0000 0.0000 0.0000 0.0000 0.0000 0.0000 0.0000 0.0000 0.0000 0.0000 0.0000 0.0000 0.0000 0.0000 0.0000 -59.5302 -59.4608 -59.1873 -58.0494 -56.4013 -56.2978 -56.2004 -56.1088 -56.0248 -55.9448 -55.8701 -55.8011 -55.7376 -55.6795 -55.6272 -55.5809 -51.7369 -51.7106 -51.6858 -51.6623 -55.3777 -55.3545 -55.3341
0.0000 0.0000 0.0000 0.0000 0.0000 0.0000 0.0000 0.0000 0.0000 0.0000 0.0000 0.0000 0.0000 0.0000 0.0000 -59.5702 -59.4211 -53.3408 -59.3125 -59.1688 -58.4562 -56.5215 -56.4193 -56.3222 -56.2306 -56.1443 -56.0632 -55.9873 -55.9167 -55.8513 -55.7913 -55.7368 -55.6881 -51.7330 -51.7059 -51.6803 -51.6559 -55.4719 -55.4464 -55.4234
0.0000 0.0000 0.0000 0.0000 0.0000 0.0000 0.0000 0.0000 0.0000 0.0000 0.0000 0.0000 0.0000 0.0000 -59.4634 -59.3325 -59.2630 -59.1966 -59.1531 -59.1083 -58.6377 -58.0741 -56.5295 -56.4326 -56.3409 -56.2542 -56.1726 -56.0958 -56.0241 -55.9575 -55.8959 -55.8395 -55.7888 -51.7244 -51.6967 -51.6704 -51.6452 -55.5606 -55.5329 -55.5077
0.0000 0.0000 0.0000 0.0000 0.0000 0.0000 0.0000 0.0000 0.0000 0.0000 0.0000 0.0000 -59.2920 -59.3621 -59.2704 -59.1502 -59.0838 -59.0289 -58.9879 -58.9483 -58.7299 -58.2991 -57.8430 -56.5349 -56.4432 -56.3562 -56.2739 -56.1963 -56.1234 -56.0554 -55.9923 -55.9343 -55.8820 -51.7110 -51.6830 -51.6561 -51.6304 -55.6440 -55.6142 -55.5869
0.0000 0.0000 0.0000 0.0000 0.0000 0.0000 0.0000 0.0000 0.0000 0.0000 0.0000 -59.1197 -59.0319 -59.1517 -59.0660 -58.9596 -58.8988 -58.8508 -58.8139 -58.7806 -58.7594 -58.4350 -58.0672 -56.6294 -56.5377 -56.4506 -56.3678 -56.2894 -56.2154 -56.1463 -56.0817 -56.0223 -55.9683 -51.6931 -51.6647 -51.6373 -51.6111 -55.7211 -55.6898 -55.6610
0.0000 0.0000 0.0000 0.0000 0.0000 0.0000 0.0000 0.0000 0.0000 -59.1248 -58.9801 -58.8626 -58.7953 -58.9262 -58.8501 -58.7863 -58.7011 -58.6608 -58.6310 -58.6054 -58.5910 -58.5186 -58.2198 -57.8905 -56.6249 -56.5375 -56.4544 -56.3755 -56.3007 -56.2305 -56.1647 -56.1038 -56.0483 -51.6711 -51.6424 -51.6147 -51.5880 -51.5622 -55.7595 -55.7292
-45.8144 0.0000 0.0000 0.0000 0.0000 0.0000 0.0000 -59.2932 -58.9648 -58.8088 -58.6891 -58.5925 -58.5261 -58.4861 -58.6153 -58.5640 -58.4909 -58.4602 -52.7907 -58.4146 -58.4082 -58.4077 -58.3247 -58.0357 -57.7576 -56.6177 -56.5343 -56.4549 -56.3794 -56.3082 -56.2413 -56.1792 -56.1223 -51.6453 -51.6163 -51.5883 -51.5613 -51.5351 -55.8240 -55.7922
-45.9087 0.0000 0.0000 0.0000 0.0000 0.0000 -58.9769 -58.7460 -58.5797 -58.4549 -58.3598 -58.2866 -58.2412 -58.2108 -58.3524 -58.3173 -58.2593 -58.2408 -58.2303 -58.2243 -58.2267 -58.2345 -58.2463 -58.1408 -57.8901 -56.6912 -56.6077 -56.5277 -56.4516 -56.3797 -56.3117 -56.2484 -56.1903 -51.6158 -51.5866 -51.5584 -51.5310 -51.5045 -55.8834 -55.8504
-45.9958 -46.0476 0.0000 0.0000 -59.1353 -58.6785 -58.4072 -58.2324 -58.1067 -58.0280 -57.9734 -57.9350 -57.9076 -57.9107 -58.0801 -58.0647 -58.0247 -58.0203 -58.0220 -58.0276 -58.0397 -58.0565 -58.0767 -58.0705 -57.9892 -57.7698 -56.6747 -56.5944 -56.5177 -56.4451 -56.3762 -56.3118 -56.2525 -56.1989 -51.5535 -51.5251 -51.4975 -51.4707 -55.9378 -55.9037
-46.0808 -46.1333 -46.1894 -59.7954 -58.9412 -57.7965 -57.6516 -57.5869 -57.5599 -57.5516 -57.5532 -57.5602 -57.5701 -57.6029 -57.7922 -57.7998 -57.7807 -57.7918 -57.8073 -57.8255 -57.8483 -57.8747 -57.9036 -57.9153 -57.8968 -57.8602 -57.6662 -56.6551 -56.5779 -56.5046 -56.4350 -56.3696 -56.3092 -56.2544 -51.5172 -51.4886 -51.4608 -51.4338 -55.9873 -55.9522
-46.1423 -46.1920 -46.2688 -46.3450 -57.7607 -57.1496 -57.1891 -57.2272 -57.2628 -57.2956 -57.3258 -57.3535 -57.3791 -57.4132 -57.4565 -57.6367 -57.6522 -57.6404 -57.6598 -57.6824 -57.7081 -57.7373 -57.7690 -57.7930 -57.7775 -57.7599 -57.7404 -56.7100 -56.6324 -56.5583 -56.4881 -56.4219 -56.3604 -56.3046 -51.4777 -51.4490 -51.4211 -51.3939 -56.0319 -55.9960
-46.2386 -46.3080 -46.3804 -46.4556 -46.5304 -55.1011 -55.8502 -56.2427 -56.4909 -56.6644 -56.7939 -56.8953 -56.9774 -57.0555 -57.1337 -57.3378 -57.3788 -57.3889 -57.4258 -52.2084 -57.5024 -57.5429 -57.5847 -57.6273 -57.6212 -57.6117 -57.5994 -57.5848 -56.6815 -56.6068 -56.5359 -56.4688 -56.4065 -56.3496 -51.4353 -51.4066 -51.3786 -51.3512 -56.0719 -56.0353
-46.3581 -46.4265 -46.4945 -46.5655 -46.6392 -46.7125 -54.5645 -55.2544 -55.7045 -56.0188 -56.2451 -56.4228 -56.5638 -56.6789 -56.7936 -57.0326 -57.1000 -57.1332 -57.1884 -57.2415 -57.2943 -57.3465 -57.3988 -57.4507 -57.4632 -57.4621 -57.4572 -57.4492 -56.9479 -56.6502 -56.5786 -56.5107 -56.4475 -56.3897 -51.3902 -51.3614 -51.3332 -51.3058 -56.1072 -56.0700
-46.4766 -46.5441 -46.6112 -46.6779 -46.7473 -46.8196 -46.8303 -54.3833 -54.9651 -55.3902 -55.7101 -55.9582 -56.1514 -56.3116 -56.4622 -56.7261 -56.8202 -56.8767 -56.9501 -57.0187 -57.0847 -57.1495 -57.2122 -57.2736 -57.3045 -57.3118 -57.3145 -57.3132 -57.3084 -56.6885 -56.6164 -56.5477 -56.4836 -56.4248 -51.3426 -51.3136 -51.2853 -51.2578 -56.1381 -55.5092
-46.5942 -46.6606 -46.7268 -46.7925 -46.8579 -46.9259 -46.9329 -47.0017 -54.3289 -54.8197 -55.2043 -55.5092 -55.7547 -55.9527 -56.1280 -56.4239 -56.5432 -56.6225 -56.7133 -56.7972 -56.8763 -56.9524 -57.0262 -57.0969 -57.1460 -57.1617 -57.1718 -57.1771 -57.1782 -57.1760 -56.6494 -56.5801 -56.5151 -56.4554 -51.2925 -51.2635 -51.2383 -51.0175 -55.5847 -55.5554
-46.7102 -46.7762 -46.8414 -46.9062 -46.9707 -47.0348 -47.0374 -47.1024 -47.1697 -54.3311 -54.7495 -55.0940 -55.3772 -55.6121 -55.8144 -55.9980 -56.2731 -56.3963 -56.4808 -56.5791 -56.6705 -56.7576 -56.8415 -56.9217 -56.9885 -57.0123 -57.0298 -57.0416 -57.0486 -57.0516 -56.7977 -56.6078 -56.5522 -56.4918 -51.2432 -51.2141 -50.9999 -50.9721 -50.9473 -55.6055
-46.8227 -46.8905 -46.9551 -47.0189 -47.0825 -47.1456 -47.2084 -47.2022 -47.2684 -47.3343 -54.3614 -54.7218 -55.0301 -55.2905 -55.5114 -55.7141 -56.0133 -56.1542 -56.2547 -56.3662 -51.5945 -56.5665 -56.6595 -56.7486 -56.8328 -56.8646 -56.8891 -56.9072 -56.9199 -56.9383 -56.9432 -56.6415 -56.5750 -56.5137 -55.8850 -50.9807 -50.9546 -50.9293 -50.8994 -55.6360
