-57.4588 -57.3766 -57.4109 -57.2456 -57.1089 -56.9717 -56.6594 -56.6819 -56.5398 -56.3833 -56.0760 -55.9208 -55.7422 -55.5778 -55.4078 -55.2331 -55.0522 -54.8646 -54.6699 -54.4673 -52.0094 -51.9047 -51.8152 -51.7785 -51.7442 -51.7754 -51.7478 -51.7720 -53.8036 -53.8632 -53.9307 -54.0099 -54.1334 -54.2399 -54.3625 -54.4912 -54.5039 -54.6440 -54.8004 -55.0921
-57.3383 -57.2557 -57.2880 -57.1224 -56.9729 -56.8340 -56.5229 -56.5484 -56.4021 -56.2389 -55.9141 -55.7579 -55.5972 -55.4313 -55.2594 -55.0822 -54.8989 -54.7088 -54.5117 -52.1343 -52.0443 -52.0067 -51.9715 -51.9387 -51.9083 -51.9474 -51.9739 -54.0244 -54.0801 -54.1439 -54.2416 -54.3257 -54.4220 -54.5322 -54.6524 -54.7667 -54.7721 -54.9123 -55.0677 -55.3663
-57.2213 -57.1382 -57.1689 -57.0032 -56.8401 -56.6993 -56.3898 -56.4137 -56.2455 -56.0868 -55.7791 -55.6216 -55.4592 -55.2916 -55.1175 -54.9389 -54.7298 -52.3576 -52.2675 -52.2289 -52.1929 -52.1591 -52.1276 -52.0984 -52.1912 -52.1688 -54.2325 -54.2846 -54.3694 -54.4387 -54.5155 -54.6006 -54.7002 -54.8079 -54.9108 -55.0265 -55.0263 -55.1661 -55.3199 -55.6263
-57.1101 -57.0243 -57.0584 -56.8881 -56.7149 -56.5505 -56.2435 -56.2670 -56.1149 -55.9560 -55.6532 -55.4943 -55.3273 -55.1342 -54.9590 -52.6199 -52.5325 -52.4449 -52.4083 -52.3738 -52.3414 -52.3110 -52.2828 -52.3057 -54.3911 -54.4311 -54.5006 -54.5575 -54.6235 -54.6954 -54.7756 -54.8659 -54.9628 -55.0560 -55.1604 -55.1371 -55.2637 -55.4030 -55.7019 -55.8711
-56.9991 -56.9135 -56.9470 -56.7594 -56.5873 -56.4267 -56.2820 -56.1448 -55.9896 -55.8306 -55.5283 -55.3456 -55.1804 -55.0072 -52.7426 -52.6546 -52.6178 -52.5828 -52.5497 -52.5184 -52.4891 -52.5102 -52.4856 -54.4583 -54.6397 -54.6844 -54.7374 -54.7986 -54.8686 -54.9419 -55.0248 -55.1163 -55.2010 -55.2956 -55.3987 -55.3662 -55.4922 -55.6299 -55.9329 -56.0993
-56.8911 -56.7898 -56.8228 -56.6549 -56.4841 -56.3076 -56.1638 -56.0273 -55.8467 -55.5410 -55.3859 -55.2257 -52.9480 -52.8598 -52.8223 -52.7857 -52.7521 -52.7203 -52.6902 -52.6620 -52.6838 -54.6114 -54.6529 -54.6835 -54.8601 -54.9091 -54.9661 -55.0312 -55.1036 -55.1793 -55.2633 -55.3411 -55.4270 -55.5225 -55.6469 -55.6055 -55.7298 -55.8676 -56.1824 -56.3473
-56.8309 -56.8800 -56.7214 -56.5548 -56.3851 -56.2086 -56.0280 -55.8905 -55.7312 -55.4279 -53.1662 -53.1043 -53.0191 -52.9832 -52.9495 -52.9174 -52.8857 -52.8568 -52.8773 -52.8523 -54.7980 -54.8210 -54.8491 -55.0284 -55.0736 -55.1265 -55.1973 -55.2664 -55.2026 -55.2807 -55.3538 -55.4328 -55.5201 -55.6164 -55.5593 -55.6734 -55.7974 -56.0970 -56.2433 -56.4009
-56.7295 -56.7784 -56.6208 -56.4368 -56.2680 -55.9311 -55.9195 -55.7802 -55.6209 -53.2933 -53.2082 -53.1731 -53.1395 -52.9940 -52.9662 -52.9397 -52.9148 -52.9376 -52.9288 -54.8145 -54.8383 -54.8667 -54.9002 -55.0899 -55.1402 -55.1977 -55.2624 -55.3343 -55.4086 -55.4768 -55.5491 -55.6287 -55.6779 -55.7707 -55.7033 -55.8137 -55.9334 -56.2352 -56.3772 -56.5274
-56.3050 -56.3356 -56.1979 -56.0517 -55.9016 -55.5914 -55.5884 -53.4303 -53.3918 -53.2231 -53.1932 -53.1645 -53.1365 -53.1103 -53.0854 -53.0618 -53.0977 -54.9370 -54.9552 -54.9776 -55.0046 -55.0362 -55.0726 -55.2472 -55.2994 -55.3588 -55.4248 -55.4976 -55.5612 -55.6262 -55.6976 -55.7760 -55.8620 -55.9563 -55.8789 -55.9878 -56.1054 -56.4157 -56.5536 -56.7382
-56.1935 -56.2412 -56.1059 -55.9618 -55.8138 -53.5817 -53.5966 -53.4887 -53.4486 -53.3263 -53.2993 -53.2736 -53.2484 -53.2239 -53.2460 -53.2245 -55.0473 -55.0643 -55.0848 -55.1093 -55.1384 -55.1718 -55.2099 -55.4239 -55.4795 -55.5415 -55.6098 -55.6758 -55.7366 -55.8022 -55.8741 -55.9526 -56.0385 -55.9632 -56.0648 -56.1747 -56.4832 -56.6126 -56.7495 -57.0253
-56.1005 -56.1547 -56.0175 -53.9344 -53.8305 -53.6228 -53.6683 -53.6094 -53.5511 -53.4270 -53.4025 -53.3789 -53.3557 -53.3793 -55.1580 -55.1715 -55.1882 -55.2082 -55.2315 -55.2586 -55.2904 -55.3262 -55.5423 -55.5940 -55.6522 -55.7165 -55.7822 -55.8594 -55.9207 -55.9878 -56.0607 -56.1404 -56.2272 -56.1222 -56.2227 -56.3309 -56.6473 -56.7747 -56.9086 -57.2145
-56.0104 -56.0671 -54.0507 -53.9922 -53.8910 -53.8319 -53.7837 -53.7261 -53.5638 -53.5257 -53.5034 -53.5269 -53.5066 -55.2733 -55.2871 -55.3037 -55.3233 -55.3460 -55.3720 -55.4014 -55.4473 -55.4859 -55.7160 -55.7710 -55.8324 -55.8963 -55.9593 -56.0194 -56.0814 -56.1486 -56.2218 -56.3012 -56.3879 -56.2724 -56.3716 -56.4780 -56.8041 -56.9281 -57.0701 -57.4048
-54.1507 -54.1986 -54.1006 -54.0472 -53.9946 -53.9400 -53.8975 -53.8409 -53.6766 -53.6255 -53.6462 -53.6276 -55.3796 -55.3940 -55.4203 -55.4401 -55.4627 -55.4884 -55.5173 -55.5496 -55.5862 -55.6268 -55.8703 -55.9279 -55.9894 -56.0497 -56.1134 -56.1720 -56.2342 -56.3017 -56.3747 -56.4539 -56.3237 -56.4130 -56.5120 -56.8358 -56.9516 -57.0733 -57.4191 -57.6275
-54.1682 -54.2436 -54.1940 -54.1447 -54.0955 -54.0468 -54.0097 -53.9535 -53.8364 -53.7893 -55.4744 -55.4857 -55.5012 -55.5188 -55.5388 -55.5612 -55.5864 -55.6145 -55.6455 -55.6799 -55.7184 -55.7607 -56.0179 -56.0769 -56.1345 -56.1965 -56.2593 -56.3173 -56.3797 -56.4471 -56.5199 -56.5989 -56.4558 -56.5468 -56.6444 -56.9768 -57.0913 -57.3471 0.0000 0.0000
-54.2447 -54.3305 -54.2900 -54.2451 -54.1993 -54.1569 -54.1243 -54.1122 -53.9457 -55.6028 -55.5906 -55.5909 -55.6087 -55.6290 -55.6516 -55.6765 -55.7041 -55.7343 -55.7675 -55.8038 -55.8439 -56.1026 -56.1590 -56.2139 -56.2735 -56.3372 -56.3973 -56.4555 -56.5179 -56.5851 -56.6576 -56.7366 -56.5830 -56.6736 -56.8556 -57.2387 -57.3619 -60.9588 0.0000 0.0000
-54.3243 -54.4198 -54.3789 -54.3383 -54.1706 -54.3023 -54.2729 -55.9218 -55.7243 -55.7146 -55.7065 -55.6987 -55.7111 -55.7337 -55.7587 -55.7861 -55.8158 -55.8481 -55.8832 -55.9212 -55.9627 -56.2348 -56.2878 -56.3450 -56.4063 -56.4716 -56.5284 -56.5866 -56.6490 -56.7160 -56.8556 -56.6916 -56.7843 -56.8910 -57.2623 -57.3789 -57.5159 -60.9750 -63.7105 0.0000
-54.5380 -54.5018 -54.4652 -54.4289 -54.3000 -54.4031 -56.0528 -56.0263 -55.8266 -55.8210 -55.8154 -55.8127 -55.8115 -55.8332 -55.8603 -55.8898 -55.9216 -55.9558 -55.9927 -56.0322 -56.0750 -56.3563 -56.4111 -56.4702 -56.5333 -56.5981 -56.6527 -56.7725 -56.8403 -56.9145 -56.9965 -56.8218 -56.9009 -56.9950 -57.3604 -57.4710 -59.5845 -60.8255 -63.0060 -64.1581
-54.6129 -54.5811 -54.5889 -54.5572 -54.3860 -56.1439 -56.1487 -56.1259 -55.9230 -55.9216 -55.9198 -55.9209 -55.9232 -55.9274 -55.9564 -55.9878 -56.0216 -56.0575 -56.0960 -56.1371 -56.1774 -56.4717 -56.5288 -56.6467 -56.7142 -56.7787 -56.8368 -56.8985 -56.9644 -57.0352 -57.1123 -56.9207 -57.0086 -57.1023 -57.4795 -57.5895 -59.9322 -60.8155 -62.3357 -62.2016
-54.6850 -54.6967 -54.6691 -56.2129 -56.0069 -56.2365 -56.2391 -56.0125 -56.0141 -56.0166 -56.0185 -56.0231 -56.0289 -56.0363 -56.0473 -56.0803 -56.1157 -56.1533 -56.1933 -56.2332 -56.5794 -56.6360 -56.6976 -56.7631 -56.8321 -56.8925 -56.9507 -57.0124 -57.0782 -57.1489 -56.9467 -57.0224 -57.1111 -57.4880 -57.5927 -59.3835 -60.1247 -60.8017 -62.2793 -61.5288
-54.7926 -54.7699 -56.2775 -56.2851 -56.2884 -56.3271 -56.3238 -56.0944 -56.0998 -56.1060 -56.1115 -56.1195 -56.1287 -56.1392 -56.1513 -56.1676 -56.2043 -56.2861 -56.3281 -56.3694 -56.6836 -56.7431 -56.8069 -56.8741 -56.9453 -57.0003 -57.0584 -57.1198 -57.1854 -57.2564 -57.0368 -57.1192 -57.2071 -57.5970 -57.6999 -59.7580 -60.3989 -61.0055 0.0000 0.0000
-56.3171 -56.3284 -56.3397 -56.3526 -56.3636 -56.4122 -56.4027 -56.1708 -56.1799 -56.1882 -56.1987 -56.2101 -56.2225 -56.2723 -56.2889 -56.3072 -56.3294 -56.3708 -56.4112 -56.4538 -56.7829 -56.8451 -56.9110 -56.9800 -57.0468 -57.1018 -57.1597 -57.2211 -57.2865 -57.3579 -57.1686 -57.2560 -57.3502 -57.7654 -57.9157 -59.9889 -60.5081 -60.4411 0.0000 0.0000
-56.3650 -56.3814 -56.3975 -56.4156 -56.4358 -56.4940 -56.4757 -56.2421 -56.2547 -56.2664 -56.3128 -56.3290 -56.3460 -56.3642 -56.3837 -56.4047 -56.4274 -56.4489 -56.4893 -56.5330 -56.8774 -56.9423 -57.0100 -57.0807 -57.1426 -57.2315 -57.2927 -57.3577 -57.4276 -57.5049 -57.2649 -57.3548 -57.7695 -57.8752 -59.6606 -60.1219 -60.5565 -60.4300 0.0000 0.0000
-56.4098 -56.4305 -56.4513 -56.4742 -56.5057 -56.5710 -56.5726 -56.3367 -56.3547 -56.3712 -56.3898 -56.4091 -56.4292 -56.4502 -56.4724 -56.4960 -56.5188 -56.5417 -56.5663 -56.9060 -56.9674 -57.0639 -57.1365 -57.2138 -57.2716 -57.3299 -57.3915 -57.4561 -57.5250 -57.2666 -57.3478 -57.4343 -57.8598 -57.9625 -59.8123 -60.1925 -60.5128 -61.0458 -62.6243 -61.5679
-56.4535 -56.4773 -56.5019 -56.3071 -56.6015 -56.6656 -56.6347 -56.3986 -56.4199 -56.4396 -56.4614 -56.4837 -56.5067 -56.5304 -56.5553 -56.5796 -56.6254 -56.6522 -56.6808 -57.0267 -57.0857 -57.1578 -57.2317 -57.3057 -57.3599 -57.4163 -57.4759 -57.5392 -57.6083 -57.3395 -57.4194 -57.8443 -57.9405 -59.5575 -59.9106 -60.2136 -59.8889 -60.8999 -61.5933 -58.6251
-56.5301 -56.5514 -56.5779 -56.3520 -56.6722 -56.7280 -56.4386 -56.4559 -56.4804 -56.5031 -56.5279 -56.5712 -56.5981 -56.6259 -56.6537 -56.6803 -56.7080 -56.7366 -56.7667 -57.1304 -57.1822 -57.2422 -57.3171 -57.3848 -57.4386 -57.4944 -57.5533 -57.6162 -57.6856 -57.4039 -57.4843 -57.9188 -58.0138 -59.5965 -59.8916 -60.1565 -59.8892 -60.9513 -61.5290 -58.6772
-51.5881 -51.6477 -56.6407 -56.4004 -56.7441 -56.7888 -56.4982 -56.5257 -56.5520 -56.5805 -56.6092 -56.6381 -56.6671 -56.6965 -56.7240 -56.7523 -56.7817 -56.8122 -56.8443 -57.2270 -57.2825 -57.3411 -57.4030 -57.4589 -57.5117 -57.5669 -57.6250 -57.6877 -57.3898 -57.4644 -57.5000 -57.9439 -59.4168 -59.7042 -59.9504 -60.1431 -60.6098 -61.0144 -60.6039 -58.7205
-51.6345 -51.6986 -51.7591 -51.8181 -56.8524 -56.8732 -56.5519 -56.5792 -56.6066 -56.6367 -56.6672 -56.6981 -56.7294 -56.7586 -56.7883 -56.8186 -56.8500 -56.8824 -57.2660 -57.3189 -57.3778 -57.4391 -57.5032 -57.5382 -57.5801 -57.6340 -57.6912 -57.7540 -57.4068 -57.4807 -57.9268 -58.0178 -59.5260 -59.7821 -59.9922 -59.6729 -60.7054 -61.0696 -58.7602 -58.7539
-51.6846 -51.7450 -51.8060 -51.8684 -51.9590 -52.0118 -51.9703 -56.6385 -56.6619 -56.6912 -56.7224 -56.7546 -56.7854 -56.8163 -56.8479 -56.8801 -56.9133 -56.9474 -57.3490 -57.4062 -57.4684 -57.5323 -57.5900 -57.6251 -57.6619 -57.6618 -57.7132 -57.7764 -57.4602 -57.5362 -57.9949 -59.3744 -59.6175 -59.8334 -60.0201 -59.6818 -60.8188 -60.6900 -58.8036 -58.7747
-51.7295 -51.7902 -51.8517 -51.9204 -52.0160 -52.0597 -51.9947 -52.0531 -52.1107 -56.7547 -56.7804 -56.8091 -56.8394 -56.8711 -56.9038 -56.9374 -56.9719 -57.0075 -57.4280 -57.4893 -57.5546 -57.6230 -57.6364 -57.6703 -57.7063 -57.7448 -57.7878 -57.4420 -57.5120 -57.5876 -58.0627 -59.4651 -59.6946 -59.8703 -59.9955 -60.5507 -60.9482 -60.4195 -58.6767 -60.2293
-51.7738 -51.8347 -51.8968 -51.9760 -52.0704 -52.1068 -52.0377 -52.0956 -52.1541 -52.2124 -52.2703 -56.8742 -56.8976 -56.9263 -56.9580 -56.9918 -57.0270 -57.0635 -57.5038 -57.5687 -57.6047 -57.6742 -57.7126 -57.7471 -57.7833 -57.8223 -57.8669 -57.5106 -57.5712 -58.0368 -59.3309 -59.5427 -59.7434 -59.8950 -59.5071 -60.7482 -60.8936 -60.0107 -58.6972 -60.7037
-51.8173 -51.8786 -51.9411 -52.0353 -52.1217 -52.1529 -52.0796 -52.1377 -52.1964 -52.2548 -52.3124 -52.3700 -52.4274 -52.5040 -57.0180 -57.0476 -57.0810 -57.4886 -57.5482 -57.6149 -57.6844 -57.7510 -57.7843 -57.8188 -57.8550 -57.8947 -57.9416 -57.5723 -57.6356 -58.1201 -59.4172 -59.6134 -59.7742 -59.9097 -60.5667 -60.7311 -60.6517 -58.8136 -58.8850 -60.5447
-51.8602 -51.9216 -51.8805 -52.1030 -52.1745 -52.0619 -52.1205 -52.1787 -52.2375 -52.2955 -52.3534 -52.4111 -52.4687 -52.5262 -52.5837 -52.6328 -57.1174 -57.5633 -57.6237 -57.6914 -57.7648 -57.8192 -57.8519 -57.8860 -57.9222 -57.9628 -57.5732 -57.6318 -57.6952 -59.3186 -59.5001 -59.6885 -59.8089 -59.3732 0.0000 0.0000 0.0000 -60.0310 -59.5146 -60.9777
-51.8999 -51.9627 -51.9197 -52.1847 -52.2300 -52.1010 -52.1604 -52.2187 -52.2771 -52.3352 -52.3932 -52.4510 -52.5011 -52.5584 -52.6157 -52.6731 -52.7306 -52.9410 -57.7104 -57.7736 -57.8450 -57.8860 -57.9168 -57.9498 -57.9855 -58.0273 -57.6281 -57.6874 -58.1919 -59.3971 -59.5738 -59.7304 -59.9883 -59.6091 0.0000 0.0000 0.0000 -60.5375 0.0000 0.0000
-51.9389 -52.0019 -51.9559 -52.2465 -52.2909 -52.1398 -52.1985 -52.2573 -52.3157 -52.3673 -52.4249 -52.4825 -52.5399 -52.5974 -52.6547 -52.7122 -52.7697 -52.9872 -53.0568 -53.1273 -53.2186 -57.9584 -57.9834 -58.0126 -58.0468 -58.0900 -57.6772 -57.7394 -58.2776 -59.4680 -59.6399 -59.9085 -60.0623 -59.6198 0.0000 0.0000 0.0000 -60.8381 0.0000 0.0000
-51.9772 -52.0405 -52.2285 -52.3105 0.0000 -52.1763 -52.2357 -52.2886 -52.3469 -52.4049 -52.4627 -52.5203 -52.5778 -52.6352 -52.6925 -52.7500 -52.9644 -53.0326 -53.1032 -53.1753 -53.2422 -53.2971 -53.3521 -58.0824 -58.1114 -57.6717 -57.7277 -57.7893 -59.3742 -59.6390 -59.8424 -59.9684 -59.4874 -59.6274 0.0000 0.0000 0.0000 -59.7836 0.0000 0.0000
-52.0230 -52.0848 -52.5921 0.0000 0.0000 -58.4717 -57.8816 -52.3237 -52.3830 -52.4416 -52.4993 -52.5570 -52.6145 -52.6719 -52.7293 -52.7867 -53.0076 -53.0773 -53.1488 -53.2216 -53.2839 -53.3385 -53.3929 -53.4478 -53.5047 -57.7308 -57.7817 -58.3238 -59.5478 -59.7367 -59.8979 -60.0047 -59.5033 -60.3656 -60.8440 -60.8782 -62.4824 -61.1668 -63.6537 -65.0023
-52.0635 -52.6098 -52.5639 -60.5987 -58.1236 -58.1263 -58.1262 -57.9532 -57.5835 -52.4755 -52.5343 -52.5926 -52.6501 -52.7075 -52.7649 -52.8223 -53.0505 -53.1215 -53.1937 -53.2671 -53.3243 -53.3784 -53.4324 -53.4871 -53.5447 -53.4250 -53.5113 -54.0726 -59.6489 -59.8284 -59.9410 -60.0301 -59.5103 -60.3134 -60.6214 -60.5968 -59.8880 -60.7180 -61.7256 -64.0511
-58.9131 -59.2793 -52.4764 -52.1556 -52.2141 -52.2722 -57.7473 -57.8526 -57.9230 -57.7702 -57.5687 -52.6254 -52.6839 -52.7420 -52.7993 -52.8566 -53.0930 -53.1652 -53.2392 -53.3098 -53.3634 -53.4169 -53.4705 -53.5253 -53.3974 -53.4826 -53.5520 -54.1178 -54.2152 -54.3107 -59.9846 -59.4121 -59.5152 -60.2717 -60.3992 -60.3366 -59.5144 -60.8757 -61.7019 -62.1613
-59.1352 -58.3919 -57.2328 -57.2460 -52.2504 -52.3074 -52.3651 -52.4225 -57.6631 -57.7695 -57.8497 -57.7413 -57.6118 -52.7735 -52.8318 -53.0646 -53.1350 -53.2084 -53.2831 -53.3484 -53.4014 -53.4543 -53.5075 -53.5818 -53.4539 -53.5212 -54.0661 -54.1615 -54.2584 -54.3414 -54.4058 -54.2849 -54.4023 -60.2421 -60.2037 -59.8034 -59.4303 -61.0287 -61.7215 -62.0144
-58.9155 -57.2863 -57.2968 -57.3059 -57.3171 -57.3274 -52.4003 -52.4576 -52.5146 -52.5715 -57.6631 -57.7596 -57.8380 -57.7661 -57.6766 -53.1023 -53.1757 -53.2511 -53.3266 -53.3858 -53.4382 -53.4905 -53.5631 -53.6223 -53.4896 -53.5580 -54.1088 -54.2039 -54.3002 -54.3683 -54.4293 -54.3067 -54.3795 -54.5838 -54.5585 -59.5744 -60.3650 -61.2938 -61.8378 -61.9053
