-50.7915 -50.7166 -50.6404 -50.5631 -50.4856 -50.4079 -50.3299 -50.2555 -50.1808 -50.1060 -50.0310 -49.9546 -49.8770 -49.7993 -49.7212 -49.6430 -49.5649 -49.4867 -49.4084 -49.3305 -49.2532 -49.1756 -49.0976 -49.0199 -48.9423 -48.8644 -48.7866 -48.7101 -48.6333 -48.5563 -48.4786 -48.4006 -48.3224 -48.2446 -48.1680 -48.0912 -48.0140 -47.9352 -47.8562 -47.7767
-50.8551 -50.7788 -50.7024 -50.6257 -50.5488 -50.4732 -50.3998 -50.3262 -50.2523 -50.1780 -50.1016 -50.0249 -49.9480 -49.8708 -49.7937 -49.7165 -49.6391 -49.5617 -49.4852 -49.4088 -49.3321 -49.2551 -49.1785 -49.1021 -49.0250 -48.9484 -48.8728 -48.7970 -48.7209 -48.6440 -48.5669 -48.4897 -48.4131 -48.3374 -48.2615 -48.1851 -48.1073 -48.0293 -47.9508 -47.8724
-50.9180 -50.8421 -50.7642 -50.6881 -50.6156 -50.5430 -50.4701 -50.3970 -50.3227 -50.2472 -50.1714 -50.0952 -50.0189 -49.9428 -49.8664 -49.7900 -49.7136 -49.6383 -49.5628 -49.4870 -49.4113 -49.3357 -49.2598 -49.1837 -49.1084 -49.0338 -48.9589 -48.8837 -48.8076 -48.7314 -48.6550 -48.5796 -48.5048 -48.4298 -48.3542 -48.2774 -48.2003 -48.1228 -48.0453 -47.9679
-50.9788 -50.9037 -50.8301 -50.7585 -50.6847 -50.6127 -50.5404 -50.4661 -50.3913 -50.3163 -50.2410 -50.1657 -50.0903 -50.0148 -49.9392 -49.8642 -49.7899 -49.7155 -49.6406 -49.5657 -49.4909 -49.4159 -49.3406 -49.2667 -49.1929 -49.1189 -49.0445 -48.9693 -48.8939 -48.8184 -48.7442 -48.6702 -48.5961 -48.5213 -48.4454 -48.3693 -48.2928 -48.2162 -48.1396 -48.0634
-51.0398 -50.9689 -50.8982 -50.8272 -50.7559 -50.6838 -50.6100 -50.5341 -50.4598 -50.3853 -50.3110 -50.2364 -50.1617 -50.0870 -50.0136 -49.9401 -49.8663 -49.7922 -49.7184 -49.6444 -49.5703 -49.4959 -49.4233 -49.3504 -49.2773 -49.2036 -49.1291 -49.0547 -48.9800 -48.9069 -48.8339 -48.7606 -48.6865 -48.6116 -48.5363 -48.4607 -48.3851 -48.3094 -48.2341 -48.1611
-51.1042 -51.0343 -50.9662 -50.8957 -50.8235 -50.7506 -50.6775 -50.6040 -50.5304 -50.4548 -50.3813 -50.3075 -50.2338 -50.1613 -50.0886 -50.0156 -49.9424 -49.8695 -49.7964 -49.7230 -49.6500 -49.5782 -49.5062 -49.4339 -49.3608 -49.2872 -49.2136 -49.1399 -49.0678 -48.9956 -48.9232 -48.8498 -48.7758 -48.7015 -48.6268 -48.5519 -48.4771 -48.4028 -48.3308 -48.2585
-51.1712 -51.1017 -51.0316 -50.9597 -50.8897 -50.8173 -50.7447 -50.6723 -50.5995 -50.5266 -50.4536 -50.3812 -50.3075 -50.2356 -50.1634 -50.0912 -50.0190 -49.9468 -49.8742 -49.8025 -49.7315 -49.6603 -49.5888 -49.5164 -49.4436 -49.3708 -49.2982 -49.2269 -49.1556 -49.0840 -49.0113 -48.9382 -48.8647 -48.7908 -48.7168 -48.6428 -48.5696 -48.4984 -48.4270 -48.3555
-51.2376 -51.1673 -51.0968 -51.0254 -50.9540 -50.8820 -50.8102 -50.7404 -50.6683 -50.5961 -50.5252 -50.4543 -50.3832 -50.3118 -50.2384 -50.1671 -50.0956 -50.0238 -49.9533 -49.8831 -49.8128 -49.7422 -49.6703 -49.5983 -49.5262 -49.4547 -49.3843 -49.3137 -49.2429 -49.1710 -49.0987 -49.0261 -48.9530 -48.8798 -48.8066 -48.7344 -48.6641 -48.5936 -48.5230 -48.4537
-51.3024 -51.2323 -51.1616 -51.0906 -51.0202 -50.9490 -50.8778 -50.8064 -50.7352 -50.6676 -50.5976 -50.5273 -50.4566 -50.3863 -50.3157 -50.2449 -50.1740 -50.1026 -50.0333 -49.9637 -49.8936 -49.8225 -49.7513 -49.6800 -49.6096 -49.5399 -49.4702 -49.4001 -49.3289 -49.2575 -49.1857 -49.1134 -49.0410 -48.9687 -48.8974 -48.8279 -48.7582 -48.6885 -48.6189 -48.5504
-51.3669 -51.2968 -51.2266 -51.1563 -51.0859 -51.0154 -50.9455 -50.8756 -50.8064 -50.7371 -50.6675 -50.5978 -50.5304 -50.4607 -50.3907 -50.3210 -50.2526 -50.1840 -50.1152 -50.0435 -49.9732 -49.9028 -49.8322 -49.7628 -49.6939 -49.6249 -49.5555 -49.4851 -49.4145 -49.3435 -49.2720 -49.2004 -49.1289 -49.0585 -48.9899 -48.9198 -48.8510 -48.7833 -48.7155 -48.6479
-51.4309 -51.3614 -51.2918 -51.2221 -51.1524 -51.0825 -51.0140 -50.9456 -50.8770 -50.8088 -50.7399 -50.6710 -50.6019 -50.5326 -50.4664 -50.3988 -50.3310 -50.2630 -50.1940 -50.1244 -50.0547 -49.9849 -49.9144 -49.8463 -49.7780 -49.7093 -49.6396 -49.5698 -49.4996 -49.4289 -49.3581 -49.2873 -49.2167 -49.1489 -49.0809 -49.0128 -48.9459 -48.8787 -48.8117 -48.7475
-51.4949 -51.4261 -51.3571 -51.2881 -51.2192 -51.1517 -51.0840 -51.0161 -50.9480 -50.8799 -50.8117 -50.7441 -50.6755 -50.6082 -50.5413 -50.4742 -50.4069 -50.3407 -50.2719 -50.2029 -50.1339 -50.0666 -49.9992 -49.9317 -49.8614 -49.7926 -49.7236 -49.6542 -49.5842 -49.5128 -49.4428 -49.3743 -49.3073 -49.2400 -49.1725 -49.1064 -49.0401 -48.9739 -48.9104 -48.8468
-51.5591 -51.4909 -51.4225 -51.3549 -51.2881 -51.2212 -51.1540 -51.0866 -51.0192 -50.9518 -50.8841 -50.8163 -50.7502 -50.6847 -50.6183 -50.5517 -50.4836 -50.4154 -50.3472 -50.2815 -50.2150 -50.1484 -50.0816 -50.0142 -49.9461 -49.8778 -49.8079 -49.7364 -49.6671 -49.5979 -49.5302 -49.4639 -49.3972 -49.3308 -49.2653 -49.1998 -49.1342 -49.0714 -49.0098 -48.9469
-51.6234 -51.5557 -51.4894 -51.4234 -51.3571 -51.2906 -51.2239 -51.1573 -51.0905 -51.0236 -50.9568 -50.8915 -50.8259 -50.7603 -50.6941 -50.6274 -50.5600 -50.4924 -50.4253 -50.3594 -50.2935 -50.2274 -50.1630 -50.0943 -50.0269 -49.9591 -49.8905 -49.8220 -49.7535 -49.6865 -49.6187 -49.5530 -49.4873 -49.4225 -49.3577 -49.2941 -49.2319 -49.1700 -49.1078 -49.0398
-51.6881 -51.6228 -51.5573 -51.4917 -51.4258 -51.3600 -51.2940 -51.2279 -51.1616 -51.0960 -51.0313 -50.9665 -50.9015 -50.8358 -50.7690 -50.7023 -50.6353 -50.5700 -50.5048 -50.4396 -50.3727 -50.3065 -50.2400 -50.1732 -50.1086 -50.0407 -49.9727 -49.9049 -49.8391 -49.7743 -49.7094 -49.6444 -49.5794 -49.5153 -49.4509 -49.3897 -49.3281 -49.2666 -49.1997 -49.1319
-51.7576 -51.6928 -51.6278 -51.5599 -51.4947 -51.4294 -51.3640 -51.2983 -51.2338 -51.1699 -51.1057 -51.0414 -50.9760 -50.9100 -50.8439 -50.7776 -50.7125 -50.6465 -50.5820 -50.5172 -50.4525 -50.3866 -50.3206 -50.2538 -50.1867 -50.1196 -50.0550 -49.9900 -49.9260 -49.8618 -49.7989 -49.7355 -49.6724 -49.6087 -49.5478 -49.4846 -49.4237 -49.3579 -49.2908 -49.2222
-51.8244 -51.7601 -51.6955 -51.6310 -51.5664 -51.4988 -51.4337 -51.3704 -51.3071 -51.2436 -51.1799 -51.1149 -51.0495 -50.9841 -50.9169 -50.8528 -50.7890 -50.7251 -50.6610 -50.5961 -50.5310 -50.4653 -50.4003 -50.3339 -50.2675 -50.2010 -50.1368 -50.0748 -50.0113 -49.9506 -49.8879 -49.8238 -49.7608 -49.7005 -49.6403 -49.5801 -49.5154 -49.4465 -49.3800 -49.3174
-51.8910 -51.8272 -51.7633 -51.6993 -51.6351 -51.5710 -51.5085 -51.4458 -51.3802 -51.3171 -51.2525 -51.1877 -51.1213 -51.0564 -50.9932 -50.9301 -50.8669 -50.8034 -50.7388 -50.6744 -50.6097 -50.5445 -50.4788 -50.4130 -50.3480 -50.2845 -50.2219 -50.1593 -50.0964 -50.0344 -49.9722 -49.9126 -49.8528 -49.7933 -49.7338 -49.6701 -49.6044 -49.5386 -49.4761 -49.4163
-51.9577 -51.8944 -51.8310 -51.7674 -51.7045 -51.6426 -51.5805 -51.5183 -51.4557 -51.3900 -51.3231 -51.2589 -51.1947 -51.1323 -51.0698 -51.0069 -50.9440 -50.8803 -50.8166 -50.7525 -50.6880 -50.6229 -50.5577 -50.4926 -50.4303 -50.3683 -50.3069 -50.2447 -50.1833 -50.1218 -50.0602 -50.0010 -49.9420 -49.8830 -49.8230 -49.7580 -49.6930 -49.6306 -49.5715 -49.5122
-52.0242 -51.9614 -51.8984 -51.8367 -51.7754 -51.7140 -51.6507 -51.5885 -51.5250 -51.4615 -51.3979 -51.3347 -51.2698 -51.2079 -51.1458 -51.0835 -51.0205 -50.9574 -50.8940 -50.8301 -50.7656 -50.7014 -50.6368 -50.5751 -50.5137 -50.4522 -50.3906 -50.3299 -50.2699 -50.2089 -50.1502 -50.0918 -50.0334 -49.9717 -49.9073 -49.8429 -49.7833 -49.7248 -49.6662 -49.6069
-52.0908 -52.0284 -51.9676 -51.9052 -51.8444 -51.7836 -51.7216 -51.6587 -51.5959 -51.5329 -51.4703 -51.4091 -51.3478 -51.2864 -51.2246 -51.1593 -51.0968 -51.0341 -50.9708 -50.9072 -50.8433 -50.7794 -50.7184 -50.6577 -50.5968 -50.5359 -50.4757 -50.4155 -50.3551 -50.2969 -50.2401 -50.1823 -50.1215 -50.0578 -49.9940 -49.9318 -49.8738 -49.8158 -49.7574 -49.6996
-52.1556 -52.0957 -52.0356 -51.9755 -51.9151 -51.8533 -51.7911 -51.7286 -51.6662 -51.6048 -51.5442 -51.4836 -51.4227 -51.3614 -51.2998 -51.2379 -51.1762 -51.1105 -51.0471 -50.9839 -50.9205 -50.8603 -50.8002 -50.7400 -50.6797 -50.6201 -50.5605 -50.5007 -50.4430 -50.3859 -50.3286 -50.2688 -50.2058 -50.1436 -50.0814 -50.0241 -49.9666 -49.9090 -49.8491 -49.7893
-52.2244 -52.1649 -52.1053 -52.0455 -51.9837 -51.9220 -51.8603 -51.7985 -51.7380 -51.6781 -51.6181 -51.5578 -51.4970 -51.4363 -51.3751 -51.3137 -51.2514 -51.1887 -51.1261 -51.0633 -51.0009 -50.9413 -50.8817 -50.8221 -50.7631 -50.7040 -50.6448 -50.5877 -50.5311 -50.4744 -50.4155 -50.3531 -50.2906 -50.2285 -50.1717 -50.1158 -50.0588 -49.9998 -49.9407 -49.8814
-52.2932 -52.2342 -52.1742 -52.1131 -52.0521 -51.9909 -51.9297 -51.8701 -51.8106 -51.7512 -51.6914 -51.6316 -51.5712 -51.5107 -51.4499 -51.3881 -51.3260 -51.2639 -51.2018 -51.1431 -51.0842 -51.0252 -50.9631 -50.9046 -50.8462 -50.7876 -50.7309 -50.6748 -50.6187 -50.5608 -50.4990 -50.4370 -50.3751 -50.3188 -50.2625 -50.2061 -50.1479 -50.0906 -50.0318 -49.9760
-52.3613 -52.3021 -52.2416 -52.1811 -52.1205 -52.0597 -52.0009 -51.9421 -51.8835 -51.8243 -51.7647 -51.7048 -51.6449 -51.5847 -51.5235 -51.4620 -51.4005 -51.3391 -51.2809 -51.2227 -51.1642 -51.1058 -51.0480 -50.9901 -50.9290 -50.8727 -50.8171 -50.7616 -50.7045 -50.6433 -50.5820 -50.5207 -50.4644 -50.4086 -50.3528 -50.2955 -50.2377 -50.1796 -50.1254 -50.0773
-52.4287 -52.3688 -52.3088 -52.2488 -52.1890 -52.1308 -52.0728 -52.0143 -51.9557 -51.8965 -51.8373 -51.7779 -51.7184 -51.6575 -51.5965 -51.5356 -51.4751 -51.4175 -51.3598 -51.3019 -51.2441 -51.1868 -51.1295 -51.0720 -51.0163 -50.9613 -50.9063 -50.8469 -50.7862 -50.7255 -50.6648 -50.6086 -50.5533 -50.4998 -50.4434 -50.3862 -50.3287 -50.2726 -50.2194 -50.1663
-52.4948 -52.4354 -52.3759 -52.3173 -52.2597 -52.2019 -52.1441 -52.0860 -52.0274 -51.9685 -51.9098 -51.8507 -51.7904 -51.7300 -51.6696 -51.6096 -51.5526 -51.4955 -51.4384 -51.3811 -51.3243 -51.2675 -51.2106 -51.1554 -51.1009 -51.0464 -50.9911 -50.9329 -50.8728 -50.8094 -50.7531 -50.6984 -50.6436 -50.5880 -50.5314 -50.4745 -50.4184 -50.3656 -50.3130 -50.2602
-52.5613 -52.5023 -52.4442 -52.3870 -52.3298 -52.2725 -52.2149 -52.1569 -52.0988 -52.0406 -51.9820 -51.9222 -51.8622 -51.8023 -51.7431 -51.6866 -51.6300 -51.5733 -51.5166 -51.4604 -51.4041 -51.3479 -51.2950 -51.2411 -51.1871 -51.1326 -51.0732 -51.0136 -50.9540 -50.8978 -50.8436 -50.7894 -50.7312 -50.6751 -50.6189 -50.5626 -50.5103 -50.4581 -50.4060 -50.3500
-52.6272 -52.5699 -52.5133 -52.4566 -52.3998 -52.3427 -52.2852 -52.2277 -52.1701 -52.1119 -52.0526 -51.9934 -51.9341 -51.8754 -51.8194 -51.7633 -51.7072 -51.6530 -51.5973 -51.5415 -51.4857 -51.4313 -51.3779 -51.3246 -51.2709 -51.2120 -51.1530 -51.0940 -51.0378 -50.9841 -50.9304 -50.8764 -50.8209 -50.7652 -50.7059 -50.6536 -50.6018 -50.5483 -50.4937 -50.4374
-52.6946 -52.6385 -52.5823 -52.5259 -52.4693 -52.4124 -52.3555 -52.2984 -52.2406 -52.1819 -52.1231 -52.0644 -52.0085 -51.9531 -51.8976 -51.8420 -51.7862 -51.7310 -51.6758 -51.6204 -51.5665 -51.5136 -51.4606 -51.4076 -51.3494 -51.2911 -51.2326 -51.1764 -51.1232 -51.0700 -51.0167 -50.9618 -50.9049 -50.8496 -50.7972 -50.7458 -50.6912 -50.6377 -50.5820 -50.5261
-52.7626 -52.7069 -52.6510 -52.5949 -52.5386 -52.4821 -52.4255 -52.3703 -52.3121 -52.2539 -52.1956 -52.1384 -52.0835 -52.0285 -51.9734 -51.9183 -51.8637 -51.8089 -51.7541 -51.7004 -51.6479 -51.5954 -51.5429 -51.4855 -51.4276 -51.3696 -51.3135 -51.2590 -51.2063 -51.1537 -51.0995 -51.0449 -50.9902 -50.9377 -50.8868 -50.8360 -50.7840 -50.7289 -50.6736 -50.6157
-52.8304 -52.7751 -52.7216 -52.6658 -52.6098 -52.5537 -52.4968 -52.4391 -52.3814 -52.3236 -52.2670 -52.2127 -52.1583 -52.1036 -52.0491 -51.9949 -51.9407 -51.8863 -51.8332 -51.7812 -51.7292 -51.6770 -51.6204 -51.5611 -51.5036 -51.4476 -51.3953 -51.3431 -51.2910 -51.2375 -51.1837 -51.1295 -51.0769 -51.0264 -50.9761 -50.9252 -50.8707 -50.8160 -50.7610 -50.7136
-52.9002 -52.8450 -52.7898 -52.7343 -52.6787 -52.6222 -52.5650 -52.5077 -52.4505 -52.3945 -52.3407 -52.2868 -52.2327 -52.1785 -52.1248 -52.0711 -52.0173 -51.9646 -51.9111 -51.8595 -51.8079 -51.7522 -51.6954 -51.6385 -51.5822 -51.5305 -51.4787 -51.4271 -51.3744 -51.3209 -51.2673 -51.2146 -51.1647 -51.1148 -51.0649 -51.0111 -50.9570 -50.9026 -50.8539 -50.8073
-52.9675 -52.9127 -52.8578 -52.8026 -52.7465 -52.6898 -52.6330 -52.5762 -52.5208 -52.4675 -52.4141 -52.3605 -52.3069 -52.2516 -52.1983 -52.1450 -52.0927 -52.0417 -51.9906 -51.9395 -51.8846 -51.8283 -51.7719 -51.7159 -51.6646 -51.6133 -51.5620 -51.5099 -51.4570 -51.4039 -51.3511 -51.3015 -51.2519 -51.2025 -51.1502 -51.0966 -51.0427 -50.9929 -50.9467 -50.9004
-53.0345 -52.9801 -52.9255 -52.8696 -52.8134 -52.7571 -52.7008 -52.6461 -52.5933 -52.5382 -52.4850 -52.4319 -52.3792 -52.3265 -52.2736 -52.2217 -52.1712 -52.1205 -52.0699 -52.0158 -51.9600 -51.9041 -51.8481 -51.7973 -51.7464 -51.6958 -51.6444 -51.5920 -51.5392 -51.4865 -51.4372 -51.3880 -51.3390 -51.2877 -51.2346 -51.1813 -51.1303 -51.0847 -51.0389 -50.9927
-53.1013 -53.0472 -52.9918 -52.9360 -52.8780 -52.8221 -52.7681 -52.7157 -52.6633 -52.6106 -52.5580 -52.5058 -52.4534 -52.4010 -52.3496 -52.2995 -52.2493 -52.1991 -52.1458 -52.0905 -52.0351 -51.9796 -51.9287 -51.8784 -51.8282 -51.7775 -51.7256 -51.6735 -51.6213 -51.5718 -51.5231 -51.4742 -51.4240 -51.3715 -51.3187 -51.2666 -51.2213 -51.1759 -51.1304 -51.0826
-53.1656 -53.1106 -53.0552 -52.9999 -52.9446 -52.8912 -52.8393 -52.7873 -52.7352 -52.6830 -52.6312 -52.5793 -52.5274 -52.4763 -52.4266 -52.3769 -52.3272 -52.2746 -52.2198 -52.1649 -52.1099 -52.0590 -52.0091 -51.9593 -51.9093 -51.8579 -51.8063 -51.7545 -51.7050 -51.6566 -51.6084 -51.5593 -51.5073 -51.4548 -51.4024 -51.3567 -51.3118 -51.2665 -51.2196 -51.1718
-53.2307 -53.1759 -53.1209 -53.0660 -53.0133 -52.9618 -52.9103 -52.8586 -52.8069 -52.7556 -52.7041 -52.6527 -52.6020 -52.5527 -52.5034 -52.4541 -52.4023 -52.3479 -52.2935 -52.2390 -52.1881 -52.1386 -52.0893 -52.0398 -51.9889 -51.9378 -51.8866 -51.8370 -51.7890 -51.7411 -51.6931 -51.6416 -51.5899 -51.5380 -51.4913 -51.4464 -51.4015 -51.3556 -51.3082 -51.2609
-53.2953 -53.2409 -53.1865 -53.1344 -53.0833 -53.0322 -52.9810 -52.9298 -52.8788 -52.8278 -52.7768 -52.7265 -52.6776 -52.6288 -52.5799 -52.5288 -52.4749 -52.4210 -52.3669 -52.3160 -52.2670 -52.2181 -52.1692 -52.1188 -52.0682 -52.0174 -51.9678 -51.9202 -51.8726 -51.8252 -51.7746 -51.7234 -51.6720 -51.6242 -51.5797 -51.5354 -51.4906 -51.4438 -51.3965 -51.3493
-53.3599 -53.3059 -53.2543 -53.2038 -53.1532 -53.1025 -53.0517 -53.0011 -52.9505 -52.8999 -52.8499 -52.8015 -52.7530 -52.7046 -52.6542 -52.6008 -52.5473 -52.4937 -52.4428 -52.3942 -52.3458 -52.2973 -52.2475 -52.1974 -52.1471 -52.0974 -52.0501 -52.0030 -51.9559 -51.9064 -51.8557 -51.8050 -51.7556 -51.7118 -51.6679 -51.6241 -51.5777 -51.5310 -51.4842 -51.4377
