-48.2536 -48.1185 -47.9770 -47.8401 -47.7331 -47.5883 -47.4587 -47.3242 -47.1713 -47.0405 -46.9188 -46.7190 -46.6024 -46.4359 -46.3233 -46.1908 -46.0285 -45.9284 -45.8066 -45.6931 -45.6113 -45.5226 -45.4458 -45.3293 -45.2709 -45.2160 -45.1712 -45.1277 -45.0508 -45.0614 -45.1048 -45.1642 -45.2287 -45.3050 -45.3301 -45.3725 -45.4675 -45.5687 -45.6727 -45.7822
-48.0933 -47.9479 -47.8132 -47.6635 -47.5296 -47.4016 -47.2694 -47.1397 -46.9757 -46.8479 -46.7166 -46.5416 -46.3952 -46.2475 -46.1112 -45.9702 -45.8118 -45.7045 -45.6041 -45.4618 -45.3784 -45.2887 -45.2104 -45.0908 -45.0316 -44.9763 -44.9298 -44.8871 -44.8088 -44.8197 -44.8642 -44.9244 -44.9900 -45.0685 -45.0703 -45.1410 -45.2354 -45.3408 -45.4445 -45.5641
-47.9563 -47.7823 -47.6370 -47.4940 -47.3469 -47.2388 -47.0823 -46.9457 -46.8061 -46.6486 -46.5112 -46.3841 -46.1820 -46.0341 -45.8908 -45.7705 -45.5887 -45.4753 -45.3718 -45.2243 -45.1400 -45.0503 -44.9688 -44.8464 -44.7859 -44.7305 -44.6821 -44.6405 -44.5608 -44.5719 -44.6177 -44.6784 -44.7452 -44.8247 -44.8294 -44.9036 -44.9989 -45.1076 -45.2103 -45.3385
-47.7684 -47.6420 -47.4629 -47.3191 -47.1652 -47.0193 -46.8901 -46.7461 -46.6106 -46.4412 -46.3071 -46.1709 -45.9899 -45.8409 -45.6637 -45.5454 -45.4065 -45.2410 -45.1341 -45.0076 -44.8958 -44.8054 -44.7206 -44.5959 -44.5335 -44.4783 -44.4277 -44.3873 -44.3062 -44.3176 -44.3650 -44.4258 -44.4943 -44.5493 -44.5824 -44.6593 -44.7566 -44.8689 -44.9733 -45.1043
-47.6038 -47.4485 -47.2927 -47.1359 -46.9897 -46.8308 -46.7203 -46.5352 -46.4057 -46.2588 -46.0963 -45.9528 -45.7950 -45.6146 -45.4581 -45.3142 -45.1675 -45.0028 -44.8908 -44.7599 -44.6443 -44.5537 -44.4654 -44.3635 -44.2741 -44.2189 -44.1663 -44.1272 -44.0449 -44.0565 -44.1055 -44.1662 -44.2365 -44.2916 -44.3043 -44.4065 -44.5076 -44.6234 -44.7351 -44.8645
-47.4108 -47.2775 -47.1426 -46.9571 -46.8028 -46.6450 -46.4888 -46.3567 -46.1996 -46.0548 -45.8780 -45.7355 -45.5939 -45.3819 -45.2269 -45.0736 -44.9478 -44.7577 -44.6414 -44.5298 -44.3851 -44.2945 -44.2029 -44.1002 -44.0073 -43.9520 -43.8974 -43.8598 -43.7763 -43.7883 -43.8387 -43.8993 -43.9722 -44.0266 -44.0444 -44.1465 -44.2515 -44.3674 -44.4903 -44.6204
-47.2402 -47.0792 -46.9397 -46.8008 -46.6120 -46.4574 -46.2888 -46.1580 -45.9850 -45.8423 -45.6871 -45.5163 -45.3672 -45.1754 -45.0153 -44.8263 -44.7015 -44.5292 -44.3860 -44.2698 -44.1182 -44.0275 -43.9327 -43.8292 -43.7326 -43.6773 -43.6207 -43.5846 -43.5002 -43.5125 -43.5643 -43.6245 -43.7003 -43.7290 -43.7776 -43.8788 -43.9895 -44.1039 -44.2372 -44.3724
-47.0689 -46.9007 -46.7611 -46.5904 -46.4244 -46.2579 -46.0945 -45.9274 -45.7960 -45.6237 -45.4712 -45.2874 -45.1376 -44.9904 -44.7714 -44.6068 -44.4523 -44.2976 -44.1260 -44.0062 -43.8713 -43.7542 -43.6558 -43.5748 -43.4503 -43.3944 -43.3356 -43.3014 -43.2161 -43.2288 -43.2818 -43.3416 -43.4203 -43.4478 -43.5027 -43.6031 -43.7218 -43.8342 -43.9771 -44.1202
-46.9172 -46.7230 -46.5511 -46.4045 -46.2560 -46.0601 -45.8920 -45.7171 -45.5548 -45.4017 -45.2443 -45.0819 -44.9035 -44.7487 -44.5480 -44.3835 -44.1932 -44.0591 -43.8605 -43.7376 -43.5975 -43.4773 -43.3776 -43.2913 -43.1658 -43.1065 -43.0482 -43.0129 -42.9279 -42.9408 -42.9940 -43.0546 -43.1354 -43.1657 -43.2239 -43.3276 -43.4512 -43.5707 -43.7125 -43.8595
-46.7469 -46.5695 -46.3668 -46.1892 -46.0354 -45.8844 -45.6819 -45.5103 -45.3331 -45.2006 -45.0120 -44.8509 -44.6606 -44.5013 -44.3228 -44.1241 -43.9516 -43.7917 -43.6129 -43.4605 -43.3398 -43.1898 -43.0907 -42.9995 -42.8733 -42.8106 -42.7542 -42.7172 -42.6333 -42.6465 -42.6991 -42.7612 -42.8428 -42.8524 -42.9366 -43.0436 -43.1699 -43.2991 -43.4421 -43.5914
-46.5772 -46.3930 -46.2108 -46.0008 -45.8201 -45.6574 -45.4767 -45.2936 -45.1120 -44.9381 -44.7813 -44.6077 -44.4142 -44.2500 -44.0894 -43.8547 -43.6841 -43.5162 -43.3556 -43.1742 -43.0503 -42.8937 -42.7942 -42.6992 -42.5711 -42.5050 -42.4508 -42.4121 -42.3295 -42.3431 -42.3948 -42.4590 -42.5405 -42.5545 -42.6389 -42.7502 -42.8771 -43.0177 -43.1644 -43.3172
-46.4045 -46.2173 -46.0254 -45.8140 -45.6215 -45.4623 -45.2696 -45.0818 -44.8967 -44.7062 -44.5519 -44.3624 -44.1916 -43.9907 -43.8217 -43.6359 -43.4334 -43.2308 -43.0885 -42.8805 -42.7523 -42.6136 -42.4877 -42.3898 -42.2586 -42.1903 -42.1372 -42.0968 -42.0161 -42.0301 -42.0805 -42.1468 -42.2280 -42.2465 -42.3319 -42.4486 -42.5756 -42.7239 -42.8772 -43.0349
-46.2052 -46.0377 -45.8440 -45.6446 -45.4265 -45.2326 -45.0623 -44.8911 -44.6728 -44.4820 -44.2910 -44.1293 -43.9374 -43.7335 -43.5570 -43.3891 -43.1463 -42.9645 -42.7916 -42.5797 -42.4439 -42.2996 -42.1703 -42.0705 -41.9601 -41.8655 -41.8129 -41.7708 -41.6924 -41.7069 -41.7555 -41.8238 -41.8799 -41.9031 -42.0151 -42.1379 -42.2696 -42.4198 -42.5808 -42.7465
-46.0379 -45.8293 -45.6568 -45.4551 -45.2500 -45.0261 -44.8280 -44.6445 -44.4480 -44.2503 -44.0484 -43.8808 -43.6711 -43.4981 -43.2864 -43.1084 -42.8837 -42.6732 -42.4924 -42.3228 -42.1303 -42.0025 -41.8461 -41.7433 -41.6523 -41.5314 -41.4788 -41.4353 -41.3588 -41.3739 -41.4209 -41.4911 -41.5477 -41.5755 -41.6908 -41.8206 -41.9597 -42.1147 -42.2818 -42.4577
-45.8557 -45.6553 -45.4414 -45.2606 -45.0498 -44.8420 -44.6084 -44.4057 -44.2144 -44.0133 -43.8080 -43.6017 -43.4358 -43.2233 -43.0103 -42.8225 -42.6431 -42.3949 -42.1821 -42.0271 -41.8060 -41.6726 -41.5114 -41.4054 -41.3091 -41.1865 -41.1351 -41.0905 -41.0147 -41.0307 -41.0767 -41.1487 -41.1801 -41.2376 -41.3562 -41.4914 -41.6388 -41.7994 -41.9718 -42.1591
-45.7138 -45.4736 -45.2680 -45.0474 -44.8565 -44.6359 -44.4229 -44.1776 -43.9873 -43.7947 -43.5587 -43.3445 -43.1366 -42.9431 -42.7526 -42.5291 -42.3407 -42.1054 -41.8860 -41.7003 -41.4771 -41.3341 -41.1636 -41.0543 -40.9525 -40.8283 -40.7781 -40.7328 -40.6580 -40.6749 -40.7202 -40.7940 -40.8241 -40.8868 -41.0087 -41.1477 -41.3046 -41.4747 -41.6535 -41.8485
-45.5495 -45.3237 -45.0806 -44.8649 -44.6372 -44.4376 -44.2095 -43.9645 -43.7388 -43.5361 -43.3155 -43.0951 -42.8728 -42.6814 -42.4607 -42.2353 -42.0327 -41.8146 -41.5822 -41.3665 -41.1849 -40.9822 -40.8262 -40.6915 -40.5868 -40.4577 -40.4054 -40.3607 -40.2877 -40.3058 -40.3501 -40.4257 -40.4553 -40.5224 -40.6490 -40.7915 -40.9592 -41.1403 -41.3309 -41.5073
-45.3606 -45.1530 -44.9206 -44.6715 -44.4448 -44.2093 -44.0028 -43.7658 -43.5103 -43.2824 -43.0673 -42.8386 -42.6139 -42.3861 -42.1816 -41.9677 -41.7278 -41.5267 -41.2558 -41.0265 -40.8576 -40.6266 -40.4855 -40.3246 -40.2158 -40.0810 -40.0232 -39.9793 -39.9082 -39.9273 -39.9709 -40.0471 -40.0587 -40.1545 -40.2898 -40.4393 -40.6135 -40.7995 -41.0042 -41.1972
-45.1929 -44.9562 -44.7409 -44.5028 -44.2444 -44.0062 -43.7657 -43.5471 -43.3024 -43.0388 -42.8251 -42.6039 -42.3426 -42.1053 -41.8991 -41.6613 -41.4168 -41.2017 -40.9448 -40.7046 -40.5003 -40.2650 -40.1148 -39.9453 -39.8339 -39.6938 -39.6302 -39.5873 -39.5181 -39.5377 -39.5811 -39.6578 -39.6772 -39.7763 -39.9199 -40.0789 -40.2596 -40.4511 -40.6681 -40.8780
-45.0343 -44.7925 -44.5445 -44.3249 -44.0746 -43.8049 -43.5581 -43.3316 -43.0744 -42.8246 -42.5483 -42.3201 -42.0678 -41.8275 -41.5804 -41.3639 -41.1250 -40.8699 -40.6549 -40.3744 -40.1321 -39.9121 -39.7319 -39.5494 -39.4343 -39.3139 -39.2214 -39.1794 -39.1121 -39.1321 -39.1754 -39.2529 -39.2539 -39.3810 -39.5289 -39.7015 -39.8885 -40.0959 -40.3025 -40.5200
-44.8209 -44.5497 -44.2982 -44.0414 -43.8135 -43.6314 -43.3543 -43.0959 -42.8591 -42.5946 -42.3339 -42.0483 -41.8074 -41.5443 -41.2927 -41.0630 -40.7958 -40.5391 -40.3075 -40.0356 -39.7846 -39.5753 -39.3377 -39.1688 -39.0245 -38.9222 -38.8021 -38.7597 -38.6947 -38.7150 -38.7583 -38.8368 -38.8434 -38.9747 -39.1280 -39.3143 -39.5119 -39.7368 -39.9606 -40.1943
-44.6983 -44.4453 -44.1647 -43.9051 -43.6419 -43.4025 -43.1268 -42.8409 -42.5659 -42.3227 -42.0479 -41.7476 -41.4821 -41.2525 -40.9576 -40.6832 -40.4458 -40.1929 -39.9216 -39.6917 -39.3966 -39.1509 -38.9017 -38.7433 -38.5763 -38.4735 -38.3520 -38.3156 -38.2570 -38.2777 -38.3169 -38.3663 -38.4011 -38.5331 -38.6929 -38.8899 -39.1004 -39.3132 -39.5759 -39.8235
-44.5812 -44.3206 -44.0549 -43.7644 -43.4997 -43.2257 -42.9748 -42.6913 -42.3933 -42.1086 -41.8513 -41.5653 -41.2525 -40.9948 -40.7094 -40.4284 -40.1432 -39.8816 -39.6007 -39.3538 -39.0407 -38.7758 -38.5145 -38.3383 -38.1580 -38.0477 -37.9174 -37.8776 -37.8171 -37.8383 -37.8819 -37.9341 -37.9824 -38.1239 -38.2996 -38.5109 -38.7387 -38.9741 -39.2319 -39.5201
-44.4336 -44.1968 -43.9278 -43.6483 -43.3782 -43.0773 -42.7914 -42.5327 -42.2357 -41.9278 -41.6317 -41.3571 -41.0621 -40.7354 -40.4591 -40.1582 -39.8590 -39.5948 -39.3118 -39.0126 -38.7303 -38.4207 -38.1636 -37.9248 -37.7255 -37.6038 -37.4637 -37.4200 -37.3575 -37.3791 -37.4277 -37.4581 -37.5424 -37.6984 -37.8917 -38.1183 -38.3720 -38.6330 -38.9086 -39.2178
-44.2834 -43.9924 -43.7206 -43.4636 -43.1766 -42.8941 -42.5778 -42.2853 -42.0107 -41.7005 -41.3826 -41.0678 -40.7825 -40.4676 -40.1318 -39.8389 -39.5260 -39.2175 -38.9272 -38.6108 -38.3460 -38.0156 -37.7343 -37.4602 -37.2734 -37.1306 -36.9897 -36.9417 -36.8813 -36.9063 -36.9513 -36.9874 -37.0719 -37.2292 -37.4392 -37.6789 -37.9333 -38.2114 -38.5255 -38.8823
-44.1635 -43.8596 -43.5571 -43.2756 -43.0069 -42.7143 -42.4168 -42.0918 -41.7878 -41.4999 -41.1799 -40.8452 -40.5210 -40.2162 -39.8642 -39.5356 -39.2540 -38.8942 -38.5959 -38.2833 -37.9539 -37.6263 -37.3036 -37.0163 -36.8378 -36.6517 -36.5042 -36.4513 -36.3933 -36.4191 -36.4629 -36.4840 -36.5990 -36.7784 -37.0044 -37.2627 -37.5439 -37.8440 -38.1871 -38.5669
-44.0048 -43.7428 -43.4589 -43.1439 -42.8256 -42.5558 -42.2500 -41.9378 -41.6041 -41.2828 -40.9856 -40.6466 -40.2976 -39.9565 -39.6342 -39.2607 -38.9369 -38.5867 -38.2335 -37.9195 -37.5665 -37.2666 -36.8951 -36.6074 -36.3584 -36.1588 -36.0251 -35.9442 -35.9115 -35.9132 -35.9581 -35.9626 -36.1112 -36.3179 -36.5565 -36.8454 -37.1212 -37.4727 -37.8738 -38.2514
-43.8793 -43.5899 -43.2923 -43.0187 -42.6916 -42.3652 -42.0595 -41.7676 -41.4404 -41.0906 -40.7600 -40.4460 -40.0977 -39.7293 -39.3750 -39.0334 -38.6422 -38.2963 -37.9243 -37.5589 -37.2166 -44.0943 -36.4895 -36.1683 -35.8747 -35.6613 -35.5303 -35.4229 -35.3882 -35.3908 -35.4416 -35.4515 -35.6246 -35.8414 -36.1061 -36.4098 -36.7404 -37.1232 -37.5563 -37.9528
-43.7655 -43.4490 -43.1533 -42.8514 -42.5384 -42.2499 -41.9188 -41.5760 -41.2800 -40.9392 -40.6080 -40.2359 -39.9069 -39.5394 -39.1529 -38.8006 -38.4123 -37.9982 -37.6496 -37.2298 -43.3842 -43.4587 -43.2752 -35.7285 -35.4076 -35.1681 -35.0293 -34.9049 -34.8940 -34.8728 -34.9297 -34.9591 -35.1424 -35.3879 -35.6845 -36.0158 -36.3780 -36.8165 -37.2542 -37.6651
-43.6365 -43.3414 -43.0415 -42.7135 -42.4073 -42.0833 -41.7864 -41.4378 -41.0857 -40.7741 -40.4283 -40.0812 -39.7014 -39.3566 -38.9798 -38.5761 -38.1997 -37.7903 -37.3741 -43.0651 -42.8392 -42.8254 -42.8663 -42.2652 -35.0045 -34.7317 -34.5270 -34.3840 -34.3651 -34.3451 -34.4156 -34.4622 -34.6616 -34.9438 -35.2465 -35.6164 -36.0336 -36.5258 -36.9738 -37.4334
-51.4346 -43.2163 -42.9062 -42.5944 -42.2846 -41.9370 -41.6154 -41.2870 -40.9739 -40.6178 -40.2513 -39.9285 -39.5705 -39.1700 -38.7892 -38.4198 -37.9944 -37.5906 -43.2056 -42.7203 -42.3614 -42.2183 -42.2710 -41.8185 -41.1672 -34.2701 -34.0439 -33.8808 -33.8468 -33.8264 -33.9146 -33.9828 -34.2218 -34.5253 -34.8749 -35.2777 -35.7669 -36.2636 -36.7469 -37.1990
-51.5870 -51.1372 -50.7001 -42.4613 -42.1430 -41.8243 -41.4730 -41.1487 -40.8102 -40.4942 -40.1205 -39.7524 -39.4304 -39.0585 -38.6598 -38.2618 -37.8630 -43.5291 -42.9857 -42.4129 -41.9518 -41.6651 -41.6060 -41.3734 -40.6782 -33.8669 -33.6109 -33.4213 -33.3673 -33.3459 -33.4322 -33.5557 -33.8304 -34.1740 -34.5383 -35.0335 -35.5448 -36.0557 -36.5761 -37.0310
-51.8884 -51.5298 -51.0279 -50.4893 -49.9373 -41.6902 -41.3464 -41.0249 -40.6647 -40.3341 -39.9882 -39.6669 -39.2918 -38.9169 -38.5709 -38.1703 -43.5336 -43.2968 -42.7345 -42.1699 -41.5971 -41.1823 -40.9821 -40.9550 -40.1926 -39.4520 -33.2352 -33.0180 -32.9420 -32.9208 -32.9827 -33.1921 -33.5049 -33.8816 -34.3225 -34.8557 -35.3923 -35.9408 -36.4441 -36.9353
-51.5850 -51.6110 -51.6679 -51.2034 -50.6514 -50.0114 -49.2555 -40.8900 -40.5485 -40.2143 -39.8514 -39.5176 -39.2028 -38.8329 -38.4627 -43.6090 -43.1620 -42.7990 -42.4936 -41.9033 -41.3252 -40.7697 -40.4253 -40.3277 -39.7167 -38.9250 -38.1987 -32.7641 -32.6302 -32.6068 -32.6889 -32.9677 -33.3329 -33.7241 -34.2491 -34.8006 -35.3500 -35.8829 -36.4210 -36.8952
-51.2140 -51.1946 -51.2957 -51.5839 -51.8010 -51.4180 -51.0193 -50.6049 -50.1654 -40.0780 -39.7426 -39.4131 -39.0643 -44.3932 -43.8912 -43.3821 -42.8790 -42.4118 -42.0303 -41.6557 -41.0421 -40.4641 -39.9495 -39.7030 -39.2802 -38.4120 -37.6340 -37.0952 -32.5111 -32.4896 -32.6069 -32.9222 -33.3273 -33.7754 -34.3307 -34.8741 -35.4054 -35.9557 -36.4743 -36.9125
-43.1072 -50.6057 -50.6460 -51.0373 -51.7309 -52.9804 -53.4441 -54.0590 -55.9656 0.0000 0.0000 -39.2861 -44.8231 -44.2765 -43.7372 -43.1957 -42.6527 -42.1210 -41.6312 -41.2327 -40.7920 -40.1656 -39.5655 -39.1701 -38.8523 -37.9277 -37.0887 -36.4875 -36.4455 -32.7106 -32.7943 -33.0876 -33.4837 -34.0002 -34.5555 -35.0824 -35.5904 -36.1026 -36.5753 -36.9872
-42.9553 -42.6463 -42.2661 -41.9343 -49.7600 -51.4254 -52.7346 -54.4234 -58.6053 0.0000 0.0000 0.0000 0.0000 -44.3223 -43.6820 -43.0848 -42.4938 -41.9091 -41.3442 -40.8306 -40.4194 -39.9236 -39.3045 -38.7553 -38.4722 -37.5159 -36.5871 -35.9360 -35.7940 -36.2579 -33.4867 -33.6283 -33.8837 -34.3503 -34.8301 -35.2916 -35.7702 -36.2639 -36.6857 -37.0132
-42.8833 -42.5795 -42.2148 -41.8345 -41.4580 -41.1000 -40.7487 -49.3542 -49.1846 0.0000 0.0000 0.0000 0.0000 0.0000 -43.8074 -43.1388 -42.4761 -41.8047 -41.1700 -40.5677 -40.0322 -39.6199 -39.0935 -38.5210 -38.0845 -37.1662 -36.1688 -35.4354 -35.2138 -35.6469 -36.5048 -34.9961 -34.9806 -35.1198 -35.3030 -35.5514 -35.8853 -36.2615 -36.6434 -36.9042
-42.7592 -42.4481 -42.1260 -41.7295 -41.3715 -41.0174 -40.6485 -40.2610 -39.8646 -48.2069 -48.1779 0.0000 0.0000 0.0000 -44.0236 -43.3146 -42.5943 -41.8734 -41.1642 -40.4786 -39.8411 -39.2952 -38.9086 -38.4026 -37.9506 -37.0643 -35.9244 -35.0832 -34.7774 -35.1744 -36.0574 -36.5452 -37.3259 -36.7325 -36.3025 -36.0280 -35.9356 -36.0939 -36.4072 -36.6706
-42.6555 -42.3369 -42.0113 -41.6265 -41.2303 -40.8648 -40.4894 -40.1148 -46.8887 -46.4485 -45.9919 -45.5179 -45.0253 -44.5131 -43.9799 -43.4247 -42.8469 -42.1039 -41.3347 -40.5775 -39.8558 -39.2036 -38.6848 -38.4640 -38.0110 -37.8214 -35.9344 -34.9780 -34.5880 -34.9354 -35.8456 -35.8496 -36.2980 -39.6523 -38.0436 -36.7457 -36.0230 -35.8779 -36.0802 -36.3032
