-45.2849 -45.2114 -45.1446 -45.0825 -45.0312 -44.9820 -44.9477 -44.9828 -45.0430 -45.1148 -45.1941 -45.2808 -45.3720 -45.4762 -45.5799 -45.6917 -45.8038 -45.9320 -46.0543 -46.1873 -46.3198 -46.4587 -46.5990 -46.7491 -46.8973 -47.0449 -47.1962 -47.3451 -47.4972 -47.6476 -47.8007 -47.9561 -48.0967 -48.2419 -48.3849 -48.5278 -48.5858 -48.7502 0.0000 0.0000
-45.0488 -44.9732 -44.9036 -44.8408 -44.7871 -44.7371 -44.7014 -44.7371 -44.7986 -44.8720 -44.9535 -45.0400 -45.1355 -45.2425 -45.3492 -45.4654 -45.5781 -45.7120 -45.8401 -45.9764 -46.1111 -46.2565 -46.4033 -46.5560 -46.7058 -46.8595 -47.0141 -47.1649 -47.3226 -47.4761 -47.5491 -47.7081 -47.8563 -48.0011 -48.1460 -48.2902 -48.4374 0.0000 0.0000 0.0000
-44.7999 -44.7226 -44.6508 -44.5888 -44.5324 -44.4825 -44.4460 -44.4829 -44.5461 -44.6217 -44.7060 -44.7955 -44.8953 -45.0042 -45.1137 -45.2346 -45.3533 -45.4868 -45.6214 -45.7605 -45.9020 -46.0501 -46.2030 -46.3592 -46.4524 -46.6094 -46.7642 -46.9211 -47.0771 -47.2354 -47.4043 -47.5418 -47.6906 -47.8397 -47.9867 -48.1405 -48.2806 -55.1204 -55.3128 -63.4335
-44.5512 -44.4718 -44.3968 -44.3363 -44.2767 -44.2257 -44.1875 -44.2250 -44.2893 -44.3668 -44.4532 -44.5441 -44.6486 -44.7589 -44.8718 -44.9959 -45.1232 -45.2567 -45.3981 -45.4900 -45.6374 -45.7869 -45.9446 -46.1014 -46.2593 -46.4206 -46.5761 -46.7401 -46.8993 -47.0573 -47.2183 -47.3713 -47.5237 -47.6760 -47.8302 -47.9799 -54.8595 -55.0437 -55.2898 -55.5418
-44.2988 -44.2163 -44.1379 -44.0736 -44.0112 -43.9597 -43.9203 -43.9587 -44.0244 -44.1044 -44.1931 -44.2861 -44.3954 -44.4660 -44.5827 -44.7083 -44.8444 -44.9792 -45.1236 -45.2668 -45.4219 -45.5775 -45.7394 -45.8973 -46.0622 -46.2258 -46.3897 -46.5534 -46.6971 -46.9058 -47.0421 -47.1969 -47.3545 -47.5099 -47.6711 -47.8144 -54.7652 -55.0251 -55.2961 -55.5550
-44.0393 -43.9519 -43.8717 -43.8048 -43.7394 -43.6870 -43.6463 -43.6485 -43.7156 -43.7984 -43.8894 -43.9853 -44.0984 -44.2138 -44.3364 -44.4613 -44.6048 -44.7445 -44.8930 -45.0425 -45.2003 -45.3626 -45.5284 -45.6922 -45.8624 -46.0257 -46.1979 -46.3653 -46.5393 -46.7021 -46.8610 -47.0218 -47.1805 -47.3474 -47.4972 -54.4776 -54.7508 -55.0445 -55.3234 -55.6050
-43.7722 -43.6803 -43.5605 -43.4931 -43.4275 -43.3751 -43.3354 -43.3755 -43.4437 -43.5285 -43.6216 -43.7209 -43.8364 -43.9550 -44.0832 -44.2112 -44.3575 -44.5035 -44.6554 -44.8138 -44.9744 -45.1445 -45.3106 -45.4821 -45.6559 -45.8287 -45.9996 -46.1578 -46.3500 -46.5150 -46.6773 -46.8424 -47.0098 -47.2379 -54.5210 -54.8242 -55.1710 -55.4998 -55.8006 -55.8711
-43.4597 -43.3653 -43.2841 -43.2139 -43.1474 -43.0938 -43.0543 -43.0946 -43.1640 -43.2506 -43.3462 -43.4487 -43.5679 -43.6893 -43.8226 -43.9580 -44.1032 -44.2574 -44.4109 -44.5782 -44.7452 -44.9213 -45.0905 -45.2700 -45.4425 -45.6251 -45.8012 -46.0455 -46.2110 -46.3796 -46.5492 -46.7202 -46.8955 -54.2170 -54.5073 -54.8901 -55.2509 -55.5751 -55.6372 -55.5386
-43.1814 -43.0829 -42.9994 -42.9262 -42.8588 -42.8041 -42.7648 -42.8053 -42.8760 -42.9644 -43.0627 -43.1684 -43.2910 -43.4163 -43.5514 -43.6983 -43.8451 -44.0053 -44.1649 -44.3353 -44.5512 -44.7306 -44.9085 -45.0954 -45.2793 -45.4613 -45.6369 -45.8341 -46.0104 -46.1839 -46.3565 -46.5398 -46.7046 -54.1756 -54.6041 -55.0057 -55.3586 -55.3938 -55.2864 -55.2058
-42.8959 -42.7926 -42.7057 -42.6299 -42.5612 -42.5057 -42.4665 -42.5071 -42.5794 -42.6693 -42.7701 -42.8788 -43.0050 -43.1366 -43.3040 -43.4608 -43.6133 -43.7794 -43.9508 -44.1248 -44.3115 -44.4912 -44.6804 -44.8657 -45.0609 -45.2475 -45.4598 -45.6266 -45.8056 -45.9833 -46.1662 -46.3435 -53.8165 -54.3128 -54.7682 -55.1564 -55.1671 -55.0336 -54.9314 -54.8804
-42.6016 -42.4929 -42.4022 -42.3241 -42.2537 -42.1977 -42.1586 -42.2267 -42.3009 -42.3925 -42.4963 -42.6101 -42.7399 -42.8780 -43.0147 -43.1780 -43.3395 -43.5077 -43.6895 -43.8700 -44.0629 -44.2494 -44.4467 -44.6405 -44.8345 -45.0279 -45.2265 -45.4140 -45.5959 -45.7798 -45.9686 -53.3789 -54.0148 -54.5443 -54.9777 -54.9466 -54.7718 -54.6548 -54.5832 -47.5300
-42.2997 -42.2140 -42.1173 -42.0365 -41.9633 -41.9063 -41.8667 -41.9075 -41.9838 -42.0762 -42.1827 -42.3024 -42.4341 -42.5790 -42.7257 -42.8869 -43.0597 -43.2338 -43.4191 -43.6136 -43.8055 -44.0059 -44.2014 -44.4073 -44.6060 -44.8099 -45.0060 -45.1950 -45.3835 -45.5792 -52.9331 -53.7212 -54.3501 -54.7456 -54.7383 -54.5273 -54.3783 -54.2814 -47.1903 -47.3600
-42.0134 -41.8936 -41.7916 -41.7093 -41.6343 -41.5765 -41.5370 -41.5776 -41.6561 -41.7492 -41.8581 -41.9851 -42.1207 -42.2692 -42.4288 -42.5917 -42.7713 -42.9575 -43.1461 -43.3504 -43.5468 -43.7558 -43.9581 -44.1655 -44.3792 -44.5797 -44.7792 -44.9716 -45.1718 -45.3602 -53.4105 -54.2018 -54.5321 -54.5479 -54.2925 -54.0950 -53.9759 -46.8387 -47.0144 -47.1953
-41.6878 -41.5646 -41.4574 -41.3728 -41.2958 -41.2371 -41.1967 -41.2377 -41.3182 -41.4145 -41.5242 -41.6597 -41.7989 -41.9487 -42.1190 -42.2893 -42.4718 -42.6679 -42.8672 -43.0727 -43.2834 -43.4915 -43.7077 -43.9043 -44.1360 -44.3443 -44.5421 -44.7478 -44.9488 -53.0208 -54.0236 -54.3531 -54.3841 -54.0729 -53.8277 -53.6682 -46.4784 -46.6566 -46.8440 -47.0538
-41.3514 -41.2248 -41.1144 -41.0255 -40.9472 -40.8881 -40.8457 -40.8881 -40.9700 -41.0702 -41.1822 -41.3224 -41.4660 -41.6166 -41.7961 -41.9786 -42.1676 -42.3668 -42.5830 -42.7908 -43.0143 -43.2276 -43.4488 -43.6846 -43.8911 -44.0993 -44.3075 -44.5247 -52.6157 -53.9082 -54.2443 -54.2607 -53.8782 -53.5720 -53.3534 -46.1047 -46.2862 -46.4795 -46.6646 -46.8725
-41.0017 -40.8744 -40.7590 -40.6649 -40.5861 -40.5262 -40.4819 -40.5259 -40.6089 -40.7129 -40.8283 -40.9708 -41.1225 -41.2810 -41.4648 -41.6548 -41.8573 -42.0648 -42.2850 -42.5057 -42.7283 -42.9574 -43.1748 -43.4162 -43.6408 -43.8515 -44.0771 -44.2851 -53.9332 -54.2357 -54.1984 -53.7229 -53.3373 -53.0528 -52.6576 -45.8560 -46.0501 -46.2409 -46.4595 -46.6300
-40.6380 -40.5105 -40.3897 -40.2902 -40.2115 -40.1504 -40.1045 -40.1502 -40.2338 -40.3419 -40.4616 -40.6056 -40.7671 -40.9364 -41.1258 -41.3200 -41.5309 -41.7544 -41.9744 -42.2137 -42.4431 -42.6822 -42.9212 -43.1580 -43.3786 -43.6060 -43.7986 -53.9580 -54.0741 -53.8953 -53.3308 -52.8719 -52.5228 -52.3178 -45.4641 -45.6626 -45.8603 -46.0571 -46.2734 -46.4448
-40.2617 -40.1312 -40.0054 -39.9002 -39.8224 -39.7596 -39.7124 -39.7599 -39.8436 -39.9560 -40.0813 -40.2268 -40.3951 -40.5754 -40.7731 -40.9774 -41.1960 -41.4151 -41.6487 -41.8876 -42.1330 -42.3766 -42.6238 -42.8598 -43.0880 -43.3257 -55.0646 -55.1231 -54.0590 -53.3346 -52.7366 -52.2716 -51.9775 -45.0566 -45.2665 -45.4702 -45.6746 -45.9046 -46.1348 -46.3119
-39.8778 -39.7411 -39.6078 -39.4989 -39.4193 -39.3541 -39.3063 -39.3552 -39.4246 -39.5398 -39.6732 -39.8229 -39.9926 -40.1875 -40.3921 -40.6132 -40.8446 -41.0840 -41.3368 -41.5825 -41.8383 -42.0946 -42.3437 -42.5813 -42.8271 -56.0218 -56.2840 -56.2554 -53.8342 -52.9664 -52.2943 -51.8472 -44.6769 -44.8968 -45.1091 -45.3207 -45.5273 -45.7566 -45.9412 -46.1262
-39.4662 -39.3222 -39.1838 -39.0723 -38.9887 -38.9233 -38.8775 -38.9267 -39.0120 -39.1273 -39.2690 -39.4240 -39.5998 -39.8069 -40.0201 -40.2511 -40.4999 -40.7508 -41.0094 -41.2707 -41.5458 -41.7994 -42.0504 -42.3025 -42.5500 0.0000 0.0000 -54.3618 -53.1477 -52.1912 -51.5311 -44.2371 -44.4648 -44.6879 -44.9025 -45.1180 -45.3634 -45.5567 -45.7481 -45.9369
-39.0568 -38.9004 -38.7600 -38.6424 -38.5544 -38.4887 -38.4453 -38.4944 -38.5819 -38.6971 -38.8462 -39.0104 -39.1990 -39.4113 -39.6341 -39.8792 -40.1389 -40.4064 -40.6740 -40.9334 -41.2278 -41.4944 -41.7572 -42.0243 -42.2801 0.0000 0.0000 -53.6998 -52.2749 -51.2675 -43.7765 -44.0144 -44.2478 -44.4691 -44.6917 -44.9128 -45.1566 -45.3545 -45.5527 -45.7468
-38.6275 -38.4607 -38.3168 -38.1917 -38.0991 -38.0334 -37.9935 -38.0419 -38.1314 -38.2478 -38.4027 -38.5777 -38.7765 -38.9967 -39.2357 -39.4980 -39.7698 -40.0518 -40.3367 -40.6285 -40.9147 -41.1871 -41.4665 -41.7367 -42.0028 0.0000 0.0000 -52.8146 -51.1468 -43.2961 -43.5421 -43.7853 -44.0170 -44.2457 -44.4755 -44.7409 -44.9494 -45.1590 -45.3619 -45.5549
-38.1855 -38.0049 -37.8552 -37.7216 -37.6243 -37.5592 -37.5225 -37.5691 -37.6613 -37.7818 -37.9429 -38.1259 -38.3365 -38.5727 -38.8290 -39.1088 -39.3986 -39.6918 -39.9865 -40.2970 -40.5880 -40.8742 -41.1627 -41.4438 0.0000 0.0000 0.0000 -51.5008 -42.7939 -43.0490 -43.3059 -43.5500 -43.7903 -44.0275 -44.2724 -44.5326 -44.7513 -44.9599 -45.1621 -45.4396
-37.7317 -37.5299 -37.3739 -37.2290 -37.1293 -37.0636 -37.0300 -37.0745 -37.1704 -37.2955 -37.4625 -37.6513 -37.8812 -38.1291 -38.4065 -38.6991 -39.0096 -39.3191 -39.6405 -39.9508 -40.2528 -40.5541 -40.8526 -41.1384 -41.4291 0.0000 -54.3281 -42.2769 -42.5463 -42.8095 -43.0642 -43.2858 -43.5294 -43.7837 -44.0646 -44.2897 -44.5059 -44.7167 -44.9267 -45.2254
-37.2460 -37.0373 -36.8675 -36.7155 -36.6075 -36.5410 -36.5121 -36.5542 -36.6536 -36.7849 -36.9548 -37.1611 -37.4043 -37.6760 -37.9710 -38.2900 -38.6141 -38.9492 -39.2859 -39.6023 -39.9254 -40.2385 -40.5461 -40.8481 -41.1428 -41.4325 -41.7086 -41.9935 -42.2671 -42.5295 -42.7917 -43.0501 -43.3116 -43.6144 -43.8488 -44.0749 -44.2970 -44.5183 -44.8166 -45.0546
-36.7567 -36.5322 -36.3448 -36.1893 -36.0700 -35.9999 -35.9754 -36.0166 -36.1164 -36.2565 -36.4401 -36.6639 -36.9221 -37.2111 -37.5335 -37.8724 -38.2184 -38.5758 -38.9203 -39.2531 -39.5909 -39.9152 -40.2354 -40.5447 -40.8525 -41.1399 -41.4380 -41.7279 -41.9967 -42.2720 -42.5470 -42.8167 -43.0906 -43.3890 -43.6269 -43.8641 -44.0952 -44.3179 -44.6455 -44.8936
-36.2456 -36.0060 -35.7978 -35.6340 -35.5081 -35.4333 -35.4119 -35.4526 -35.5528 -35.7033 -35.9025 -36.1401 -36.4115 -36.7341 -37.0808 -37.4412 -37.8283 -38.1896 -38.5374 -38.8974 -39.2480 -39.5836 -39.9188 -40.2411 -40.5490 -40.8575 -41.1651 -41.4509 -41.7361 -42.0290 -42.3154 -42.5962 -42.9178 -43.1696 -43.4184 -43.6585 -43.8933 -44.2260 -44.4784 -44.7301
-35.7264 -35.4592 -35.2299 -35.0555 -34.9186 -34.8428 -34.8217 -34.8626 -34.9652 -35.1267 -35.3343 -35.6018 -35.8990 -36.2513 -36.6275 -37.0145 -37.4163 -37.7961 -38.1830 -38.4771 -38.8407 -39.1945 -39.5412 -39.8650 -40.1971 -40.5143 -40.8237 -41.1239 -41.4359 -41.7394 -42.0305 -42.3236 -42.6486 -42.9080 -43.1627 -43.4180 -43.7454 -44.0084 -44.2737 -44.5367
-35.1748 -34.8829 -34.6313 -34.4366 -34.2929 -34.2166 -34.1995 -34.2391 -34.3413 -34.5111 -34.7360 -35.0250 -35.3600 -35.7441 -36.1438 -36.5705 -36.9914 -37.3971 -37.7962 -38.1831 -38.5612 -38.9263 -39.2666 -39.6149 -39.9461 -40.2675 -40.5862 -40.9059 -41.2231 -41.5282 -41.8316 -42.1811 -42.4537 -42.7240 -42.9875 -43.2328 -43.5889 -43.8606 -44.1373 -44.4098
-34.6838 -34.3407 -34.0582 -33.8300 -33.6663 -33.5757 -33.5541 -33.5956 -33.7087 -33.9041 -34.1603 -34.4837 -34.8634 -35.2906 -35.7268 -36.1915 -36.6302 -37.0681 -37.4858 -37.8868 -38.2768 -38.6356 -39.0004 -39.3479 -39.6809 -40.0173 -40.3529 -40.6774 -40.9988 -41.3134 -41.6348 -41.9791 -42.2682 -42.5532 -42.8205 -43.1759 -43.4629 -43.7541 -44.0392 -44.3153
-34.1078 -33.7398 -33.4234 -33.1657 -32.9881 -32.8970 -32.8848 -32.9208 -33.0438 -33.2449 -33.5260 -33.8789 -34.3061 -34.7638 -35.2569 -35.7365 -36.2108 -36.6671 -37.1024 -37.5211 -37.9040 -38.2987 -38.6575 -39.0185 -39.3669 -39.7275 -40.0628 -40.4088 -40.7463 -41.0811 -41.4628 -41.7525 -42.0396 -42.3195 -42.6812 -43.0185 -43.3177 -43.6134 -43.8987 -44.1812
-33.5778 -33.1492 -32.7847 -32.5002 -32.3004 -32.1883 -32.1807 -32.2211 -32.3541 -32.5791 -32.8986 -33.3040 -33.7752 -34.2977 -34.8255 -35.3440 -35.8408 -36.3170 -36.7661 -37.1781 -37.5900 -37.9701 -38.3400 -38.7154 -39.0789 -39.4395 -39.7949 -40.1550 -40.5065 -40.8490 -41.2147 -41.5182 -41.8154 -42.1065 -42.4984 -42.8085 -43.1198 -43.4243 -43.7151 -44.0012
-33.0544 -32.5741 -32.1582 -31.8214 -31.5955 -31.4579 -31.4476 -31.4939 -31.6406 -31.8970 -32.2597 -32.7307 -33.2619 -33.8503 -34.4152 -34.9691 -35.4916 -35.9781 -36.4217 -36.8545 -37.2476 -37.6393 -38.0337 -38.4089 -38.7857 -39.1649 -39.5413 -39.9087 -40.2618 -40.6637 -40.9869 -41.3011 -41.6044 -41.9975 -42.3192 -42.6437 -42.9581 -43.2682 -43.5680 -43.8635
-32.6108 -32.0428 -31.5649 -31.1764 -30.8960 -30.7346 -30.7086 -30.7660 -30.9444 -31.2497 -31.6657 -32.2031 -32.8104 -33.4447 -34.0653 -34.6386 -35.1721 -35.6453 -36.1006 -36.5220 -36.9236 -37.3309 -37.7216 -38.1095 -38.5084 -38.8952 -39.2759 -39.6488 -40.0255 -40.4289 -40.7605 -41.0796 -41.4743 -41.8107 -42.1491 -42.4842 -42.8098 -43.1238 -43.4299 -43.7361
-32.2128 -31.5817 -31.0277 -30.5639 -30.2317 -30.0273 -29.9729 -30.0474 -30.2661 -30.6325 -31.1277 -31.7429 -32.4287 -33.1171 -33.7736 -34.3693 -34.8851 -35.3571 -35.7929 -36.2066 -36.6101 -37.0069 -37.4169 -37.8207 -38.2232 -38.6189 -39.0200 -39.4141 -39.8506 -40.1974 -40.5287 -40.8527 -41.2838 -41.6405 -41.9930 -42.3314 -42.6601 -42.9810 -43.2985 -43.6065
-31.9603 -31.2606 -30.6095 -30.0741 -29.6673 -29.4070 -29.3169 -29.4152 -29.6942 -30.1353 -30.7115 -31.4165 -32.1609 -32.8990 -33.5794 -34.1510 -34.6462 -35.0685 -35.4872 -35.8837 -36.2884 -36.6958 -37.1100 -37.5174 -37.9354 -38.3554 -38.7601 -39.1659 -39.5886 -39.9474 -40.2930 -40.7319 -41.0970 -41.4631 -41.8172 -42.1577 -42.4872 -42.8184 -43.1401 -43.4525
-31.8743 -31.1279 -30.4135 -29.7962 -29.3127 -28.9739 -28.8188 -28.9579 -29.3190 -29.8519 -30.5270 -31.2913 -32.0736 -32.8377 -33.4800 -34.0040 -34.4196 -34.8045 -35.1803 -35.5717 -35.9735 -36.3820 -36.8027 -37.2396 -37.6677 -38.0941 -38.5180 -38.9854 -39.3618 -39.7252 -40.1614 -40.5465 -40.9286 -41.3015 -41.6621 -42.0110 -42.3579 -42.7020 -43.0332 -43.3499
-32.0155 -31.2568 -30.5249 -29.8560 -29.2881 -28.9052 -28.7205 -28.8778 -29.3004 -29.9191 -30.6629 -31.4384 -32.2021 -32.9163 -33.4841 -33.8874 -34.2072 -34.5289 -34.8702 -35.2381 -35.6464 -36.0726 -36.5041 -36.9476 -37.4011 -37.8457 -38.2900 -38.7441 -39.1330 -39.5049 -39.9792 -40.3801 -40.7746 -41.1602 -41.5313 -41.8896 -42.2420 -42.5851 -42.9181 -43.2389
-32.3179 -31.5745 -30.8553 -30.1794 -29.6741 -29.4513 -29.4749 -29.5373 -29.7887 -30.3252 -31.0349 -31.7447 -32.4326 -33.0600 -33.4941 -33.7445 -33.9582 -34.2075 -34.5246 -34.9001 -35.3075 -35.7516 -36.2100 -36.6709 -37.1443 -37.6012 -38.1008 -38.5111 -38.9098 -39.3999 -39.8190 -40.2355 -40.6360 -41.0233 -41.4016 -41.7741 -42.1324 -42.4781 -42.8121 -43.1390
-32.5138 -31.8397 -31.3621 -31.1372 -31.2073 -31.6786 -32.2523 -32.0953 -31.7182 -31.6462 -31.7833 -32.0514 -32.4813 -33.0019 -33.3476 -33.4844 -33.6064 -33.8234 -34.1358 -34.5263 -34.9580 -35.4171 -35.9097 -36.3972 -36.8919 -37.3877 -37.8776 -38.2978 -38.7112 -39.2349 -39.6724 -40.0966 -40.5030 -40.8962 -41.2861 -41.6648 -42.0294 -42.3806 -42.7218 -43.0570
