-64.4456 -64.3652 -64.2843 -64.1975 -64.1153 -64.0290 -63.9469 -63.8647 -63.7823 -63.6997 -63.6210 -63.5380 -63.4550 -63.3720 -63.2889 -63.2057 -63.1223 -63.0392 -62.9564 -62.8738 -62.7916 -62.7098 -62.6289 -62.5487 -62.4526 -62.3650 -62.2780 -62.1918 -62.1065 -62.0344 -61.9514 -61.8700 -61.7907 -61.7137 -61.6394 -61.5579 -61.4907 -61.4282 -61.3709 -61.3198
-64.3764 -64.2948 -64.2127 -64.1249 -64.0412 -63.9569 -63.8690 -63.7852 -63.7009 -63.6165 -63.5359 -63.4510 -63.3659 -63.2807 -63.1954 -63.1099 -63.0240 -62.9380 -62.8522 -62.7665 -62.6784 -62.5850 -62.4914 -62.3980 -62.3048 -62.1994 -62.1075 -62.0160 -61.9251 -61.8351 -61.7575 -61.6696 -61.5831 -61.4986 -61.4165 -61.3369 -61.2506 -61.1781 -61.1104 -61.0480
-64.3058 -64.2250 -64.1416 -64.0575 -63.9675 -63.8819 -63.7916 -63.7059 -63.6200 -63.5337 -63.4471 -63.3640 -63.2766 -63.1889 -63.1011 -63.0130 -62.9248 -62.8358 -62.7394 -62.6427 -62.5458 -62.4487 -62.3514 -62.2540 -62.1566 -62.0594 -61.9504 -61.8540 -61.7580 -61.6626 -61.5679 -61.4850 -61.3920 -61.3007 -61.2110 -61.1234 -61.0289 -60.9474 -60.8696 -60.7965
-64.2390 -64.1584 -64.0712 -63.9859 -63.8992 -63.8072 -63.7193 -63.6276 -63.5394 -63.4512 -63.3624 -63.2768 -63.1872 -63.0972 -63.0068 -62.9162 -62.8191 -62.7207 -62.6215 -62.5218 -62.4216 -62.3211 -62.2203 -62.1192 -62.0179 -61.9165 -61.8150 -61.7022 -61.6015 -61.5009 -61.4008 -61.3120 -61.2129 -61.1149 -61.0182 -60.9223 -60.8279 -60.7268 -60.6378 -60.5524
-64.1732 -64.0865 -64.0044 -63.9149 -63.8271 -63.7380 -63.6437 -63.5497 -63.4598 -63.3693 -63.2781 -63.1867 -63.0984 -63.0060 -62.9118 -62.8121 -62.7118 -62.6108 -62.5089 -62.4063 -62.3031 -62.1994 -62.0951 -61.9904 -61.8853 -61.7799 -61.6743 -61.5569 -61.4506 -61.3442 -61.2379 -61.1317 -61.0359 -60.9303 -60.8254 -60.7238 -60.6214 -60.5206 -60.4134 -60.3177
-64.1075 -64.0206 -63.9365 -63.8483 -63.7560 -63.6654 -63.5737 -63.4771 -63.3808 -63.2882 -63.1952 -63.1016 -63.0106 -62.9147 -62.8135 -62.7113 -62.6085 -62.5042 -62.3993 -62.2932 -62.1863 -62.0787 -61.9705 -61.8615 -61.7519 -61.6418 -61.5312 -61.4201 -61.2979 -61.1888 -61.0770 -60.7925 -60.6739 -60.5637 -60.4437 -60.3233 -60.2027 -60.0820 -59.9534 -59.8332
-63.9643 -63.8765 -63.7879 -63.7023 -63.6120 -63.5205 -63.4231 -63.3290 -63.2299 -63.1317 -63.0365 -62.9408 -62.8443 -62.7456 -62.6419 -62.5376 -62.4325 -62.3264 -62.2195 -62.1791 -61.9466 -61.8333 -61.7188 -61.6034 -61.4870 -61.3693 -61.2508 -61.1312 -61.0106 -60.8793 -60.7571 -60.6341 -60.5101 -60.3852 -60.2679 -60.1410 -60.0133 -59.8850 -59.7561 -59.6194
-63.8899 -63.8071 -63.7174 -63.6311 -63.5399 -63.4473 -63.3528 -63.2521 -63.1552 -62.9620 -62.8589 -62.7549 -62.6498 -62.5471 -62.4398 -62.3313 -62.2220 -62.1116 -62.0001 -61.8875 -61.7736 -61.6582 -61.5417 -61.4239 -61.3049 -61.1847 -61.0633 -60.9408 -60.8169 -60.6823 -60.5564 -60.4292 -60.3007 -60.1710 -60.0483 -59.9156 -59.7817 -59.6465 -59.5102 -59.3727
-63.8664 -63.7690 -63.6789 -63.5815 -63.4884 -63.3915 -63.2872 -63.1839 -63.0734 -62.9630 -62.8533 -62.7466 -62.6388 -62.5299 -62.4232 -62.3120 -62.1996 -62.0859 -61.9711 -61.7896 -61.6734 -61.5558 -61.4367 -61.3162 -61.1943 -61.0711 -60.9465 -60.8204 -60.6929 -60.5640 -60.4572 -60.3256 -60.1925 -60.0577 -59.9213 -59.7911 -59.6509 -59.5090 -59.3653 -59.2197
-63.8088 -63.7104 -63.6113 -63.5195 -63.4206 -63.3295 -63.2274 -63.1225 -63.0150 -62.9009 -62.7845 -62.6765 -62.5672 -62.4571 -62.3487 -62.2360 -62.1221 -62.0069 -61.8904 -61.7724 -61.6532 -61.5328 -61.4107 -61.2868 -61.1616 -61.0350 -60.9067 -60.7770 -60.6455 -60.5397 -60.4047 -60.2591 -60.1210 -59.9810 -59.8391 -59.6953 -59.5570 -59.4086 -59.2581 -59.1055
-66.6040 -66.7037 -67.3469 -67.7943 -68.7326 -70.9974 -74.2425 0.0000 0.0000 -62.8530 -62.7356 -62.6174 -62.5073 -62.3962 -62.2837 -62.1732 -62.0584 -61.9422 -61.8247 -61.7059 -61.5858 -61.4641 -61.3412 -61.2164 -61.0901 -60.9624 -60.8330 -60.7023 -60.5976 -60.4636 -60.3282 -60.1912 -60.0439 -59.9041 -59.7627 -59.6197 -59.4829 -59.3367 -59.1892 -59.0405
-67.5395 -67.7885 -68.1221 -68.6176 -71.0141 -72.3193 0.0000 0.0000 0.0000 0.0000 0.0000 -62.5746 -62.4619 -62.3507 -62.2383 -62.1278 -62.0130 -61.8971 -61.7799 -61.6614 -61.5418 -61.4208 -61.2984 -61.1748 -61.0496 -60.9231 -60.7953 -60.7039 -60.5749 -60.4449 -60.3140 -52.8479 -52.7048 -52.5615 -52.4161 -52.2686 -52.1189 -51.9684 -51.8146 -51.6584
-66.9489 -67.1277 -67.3728 -67.7123 -68.1899 -71.9374 -75.2697 0.0000 0.0000 0.0000 0.0000 -62.5457 -62.4371 -62.3242 -62.2130 -62.1007 -61.9906 -61.8763 -61.7609 -61.6447 -54.2605 -54.1377 -54.0134 -53.8875 -53.7601 -53.6309 -53.5001 -53.3676 -53.2333 -53.0972 -52.9595 -52.8199 -52.6775 -52.5333 -52.3877 -52.2402 -52.0907 -51.9390 -51.7862 -51.6295
-66.2107 -66.3104 -66.4620 -66.6889 -67.0294 -67.5421 -68.3609 0.0000 0.0000 -62.7521 -55.3884 -55.2788 -55.1680 -55.0560 -54.9421 -54.8274 -54.7120 -54.5946 -54.4759 -54.3557 -54.2341 -54.1113 -53.9872 -53.8614 -53.7341 -53.6050 -53.4742 -53.3418 -53.2075 -53.0714 -52.9335 -52.7936 -52.6517 -52.5078 -52.3623 -52.2155 -52.0664 -51.9151 -51.7627 -51.6065
-65.4032 -65.4027 -65.5166 -65.5964 -65.7390 -65.9979 -66.4779 -67.4401 -69.4606 -55.4723 -55.3636 -55.2537 -55.1430 -55.0312 -54.9182 -54.8032 -54.6874 -54.5709 -54.4524 -54.3324 -54.2110 -54.0881 -53.9637 -53.8377 -53.7101 -53.5810 -53.4508 -53.3188 -53.1850 -53.0494 -52.9121 -52.7729 -52.6318 -52.4878 -52.3419 -52.1946 -52.0447 -51.8926 -51.7382 -51.5828
-56.3782 -56.2790 -56.1788 -56.0778 -55.9759 -55.8730 -55.7690 -55.6639 -55.5578 -55.4487 -55.3426 -55.2331 -55.1223 -55.0103 -54.8971 -54.7819 -54.6658 -54.5491 -54.4310 -54.3115 -54.1906 -54.0682 -53.9442 -53.8187 -53.6915 -53.5627 -53.4322 -53.2998 -53.1660 -53.0297 -52.8916 -52.7516 -52.6097 -52.4659 -52.3192 -52.1457 -51.9957 -51.8435 -51.6644 -51.5078
-56.3581 -56.2592 -56.1592 -56.0582 -55.9564 -55.8533 -55.7492 -55.6440 -55.5377 -55.4302 -55.3204 -55.2134 -55.1032 -54.9917 -54.8789 -54.7648 -54.6487 -54.5317 -54.4140 -54.2942 -54.1730 -54.0503 -53.9254 -53.7989 -53.6708 -53.5411 -53.3994 -53.2668 -53.1324 -52.9712 -52.8330 -52.6933 -52.5272 -52.3839 -52.2385 -52.0901 -51.9397 -51.7878 -51.6334 -51.4776
-56.3228 -56.2239 -56.1244 -56.0241 -55.9227 -55.8203 -55.7168 -55.6123 -55.5067 -55.3999 -55.2920 -55.1830 -55.0730 -54.9617 -54.8492 -54.7345 -54.6182 -54.4998 -54.3812 -54.2607 -54.1388 -54.0154 -53.8657 -53.7394 -53.6116 -53.4825 -53.3273 -53.1952 -53.0613 -52.9256 -52.7879 -52.6483 -52.5067 -52.3633 -52.2189 -52.0715 -51.9229 -51.7713 -51.6181 -51.4625
-56.3065 -56.2081 -56.1087 -56.0083 -55.9067 -55.8042 -55.7006 -55.5959 -55.4898 -55.3823 -55.2736 -55.1636 -55.0525 -54.9404 -54.8268 -54.7119 -54.5708 -54.4531 -54.3332 -54.2135 -54.0674 -53.9449 -53.8209 -53.6952 -53.5680 -53.4391 -53.3085 -53.1761 -53.0428 -52.9080 -52.7713 -52.6327 -52.4922 -52.3497 -52.2050 -52.0580 -51.9076 -51.7551 -51.6260 -51.4699
-56.2905 -56.1918 -56.0918 -55.9909 -55.8888 -55.7857 -55.6815 -55.5761 -55.4696 -55.3371 -55.2281 -55.1180 -55.0065 -54.8696 -54.7566 -54.6422 -54.5265 -54.4095 -54.2913 -54.1713 -54.0500 -53.9272 -53.8031 -53.6784 -53.5521 -53.4241 -53.2945 -53.1632 -53.0301 -52.8952 -52.7580 -52.6183 -52.4767 -52.3579 -52.2124 -52.0648 -51.7774 -51.6299 -51.4809 -51.3303
-56.2726 -56.1736 -56.0735 -55.9476 -55.8454 -55.7421 -55.6376 -55.5076 -55.4013 -55.2938 -55.1853 -55.0755 -54.9645 -54.8524 -54.7392 -54.6246 -54.5089 -54.1964 -54.0823 -53.9668 -53.8495 -53.7310 -53.6108 -53.4890 -53.3657 -53.2403 -53.1126 -52.9832 -52.8760 -52.7431 -52.6085 -52.4719 -52.3343 -52.1963 -52.0564 -58.5823 -58.4596 -58.3327 -58.2090 -58.0817
-55.9808 -55.8613 -55.7643 -55.6664 -55.5674 -55.4673 -55.3662 -55.2640 -55.1606 -55.0561 -54.9505 -54.8439 -54.7370 -54.6290 -54.5198 -54.4097 -54.2981 -54.1853 -54.0711 -53.9555 -53.8386 -53.7178 -53.5965 -53.4974 -53.3728 -53.2467 -53.1189 -52.9894 -52.8607 -52.7303 -52.5982 -59.0894 -58.9739 -58.8579 -58.7413 -58.6241 -58.5066 -58.3888 -58.2673 -58.1462
-55.9398 -55.8455 -55.7484 -55.6502 -55.5511 -55.4509 -55.3505 -55.2493 -55.1470 -55.0435 -54.9389 -54.8332 -54.7265 -54.6185 -54.5092 -54.3983 -54.2856 -54.1715 -54.0797 -53.9629 -53.8446 -53.7244 -53.6029 -53.4813 -53.3592 -53.2355 -59.6740 -59.5662 -59.4576 -59.3484 -59.2387 -59.1286 -59.0176 -58.9061 -58.7944 -58.6825 -58.5705 -58.4583 -58.3426 -58.2310
-55.9259 -55.8289 -55.7346 -55.6375 -55.5395 -55.4404 -55.3402 -55.2390 -55.1366 -55.0333 -54.9283 -54.8216 -54.7136 -54.6280 -54.5176 -54.4059 -54.2929 -54.1788 -54.0635 -53.9489 -53.8329 -53.7162 -60.1191 -60.0168 -59.9140 -59.8107 -59.7067 -59.6024 -59.4976 -59.3924 -59.2869 -59.1811 -59.0751 -58.9686 -58.8619 -58.7553 -58.6489 -58.5425 -58.4365 -58.3271
-55.9163 -55.8210 -55.7232 -55.6276 -55.5295 -55.4299 -55.3286 -55.2265 -55.1467 -55.0423 -54.9367 -54.8299 -54.7218 -54.6125 -54.5037 -54.3941 -54.2833 -60.6361 -60.5407 -60.4442 -60.3472 -60.2501 -60.1543 -60.0507 -59.9512 -59.8512 -59.7509 -59.6503 -59.5496 -59.4485 -59.3473 -59.2461 -59.1452 -59.0436 -58.9421 -58.8406 -58.7395 -58.6387 -58.5383 -58.4385
-55.9063 -55.8100 -55.7127 -55.6379 -55.5388 -55.4387 -55.3375 -55.2353 -55.1319 -55.0281 -54.9246 -54.8199 -54.7140 -61.0347 -60.9424 -60.8496 -60.7564 -60.6626 -60.5611 -60.4755 -60.3813 -60.2870 -60.1953 -60.0992 -59.9986 -59.9022 -59.8056 -59.7089 -59.6123 -59.5155 -59.4186 -59.3218 -59.2252 -59.1291 -59.0324 -58.9361 -58.8400 -58.7444 -58.6493 -58.5447
-55.9156 -55.8192 -55.7220 -55.6238 -55.5245 -55.4264 -55.3272 -55.2269 -61.5012 -61.4142 -61.3264 -61.2381 -61.1495 -61.0601 -60.9701 -60.8797 -60.7889 -60.6978 -60.6063 -60.5071 -60.4245 -60.3331 -60.2420 -60.1563 -60.0598 -59.9625 -59.8698 -59.7770 -59.6843 -59.5916 -59.4990 -59.4067 -59.3145 -59.2224 -59.1311 -59.0394 -58.9106 -58.7670 -58.6211 -58.4724
-55.9029 -55.8086 -55.7133 -55.6170 -61.8503 -61.7756 -61.6918 -61.6076 -61.5229 -61.4378 -61.3521 -61.2660 -61.1795 -61.0927 -61.0052 -60.9174 -60.8293 -60.7409 -60.6522 -60.5635 -60.4669 -60.3876 -60.2995 -60.2195 -60.1301 -60.0359 -59.9423 -59.8532 -59.7643 -59.6756 -59.5869 -59.4986 -59.4062 -60.0758 -59.9227 -59.7660 -59.6068 -59.4453 -59.2812 -59.1148
-62.2033 -62.1231 -62.0424 -61.9613 -61.8799 -61.7895 -61.7160 -61.6337 -61.5511 -61.4680 -61.3846 -61.3008 -61.2167 -61.1323 -61.0476 -60.9624 -60.8770 -60.7915 -60.7056 -60.6198 -60.5569 -61.3901 -61.3078 -61.2142 -61.1321 -61.0374 -60.9344 -60.8346 -60.7410 -60.6021 -60.4566 -60.3092 -60.1595 -60.0078 -59.8538 -59.6983 -59.5393 -59.3780 -59.2145 -59.0485
-62.2235 -62.1449 -62.0658 -61.9863 -61.9066 -61.8266 -61.7378 -61.6789 -62.6857 -62.5971 -62.5091 -62.4217 -62.3350 -62.2495 -62.1659 -62.0854 -62.0097 -61.9388 -61.8495 -61.7614 -61.6755 -61.5925 -61.5256 -66.9113 0.0000 0.0000 0.0000 -60.8259 -60.6840 -60.5404 -60.3950 -60.2476 -60.0981 -59.9466 -59.7929 -59.6373 -59.4799 -59.3195 -59.1568 -58.9922
-63.4474 -63.3621 -63.2766 -63.1910 -63.1054 -63.0200 -62.9349 -62.8389 -62.7658 -62.6822 -62.5992 -62.5171 -62.4362 -62.3567 -62.2794 -62.2050 -62.1277 -62.0429 -61.9672 -61.8853 -64.9690 -65.7534 -67.0613 -69.2734 -72.7690 0.0000 0.0000 0.0000 -60.6280 -60.4846 -60.3394 -60.1922 -60.0433 -59.8925 -59.7397 -59.5850 -59.4293 -59.2703 -59.1095 -58.9468
-63.5092 -63.4237 -63.3413 -63.2589 -63.1765 -63.0944 -63.0125 -62.9312 -62.8395 -62.7706 -62.6915 -62.6135 -62.5366 -62.4687 -62.3951 -62.3200 -62.2388 -64.9054 -65.2228 -65.6698 -66.3059 -67.2214 -68.5344 -70.3304 -72.0121 -73.5418 0.0000 0.0000 0.0000 -60.4349 -60.2903 -60.1441 -59.9960 -59.8463 -59.6948 -59.5418 -59.3871 -59.2316 -59.0734 -58.9140
-63.5734 -63.4906 -63.4110 -63.3316 -63.2523 -63.1732 -63.0945 -63.0163 -62.9385 -62.8584 -62.7932 -62.7184 -62.6447 -62.5736 -65.0704 -65.2394 -65.4640 -65.7616 -66.1561 -66.6804 -67.3765 -68.2978 -69.4697 -69.9003 -71.1542 -72.5121 0.0000 0.0000 0.0000 -60.3801 -60.2483 -60.1033 -59.9567 -59.8087 -59.6594 -59.5086 -59.3567 -59.2521 -59.0978 -58.9415
-63.6425 -63.5656 -63.4855 -63.4089 -63.3382 -63.2620 -63.1863 -63.1108 -63.0360 -62.9618 -62.9348 -65.2758 -65.3848 -65.5256 -65.6988 -65.9120 -66.1844 -66.5302 -66.9667 -67.5105 -67.9606 -68.1730 -68.4832 -68.9618 -69.7298 -71.0009 -73.1778 0.0000 0.0000 0.0000 -60.2704 -60.1261 -59.9805 -59.8339 -59.6862 -59.5376 -59.3882 -59.2383 -59.0893 -58.9384
-63.7210 -63.6467 -63.5725 -63.4950 -63.4212 -63.3477 -63.2745 -63.2474 -65.5183 -65.5839 -65.6692 -65.7783 -65.9157 -66.0864 -66.2794 -66.5248 -66.8184 -66.9962 -66.9775 -66.9766 -66.9932 -67.0502 -67.1684 -67.3951 -67.8279 -68.7191 -70.8468 0.0000 -60.5142 -60.3743 -60.2335 -60.1031 -59.9603 -59.8169 -59.6729 -59.5285 -59.3839 -59.2391 -59.0947 -58.9520
-63.7980 -63.7258 -63.6540 -63.5788 -63.5528 -65.7679 -65.7979 -65.8396 -65.8953 -65.9671 -66.0579 -66.1712 -66.3110 -66.4804 -66.4737 -66.3789 -66.2829 -66.1864 -66.0831 -65.9771 -65.8703 -65.7627 -65.6548 -65.5300 -65.4150 -65.2986 -60.7745 -60.6383 -60.4924 -60.3548 -60.2164 -60.0775 -59.9494 -59.8097 -59.6700 -59.5306 -59.3915 -59.2532 -59.1157 -58.9800
-63.8787 -63.8538 -66.0402 -66.0545 -66.0705 -66.1028 -66.1463 -66.2027 -66.2735 -66.3608 -66.4519 -66.3314 -66.1780 -66.0739 -65.9364 -65.7892 -65.6173 -65.4396 -65.2429 -65.0192 -64.7560 -64.4287 -63.9955 -61.1875 -61.0193 -60.8872 -60.7543 -60.6207 -60.4892 -60.3430 -60.2082 -60.0732 -59.9382 -59.8149 -59.6806 -59.5473 -59.4150 -59.2839 -59.1549 -51.5118
-66.2879 -66.3162 -66.3328 -66.3576 -66.3915 -66.4279 -66.4833 -66.4664 -66.3373 -66.1937 -66.0521 -65.9034 -65.7465 -65.5527 -65.3921 -65.1924 -64.9726 -64.7265 -64.4451 -64.1145 -61.5485 -61.3853 -61.2581 -61.1313 -61.0025 -60.8730 -60.7430 -60.6126 -60.4817 -60.3420 -60.2115 -60.0814 -59.9517 -59.8227 -59.7061 -59.5794 -59.4547 -51.8124 -51.6766 -51.5393
-66.5547 -66.5724 -66.6185 -66.6482 -66.5547 -66.4316 -66.2790 -66.1369 -65.9888 -65.8334 -65.6694 -65.4905 -65.2996 -65.0945 -64.8521 -64.6289 -64.3580 -61.8971 -61.7728 -61.6151 -61.4920 -61.3681 -61.2437 -61.1186 -60.9940 -60.8677 -60.7411 -60.6144 -60.4879 -60.3641 -60.2270 -60.1024 -59.9788 -59.8561 -59.7353 -52.1042 -51.9724 -51.8390 -51.7041 -51.5671
-66.7890 -66.6633 -66.5338 -66.3998 -66.2812 -66.1369 -65.9790 -65.8215 -65.6547 -65.4763 -65.2871 -65.0854 -64.8686 -64.6342 -62.2337 -62.1029 -61.9937 -61.8407 -61.7214 -61.6012 -61.4804 -61.3590 -61.2374 -61.1154 -60.9932 -60.8722 -60.7496 -60.6274 -60.5057 -60.3848 -60.2673 -60.1366 -52.5390 -52.3858 -52.2577 -52.1281 -51.9989 -51.8657 -51.7311 -51.5702
