0.0000 0.0000 -48.1595 -48.0399 -47.9252 -47.8048 -47.6814 -47.5594 -47.4426 -47.3139 -47.1977 -47.0817 -46.9754 -46.8569 -46.7426 -46.6305 -46.5207 -46.4117 -46.3010 -46.1986 -46.0897 -45.9864 -45.8850 -45.7827 -45.6829 -45.6081 -45.4934 -45.4067 -45.3161 -45.2315 -45.1498 -45.0694 -44.9929 -44.9254 -44.8602 -44.8043 -44.7425 -44.6970 -44.6629 -44.6293
0.0000 0.0000 0.0000 0.0000 -48.0810 -47.9615 -47.8399 -47.7264 -47.6126 -47.4985 -47.3845 -47.2810 -47.1662 -47.0555 -46.9444 -46.8364 -46.7229 -46.6131 -46.5172 -46.4095 -46.3105 -46.2088 -46.1156 -46.0136 -45.9228 -45.8335 -45.7425 -45.6564 -45.5719 -45.4939 -45.4137 -45.3402 -45.2635 -45.2017 -45.1407 -45.0903 -45.0298 -44.9874 -44.9546 -44.9271
-64.1555 0.0000 0.0000 0.0000 -48.2402 -48.1220 -48.0034 -47.8924 -47.7805 -47.6691 -47.5689 -47.4579 -47.3495 -47.2445 -47.1355 -47.0354 -46.9269 -46.8317 -46.7305 -46.6322 -46.5330 -46.4426 -46.3422 -46.2294 -46.1624 -46.0679 -45.9857 -45.9030 -45.8260 -45.7504 -45.6727 -45.6010 -45.5314 -45.4754 -45.4178 -45.3666 -45.3099 -45.2696 -45.2396 -45.2149
-63.0183 -63.3324 -63.9840 0.0000 0.0000 -48.2781 -48.1688 -48.0558 -47.9467 -47.8494 -47.7420 -47.6358 -47.5341 -47.4264 -47.3287 -47.2255 -47.1297 -47.0322 -46.9372 -46.8422 -46.7511 -46.6587 -46.5674 -46.4869 -46.3944 -46.3121 -46.2311 -46.1530 -46.0806 -46.0049 -45.9283 -45.8540 -45.7949 -45.7389 -45.6892 -45.6347 -45.5851 -45.5497 -45.5193 -45.5188
-61.8895 -61.9793 -62.2645 -63.0150 -64.6460 -48.4316 -48.3235 -48.2156 -48.1209 -48.0172 -47.9133 -47.8158 -47.7128 -47.6137 -47.5151 -47.4192 -47.3262 -47.2331 -47.1420 -47.0507 -46.9652 -46.8712 -46.7785 -46.7068 -46.6203 -46.5429 -46.4671 -46.3947 -46.3240 -46.2485 -46.1835 -46.1152 -46.0588 -46.0020 -45.9583 -45.9024 -45.8607 -45.8208 -45.8212 -45.7844
-61.1771 -61.0447 -60.9136 -60.7964 -48.6513 -48.5503 -48.4485 -48.3595 -48.2612 -48.1786 -48.0851 -47.9858 -47.8908 -47.7931 -47.6982 -47.6100 -47.5143 -47.4307 -47.3417 -47.2591 -47.1684 -47.0869 -47.0153 -46.9210 -46.8472 -46.7716 -46.6982 -46.6309 -46.5601 -46.4921 -46.4255 -46.3662 -46.3118 -46.2580 -46.2139 -46.1593 -46.1270 -46.0922 -46.0868 -46.0492
-59.7341 -59.1282 -58.1118 -48.8977 -48.7994 -48.7002 -48.6129 -48.5183 -48.4192 -48.3303 -48.2348 -48.1418 -48.0480 -47.9539 -47.8702 -47.7902 -47.7054 -47.6235 -47.5409 -47.4569 -47.3731 -47.2899 -47.2153 -47.1377 -47.0676 -46.9942 -46.9268 -46.8609 -46.7893 -46.7296 -46.6645 -46.6112 -46.5557 -46.5093 -46.4617 -46.4156 -46.3844 -46.3753 -46.3397 -46.3033
-58.4231 -57.5170 -49.1377 -49.0422 -48.9460 -48.8605 -48.7693 -48.6717 -48.5848 -48.4927 -48.4015 -48.3139 -48.2188 -48.1353 -48.0483 -47.9638 -47.8852 -47.8039 -47.7263 -47.6399 -47.5579 -47.5126 -47.4187 -47.3529 -47.2806 -47.2122 -47.1499 -47.0841 -47.0180 -46.9598 -46.9011 -46.8500 -46.7933 -46.7532 -46.7051 -46.6667 -46.6639 -46.6226 -46.5862 -46.5508
-57.3719 -49.3718 -49.2789 -49.1856 -49.1020 -49.0138 -48.9177 -48.8334 -48.7444 -48.6544 -48.5693 -48.4800 -48.3931 -48.3112 -48.2263 -48.1480 -48.0701 -47.9962 -47.9143 -47.8395 -47.7642 -47.6889 -47.6190 -47.5523 -47.4830 -47.4197 -47.3677 -47.3000 -47.2447 -47.1844 -47.1320 -47.0826 -47.0303 -46.9897 -46.9438 -46.9118 -46.9031 -46.8650 -46.8259 -46.7916
-49.6001 -49.5098 -49.4192 -49.3374 -49.2522 -49.1584 -49.0755 -48.9897 -48.9008 -48.8177 -48.7323 -48.6484 -48.5658 -48.4812 -48.4054 -48.3274 -48.2568 -48.1811 -48.1040 -48.0198 -47.9777 -47.8862 -47.8246 -47.7580 -47.6913 -47.6324 -47.5719 -47.5089 -47.4566 -47.3991 -47.3503 -47.3075 -47.2632 -47.2224 -47.1778 -47.1730 -47.1360 -47.1011 -47.0598 -47.0259
-49.7351 -49.6470 -49.5670 -49.4847 -49.3932 -49.3115 -49.2288 -49.1414 -49.0600 -48.9774 -48.8941 -48.8145 -48.7316 -48.6562 -48.5806 -48.5095 -48.4393 -48.3609 -48.2945 -48.2275 -48.1509 -48.0871 -48.0237 -47.9576 -47.8978 -47.8404 -47.7798 -47.7254 -47.6705 -47.6184 -47.5721 -47.5200 -47.4852 -47.4409 -47.4295 -47.3932 -47.3560 -47.3314 -47.2892 -47.2554
-49.8694 -49.7911 -49.7114 -49.6221 -49.5413 -49.4620 -49.3767 -49.2962 -49.2161 -49.1344 -49.0595 -48.9762 -48.9003 -48.8279 -48.7522 -48.6890 -48.6141 -48.5457 -48.4707 -48.4093 -48.3416 -48.2830 -48.2195 -48.1562 -48.0999 -48.0459 -47.9846 -47.9374 -47.8811 -47.8338 -47.7884 -47.7419 -47.7077 -47.6627 -47.6481 -47.6159 -47.5788 -47.5474 -47.5068 -47.4744
-50.0098 -49.9328 -49.8456 -49.7656 -49.6890 -49.6062 -49.5266 -49.4488 -49.3695 -49.2955 -49.2189 -49.1372 -49.0685 -48.9948 -48.9269 -48.8615 -48.7893 -48.7293 -48.6692 -48.5915 -48.5332 -48.4724 -48.4130 -48.3530 -48.2998 -48.2443 -48.1922 -48.1415 -48.0900 -48.0452 -47.9981 -47.9623 -47.9256 -47.9049 -47.8646 -47.8330 -47.7978 -47.7648 -47.7272 -47.6954
-50.1490 -50.0638 -49.9845 -49.9104 -49.8297 -49.7515 -49.6759 -49.5989 -49.5253 -49.4527 -49.3697 -49.3016 -49.2316 -49.1624 -49.1027 -49.0289 -48.9688 -48.9017 -48.8387 -48.7760 -48.7200 -48.6595 -48.5991 -48.5462 -48.4967 -48.4393 -48.3936 -48.3413 -48.2943 -48.2523 -48.2070 -48.1775 -48.1643 -48.1110 -48.0779 -48.0455 -48.0123 -47.9773 -47.9426 -47.9703
-50.2770 -50.1985 -50.1261 -50.0479 -49.9708 -49.8974 -49.8228 -49.7497 -49.6801 -49.6030 -49.5294 -49.4619 -49.3918 -49.3305 -49.2658 -49.2020 -49.1276 -49.0918 -49.0134 -48.9599 -48.9014 -48.8447 -48.7877 -48.7381 -48.6867 -48.6352 -48.5898 -48.5393 -48.4957 -48.4553 -48.4160 -48.3853 -48.3667 -48.3179 -48.2855 -48.2530 -48.2222 -48.1854 -48.1532 -48.1900
-50.4063 -50.3356 -50.2600 -50.1849 -50.1137 -50.0413 -49.9686 -49.9007 -49.8276 -49.7564 -49.6873 -49.6186 -49.5562 -49.4922 -49.4296 -49.3740 -49.3137 -49.2497 -49.1922 -49.1385 -49.0807 -49.0271 -48.9737 -48.9264 -48.8730 -48.8275 -48.7803 -48.7340 -48.6941 -48.6543 -48.6218 -48.6128 -48.5649 -48.5207 -48.4891 -48.4561 -48.4272 -48.3889 -48.4169 -48.4120
-50.5417 -50.4684 -50.3930 -50.3239 -50.2534 -50.1817 -50.1163 -50.0463 -49.9745 -49.9112 -49.8394 -49.7762 -49.7176 -49.6550 -49.5976 -49.5296 -49.4965 -49.4181 -49.3686 -49.3121 -49.2584 -49.2049 -49.1575 -49.1097 -49.0591 -49.0164 -48.9679 -48.9251 -48.8902 -48.8495 -48.8496 -48.8067 -48.7547 -48.7190 -48.6881 -48.6556 -48.6267 -48.5895 -48.6265 -48.6220
-50.6723 -50.5985 -50.5304 -50.4617 -50.3919 -50.3258 -50.2590 -50.1873 -50.1250 -50.0560 -49.9900 -49.9347 -49.8714 -49.8158 -49.7622 -49.7090 -49.6433 -49.5910 -49.5393 -49.4841 -49.4349 -49.3830 -49.3380 -49.2884 -49.2448 -49.1995 -49.1546 -49.1166 -49.0812 -49.0454 -49.0400 -48.9957 -48.9467 -48.9145 -48.8826 -48.8516 -48.8213 -48.8444 -48.8397 -48.8276
-50.7997 -50.7323 -50.6656 -50.5970 -50.5318 -50.4680 -50.3978 -50.3341 -50.2723 -50.2012 -50.1441 -50.0869 -50.0232 -49.9771 -49.9157 -49.8642 -49.8068 -49.7606 -49.7057 -49.6563 -49.6091 -49.5592 -49.5147 -49.4650 -49.4246 -49.3789 -49.3387 -49.3047 -49.2683 -49.2628 -49.2259 -49.1768 -49.1363 -49.1051 -49.0729 -49.0437 -49.0120 -49.0450 -49.0416 -49.0300
-50.9300 -50.8652 -50.7979 -50.7328 -50.6712 -50.6038 -50.5386 -50.4802 -50.4154 -50.3506 -50.2985 -50.2348 -50.1797 -50.1163 -50.0878 -50.0211 -49.9726 -49.9238 -49.8724 -49.8259 -49.7753 -49.7326 -49.6863 -49.6430 -49.6008 -49.5569 -49.5211 -49.4896 -49.4788 -49.4476 -49.4081 -49.3579 -49.3226 -49.2924 -49.2598 -49.2313 -49.2554 -49.2414 -49.2394 -49.2359
-51.0618 -50.9961 -50.9307 -50.8694 -50.8054 -50.7385 -50.6818 -50.6210 -50.5523 -50.5009 -50.4431 -50.3844 -50.3408 -50.2860 -50.2325 -50.1791 -50.1346 -50.0837 -50.0383 -49.9931 -49.9444 -49.9028 -49.8551 -49.8154 -49.7731 -49.7350 -49.7018 -49.6692 -49.6589 -49.6276 -49.5809 -49.5365 -49.5052 -49.4760 -49.4429 -49.4155 -49.4459 -49.4431 -49.4391 -49.4333
-51.1891 -51.1238 -51.0649 -51.0037 -50.9380 -50.8792 -50.8214 -50.7597 -50.6997 -50.6457 -50.5856 -50.5358 -50.4795 -50.4525 -50.3835 -50.3386 -50.2921 -50.2447 -50.2005 -50.1510 -50.1103 -50.0679 -50.0251 -49.9854 -49.9437 -49.9098 -49.8788 -49.8698 -49.8366 -49.8024 -49.7547 -49.7148 -49.6851 -49.6553 -49.6233 -49.6514 -49.6329 -49.6327 -49.6337 -49.6260
-51.3142 -51.2552 -51.1969 -51.1328 -51.0738 -51.0189 -50.9584 -50.9024 -50.8450 -50.7861 -50.7330 -50.6848 -50.6437 -50.5877 -50.5380 -50.4954 -50.4478 -50.4045 -50.3613 -50.3134 -50.2745 -50.2293 -50.1894 -50.1508 -50.1150 -50.0825 -50.0528 -50.0396 -50.0108 -49.9738 -49.9258 -49.8903 -49.8613 -49.8311 -49.8007 -49.8344 -49.8286 -49.8275 -49.8248 -49.8094
-51.0001 -50.9547 -51.3235 -51.2631 -51.2099 -51.1523 -51.0949 -51.0451 -50.9826 -50.9272 -50.8801 -50.8297 -50.8037 -50.7333 -50.6919 -50.6481 -50.6032 -50.5617 -50.5191 -50.4741 -50.4335 -50.3914 -50.3539 -50.3155 -50.2824 -50.2518 -50.2434 -50.2095 -50.1810 -50.1352 -50.0928 -50.0623 -50.0341 -50.0035 -50.0306 -50.0139 -50.0112 -50.0166 -50.0117 -49.9951
-51.5778 -51.0684 -51.0180 -50.9761 -50.9319 -51.2842 -51.2350 -51.1751 -51.1172 -51.0704 -51.0050 -50.9898 -50.9311 -50.8848 -50.8438 -50.7984 -50.7572 -50.7165 -50.6692 -50.6322 -50.5899 -50.5529 -50.5152 -50.4790 -50.4476 -50.4417 -50.4068 -50.3765 -50.3449 -50.2983 -50.2596 -50.2314 -50.2037 -50.1726 -50.2078 -50.2023 0.0000 0.0000 0.0000 -50.2145
-51.7106 -51.6462 -51.5894 -51.5358 -51.0498 -51.0082 -50.9703 -50.9147 -51.2554 -51.2113 -51.1607 -51.1436 -51.0731 -51.0346 -50.9925 -50.9496 -50.9100 -50.8686 -50.8243 -50.7862 -50.7449 -50.7093 -50.6740 -50.6412 -50.6113 -50.6026 -50.5674 -50.5412 -50.4996 -50.4589 -50.4243 -50.3969 -50.3689 -50.3943 -50.3819 -50.3767 0.0000 0.0000 0.0000 -50.3951
-51.8393 -51.7801 -51.7266 -51.6692 -51.6124 -51.5640 -51.5077 -51.0349 -51.0004 -50.9509 -50.9432 -51.2616 -51.2198 -51.1810 -51.1377 -51.0983 -51.0595 -51.0203 -50.9779 -50.9372 -50.9005 -50.8657 -50.8302 -50.8006 -50.7935 -50.7602 -50.7281 -50.7027 -50.6569 -50.6178 -50.5871 -50.5600 -50.5317 -50.5643 -50.5652 -50.5474 0.0000 0.0000 -62.4384 -50.5708
-51.9607 -51.9129 -51.8593 -51.8012 -51.7521 -51.7006 -51.6314 -51.5825 -51.5385 -51.0919 -51.0588 -51.0207 -50.9912 -50.9585 -51.2830 -51.2447 -51.2065 -51.1631 -51.1272 -51.0870 -51.0529 -51.0201 -50.9866 -50.9808 -50.9481 -50.9151 -50.8869 -50.8585 -50.8122 -50.7735 -50.7469 -50.7203 -50.7462 -50.7322 -50.7335 -50.7669 -66.1123 0.0000 -60.3143 -50.7435
-52.0779 -52.0307 -51.9791 -51.9327 -51.8890 -51.8314 -51.7668 -51.7211 -51.6672 -51.6433 -51.5895 -51.5495 -51.1212 -51.0879 -51.0575 -51.0274 -51.3518 -51.3105 -51.2732 -51.2379 -51.2046 -51.1709 -51.1416 -51.1336 -51.1015 -51.0675 -51.0430 -51.0024 -50.9645 -50.9299 -50.9040 -50.8777 -50.9095 -50.9121 -50.8989 -59.0468 -63.7113 -63.7677 -59.1900 -50.8724
-52.1932 -52.1443 -52.0968 -52.0557 -52.0068 -51.9529 -51.8997 -51.8383 -51.8184 -51.7760 -51.7307 -51.6932 -51.6525 -51.6120 -51.5738 -51.1585 -51.1311 -51.0969 -51.0661 -51.3873 -51.3528 -51.3205 -51.3148 -51.2829 -51.2512 -51.2209 -51.1974 -51.1531 -51.1148 -51.0842 -51.0585 -51.0860 -51.0700 -51.0758 -51.0623 -59.1975 -62.0705 -60.2682 -51.0899 -51.0383
-51.7762 -51.7373 -52.2181 -52.1743 -52.1218 -52.0742 -52.0237 -51.9795 -51.9592 -51.9083 -51.8724 -51.8339 -51.7928 -51.7545 -51.7169 -51.6792 -51.6378 -51.6018 -51.2003 -51.1746 -51.1495 -51.1476 -51.4610 -51.4296 -51.3985 -51.3717 -51.3359 -51.2993 -51.2638 -51.2370 -51.2105 -51.2435 -51.2447 -51.2369 -51.2244 -59.3461 -60.9197 -59.8824 -51.2029 -51.2011
-51.8815 -51.8488 -51.8188 -51.7787 -51.7423 -52.1853 -52.1308 -52.1163 -52.0658 -52.0379 -52.0047 -51.9680 -51.9318 -51.8951 -51.8582 -51.8231 -51.7812 -51.7450 -51.7138 -51.6797 -51.6473 -51.2805 -51.2561 -51.2315 -51.2066 -51.5200 -51.4799 -51.4447 -51.4101 -51.3862 -51.4144 -51.3993 -51.4044 -51.3955 -51.3839 -59.4930 -60.5754 -59.6515 -51.3631 -51.3606
-51.9881 -51.9592 -51.9249 -51.8843 -51.8508 -51.8083 -51.7766 -52.2494 -52.1987 -52.1663 -52.1325 -52.0963 -52.0625 -52.0287 -51.9944 -51.9644 -51.9222 -51.8877 -51.8545 -51.8236 -51.8145 -51.7837 -51.7525 -51.7218 -51.3410 -51.3145 -51.2861 -51.2590 -51.5570 -51.5328 -51.5667 -51.5700 -51.5607 -51.5534 -51.5419 -59.6446 -60.3426 -59.5133 -51.5202 -51.4982
-52.0962 -52.0663 -52.0285 -51.9932 -51.9586 -51.9091 -51.9015 -51.8596 -51.8425 -51.8184 -52.2589 -52.2247 -52.1911 -52.1585 -52.1270 -52.0880 -52.0575 -52.0285 -51.9970 -51.9880 -51.9565 -51.9257 -51.8944 -51.8640 -51.8376 -51.8000 -51.4186 -51.3899 -51.3683 -51.3990 -51.3895 -51.7222 -51.7146 -51.7080 -58.9026 -59.7884 -60.1956 -59.4422 -51.6750 -51.6521
-52.2029 -52.1684 -52.1324 -52.1013 -52.0568 -52.0309 -52.0014 -51.9701 -51.9582 -51.9336 -51.9072 -51.8828 -51.8640 -52.2867 -52.2575 -52.2188 -52.1888 -52.1583 -52.1311 -52.1225 -52.0950 -52.0657 -52.0350 -52.0045 -51.9810 -51.9390 -51.9056 -51.8727 -51.8483 -51.5356 -51.5450 -51.5377 -51.5374 -51.5338 -59.1133 -59.9307 -60.1137 -59.4083 -51.8044 -51.8046
-52.9581 -52.8857 -52.2394 -52.2080 -52.1574 -52.1482 -52.1077 -52.0945 -52.0719 -52.0470 -52.0227 -51.9985 -51.9749 -51.9518 -51.9314 -52.3485 -52.3210 -52.2904 -52.2839 -52.2547 -52.2272 -52.1989 -52.1709 -52.1444 -52.1089 -52.0765 -52.0442 -52.0129 -52.0427 -52.0285 -52.0369 -52.0260 -51.6780 -51.6732 -57.7775 -58.3246 -58.2989 -59.4022 -51.9541 -51.9535
-53.1193 -53.0269 -52.9706 -52.8963 -52.8486 -52.2416 -52.2153 -52.2058 -52.1830 -52.1586 -52.1362 -52.1131 -52.0896 -52.0693 -52.0394 -52.0179 -52.0003 -51.9993 -52.4117 -52.3848 -52.3575 -52.3294 -52.3023 -52.2788 -52.2420 -52.2101 -52.1805 -52.1527 -52.1874 -52.1730 -52.1843 -52.1765 -52.1743 -52.1634 -59.6368 -58.4079 -58.2815 -57.7844 -51.7751 -51.7774
-53.2376 -53.1938 -53.1082 -53.0428 -52.9934 -52.9290 -52.8879 -52.3152 -52.2922 -52.2698 -52.2476 -52.2256 -52.2039 -52.1857 -52.1549 -52.1356 -52.1140 -52.1125 -52.0905 -52.0713 -52.4867 -52.4588 -52.4318 -52.3974 -52.3694 -52.3400 -52.3105 -52.3395 -52.3284 -52.3413 -52.3303 -52.3259 -52.3222 -52.3261 -60.1881 -60.3582 -60.0522 -52.2981 -51.9097 -51.9127
0.0000 0.0000 0.0000 -53.1638 -53.1057 -53.0616 -53.0372 -52.9980 -52.9587 -52.9226 -52.3581 -52.3363 -52.3179 -52.2996 -52.2685 -52.2520 -52.2486 -52.2266 -52.2071 -52.1881 -52.1679 -52.1481 -52.1298 -52.5261 -52.4967 -52.4680 -52.4385 -52.4760 -52.4643 -52.4814 -52.4729 -52.4726 -52.4776 0.0000 0.0000 -60.8151 -60.0771 -52.4227 -52.3940 -52.3938
0.0000 0.0000 -62.3777 -53.3393 -53.2280 -53.1912 -53.1680 -53.1286 -53.0909 -53.0545 -53.0188 -52.9849 -52.4301 -52.3997 -52.3810 -52.3803 -52.3605 -52.3391 -52.3216 -52.3028 -52.2828 -52.2642 -52.2354 -52.2164 -52.1948 -52.1791 -52.6189 -52.6104 -52.6273 -52.6198 -52.6133 -52.6295 -52.6188 -65.2722 0.0000 0.0000 -60.1383 -52.5772 -52.5720 -52.5662
