0.0000 -62.5135 -53.4706 -53.4177 -53.3799 -53.3172 -53.2949 -53.2564 -53.2200 -53.1844 -53.1485 -53.1174 -53.0868 -53.0411 -53.0134 -52.4903 -52.4705 -52.4514 -52.4341 -52.4155 -52.3966 -52.3783 -52.3492 -52.3305 -52.3092 -52.2885 -52.3219 -52.3182 -52.7649 -52.7574 -52.7712 -52.7699 -61.0308 -63.6968 -64.5931 -65.1874 -60.1263 -52.7137 -52.7171 -52.7146
-62.4389 -61.1683 -53.5788 -53.5184 -53.4904 -53.4595 -53.4188 -53.3822 -53.3463 -53.3114 -53.2780 -53.2476 -53.2157 -53.1697 -53.1647 -53.1279 -53.0963 -52.5619 -52.5447 -52.5262 -52.5085 -52.4921 -52.4612 -52.4419 -52.4222 -52.4470 -52.4420 -52.4677 -52.4672 0.0000 -52.4871 0.0000 0.0000 -63.0114 -64.2788 -60.2880 -59.9450 -52.8093 -52.8439 -52.8459
-61.1115 -53.6322 -53.6473 -53.6180 -53.5934 -53.5821 -53.5524 -53.5054 -53.4712 -53.4368 -53.4056 -53.3751 -53.3277 -53.3208 -53.2841 -53.2537 -53.2229 -53.1956 -53.1672 -52.6352 -52.6186 -52.5876 -52.5716 -52.5520 -52.5329 -52.5627 -52.5599 -52.5918 -52.5911 0.0000 0.0000 0.0000 -68.4610 -62.7320 -63.9139 -60.5526 -60.1813 -52.9715 -52.9469 -52.9478
-53.0565 -53.7211 -53.6863 -53.6599 -53.6913 -53.6839 -53.6579 -53.6276 -53.5935 -53.5610 -53.5308 -53.4993 -53.4517 -53.4452 -53.4081 -53.3776 -53.3487 -53.3212 -53.2924 -53.2640 -53.2368 -53.1950 -52.6789 -52.6603 -52.6863 -52.6783 -52.7109 -52.7149 0.0000 0.0000 0.0000 -67.5951 -67.5043 -65.6226 -63.5456 -60.6215 -60.2940 -53.1157 -53.1152 -53.1104
-53.1546 -53.1188 -53.1014 -53.0877 -53.7414 -53.7337 -53.7601 -53.7366 -53.7128 -53.6837 -53.6537 -53.6213 -53.5965 -53.5598 -53.5298 -53.4995 -53.4726 -53.4447 -53.4158 -53.3882 -53.3435 -53.3167 -53.2895 -53.2618 -52.7973 -52.7919 -52.8349 -52.8337 0.0000 0.0000 -66.9509 -66.6806 -66.5968 -65.5587 -63.2383 -60.6312 -60.3447 -53.2480 -53.2498 -53.2466
-53.2304 -53.2102 -53.1949 -53.1817 -53.1821 -53.1668 -53.8159 -53.7935 -53.7695 -53.7971 -53.7733 -53.7464 -53.7167 -53.6797 -53.6496 -53.6213 -53.5944 -53.5664 -53.5373 -53.5106 -53.4648 -53.4387 -53.4107 -53.4320 -53.4131 -53.4554 -53.4562 -52.9486 -60.9285 -65.8955 -65.7041 -65.5734 -65.6088 -65.3373 -60.9035 -60.6157 -53.4143 -53.3693 -53.3711 -53.3708
-53.3165 -53.3016 -53.2867 -53.2739 -53.2762 -53.2622 -53.2487 -53.2358 -53.8792 -53.8565 -53.8318 -53.8631 -53.8349 -53.7973 -53.7673 -53.7413 -53.7146 -53.6859 -53.6579 -53.6115 -53.5829 -53.5580 -53.5301 -53.5562 -53.5386 -53.6000 -53.5892 -61.9578 -64.2928 -60.6802 -60.6384 -60.6253 -64.8398 -64.9935 -60.8615 -60.6087 -53.4836 -53.4889 -53.4908 -53.4917
-53.4055 -53.3915 -53.3769 -53.3647 -53.3693 -53.3560 -53.3451 -53.3322 -53.3196 -53.3056 -53.9603 -53.9181 -53.8875 -53.8643 -53.8842 -53.8596 -53.8322 -53.8036 -53.7768 -53.7274 -53.7018 -53.6757 -53.6966 -53.6786 -53.7436 0.0000 0.0000 -62.4997 -63.2717 -64.3890 -64.3620 -64.2689 -60.5536 -60.4624 -60.7748 -60.5935 -53.5972 -53.6047 -53.6071 -53.6094
-53.4943 -53.4802 -53.4689 -53.4737 -53.4612 -53.4503 -53.4400 -53.4275 -53.4153 -53.4009 -53.3858 -53.3738 -53.9941 -53.9701 -53.9496 -53.9301 -53.9480 -53.9197 -53.8938 -53.8416 -53.8188 -53.7917 -53.8176 -53.7992 -65.4010 0.0000 0.0000 -62.7099 -63.5036 -64.4864 -64.1435 -64.0612 -64.0294 -63.6797 -58.7671 -58.6442 -53.2335 -53.7169 -53.7200 -53.7239
-53.5820 -53.5682 -53.5571 -53.5638 -53.5525 -53.5435 -53.5327 -53.5213 -53.5086 -53.5109 -53.4799 -53.4600 -53.4468 -53.4328 -54.0575 -54.0369 -54.0141 -53.9920 -53.9833 -53.9573 -53.9329 -53.9544 -53.9364 -53.9181 -64.3480 0.0000 0.0000 -62.3764 -63.4016 -64.2844 -64.4899 -64.3519 -63.7850 -61.1017 -60.8707 -60.6593 -53.3435 -53.3525 -53.3562 -53.8325
-53.6684 -53.6549 -53.6447 -53.6538 -53.6446 -53.6356 -53.6248 -53.6135 -53.6174 -53.5833 -53.5723 -53.5522 -53.5393 -53.5273 -53.5177 -53.5058 -53.4919 -54.0987 -54.0509 -54.0297 -54.0095 -54.0708 -54.0534 -54.0371 -63.8424 -66.5986 -67.3377 -62.3979 -63.3414 -64.1248 -64.4041 -64.2992 -64.0401 -61.3659 -60.9348 -60.7374 -53.9495 -53.9526 -53.9504 -53.4700
-53.7535 -53.7402 -53.7527 -53.7433 -53.7357 -53.7271 -53.7161 -53.7040 -53.7060 -53.6736 -53.6544 -53.6429 -53.6302 -53.6202 -53.6109 -53.5989 -53.5856 -53.5520 -53.5358 -54.1355 -54.1616 -54.1475 -54.1340 -62.3660 -63.5891 -64.5206 -65.3933 -62.3401 -63.1877 -63.9478 -64.3247 -64.2022 -63.9572 -61.4466 -61.2090 -61.0037 -54.0708 -54.0731 -54.0704 -54.0708
-53.8369 -53.8283 -53.8403 -53.8328 -53.8258 -53.8170 -53.8061 -53.8095 -53.7938 -53.7632 -53.7438 -53.7320 -53.7201 -53.7116 -53.7024 -53.6903 -53.6783 -53.6416 -53.6284 -53.6566 -53.6499 -54.2552 -54.2412 -62.2242 -63.1866 -63.9764 -64.9940 -62.1890 -62.8200 -63.7347 -64.1443 -64.0764 -63.9003 -61.5204 -61.2948 -61.1055 -54.2305 -54.2301 -54.1893 -54.1895
-54.7633 -54.7432 -53.9267 -53.9214 -53.9148 -53.9056 -53.9112 -53.8960 -53.8614 -53.8519 -53.8320 -53.8199 -53.8098 -53.8016 -53.7923 -53.7803 -53.7468 -53.7291 -53.7201 -53.7506 -53.7442 -53.7389 -53.7333 -62.2840 -63.0884 -63.7716 -64.3410 -62.1093 -62.8445 -63.3608 -63.9732 -63.9047 -61.7736 -61.5824 -61.3763 -54.3997 -54.3517 -54.3507 -54.3458 -54.3441
-54.8609 -54.8711 -54.8523 -54.8354 -54.0027 -53.9927 -53.9961 -53.9811 -53.9487 -53.9298 -53.9188 -53.9071 -53.8988 -53.8905 -53.8807 -53.8691 -53.8318 -53.8180 -53.8476 -53.8428 -53.8370 -53.8322 -58.7976 -59.4538 -59.8181 -63.6358 -64.1496 -62.1685 -62.6665 -63.1339 -63.6649 -63.5203 -61.7706 -61.5971 -61.4304 -54.4699 -54.4705 -54.4690 -54.4642 -54.4626
-55.0319 -54.9717 -54.9554 -54.9381 -54.9185 -54.9143 -54.0794 -54.0650 -54.0350 -54.0153 -54.0044 -53.9942 -53.9866 -53.9783 -53.9683 -53.9576 -53.9149 -53.9063 -53.9386 -53.9335 -53.9287 -53.9236 -58.9558 -59.4927 -59.8147 -60.0847 -60.3151 -62.2320 -62.6779 -63.0998 -63.3827 -63.2923 -61.5133 -61.4524 -61.4620 -54.5781 -54.5847 -54.5852 -54.5807 -54.5789
-55.1441 -55.1475 -55.0582 -55.0410 -55.0391 -55.0114 -54.9829 -54.9310 -54.1086 -54.0992 -54.0887 -54.0804 -54.0730 -54.0647 -54.0547 -54.0162 -54.0020 -54.0302 -54.0276 -54.0223 -54.0183 -54.0137 -59.0867 -59.5298 -59.8178 -60.0638 -60.2790 -59.5260 -59.7575 -59.9706 -63.3185 -61.7223 -61.5429 -61.3864 -61.2458 -54.6837 -54.6913 -54.6941 -54.6948 -54.6933
-55.2839 -55.2613 -55.2380 -55.2132 -55.1370 -55.1081 -55.0795 -55.0291 -54.9955 -54.9734 -54.1718 -54.1652 -54.1583 -54.1497 -54.1403 -54.0993 -54.0869 -54.1196 -54.1155 -54.1103 -54.1067 -54.1034 -59.1903 -59.5658 -59.8262 -60.0511 -60.2519 -59.5649 -59.7787 -59.9767 -60.0931 -59.3024 -61.5773 -61.4275 -61.2967 -54.7353 -54.7411 -54.7425 -54.8005 -54.8029
-55.3644 -55.3539 -55.3408 -55.3417 -55.3068 -55.2720 -55.1769 -55.1265 -55.0915 -55.0693 -55.0491 -55.0315 -54.2416 -54.2334 -54.1963 -54.1796 -54.2076 -54.2068 -54.2024 -54.1983 -54.1944 -58.9672 -59.2757 -59.6005 -59.8381 -60.0450 -60.2327 -59.6021 -59.8001 -59.9849 -60.0855 -59.3267 -59.2591 -59.1933 -61.3517 -54.8408 -54.8463 -54.8471 -54.8480 -54.8497
-55.4415 -55.4351 -55.4450 -55.4224 -55.3963 -55.3687 -55.3132 -55.2733 -55.1867 -55.1644 -55.1460 -55.1282 -55.1097 -55.0900 -54.2750 -54.2611 -54.2936 -54.2921 -54.2879 -54.2846 -54.2808 -59.0634 -59.3507 -59.6353 -59.8524 -60.0439 -60.2196 -59.6381 -59.8225 -59.9954 -60.0814 -59.3505 -59.2876 -59.2272 -59.1785 -54.3382 -54.9504 -54.9508 -54.9519 -54.9534
-55.5151 -55.5132 -55.5214 -55.4993 -55.4744 -55.4493 -55.3973 -55.3641 -55.3442 -55.2598 -55.2421 -55.2242 -55.2051 -55.1502 -55.1204 -55.1429 -54.3782 -54.3759 -54.3721 -54.3694 -54.3663 -59.1566 -59.4167 -59.6705 -59.8712 -60.0479 -60.2115 -59.6728 -59.8449 -60.0076 -59.4428 -59.3746 -59.3157 -59.2604 -59.2187 -54.4299 -54.4393 -54.4452 -55.0550 -55.0561
-55.5861 -55.6079 -55.5935 -55.5731 -55.5495 -55.5278 -55.4619 -55.4446 -55.4259 -55.4095 -55.3942 -55.3190 -55.2997 -55.2383 -55.2112 -55.2403 -55.2313 -55.2183 -54.4550 -54.4527 -54.4522 -59.2402 -59.4758 -59.7047 -59.8913 -60.0562 -60.2103 -59.7078 -59.8677 -60.0149 -59.4541 -59.3990 -59.3441 -59.2937 -54.5501 -54.5197 -54.5291 -54.5353 -54.5422 -54.5488
-54.6993 -54.6984 -55.6631 -55.6438 -55.6222 -55.5691 -55.5392 -55.5229 -55.5058 -55.4920 -55.4778 -55.4623 -55.4449 -55.3244 -55.3458 -55.3368 -55.3263 -55.3131 -55.3008 -55.2888 -59.1233 -59.3148 -59.5296 -59.7378 -59.9108 -60.0667 -60.2121 -59.7429 -59.8933 -60.0244 -59.4755 -59.4237 -59.3727 -59.3269 -54.5977 -54.6081 -54.6173 -54.6236 -54.6310 -54.6380
-54.7760 -54.7776 -54.7607 -54.7463 -55.6943 -55.6262 -55.6138 -55.5990 -55.5849 -55.5725 -55.5594 -55.5441 -55.4824 -55.4593 -55.4889 -55.4322 -55.4204 -55.4070 -55.3951 -55.3840 -61.8683 -62.1790 -59.5780 -59.7695 -59.9310 -60.0788 -60.2164 -59.7771 -59.9189 -60.0368 -59.4995 -59.4498 -59.4014 -59.3602 -54.6843 -54.6951 -54.7041 -54.7106 -54.7184 -54.0402
-54.8592 -54.8543 -54.8308 -54.8200 -54.8074 -55.6987 -55.6865 -55.6731 -55.6622 -55.6510 -55.6384 -55.6245 -55.5578 -55.5807 -55.5743 -55.5682 -55.5577 -55.5000 -55.4884 -55.4790 -61.9919 -62.2858 -62.5946 -62.9019 -59.9506 -60.0918 -60.2227 -59.8102 -59.9444 -59.5788 -59.5236 -59.4770 -59.4323 -59.3948 -54.7695 -54.7807 -54.7895 -54.7963 -54.0995 -54.1085
-54.9425 -54.9361 -54.9084 -54.8912 -54.8441 -54.8291 -54.8223 -55.7471 -55.7378 -55.7276 -55.7162 -55.6574 -55.6328 -55.6630 -55.6579 -55.6512 -55.6412 -55.6315 -55.5817 -55.5736 -62.1104 -62.3854 -62.6693 -62.9515 -63.1954 -63.4284 -60.2295 -59.8420 -59.9697 -59.5914 -59.5478 -59.5043 -59.4632 -59.4302 -54.8543 -54.8654 -54.8736 -54.8807 -54.1612 -54.1749
0.0000 -56.1214 -54.9849 -54.9673 -54.9055 -54.8976 -54.8890 -54.8897 -54.8857 -55.8033 -55.7925 -55.7278 -55.7484 -55.7439 -55.7396 -55.7324 -55.7230 -55.7145 -55.7074 -62.1703 -62.2218 -62.4784 -62.7407 -63.0011 -63.2277 -63.4471 -63.6501 -62.8391 -59.9936 -59.6128 -59.5721 -59.5316 -59.4940 -59.4657 -54.9379 -54.9491 -54.9572 -54.2115 -54.2258 -54.2396
0.0000 -56.3321 -56.1566 -55.0410 -54.9803 -54.9722 -54.9639 -54.9582 -54.9590 -54.9553 -54.9134 -55.7948 -55.8258 -55.8233 -55.8196 -55.8119 -55.8030 -55.7964 -55.7901 -62.2369 -62.4714 -62.7331 -62.8088 -63.0502 -63.2617 -63.4673 -63.6593 -62.8874 -63.0735 -62.2913 -59.5956 -59.5587 -59.5249 -59.5010 -55.0202 -55.0315 -54.2657 -54.2750 -54.2891 -54.3030
0.0000 0.0000 -56.3573 -56.1345 -56.0803 -55.0453 -55.0385 -55.0336 -55.0288 -55.0231 -54.9771 -54.9977 -55.9037 -55.9012 -55.8972 -55.8898 -55.8822 -55.8770 -55.8724 -62.3039 -62.5329 -62.7785 -63.0274 -63.2748 -63.2962 -63.4892 -63.6717 -62.9356 -62.4266 -62.3217 -62.2189 -59.5848 -59.5549 -59.5362 -55.1012 -55.1125 -54.3223 -54.3366 -54.3507 -54.3650
0.0000 0.0000 -56.4416 -56.3118 -56.1973 -56.1509 -56.1110 -55.1081 -55.1035 -55.0979 -55.0372 -55.0648 -55.0721 -55.0750 -55.9738 -55.9664 -55.9605 -55.9559 -62.2150 -62.3659 -62.5861 -62.8173 -63.0506 -63.2826 -63.4905 -63.5125 -63.6866 -62.9834 -62.4553 -62.3535 -62.2543 -62.1604 -62.0775 -55.2082 -55.1809 -54.3671 -54.3822 -54.3965 -54.4108 -54.4254
0.0000 0.0000 -56.5267 -56.3908 -56.3035 -56.2602 -56.2231 -56.1882 -55.1831 -55.1225 -55.1400 -55.1390 -55.1406 -55.1416 -55.1469 -55.1458 -56.0381 -56.0336 -62.2503 -62.4217 -62.6320 -62.8501 -63.0696 -63.2878 -63.4846 -63.6777 -63.0308 -63.0303 -62.4847 -62.3864 -62.2910 -62.2015 -62.1238 -55.9988 -55.0160 -54.4249 -54.4399 -54.4549 -54.4693 -54.4843
0.0000 0.0000 -56.5257 -56.4717 -56.4393 -56.3625 -56.3273 -56.2943 -56.2620 -56.1572 -55.2131 -55.2128 -55.2148 -55.2153 -55.2130 -55.2167 -55.2189 -55.2205 -62.2963 -62.4719 -62.6720 -62.8778 -63.0848 -63.2907 -63.4775 -63.6611 -63.0512 -63.1953 -62.6309 -62.4200 -62.3286 -62.2435 -62.1714 -56.0888 -55.0734 -55.0868 -55.0975 -54.5114 -54.5261 -54.5419
-66.7557 -65.4014 -56.5748 -56.5527 -56.5210 -56.4933 -56.4261 -56.3942 -56.3023 -56.2945 -56.2699 -56.2503 -55.2879 -55.2875 -55.2852 -55.2845 -55.2847 -55.2922 -59.4675 -62.5213 -62.7081 -62.9019 -63.0972 -63.2917 -63.4693 -63.6443 -63.0687 -62.7146 -62.6326 -62.5513 -62.4725 -62.2863 -62.2199 -55.1203 -55.1355 -55.1482 -55.1591 -55.1704 -55.1810 -54.5979
-64.3506 -56.6154 -56.6194 -56.6095 -56.5961 -56.5772 -56.5511 -56.4902 -56.3888 -56.3898 -56.3668 -56.3482 -56.3310 -56.3118 -55.3564 -55.3570 -55.3572 -59.4323 -59.5011 -59.6138 -59.7177 -62.9262 -63.1083 -63.2916 -63.4606 -63.6275 -63.0837 -62.7110 -62.6342 -62.5584 -62.4855 -62.4191 -59.0184 -55.1807 -55.1956 -55.2082 -55.2192 -55.2307 -55.2417 -55.2550
-63.6713 -56.5895 -56.5686 -56.6551 -56.6525 -56.6454 -56.6352 -56.5473 -56.5090 -56.4825 -56.4611 -56.4433 -56.4255 -56.4044 -56.3850 -55.4283 -55.4285 -59.4777 -59.5537 -59.6453 -59.7549 -59.8546 -59.9536 -63.2936 -63.4524 -63.6113 -63.0968 -62.7074 -62.6358 -62.5654 -62.4983 -62.4385 -58.9932 -55.2558 -55.2542 -55.2667 -55.2778 -55.2899 -55.3012 -55.3152
-56.6911 -56.6704 -56.6489 -56.6285 -56.7033 -56.7024 -56.6974 -56.6119 -56.5950 -56.5725 -56.5523 -56.5351 -56.5165 -56.4954 -56.4775 -56.4614 -56.4467 -59.5257 -59.6042 -59.6924 -59.7828 -59.8734 -59.9801 -60.0737 -60.1610 -63.5982 -63.1090 -62.7044 -62.6376 -62.5725 -62.5112 -58.9733 -58.9830 -55.3083 -55.3254 -55.3396 -55.3351 -55.3477 -55.3592 -55.3740
-56.7712 -56.7496 -56.7291 -56.7097 -56.6928 -56.6770 -56.7564 -56.6998 -56.6923 -56.6588 -56.6415 -56.6240 -56.6046 -56.5846 -56.5677 -56.5512 -56.5368 -62.5393 -62.6380 -59.7374 -59.8239 -59.9106 -59.9967 -60.0819 -60.1796 -60.2629 -62.7703 -62.7038 -62.6406 -62.5802 -58.9696 -58.9597 -58.9708 -55.3591 -55.3764 -55.3909 -55.4049 -55.4196 -55.4158 -55.4317
-56.8508 -56.8289 -56.8073 -56.7895 -56.7736 -56.7576 -56.6603 -56.7545 -56.7537 -56.7513 -56.7265 -56.7107 -56.6902 -56.6713 -56.6552 -56.6388 -62.5927 -62.6424 -62.7349 -62.8397 -59.8632 -59.9463 -60.0290 -60.1109 -60.1876 -60.2635 -59.8941 -59.8772 -62.6477 -62.5900 -58.9364 -58.9445 -55.4246 -55.4082 -55.4256 -55.4407 -55.4555 -55.4704 -55.4847 -55.5031
-56.9291 -56.9073 -56.8869 -56.8695 -56.8527 -56.8366 -56.7637 -56.7468 -56.7349 -56.8136 -56.8144 -56.7928 -56.7739 -56.7556 -56.7403 -56.7242 -62.6785 -62.7403 -62.8300 -62.9280 -63.0301 -63.1366 -60.0602 -60.1392 -60.2135 -60.2873 -59.9006 -59.8961 -59.8817 -57.5296 -58.9202 -58.9289 -55.4377 -55.4556 -55.4734 -55.4891 -55.5044 -55.5197 -55.5352 -55.5540
-57.0063 -56.9846 -56.9658 -56.9487 -56.9324 -56.8366 -56.8375 -56.8224 -56.8111 -56.8023 -56.8766 -56.8740 -56.8555 -56.8392 -56.8227 -56.8078 -62.7636 -62.8316 -62.9185 -63.0117 -63.1079 -63.2061 -63.3062 -63.4113 -60.2389 -60.3108 -59.9252 -59.9080 -57.5170 -57.5261 -57.5403 -57.5567 -55.4836 -55.5019 -55.5200 -55.5360 -55.5518 -55.5678 -55.5841 -55.6032
