0.0000 -76.2075 -76.1184 -75.3223 -75.7040 -75.5496 -75.4319 -75.3527 -75.2660 -75.2191 -73.2454 -73.3322 -73.1101 -72.6051 -72.4750 -72.6201 -72.7227 -72.8933 -73.1050 -73.2344 -73.3465 -72.7347 -73.4153 -73.6615 -73.8798 -73.9229 -73.9955 -74.2092 -76.3899 -76.7764 0.0000 0.0000 -75.7157 -70.1549 -71.2006 -72.0978 -72.8080 -72.9910 -72.9673 -73.2308
0.0000 -76.0922 -76.0101 -75.8602 -75.0733 -75.4560 -75.3566 -75.2981 -75.2890 -75.2825 -73.2830 -73.0833 -73.1751 -73.0128 -72.6090 -72.5776 -72.6091 -72.8855 -73.0964 -73.3066 -73.1610 -73.2059 -72.8255 -73.5673 -73.8275 -74.0187 -74.3167 -73.7876 -74.0321 -75.0008 -75.7135 -75.4813 -74.8963 -70.3278 -71.2085 -72.0919 -72.7082 -73.0356 -73.3638 -73.6721
0.0000 -75.9740 -75.8884 -75.8084 -75.6040 -74.8727 -75.3857 -75.2574 -75.2823 -75.3548 -73.3214 -73.1140 -72.9029 -73.1408 -73.1548 -73.1562 -72.6758 -72.7569 -72.8930 -73.0904 -73.2317 -73.2786 -72.7753 -73.5123 -73.8171 -74.1193 -74.3340 -74.5050 -73.8656 -74.0491 -74.5815 -74.6488 -74.3073 -70.5124 -70.4483 -71.3183 -72.2632 -73.1265 -73.4554 -73.7698
-76.4143 -76.3506 -76.2985 -76.2410 -76.1396 -75.9220 -75.1723 -75.7507 -75.8072 -73.8243 -73.7153 -73.5108 -73.3092 -73.2364 -73.5735 -73.7237 0.0000 -72.6527 -72.7306 -73.0731 -73.2808 -73.3731 -73.5598 -72.9412 -73.7637 -74.2862 -74.5731 -74.5496 -74.4497 -73.7949 -73.8907 -74.2098 -74.1221 -70.7112 -70.7011 -71.3253 -72.2405 -73.2593 -73.7059 -74.5823
-76.2657 -76.2236 -76.1898 -76.1451 -76.0757 -76.0286 -75.8088 -75.1276 -75.7999 -73.7925 -73.6755 -73.5328 -73.4363 -73.3073 -73.2212 -74.1256 0.0000 0.0000 -72.8465 -72.8780 -72.9658 -73.6223 -73.5840 -73.5739 -73.2051 -74.2065 -74.6014 -74.6932 -74.5476 -73.4571 -73.6438 -73.8808 -73.4055 -70.9252 -70.8877 -72.3954 -71.4961 -73.4375 0.0000 0.0000
-75.2406 -76.1051 -76.0837 -76.0667 -76.0615 -75.9983 -76.0186 -75.8062 -75.1134 -73.7811 -73.6395 -73.5730 -73.4903 -73.3800 -73.3377 -73.5063 -79.1688 -76.1298 -72.8115 -73.1155 -73.1342 -73.1759 -73.7599 -73.8557 -73.1592 -74.0767 -74.5666 -74.7837 -74.4314 -74.2298 -73.4412 -73.6208 -73.2429 -73.1696 -71.2092 -73.2210 -71.4038 -73.1221 0.0000 0.0000
-76.1198 -75.9915 -75.9846 -75.9937 -76.0168 -75.9745 -76.0003 -76.0724 -73.5837 -73.0193 -73.3176 -73.2216 -73.1417 -73.0995 -73.0314 -74.7715 -76.3841 -76.2313 -72.3903 -73.0632 -73.2758 -73.5422 -73.4058 -74.0707 -74.0583 -73.3418 -74.4351 -74.7458 -74.5047 -74.5274 -74.3789 -73.3850 -73.0039 0.0000 0.0000 0.0000 0.0000 -72.0615 0.0000 0.0000
-75.7324 -74.6250 -75.4649 -75.4879 -75.5196 -75.5100 -75.5463 -75.5726 -73.7931 -73.4299 -72.9064 -73.2159 -73.1527 -73.1122 -72.9423 -74.8989 -76.0614 -76.1837 -72.9727 -72.4889 -73.2416 -73.5304 -73.8465 -73.6231 -73.7384 -74.2852 -73.4071 -74.3524 -74.6534 -74.7945 -75.0075 -73.1487 -73.1854 -77.8175 0.0000 0.0000 0.0000 -71.6748 -75.8204 -76.0604
-75.7343 -75.5428 -75.3954 -75.4243 -75.4924 -75.5125 -75.5589 -75.5606 -73.8036 -73.6955 -72.9427 -73.2137 -73.0146 -72.9560 -72.9344 -75.1024 -75.8516 -76.2047 -73.0791 -73.0834 -73.1876 -73.5053 -73.8398 -74.1827 -74.5232 -73.9402 -73.0395 -74.3407 -74.7248 -74.9188 0.0000 0.0000 -73.2617 -77.3846 0.0000 0.0000 -76.5978 -72.4520 -73.0134 -75.4500
0.0000 -75.5913 -75.3872 -75.3340 -75.4511 -75.5173 -75.5349 -73.8862 -73.8296 -73.7387 -73.5939 -72.7282 -72.9897 -72.9344 -72.9711 -75.0939 -75.7647 -74.8744 -73.2169 -73.2433 -72.6254 -73.4410 -73.8141 -74.1948 -74.5655 -74.5344 -73.6467 -73.0539 -75.0599 0.0000 0.0000 0.0000 0.0000 -76.5483 -76.1738 -77.0774 -76.3916 -74.3397 -72.7698 -73.2262
0.0000 -75.6199 -75.4670 -74.4838 -75.3952 -75.5307 -75.5249 -73.8715 -73.8395 -73.6601 -73.5188 -73.3638 -72.6388 -72.9478 -72.9536 -75.0644 -75.4878 -76.0243 -73.3663 -73.4249 -73.4299 -72.7840 -73.7484 -74.1873 -74.3446 -74.6156 -74.9900 0.0000 -74.4606 0.0000 0.0000 0.0000 0.0000 -74.6373 -75.5802 -76.6508 -76.2394 -74.7204 -74.2214 -72.9162
0.0000 0.0000 -75.5100 -75.3503 -75.3179 -75.4634 -75.5220 -73.9032 -73.7468 -73.6669 -73.5602 -73.4343 -73.2981 -72.5472 -72.9228 -74.9711 -75.3142 -76.0982 -73.7031 -73.6194 -73.6793 -73.6338 -73.6008 -73.9288 -74.5770 -75.0109 0.0000 0.0000 -73.5853 -77.4774 -80.3547 0.0000 0.0000 -73.2504 -74.8229 -76.1566 -75.8208 -75.1158 -74.6237 -74.8031
0.0000 -76.7091 -75.5669 -75.4265 -74.3224 -75.3751 -73.8576 -73.8047 -73.7423 -73.6676 -73.6095 -73.4676 -73.3356 -73.2477 -72.5190 -74.8498 -75.1683 -75.5649 -73.7420 -73.9837 -74.1851 -74.0086 -73.6671 -73.9286 -74.5770 0.0000 0.0000 0.0000 0.0000 -74.0838 -77.1156 -75.8095 -75.9427 -74.2982 -72.6945 -75.8285 -76.2326 -75.6221 -73.8774 0.0000
0.0000 -76.9869 -76.7591 -75.4777 -75.3172 -75.1619 -73.8285 -73.7868 -73.7516 -73.6855 -73.6059 -73.4853 -73.4006 -73.3138 -73.2872 -74.1404 -75.0371 -75.4256 -73.7692 -74.0424 -74.3252 -74.8176 -74.7217 -73.0116 -75.2202 -81.4919 0.0000 0.0000 0.0000 -73.3190 -75.5395 -75.7527 -75.6961 -75.1088 -72.2890 -72.5634 -76.6516 0.0000 0.0000 0.0000
-81.3320 -77.0284 0.0000 -76.6275 -75.2870 -75.1483 -73.7794 -73.7817 -73.7232 -73.6736 -73.6182 -73.5122 -73.4504 -73.4029 -73.3784 -75.3751 -74.2550 -75.2808 -73.5063 -74.3356 -74.6594 -81.7547 0.0000 0.0000 -73.5740 0.0000 0.0000 -77.3345 -76.5100 -73.8616 -73.3589 -75.5821 -75.4587 -75.2667 -75.3417 -72.2218 -76.9196 0.0000 0.0000 0.0000
-78.5684 0.0000 0.0000 0.0000 -75.3264 -73.7538 -73.0370 -73.7503 -73.7079 -73.6752 -73.6371 -73.5484 -73.4951 -73.4812 -73.4951 -75.4904 -75.7307 -75.2485 -73.6226 -74.3760 0.0000 0.0000 0.0000 0.0000 -74.3248 0.0000 0.0000 -76.8125 -77.0589 -75.4044 -73.2468 -73.8662 -76.1211 -76.2761 -77.6745 -76.8392 -72.4380 0.0000 0.0000 0.0000
0.0000 0.0000 0.0000 -78.7889 -75.3314 -73.7406 -73.5833 -73.7465 -73.6991 -73.6831 -73.6649 -73.5956 -73.5501 -73.5451 -73.5846 -75.6424 -76.1778 -76.2149 -73.5329 -74.2071 0.0000 0.0000 0.0000 0.0000 0.0000 -74.7591 -75.8223 -76.2738 -75.9320 -76.0781 -74.3703 -73.6339 -76.3670 0.0000 0.0000 0.0000 0.0000 -73.1053 -72.8996 -72.6355
0.0000 0.0000 -77.5992 -77.5926 -75.7811 -73.7354 -73.5658 -72.6981 -73.6917 -73.7014 -73.7049 -73.6563 -73.6159 -73.6200 -73.8503 -76.0639 0.0000 0.0000 -73.0367 -74.0835 -79.0765 0.0000 0.0000 -77.4843 -77.1667 -75.6265 -74.2432 -75.4326 -75.6059 -76.0608 -75.6372 -73.6654 -74.3031 0.0000 0.0000 0.0000 0.0000 -71.7004 -72.3997 -72.3424
0.0000 0.0000 -78.6618 -75.9865 -74.1919 -74.1258 -73.5851 -73.4064 -73.7053 -73.7284 -73.7621 -73.7328 -73.7657 -73.8195 -73.9230 0.0000 0.0000 0.0000 0.0000 -73.3357 -77.2262 -78.4060 -77.8027 -77.5553 -76.4735 -74.2381 -75.0825 -73.9406 -75.4107 -76.4897 0.0000 0.0000 -73.9604 -77.6679 0.0000 0.0000 -74.3622 -72.1460 -72.3860 -72.4187
-76.2826 0.0000 0.0000 -75.9066 -74.1707 -74.1960 -74.0019 -73.4556 -73.2925 -73.7964 -73.8660 -73.8494 -73.8581 -73.9431 -77.0606 0.0000 0.0000 0.0000 0.0000 -73.0212 -74.7421 -76.6937 -77.2362 -76.8580 -76.9479 -76.7495 -75.7602 -75.0408 -75.1841 0.0000 0.0000 0.0000 0.0000 -73.2238 -75.4646 -75.5947 -75.1399 -74.3267 -72.0140 -72.3651
-74.5903 -75.4084 -76.2255 -75.8293 -74.1710 -74.2243 -74.2186 -73.5447 -73.3626 -73.9451 -73.9731 -74.0079 -73.9677 -74.3049 -77.1486 -82.8708 0.0000 0.0000 -78.3422 -76.2311 -74.6709 -74.9583 -76.0528 -76.6608 -76.9017 -76.6227 -77.3878 0.0000 -73.4313 -81.4265 0.0000 0.0000 0.0000 -73.4245 -74.1873 -76.6085 -76.2092 -75.1499 -73.6754 -72.1381
-75.5047 -74.8715 -74.0211 -73.9379 -74.2025 -74.2772 -74.2876 -74.2633 -73.4528 -73.2972 0.0000 0.0000 0.0000 -74.4055 -77.2747 -81.6336 -78.5487 -76.9667 -77.6683 -77.6428 -74.6953 -74.9430 -74.7323 -76.3397 -77.3739 0.0000 0.0000 0.0000 -74.8297 -74.8801 0.0000 -77.7915 -78.0452 -77.0068 -73.4829 -74.8644 -76.7394 -76.3484 -75.1842 -71.8795
-75.8399 -76.5413 -73.9309 -72.7368 -74.2262 -74.3559 -74.3790 -74.3523 -74.6081 -73.4249 -76.2448 0.0000 0.0000 0.0000 0.0000 -78.1628 -77.5145 -76.5685 -76.3904 -77.1249 -76.2676 -74.9815 -75.0244 -76.8649 -80.2438 0.0000 0.0000 0.0000 0.0000 -76.6332 -74.9792 -77.2429 -77.8683 -77.7145 -74.9003 -73.9523 -77.2773 -76.9910 -76.6994 -75.9816
-76.2205 -75.8558 -75.3399 -72.6669 -74.2566 -74.4642 -74.4858 0.0000 0.0000 0.0000 -77.7269 0.0000 0.0000 0.0000 0.0000 -78.2111 -77.1058 -77.7542 -76.1097 -76.8489 -76.3847 -77.3604 -73.8922 -74.9199 -79.7972 0.0000 0.0000 0.0000 -76.9334 -77.1721 -74.2958 -74.8990 -77.4084 -77.9070 -76.3634 -74.9635 -74.3676 -77.5223 -77.3133 -76.5758
-76.7612 -76.6660 -74.2530 -73.6792 -72.6290 -74.6209 0.0000 0.0000 0.0000 0.0000 -77.5584 -77.3403 0.0000 -75.3533 -77.0475 -77.8252 -76.8846 -77.2158 -75.8220 -77.2307 0.0000 0.0000 0.0000 -75.0072 -74.7512 0.0000 0.0000 -76.5292 -76.0816 -76.1987 -76.4347 -74.2516 -76.6328 -77.5773 -78.2577 -76.1171 -73.6163 -77.2482 -78.0776 -78.2268
-76.2967 -76.2911 -74.8365 -74.8400 -72.6528 -75.7337 0.0000 0.0000 0.0000 0.0000 0.0000 -76.6409 -74.8662 -75.0024 -75.1316 -77.4648 -76.6891 -77.1418 -77.7162 -76.3485 0.0000 0.0000 0.0000 -73.6317 -74.9236 -75.4309 -73.1755 -74.9109 -75.5316 -75.6907 -77.1908 -76.2799 -74.1835 -76.9230 -78.0843 -76.0963 -76.3581 -73.9844 0.0000 0.0000
-76.3248 -77.2590 0.0000 0.0000 0.0000 -75.3168 -80.2894 0.0000 0.0000 0.0000 -76.9587 -76.3858 -76.4172 -74.6242 -74.7891 -77.0420 -77.2179 0.0000 0.0000 -76.0741 0.0000 0.0000 0.0000 0.0000 -74.9337 -75.8661 -75.3575 -72.7191 -74.5063 -75.2485 -76.8580 -77.3942 -76.1010 -76.0629 -77.7622 -77.3713 0.0000 0.0000 -74.8489 0.0000
-77.2985 0.0000 0.0000 0.0000 0.0000 -74.8727 -75.2739 0.0000 -74.7357 -76.5168 -77.1162 -76.3422 -76.1619 -74.2546 -74.7074 -75.1857 0.0000 0.0000 0.0000 -75.8220 0.0000 0.0000 -77.2736 -75.7133 -73.2395 -76.4236 -76.0352 -75.1107 -72.1161 -74.7931 -76.5469 -77.5636 -77.0940 -73.7467 -77.5357 0.0000 0.0000 0.0000 -73.4332 -75.0709
-77.9865 0.0000 0.0000 0.0000 0.0000 -75.1055 -74.1660 -74.3079 -74.4063 -75.8602 -76.7747 -76.7242 -76.1201 -76.2599 -74.3811 -74.7742 0.0000 0.0000 0.0000 0.0000 -77.5679 -78.1298 -77.0671 -76.5482 -72.7431 -74.2194 -76.8843 -76.1950 -74.0256 -72.1164 -76.3011 -77.6056 -78.5704 -78.5601 -74.1854 0.0000 0.0000 0.0000 0.0000 -74.0614
-76.1954 -77.7844 0.0000 -74.0336 -73.8946 -73.7397 -73.8809 -74.0054 -74.0971 -74.1771 -76.4422 -77.3104 -77.8749 -77.1775 -76.1177 -74.4422 -75.1344 0.0000 0.0000 -74.5527 -76.9822 -77.5845 -77.8919 -76.2462 -74.1511 -73.5117 -77.0237 -77.4301 -75.9232 -71.7828 -76.1052 -78.1567 0.0000 0.0000 0.0000 0.0000 0.0000 0.0000 0.0000 -72.9059
0.0000 -76.6535 -76.5685 -76.0455 -73.2810 -73.4048 -73.5265 -73.6673 -73.7561 -74.0655 -74.1967 -77.6532 0.0000 0.0000 0.0000 -74.1298 -74.7613 -77.7258 -76.6647 -74.2578 -74.3469 -77.0198 -77.5221 -77.2794 -74.5485 -73.6461 -73.9741 -77.4008 -75.9162 -75.9496 -72.3288 0.0000 0.0000 0.0000 0.0000 -74.0467 -75.1476 -75.1171 -74.9959 -72.7031
0.0000 0.0000 -75.7946 -75.5286 -75.1990 -72.7910 -73.1600 -73.2749 -73.6292 -73.8563 -74.0129 0.0000 0.0000 0.0000 0.0000 0.0000 -74.1126 -74.5261 -76.8597 -76.3309 -74.0157 -76.4162 -77.2362 -77.1244 -75.7101 -76.3754 -73.3053 -78.1784 -76.6887 0.0000 0.0000 -73.0091 0.0000 0.0000 -77.5215 -73.7555 -73.7775 -75.7503 -75.6630 -75.5341
-79.0378 -77.1947 -76.9355 -76.8495 -75.5256 -75.1396 -74.9010 -72.8209 -72.9503 -73.5312 -73.7892 -75.6064 0.0000 0.0000 0.0000 -77.3220 -73.7961 -74.2129 -76.4242 -76.6878 -75.9951 -73.6882 -76.9480 -77.1111 -75.7510 -78.9898 -76.1071 -73.7697 0.0000 0.0000 0.0000 -72.4431 -73.1015 -76.6995 -77.0664 -78.5195 -73.3142 -74.3992 -76.6388 -76.1828
-76.4499 -77.0333 -78.2106 -78.3079 -78.9437 -78.7247 0.0000 -75.0324 -72.6276 -72.7974 -74.0657 -74.5231 -74.9561 -76.4993 -77.1322 -77.2815 -75.3109 -73.9129 -74.3617 -76.8019 -76.6978 -75.6539 -73.6791 -77.2595 -75.9031 -80.3179 0.0000 -73.4550 0.0000 0.0000 0.0000 -72.1260 -72.4325 -73.2838 -76.8595 -77.4495 -79.3877 -73.1787 -76.9908 -77.8441
-75.9358 -76.7148 -78.2584 0.0000 0.0000 0.0000 0.0000 0.0000 -75.7990 -72.4417 -73.5412 -73.8958 -74.2918 -74.7373 -76.7896 -77.4514 -77.1009 -75.3388 -74.0832 -76.6825 -77.3951 -77.2551 -73.4162 -77.5801 0.0000 0.0000 0.0000 0.0000 -73.0763 0.0000 -71.3365 -71.4730 -71.7282 -72.6288 -76.7649 -76.9269 -78.8488 -78.2726 -73.5461 0.0000
-75.0418 -76.7026 0.0000 0.0000 0.0000 0.0000 0.0000 -77.6500 0.0000 0.0000 -73.0634 -73.3974 -73.8153 -74.2922 -76.2977 -77.3094 -77.4716 -75.5259 -73.8176 -74.3468 -77.3441 -77.3486 -78.2165 -73.6640 0.0000 0.0000 0.0000 0.0000 -72.3406 -72.7739 -70.7484 -71.0613 -71.2056 -71.9318 -72.6464 -76.9205 -79.7263 -80.2793 0.0000 0.0000
-71.2965 -76.3996 -81.1426 0.0000 0.0000 0.0000 -80.5270 0.0000 0.0000 -76.6584 -72.5261 -72.8608 -73.2919 -73.8118 -74.4000 -77.0931 -77.8274 -75.8376 -75.5586 -73.9922 -77.5432 0.0000 0.0000 0.0000 -74.2128 0.0000 0.0000 -72.8468 -72.7881 -72.5264 -72.8227 -70.6093 -70.9834 -71.1067 -72.0038 -77.7621 0.0000 0.0000 0.0000 -72.2426
-71.5755 -71.4618 -71.3258 -75.9682 0.0000 -79.0786 -77.7344 0.0000 0.0000 0.0000 0.0000 -72.2668 -72.7073 -73.2674 -73.9326 -76.9128 -77.7275 -78.3929 -76.7704 -73.8623 -74.7704 0.0000 0.0000 0.0000 -72.3578 -72.7223 -73.0170 -72.9612 -72.7944 -72.8029 -72.8442 -72.9947 -73.2839 -71.0602 -71.3767 -72.7042 -80.2691 0.0000 0.0000 0.0000
-71.7224 -71.5926 -71.4630 -71.3302 -71.0959 -70.8976 -76.3213 0.0000 0.0000 0.0000 0.0000 -71.5193 -71.9649 -72.5653 -73.3153 -74.2340 -77.5796 -79.5936 0.0000 0.0000 -74.2709 0.0000 0.0000 0.0000 -71.8525 -72.2199 -72.6723 -72.9459 -73.0961 -73.0174 -72.2530 -73.0758 -73.9341 -74.2832 -75.4572 -72.0131 -74.2624 0.0000 0.0000 0.0000
-71.8513 -71.7228 -71.5992 -71.4475 -71.2576 -70.6608 -71.1421 -70.9851 -70.8481 0.0000 -68.3976 -70.2082 -70.8770 -71.6451 -72.4082 -73.4647 -78.2812 0.0000 0.0000 0.0000 -73.7443 -74.7932 0.0000 -73.8290 -73.8199 -71.8114 -72.1076 -72.7148 -73.1324 -73.2625 -73.6921 -72.7205 -73.8647 -75.1234 -76.2348 0.0000 -72.5487 0.0000 -64.7324 -64.6719
