-62.4183
-62.9548
-61.6385
-60.4092
-59.3879
-58.5929
-57.8119
-55.4027
-55.3628
-55.3418
-55.3378
-55.3486
-55.3732
-55.4095
-55.4559
-55.5095
-55.5673
-62.1454
-62.8690
-61.1144
-59.5789
-58.4255
-57.2756
-55.0715
-55.0247
-54.9986
-54.9906
-54.9987
-55.0208
-55.0552
-55.1002
-55.1540
-55.2063
-55.2710
-61.7297
-62.7887
-60.1809
-58.2510
-54.7936
-54.7151
-54.6607
-54.6282
-54.6145
-54.6174
-54.6259
-54.6560
-54.6972
-54.7484
-54.8088
-54.8775
-54.9535
-55.0248
-55.1134
-61.4466
-62.6967
-54.4945
-54.3876
-54.3131
-54.2508
-54.2183
-54.2063
-54.2115
-54.1738
-54.2138
-54.2643
-54.3241
-54.3923
-54.4681
-54.5505
-54.6390
-54.7321
-54.8303
-58.8099
-57.8030
-56.8985
-56.1398
-55.5241
-55.0353
-54.6553
-54.3625
-54.0865
-53.9267
-53.8127
-53.7373
-53.6931
-53.6743
-53.6766
-53.6963
-53.7308
-53.7778
-53.8354
-53.9021
-53.9770
-54.0589
-54.1471
-54.2409
-54.3394
-54.4414
-54.5574
-58.2564
-57.0918
-56.1024
-55.3044
-54.6856
-54.2168
-53.8685
-53.6141
-53.4330
-53.3095
-53.2304
-53.1880
-53.1744
-53.1839
-53.2122
-53.2560
-53.3126
-53.3798
-53.4560
-53.5398
-53.6303
-53.7263
-53.8274
-53.9326
-54.0412
-54.1522
-54.2766
-57.6579
-56.3629
-55.2513
-54.4143
-53.8078
-53.3770
-53.0774
-52.8736
-52.7420
-52.6647
-52.6279
-52.6240
-52.6451
-52.6861
-52.7429
-52.8124
-52.8924
-52.9808
-53.0764
-53.1777
-53.2842
-53.3947
-53.5087
-53.6257
-53.7446
-53.8753
-53.9986
-56.9787
-55.3630
-54.1473
-53.3264
-52.7857
-52.4349
-52.2145
-52.0834
-52.0164
-51.9959
-52.0092
-52.0491
-52.1090
-52.1841
-52.2713
-52.3681
-52.4724
-52.5828
-52.6981
-52.8174
-52.9399
-53.0650
-53.1923
-53.3209
-53.4506
-53.5942
-53.7241
-55.8672
-53.8651
-52.6663
-51.9870
-51.6005
-51.3873
-51.2828
-51.2481
-51.2615
-51.3085
-51.3789
-51.4677
-51.5694
-51.6813
-51.8006
-51.9256
-52.0551
-52.1879
-52.3233
-52.4607
-52.5995
-52.7393
-52.8797
-53.0203
-53.1609
-43.4727
-53.5123
-51.4610
-50.6995
-50.3786
-50.2630
-50.2521
-50.2980
-50.3808
-50.4872
-50.6099
-50.7429
-50.8840
-51.0305
-51.1807
-51.3332
-51.4875
-51.6426
-51.7982
-51.9539
-52.1094
-52.2645
-52.4189
-52.5725
-52.7252
-52.8898
-42.3922
-42.8322
-43.2354
-43.6075
-43.9518
-44.2787
-44.5900
-44.8874
-45.1834
-45.4594
-45.7328
-45.9921
-46.2435
-46.4880
-46.7264
-46.9583
-47.1847
-47.4058
-47.6217
-47.8331
-48.0403
-48.2432
-48.4421
-48.6372
-48.8288
-49.0171
-49.2022
-49.3840
-49.5628
-49.7383
-49.9105
-50.0801
-50.2513
-34.5097
-42.1131
-42.5492
-42.9681
-43.3624
-43.7331
-44.0830
-44.4145
-44.7302
-45.0425
-45.3331
-45.6196
-45.8906
-46.1525
-46.4063
-46.6527
-46.8924
-47.1256
-47.3527
-47.5745
-47.7911
-48.0028
-48.2101
-48.4127
-48.6111
-48.8057
-48.9968
-49.1843
-49.3686
-49.5500
-49.7282
-49.9044
-50.0774
-50.2521
-50.4194
-34.5592
-34.8520
-35.1394
-35.4201
-42.9508
-43.3090
-43.6649
-44.0102
-44.3425
-44.6710
-44.9783
-45.2802
-45.5662
-45.8420
-46.1090
-46.3674
-46.6183
-46.8620
-47.0987
-47.3292
-47.5542
-47.7734
-47.9877
-48.1972
-48.4021
-48.6030
-48.7997
-48.9927
-49.1823
-49.3685
-49.5518
-49.7322
-49.9096
-50.0886
-50.2594
-34.6236
-34.9088
-35.1869
-35.4622
-35.7334
-35.9996
-36.2600
-43.7473
-44.0568
-44.3682
-44.6844
-44.9903
-45.2827
-45.5664
-45.8415
-46.1083
-46.3672
-46.6187
-46.8630
-47.1008
-47.3325
-47.5586
-47.7792
-47.9948
-48.2056
-48.4118
-48.6138
-48.8117
-49.0058
-49.1965
-49.3839
-49.5681
-49.7530
-49.9318
-50.1057
-34.6950
-34.9751
-35.2483
-35.5172
-35.7818
-36.0409
-36.2981
-36.5494
-36.7965
-44.2304
-44.5050
-44.7813
-45.0666
-45.3447
-45.6182
-45.8861
-46.1476
-46.4028
-46.6513
-46.8938
-47.1303
-47.3611
-47.5865
-47.8065
-48.0219
-48.2325
-48.4386
-48.6406
-48.8388
-49.0330
-49.2240
-49.4116
-49.6003
-49.7819
-49.9588
-34.7764
-35.0488
-35.3135
-35.5796
-35.8406
-36.0957
-36.3456
-36.5910
-36.8329
-37.0711
-37.3065
-37.5370
-44.9724
-45.2163
-45.4678
-45.7219
-45.9753
-46.2261
-46.4726
-46.7149
-46.9522
-47.1848
-47.4122
-47.6349
-47.8528
-48.0662
-48.2752
-48.4802
-48.6812
-48.8786
-49.0725
-49.2629
-49.4553
-49.6396
-49.8198
-34.8583
-35.1248
-35.3927
-35.6509
-35.9036
-36.1551
-36.4016
-36.6426
-36.8786
-37.1119
-37.3410
-37.5691
-37.7908
-38.0109
-38.2270
-45.6562
-45.8816
-46.1128
-46.3458
-46.5791
-46.8107
-47.0396
-47.2651
-47.4870
-47.7050
-47.9189
-48.1292
-48.3354
-48.5380
-48.7371
-48.9328
-49.1304
-49.3210
-49.5069
-49.6885
-34.9499
-35.2117
-35.4710
-35.7240
-35.9760
-36.2224
-36.4621
-36.6993
-36.9326
-37.1611
-37.3850
-37.6084
-37.8270
-38.0433
-38.2550
-38.4626
-38.6689
-38.8722
-46.3001
-46.5105
-46.7254
-46.9425
-47.1596
-47.3755
-47.5895
-47.8006
-48.0095
-48.2151
-48.4172
-48.6185
-48.8150
-35.0470
-35.3035
-35.5580
-35.8077
-36.0497
-36.2890
-36.5286
-36.7626
-36.9905
-37.2153
-37.4368
-37.6541
-37.8694
-38.0805
-38.2898
-38.4953
-38.6975
-38.8962
-39.0916
-39.2869
-39.4786
-46.9074
-47.1051
-47.3063
-47.5093
-47.7115
-47.9133
-48.1152
-48.3153
-48.5129
-48.7072
-35.1886
-35.4062
-35.6490
-35.8927
-36.1301
-36.3673
-36.5986
-36.8250
-37.0522
-37.2747
-37.4920
-37.7059
-37.9190
-38.1263
-38.3313
-38.5314
-38.7308
-38.9283
-39.1223
-39.3129
-39.5002
-39.6854
-39.8699
-40.0511
-47.4836
-47.6704
-47.8580
-48.0503
-48.2421
-48.4332
-48.6227
-35.3781
-35.5755
-35.7704
-35.9882
-36.4452
-36.6732
-36.8994
-37.1188
-37.3337
-37.5496
-37.7616
-37.9715
-38.1760
-38.3789
-38.5775
-38.7730
-38.9652
-39.1547
-39.3441
-39.5301
-39.7131
-39.8930
-40.0701
-40.2464
-40.4212
-40.5929
-48.0300
-48.2094
-48.3893
-48.5693
-35.5692
-35.7598
-35.9489
-36.1375
-50.2282
-45.7739
-36.9703
-37.1879
-37.4036
-37.6122
-37.8167
-38.0232
-38.2280
-38.4287
-38.6253
-38.8189
-39.0097
-39.1972
-39.3813
-39.5624
-39.7433
-39.9220
-40.0979
-40.2711
-40.4418
-40.6099
-40.7781
-40.9434
-41.1074
-48.5569
-35.7695
-35.9486
-36.1283
-36.3077
-47.4120
-47.6489
-47.8565
-46.1000
-37.2615
-37.4697
-37.6779
-37.8841
-38.0830
-38.2808
-38.4778
-38.6737
-38.8651
-39.0533
-39.2387
-39.4218
-39.6022
-39.7808
-39.9548
-40.1270
-40.2991
-40.4684
-40.6354
-40.8000
-40.9626
-41.1222
-41.2838
-35.9711
-36.1440
-36.3158
-36.4859
-36.6574
-36.8284
-45.6481
-46.3981
-46.4159
-45.6169
-37.7467
-37.9453
-38.1450
-38.3431
-38.5365
-38.7261
-38.9149
-39.1011
-39.2845
-39.4648
-39.6426
-39.8187
-39.9923
-40.1626
-40.3297
-40.4942
-40.6590
-40.8217
-40.9821
-41.1400
-41.2960
-36.1731
-36.3407
-36.5052
-36.6704
-36.8339
-36.9970
-37.1591
-45.0111
-45.7471
-46.3456
-46.1226
-45.7323
-38.2101
-38.4013
-38.5965
-38.7855
-38.9706
-39.1514
-39.3322
-39.5109
-39.6869
-39.8601
-40.0306
-40.2003
-40.3677
-40.5322
-40.6932
-40.8516
-41.0088
-41.1659
-41.3206
-41.4731
-41.6234
-41.7964
-51.7106
-51.8299
-51.9669
-52.1004
-52.2324
-52.3619
-36.3773
-36.5361
-36.6981
-36.8551
-37.0131
-37.1706
-37.3265
-37.4804
-37.6357
-45.4997
-46.0618
-46.5467
-46.2172
-46.0188
-38.6581
-38.8422
-39.0279
-39.2090
-39.3852
-39.5591
-39.7327
-39.9044
-40.0736
-40.2402
-40.4044
-40.5676
-40.7291
-40.8884
-41.0435
-41.1962
-41.3469
-41.4982
-41.6476
-41.7949
-41.9402
-42.0811
-49.8438
-50.4369
-50.8869
-51.2348
-36.5873
-36.7364
-36.8866
-37.0429
-37.1946
-37.3448
-37.4966
-37.6470
-37.7942
-37.9424
-38.0926
-45.9652
-46.4272
-46.6435
-46.4541
-46.3837
-39.0865
-39.2641
-39.4404
-39.6135
-39.7831
-39.9508
-40.1178
-40.2830
-40.4458
-40.6062
-40.7644
-40.9215
-41.0773
-41.2310
-41.3815
-41.5290
-41.6745
-41.8189
-41.9634
-42.1058
-42.2439
-42.3825
-42.5193
-50.2665
-36.7951
-36.9410
-37.0831
-37.2274
-37.3760
-37.5236
-37.6665
-37.8124
-37.9554
-38.0994
-38.2425
-38.3858
-46.0066
-46.4091
-46.8065
-46.8768
-46.7731
-39.3237
-39.4965
-39.6673
-39.8361
-40.0022
-40.1659
-40.3276
-40.4884
-40.6475
-40.8045
-40.9592
-41.1116
-41.2626
-41.4128
-41.5615
-41.7077
-41.8503
-41.9910
-42.1299
-42.2696
-42.4050
-42.5410
-42.6753
-37.0015
-37.1419
-37.2833
-37.4195
-37.5575
-37.6985
-37.8428
-37.9804
-38.1165
-38.2568
-38.3967
-38.5352
-38.6735
-38.8128
-46.4762
-46.8324
-47.2080
-47.1619
-47.1193
-39.7237
-39.8902
-40.0546
-40.2166
-40.3764
-40.5344
-40.6906
-40.8457
-40.9988
-41.1500
-41.2992
-41.4464
-41.5916
-41.7374
-41.8814
-42.0236
-42.1618
-42.2979
-42.4296
-42.5637
-42.6973
-37.2104
-37.3429
-37.4771
-37.6138
-37.7455
-37.8771
-38.0110
-38.1504
-38.2851
-38.4138
-38.5508
-38.6862
-38.8198
-38.9534
-39.0870
-39.2218
-46.9362
-47.2611
-47.5198
-47.4672
-47.4632
-40.1083
-40.2689
-40.4269
-40.5828
-40.7366
-40.8893
-41.0403
-41.1899
-41.3379
-41.4839
-41.6280
-41.7702
-41.9106
-42.0513
-42.1907
-42.3285
-42.4631
-42.5921
-42.7222
-37.4145
-37.5462
-37.6733
-37.8020
-37.9335
-38.0616
-38.1869
-38.3160
-38.4491
-38.5790
-38.7063
-38.8366
-38.9680
-39.0973
-39.2255
-39.3552
-39.4886
-47.0714
-47.3716
-47.6741
-47.8016
-47.7831
-47.8082
-40.4784
-40.6336
-40.7861
-40.9362
-41.0844
-41.2321
-41.3779
-41.5224
-41.6655
-41.8066
-41.9460
-42.0835
-42.2193
-42.3549
-42.4901
-42.6236
-42.7520
-37.6210
-37.7428
-37.8711
-37.9935
-38.1173
-38.2434
-38.3684
-38.4882
-38.6124
-38.7396
-38.8667
-38.9911
-39.1146
-39.2420
-39.3677
-39.4914
-39.6159
-39.7457
-39.8738
-47.5053
-47.7759
-48.0561
-48.0988
-48.1059
-48.1520
-40.8355
-40.9856
-41.1325
-41.2771
-41.4200
-41.5629
-41.7040
-41.8439
-41.9822
-42.1188
-42.2536
-42.3867
-42.5181
-42.6488
-42.7767
-37.8319
-37.9448
-38.0607
-38.1858
-38.3041
-38.4231
-38.5439
-38.6662
-38.7819
-38.9011
-39.0198
-39.1455
-39.2678
-39.3864
-39.5085
-39.6312
-39.7510
-39.8744
-39.9968
-40.1222
-47.6736
-47.9076
-48.1642
-48.4048
-48.4024
-48.4286
-48.4899
-41.1801
-41.3254
-41.4667
-41.6061
-41.7443
-41.8826
-42.0195
-42.1549
-42.2888
-42.4209
-42.5399
-42.6682
-42.7955
-38.0335
-38.1493
-38.2586
-38.3688
-38.4908
-38.6054
-38.7201
-38.8357
-38.9548
-39.0682
-39.1821
-39.2964
-39.4170
-39.5370
-39.6522
-39.7684
-39.8876
-40.0048
-40.1246
-40.2451
-40.3644
-40.4825
-48.0657
-48.2939
-48.5366
-48.6920
-48.7067
-48.7473
-41.3633
-41.5051
-41.6451
-41.7811
-41.9152
-42.0486
-42.1927
-42.3256
-42.4570
-42.5868
-42.7159
-42.8433
-38.2384
-38.3447
-38.4569
-38.5630
-38.6677
-38.7863
-38.8976
-39.0084
-39.1190
-39.2352
-39.3467
-39.4520
-39.5663
-39.6815
-39.7981
-39.9111
-40.0222
-40.1374
-40.2527
-40.3644
-40.4795
-40.5955
-40.7108
-40.8241
-48.4096
-48.6663
-48.8967
-48.9840
-49.0123
-49.0641
-41.6977
-41.8357
-41.9715
-42.1034
-42.2336
-42.3635
-42.4939
-42.6236
-42.7518
-42.8785
-38.4432
-38.5434
-38.6465
-38.7551
-38.8582
-38.9577
-39.0728
-39.1817
-39.2858
-39.3924
-39.5045
-39.6141
-39.7156
-39.8249
-39.9353
-40.0483
-40.1636
-40.2718
-40.3868
-40.4991
-40.6138
-40.7223
-40.8325
-40.9454
-41.0570
-48.6188
-48.8137
-49.0256
-49.2444
-49.2750
-49.3134
-49.3739
-42.0142
-42.1481
-42.2795
-42.4072
-42.5343
-42.6614
-42.7887
-42.9143
-38.6393
-38.7400
-38.8365
-38.9365
-39.0419
-39.1421
-39.2398
-39.3516
-39.4583
-39.5622
-39.6660
-39.7736
-39.8778
-39.9805
-40.0851
-40.1923
-40.3012
-40.4099
-40.5153
-40.6257
-40.7400
-40.8492
-40.9548
-41.0593
-41.1690
-41.2785
-41.3856
-48.9758
-49.1672
-49.3709
-49.5607
-49.5656
-49.6129
-49.6807
-42.3210
-42.4517
-42.5796
-42.7045
-42.8281
-42.9516
-38.8411
-38.9358
-39.0333
-39.1267
-39.2240
-39.3265
-39.4243
-39.5142
-39.6232
-39.7277
-39.8283
-39.9290
-40.0282
-40.1341
-40.2347
-40.3348
-40.4391
-40.5439
-40.6495
-40.7589
-40.8611
-40.9716
-41.0783
-41.1862
-41.2883
-41.3923
-41.5000
-41.6073
-41.7126
-53.4137
-49.8134
-49.8514
-49.9059
-49.9794
-42.6218
-42.7490
-57.6690
-42.9934
-39.0426
-39.1288
-39.2214
-39.3157
-39.4062
-39.5007
-39.6003
-39.6958
-39.7824
-39.8879
-39.9901
-40.0876
-40.1854
-40.2802
-40.3835
-40.4824
-40.5817
-40.6828
-40.7842
-40.8872
-40.9953
-41.1015
-41.2028
-41.3073
-41.4110
-41.5111
-41.6102
-50.1540
-50.1296
-50.1838
-50.2641
-55.9854
-39.2375
-39.3256
-39.4083
-39.4991
-39.5903
-39.6779
-39.7699
-39.8668
-39.9602
-40.0446
-40.1478
-40.2482
-40.3427
-40.4330
-40.5290
-40.6295
-40.7273
-40.8215
-40.9185
-41.0172
-41.1236
-41.2299
-41.3298
-41.4278
-41.5286
-41.6301
-62.1004
-56.1991
-54.0657
