-49.5571
-49.4453
-49.3315
-49.2162
-49.0971
-48.9800
-48.8620
-48.7431
-48.6233
-48.5042
-48.3850
-48.2673
-48.1460
-48.0237
-47.9004
-47.7760
-47.6505
-47.5241
-47.3966
-47.2681
-47.1385
-47.0072
-46.8745
-46.7408
-46.6059
-46.4698
-46.3332
-46.1958
-46.0561
-45.9163
-45.7962
-45.6938
-45.5908
-45.4869
-45.3798
-45.2734
-45.1653
-45.0583
-44.9482
-44.8375
-49.5680
-49.4546
-49.3404
-49.2253
-49.1093
-48.9924
-48.8733
-48.7570
-48.6398
-48.5217
-48.4026
-48.2827
-48.1642
-48.0421
-47.9190
-47.7949
-47.6698
-47.5438
-47.4164
-47.2875
-47.1575
-47.0264
-46.8943
-46.7610
-46.6275
-46.4930
-46.3573
-46.2204
-46.0828
-45.9456
-45.8106
-45.7089
-45.6063
-45.5021
-45.3965
-45.2879
-45.1803
-45.0723
-44.9661
-44.8571
-49.5769
-49.4637
-49.3497
-49.2360
-49.1226
-49.0084
-48.8932
-48.7744
-48.6575
-48.5397
-48.4206
-48.3007
-48.1799
-48.0606
-47.9379
-47.8142
-47.6889
-47.5625
-47.4350
-47.3065
-47.1769
-47.0468
-46.9159
-46.7841
-46.6511
-46.5171
-46.3829
-46.2488
-46.1134
-45.9769
-45.8406
-45.7251
-45.6219
-45.5177
-45.4125
-45.3071
-45.1993
-45.0926
-44.9849
-44.8779
-49.5871
-49.4765
-49.3650
-49.2528
-49.1396
-49.0257
-48.9109
-48.7948
-48.6777
-48.5572
-48.4385
-48.3190
-48.1985
-48.0767
-47.9537
-47.8342
-47.7091
-47.5830
-47.4560
-47.3287
-47.2004
-47.0711
-46.9407
-46.8093
-46.6787
-46.5473
-46.4148
-46.2812
-46.1463
-46.0093
-45.8712
-45.7403
-45.6362
-45.5333
-45.4299
-45.3255
-45.2202
-45.1137
-45.0041
-44.8955
-49.6060
-49.4956
-49.3845
-49.2725
-49.1594
-49.0453
-48.9303
-48.8144
-48.6978
-48.5802
-48.4590
-48.3391
-48.2183
-48.0965
-47.9738
-47.8502
-47.7283
-47.6034
-47.4776
-47.3508
-47.2230
-47.0946
-46.9670
-46.8383
-46.7086
-46.5778
-46.4455
-46.3114
-46.1762
-46.0398
-45.9023
-45.7646
-45.6544
-45.5523
-45.4481
-45.3440
-45.2389
-45.1328
-45.0258
-44.9182
-49.6230
-49.5129
-49.4014
-49.2892
-49.1762
-49.0624
-48.9477
-48.8322
-48.7155
-48.5977
-48.4790
-48.3567
-48.2362
-48.1148
-47.9931
-47.8705
-47.7471
-47.6251
-47.4997
-47.3745
-47.2495
-47.1235
-46.9964
-46.8683
-46.7385
-46.6072
-46.4748
-46.3412
-46.2066
-46.0720
-45.9363
-45.7995
-45.6719
-45.5702
-45.4676
-45.3629
-45.2583
-45.1549
-45.0514
-44.9469
-49.6393
-49.5290
-49.4179
-49.3060
-49.1933
-49.0796
-48.9648
-48.8491
-48.7325
-48.6150
-48.4967
-48.3776
-48.2581
-48.1351
-48.0138
-47.8917
-47.7686
-47.6467
-47.5242
-47.4031
-47.2786
-47.1531
-47.0256
-46.8969
-46.7672
-46.6364
-46.5047
-46.3728
-46.2399
-46.1059
-45.9709
-45.8349
-45.6979
-45.5888
-45.4867
-45.3855
-45.2831
-45.1809
-45.0765
-44.9712
-49.6555
-49.5455
-49.4347
-49.3226
-49.2098
-49.0961
-48.9815
-48.8661
-48.7499
-48.6332
-48.5158
-48.3976
-48.2785
-48.1585
-48.0355
-47.9162
-47.7960
-47.6749
-47.5529
-47.4299
-47.3070
-47.1809
-47.0538
-46.9256
-46.7967
-46.6674
-46.5372
-46.4043
-46.2721
-46.1390
-46.0050
-45.8699
-45.7336
-45.6082
-45.5091
-45.4092
-45.3084
-45.2057
-45.1007
-44.9959
-49.6718
-49.5616
-49.4507
-49.3389
-49.2263
-49.1129
-48.9989
-48.8843
-48.7689
-48.6528
-48.5358
-48.4180
-48.3007
-48.1836
-48.0656
-47.9423
-47.8224
-47.7014
-47.5786
-47.4550
-47.3305
-47.2072
-47.0809
-46.9542
-46.8266
-46.6980
-46.5685
-46.4383
-46.3071
-46.1749
-46.0416
-45.9086
-45.7754
-45.6413
-45.5339
-45.4337
-45.3321
-45.2298
-45.1265
-45.0224
-49.6876
-49.5777
-49.4670
-49.3556
-49.2412
-49.1285
-49.0152
-48.9011
-48.7862
-48.6704
-48.5561
-48.4413
-48.3255
-48.2090
-48.0915
-47.9725
-47.8520
-47.7281
-47.6058
-47.4827
-47.3590
-47.2347
-47.1097
-46.9859
-46.8588
-46.7313
-46.6029
-46.4735
-46.3430
-46.2127
-46.0822
-45.9483
-45.8160
-45.6820
-45.5548
-45.4547
-45.3538
-45.2530
-45.1516
-45.0493
-49.7010
-49.5915
-49.4816
-49.3709
-49.2595
-49.1473
-49.0344
-48.9213
-48.8093
-48.6965
-48.5829
-48.4685
-48.3532
-48.2361
-48.1179
-47.9988
-47.8788
-47.7579
-47.6340
-47.5121
-47.3893
-47.2625
-47.1380
-47.0133
-46.8897
-46.7630
-46.6353
-46.5076
-46.3798
-46.2512
-46.1215
-45.9905
-45.8579
-45.7242
-45.5896
-45.4795
-45.3827
-45.2828
-45.1819
-45.0993
-49.7182
-49.6093
-49.4997
-49.3894
-49.2784
-49.1681
-49.0581
-48.9473
-48.8358
-48.7234
-48.6103
-48.4913
-48.3752
-48.2584
-48.1407
-48.0221
-47.9032
-47.7835
-47.6630
-47.5416
-47.4169
-47.2946
-47.1713
-47.0471
-46.9221
-46.7992
-46.6768
-46.5506
-46.4235
-46.2952
-46.1653
-46.0344
-45.9026
-45.7703
-45.6379
-45.5087
-45.4102
-45.3241
-45.2435
-45.1626
-49.7360
-49.6275
-49.5140
-49.4065
-49.2985
-49.1897
-49.0802
-48.9699
-48.8586
-48.7454
-48.6314
-48.5167
-48.4011
-48.2847
-48.1680
-48.0505
-47.9323
-47.8166
-47.6966
-47.5765
-47.4556
-47.3313
-47.2086
-47.0857
-46.9628
-46.8390
-46.7145
-46.5910
-46.4638
-46.3356
-46.2065
-46.0767
-45.9471
-45.8165
-45.6849
-45.5603
-45.4651
-45.3857
-45.3060
-45.2296
-49.7504
-49.6450
-49.5388
-49.4319
-49.3243
-49.2160
-49.1063
-48.9952
-48.8872
-48.7744
-48.6608
-48.5465
-48.4318
-48.3164
-48.2002
-48.0831
-47.9654
-47.8476
-47.7290
-47.6096
-47.4892
-47.3686
-47.2455
-47.1241
-47.0018
-46.8786
-46.7539
-46.6283
-46.5040
-46.3766
-46.2497
-46.1219
-45.9932
-45.8663
-45.7539
-45.6410
-45.5275
-45.4497
-45.3750
-45.2999
-49.7798
-49.6747
-49.5689
-49.4623
-49.3541
-49.2448
-49.1347
-49.0239
-48.9123
-48.8001
-48.6874
-48.5740
-48.4598
-48.3448
-48.2292
-48.1137
-47.9973
-47.8801
-47.7621
-47.6437
-47.5253
-47.4061
-47.2861
-47.1653
-47.0405
-46.9173
-46.7933
-46.6684
-46.5439
-46.4209
-46.2948
-46.1678
-46.0557
-45.9450
-45.8338
-45.7229
-45.6147
-45.5184
-45.4445
-45.3691
-49.8052
-49.7005
-49.5938
-49.4863
-49.3781
-49.2691
-49.1595
-49.0492
-48.9384
-48.8270
-48.7148
-48.6018
-48.4883
-48.3749
-48.2607
-48.1457
-48.0299
-47.9136
-47.7974
-47.6804
-47.5626
-47.4440
-47.3240
-47.2032
-47.0815
-46.9566
-46.8342
-46.7115
-46.5881
-46.4636
-46.3492
-46.2427
-46.1336
-46.0240
-45.9175
-45.8111
-45.7041
-45.5961
-45.5121
-45.4371
-49.8295
-49.7237
-49.6173
-49.5102
-49.4024
-49.2940
-49.1852
-49.0756
-48.9653
-48.8543
-48.7428
-48.6314
-48.5193
-48.4064
-48.2927
-48.1785
-48.0644
-47.9495
-47.8338
-47.7174
-47.5997
-47.4812
-47.3618
-47.2416
-47.1213
-47.0010
-46.8776
-46.7556
-46.6388
-46.5322
-46.4252
-46.3177
-46.2141
-46.1097
-46.0049
-45.8995
-45.7924
-45.6846
-45.5793
-45.5050
-49.8527
-49.7473
-49.6413
-49.5348
-49.4277
-49.3200
-49.2115
-49.1023
-48.9928
-48.8834
-48.7733
-48.6624
-48.5508
-48.4387
-48.3265
-48.2136
-48.1000
-47.9857
-47.8703
-47.7539
-47.6367
-47.5188
-47.4004
-47.2825
-47.1639
-47.0443
-46.9253
-46.8207
-46.7132
-46.6076
-46.5024
-46.4000
-46.2973
-46.1961
-46.0917
-45.9861
-45.8800
-45.7732
-45.6658
-45.5731
-49.8763
-49.7715
-49.6662
-49.5602
-49.4535
-49.3462
-49.2385
-49.1310
-49.0229
-48.9140
-48.8043
-48.6941
-48.5839
-48.4730
-48.3614
-48.2490
-48.1357
-48.0215
-47.9065
-47.7907
-47.6742
-47.5586
-47.4422
-47.3250
-47.2070
-47.1013
-46.9981
-46.8944
-46.7902
-46.6868
-46.5859
-46.4845
-46.3825
-46.2791
-46.1752
-46.0729
-45.9676
-45.8618
-45.7556
-45.6498
-49.9007
-49.7965
-49.6915
-49.5859
-49.4801
-49.3745
-49.2681
-49.1611
-49.0534
-48.9451
-48.8368
-48.7278
-48.6181
-48.5077
-48.3964
-48.2842
-48.1712
-48.0576
-47.9432
-47.8294
-47.7152
-47.6003
-47.4845
-47.3766
-47.2752
-47.1734
-47.0711
-46.9705
-46.8715
-46.7720
-46.6720
-46.5684
-46.4666
-46.3641
-46.2610
-46.1572
-46.0551
-45.9505
-45.8478
-45.7454
-49.9256
-49.8217
-49.7177
-49.6138
-49.5093
-49.4041
-49.2983
-49.1918
-49.0852
-48.9781
-48.8702
-48.7617
-48.6524
-48.5422
-48.4312
-48.3196
-48.2072
-48.0952
-47.9831
-47.8703
-47.7567
-47.6467
-47.5471
-47.4471
-47.3466
-47.2465
-47.1492
-47.0516
-46.9535
-46.8546
-46.7547
-46.6542
-46.5507
-46.4489
-46.3464
-46.2436
-46.1412
-46.0432
-45.9423
-45.8409
-49.9514
-49.8492
-49.7465
-49.6430
-49.5390
-49.4343
-49.3295
-49.2241
-49.1180
-49.0113
-48.9039
-48.7956
-48.6866
-48.5769
-48.4665
-48.3562
-48.2461
-48.1354
-48.0239
-47.9119
-47.8140
-47.7157
-47.6170
-47.5178
-47.4217
-47.3259
-47.2295
-47.1328
-47.0348
-46.9363
-46.8373
-46.7375
-46.6369
-46.5334
-46.4320
-46.3326
-46.2338
-46.1344
-46.0340
-45.9344
-49.9798
-49.8781
-49.7757
-49.6728
-49.5696
-49.4660
-49.3616
-49.2567
-49.1511
-49.0446
-48.9374
-48.8296
-48.7211
-48.6124
-48.5043
-48.3956
-48.2861
-48.1759
-48.0760
-47.9794
-47.8824
-47.7849
-47.6892
-47.5950
-47.5004
-47.4054
-47.3096
-47.2129
-47.1158
-47.0181
-46.9194
-46.8201
-46.7205
-46.6212
-46.5242
-46.4258
-46.3279
-46.2281
-46.1277
-46.0269
-50.0086
-49.9073
-49.8059
-49.7038
-49.6012
-49.4979
-49.3940
-49.2894
-49.1840
-49.0780
-48.9714
-48.8641
-48.7579
-48.6511
-48.5436
-48.4354
-48.3334
-48.2384
-48.1430
-48.0471
-47.9517
-47.8592
-47.7662
-47.6729
-47.5791
-47.4843
-47.3890
-47.2931
-47.1966
-47.0990
-47.0028
-46.9045
-46.8083
-46.7126
-46.6165
-46.5196
-46.4184
-46.3194
-46.2200
-46.1214
-50.0382
-49.9378
-49.8368
-49.7351
-49.6329
-49.5300
-49.4264
-49.3221
-49.2173
-49.1118
-49.0071
-48.9022
-48.7966
-48.6903
-48.5863
-48.4928
-48.3990
-48.3047
-48.2101
-48.1186
-48.0273
-47.9356
-47.8436
-47.7506
-47.6589
-47.5648
-47.4702
-47.3744
-47.2781
-47.1815
-47.0852
-46.9914
-46.8971
-46.8024
-46.7061
-46.6089
-46.5112
-46.4110
-46.3140
-46.2169
-50.0686
-49.9685
-49.8679
-49.7667
-49.6647
-49.5622
-49.4591
-49.3553
-49.2521
-49.1489
-49.0451
-48.9407
-48.8356
-48.7429
-48.6505
-48.5578
-48.4648
-48.3735
-48.2857
-48.1956
-48.1051
-48.0139
-47.9220
-47.8297
-47.7368
-47.6431
-47.5484
-47.4534
-47.3581
-47.2648
-47.1723
-47.0793
-46.9858
-46.8903
-46.7943
-46.6979
-46.6022
-46.5067
-46.4108
-46.3122
-50.0991
-49.9995
-49.8992
-49.7983
-49.6968
-49.5948
-49.4929
-49.3914
-49.2894
-49.1867
-49.0835
-48.9887
-48.9000
-48.8088
-48.7172
-48.6259
-48.5377
-48.4491
-48.3601
-48.2707
-48.1804
-48.0897
-47.9985
-47.9069
-47.8139
-47.7204
-47.6267
-47.5331
-47.4423
-47.3510
-47.2594
-47.1664
-47.0720
-46.9774
-46.8826
-46.7885
-46.6943
-46.5998
-46.5052
-46.4103
-50.1298
-50.0306
-49.9307
-49.8303
-49.7298
-49.6300
-49.5320
-49.4310
-49.3294
-49.2326
-49.1432
-49.0534
-48.9632
-48.8727
-48.7853
-48.6982
-48.6106
-48.5228
-48.4342
-48.3451
-48.2556
-48.1656
-48.0746
-47.9826
-47.8904
-47.7978
-47.7073
-47.6177
-47.5277
-47.4372
-47.3446
-47.2517
-47.1583
-47.0652
-46.9725
-46.8795
-46.7864
-46.6932
-46.5996
-46.5055
-50.1635
-50.0646
-49.9653
-49.8670
-49.7683
-49.6690
-49.5691
-49.4704
-49.3823
-49.2939
-49.2052
-49.1161
-49.0288
-48.9430
-48.8569
-48.7705
-48.6836
-48.5960
-48.5080
-48.4196
-48.3307
-48.2402
-48.1494
-48.0584
-47.9674
-47.8794
-47.7910
-47.7020
-47.6121
-47.5208
-47.4291
-47.3370
-47.2456
-47.1541
-47.0623
-46.9706
-46.8788
-46.7865
-46.6942
-46.6026
-50.1948
-50.0979
-50.0007
-49.9030
-49.8047
-49.7059
-49.6176
-49.5305
-49.4432
-49.3555
-49.2682
-49.1838
-49.0991
-49.0140
-48.9286
-48.8426
-48.7561
-48.6692
-48.5818
-48.4934
-48.4040
-48.3144
-48.2244
-48.1365
-48.0496
-47.9622
-47.8745
-47.7850
-47.6949
-47.6044
-47.5138
-47.4237
-47.3334
-47.2429
-47.1526
-47.0621
-46.9710
-46.8814
-46.7911
-46.7005
-50.2295
-50.1333
-50.0366
-49.9394
-49.8491
-49.7633
-49.6773
-49.5909
-49.5042
-49.4206
-49.3372
-49.2535
-49.1695
-49.0850
-48.9999
-48.9145
-48.8286
-48.7422
-48.6542
-48.5660
-48.4774
-48.3890
-48.3036
-48.2177
-48.1316
-48.0446
-47.9559
-47.8670
-47.7776
-47.6886
-47.5997
-47.5105
-47.4213
-47.3334
-47.2441
-47.1543
-47.0653
-46.9762
-46.8869
-46.7983
-50.2648
-50.1690
-50.0769
-49.9924
-49.9077
-49.8226
-49.7372
-49.6536
-49.5715
-49.4891
-49.4064
-49.3233
-49.2396
-49.1556
-49.0712
-48.9864
-48.9003
-48.8134
-48.7262
-48.6387
-48.5530
-48.4687
-48.3841
-48.2990
-48.2124
-48.1249
-48.0370
-47.9488
-47.8624
-47.7746
-47.6866
-47.5988
-47.5110
-47.4229
-47.3345
-47.2469
-47.1590
-47.0709
-46.9840
-46.8967
-50.3012
-50.2180
-50.1345
-50.0507
-49.9665
-49.8828
-49.8020
-49.7209
-49.6394
-49.5577
-49.4754
-49.3928
-49.3097
-49.2263
-49.1422
-49.0566
-48.9707
-48.8846
-48.7982
-48.7154
-48.6322
-48.5486
-48.4644
-48.3795
-48.2931
-48.2063
-48.1195
-48.0330
-47.9464
-47.8595
-47.7731
-47.6865
-47.5995
-47.5126
-47.4262
-47.3396
-47.2527
-47.1671
-47.0813
-46.9950
-50.3578
-50.2752
-50.1923
-50.1091
-50.0289
-49.9490
-49.8688
-49.7883
-49.7074
-49.6260
-49.5443
-49.4622
-49.3798
-49.2959
-49.2113
-49.1262
-49.0411
-48.9579
-48.8760
-48.7951
-48.7126
-48.6286
-48.5436
-48.4582
-48.3725
-48.2871
-48.2017
-48.1161
-48.0305
-47.9454
-47.8599
-47.7741
-47.6885
-47.6033
-47.5177
-47.4326
-47.3482
-47.2635
-47.1785
-47.0933
-50.4145
-50.3325
-50.2522
-50.1735
-50.0945
-50.0152
-49.9356
-49.8556
-49.7751
-49.6944
-49.6133
-49.5313
-49.4480
-49.3642
-49.2816
-49.1976
-49.1171
-49.0363
-48.9551
-48.8736
-48.7898
-48.7058
-48.6215
-48.5369
-48.4528
-48.3684
-48.2839
-48.1996
-48.1156
-48.0311
-47.9464
-47.8624
-47.7783
-47.6939
-47.6103
-47.5270
-47.4435
-47.3595
-47.2754
-47.1912
-50.4722
-50.3946
-50.3168
-50.2387
-50.1602
-50.0815
-50.0023
-49.9228
-49.8429
-49.7628
-49.6823
-49.5997
-49.5170
-49.4341
-49.3530
-49.2734
-49.1936
-49.1133
-49.0320
-48.9493
-48.8663
-48.7829
-48.6997
-48.6165
-48.5332
-48.4495
-48.3667
-48.2838
-48.2005
-48.1172
-48.0343
-47.9513
-47.8679
-47.7858
-47.7037
-47.6212
-47.5384
-47.4553
-47.3721
-47.2896
-50.5357
-50.4587
-50.3814
-50.3039
-50.2259
-50.1491
-50.0705
-49.9915
-49.9114
-49.8302
-49.7487
-49.6670
-49.5850
-49.5067
-49.4281
-49.3492
-49.2700
-49.1887
-49.1070
-49.0250
-48.9426
-48.8606
-48.7782
-48.6959
-48.6136
-48.5320
-48.4502
-48.3680
-48.2860
-48.2042
-48.1222
-48.0400
-47.9592
-47.8782
-47.7968
-47.7150
-47.6330
-47.5508
-47.4695
-47.3889
-50.6008
-50.5244
-50.4476
-50.3705
-50.2931
-50.2153
-50.1370
-50.0571
-49.9767
-49.8962
-49.8154
-49.7363
-49.6589
-49.5812
-49.5032
-49.4243
-49.3438
-49.2631
-49.1819
-49.1005
-49.0195
-48.9384
-48.8571
-48.7761
-48.6956
-48.6147
-48.5336
-48.4529
-48.3721
-48.2911
-48.2104
-48.1307
-48.0507
-47.9704
-47.8894
-47.8085
-47.7275
-47.6475
-47.5678
-47.4877
-50.6645
-50.5885
-50.5122
-50.4354
-50.3585
-50.2805
-50.2013
-50.1219
-50.0422
-49.9623
-49.8860
-49.8095
-49.7327
-49.6556
-49.5769
-49.4971
-49.4172
-49.3370
-49.2570
-49.1770
-49.0968
-49.0164
-48.9369
-48.8573
-48.7775
-48.6974
-48.6179
-48.5381
-48.4580
-48.3788
-48.3001
-48.2211
-48.1417
-48.0620
-47.9820
-47.9018
-47.8231
-47.7444
-47.6654
-47.5848
-50.7281
-50.6524
-50.5766
-50.5006
-50.4225
-50.3441
-50.2656
-50.1868
-50.1096
-50.0342
-49.9587
-49.8827
-49.8060
-49.7276
-49.6489
-49.5700
-49.4908
-49.4118
-49.3327
-49.2534
-49.1742
-49.0958
-49.0173
-48.9384
-48.8596
-48.7810
-48.7022
-48.6231
-48.5453
-48.4675
-48.3898
-48.3113
-48.2323
-48.1532
-48.0742
-47.9966
-47.9188
-47.8408
-47.7611
-47.6810
