-44.7397
-52.1506
-52.3915
-52.8604
-52.3972
-52.2302
-52.1761
-51.7541
-51.7505
-51.7791
-44.8056
-44.8201
-44.8334
-44.8499
-44.8661
-44.8833
-44.8980
-44.9207
-44.9438
-44.9652
-44.9904
-45.0182
-45.0470
-45.0696
-45.0924
-45.1174
-45.1475
-45.1753
-45.1965
-45.2258
-45.2030
-45.2431
-45.2781
-45.3109
-45.3466
-45.3832
-45.4189
-45.4515
-45.4841
-45.5187
-52.5202
-52.9254
-52.5007
-52.3603
-52.2893
-51.8822
-51.8781
-51.9049
-44.9381
-44.9524
-44.9655
-44.9817
-44.9975
-45.0149
-45.0296
-45.0497
-45.0728
-45.0941
-45.1180
-45.1448
-45.1736
-45.1970
-45.2185
-45.2433
-45.2705
-45.3002
-45.3214
-45.3474
-45.3776
-45.3590
-45.3956
-45.4276
-45.4625
-45.4979
-45.5339
-45.5670
-45.5972
-45.6319
-52.6471
-52.9967
-52.6056
-52.3163
-52.4027
-52.0087
-52.0041
-52.0294
-45.0689
-45.0832
-45.0959
-45.1117
-45.1271
-45.1444
-45.1595
-45.1770
-45.2003
-45.2212
-45.2439
-45.2697
-45.2984
-45.3227
-45.3432
-45.3676
-45.3936
-45.4220
-45.4446
-45.4675
-45.4974
-45.4734
-45.5113
-45.5435
-45.5766
-45.6107
-45.6470
-45.6809
-45.7114
-45.7436
-52.7722
-53.0731
-52.7120
-52.4378
-52.5160
-52.1337
-52.1285
-52.1524
-45.1980
-45.2121
-45.2245
-45.2399
-45.2550
-45.2722
-45.2876
-45.3041
-45.3262
-45.3468
-45.3682
-45.3931
-45.4216
-45.4469
-45.4669
-45.4903
-45.5151
-45.5416
-45.5661
-45.5862
-45.6157
-45.6448
-45.6243
-45.6578
-45.6893
-45.7234
-45.7586
-45.7933
-45.8242
-45.8537
-62.5598
-63.4891
-52.8956
-53.1536
-52.8194
-52.5575
-52.6280
-52.2571
-52.2516
-52.2745
-45.3254
-45.3394
-45.3516
-45.3666
-45.3812
-45.3984
-45.4141
-45.4297
-45.4502
-45.4707
-45.4910
-45.5156
-45.5430
-45.5694
-45.5894
-45.6113
-45.6351
-45.6612
-45.6861
-45.7062
-45.7326
-45.7613
-45.7357
-45.7706
-45.8014
-45.8348
-45.8687
-45.9036
-45.9354
-45.9634
-62.0920
-60.4103
-53.0173
-53.2373
-52.9275
-52.6757
-52.7391
-52.3780
-52.3736
-52.3947
-45.4511
-45.4651
-45.4771
-45.4916
-45.5059
-45.5230
-45.5389
-45.5536
-45.5724
-45.5930
-45.6124
-45.6364
-45.6630
-45.6900
-45.7103
-45.7308
-45.7540
-45.7796
-45.8046
-45.8246
-45.8481
-45.8763
-45.9042
-45.8819
-45.9128
-45.9447
-45.9772
-46.0123
-46.0451
-46.0733
-59.9533
-58.4263
-53.1373
-53.3234
-53.0358
-52.7923
-52.8500
-52.4976
-52.4925
-52.5135
-45.5752
-45.5891
-45.6009
-45.6149
-45.6291
-45.6461
-45.6621
-45.6761
-45.6945
-45.7139
-45.7328
-45.7558
-45.7815
-45.8086
-45.8298
-45.8488
-45.8720
-45.8965
-45.9210
-45.9416
-45.9621
-45.9902
-46.0178
-45.9908
-46.0228
-46.0531
-46.0857
-46.1196
-46.1530
-46.1816
-59.1544
-57.4333
-53.2556
-53.4117
-53.1441
-52.9081
-52.9593
-52.6147
-52.6093
-52.6293
-45.6977
-45.7116
-45.7233
-45.7368
-45.7510
-45.7676
-45.7838
-45.7971
-45.8152
-45.8334
-45.8519
-45.8738
-45.8985
-45.9255
-45.9478
-45.9661
-45.9884
-46.0119
-46.0364
-46.0570
-46.0760
-46.1027
-46.1300
-46.1563
-46.1312
-46.1609
-46.1929
-46.2254
-46.2590
-46.2885
-58.9068
-57.0351
-53.3129
-53.5007
-53.2523
-53.0213
-53.0681
-52.7307
-52.7249
-52.7438
-45.8185
-45.8325
-45.8441
-45.8572
-45.8714
-45.8877
-45.9040
-45.9169
-45.9344
-45.9513
-45.9697
-45.9903
-46.0141
-46.0409
-46.0644
-46.0823
-46.1035
-46.1260
-46.1503
-46.1717
-46.1900
-46.2139
-46.2407
-46.2672
-46.2383
-46.2681
-46.2986
-46.3298
-46.3636
-46.3940
-53.4278
-53.5286
-53.3599
-53.1336
-53.1759
-52.8450
-52.8391
-52.8569
-45.9377
-45.9516
-45.9635
-45.9761
-45.9906
-46.0063
-46.0227
-46.0356
-46.0521
-46.0692
-46.0861
-46.1055
-46.1284
-46.1549
-46.1795
-46.1974
-46.2171
-46.2387
-46.2629
-46.2859
-46.3026
-46.3237
-46.3502
-46.3766
-46.4015
-46.3739
-46.4030
-46.4276
-46.4599
-46.4910
-64.3520
-64.2449
-53.5418
-53.6203
-53.4039
-53.2444
-53.2827
-52.9580
-52.9517
-52.9685
-53.0085
-46.0692
-46.0811
-46.0936
-46.1082
-46.1236
-46.1399
-46.1528
-46.1684
-46.1856
-46.2012
-46.2192
-46.2419
-46.2676
-46.2927
-46.3112
-46.3293
-46.3510
-46.3741
-46.3970
-46.4141
-46.4322
-46.4586
-46.4846
-46.5096
-46.4718
-46.5002
-46.5308
-46.5618
-46.5934
-62.4302
-60.6515
-53.6538
-53.7125
-53.5103
-53.2910
-53.3222
-53.0694
-53.0629
-53.0786
-53.1168
-46.1854
-46.1973
-46.2092
-46.2244
-46.2394
-46.2554
-46.2686
-46.2834
-46.3006
-46.3148
-46.3321
-46.3541
-46.3788
-46.4043
-46.4236
-46.4405
-46.4618
-46.4841
-46.5068
-46.5255
-46.5416
-46.5594
-46.5849
-46.6099
-46.6323
-46.6035
-46.6328
-46.6626
-46.6943
-60.7994
-56.2203
-53.7529
-53.8052
-53.6159
-53.3989
-53.4268
-53.1146
-53.1725
-53.1874
-53.2239
-46.3001
-46.3120
-46.3235
-46.3387
-46.3538
-46.3696
-46.3831
-46.3970
-46.4140
-46.4285
-46.4438
-46.4650
-46.4888
-46.5142
-46.5346
-46.5508
-46.5713
-46.5927
-46.6091
-46.6293
-46.6438
-46.6653
-46.6903
-46.7154
-46.7391
-46.7056
-46.7336
-46.7635
-46.7940
-59.9051
-55.9903
-53.8510
-53.8980
-53.7208
-53.5055
-53.5304
-53.2229
-53.2128
-53.2947
-53.3296
-46.4135
-46.4254
-46.4365
-46.4517
-46.4665
-46.4824
-46.4962
-46.5093
-46.5261
-46.5408
-46.5545
-46.5746
-46.5975
-46.6227
-46.6444
-46.6604
-46.6735
-46.6940
-46.7165
-46.7379
-46.7526
-46.7700
-46.7949
-46.8197
-46.8433
-46.8631
-46.8338
-46.8631
-46.8924
-58.7425
-55.8844
-53.9485
-53.9910
-53.8247
-53.6109
-53.6329
-53.3299
-53.3195
-53.3291
-53.4340
-46.5255
-46.5374
-46.5482
-46.5633
-46.5779
-46.5935
-46.6080
-46.6205
-46.6369
-46.6519
-46.6642
-46.6829
-46.7048
-46.7242
-46.7469
-46.7627
-46.7805
-46.8007
-46.8225
-46.8438
-46.8601
-46.8740
-46.8984
-46.9227
-46.9464
-46.9675
-46.9334
-46.9616
-46.9899
-58.1403
-55.8439
-54.0455
-54.0629
-53.9280
-53.7150
-53.7346
-53.4357
-53.4249
-53.4336
-53.4616
-46.6362
-46.6480
-46.6586
-46.6735
-46.6879
-46.7033
-46.7179
-46.7304
-46.7464
-46.7616
-46.7683
-46.7843
-46.8055
-46.8301
-46.8536
-46.8699
-46.8863
-46.9064
-46.9275
-46.9486
-46.9663
-46.9800
-47.0006
-47.0246
-47.0483
-47.0707
-47.0880
-47.0588
-47.0874
-57.8024
-55.8412
-54.1418
-54.1592
-54.0302
-53.8179
-53.8352
-53.5402
-53.5291
-53.5369
-53.5634
-46.7293
-46.7574
-46.7677
-46.7825
-46.7966
-46.8119
-46.8266
-46.8385
-46.8490
-46.8644
-46.8768
-46.8903
-46.9112
-46.9350
-46.9589
-46.9759
-46.9914
-47.0110
-47.0312
-47.0522
-47.0713
-47.0850
-47.1017
-47.1253
-47.1490
-47.1714
-47.1900
-47.1555
-47.1837
-57.6047
-55.8616
-54.2375
-54.2548
-53.9674
-53.9196
-53.9348
-53.6433
-53.6320
-53.6390
-53.6640
-46.8374
-46.8483
-46.8757
-46.8901
-46.9043
-46.9137
-46.9285
-46.9402
-46.9555
-46.9716
-46.9841
-46.9956
-47.0158
-47.0387
-47.0625
-47.0806
-47.0955
-47.1143
-47.1338
-47.1547
-47.1748
-47.1889
-47.2026
-47.2253
-47.2486
-47.2710
-47.2908
-47.3073
-47.2787
-56.3842
-55.8971
-54.3326
-54.3498
-54.0660
-54.0201
-54.0333
-53.7454
-53.7337
-53.7399
-53.7636
-46.9446
-46.9552
-46.9590
-46.9912
-47.0053
-47.0197
-47.0345
-47.0463
-47.0608
-47.0769
-47.0901
-47.1013
-47.1193
-47.1412
-47.1649
-47.1843
-47.1990
-47.2166
-47.2354
-47.2561
-47.2760
-47.2915
-47.3043
-47.3241
-47.3470
-47.3695
-47.3905
-47.4070
-47.3727
-56.3666
-55.9430
-54.4268
-54.4441
-54.1635
-54.1195
-54.1309
-53.8461
-53.8342
-53.8396
-53.8620
-47.0457
-47.0556
-47.0645
-47.0773
-47.1105
-47.1245
-47.1393
-47.1511
-47.1648
-47.1808
-47.1943
-47.2058
-47.2216
-47.2426
-47.2662
-47.2867
-47.3012
-47.3176
-47.3365
-47.3564
-47.3761
-47.3930
-47.4059
-47.4224
-47.4443
-47.4669
-47.4881
-47.5055
-47.5258
-56.5808
-55.9961
-54.5204
-54.5377
-54.2600
-54.2178
-54.2274
-53.9456
-53.9091
-53.9135
-53.9344
-47.1507
-47.1600
-47.1690
-47.1812
-47.1944
-47.2281
-47.2426
-47.2547
-47.2677
-47.2835
-47.2973
-47.3087
-47.3228
-47.3429
-47.3664
-47.3875
-47.4025
-47.4177
-47.4364
-47.4556
-47.4753
-47.4933
-47.5063
-47.5205
-47.5408
-47.5701
-47.6030
-47.6338
-47.6618
-56.6898
-56.3058
-54.6132
-54.6305
-54.3556
-54.2892
-54.2971
-54.0196
-54.0071
-54.0108
-54.0305
-47.2546
-47.2634
-47.2723
-47.2841
-47.2973
-47.3094
-47.3447
-47.3572
-47.3695
-47.3850
-47.3992
-47.4106
-47.4235
-47.4424
-47.4656
-47.4873
-47.5028
-47.5171
-47.5351
-47.5537
-47.5733
-47.5952
-47.6188
-47.6417
-47.6715
-47.7043
-47.7371
-47.7685
-47.7961
-54.7053
-54.6954
-54.4244
-54.3851
-54.3915
-54.1168
-54.1040
-54.1070
-54.1255
-47.3574
-47.3657
-47.3745
-47.3858
-47.3990
-47.4108
-47.4235
-47.4584
-47.4702
-47.4853
-47.4998
-47.5113
-47.5230
-47.5405
-47.5634
-47.5855
-47.6020
-47.6216
-47.6475
-47.6742
-47.7034
-47.7316
-47.7563
-47.7787
-47.8061
-47.8368
-47.8694
-47.9010
-47.9291
-54.7695
-54.7866
-54.5179
-54.4799
-54.4849
-54.2128
-54.1998
-54.2021
-54.2195
-47.4590
-47.4674
-47.4756
-47.4864
-47.4995
-47.5111
-47.5234
-47.5351
-47.5698
-47.5846
-47.5991
-47.6131
-47.6304
-47.6529
-47.6819
-47.7119
-47.7379
-47.7595
-47.7840
-47.8103
-47.8383
-47.8664
-47.8921
-47.9143
-47.9393
-47.9681
-48.0004
-48.0317
-48.0607
-54.8606
-54.8762
-54.6121
-54.5683
-54.5774
-54.3078
-54.2945
-54.2962
-54.3135
-47.5596
-47.5689
-47.5790
-47.5921
-47.6082
-47.6232
-47.6393
-47.6554
-47.6695
-47.7138
-47.7339
-47.7516
-47.7685
-47.7902
-47.8169
-47.8467
-47.8740
-47.8957
-47.9188
-47.9449
-47.9720
-47.9996
-48.0264
-48.0485
-48.0712
-48.0995
-48.1300
-48.1612
-48.1909
-54.9920
-54.9934
-54.7367
-54.7007
-54.7085
-54.4415
-54.4283
-54.4302
-54.4470
-47.6984
-47.7087
-47.7182
-47.7307
-47.7468
-47.7615
-47.7772
-47.7933
-47.8070
-47.8244
-47.8710
-47.8888
-47.9052
-47.9257
-47.9501
-47.9797
-48.0075
-48.0302
-48.0526
-48.0782
-48.1044
-48.1317
-48.1586
-48.1813
-48.2025
-48.2298
-48.2582
-48.2893
-48.3194
-63.7105
-63.5519
-55.1221
-55.1226
-54.8689
-54.8337
-54.8404
-54.5757
-54.5622
-54.5635
-54.5791
-47.8368
-47.8471
-47.8561
-47.8681
-47.8838
-47.8983
-47.9140
-47.9300
-47.9436
-47.9600
-47.9783
-48.0242
-48.0403
-48.0597
-48.0820
-48.1113
-48.1396
-48.1625
-48.1848
-48.2101
-48.2354
-48.2625
-48.2890
-48.3124
-48.3338
-48.3588
-48.3861
-48.4161
-48.4460
-62.1992
-61.5582
-55.2508
-55.2505
-48.5019
-54.9652
-54.9708
-54.7084
-54.6946
-54.6952
-54.7097
-47.9739
-47.9842
-47.9929
-48.0044
-48.0197
-48.0340
-48.0492
-48.0651
-48.0784
-48.0940
-48.1120
-48.1284
-48.1741
-48.1922
-48.2141
-48.2414
-48.2698
-48.2934
-48.3150
-48.3402
-48.3654
-48.3919
-48.4181
-48.4425
-48.4635
-48.4865
-48.5134
-48.5416
-48.5713
-61.7044
-59.9724
-55.3783
-55.3772
-48.4909
-55.0951
-55.0996
-54.8395
-54.8254
-54.8252
-54.8387
-48.1097
-48.1200
-48.1288
-48.1391
-48.1539
-48.1682
-48.1829
-48.1986
-48.2119
-48.2266
-48.2442
-48.2609
-48.2749
-48.3232
-48.3449
-48.3701
-48.3983
-48.4229
-48.4442
-48.4681
-48.4940
-48.5202
-48.5461
-48.5712
-48.5921
-48.6130
-48.6396
-48.6664
-48.6954
-61.1834
-59.5298
-55.6176
-55.5055
-48.4786
-55.2234
-55.2270
-54.9701
-54.9557
-54.9549
-54.9674
-48.2439
-48.2542
-48.2630
-48.2724
-48.2868
-48.3010
-48.3153
-48.3305
-48.3440
-48.3581
-48.3752
-48.3918
-48.4058
-48.4198
-48.4743
-48.4975
-48.5254
-48.5508
-48.5720
-48.5947
-48.6203
-48.6466
-48.6728
-48.6980
-48.7193
-48.7394
-48.7645
-48.7907
-48.8182
-59.6476
-59.3601
-55.7468
-55.7465
-48.4658
-55.3515
-55.3541
-55.0981
-55.0834
-55.0820
-55.0934
-48.3768
-48.3871
-48.3959
-48.4043
-48.4183
-48.4324
-48.4463
-48.4611
-48.4747
-48.4882
-48.5048
-48.5213
-48.5354
-48.5489
-48.5667
-48.5867
-48.6511
-48.6770
-48.6984
-48.7201
-48.7452
-48.7707
-48.7976
-48.8231
-48.8454
-48.8653
-48.8880
-48.9138
-48.9401
-59.5910
-59.2190
-55.9772
-55.7013
-48.4984
-55.4799
-55.4785
-55.2245
-55.2095
-55.2074
-55.2178
-48.5083
-48.5186
-48.5273
-48.5351
-48.5484
-48.5625
-48.5760
-48.5904
-48.6041
-48.6170
-48.6331
-48.6495
-48.6637
-48.6766
-48.6934
-48.7124
-48.7350
-48.8017
-48.8233
-48.8442
-48.8687
-48.8935
-48.9202
-48.9464
-48.9701
-48.9899
-49.0105
-49.0357
-49.0617
-59.5747
-59.1681
-56.1326
-55.9471
-48.6306
-55.7265
-55.7292
-55.3494
-55.3342
-55.3314
-55.3409
-48.6385
-48.6487
-48.6575
-48.6650
-48.6773
-48.6914
-48.7044
-48.7184
-48.7322
-48.7445
-48.7601
-48.7764
-48.7906
-48.8031
-48.8188
-48.8368
-48.8582
-48.8821
-48.9469
-48.9673
-48.9908
-49.0154
-49.0414
-49.0673
-49.0929
-49.1133
-49.1321
-49.1568
-49.1817
-59.5628
-59.1589
-56.2820
-56.1035
-48.7909
-56.0104
-55.8560
-55.6002
-55.4605
-55.4539
-55.4624
-55.4825
-48.7776
-48.7864
-48.7935
-48.8049
-48.8189
-48.8316
-48.8451
-48.8590
-48.8708
-48.8858
-48.9020
-48.9163
-48.9285
-48.9429
-48.9607
-48.9811
-49.0036
-49.0236
-49.0892
-49.1115
-49.1360
-49.1612
-49.1869
-49.2125
-49.2346
-49.2542
-49.2768
-49.3010
-59.5625
-59.1564
-56.4085
-56.2372
-48.9258
-56.1720
-55.7274
-55.7132
-55.5784
-55.5825
-55.6014
-48.9053
-48.9140
-48.9209
-48.9312
-48.9452
-48.9575
-48.9707
-48.9846
-48.9961
-49.0103
-49.0261
-49.0407
-49.0527
-49.0657
-49.0833
-49.1028
-49.1239
-49.1445
-49.1615
-49.2311
-49.2552
-49.2796
-49.3051
-49.3303
-49.3533
-49.3742
-49.3956
-49.4194
-59.5779
-59.1779
-56.6040
-56.4546
-56.3995
-55.8533
-55.8389
-55.8364
-55.7048
-55.7188
-49.0316
-49.0404
-49.0470
-49.0563
-49.0700
-49.0821
-49.0951
-49.1088
-49.1202
-49.1336
-49.1491
-49.1638
-49.1757
-49.1878
-49.2047
-49.2232
-49.2431
-49.2640
-49.2810
-49.2981
-49.3730
-49.3967
-49.4220
-49.4469
-49.4707
-49.4914
-49.5123
-49.5369
-59.7186
-59.3214
-56.7397
-56.5772
-63.9876
-57.5162
-55.9779
-55.9633
-55.9604
-55.9687
-55.9882
-49.1568
-49.1655
-49.1720
-49.1806
-49.1937
-49.2056
-49.2183
-49.2319
-49.2431
-49.2557
-49.2709
-49.2855
-49.2974
-49.3091
-49.3248
-49.3425
-49.3621
-49.3823
-49.3993
-49.4155
-49.4349
-49.5128
-49.5376
-49.5622
-49.5866
-49.6072
-49.6272
-49.6521
-59.7684
-59.4048
-56.8499
-56.6625
-61.9130
-57.6254
-56.1012
-56.0865
-56.0831
-56.0907
-56.1091
-49.3151
-49.2903
-49.2957
-49.3038
-49.3162
-49.3278
-49.3403
-49.3536
-49.3648
-49.3768
-49.3914
-49.4059
-49.4180
-49.4291
-49.4438
-49.4606
-49.4798
-49.4994
-49.5165
-49.5321
-49.5504
-49.5698
-49.6518
-49.6762
-49.7005
-49.7217
-49.7416
-49.7645
-59.6287
-58.3278
-56.9506
-56.7874
-60.9386
-57.6687
-66.2421
-56.3411
-56.2084
-56.2045
-56.2114
-56.2288
-49.4393
-49.4486
-49.4192
-49.4258
-49.4374
-49.4490
-49.4611
-49.4740
-49.4853
-49.4967
-49.5108
-49.5252
-49.5373
-49.5480
-49.5617
-49.5776
-49.5964
-49.6149
-49.6325
-49.6478
-49.6649
-49.6839
-49.7032
-49.7888
-49.8127
-49.8347
-49.8546
-49.8757
-59.6770
-58.2618
-57.0303
-56.8634
-60.3532
-57.7216
-63.6612
-56.5233
-56.5127
-56.3248
-56.3309
-56.3474
-49.5623
-49.5716
-49.5784
-49.5861
-49.5575
-49.5691
-49.5808
-49.5933
-49.6046
-49.6155
-49.6291
-49.6433
-49.6555
-49.6658
-49.6783
-49.6940
-49.7119
-49.7300
-49.7472
-49.7623
-49.7784
-49.7968
-49.8153
-49.8348
-49.9236
-49.9464
-49.9662
-49.9855
