-60.7687
-59.8561
-59.3775
-61.0193
-61.0336
-61.1385
-60.4182
-60.6577
-60.8462
-60.8646
-61.2471
-59.7488
-59.9143
-61.7086
-62.3537
-62.4142
-61.8962
-60.8879
-61.0295
-59.2007
-59.3033
-59.4211
-59.4989
-59.4841
-59.2541
-60.9440
-61.2513
-61.5344
-63.0724
-62.9216
-61.5151
-61.4255
-62.0298
-59.1202
-58.8911
-59.9429
-59.6891
-60.6044
-60.3924
-60.0687
-59.7894
-59.8263
-59.3211
-60.9374
-61.2140
-61.3003
-60.4245
-60.6299
-60.8467
-60.8777
-60.3019
-59.3458
-59.4671
-61.7262
-62.1561
-62.0886
-61.5384
-62.1290
-59.4147
-59.5193
-59.4914
-59.1952
-59.2605
-60.8924
-61.1509
-61.6737
-62.8118
-62.9965
-61.3934
-63.2681
-59.4504
-59.1242
-60.0658
-60.7536
-60.5469
-60.2610
-59.8611
-54.8609
-54.5584
-60.6258
-61.2195
-61.4434
-59.8732
-60.4506
-60.6465
-60.8581
-60.9019
-60.3042
-59.3873
-60.0913
-61.1158
-61.3178
-61.7298
-61.2637
-63.5299
-59.9724
-59.9435
-59.7383
-59.4229
-59.2655
-60.8402
-61.3445
-61.5370
-63.0132
-62.8311
-61.2725
-63.2830
-59.4411
-60.3629
-66.3155
-60.8991
-60.3748
-59.9153
-54.8902
-54.5062
-55.3520
-55.5303
-61.6781
-59.9169
-60.4526
-60.6737
-60.8757
-60.1945
-60.3505
-59.4381
-60.1772
-61.1863
-61.1976
-60.9026
-59.7857
-63.2590
-66.7040
-65.3261
-59.7141
-59.7587
-59.3673
-59.4189
-59.4621
-61.3271
-61.5154
-63.1829
-63.8515
-63.5151
-62.0937
-66.4960
-60.6800
-60.2459
-59.7702
-59.3316
-61.3226
-61.8399
-55.6445
-55.2560
-55.1732
-55.4053
-60.7144
-60.9088
-60.2018
-60.3649
-60.0874
-60.2665
-61.2584
-61.0266
-60.7498
-62.7141
-62.9585
-63.0598
-59.1880
-59.6072
-59.2305
-59.3182
-59.3846
-59.4474
-61.8596
-62.7384
-63.1323
-64.1299
-63.6597
-67.3878
-64.7564
-66.6286
-64.0537
-60.4445
-60.0644
-59.7280
-59.0727
-63.9116
-60.5411
-55.1965
-55.4155
-55.5217
-55.4809
-60.2597
-61.1464
-60.1843
-60.3610
-61.1493
-60.9479
-61.0557
-59.9638
-59.3122
-58.9362
-59.3285
-60.0348
-62.1159
-62.6926
-63.0720
-63.3629
-63.6001
-66.4644
-65.3780
-63.7054
-60.6663
-60.2858
-59.9148
-59.5544
-59.1531
-62.1100
-61.6651
-60.3599
-60.7621
-55.5722
-55.4941
-55.4717
-55.8112
-60.2923
-60.4446
-61.0045
-60.1461
-61.3674
-59.6315
-59.5686
-59.4774
-60.0979
-59.8167
-61.5672
-62.5617
-62.8863
-66.2481
-65.1289
-62.5501
-63.3859
-65.6316
-67.0810
-63.0830
-60.7965
-60.4918
-60.1469
-59.7938
-60.6321
-58.8510
-61.1499
-61.2979
-60.8179
-60.9867
-61.2457
-61.7487
-60.6206
-60.6228
-61.1514
-55.8554
-55.6075
-55.6676
-55.8738
-60.0910
-61.3381
-61.6640
-64.4277
-64.4909
-59.5627
-59.5564
-59.6036
-60.3115
-60.4999
-60.5624
-62.4681
-62.6023
-61.7908
-63.5989
-64.3238
-62.5194
-62.7458
-63.2908
-63.4536
-61.9229
-60.6395
-60.3372
-60.0150
-59.6819
-60.4730
-54.5746
-55.2544
-60.6215
-60.6094
-60.7538
-60.5054
-61.1282
-60.7587
-60.8811
-61.5028
-61.6350
-60.5197
-55.6697
-55.6077
-55.9433
-56.0577
-62.3440
-61.7391
-61.4358
-58.9424
-59.4762
-60.2115
-60.4054
-60.5857
-60.7745
-62.2986
-62.3986
-62.5185
-64.0957
-64.2264
-61.8781
-62.1314
-63.0204
-62.1296
-60.5739
-60.2826
-60.0413
-59.7450
-60.4276
-60.0287
-54.9932
-55.1721
-55.2407
-55.3199
-55.3837
-60.3914
-60.4225
-60.6056
-61.8037
-61.7515
-61.9804
-60.6839
-60.5472
-60.1611
-55.9847
-56.0379
-56.2140
-56.2057
-60.9371
-59.3042
-59.6443
-59.7944
-60.4372
-60.6285
-60.4987
-62.1929
-62.3715
-62.5261
-64.1363
-64.5906
-62.2530
-62.1062
-61.7903
-60.3460
-60.4040
-60.1944
-59.9304
-59.6390
-60.1774
-59.9285
-55.0220
-55.1929
-55.2715
-55.3403
-55.4180
-55.3808
-55.3893
-60.5006
-61.7595
-61.7327
-61.8882
-60.6905
-59.9818
-60.8861
-60.8664
-61.5637
-61.4398
-56.1398
-56.1617
-55.5830
-55.7947
-59.9429
-59.8687
-59.9257
-60.0018
-62.0539
-62.1989
-63.9278
-62.2617
-62.0593
-60.9282
-60.6923
-60.3954
-59.7801
-59.5342
-60.3066
-60.0809
-59.8502
-59.7661
-55.2180
-55.3040
-55.3748
-55.4524
-55.2297
-55.4057
-55.7885
-55.9258
-61.6945
-60.6232
-60.5576
-59.9511
-60.7134
-61.7236
-61.5772
-61.3946
-61.5248
-61.0572
-55.7626
-55.7920
-55.8513
-55.9096
-59.9894
-60.0388
-61.3445
-61.7118
-64.7191
-62.4424
-61.9209
-60.9494
-60.6763
-60.3791
-60.1029
-59.6992
-60.2686
-59.7032
-59.4736
-59.9110
-60.4731
-60.5582
-55.4093
-55.4889
-55.2487
-55.4371
-55.8529
-55.9855
-55.9465
-55.6434
-59.5975
-59.7209
-60.6447
-61.5333
-61.4802
-61.8387
-61.5551
-61.5966
-59.9105
-59.9407
-55.8941
-55.9465
-56.0015
-56.0385
-56.6557
-61.7661
-64.1936
-68.2848
-63.6519
-62.2070
-60.9936
-61.0840
-60.6688
-60.3509
-59.9429
-60.5103
-60.2568
-60.0089
-59.7337
-60.2905
-60.5842
-60.6812
-60.7870
-60.1670
-55.2655
-55.7654
-55.9236
-55.9305
-55.9462
-55.3284
-55.3868
-55.4593
-61.3455
-61.7027
-61.7563
-61.6869
-61.8485
-61.5056
-60.0738
-60.0959
-60.1135
-60.1208
-60.0884
-56.1065
-56.6259
-56.8170
-57.3958
-63.0655
-62.3214
-61.1988
-60.9781
-60.1660
-59.9756
-60.5017
-60.2481
-59.9892
-59.7189
-60.3285
-60.6140
-60.7559
-60.9129
-60.2072
-60.0055
-61.6836
-55.9982
-55.8869
-55.8633
-55.3441
-55.4170
-55.4769
-56.1567
-56.2179
-56.2196
-61.9349
-61.7538
-61.4283
-60.1475
-60.2181
-60.2514
-60.2008
-60.2271
-60.2860
-62.2653
-56.9462
-66.2118
-70.5523
-70.2383
-61.1977
-60.6860
-60.4520
-60.9727
-60.4936
-60.2341
-59.9781
-59.7271
-55.2342
-55.3421
-60.7968
-60.1302
-60.1955
-61.1826
-62.0668
-61.9181
-61.3729
-55.5600
-55.3586
-55.4346
-55.8490
-56.1875
-56.2007
-56.3804
-56.3672
-56.3545
-61.3691
-60.1867
-60.3322
-60.3654
-60.6138
-60.5446
-60.9415
-62.4572
-62.5267
-66.6965
-67.0315
-60.9442
-60.8450
-60.6586
-60.4270
-60.9306
-60.6790
-60.4092
-59.9919
-59.7749
-55.2807
-55.3864
-55.4793
-55.2803
-60.2148
-61.4874
-62.0916
-61.8412
-61.2125
-60.2377
-59.6143
-55.7991
-55.8801
-56.1735
-56.3695
-56.3851
-56.3817
-56.3759
-56.3641
-56.0029
-60.3618
-60.2136
-60.4805
-60.9168
-61.0333
-62.4616
-62.0395
-65.7911
-66.9854
-65.2565
-61.3575
-60.8077
-60.5295
-60.3144
-61.1150
-60.7811
-60.5724
-60.4021
-60.1231
-59.7772
-60.5175
-55.4523
-55.2345
-55.2938
-55.7332
-55.8971
-61.9735
-61.6410
-60.1674
-60.4988
-59.8417
-60.7384
-60.8761
-56.1873
-56.3972
-56.4057
-56.5637
-56.0524
-56.0105
-56.1138
-60.8510
-60.9700
-60.9813
-62.4724
-63.9799
-60.8181
-60.7065
-60.5809
-60.4052
-60.8164
-60.8588
-60.5716
-60.3368
-60.0677
-59.8007
-60.6428
-60.8797
-59.9619
-55.3326
-55.9329
-56.0084
-55.9568
-55.5233
-60.3690
-60.4456
-60.6613
-60.8492
-61.0051
-62.3795
-62.2924
-56.5770
-56.8468
-61.6239
-60.8383
-56.2964
-56.3942
-56.4305
-61.0385
-61.9743
-61.1944
-60.9882
-60.7784
-60.4610
-61.0062
-60.9901
-60.7269
-60.4679
-60.2726
-60.0188
-59.7632
-60.7824
-59.8989
-59.9411
-62.8227
-62.1559
-56.0475
-55.9262
-55.5844
-55.5907
-55.6765
-60.7372
-60.9214
-61.8018
-62.5100
-62.8984
-62.6842
-63.3098
-64.7067
-64.9429
-61.1977
-61.7552
-61.5185
-61.1783
-60.8803
-56.2809
-56.7324
-57.2141
-65.5070
-61.1373
-60.9835
-60.8342
-60.7082
-60.7359
-61.1582
-60.9066
-60.6029
-60.4540
-60.2120
-59.9731
-59.7279
-60.9069
-59.8811
-59.9852
-63.8929
-60.8749
-55.6110
-55.6193
-56.0173
-55.8707
-56.2124
-61.9900
-63.1397
-62.8884
-62.6810
-62.4017
-62.7786
-62.6702
-61.6006
-61.8128
-61.7747
-61.3856
-60.7513
-60.6624
-61.6931
-57.2300
-56.9213
-56.4739
-60.6362
-61.6490
-60.7922
-60.5837
-60.4071
-60.1651
-59.9286
-59.6716
-59.7838
-59.9202
-60.1779
-64.7914
-61.2054
-60.9275
-61.2883
-56.0893
-56.3770
-63.7068
-56.6356
-62.7944
-62.0132
-62.4563
-62.5875
-63.3739
-61.1180
-61.1012
-61.5020
-60.9761
-60.9507
-60.8401
-62.1957
-62.2785
-60.8050
-56.4976
-56.7800
-61.6108
-61.1242
-61.1507
-60.8055
-60.4816
-60.1882
-64.2115
-59.8195
-59.9202
-60.2065
-61.4268
-61.3334
-61.2418
-62.2532
-62.6477
-65.8278
-63.1468
-56.4945
-62.7557
-62.2696
-60.3532
-60.4048
-60.9294
-61.2715
-62.2298
-61.2090
-61.0094
-60.8045
-63.9304
-61.6122
-60.4338
-64.7700
-59.8206
-60.0496
-60.1968
-61.4103
-61.4297
-62.8644
-63.1717
-63.1905
-63.0241
-63.5424
-63.4485
-61.2786
-61.2570
-60.9887
-60.7449
-60.7254
-62.2348
-61.3941
-61.1906
-63.1976
-64.3117
-67.1377
-65.9963
-68.8706
-60.3027
-64.6590
-59.8209
-60.0541
-60.1872
-60.2596
-61.4548
-61.1922
-61.6068
-63.4438
-63.6086
-62.2282
-64.5085
-64.3124
-62.6396
-63.2450
-64.0927
-64.1737
-64.1057
-63.4617
-65.2394
-63.9516
-61.3244
-61.2840
-61.6419
-61.4373
-61.3012
-60.8245
-61.0172
-61.6570
-63.9130
-64.5567
-64.8670
-64.0228
-66.8790
-65.7572
-67.9862
-68.5511
-68.7014
-62.7401
-63.1289
-64.5160
-59.8215
-60.0538
-59.9977
-60.2028
-59.8475
-60.3407
-63.1158
-63.6110
-63.5850
-62.2317
-63.3994
-62.2391
-64.0933
-63.3291
-64.2904
-64.5942
-63.4619
-63.2279
-62.6926
-62.1700
-61.3311
-61.3222
-61.7529
-61.6556
-60.7383
-61.5378
-62.5036
-62.9141
-63.4678
-63.8219
-63.8680
-64.3572
-64.4309
-64.1833
-66.6410
-67.1201
-65.8604
-60.4756
-63.4391
-64.5220
-59.8239
-59.9059
-59.9866
-60.0887
-59.9973
-61.6765
-62.3429
-62.1474
-63.1143
-62.8158
-61.8148
-63.2979
-63.9187
-63.4054
-64.4115
-63.2259
-63.2705
-63.0716
-62.6807
-62.1455
-60.6487
-61.0315
-61.8564
-61.7380
-60.8952
-61.7581
-62.5330
-64.0678
-64.4238
-63.0899
-63.5564
-63.5704
-64.2481
-64.5022
-64.9675
-64.5413
-62.6961
-60.4707
-63.6387
-64.6154
-59.8095
-59.8912
-59.9716
-60.2339
-60.0932
-62.3086
-62.4168
-62.0634
-61.9266
-61.6109
-61.5694
-63.7101
-63.1245
-63.2373
-62.9166
-63.1173
-63.2335
-63.0334
-62.6860
-62.1895
-61.3658
-61.2920
-61.1724
-61.1065
-61.0293
-61.8559
-64.0302
-64.4174
-63.6526
-64.3448
-64.1334
-63.3241
-63.7109
-64.0485
-64.7344
-64.0133
-60.2127
-62.9859
-63.8058
-64.3960
-59.7938
-60.0098
-60.1063
-60.2163
-61.9710
-62.7188
-62.3150
-61.9676
-61.8210
-60.4453
-62.4726
-62.6224
-63.2120
-62.5225
-62.8224
-63.0150
-63.0099
-62.9004
-62.6980
-63.1878
-61.6617
-61.5231
-60.7189
-60.6122
-60.5018
-61.9246
-64.2258
-63.5781
-64.4333
-64.2516
-62.2349
-63.9147
-64.5412
-64.0617
-63.9193
-62.0854
-60.4168
-62.7724
-63.2042
-64.4247
-59.9060
-60.0029
-60.1093
-60.3184
-62.6045
-63.0451
-62.2024
-61.7568
-60.4428
-61.9725
-62.9392
-62.5052
-62.4907
-61.7429
-62.6910
-62.8630
-62.8023
-62.7483
-64.1252
-63.5303
-61.9153
-61.7243
-60.8606
-60.7525
-60.6429
-62.3319
-63.2532
-63.6141
-64.5551
-64.3158
-63.8411
-64.2590
-64.6879
-64.6349
-64.2172
-60.3545
-62.2557
-62.7206
-63.3889
-63.2781
-59.8933
-59.9974
-60.1027
-63.5042
-63.0209
-62.2939
-62.0633
-61.5661
-60.3106
-63.2761
-63.5176
-62.8104
-61.3197
-61.7999
-61.9078
-62.7055
-62.6251
-62.8506
-61.2882
-60.9924
-60.8857
-61.4953
-62.6119
-62.7413
-63.8194
-64.5785
-63.9143
-63.7526
-64.5715
-64.8490
-64.5126
-62.8027
-60.6576
-62.9821
-62.8551
-63.1915
-63.6067
-59.8898
-59.9867
-63.9595
-64.0151
-63.3414
-62.0198
-61.7672
-60.4494
-66.5085
-62.3207
-61.7337
-61.8506
-61.9144
-61.8709
-63.0247
-62.0574
-61.3323
-61.1203
-61.0154
-61.7381
-62.2373
-63.7969
-64.3575
-62.7217
-60.9524
-62.6701
-63.5941
-63.8957
-63.6775
-60.3580
-59.9883
-65.8404
-62.0225
-60.4568
-60.4940
-62.8491
-62.6380
-62.8646
-61.9131
-62.1771
-62.3269
-63.1067
-68.4247
-61.7641
-61.7219
-61.2331
-61.8837
-61.4146
-63.0930
-63.7883
-63.8825
-61.0387
-63.3821
-63.6400
-63.9285
-64.1939
-64.4727
-60.3863
-60.6243
-63.7863
-63.3458
-61.2536
-60.4938
-62.1926
-61.8469
-62.5930
-62.6384
-63.1354
-63.3494
-63.2649
-62.8614
-63.1807
-64.6665
-64.5428
-64.0578
-61.7868
-61.7507
-61.5980
-61.5130
-62.1459
-64.0091
-68.3542
-68.1899
-66.2314
-63.7918
-63.2083
-61.1495
-65.1809
-63.8217
-60.4191
-63.2097
-64.4442
-63.6573
-63.4219
-61.3926
-61.2356
-62.6627
-61.7978
-61.7432
-61.4222
-61.4811
-63.2371
-63.5244
-63.5665
-64.1668
-64.4241
-64.2746
-60.9872
-61.4833
-62.2775
-62.3405
-62.2511
-64.1143
-65.2404
-66.0405
-64.0158
-65.9051
-67.1631
-68.4055
-63.2678
-61.6057
-65.0078
-66.2289
-67.9451
-64.6304
-65.0443
-60.5247
-64.6159
-64.2552
-63.3612
-60.5507
-61.1816
-61.0711
-62.6121
-62.7524
-62.1507
-61.4740
-62.1182
-62.3064
-63.2726
-64.0395
-64.4412
-64.7471
-64.0007
-62.1310
-61.6276
-62.1146
-62.3172
-62.4037
-63.7095
-64.9741
-65.3435
-63.2968
-66.3988
-66.8573
-66.7606
-63.6602
-61.5712
-64.3081
-65.1699
-66.7467
-66.4653
-65.4835
-65.1949
-65.4448
-64.7017
-64.0105
-62.7231
-60.5350
-60.6544
-62.0645
-62.7757
-62.8410
-62.3711
-62.5573
-63.0378
-62.3941
-62.4718
-62.9858
-64.3118
-67.2379
-69.8661
-69.9104
-63.6380
-62.0995
-61.9534
-62.3629
-61.8949
-62.3775
-64.3286
-65.4570
-63.4389
-63.7108
-65.5618
-66.7128
-63.8534
-63.4686
-62.9980
-63.4270
-65.1864
-66.3064
-67.5416
-65.5542
-65.0548
-66.1893
-63.6328
-60.6928
-60.4243
-62.1365
-62.1739
-62.3116
-62.9334
-62.8087
-62.8366
-63.3429
-63.3163
-62.9166
-63.1206
-63.6742
-62.1157
-62.0859
-62.1995
-62.7301
-63.0711
-64.1484
-65.1224
-63.4909
-65.4884
-65.8291
-63.6812
-63.6346
-61.6553
-62.5271
-64.2840
-65.3603
-65.7194
-64.9831
-66.1075
-60.8711
-60.5566
-61.8427
-62.2543
-62.2859
-62.4226
-62.4149
-62.5462
-63.5735
-63.5795
-63.5541
-64.0575
-64.1655
-62.6301
-62.2080
-62.3411
-62.9506
-62.9202
-63.2552
-64.4157
-63.5211
-62.6788
-65.7378
-65.9661
-63.5638
-63.1348
-61.2449
-63.4910
-64.7366
-65.3303
-68.4507
-64.7074
-64.5657
-65.9574
-60.8547
-60.8800
-61.9656
-62.3707
-62.4041
-62.7989
-62.5893
-62.7104
-63.2407
-63.7613
-64.2192
-64.3549
-64.5644
-65.3108
-63.3824
-62.9624
-63.1117
-63.0950
-63.4739
-63.3893
-64.5986
-63.6745
-65.0579
-66.1829
-63.1852
-63.4707
-61.2372
-62.0908
-64.0681
-64.6070
-65.0246
-65.2436
-65.6859
-63.7702
-64.3388
