-47.7483
-46.9774
-46.0922
-45.0450
-43.8787
-35.6703
-35.5706
-35.4786
-35.3977
-35.3257
-42.6387
-42.7809
-46.3684
-47.7636
-49.0025
-44.5515
-43.9876
-47.1803
-48.5848
-49.8624
-46.7906
-45.8035
-43.1517
-43.1158
-46.2601
-47.5027
-48.5364
-47.7491
-46.8774
-43.7707
-43.9971
-47.0948
-48.1409
-49.0756
-50.0958
-49.4419
-48.9159
-46.0318
-48.7380
-49.2553
-47.7658
-47.5390
-46.6287
-45.5241
-44.1938
-35.4380
-35.3103
-35.2143
-35.1313
-35.0560
-42.3558
-42.5033
-46.4403
-48.1103
-49.4813
-44.2408
-43.6982
-47.2333
-48.9241
-50.3688
-46.5154
-45.4215
-42.8425
-42.8356
-46.5939
-48.0140
-48.4516
-47.3302
-46.2117
-43.5858
-43.9249
-47.5895
-48.7324
-50.3529
-49.6251
-48.8406
-48.4214
-48.4011
-48.8800
-49.4546
-47.7848
-47.6673
-47.4002
-46.2715
-44.8202
-42.8873
-35.0431
-34.9429
-34.8577
-34.7805
-42.0652
-42.2181
-46.7146
-48.7506
-50.2807
-43.9426
-43.4005
-47.4865
-49.5657
-51.1696
-46.2334
-42.6008
-42.5419
-42.5584
-47.2308
-48.8206
-48.1902
-46.8424
-43.1535
-43.3967
-46.8320
-48.3910
-50.8038
-49.8876
-49.0906
-48.2991
-45.5614
-48.4731
-49.1517
-49.5835
-47.8693
-47.6943
-47.7243
-47.4232
-46.0069
-43.5613
-34.7685
-34.6640
-34.5760
-34.4963
-41.7711
-41.9254
-47.4961
-49.9414
-51.5038
-43.6190
-43.0918
-48.2891
-50.7487
-52.3684
-45.9444
-42.2846
-42.2352
-45.9508
-48.4158
-50.1042
-47.9186
-46.2520
-42.9578
-43.2242
-48.0187
-51.5235
-50.3938
-49.3462
-48.0769
-45.1626
-48.0690
-48.7940
-49.3104
-49.7033
-48.0276
-47.8032
-47.7815
-48.0057
-48.1009
-45.5814
-34.4871
-34.3785
-34.2858
-34.2042
-41.4636
-41.6247
-49.5413
-57.0687
-56.7663
-43.2845
-42.7772
-50.3341
-52.8587
-54.1137
-45.6474
-41.9462
-41.9224
-48.0227
-54.5427
-54.1285
-47.6374
-45.3447
-42.7601
-47.6315
-53.3505
-51.2598
-49.9154
-48.7174
-47.6303
-47.5952
-48.4432
-49.0509
-49.4902
-49.8729
-48.2830
-48.0116
-47.9412
-48.1324
-51.2626
-50.9839
-34.1970
-34.0837
-33.9865
-33.9039
-41.1478
-41.3193
-42.9766
-42.4025
-45.3429
-41.6151
-41.6035
-47.3477
-42.2785
-42.5804
-50.9973
-49.3254
-47.7502
-44.6610
-48.0623
-48.7578
-49.2694
-49.6569
-50.4742
-48.6695
-48.3537
-48.2345
-48.3916
-53.9676
-54.3460
-33.9468
-33.7802
-33.6781
-33.5940
-40.8233
-41.0012
-42.6258
-42.0675
-44.9197
-41.2754
-41.2801
-47.0499
-42.0821
-42.4077
-50.7240
-48.5330
-44.2332
-47.6857
-48.5109
-49.0378
-49.4725
-49.2079
-48.8674
-48.7156
-48.8474
-33.4673
-33.3606
-33.2737
-40.4894
-40.6727
-45.2133
-47.2371
-46.7633
-42.2897
-41.7276
-41.4896
-41.2758
-41.1195
-40.9812
-40.9284
-40.9519
-41.5679
-41.8940
-42.2420
-50.4492
-43.7992
-47.3079
-48.3179
-48.8679
-49.3998
-49.7389
-49.9232
-49.5894
-49.4383
-49.2288
-52.7747
-48.1970
-33.2679
-33.1469
-33.0339
-32.9423
-40.1455
-40.3333
-45.9155
-48.3969
-47.5768
-41.9177
-41.3709
-41.0970
-40.9038
-40.7465
-40.6130
-40.5733
-33.9283
-34.0856
-40.8169
-41.0427
-41.3615
-41.7142
-42.0831
-50.1599
-46.9167
-48.2078
-48.7878
-49.3292
-49.5245
-48.9023
-50.6737
-50.5543
-50.4523
-50.6083
-32.8180
-32.6993
-32.6020
-39.7915
-39.9829
-47.9378
-50.4888
-49.6099
-41.5336
-41.0017
-40.7190
-40.5167
-40.3599
-40.2333
-40.2143
-33.5997
-33.7938
-40.5141
-40.8059
-41.1642
-41.5429
-41.9305
-42.3241
-42.7120
-43.2465
-48.2856
-48.8485
-49.4045
-49.3578
-48.6209
-48.6899
-45.8417
-48.7457
-46.4330
-50.2979
-51.7464
-51.9978
-32.4759
-32.3524
-32.2504
-32.1695
-39.6212
-41.1612
-40.6185
-40.3265
-40.1183
-39.9350
-39.8430
-39.8442
-33.2846
-33.4876
-40.2353
-40.5849
-40.9774
-41.3806
-41.7880
-42.1984
-42.6021
-48.8088
-49.2163
-49.7115
-49.3209
-48.3698
-48.3562
-45.4536
-48.3516
-48.7952
-47.3186
-46.5998
-45.7304
-52.1660
-32.1197
-31.9925
-31.8862
-31.8028
-39.2478
-40.7530
-40.2207
-39.9182
-39.7039
-39.5194
-39.4396
-39.4692
-32.9635
-39.6745
-39.9804
-40.3787
-40.8011
-41.2280
-41.6553
-42.0830
-50.5691
-50.3334
-50.5298
-49.3076
-48.5313
-48.0482
-45.0581
-47.9849
-48.5074
-49.0776
-48.3484
-47.7923
-47.1449
-46.3015
-44.9894
-42.4305
-31.8826
-31.7509
-31.6180
-31.5085
-31.4220
-38.8504
-42.8409
-44.5180
-44.0396
-40.3539
-39.7839
-39.4935
-39.2723
-39.0894
-39.0251
-32.4224
-32.6346
-39.3592
-39.7452
-40.1854
-40.6361
-41.0860
-41.5334
-51.1397
-51.4627
-51.7680
-50.1135
-48.4423
-47.7612
-44.6564
-47.6350
-48.2483
-48.8703
-49.4489
-49.4952
-49.0792
-48.6149
-48.1346
-47.6057
-47.1480
-31.5081
-31.3656
-31.2295
-31.1163
-31.0256
-38.4473
-43.0077
-45.0628
-43.9560
-39.8902
-39.3552
-39.0513
-38.8223
-38.6430
-38.6020
-32.0713
-32.2923
-39.0813
-39.5306
-40.0058
-40.4831
-40.9564
-41.4243
-51.7540
-48.6110
-47.1851
-44.2414
-47.2997
-48.0513
-48.7513
-49.3678
-49.9309
-50.6970
-50.6061
-50.6187
-52.3292
-30.9711
-30.8341
-30.7134
-30.6171
-38.0311
-43.6428
-46.1496
-44.0634
-39.4359
-38.9074
-38.5902
-38.3531
-38.1798
-38.1715
-31.7128
-38.4022
-38.8351
-39.3331
-39.8396
-40.3445
-40.8410
-41.3301
-52.2407
-47.0477
-43.8134
-47.0273
-47.9416
-48.7252
-49.3981
-49.9621
-50.4143
-51.1593
-52.9170
-53.7038
-55.6672
-30.5625
-30.4223
-30.2938
-30.1935
-37.5970
-45.6032
-47.3121
-44.7744
-38.9887
-38.4397
-38.1067
-37.8628
-37.7003
-31.1134
-31.3431
-38.0953
-38.6143
-39.1532
-39.6906
-40.2220
-40.7422
-41.2527
-47.2981
-43.3785
-46.9336
-48.0270
-48.8864
-49.5849
-50.1419
-50.4275
-49.5770
-50.0421
-49.7840
-49.4069
-49.0405
-48.7005
-40.4834
-30.3123
-30.1366
-29.9911
-29.8549
-29.7518
-37.1427
-50.9863
-51.4320
-46.6912
-38.4973
-37.9503
-37.5996
-37.3242
-37.2057
-30.7137
-37.3513
-37.8386
-38.4151
-38.9918
-39.5603
-40.1177
-40.6630
-41.1952
-41.7149
-42.2241
-42.9356
-47.3088
-48.5688
-49.4155
-50.0622
-50.5275
-50.0063
-49.0822
-48.9057
-48.6056
-49.5002
-56.8251
-45.8441
-29.8851
-29.6946
-29.5394
-29.3981
-29.2900
-36.6684
-38.0097
-37.4366
-37.0663
-36.7847
-36.6983
-30.3011
-36.9942
-37.6164
-38.2387
-38.8523
-39.4521
-40.0370
-40.6069
-41.1610
-41.6985
-42.4928
-50.0350
-50.3903
-50.7401
-51.0506
-50.6462
-49.5623
-48.5003
-45.9068
-46.2949
-44.1776
-43.3735
-48.4069
-54.3910
-29.4400
-29.2402
-29.0729
-28.9263
-28.8094
-36.1632
-37.4755
-36.8965
-36.5035
-36.2180
-29.6534
-29.8829
-36.7425
-37.4228
-38.0884
-38.7384
-39.3689
-39.9832
-40.5777
-41.1538
-41.7106
-54.5392
-52.2983
-50.5693
-49.1002
-47.8038
-45.5757
-45.9908
-46.3922
-39.9778
-44.5524
-43.7933
-42.8207
-41.4011
-38.7990
-28.9732
-28.7606
-28.5807
-28.4297
-28.3051
-35.6457
-37.6329
-39.6533
-41.2207
-36.9158
-36.3028
-35.9079
-35.6231
-29.1717
-35.7788
-36.5323
-37.2590
-37.9685
-38.6561
-39.3203
-39.9612
-40.5798
-41.1760
-41.7526
-54.1848
-50.9818
-48.0949
-44.8058
-45.2528
-45.6852
-46.1022
-46.7448
-39.9717
-39.2983
-45.4914
-45.0372
-44.5665
-44.0939
-28.4979
-28.2696
-28.0655
-27.9079
-27.7775
-35.1023
-38.1221
-40.5991
-41.3074
-36.3534
-35.7001
-35.2753
-35.0017
-28.6959
-35.5544
-36.3551
-37.1329
-37.8864
-38.6119
-39.3087
-39.9773
-40.6176
-41.2353
-41.8282
-53.8237
-43.9802
-44.4648
-44.9297
-45.3800
-45.8138
-46.4729
-46.8781
-40.0231
-39.3077
-38.5690
-46.7472
-36.0825
-27.7633
-27.5461
-27.3754
-27.2319
-27.1445
-39.9072
-42.4719
-40.7581
-35.7366
-35.0603
-34.5751
-34.3647
-28.2205
-35.3651
-36.2211
-37.0526
-37.8521
-38.6150
-39.3431
-40.0362
-40.6997
-41.3340
-41.9414
-42.5261
-43.0823
-43.6135
-44.1231
-44.6105
-45.0807
-45.7718
-46.2089
-46.6301
-47.0361
-40.1407
-39.3899
-38.6004
-46.2318
-35.5969
-27.2261
-26.9997
-26.8103
-26.6555
-26.5610
-45.2099
-45.3892
-36.3695
-35.1118
-34.3786
-33.8500
-27.4062
-34.3748
-35.2263
-36.1430
-37.0315
-37.8765
-38.6755
-39.4323
-40.1483
-40.8301
-41.4782
-42.0957
-42.6844
-43.2477
-43.7831
-44.2950
-45.0281
-45.5049
-45.9582
-49.0777
-49.5602
-50.0405
-40.3344
-39.5572
-38.7267
-37.8434
-36.9201
-35.9948
-35.1890
-26.6489
-26.4003
-26.1939
-26.0376
-25.9388
-35.9451
-34.4273
-33.6502
-33.0671
-26.8391
-34.0411
-35.1543
-36.1423
-37.0871
-37.9745
-38.8061
-39.5844
-40.3200
-41.0146
-41.6717
-42.2943
-42.8858
-43.4477
-43.9833
-44.7608
-47.9674
-48.6757
-49.2979
-49.8258
-50.2990
-50.7315
-40.6110
-39.8226
-38.9659
-38.0356
-37.0296
-35.9657
-34.9227
-34.1897
-25.8539
-25.6121
-25.4380
-25.3234
-35.5573
-33.7300
-32.8706
-32.2153
-26.3283
-34.1029
-35.1818
-36.2445
-37.2408
-38.1631
-39.0168
-39.8137
-40.5585
-41.2591
-41.9187
-42.5409
-43.1308
-44.0095
-49.0737
-49.4691
-49.8574
-50.2174
-50.5609
-50.8439
-51.2290
-51.5483
-40.9825
-40.1981
-39.3361
-38.3838
-37.3251
-36.1496
-34.8845
-33.7315
-25.2486
-24.9844
-24.7953
-24.6672
-35.2435
-32.9704
-32.0399
-25.4083
-32.4810
-34.1676
-35.3548
-36.4840
-37.5178
-38.4594
-39.3253
-40.1264
-40.8722
-41.5681
-42.2225
-42.8383
-52.9431
-52.0292
-51.7723
-51.9682
-52.0796
-52.2286
-52.4213
-41.2689
-40.4977
-39.6691
-38.7721
-37.8030
-36.6209
-35.1920
-33.6123
-24.6407
-24.3417
-24.1228
-23.9844
-32.0404
-33.5580
-35.0722
-32.1738
-31.1579
-24.8013
-33.8825
-34.4594
-35.7338
-36.9011
-37.9452
-38.8842
-39.7418
-40.5314
-41.2638
-41.9467
-42.5850
-43.1876
-52.3422
-50.4464
-49.3704
-61.1243
-58.0813
-42.0187
-41.3046
-40.0007
-39.0903
-38.0891
-36.9834
-35.7672
-34.1415
-32.0475
-23.6879
-23.4335
-23.2675
-31.2073
-33.1967
-35.1777
-31.3793
-30.3478
-24.1975
-34.4394
-35.0829
-36.3889
-37.5373
-38.5456
-39.4506
-40.2745
-41.0331
-41.7369
-42.3934
-43.0191
-43.5992
-44.1534
-44.6737
-45.1679
-45.6373
-46.0847
-46.5116
-61.0299
-55.6288
-42.6775
-42.0337
-41.3364
-40.5712
-38.5554
-37.4290
-36.1406
-34.6696
-32.9783
-23.0352
-22.7384
-22.5464
-30.3025
-33.2320
-35.8261
-30.5836
-29.7641
-33.2990
-34.8441
-36.1824
-37.3840
-38.4196
-39.3356
-40.1711
-40.9325
-41.6378
-42.2950
-42.9201
-43.5029
-44.0522
-44.5740
-45.0752
-45.5460
-45.9939
-46.4274
-46.8395
-47.2397
-47.6368
-48.0089
-48.3795
-43.4193
-42.8614
-42.2777
-41.6639
-41.0100
-40.3141
-36.8852
-35.3494
-33.4391
-22.4213
-22.0640
-21.8292
-21.7338
-34.5454
-37.4790
-29.9421
-22.5462
-36.1936
-36.8884
-37.8477
-38.7396
-39.5560
-40.3142
-41.0251
-41.2539
-42.0564
-42.8271
-43.5515
-44.1284
-44.6408
-45.1273
-45.5933
-46.0417
-46.4720
-46.8843
-47.2771
-47.6584
-56.5676
-54.5346
-47.3502
-47.8184
-49.7504
-36.7048
-34.9016
-32.0510
-21.4591
-21.1786
-21.0364
-39.4760
-40.4396
-29.6409
-22.0106
-44.5038
-43.5101
-43.1047
-42.2836
-39.6187
-40.5659
-41.4549
-42.2858
-43.0768
-43.8070
-46.9076
-47.7119
-48.3989
-49.0079
-49.5771
-50.1176
-50.6086
-51.0710
-51.5233
-56.9765
-49.3142
-50.2265
-55.5604
-37.6694
-36.0538
-34.0926
-21.0013
-20.6427
-20.4498
-30.2299
-21.6423
-45.7602
-44.7576
-41.3022
-38.7742
-39.9011
-40.8920
-41.7979
-46.6163
-47.2422
-48.5326
-49.1081
-49.6198
-50.1562
-50.6337
-51.1063
-51.5549
-51.9995
-52.4335
-52.8304
-62.1267
-45.1288
-44.3360
-43.4776
-38.7183
-37.2332
-35.3019
-32.3929
-20.3731
-20.0999
-20.8876
-21.5460
-46.4615
-36.4099
-37.9268
-39.2436
-40.3959
-41.4018
-42.2859
-53.1792
-51.2875
-50.8056
-50.7775
-47.8388
-48.3375
-48.8126
-49.2890
-49.7407
-50.1730
-50.5710
-50.9570
-46.2875
-45.5998
-44.8592
-44.0530
-43.1730
-42.2016
-41.0827
-39.7907
-38.2458
-36.2580
-33.4068
-20.4806
-20.2370
-20.2404
-20.5286
-21.0516
-21.7765
-33.0059
-35.4912
-37.3695
-38.8380
-40.0647
-41.1310
-42.0809
-42.9113
-43.6695
-44.3871
-45.3109
-45.9448
-46.5461
-47.1141
-47.6579
-48.1614
-48.6341
-49.1100
-49.5757
-50.0037
-50.4093
-50.8040
-51.1696
-46.9022
-46.1386
-45.4648
-44.7383
-43.9601
-43.1204
-42.1823
-41.1344
-39.9773
-38.6890
-37.2428
-21.3402
-21.4629
-21.6102
-21.5642
-21.7907
-22.3181
-36.6438
-37.9771
-39.1645
-40.2321
-41.1996
-42.0878
-42.9073
-43.6221
-44.3541
-45.0040
-45.6103
-46.1800
-46.7245
-47.2432
-47.7403
-48.2056
-48.6668
-49.3935
-49.8212
-50.2418
-50.6380
-51.0196
-51.3850
-47.5038
-46.8887
-46.1321
-45.5025
-44.8492
-44.1725
-43.4735
-42.7316
-42.0618
-41.6561
-42.1122
-41.4477
-25.3647
-25.7733
-25.0372
-24.2927
-38.8768
-40.4724
-41.1329
-41.3932
-41.9252
-42.5432
-43.1504
-43.7500
-44.5202
-45.1147
-45.6823
-46.2324
-46.7502
-47.2506
-47.7269
-48.1892
-48.6427
-49.0806
-49.4901
-49.8771
-50.2616
-50.6281
-50.9962
-51.3435
-48.1618
-47.6162
-47.0451
-46.3104
-45.7832
-45.2726
-44.8029
-44.3643
-44.0247
-43.9106
-43.6283
-40.7855
-37.1424
-39.4970
-33.6369
-41.4094
-42.7987
-43.0268
-43.5675
-43.4214
-43.5543
-43.8152
-44.1821
-44.8755
-45.4366
-45.9345
-46.4188
-46.8947
-47.3653
-47.8133
-48.2425
-48.6662
-49.0930
-49.5070
-49.8913
-50.2532
-50.6182
-50.9706
-51.3186
-51.6500
-48.8463
-48.3904
-47.9124
-47.4227
-46.7001
-46.3423
-46.0597
-45.8882
-45.7047
-45.5216
-43.4207
-39.6349
-30.5688
-30.8725
-31.3541
-40.3764
-43.8511
-45.0477
-45.3365
-45.1344
-44.9231
-44.9539
-45.1312
-46.0050
-46.3937
-46.7915
-47.1927
-47.5969
-48.0028
-48.3996
-48.7821
-49.1959
-49.5876
-49.9550
-50.3132
-50.6628
-50.9925
-51.3256
-51.6469
-51.9646
-49.5687
-49.1908
-48.8063
-48.4417
-48.1105
-47.2882
-47.1501
-47.1202
-47.1891
-46.9741
-44.6711
-41.3987
-38.9566
-26.2520
-40.1183
-42.2773
-45.1441
-46.7510
-46.7564
-46.2620
-45.9499
-45.8483
-46.8939
-47.0922
-47.3647
-47.6648
-47.9826
-49.0049
-49.3808
-49.7219
-50.0840
-50.4211
-50.7523
-51.0774
-51.3677
-51.6945
-51.9975
-52.2864
-60.7135
-47.9464
-48.0427
-48.3238
-48.8445
-50.2567
-22.0630
-49.1013
-48.1844
-47.4382
-46.9026
-46.5742
-48.0896
-48.0694
-48.1470
-52.7996
-57.5775
-59.3214
-56.3975
-60.8427
