-72.3713
-71.9974
-71.4078
-70.3549
-68.1473
-69.6918
-70.9268
-72.3750
-77.9897
-77.8174
-78.9341
-71.6256
-58.9004
-58.8320
-58.7746
-58.7283
-58.6724
-58.6162
-66.2978
-66.2682
-66.2551
-66.2543
-66.2616
-66.2738
-66.2906
-66.3112
-66.3368
-66.3559
-66.3861
-66.4184
-66.4533
-66.4912
-66.5313
-66.5744
-66.5587
-69.4922
-69.8707
-70.2360
-70.4699
-69.5348
-72.3573
-73.6325
-73.6976
-73.6250
-73.5744
-66.7563
-69.6055
-71.4062
-79.3781
-58.8142
-58.7453
-58.6875
-58.6401
-58.5835
-58.5266
-58.5444
-66.1683
-66.1540
-66.1518
-66.1600
-66.1740
-66.1918
-66.2139
-66.2402
-66.2612
-66.2933
-66.3280
-66.3646
-66.4038
-66.4462
-66.4302
-66.4770
-69.6968
-69.9625
-70.4172
-70.3770
-70.7822
-73.0037
-77.0109
-66.5947
-68.3063
-72.8415
-58.7272
-58.6579
-58.5996
-58.5514
-58.4941
-58.4366
-58.4038
-66.0664
-66.0504
-66.0483
-66.0563
-66.0705
-66.0913
-66.1155
-66.1438
-66.1658
-66.1992
-66.2361
-66.2753
-66.3166
-66.3603
-66.3476
-66.3951
-69.7419
-70.1245
-70.6960
-70.1397
-70.9198
-74.3708
-73.3659
-66.5097
-68.2142
-75.2435
-58.6977
-58.6395
-58.5698
-58.5109
-58.4621
-58.4038
-58.3458
-58.2876
-65.9661
-65.9457
-65.9426
-65.9515
-65.9667
-65.9873
-66.0143
-66.0458
-66.0697
-66.1049
-66.1432
-66.1846
-66.2290
-66.2753
-66.2852
-69.5461
-69.8754
-70.4179
-67.4508
-70.0733
-73.5773
-66.4708
-66.4235
-66.3642
-58.7209
-58.6654
-58.6095
-58.5509
-58.4808
-58.4214
-58.3721
-58.3127
-58.2542
-58.1953
-65.8660
-65.8424
-65.8372
-65.8440
-65.8607
-65.8830
-65.9114
-65.9444
-65.9720
-66.0091
-66.0496
-66.0935
-66.1592
-66.2091
-66.2017
-69.5979
-70.1426
-67.3769
-67.3495
-68.5617
-66.4659
-66.3693
-66.3151
-66.2498
-58.7993
-58.7428
-58.6877
-58.6323
-58.5765
-58.5201
-58.4616
-58.3910
-58.3417
-58.2812
-58.2208
-58.1618
-58.1023
-65.7659
-65.7385
-65.7316
-65.7383
-65.7540
-65.7765
-65.8070
-65.8417
-65.8702
-65.9111
-65.9549
-66.0204
-66.0697
-66.0637
-66.1173
-70.0120
-67.3679
-67.2943
-67.2727
-66.6448
-66.5936
-66.5398
-66.4861
-66.4321
-66.3777
-66.2810
-66.2307
-66.1633
-58.7122
-58.6545
-58.5989
-58.5430
-58.4867
-58.4299
-58.3716
-58.3005
-58.2506
-58.1895
-58.1279
-58.0685
-58.0085
-65.6655
-65.6341
-65.6251
-65.6315
-65.6478
-65.6712
-65.7010
-65.7373
-65.7692
-65.8119
-65.8572
-65.9274
-65.9797
-65.9766
-66.0330
-67.3104
-67.2933
-67.2147
-67.1907
-67.1504
-66.5197
-66.4554
-66.4008
-66.3447
-66.2898
-66.1925
-66.1414
-66.0768
-66.0111
-58.5661
-58.5093
-58.4529
-58.3962
-58.3388
-58.2807
-58.2092
-58.1586
-58.0969
-58.0348
-57.9742
-57.9138
-57.8780
-65.5289
-65.5179
-65.5236
-65.5404
-65.5651
-65.5966
-65.6340
-65.6651
-65.7105
-65.7828
-65.8338
-65.8898
-65.8904
-67.3357
-67.3021
-67.2218
-67.1369
-67.1094
-67.0675
-66.4368
-66.3804
-66.3240
-66.2569
-66.1593
-66.1037
-66.0514
-65.9903
-65.9224
-58.4770
-58.4189
-58.3620
-58.3048
-58.2470
-58.1887
-58.1170
-58.0659
-58.0036
-57.9408
-57.8792
-57.8181
-57.7567
-65.4357
-65.4191
-65.4236
-65.4416
-65.4684
-65.5030
-65.5440
-65.5637
-65.6088
-65.6862
-65.7397
-65.7983
-68.8387
-67.2774
-67.2401
-67.1321
-67.0616
-67.0289
-66.9848
-66.3537
-66.2966
-66.2383
-66.1787
-66.0804
-66.0232
-65.9610
-65.9039
-65.8337
-58.3871
-58.3276
-58.2703
-58.2126
-58.1543
-58.0848
-58.0241
-57.9722
-57.9094
-57.8460
-57.7832
-57.7216
-57.6595
-65.3301
-65.3099
-65.3133
-65.3318
-65.3605
-65.3966
-65.4398
-65.4616
-65.5090
-65.5605
-65.6168
-68.9540
-68.8144
-68.5914
-67.1803
-67.0677
-67.0111
-66.9500
-66.9024
-66.8600
-66.2126
-66.1522
-66.0918
-66.0345
-65.9356
-65.8802
-65.8263
-65.7451
-65.6767
-58.2363
-58.1777
-58.1195
-58.0608
-57.9908
-57.9303
-57.8778
-57.8143
-57.7504
-57.6864
-57.6242
-57.5614
-65.2250
-65.1996
-65.2015
-65.2210
-65.2510
-65.2898
-65.3348
-65.3588
-65.4086
-65.4626
-68.8889
-68.9129
-68.7943
-68.5679
-68.4897
-67.0062
-66.9429
-66.8737
-66.8207
-66.7755
-66.1277
-66.0657
-66.0046
-65.9475
-65.8481
-65.7921
-65.7376
-65.6691
-65.5981
-58.1442
-58.0843
-58.0256
-57.9664
-57.8959
-57.8356
-57.7824
-57.7183
-57.6538
-57.5888
-57.5258
-57.4625
-65.1203
-65.0890
-65.0890
-65.1082
-65.1407
-65.1815
-65.2296
-65.2555
-65.3077
-69.5443
-68.8027
-68.8736
-68.7778
-68.5479
-68.4765
-66.9462
-66.8774
-66.7995
-66.7394
-66.6896
-66.0401
-65.9771
-65.8748
-65.8415
-65.8010
-65.6945
-65.6388
-65.5745
-65.5012
-58.0525
-57.9912
-57.9319
-57.8710
-57.8002
-57.7395
-57.6861
-57.6215
-57.5563
-57.4906
-57.4265
-57.3626
-57.3233
-64.9781
-64.9755
-64.9950
-65.0283
-65.0714
-65.1232
-65.1520
-69.5743
-69.4987
-68.6810
-68.8001
-68.7326
-68.5223
-68.4179
-68.2667
-66.8077
-66.7222
-66.6534
-66.5973
-66.5487
-65.8819
-65.7799
-65.7456
-65.7044
-65.6031
-65.5462
-65.4864
-65.4107
-65.3395
-57.8966
-57.8362
-57.7761
-57.7048
-57.6525
-57.5890
-57.5237
-57.4579
-57.3916
-57.3262
-57.2617
-57.1967
-64.8669
-64.8611
-64.8805
-64.9154
-64.9611
-65.0146
-69.5627
-69.5432
-69.5069
-68.6157
-68.7264
-68.7247
-68.4896
-68.3839
-68.2517
-66.7492
-66.6570
-66.5790
-66.5138
-66.4681
-65.7995
-65.6918
-65.6566
-65.6143
-65.5117
-65.4536
-65.3972
-65.3206
-65.2468
-57.8015
-57.7398
-57.6789
-57.6073
-57.5557
-57.4923
-57.4249
-57.3585
-57.2915
-57.2248
-57.1597
-57.0940
-64.7556
-64.7455
-64.7647
-64.8015
-64.8496
-69.5613
-69.5449
-69.5293
-69.4946
-68.5294
-68.6716
-68.6502
-68.5924
-68.3788
-68.2513
-68.0906
-66.5809
-66.5079
-66.4322
-66.3729
-65.7033
-65.6416
-65.5828
-65.5232
-65.4193
-65.3600
-65.3023
-65.2300
-65.1535
-57.7053
-57.6422
-57.5809
-57.5087
-57.4566
-57.3933
-57.3267
-57.2596
-57.1919
-57.1225
-57.0567
-56.9904
-64.6444
-64.6290
-64.6477
-64.6862
-69.6037
-69.5455
-69.5319
-69.5090
-69.4866
-68.4373
-68.5906
-68.6267
-68.5977
-68.4058
-68.2752
-68.0848
-66.5376
-66.4233
-66.3370
-66.2864
-65.6130
-65.5356
-65.4922
-65.4313
-65.3264
-65.2659
-65.2068
-65.1394
-65.0602
-57.6082
-57.5439
-57.4818
-57.4092
-57.3564
-57.2927
-57.2261
-57.1583
-57.0899
-57.0210
-56.9541
-56.8857
-64.5335
-64.5114
-64.5292
-69.6126
-69.5927
-69.5788
-69.5691
-69.5045
-69.4866
-68.3445
-68.5102
-68.6083
-68.6112
-68.4170
-68.2841
-68.1126
-67.9367
-66.3768
-66.2616
-66.1842
-66.0844
-65.4454
-65.4014
-65.3392
-65.2330
-65.1713
-65.1108
-65.0486
-64.9668
-64.8897
-57.4452
-57.3816
-57.3085
-57.2552
-57.1909
-57.1245
-57.0560
-56.9870
-56.9174
-56.8491
-56.7814
-56.7383
-64.4010
-69.6339
-69.6068
-69.5894
-69.5797
-69.5757
-69.5536
-69.5022
-68.2508
-68.4307
-68.5464
-68.6016
-68.4390
-68.3041
-68.1280
-67.9452
-67.7484
-66.2086
-66.1194
-65.9968
-65.3550
-65.2933
-65.2315
-65.1841
-65.0760
-65.0144
-64.9543
-64.8733
-64.7934
-57.3454
-57.2700
-57.2068
-57.1529
-57.0881
-57.0218
-56.9526
-56.8829
-56.8126
-56.7430
-56.6747
-56.6058
-69.6745
-69.6370
-69.6104
-69.5955
-69.5904
-69.5775
-69.5728
-69.5710
-68.1584
-68.3525
-68.4884
-68.6380
-68.5084
-68.3375
-68.1571
-67.9666
-67.7568
-66.1445
-66.0432
-65.9547
-65.2779
-65.1992
-65.1356
-65.0727
-64.9636
-64.9159
-64.8548
-64.7793
-64.6967
-57.2446
-57.1678
-57.1039
-57.0495
-56.9841
-56.9180
-56.8481
-56.7777
-56.7067
-56.6357
-56.5668
-69.7384
-69.6924
-69.6523
-69.6257
-69.6133
-69.6132
-69.6037
-69.6169
-69.6125
-68.0993
-68.3133
-68.4354
-68.6842
-68.5596
-68.3865
-68.2026
-68.0034
-67.7821
-67.5546
-65.9738
-65.8756
-65.8477
-65.1197
-65.0553
-64.9914
-64.8652
-64.8012
-64.7385
-64.6840
-64.5986
-64.5184
-57.0652
-56.9998
-56.9446
-56.8789
-56.8122
-56.7425
-56.6713
-56.5995
-56.5272
-69.8363
-69.7747
-69.7239
-69.6805
-69.6536
-69.6437
-69.6492
-69.6413
-69.6665
-69.6719
-68.0088
-68.2476
-68.4345
-68.7223
-68.6489
-68.4544
-68.2678
-68.0599
-67.8277
-67.5863
-65.8680
-65.8228
-65.7651
-65.0249
-64.9595
-64.8941
-64.7815
-64.7164
-64.6373
-64.5732
-64.4848
-64.4019
-56.9613
-56.8947
-56.8384
-56.7722
-56.7049
-56.6354
-56.5635
-56.4910
-69.8798
-69.8946
-69.8293
-69.7739
-69.7271
-69.6994
-69.6916
-69.7026
-69.6952
-69.7321
-69.7498
-67.9138
-68.1803
-68.3675
-68.8073
-68.7892
-68.5655
-68.3672
-68.1389
-67.8981
-67.6435
-67.3241
-65.7614
-65.6882
-64.9296
-64.8632
-64.7955
-64.6822
-64.6159
-64.5504
-64.4865
-64.4014
-64.2993
-56.8534
-56.7945
-56.7307
-56.6640
-56.5964
-56.5271
-56.4544
-69.8820
-69.9079
-69.9593
-69.9059
-69.8465
-69.7966
-69.7681
-69.7626
-69.7406
-69.7966
-69.8236
-69.8564
-67.8176
-68.0378
-68.4359
-68.8800
-68.9338
-68.7367
-68.4960
-68.2581
-67.9994
-67.7325
-67.4378
-67.2003
-65.6273
-65.5676
-64.7662
-64.6965
-64.5823
-64.5148
-64.4482
-64.3808
-64.3017
-64.2117
-64.0735
-56.6872
-56.6192
-56.5516
-56.4860
-56.4169
-69.8316
-69.8315
-69.8573
-69.9116
-69.9009
-69.8408
-69.7901
-69.7621
-69.7604
-69.8366
-69.9070
-69.9493
-70.0005
-67.7201
-67.9824
-68.4348
-68.9455
-69.2193
-69.3457
-68.7205
-68.4155
-68.1498
-67.8614
-67.5595
-67.3124
-65.5756
-65.4989
-64.6668
-64.5958
-64.4807
-64.4118
-64.3437
-64.2768
-64.2041
-64.1108
-63.9695
-56.5821
-56.5124
-56.4439
-56.3723
-69.9449
-69.9184
-69.9185
-69.9478
-70.0085
-70.0313
-69.9691
-69.9180
-69.8910
-69.8917
-69.8583
-69.9443
-70.0034
-70.0750
-67.5543
-67.8646
-68.3792
-68.9670
-69.4252
-69.6021
-69.7327
-68.6830
-68.4007
-67.9911
-67.7776
-67.4844
-67.1683
-65.4678
-64.5684
-64.4962
-64.4246
-64.3100
-64.2407
-64.1723
-64.1055
-64.0101
-63.8656
-56.4730
-56.4017
-56.3325
-70.1223
-70.0727
-70.0460
-70.0484
-70.0840
-70.1562
-70.2005
-70.1420
-70.0949
-70.0734
-69.7464
-70.1027
-70.1531
-70.2370
-70.3489
-67.4561
-67.8021
-68.4398
-69.1425
-69.6136
-69.8474
-70.0143
-70.0191
-69.9413
-68.2029
-68.0421
-67.7250
-67.3863
-65.4434
-65.3678
-64.3958
-64.3229
-64.2075
-64.1370
-64.0675
-63.9992
-63.9099
-63.7623
-63.7263
-56.2903
-70.3641
-70.2962
-70.2488
-70.2257
-70.2346
-70.2814
-70.3718
-70.4149
-70.3661
-70.3288
-70.3186
-69.8894
-70.3677
-70.4153
-70.5630
-70.7165
-67.3579
-67.7971
-68.6070
-69.4353
-70.0077
-70.3202
-70.4513
-70.5900
-70.2256
-69.2168
-69.3561
-68.1578
-67.7943
-67.3748
-65.3421
-64.2801
-64.2049
-64.0884
-64.0162
-63.9450
-63.8750
-63.7390
-63.6580
-63.6175
-70.6258
-70.5854
-70.5248
-70.4857
-70.4727
-70.4954
-70.5623
-70.6819
-70.6863
-70.6544
-70.6357
-70.6404
-70.0659
-70.6790
-70.8217
-71.0211
-71.2279
-67.2588
-67.8320
-68.8432
-69.9202
-70.5627
-70.8495
-71.4789
-71.3258
-70.6032
-69.7346
-69.9822
-70.1378
-68.5430
-68.1108
-65.4518
-64.1807
-64.1042
-63.9866
-63.9129
-63.8398
-63.7676
-63.6386
-63.5377
-70.9968
-70.9934
-70.9329
-70.8876
-70.8663
-70.8751
-70.9258
-71.0303
-71.1089
-71.1025
-71.0983
-71.1113
-69.6497
-70.5378
-71.2231
-71.4745
-71.7642
-72.0370
-67.1954
-67.9401
-69.2832
-70.7239
-71.1956
-72.3037
-72.3572
-72.3756
-69.7995
-70.4398
-70.9656
-71.4085
-71.3811
-71.5555
-69.8384
-65.6113
-64.0031
-63.8842
-63.8093
-63.7347
-63.6611
-63.5357
-71.4991
-71.3719
-71.4157
-71.3988
-71.2789
-71.2896
-71.3372
-71.4364
-71.6030
-71.8588
-72.2517
-72.7048
-73.2485
-69.8468
-70.9728
-72.2112
-73.3998
-74.5578
-74.7507
-67.0279
-68.3818
-70.2867
-71.9919
-77.8576
-73.3530
-70.4523
-71.6880
-72.7487
-73.7612
-75.0389
-63.9015
-63.7810
-63.7049
-63.6291
-63.5540
-71.7774
-71.7249
-71.8735
-71.8744
-71.9129
-71.9758
-72.0918
-72.2764
-72.5528
-72.4220
-72.8659
-73.3602
-73.8610
-74.3451
-70.2869
-71.8491
-76.6108
-66.9007
-69.2280
-71.8922
-74.5364
-71.6653
-73.7057
-77.2859
-64.9464
-64.7519
-63.7995
-63.6773
-63.6000
-63.5229
-72.1521
-72.2138
-72.1711
-72.4920
-72.7419
-72.9109
-73.1678
-73.5549
-74.1250
-74.9508
-76.3251
-77.9155
-69.3981
-71.3040
-57.3884
-66.7908
-72.1014
-65.7430
-73.9139
-79.2780
-66.7892
-64.7174
-64.4915
-63.6142
-63.4944
-72.6096
-72.6763
-72.7910
-72.9867
-73.2639
-73.6129
-74.0282
-73.7940
-74.6945
-75.9304
-77.4025
-70.1574
-57.2849
-57.2215
-64.8406
-65.1400
-65.5378
-70.7162
-68.5757
-64.6976
-64.4605
-63.5085
-73.1455
-73.2322
-73.3674
-73.2684
-73.8873
-74.1834
-75.0911
-75.9461
-73.7807
-75.1287
-76.9149
-58.0896
-73.4142
-67.7313
-57.3780
-57.1833
-57.1160
-66.5231
-72.1929
-56.8389
-56.7922
-64.8733
-65.3303
-72.9331
-71.6663
-72.4976
-73.6970
-75.6334
-68.3918
-64.4560
-74.3494
-75.4863
-76.2396
-77.3366
-74.5862
-76.5003
-78.5027
-77.0426
-78.6120
-73.7032
-76.0035
-58.0691
-57.9596
-57.8965
-57.9313
-57.8893
-57.7467
-57.6277
-57.3975
-57.2048
-57.0127
-56.9442
-56.8751
-56.8047
-56.7338
-56.6614
-64.5561
-65.0797
-65.7095
-71.0877
-73.3681
-75.3968
-77.5460
-77.0164
-78.3301
-74.6869
-76.6695
-73.2244
-79.0913
-66.2584
-65.9639
-57.9107
-57.7966
-57.7313
-57.7638
-57.7199
-57.5660
-57.3945
-57.1515
-56.9826
-56.8391
-56.7694
-56.6988
-56.6271
-56.5544
-56.4808
-64.7401
-65.5943
-70.0123
-73.3024
-76.6070
-76.2723
-67.8090
-67.6784
-67.6106
-67.8712
-66.4667
-66.1560
-65.8340
-57.7461
-57.6049
-57.5620
-57.5926
-57.5122
-57.3402
-57.1963
-56.9272
-56.7575
-56.6623
-56.5915
-56.5193
-56.4463
-56.3717
-64.2133
-65.4789
-73.2297
-77.5976
-74.0267
-68.2091
-68.0500
-67.8783
-67.6924
-67.4414
-67.2227
-66.9544
-66.7650
-66.4877
-66.1202
-65.6794
-57.5776
-57.4587
-57.4141
-57.4076
-57.3342
-57.1651
-56.9701
-56.7494
-56.5540
-56.4824
-56.4102
-56.3365
-56.2618
-56.1775
-65.3422
