-60.5842
-60.9714
-52.5426
-52.5880
-52.6341
-52.6773
-60.7764
-61.5503
-62.2889
-62.0768
-61.2705
-52.9672
-53.0246
-53.0772
-53.1262
-53.1765
-53.2343
-53.2961
-53.3533
-53.4091
-61.3308
-61.7650
-62.1746
-62.4217
-62.0874
-61.7410
-53.8184
-53.8826
-53.9408
-54.0010
-54.0645
-54.1274
-54.1945
-61.9873
-62.2218
-62.5153
-62.8090
-63.0621
-63.2399
-63.0853
-60.5161
-52.4018
-52.4484
-52.4955
-52.5407
-52.5885
-60.9022
-61.7728
-62.5764
-62.0094
-61.0567
-52.8809
-52.9383
-52.9896
-53.0390
-53.0964
-53.1548
-53.2129
-53.2706
-53.3243
-61.3860
-61.8514
-62.2346
-62.2446
-61.8925
-61.5419
-53.7437
-53.8069
-53.8656
-53.9285
-53.9922
-54.0572
-54.1235
-61.9783
-62.2706
-62.5997
-62.8688
-63.1272
-63.0611
-62.9225
-60.4575
-52.3081
-52.3545
-52.4026
-52.4470
-52.4955
-61.0718
-62.0816
-62.6989
-61.9148
-60.8083
-52.7937
-52.8512
-52.9055
-52.9548
-53.0115
-53.0703
-53.1286
-53.1868
-60.9973
-61.4780
-61.9230
-62.3658
-62.1060
-61.6855
-61.3671
-53.6696
-53.7287
-53.7896
-53.8544
-53.9185
-53.9856
-61.7701
-62.0148
-62.3386
-62.6646
-62.9402
-63.0265
-62.8468
-55.1264
-60.4256
-52.2125
-52.2596
-52.3083
-52.3561
-60.1735
-61.3773
-62.5166
-62.7611
-61.8200
-60.5490
-52.7095
-52.7650
-52.8165
-52.8662
-52.9257
-52.9848
-53.0435
-53.1004
-61.0459
-61.5991
-62.0656
-62.3964
-61.9182
-61.4739
-53.5273
-53.5926
-53.6511
-53.7147
-53.7799
-53.8457
-53.9134
-61.7575
-62.0793
-62.4049
-62.6968
-62.9740
-62.8316
-62.7138
-55.1330
-60.5227
-52.1157
-52.1644
-52.2153
-52.2609
-60.3268
-61.8527
-63.1236
-62.8743
-61.7577
-52.5623
-52.6205
-52.6758
-52.7263
-52.7791
-52.8389
-52.8984
-52.9577
-53.0137
-61.1655
-61.7278
-62.2552
-62.2227
-61.7063
-61.2486
-53.4507
-53.5115
-53.5738
-53.6394
-53.7049
-53.7727
-53.8343
-61.7659
-62.1229
-62.4838
-62.7822
-62.8555
-62.6443
-54.9234
-55.2383
-60.4220
-52.0182
-52.0678
-52.1188
-52.1605
-60.7421
-62.6612
-64.1178
-63.0116
-61.6601
-52.4711
-52.5276
-52.5849
-52.6350
-52.6909
-52.7513
-52.8129
-52.8721
-60.6823
-61.3254
-61.9267
-62.5306
-62.0360
-61.4758
-53.3055
-53.3727
-53.4325
-53.4968
-53.5570
-53.6233
-53.6923
-61.4897
-61.8440
-62.2547
-62.5781
-62.8816
-62.6452
-62.5009
-54.9286
-55.3428
-60.3155
-51.9207
-51.9729
-52.0214
-52.0671
-61.6534
-64.0027
-64.7885
-63.2537
-61.5536
-52.3802
-52.4376
-52.4925
-52.5446
-52.6038
-52.6647
-52.7255
-52.7849
-60.7994
-61.5088
-62.2296
-62.4796
-61.8294
-61.2186
-53.2270
-53.2894
-53.3469
-53.4130
-53.4797
-53.5481
-53.6173
-61.5461
-61.9495
-62.3585
-62.6891
-62.6909
-62.4403
-54.7410
-55.0572
-55.2427
-60.2090
-51.8252
-51.8786
-51.9224
-51.9690
-63.7746
-66.1648
-65.5651
-63.6980
-61.4529
-52.2868
-52.3481
-52.4005
-52.4530
-52.5148
-52.5764
-52.6371
-52.6964
-60.9732
-61.8039
-62.5821
-62.3193
-61.5844
-60.9005
-53.1409
-53.2018
-53.2669
-53.3347
-53.4017
-53.4722
-61.2495
-61.6486
-62.1143
-62.4825
-62.7735
-62.4625
-62.2838
-54.7447
-55.1439
-55.2338
-51.6770
-51.7290
-51.7798
-51.8228
-51.8697
-68.1104
-67.5321
-66.9775
-64.6578
-52.2141
-52.1947
-52.2550
-52.3072
-52.3629
-52.4253
-52.4875
-52.5488
-60.3641
-61.2815
-62.2490
-62.9144
-62.0697
-61.2627
-52.9911
-53.0588
-53.1205
-53.1874
-53.2556
-53.3248
-53.3955
-61.3217
-61.8160
-62.2577
-62.6281
-62.5372
-62.2847
-54.5379
-54.8810
-55.0435
-55.1651
-51.5783
-51.6280
-51.6745
-51.7218
-63.5586
-70.3365
-69.2099
-66.8530
-52.0435
-52.1013
-52.1606
-52.2132
-52.2719
-52.3343
-52.3959
-52.4582
-60.5365
-61.6650
-62.6994
-62.8165
-61.8474
-60.9407
-52.9090
-52.9721
-53.0386
-53.1073
-53.1758
-53.2471
-61.0020
-61.4580
-61.9938
-62.4764
-62.7172
-62.3415
-62.1130
-54.5402
-54.9268
-55.0235
-55.0459
-51.4759
-51.5265
-51.5726
-51.6201
-51.9465
-52.0073
-52.0639
-52.1165
-52.1782
-52.2412
-52.2981
-52.3608
-60.9988
-62.3589
-63.3587
-62.7146
-61.5858
-60.5721
-52.8258
-52.8887
-52.9567
-53.0264
-53.0963
-53.1686
-61.1342
-61.7220
-62.2533
-62.6803
-62.4591
-62.0846
-54.3217
-54.6654
-54.8303
-54.9535
-55.0010
-51.3719
-51.4209
-51.4714
-51.5200
-51.5690
-51.6213
-51.8474
-51.9105
-51.9650
-52.0139
-52.0784
-52.1419
-52.2063
-52.2632
-61.7968
-63.2609
-63.7939
-62.6129
-61.2614
-52.6717
-52.7372
-52.8049
-52.8747
-52.9515
-53.0241
-60.7956
-61.3285
-61.9681
-62.4832
-62.6402
-62.1795
-61.8865
-54.3225
-54.6859
-54.8094
-54.8333
-54.9814
-51.2659
-51.3175
-51.3674
-51.4148
-51.4605
-51.5141
-51.5743
-51.6888
-51.7416
-51.8061
-51.8603
-51.9190
-51.9841
-52.0485
-52.1096
-60.7543
-63.1104
-64.5163
-63.9164
-62.5110
-60.8287
-52.5931
-52.6590
-52.7283
-52.7999
-52.8707
-52.9444
-60.9054
-61.6190
-62.2635
-62.7588
-62.3578
-61.8900
-54.1263
-54.4663
-54.6632
-54.7350
-54.7701
-54.7605
-51.1589
-51.2098
-51.2550
-51.3032
-51.3568
-51.4125
-51.4733
-51.5282
-51.5777
-51.6438
-51.7060
-51.7610
-51.8232
-51.8886
-51.9549
-52.0156
-62.9023
-65.2508
-65.6537
-64.2796
-62.4931
-52.4378
-52.5055
-52.5749
-52.6452
-52.7165
-52.7892
-52.8633
-61.1752
-61.9649
-62.5953
-62.6270
-62.0480
-61.6593
-54.0974
-54.4573
-54.5822
-54.6074
-54.7570
-54.4537
-51.0437
-51.0976
-51.1482
-51.1980
-51.2520
-51.3098
-51.3713
-51.4243
-51.4780
-51.5450
-51.6052
-51.6607
-51.7269
-51.7932
-51.8559
-51.9251
-68.0282
-68.2049
-66.7155
-64.7703
-62.4025
-52.3517
-52.4186
-52.4884
-52.5605
-52.6322
-52.7074
-60.6707
-61.5930
-62.4060
-62.9919
-62.2926
-61.6617
-53.8934
-54.2836
-54.4323
-54.5085
-54.5841
-54.4960
-54.1957
-50.9354
-50.9899
-51.0396
-51.0914
-51.1462
-51.2061
-51.2687
-51.3192
-51.3774
-51.4450
-51.5033
-51.5619
-51.6294
-51.6921
-51.7607
-68.0465
-65.6829
-62.2926
-52.2599
-52.3310
-52.4023
-52.4751
-52.5485
-52.6240
-61.0789
-62.0895
-62.8413
-62.6574
-61.9080
-61.3788
-53.8642
-54.2308
-54.3824
-54.3759
-54.4616
-54.1632
-54.2393
-50.8259
-50.8810
-50.9311
-50.9837
-51.0393
-51.1013
-51.1620
-51.2129
-51.2759
-51.3436
-51.4009
-51.4635
-51.5315
-51.5957
-51.6685
-51.7316
-67.8901
-52.1033
-52.1704
-52.2418
-52.3144
-52.3874
-52.4606
-60.3831
-61.6871
-62.7454
-63.2422
-62.3221
-61.5035
-53.6624
-54.0538
-54.2043
-54.2821
-54.3596
-54.2021
-53.9533
-54.2952
-50.7152
-50.7694
-50.8207
-50.8749
-50.9317
-50.9965
-51.0541
-51.1055
-51.1735
-51.2396
-51.2977
-51.3634
-51.4279
-51.4978
-51.5697
-51.6351
-51.7073
-52.0060
-52.0789
-52.1482
-52.2193
-52.2941
-52.3718
-61.1451
-62.5904
-63.5866
-62.9728
-61.9186
-61.1364
-53.6264
-53.9992
-54.1279
-54.1561
-54.1889
-53.8681
-54.1016
-54.1521
-50.6032
-50.6579
-50.7092
-50.7650
-50.8252
-50.8894
-50.9450
-50.9995
-51.0704
-51.1347
-51.1935
-51.2629
-51.3308
-51.4055
-51.4714
-51.5369
-51.6124
-51.8381
-51.9064
-51.9806
-52.0551
-52.1303
-52.2075
-60.1310
-62.4317
-63.8831
-63.9904
-62.6413
-61.4173
-53.4260
-53.8436
-53.9712
-54.0260
-54.1385
-53.9353
-53.7911
-54.0764
-54.1005
-50.4893
-50.5445
-50.5963
-50.6538
-50.7161
-50.7810
-50.8349
-50.8948
-50.9667
-51.0305
-51.0922
-51.1586
-51.2344
-51.3053
-51.3704
-51.4403
-51.5166
-51.5880
-51.6589
-51.7373
-51.8138
-51.8889
-51.9646
-52.0403
-52.1200
-62.2707
-64.5830
-65.5276
-63.8798
-62.2045
-60.9330
-53.4459
-53.7713
-53.9017
-53.9309
-53.9431
-53.6232
-53.8988
-53.8745
-54.0729
-50.3755
-50.4297
-50.4829
-50.5428
-50.6058
-50.6725
-50.7259
-50.7909
-50.8630
-50.9232
-50.9842
-51.0564
-51.1326
-51.2024
-51.2684
-51.3429
-51.4193
-51.4901
-51.5650
-51.6438
-51.7204
-51.7967
-51.8733
-51.9516
-52.0316
-66.7458
-67.1469
-66.1552
-63.8824
-61.6362
-53.1880
-53.6379
-53.7411
-53.7716
-53.9272
-53.6053
-53.5874
-53.7958
-53.9209
-54.0472
-50.2597
-50.3136
-50.3719
-50.4312
-50.4969
-50.5596
-50.6138
-50.6839
-50.7538
-50.8142
-50.8798
-50.9570
-51.0298
-51.0986
-51.1661
-51.2444
-51.3197
-51.3912
-51.4701
-51.5491
-51.6263
-51.7039
-51.7811
-51.8620
-68.8876
-66.9988
-63.8000
-60.7026
-53.2032
-53.5284
-53.6600
-53.7163
-53.6844
-53.3711
-53.6655
-53.6924
-53.8450
-53.9708
-50.1446
-50.1980
-50.2563
-50.3172
-50.3847
-50.4453
-50.5012
-50.5757
-50.6433
-50.7006
-50.7747
-50.8523
-50.9258
-50.9938
-51.0659
-51.1451
-51.2192
-51.2933
-51.3742
-51.4534
-51.5318
-51.6102
-51.6894
-51.7715
-67.9963
-63.6874
-52.9407
-53.3670
-53.4969
-53.5295
-53.6373
-53.3719
-53.4057
-53.5361
-53.6621
-53.8148
-53.8678
-50.0253
-50.0809
-50.1400
-50.2030
-50.2710
-50.3299
-50.3908
-50.4664
-50.5312
-50.5932
-50.6720
-50.7465
-50.8195
-50.8880
-50.9649
-51.0442
-51.1177
-51.1960
-51.2774
-51.3572
-51.4332
-51.5120
-51.5940
-51.6765
-51.7584
-51.8519
-69.3301
-52.7587
-52.9550
-53.2826
-53.4158
-53.4738
-53.3711
-53.1085
-53.4496
-53.4781
-53.6326
-53.7362
-53.8146
-49.9065
-49.9614
-50.0225
-50.0875
-50.1562
-50.2131
-50.2795
-50.3557
-50.4145
-50.4891
-50.5640
-50.6396
-50.7118
-50.7815
-50.8630
-50.9411
-51.0119
-51.0942
-51.1759
-51.2566
-51.3371
-51.4169
-51.5011
-51.5839
-51.6675
-51.7493
-52.6886
-53.1181
-53.2343
-53.2776
-53.3419
-53.0093
-53.2642
-53.2677
-53.4237
-53.5772
-53.5824
-60.7866
-49.7847
-49.8405
-49.9036
-49.9704
-50.0380
-50.0949
-50.1670
-50.2364
-50.3010
-50.3794
-50.4554
-50.5320
-50.5999
-50.6744
-50.7568
-50.8335
-50.9112
-50.9948
-51.0771
-51.1590
-51.2398
-51.3225
-51.4071
-51.4914
-51.5756
-51.6573
-51.9668
-52.4589
-52.7166
-53.0225
-53.1583
-53.2450
-53.0759
-52.9399
-53.1543
-53.2619
-53.4162
-53.4969
-60.5898
-60.8293
-49.6616
-49.7194
-49.7832
-49.8522
-49.9179
-49.9758
-50.0535
-50.1208
-50.1883
-50.2652
-50.3423
-50.4191
-50.4901
-50.5696
-50.6519
-50.7282
-50.8100
-50.8941
-50.9773
-51.0601
-51.1413
-51.2270
-51.3176
-51.4039
-51.4881
-51.5963
-52.2335
-52.4201
-52.8763
-52.9797
-53.0235
-53.0687
-52.7620
-53.0133
-53.0450
-53.2526
-53.3341
-53.4155
-60.6376
-60.8614
-49.5370
-49.5971
-49.6618
-49.7328
-49.7935
-49.8558
-49.9314
-50.0050
-50.0754
-50.1527
-50.2314
-50.3073
-50.3792
-50.4636
-50.5446
-50.6219
-50.7077
-50.7925
-50.8823
-50.9656
-51.0494
-51.1353
-51.2229
-51.3099
-51.3937
-51.6809
-52.1944
-52.5039
-52.7624
-52.9247
-52.9889
-52.7538
-52.7402
-52.8775
-53.0120
-53.1684
-53.2017
-60.4326
-60.7110
-62.7216
-49.4082
-49.4700
-49.5368
-49.6087
-49.6705
-49.7351
-49.8154
-49.8867
-49.9611
-50.0395
-50.1194
-50.1941
-50.2709
-50.3565
-50.4414
-50.5229
-50.6095
-50.6955
-50.7810
-50.8645
-50.9512
-51.0383
-51.1273
-51.2140
-51.3239
-51.9639
-52.1530
-52.6113
-52.7489
-52.7623
-52.7880
-52.4331
-52.7322
-52.8182
-53.0012
-53.0846
-60.2087
-60.5330
-62.6272
-62.5954
-49.2804
-49.3447
-49.4136
-49.4863
-49.5462
-49.6164
-49.6989
-49.7671
-49.8451
-49.9300
-50.0108
-50.0849
-50.1670
-50.2526
-50.3322
-50.4178
-50.5051
-50.5924
-50.6782
-50.7633
-50.8510
-50.9409
-51.0309
-51.1168
-51.4061
-51.9225
-52.2342
-52.5384
-52.6344
-52.7501
-52.4458
-52.5589
-52.5942
-52.7557
-52.9148
-52.9996
-60.3454
-60.5098
-62.5376
-62.4899
-49.1513
-49.2179
-49.2888
-49.3595
-49.4170
-49.5016
-49.5818
-49.6527
-49.7331
-49.8148
-49.8947
-49.9696
-50.0568
-50.1412
-50.2223
-50.3113
-50.3998
-50.4882
-50.5741
-50.6620
-50.7508
-50.8426
-50.9320
-51.0440
-51.6867
-51.8784
-52.3390
-52.4538
-52.5188
-52.4792
-52.1721
-52.4680
-52.5811
-52.7344
-52.8211
-60.1265
-60.3608
-62.6024
-62.4666
-62.5283
-49.0209
-49.0943
-49.1674
-49.2363
-49.2971
-49.3851
-49.4589
-49.5336
-49.6148
-49.6983
-49.7770
-49.8563
-49.9454
-50.0284
-50.1138
-50.2034
-50.2934
-50.3822
-50.4686
-50.5586
-50.6506
-50.7436
-50.8326
-51.1233
-51.6428
-58.4120
-52.2695
-52.3103
-52.4233
-52.0489
-52.3089
-52.3486
-52.5597
-52.6469
-52.7582
-60.2210
-62.6883
-62.5027
-62.4969
-62.2189
-48.8958
-48.9653
-49.0400
-49.1039
-49.1774
-49.2631
-49.3343
-49.4129
-49.4958
-49.5803
-49.6578
-49.7424
-49.8314
-49.9143
-50.0039
-50.0947
-50.1862
-50.2747
-50.3640
-50.4545
-50.5492
-50.6415
-50.7519
-51.3968
-51.5892
-58.2845
-58.4534
-58.6033
-58.7728
-51.9967
-52.1417
-52.3320
-52.4688
-52.5578
-60.0817
-62.6082
-62.6284
-62.5212
-62.4660
-60.9571
-48.7638
-48.8348
-48.9072
-48.9730
-49.0526
-49.1360
-49.2079
-49.2905
-49.3751
-49.4590
-49.5369
-49.6269
-49.7146
-49.7999
-49.8919
-49.9845
-50.0766
-50.1617
-50.2534
-50.3471
-50.4417
-50.5333
-50.8011
-51.3478
-58.1019
-58.2439
-58.3950
-58.5665
-51.7756
-52.0583
-52.1006
-52.2890
-52.3791
-59.8830
-62.5368
-62.7294
-62.6365
-62.5573
-62.2394
-53.0736
-48.6296
-48.7024
-48.7755
-48.8431
-48.9258
-49.0064
-49.0815
-49.1656
-49.2521
-49.3348
-49.4169
-49.5095
-49.5927
-49.6823
-49.7754
-49.8686
-49.9604
-50.0506
-50.1443
-50.2412
-50.3368
-50.4284
-57.7767
-57.8926
-58.0313
-58.1828
-58.3404
-58.5169
-58.6806
-58.8656
-59.0231
-59.1768
-59.6565
-62.4728
-62.9398
-62.9067
-62.7528
-62.4705
-60.7098
-52.7463
-48.4923
-48.5641
-48.6416
-48.7072
-48.7963
-48.8743
-48.9537
-49.0363
-49.1246
-49.2063
-49.2941
-49.3852
-49.4718
-49.5655
-49.6605
-49.7564
-49.8477
-49.9411
-50.0369
-50.1360
-50.2307
-57.5818
-57.6835
-57.7927
-57.9667
-58.1260
-58.3048
-58.4708
-58.6500
-58.8275
-58.9853
-59.1441
-59.7708
-63.4230
-63.5161
-63.1623
-62.6498
-61.5726
-52.6460
-52.6851
-48.3494
-48.4264
-48.4996
-48.5719
-48.6625
-48.7383
-48.8206
-48.9082
-48.9965
-49.0782
-49.1718
-49.2631
-49.3529
-49.4485
-49.5461
-49.6417
-49.7336
-49.8301
-49.9292
-50.0290
-50.1220
-57.4768
-57.5996
-57.7469
-57.9071
-58.0880
-58.2571
-58.4504
-58.6473
-58.8101
-58.9698
-59.5680
-64.3119
-64.3076
-63.7975
-63.0205
-62.6373
-52.5177
-52.4589
-52.7000
-48.2058
-48.2880
-48.3585
-48.4374
-48.5259
-48.6025
-48.6898
-48.7798
-48.8671
-48.9526
-49.0496
-49.1396
-49.2336
-49.3309
-49.4307
-49.5253
-49.6205
-49.7186
-49.8206
-49.9180
-57.2756
-57.3829
-57.5405
-57.7007
-57.8693
-58.0568
-58.2324
-58.4369
-58.6100
-58.7743
-58.9389
-66.2712
-66.7173
-64.9091
-63.8043
-63.0972
-61.8380
-52.2607
-52.4770
-52.6408
-48.0627
-48.1463
-48.2167
-48.3022
-48.3883
-48.4689
-48.5573
-48.6498
-48.7360
-48.8275
-48.9241
-49.0146
-49.1126
-49.2127
-49.3126
-49.4066
-49.5057
-49.6103
-49.7125
-49.8086
-57.1842
-57.3152
-57.4726
-57.6427
-57.8330
-58.0118
-58.2084
-58.4055
-58.5748
-58.7402
-68.4615
-65.2805
-63.9994
-62.0680
-59.7273
-52.2708
-52.4389
-52.6500
