-50.0792
-49.9514
-49.8077
-49.6618
-49.5143
-49.3651
-49.2133
-49.0587
-48.9024
-48.7451
-48.5835
-48.4113
-48.2448
-48.0749
-47.9008
-47.7247
-47.5491
-47.3716
-47.1907
-47.0063
-46.7160
-46.5321
-46.3444
-46.1563
-45.9672
-45.7757
-45.6707
-45.6368
-45.6297
-45.4683
-45.4780
-45.4440
-45.4020
-45.2415
-45.0103
-44.8056
-44.5401
-44.1506
-43.7719
-43.3833
-50.0312
-49.9023
-49.7568
-49.6090
-49.4592
-49.3085
-49.1555
-49.0002
-48.8427
-48.6827
-48.5105
-48.1799
-48.0181
-47.8557
-47.6901
-47.5210
-47.3484
-47.1733
-46.9962
-46.8164
-46.6331
-46.4454
-46.2554
-46.0684
-45.8703
-45.6718
-45.4740
-45.2683
-45.2479
-45.1560
-45.1590
-45.0371
-44.9944
-44.9200
-44.8109
-44.6924
-44.4807
-44.1555
-43.7510
-43.3853
-49.9859
-49.8553
-49.4526
-49.3137
-49.1733
-49.0300
-48.8844
-48.7380
-48.5899
-48.4372
-48.2737
-48.1153
-47.9532
-47.7892
-47.6216
-47.4508
-47.2781
-47.1021
-46.9224
-46.7381
-46.5516
-46.3626
-46.1748
-45.9768
-45.7767
-45.5746
-45.3701
-45.1623
-44.9524
-44.7562
-44.7746
-44.6971
-44.5680
-44.5600
-44.4831
-44.4158
-44.3367
-44.0394
-43.7561
-43.4058
-49.6636
-49.5430
-49.4067
-49.2675
-49.1254
-48.9803
-48.8325
-48.6838
-48.5334
-48.3785
-48.2135
-48.0537
-47.8906
-47.7244
-47.5544
-47.3815
-47.2059
-47.0259
-46.8452
-46.6633
-46.4743
-46.2800
-46.0887
-45.8898
-45.6862
-45.4765
-45.2672
-45.0575
-44.8414
-44.6229
-44.3990
-44.3104
-44.2234
-44.2849
-44.0808
-44.0599
-44.0326
-43.9202
-43.6519
-43.3795
-49.6331
-49.4990
-49.3627
-49.2236
-49.0813
-48.9356
-48.7864
-48.6348
-48.4808
-48.3159
-48.1567
-47.9938
-47.8280
-47.6601
-47.4888
-47.3141
-47.1363
-46.9538
-46.7684
-46.5794
-46.3926
-46.2051
-46.0960
-45.8856
-45.6727
-45.4582
-45.2384
-45.0149
-44.7937
-44.5668
-44.3345
-44.1000
-43.8558
-43.8300
-43.7836
-43.5779
-43.5950
-43.5832
-43.4361
-43.3076
-49.5907
-49.4556
-49.3182
-49.1781
-49.0351
-48.8895
-48.7409
-48.5905
-48.4349
-48.2674
-48.1151
-48.1039
-47.9289
-47.7501
-47.5677
-47.3840
-47.1963
-47.0048
-46.8099
-46.6105
-46.4090
-46.2125
-46.0091
-45.8022
-45.5875
-45.3655
-45.1406
-44.9146
-44.6859
-44.4532
-44.2188
-43.9778
-43.7326
-43.4828
-43.3019
-43.2670
-43.1853
-43.0642
-43.0405
-43.0128
-49.7672
-49.6183
-49.5295
-49.3766
-49.2215
-49.0647
-48.9052
-48.7438
-48.5787
-48.4015
-48.2300
-48.0551
-47.8782
-47.6975
-47.5136
-47.3278
-47.1372
-46.9430
-46.7464
-46.5458
-46.3412
-46.1379
-45.9297
-45.7177
-45.5026
-45.2836
-45.0568
-44.8217
-44.5825
-44.3478
-44.1070
-43.8599
-43.6091
-43.3521
-43.0937
-42.8335
-42.6766
-42.6246
-42.5437
-42.5090
-49.7420
-49.5939
-49.4433
-49.2901
-49.1328
-48.9729
-48.8115
-48.6456
-48.4687
-48.2982
-48.1247
-47.9489
-47.7695
-47.5876
-47.4015
-47.2119
-47.0174
-46.8202
-46.6199
-46.4151
-46.2795
-46.0693
-45.8544
-45.6389
-45.4186
-45.1955
-44.9682
-44.7366
-44.4970
-44.2486
-44.0007
-43.7530
-43.4976
-43.2360
-42.9689
-42.6983
-42.4303
-42.0954
-42.1075
-42.0880
-49.7166
-49.5642
-49.4096
-49.2562
-49.1005
-48.9420
-48.7817
-48.6163
-48.4380
-48.2664
-48.0916
-47.9146
-47.7342
-47.5504
-47.3651
-47.1764
-46.9835
-46.7851
-46.5824
-46.3749
-46.1707
-45.9567
-45.7371
-45.5138
-45.2906
-45.0618
-44.8266
-44.5900
-44.3487
-44.0999
-43.8430
-43.5856
-43.3211
-43.0545
-42.7822
-42.5013
-42.2162
-41.9315
-41.6038
-41.5006
-49.6932
-49.5412
-49.3869
-49.2299
-49.0703
-48.9079
-48.7438
-48.5793
-48.4026
-48.2323
-48.0590
-47.8810
-47.6992
-47.5142
-47.3263
-47.1364
-46.9424
-46.7454
-46.5440
-46.3442
-46.1322
-45.9155
-45.6933
-45.4685
-45.2379
-45.0066
-44.7720
-44.5323
-44.2840
-44.0319
-43.7765
-43.5152
-43.2498
-42.9772
-42.6968
-42.4107
-42.1207
-41.8316
-41.4726
-41.1984
-49.6673
-49.5161
-49.3619
-49.2048
-49.0454
-48.8847
-48.7190
-48.5408
-48.3693
-48.1947
-48.0179
-47.8412
-47.6608
-47.4769
-47.2898
-47.0971
-46.9009
-46.7025
-46.5001
-46.2991
-46.0886
-45.8737
-45.6536
-45.4258
-45.1923
-44.9540
-44.7164
-44.4733
-44.2238
-43.9700
-43.7088
-43.4402
-43.1711
-42.9001
-42.6187
-42.3270
-42.0304
-41.7295
-41.4288
-41.0660
-49.8535
-49.5795
-49.3280
-49.1732
-49.0156
-48.8559
-48.6900
-48.5117
-48.3408
-48.1669
-47.9896
-47.8085
-47.6236
-47.4351
-47.2452
-47.0537
-46.8581
-46.6585
-46.4559
-46.2544
-46.0424
-45.8258
-45.6037
-45.3774
-45.1464
-44.9096
-44.6648
-44.4168
-44.1653
-43.9078
-43.6427
-43.3732
-43.0974
-42.8144
-42.5305
-42.2438
-41.9445
-41.6353
-41.3223
-41.0065
-50.0685
-49.9186
-49.7907
-49.5615
-49.2554
-48.9743
-48.6880
-48.4631
-48.2948
-48.1236
-47.9475
-47.7676
-47.5841
-47.3973
-47.2069
-47.0113
-46.8113
-46.6068
-46.4069
-46.2002
-45.9896
-45.7743
-45.5518
-45.3237
-45.0909
-44.8518
-44.6086
-44.3588
-44.1072
-43.8461
-43.5779
-43.3064
-43.0253
-42.7358
-42.4046
-42.1108
-41.8069
-41.4955
-41.1729
-40.8492
-50.0359
-49.8853
-49.7322
-49.5769
-49.4207
-49.2590
-49.0944
-48.9403
-48.6959
-48.3495
-48.0266
-47.7495
-47.5430
-47.3576
-47.1689
-46.9740
-46.7408
-46.5368
-46.3345
-46.1199
-45.9013
-45.6791
-45.4556
-45.2283
-44.9953
-44.7564
-44.5079
-44.2545
-43.9946
-43.7330
-43.4644
-43.1876
-42.9019
-42.6074
-42.3097
-42.0045
-41.6940
-41.3778
-41.0506
-40.7167
-50.5135
-50.2636
-50.0108
-49.7556
-49.4745
-49.2375
-49.0109
-48.8430
-55.1210
-54.9438
-54.7639
-54.5809
-54.3958
-54.2118
-54.0219
-53.8301
-46.6841
-46.4882
-46.2813
-46.0679
-45.8496
-45.6263
-45.3994
-45.1652
-44.9252
-44.6817
-44.4345
-44.1815
-43.9215
-43.6519
-43.3814
-43.1057
-42.8210
-42.5253
-42.2237
-41.9099
-41.5983
-41.2753
-40.9409
-40.5995
-50.5998
-50.4219
-50.2640
-50.0601
-49.8993
-49.7357
-49.5067
-49.1899
-55.1604
-54.9793
-54.7951
-54.6070
-54.4162
-54.2258
-54.0286
-53.8282
-53.6249
-53.4528
-53.2439
-53.0331
-45.8122
-45.5658
-45.3387
-45.1078
-44.8719
-44.6271
-44.3759
-44.1168
-43.8512
-43.5789
-43.3043
-43.0264
-42.7376
-42.4447
-42.1426
-41.8291
-41.5061
-41.1801
-40.8417
-40.4930
-50.5737
-50.4192
-50.2621
-50.0981
-49.9352
-49.7695
-49.5874
-49.3921
-55.2327
-55.0490
-54.8559
-54.6651
-54.4714
-54.2774
-54.0760
-53.8707
-53.6615
-53.4841
-53.2668
-53.0463
-52.8216
-52.5925
-52.3594
-52.1346
-51.8940
-44.5618
-44.3122
-44.0563
-43.7910
-43.5177
-43.2372
-42.9479
-42.6538
-42.3572
-42.0527
-41.7377
-41.4113
-41.0796
-40.7417
-40.3936
-50.5057
-50.3514
-50.1949
-50.0377
-49.8752
-49.7206
-49.5536
-49.3834
-55.3196
-55.1357
-54.9484
-54.7564
-54.5614
-54.3661
-54.1628
-53.9554
-53.7813
-53.5614
-53.3404
-53.1153
-52.8848
-52.6484
-52.4067
-52.1727
-51.9175
-51.6569
-51.3916
-51.1210
-50.8497
-50.5745
-43.1652
-42.8755
-42.5806
-42.2782
-41.9691
-41.6501
-41.3210
-40.9820
-40.6380
-40.2874
-50.4590
-50.3054
-50.1516
-49.9915
-49.8287
-49.6488
-49.4812
-49.3107
-55.2172
-55.0714
-54.9232
-54.7734
-54.6169
-54.4669
-54.2738
-54.0671
-53.8961
-53.6800
-53.4479
-53.2232
-52.9928
-52.7555
-52.5257
-52.2770
-52.0166
-51.7498
-51.4765
-51.1934
-50.9061
-50.6142
-50.3015
-50.0114
-49.7030
-49.3908
-41.8891
-41.5712
-41.2431
-40.8998
-40.5431
-40.1808
-50.2618
-50.1818
-50.0767
-49.9409
-49.7777
-49.5975
-49.4292
-49.2586
-55.0779
-54.9311
-54.7815
-54.6304
-54.4811
-54.3257
-54.1682
-54.0497
-53.8887
-53.7251
-53.5609
-53.3718
-53.1443
-52.9098
-52.6859
-52.4378
-52.1793
-51.9145
-51.6359
-51.3569
-51.0686
-50.7739
-50.4562
-50.1582
-49.8368
-49.5048
-49.1618
-48.8081
-48.4449
-48.0741
-47.6999
-40.0826
-49.9769
-49.8255
-49.6922
-49.5317
-49.3549
-49.0220
-48.8861
-48.7232
-48.5337
-48.4368
-54.0728
-53.9460
-53.8195
-53.6864
-53.5438
-53.4421
-53.3004
-53.1554
-53.0085
-52.8566
-52.7025
-52.5603
-52.4147
-52.5526
-52.3643
-52.1247
-51.8520
-51.5806
-51.3001
-50.9965
-50.7187
-50.4159
-50.1026
-49.7782
-49.4408
-49.0907
-48.7266
-48.3470
-47.9428
-47.5284
-49.8856
-49.7333
-49.5742
-49.4124
-49.2344
-49.0683
-48.8992
-48.7272
-48.5521
-48.3738
-48.2414
-48.0562
-47.8684
-54.0857
-53.9216
-53.7971
-53.6287
-53.4576
-53.2853
-53.1078
-52.9305
-52.7707
-52.5879
-52.3965
-52.2034
-52.0072
-51.7997
-51.5998
-51.4011
-51.1838
-51.0014
-50.7455
-50.4512
-50.1474
-49.8342
-49.5112
-49.1780
-48.8339
-48.4700
-48.1031
-56.9855
-56.8510
-56.6962
-56.5388
-55.4407
-55.3229
-48.6919
-48.5278
-48.3601
-48.1892
-48.0143
-47.8357
-47.6548
-54.6994
-54.6856
-54.6375
-54.6162
-54.6379
-52.7976
-52.6329
-52.4913
-52.3250
-52.1513
-51.9695
-51.7828
-51.5827
-51.3944
-51.2021
-50.9922
-50.8159
-50.6215
-50.4256
-50.2283
-50.0301
-49.8327
-49.6369
-49.4425
-49.2423
-48.9965
-48.7078
-57.2430
-57.1054
-56.9666
-55.8588
-55.7540
-55.6482
-55.5411
-55.4330
-55.3274
-55.2249
-55.1205
-55.0230
-54.9250
-54.8333
-54.8057
-54.7408
-54.6988
-54.6950
-54.7444
-54.8930
-55.2626
-55.8857
-59.0423
-52.1095
-51.8948
-51.6652
-51.4532
-51.2386
-51.0082
-50.8107
-50.5950
-50.3780
-50.1589
-49.9396
-49.7210
-49.5042
-49.2796
-49.0722
-48.8720
-48.6811
-57.4746
-57.3448
-57.2142
-56.1420
-56.0445
-55.9462
-55.8474
-55.7483
-55.6777
-55.9264
-55.8497
-55.7859
-55.7270
-55.7500
-55.7669
-55.8706
-56.1169
-58.9300
-60.0100
-51.9565
-51.7313
-51.4959
-51.2734
-51.0334
-50.8285
-50.6045
-50.3781
-50.1490
-49.9177
-49.6852
-49.4524
-49.2202
-48.9799
-48.7541
-48.5256
-48.3008
-58.0071
-57.9010
-57.7969
-57.5960
-57.5019
-57.4128
-57.3303
-57.2570
-57.1964
-57.1504
-57.1274
-57.1428
-57.1941
-57.4104
-57.6338
-58.0167
-58.6666
-59.7806
-61.6035
-51.5500
-51.3228
-51.0927
-50.8457
-50.6306
-50.3962
-50.1582
-49.9161
-49.6713
-49.4240
-49.1746
-48.9086
-48.6479
-48.3867
-48.1262
-47.8687
-57.7560
-57.6351
-57.4180
-57.3007
-57.1856
-57.0670
-56.9503
-56.8374
-56.7302
-56.6293
-56.5401
-56.4742
-56.5059
-56.4979
-56.5496
-56.7044
-57.0601
-57.8341
-59.7226
-62.6492
-51.3815
-51.1459
-50.8895
-50.6700
-50.4300
-50.1857
-49.9359
-49.6816
-49.4231
-49.1601
-48.8864
-48.5969
-48.3138
-48.0271
-47.7374
-47.4462
-55.7639
-55.6164
-55.4050
-55.2560
-55.1045
-54.9508
-54.7945
-54.6362
-54.4755
-54.3127
-54.1482
-53.9861
-53.8648
-53.6977
-53.5306
-53.3654
-53.1784
-52.9804
-52.7843
-52.5747
-52.0688
-51.8575
-51.6371
-51.4122
-51.1825
-50.9306
-50.7120
-50.4711
-50.2247
-49.9718
-49.7124
-49.4469
-49.1756
-48.8936
-48.5922
-48.2951
-47.9906
-47.6793
-47.3609
-47.0360
-49.5063
-49.3479
-49.1721
-49.0091
-48.8432
-48.6744
-48.5025
-48.3275
-48.1497
-47.9687
-47.7853
-47.5972
-53.7535
-53.5609
-53.1603
-52.9572
-52.7640
-52.5675
-52.3724
-52.1640
-51.9525
-51.7331
-51.5074
-51.2767
-51.0417
-50.7820
-50.5571
-50.3088
-50.0541
-49.7914
-49.5219
-49.2454
-48.9605
-48.6625
-48.3470
-48.0327
-47.7090
-47.3752
-47.0782
-46.7209
-49.4900
-49.3299
-49.0786
-48.8647
-48.6478
-48.4532
-48.2802
-48.1041
-47.9247
-47.7421
-47.5570
-53.6521
-53.4704
-53.2848
-53.0949
-52.9009
-52.7018
-52.5143
-52.3038
-52.0913
-51.8724
-51.6460
-51.4146
-51.1781
-50.9179
-50.6909
-50.4424
-50.1872
-49.9241
-49.6535
-49.3756
-49.0899
-48.7930
-48.4753
-48.1591
-47.8328
-40.5313
-40.0878
-39.7083
-39.3191
-49.2566
-49.0808
-48.9186
-48.7545
-48.5383
-48.3684
-48.1954
-48.0441
-47.8648
-47.6574
-47.4723
-53.5937
-53.4098
-53.2218
-53.0298
-52.8337
-52.6353
-52.4446
-52.2319
-52.0155
-51.7877
-51.5586
-51.3244
-51.0857
-50.8223
-50.5951
-50.3436
-50.0855
-43.0317
-42.6933
-42.3978
-42.0936
-41.7789
-41.4570
-41.1235
-40.7787
-40.4223
-40.0533
-39.6715
-39.2766
-49.1806
-49.0056
-48.8434
-48.6785
-48.5093
-48.3382
-48.1640
-47.9868
-47.8062
-47.6226
-47.4225
-47.1576
-46.9135
-53.1684
-52.9754
-52.7773
-52.6019
-52.3915
-52.1765
-45.3384
-45.0315
-44.7691
-44.5272
-44.2757
-44.0268
-43.7680
-43.5026
-43.2298
-42.9487
-42.6594
-42.3615
-42.0546
-41.7382
-41.4159
-41.0836
-40.7417
-40.3903
-40.0269
-39.6492
-39.2576
-49.1249
-48.8994
-48.6867
-48.4464
-48.2280
-48.0564
-47.8821
-47.7025
-47.5220
-47.3389
-47.1623
-46.9716
-46.7023
-46.4787
-46.2770
-46.0725
-45.8680
-45.6523
-45.4300
-45.2040
-44.9726
-44.7357
-44.4932
-44.2411
-43.9914
-43.7320
-43.4661
-43.1926
-42.9119
-42.6236
-42.3296
-42.0249
-41.7144
-41.3931
-41.0608
-40.7184
-40.3685
-40.0090
-39.6377
-39.2529
-48.8492
-48.6891
-48.5263
-48.3360
-48.0934
-47.9218
-47.7479
-47.5711
-47.3913
-47.2090
-47.0329
-46.8429
-46.6491
-46.4511
-46.2477
-46.0500
-45.8370
-45.6201
-45.3971
-45.1704
-44.9386
-44.7011
-44.4541
-44.2110
-43.9591
-43.7020
-43.4377
-43.1667
-42.8880
-42.6022
-42.3066
-42.0012
-41.6938
-41.3774
-41.0500
-40.7110
-40.3630
-40.0079
-39.6386
-39.2595
-48.7228
-48.5632
-48.4008
-48.2357
-48.0676
-47.8966
-47.7225
-47.5442
-47.3629
-47.1904
-54.7627
-55.0903
-55.8806
-57.8953
-62.7010
-45.8149
-45.5968
-45.3711
-45.1448
-44.9133
-44.6772
-44.4365
-44.1903
-43.9387
-43.6808
-43.4153
-43.1459
-42.8702
-42.5876
-42.2938
-41.9938
-41.6846
-41.3682
-41.0429
-40.7103
-40.3710
-40.0189
-39.6478
-39.2729
-48.6974
-48.5364
-48.3725
-55.5093
-55.4317
-55.3866
-55.3814
-55.4271
-55.5454
-55.8589
-56.2634
-56.9531
-58.1362
-60.1091
-63.3081
-45.3508
-45.1233
-44.8906
-44.6494
-44.4150
-44.1715
-43.9225
-43.6663
-43.4044
-43.1356
-42.8597
-42.5742
-42.2846
-41.9877
-41.6861
-41.3762
-41.0514
-40.7146
-40.3789
-40.0375
-39.6808
-39.3115
-56.1803
-56.1198
-56.0773
-56.0567
-56.0634
-56.1049
-56.1924
-56.3410
-56.6738
-57.0582
-57.6172
-58.4436
-59.6404
-61.2487
-45.3298
-45.1054
-44.8760
-44.6430
-44.4043
-44.1608
-43.9116
-43.6554
-43.3936
-43.1256
-42.8541
-42.5737
-42.2880
-41.9905
-41.6843
-41.3801
-41.0683
-40.7450
-40.4102
-40.0660
-39.7148
-39.3592
-56.6120
-56.5951
-56.5983
-56.6266
-56.6862
-56.7862
-56.9372
-57.1568
-57.6026
-58.0573
-58.6774
-59.4405
-60.5735
-61.8655
-45.5400
-45.3189
-45.0926
-44.8571
-44.6304
-44.3930
-44.1505
-43.9023
-43.6507
-43.3930
-43.1261
-42.8489
-42.5683
-42.2895
-42.0050
-41.7075
-41.4021
-41.0907
-40.7723
-40.4464
-40.1093
-39.7591
-39.4075
-57.0644
-57.0799
-57.1181
-57.1837
-57.0999
-57.0283
-56.9729
-56.9434
-57.0770
-57.1543
-57.3326
-57.7022
-58.4887
-60.4059
-45.7236
-45.5264
-45.3067
-45.0741
-44.8536
-44.6208
-44.3906
-44.1516
-43.9016
-43.6468
-43.3894
-43.1306
-42.8623
-42.5872
-42.3061
-42.0214
-41.7296
-41.4312
-41.1274
-40.8106
-40.4861
-40.1557
-39.8230
-39.4802
-57.0386
-56.9006
-56.7732
-56.6317
-56.4887
-56.3443
-56.1976
-56.1420
-56.0048
-55.8406
-55.6715
-55.4920
-55.3066
-55.0805
-46.1134
-60.7455
-45.3041
-45.0749
-44.8549
-44.6214
-44.3843
-44.1459
-43.9060
-43.6604
-43.4053
-43.1403
-42.8753
-42.6054
-42.3301
-42.0489
-41.7605
-41.4661
-41.1631
-40.8546
-40.5438
-40.2224
-39.8925
-39.5588
