-61.1063
-59.6465
-59.6338
-59.6641
-60.1222
-60.2046
-60.2539
-60.1121
-59.7009
-59.1976
-59.2274
-59.2584
-59.2908
-59.3094
-59.2899
-59.4138
-62.3850
-64.0734
-66.1705
-52.3472
-52.3259
-52.3014
-58.7076
-58.3832
-58.3678
-58.3517
-59.9308
-56.4961
-55.5530
-58.1232
-58.1156
-58.1519
-60.2190
-61.1029
-62.1408
-59.6264
-59.6142
-59.6392
-59.6743
-60.1993
-60.3038
-60.3235
-60.1616
-59.9638
-59.4755
-59.5103
-59.3518
-59.3868
-59.3910
-61.1416
-61.6682
-63.2807
-64.0099
-52.5077
-52.5121
-58.9187
-58.7966
-58.7432
-60.2831
-60.3749
-58.2887
-55.5764
-58.2356
-58.2290
-58.2800
-60.2966
-60.9310
-61.6666
-62.4760
-64.5382
-56.3581
-59.5792
-59.6276
-60.1262
-60.2843
-60.3970
-60.4054
-60.2127
-59.4907
-59.5247
-59.5655
-59.6075
-61.4302
-61.6105
-61.6526
-61.3310
-62.0476
-62.1245
-62.1062
-62.3691
-62.7143
-62.6595
-52.6360
-59.4928
-59.4514
-58.9689
-58.8745
-60.5107
-60.5816
-58.6445
-55.7094
-55.7090
-58.5671
-60.2195
-60.3682
-60.8610
-61.4327
-61.7305
-61.7207
-61.7052
-56.3904
-56.4131
-56.4585
-56.7403
-60.3921
-60.4932
-60.4936
-60.2466
-59.5256
-59.5741
-59.6223
-61.3682
-61.3761
-61.2935
-61.1741
-61.7336
-61.6690
-61.5931
-61.3461
-60.6868
-52.7196
-52.7234
-59.2068
-59.6509
-59.5186
-60.4895
-60.6137
-60.7055
-58.7804
-58.7356
-55.7446
-55.7679
-60.4105
-60.7641
-61.1813
-61.5825
-61.4537
-60.9489
-60.7056
-60.3015
-59.6884
-56.4510
-56.5028
-56.8635
-56.9473
-56.9887
-57.0160
-60.2768
-59.5561
-61.0802
-61.0793
-61.0639
-61.0009
-60.8554
-60.6908
-61.1395
-60.9676
-60.7375
-60.4812
-52.9012
-59.3195
-59.3501
-59.3924
-59.3881
-60.7887
-60.2548
-58.6663
-58.8254
-58.7906
-55.7288
-55.7650
-60.5047
-60.8296
-61.2038
-61.2145
-61.0281
-60.7734
-60.4147
-59.9176
-59.1668
-59.7795
-59.7764
-59.8424
-60.7557
-57.0212
-57.0523
-57.0792
-56.5620
-57.1771
-57.1941
-60.7803
-60.7334
-60.5921
-60.4119
-60.2066
-60.5678
-60.3015
-53.0791
-53.1242
-59.3760
-59.3634
-59.5997
-59.6962
-61.3033
-61.0536
-58.8255
-58.7074
-58.6622
-58.6697
-55.6540
-56.5041
-60.7998
-60.9663
-60.8408
-60.6623
-60.4156
-60.0806
-59.6175
-51.6482
-51.6577
-59.8769
-61.6210
-61.4324
-61.2168
-57.0915
-57.1024
-57.0991
-57.0797
-57.0116
-59.9869
-60.2623
-59.9947
-53.2136
-59.8760
-59.4887
-59.4172
-59.0058
-61.4622
-61.6306
-61.4657
-58.8857
-58.8800
-58.8425
-58.8402
-55.6861
-56.3661
-60.5075
-60.4232
-60.2939
-60.1230
-60.1375
-59.8310
-59.4251
-51.7960
-51.7860
-51.7451
-61.6772
-62.4207
-62.8892
-61.2178
-60.9464
-60.6802
-60.4396
-56.9374
-56.8516
-56.7342
-52.4834
-52.5086
-56.8295
-59.9254
-59.4927
-59.3960
-61.5411
-61.7437
-59.8497
-59.5708
-58.9363
-58.9613
-58.9231
-60.3137
-56.3730
-56.3950
-60.3414
-60.2126
-60.0462
-59.7388
-59.4776
-59.1414
-51.9050
-51.8960
-51.8968
-51.7811
-62.1966
-62.6247
-62.7124
-61.8602
-61.9059
-62.9117
-61.0477
-60.9721
-60.8450
-60.6064
-60.3620
-60.0504
-59.6956
-53.3821
-52.6096
-56.8186
-57.0510
-57.0164
-57.5025
-57.5569
-63.7726
-60.5454
-59.9322
-58.9875
-59.0266
-59.0142
-60.3810
-60.4331
-56.2835
-60.1826
-60.0594
-59.9066
-59.7129
-59.4711
-59.1741
-52.0868
-52.0542
-52.0138
-51.8924
-51.8085
-62.3343
-62.3135
-62.2694
-60.4182
-60.3725
-60.3182
-60.2517
-60.5526
-60.5059
-60.4100
-60.1912
-53.6050
-53.5860
-59.4417
-59.8538
-59.8234
-57.5359
-57.5531
-59.5023
-59.4057
-60.4460
-60.3339
-56.1817
-56.1517
-59.9333
-59.7959
-59.6239
-59.4113
-59.1591
-52.2253
-52.1964
-52.1750
-52.1053
-58.5830
-58.5174
-61.0861
-61.0647
-60.3515
-60.3037
-60.2497
-60.1854
-60.1079
-60.0153
-59.8808
-59.7605
-53.7561
-53.7588
-59.6010
-60.0300
-60.0404
-64.3858
-62.1142
-65.0510
-63.6217
-59.6883
-59.6509
-61.0121
-60.7491
-60.5098
-56.1925
-59.8330
-59.7077
-59.5576
-59.3703
-59.1604
-52.3837
-52.3333
-52.2822
-52.2513
-58.6627
-58.6024
-58.5454
-61.0074
-60.9867
-60.2442
-60.1911
-60.1298
-60.0571
-59.9717
-59.8504
-53.8160
-53.8349
-59.5149
-59.4234
-59.6075
-62.3470
-63.4931
-64.1349
-61.6374
-63.9775
-63.8085
-61.2108
-61.0376
-60.7767
-60.5238
-56.1343
-56.0876
-59.9518
-59.7925
-59.6102
-52.5638
-52.5152
-52.4908
-52.4167
-52.3951
-59.0196
-58.6814
-58.6297
-58.8248
-60.9341
-60.9139
-60.1399
-60.0821
-60.0153
-59.9148
-59.8326
-53.9413
-53.9617
-59.6279
-59.5404
-59.4560
-61.0676
-62.5504
-63.1534
-63.4590
-63.7762
-63.8638
-62.9570
-63.3630
-61.1779
-61.0466
-60.8502
-60.5806
-60.3266
-56.0264
-55.9715
-59.7533
-59.5891
-52.6910
-52.6919
-52.6438
-52.6175
-52.6064
-59.1332
-58.7551
-58.7075
-58.6641
-58.8601
-60.8679
-60.1357
-60.0403
-59.9570
-59.8902
-54.0632
-54.0637
-59.6799
-59.6820
-59.6622
-60.8082
-61.1221
-62.3549
-61.4976
-62.9942
-63.0718
-63.1509
-63.8698
-62.6849
-60.6635
-60.5660
-60.9277
-60.8253
-60.6537
-60.4107
-55.9894
-55.9350
-59.7741
-59.6173
-52.8196
-52.8205
-52.7735
-52.7476
-52.7472
-59.4388
-58.9934
-58.9467
-58.9017
-59.1287
-52.1801
-60.8107
-60.0064
-59.9281
-59.6790
-54.1806
-54.1829
-59.7243
-59.7312
-59.7437
-61.0231
-61.2284
-61.4065
-61.5205
-62.8572
-63.0316
-63.0598
-62.7088
-60.4749
-60.4184
-60.3548
-60.4948
-60.3848
-60.2594
-60.4674
-60.2518
-55.9056
-55.8518
-59.6836
-52.9771
-52.9550
-52.9085
-52.8824
-52.8903
-59.5692
-59.4248
-59.0191
-58.9759
-59.3355
-52.3538
-52.2497
-60.9017
-59.9048
-54.2901
-54.2948
-59.7509
-59.7633
-59.7751
-60.9211
-61.1787
-61.3443
-61.4523
-60.7568
-62.6998
-62.9401
-62.8491
-61.3831
-61.1769
-60.3939
-60.3339
-60.2658
-60.1885
-60.1009
-60.1437
-59.9386
-59.7495
-55.8252
-59.7515
-53.1100
-53.0904
-53.0456
-52.9975
-52.9697
-59.7408
-59.5808
-59.1115
-59.0667
-59.0281
-52.4944
-52.3904
-52.2866
-60.5823
-54.4344
-54.4408
-59.7788
-59.7963
-59.8190
-61.0072
-61.2333
-61.4695
-61.5124
-61.5871
-62.5685
-62.7738
-61.6715
-61.4783
-61.2625
-60.3813
-60.3160
-60.2527
-60.1810
-60.0996
-60.0080
-59.8362
-59.6587
-55.6045
-55.6336
-53.1726
-53.2197
-53.1800
-53.1346
-53.1092
-59.9378
-59.7662
-59.6003
-59.1782
-59.1374
-52.6374
-52.5336
-52.4292
-52.3272
-54.5381
-59.8966
-59.9188
-59.9437
-59.9871
-61.0649
-61.2684
-61.4832
-61.6156
-61.6506
-61.5424
-61.5719
-61.6293
-61.5916
-61.3673
-61.1390
-60.3003
-60.2414
-60.1753
-60.1004
-60.0160
-59.8974
-59.7169
-59.5521
-51.9682
-53.2792
-53.2511
-53.2221
-53.2129
-53.2224
-60.0892
-59.9682
-59.7879
-59.2921
-59.2554
-52.7792
-52.6805
-52.5742
-52.4717
-52.3713
-59.9120
-59.9340
-59.9610
-61.0798
-61.2598
-61.4553
-61.4913
-61.6696
-61.7393
-60.8253
-60.6557
-61.5821
-61.6368
-61.4920
-61.2538
-61.0105
-60.2313
-60.1706
-60.1022
-60.0251
-59.9391
-59.7858
-59.6136
-52.0270
-52.0390
-53.3609
-53.3351
-53.3037
-53.2688
-59.8794
-60.0941
-59.9626
-59.7983
-59.3720
-52.8480
-52.8256
-52.7191
-52.6165
-52.5161
-52.4153
-59.9150
-59.9779
-61.1077
-61.2781
-61.4598
-61.6550
-61.8276
-61.2497
-60.9131
-60.7296
-61.4541
-61.6098
-61.6379
-61.3906
-61.1350
-60.2217
-60.1660
-60.1039
-60.0341
-59.9563
-59.8624
-59.6893
-53.5086
-52.0950
-52.0918
-53.4442
-53.4180
-53.3873
-59.6185
-59.9877
-59.8447
-59.6694
-59.2078
-52.9743
-52.9639
-52.8717
-52.7601
-52.6598
-52.5597
-52.4523
-60.8905
-61.0603
-61.2424
-61.4287
-61.6175
-61.2159
-61.2180
-61.1667
-60.9639
-60.7686
-61.5022
-61.6591
-61.5513
-61.2849
-61.0095
-60.1611
-60.1050
-60.0423
-59.9725
-59.8969
-59.7740
-53.6282
-52.1466
-52.1290
-53.5475
-53.5273
-53.4790
-59.6814
-60.0976
-60.0772
-59.8454
-59.2745
-53.0469
-53.0387
-52.9518
-52.8925
-52.7992
-52.7021
-52.5953
-52.4811
-60.6326
-60.8011
-61.3582
-61.1068
-61.1427
-61.1694
-61.1853
-61.0737
-60.8654
-60.6632
-61.7532
-61.9109
-61.4638
-61.1731
-60.1646
-60.1047
-60.0489
-59.9871
-59.9207
-59.8660
-53.7713
-53.7336
-52.1783
-52.1772
-53.6306
-59.6942
-59.7404
-60.2070
-60.2413
-60.0925
-59.8240
-53.1671
-53.0849
-53.0807
-52.9956
-52.8861
-52.7909
-52.6894
-52.6267
-52.5312
-60.7403
-60.6077
-60.6473
-60.6863
-61.0805
-61.1069
-61.1241
-60.9682
-60.7625
-61.5074
-61.8848
-61.8857
-61.5324
-61.0517
-60.1029
-60.0534
-59.9995
-59.9422
-59.8886
-53.8922
-53.8517
-53.7953
-52.2236
-53.7266
-59.7180
-59.7885
-60.3147
-60.3890
-60.3621
-60.0834
-53.2842
-53.2042
-53.2093
-53.1241
-53.0180
-52.9232
-52.8223
-52.7201
-52.6125
-52.5405
-60.5346
-60.5803
-60.6199
-60.6537
-60.6782
-60.6946
-61.0517
-60.8417
-60.6319
-61.7134
-62.0793
-61.8253
-61.4295
-61.0557
-60.1731
-60.0091
-59.9608
-59.9184
-54.0132
-53.9710
-53.9089
-52.2657
-52.2512
-59.7201
-59.8223
-60.4162
-60.5732
-60.5757
-60.4226
-53.5249
-53.3205
-53.3316
-53.2530
-53.1698
-53.0773
-52.9774
-52.8522
-52.7527
-52.6712
-52.5345
-60.5078
-60.5545
-60.5946
-60.6283
-60.6524
-60.6679
-60.6080
-60.3963
-60.4989
-62.0966
-62.0117
-61.7573
-61.3171
-60.1647
-60.1288
-60.0879
-54.1459
-54.1278
-54.0909
-54.0260
-53.9874
-52.2910
-59.6920
-59.8359
-59.9434
-60.7827
-60.7146
-60.7546
-53.7332
-53.4336
-53.3568
-53.3759
-53.3228
-53.2060
-53.1070
-53.0061
-52.9065
-52.7797
-52.6879
-52.5726
-60.4852
-60.5330
-60.5718
-60.6055
-60.6291
-60.6438
-60.5201
-60.2978
-60.1809
-61.6166
-61.9732
-61.6715
-61.1561
-60.1190
-60.0998
-54.2428
-54.2552
-54.2402
-54.1729
-54.0783
-52.3264
-55.2669
-59.8198
-59.9732
-60.9899
-60.9170
-53.9177
-53.5433
-53.4691
-53.4950
-53.4466
-53.3663
-53.2349
-53.1345
-53.0583
-52.9649
-52.8156
-52.7014
-52.6095
-60.4634
-60.5124
-60.5536
-60.5874
-60.6085
-60.6644
-60.4293
-60.1955
-61.6566
-61.8950
-61.7103
-61.2266
-60.0904
-60.0759
-54.3320
-54.3488
-54.3204
-54.2930
-54.2234
-54.1800
-55.2130
-59.7569
-59.9776
-53.6490
-53.5053
-53.5675
-53.4944
-53.3618
-53.2847
-53.1848
-53.0918
-52.9649
-52.8283
-52.7372
-52.6939
-60.9733
-60.9046
-60.5364
-60.5703
-60.5929
-60.5860
-60.3364
-61.2377
-61.8548
-61.1849
-59.7957
-54.3447
-54.4333
-54.4294
-54.4092
-54.3401
-54.2939
-55.1912
-55.2154
-60.0459
-53.7846
-53.7227
-53.7553
-53.6720
-53.5607
-53.4096
-53.3102
-53.2170
-53.1244
-53.0008
-52.8628
-52.8199
-52.7800
-61.0318
-60.9991
-60.9613
-60.9260
-60.7662
-60.5031
-61.4152
-62.1280
-62.0112
-54.4476
-54.4473
-54.4229
-54.3971
-54.3862
-54.3823
-59.8935
-55.1537
-55.1824
-63.6308
-64.6710
-62.8983
-53.8826
-53.8357
-53.8956
-53.8195
-53.7547
-53.6579
-53.4804
-53.3405
-53.2482
-53.0965
-53.0105
-52.9443
-52.9074
-52.8875
-60.9035
-60.9621
-61.0088
-60.9960
-62.1433
-62.0791
-62.0969
-55.2691
-54.6939
-54.6942
-54.6260
-54.4838
-54.5009
-54.4282
-59.7373
-59.6295
-55.1138
-62.4751
-64.1804
-62.6087
-62.2606
-61.9839
-53.9693
-53.9280
-53.8635
-53.9787
-53.8958
-53.8033
-53.6230
-53.5182
-53.4185
-53.2720
-53.1324
-53.0668
-53.0296
-52.9903
-53.0398
-60.7789
-60.8552
-60.9158
-62.5821
-62.4972
-62.7005
-62.2730
-55.2215
-55.1981
-55.4023
-54.7727
-54.7500
-54.7330
-54.6599
-54.6382
-59.8442
-59.6976
-54.9690
-55.4703
-62.1758
-62.4650
-61.9528
-61.2825
-54.0026
-53.9669
-53.9085
-54.0830
-54.0243
-53.9321
-53.8233
-53.6521
-53.5526
-53.4062
-53.2684
-53.2300
-53.1875
-53.1154
-53.1424
-53.3514
-60.6358
-60.7336
-61.8652
-62.7214
-62.6845
-62.2533
-61.8349
-55.0963
-55.1302
-61.6915
-54.6771
-54.7446
-54.7703
-54.7280
-54.7479
-60.3257
-60.1364
-59.9404
-55.3360
-61.9379
-62.3491
-61.5758
-61.0694
-54.2390
-54.0545
-54.0229
-54.1509
-54.1039
-54.0287
-53.9513
-53.7689
-53.6761
-53.5362
-53.4354
-53.3590
-53.3159
-53.2781
-53.3064
-53.5148
-53.6597
-60.8566
-61.6289
-62.8772
-62.6411
-62.1831
-61.6870
-54.8899
-54.8986
-54.8596
-54.8354
-54.8147
-54.7440
-54.7037
-60.2281
-60.4365
-60.2501
-60.0737
-55.3209
-55.3274
-63.2595
-62.3011
-61.3191
-54.3334
-54.0802
-54.0528
-54.0571
-54.2362
-54.1617
-54.0721
-53.9291
-53.7556
-53.6398
-53.5541
-53.4466
-53.4411
-53.4036
-53.3895
-53.5516
-53.7811
-53.8693
-57.1955
-61.1885
-61.9999
-62.1779
-61.6633
-61.0898
-54.7046
-54.6659
-52.4333
-54.8752
-54.8878
-54.8781
-60.1806
-60.2544
-60.0565
-60.1647
-61.0907
-55.2059
-55.7000
-54.6467
-54.4346
-54.1380
-54.0902
-54.3390
-54.2462
-54.2103
-54.0953
-53.8672
-53.7540
-53.6367
-53.5432
-53.5248
-53.5213
-53.5135
-53.6102
-53.9106
-53.9732
-53.9294
-57.1872
-57.6342
-57.5603
-61.3112
-60.7347
-60.4893
-52.4137
-52.4124
-54.9225
-54.9146
-54.9300
-60.1113
-60.1685
-60.4768
-60.2734
-60.7494
-55.2932
-55.5053
-64.8080
-54.3146
-54.2514
-54.2919
-54.1150
-53.9112
-53.7734
-53.6555
-53.5952
-53.6033
-53.5964
-53.6567
-53.9908
-54.1002
-54.0753
-54.0076
-60.8545
-61.9480
-57.4778
-57.2985
-57.0264
-52.3208
-52.3409
-52.3405
-54.9560
-54.9745
-60.0220
-60.0992
-60.6070
-60.3947
-61.9810
-62.0497
-55.3938
-55.4186
-55.6372
-54.3661
-62.7234
-54.4127
-54.0584
-53.9249
-53.7413
-53.6567
-53.7114
-53.6817
-53.7221
-53.9348
-54.1413
-54.1647
-54.0991
-53.9350
-61.7834
-61.8095
-61.3024
-60.7344
-53.8266
-51.6005
-51.6159
-52.3293
-54.9136
-59.6062
-60.0048
-60.0892
-61.6087
-62.2021
-62.1415
-61.9773
-55.2828
-55.3466
-55.2055
-67.5517
-54.4662
-61.5820
-62.9388
-64.1818
-54.0801
-53.9348
-53.8536
-53.8303
-53.7422
-53.7834
-54.0506
-54.2327
-54.2534
-54.2341
-54.0105
-54.0501
-61.7994
-61.6601
-61.1362
-55.3613
-55.0940
-52.2999
-51.6087
-53.7616
-56.7440
-59.6250
-59.7000
-61.3236
-62.2090
-62.1521
-61.7723
-55.0911
-55.1296
-54.9951
-55.1409
-55.3570
-54.4510
-60.9842
-62.0661
-63.1554
-64.0484
-54.4041
-54.0695
-53.9949
-53.9111
-53.9207
-53.9309
-54.0780
-54.2500
-54.3362
-54.3446
-54.2291
-54.1263
-54.3037
-61.8565
-61.5473
-55.5853
-55.4057
-52.2787
-52.2907
-52.3083
-59.4898
-56.7600
-56.8253
-57.2991
-61.7204
-61.6836
-61.2741
-61.2850
-54.8019
-54.8382
-54.9529
-55.1115
-52.3393
-54.4838
-61.2291
-62.0811
-62.8995
-63.6479
-63.9623
-64.2025
-54.2101
-54.1129
-54.0607
-54.0487
-54.0302
-54.1326
-54.4385
-54.4937
-54.4645
-54.3602
-54.1747
-54.2615
-54.4013
-61.9515
-55.8077
-55.6628
-55.4698
-52.2644
-52.2769
-59.4561
-59.5209
-59.5912
-60.4713
-57.8917
-57.8881
-57.7244
-60.8964
-54.5820
-54.6147
-54.7995
-54.9343
-52.3217
-54.5316
-60.8660
-61.5931
-62.3276
-62.5849
-62.5361
-62.1976
-54.2388
-54.1609
-54.1635
-54.0994
-54.1512
-54.2570
-54.5172
-54.6241
-54.5913
-54.5388
-54.2608
-54.3426
-54.4766
-54.4496
