-67.1328
-62.8254
-67.3318
-67.3835
-67.5532
-67.5697
-67.5542
-67.4741
-67.4096
-67.3539
-67.3218
-67.3066
-67.1598
-67.1618
-67.1736
-67.1899
-67.1707
-66.2294
-66.2692
-66.3067
-65.0751
-65.1578
-65.2129
-65.1690
-64.6711
-66.4151
-66.3222
-66.2286
-66.1344
-61.5750
-65.7672
-65.7226
-65.6411
-65.5618
-60.9158
-61.2460
-67.4951
-67.1023
-62.7927
-67.4600
-67.5153
-67.5409
-67.5514
-67.5044
-67.4127
-67.3363
-67.2821
-67.1399
-67.1250
-67.0985
-67.0989
-67.1073
-67.1189
-67.0880
-66.1932
-66.2256
-64.5356
-65.0523
-64.9605
-65.0013
-66.3076
-66.2150
-66.1291
-66.0422
-65.9547
-65.8626
-61.4010
-65.7426
-65.6923
-65.6111
-65.5324
-60.9574
-61.3023
-69.0739
-67.3752
-62.8491
-62.9810
-67.7125
-67.7762
-67.7980
-67.8060
-67.7284
-67.6461
-67.4638
-67.4258
-67.4139
-67.4126
-67.3987
-67.1655
-67.1833
-67.2096
-67.1853
-64.6006
-64.6377
-64.6649
-65.2116
-65.2755
-67.4845
-66.7866
-66.7200
-66.6531
-66.5863
-66.5137
-66.4501
-61.6293
-66.3935
-66.3673
-66.3175
-66.2741
-61.2728
-61.6486
-76.2507
-69.0220
-68.7537
-67.4297
-62.9655
-62.8554
-67.6732
-67.7080
-67.4819
-67.4579
-67.2604
-67.1880
-67.1334
-67.1011
-67.0875
-67.0783
-67.0704
-67.0807
-67.0987
-67.1157
-65.1221
-64.5860
-64.6189
-64.6512
-67.1714
-67.2786
-67.3556
-66.6919
-66.6235
-66.5550
-66.4801
-66.4113
-61.9361
-61.6079
-66.2882
-66.2488
-66.1958
-61.0813
-61.3175
-61.6706
-68.6659
-68.5596
-67.6250
-67.1665
-62.9359
-67.3678
-67.4032
-67.4119
-67.2984
-67.2606
-67.1771
-67.1080
-67.0569
-67.0270
-67.0128
-66.9938
-66.9913
-66.9995
-65.1027
-65.1134
-65.0827
-64.5768
-64.5964
-66.3110
-67.0835
-67.1737
-67.2270
-66.5922
-66.5217
-66.4449
-66.3732
-66.3024
-61.8530
-61.5826
-66.1733
-66.1206
-66.0634
-61.1090
-61.4250
-61.7595
-68.5921
-68.3110
-67.4949
-67.1234
-62.9626
-67.3358
-67.2579
-67.2508
-67.2425
-67.1821
-67.1011
-67.0334
-66.9838
-66.9544
-66.9372
-66.9163
-66.9126
-65.0611
-65.0714
-65.0770
-64.5309
-64.5552
-66.2108
-66.2515
-66.9925
-67.0658
-66.5604
-66.4880
-66.4092
-66.3350
-66.2617
-66.4198
-61.8520
-66.3078
-66.2928
-66.2230
-66.1597
-61.1748
-61.4288
-61.7544
-68.3982
-68.1123
-67.1678
-62.9090
-62.9291
-67.1983
-67.2086
-67.1974
-67.1852
-67.1048
-67.0264
-66.9616
-66.9146
-66.8859
-66.8683
-65.0380
-65.0380
-65.0328
-65.0495
-65.0395
-66.0844
-66.1189
-66.1539
-66.1887
-66.9049
-67.2100
-66.6820
-66.6072
-66.5320
-66.4564
-66.3809
-66.3066
-61.8426
-66.1896
-66.1546
-66.0836
-66.0149
-61.1783
-61.4814
-61.7864
-70.3146
-69.8970
-68.5458
-63.5179
-68.7767
-68.8292
-68.8489
-68.8537
-68.8372
-68.7375
-67.3998
-67.3508
-67.4960
-67.4931
-65.4806
-65.4865
-65.5065
-65.5317
-65.7251
-67.9507
-67.0426
-67.6806
-67.7628
-67.8481
-68.9637
-69.1013
-68.3649
-68.3168
-68.2772
-68.2502
-68.2436
-68.2717
-62.5384
-68.5949
-69.4634
-70.3475
-61.1751
-61.5298
-61.7362
-70.1813
-69.2628
-68.8328
-63.7058
-69.7014
-69.9413
-70.1731
-70.4083
-71.2037
-65.4885
-65.4892
-65.4843
-65.4983
-65.5036
-67.5490
-67.5925
-67.8532
-66.9878
-67.0630
-67.1418
-67.2240
-68.1579
-68.6758
-68.6693
-68.6744
-68.6731
-68.6811
-68.7156
-69.0690
-62.6756
-69.5490
-69.7595
-70.3531
-61.1777
-62.1050
-62.3145
-70.2765
-69.0497
-63.6509
-63.8238
-69.6591
-69.8950
-70.1523
-70.8801
-71.4661
-65.4635
-65.4631
-65.4668
-65.4690
-67.4396
-67.4729
-67.5107
-67.5286
-66.7335
-66.7888
-66.8458
-66.8992
-67.7228
-67.5624
-67.5252
-67.6637
-67.6329
-68.6938
-68.7770
-68.9122
-62.6264
-69.4902
-70.1534
-70.8057
-70.5840
-68.8900
-63.7596
-63.7985
-69.4824
-70.0044
-70.2797
-70.7085
-75.7286
-65.4339
-67.3281
-67.3413
-67.3635
-67.3911
-67.4220
-67.4307
-66.6707
-66.7180
-66.7617
-66.8278
-67.7148
-67.2663
-67.2087
-67.1521
-67.0969
-67.0436
-66.9932
-62.5076
-62.1987
-69.1190
-69.8074
-73.0442
-69.0839
-68.6713
-63.8166
-69.2320
-69.4558
-69.6006
-69.8358
-70.1287
-73.8017
-75.6531
-65.6879
-67.2571
-67.2529
-67.2630
-67.2799
-67.3012
-67.3247
-66.5608
-66.6794
-66.7145
-66.7522
-67.4480
-67.5360
-67.0899
-67.0264
-66.9635
-66.9014
-66.8407
-66.7825
-62.3091
-62.0317
-66.8034
-66.7616
-67.6486
-68.5134
-68.5455
-68.5932
-68.6591
-67.5068
-67.4318
-63.4022
-67.8336
-67.8620
-67.8750
-67.8879
-67.8520
-69.0844
-69.1795
-68.9271
-68.4200
-67.1877
-67.1839
-67.1760
-67.1817
-67.1929
-67.2829
-67.2971
-66.5500
-66.5731
-66.6007
-66.6278
-67.2826
-66.9757
-66.9057
-66.8357
-66.7656
-66.6958
-66.6266
-66.5592
-62.1762
-61.9935
-66.5156
-66.4474
-67.2284
-67.8679
-67.8414
-67.8082
-67.5186
-67.5882
-63.3252
-63.4703
-67.7642
-67.7699
-67.7573
-67.6117
-67.6891
-68.5619
-68.6111
-68.3486
-68.1749
-67.1140
-67.1723
-67.1577
-67.1563
-67.1592
-67.1641
-67.1689
-66.4506
-66.4685
-66.4862
-66.5029
-67.1174
-66.7998
-66.7233
-66.6461
-66.5682
-66.4899
-66.4114
-66.3339
-62.1413
-66.2734
-66.2143
-66.1255
-66.8032
-67.2310
-67.0094
-66.9701
-66.9578
-68.9533
-63.9862
-63.8904
-69.1424
-69.1645
-69.1898
-69.2180
-69.4003
-70.4597
-70.7682
-71.1906
-70.5580
-69.9226
-70.9593
-67.0436
-67.0394
-67.0325
-67.0258
-66.3448
-66.3534
-66.3610
-66.3669
-66.9402
-66.6142
-66.5305
-66.4455
-66.3591
-66.2714
-66.1825
-66.2194
-62.0887
-66.0056
-65.9065
-65.7816
-66.3527
-58.8658
-58.7820
-58.7204
-58.6220
-69.0443
-64.1049
-69.3658
-69.4254
-69.4649
-69.5090
-69.7424
-69.8016
-71.3778
-71.8429
-71.9441
-71.4143
-70.9687
-66.9851
-66.9660
-66.3029
-66.3003
-66.2959
-66.2891
-66.5808
-66.4896
-66.3991
-66.3121
-59.2659
-59.1799
-59.0953
-59.0190
-57.7769
-58.7729
-58.6623
-58.5695
-58.5150
-58.4682
-58.3607
-58.2803
-58.1877
-69.2461
-64.1525
-69.6194
-69.8580
-69.9220
-69.7526
-69.9699
-70.0857
-71.5856
-71.7955
-70.9603
-70.9571
-71.3547
-77.4108
-59.6187
-66.3382
-68.3703
-68.8509
-70.3580
-58.7937
-58.6918
-58.6036
-57.4715
-58.4280
-65.3062
-65.3389
-65.8629
-66.0046
-65.9753
-65.9658
-65.8535
-64.1560
-64.2780
-69.8212
-69.8376
-69.6533
-69.7050
-69.9221
-70.0272
-71.4181
-71.7579
-71.0691
-70.1775
-70.3038
-73.1890
-73.5923
-77.7536
-70.5638
-68.5073
-68.7953
-69.1797
-69.6938
-71.5178
-65.7985
-65.7192
-62.1315
-61.8425
-65.4221
-65.4454
-65.4971
-65.9416
-66.0084
-66.0170
-66.0159
-65.9015
-64.2838
-64.2314
-69.5187
-69.5530
-69.5929
-69.6377
-69.8464
-70.9433
-71.4850
-71.4401
-70.9987
-70.0149
-70.0973
-72.3910
-72.7584
-73.0705
-73.3170
-70.7127
-69.0004
-69.3098
-69.6844
-70.4008
-71.7337
-78.1773
-65.8467
-65.7708
-62.1212
-61.8553
-65.5910
-65.5328
-65.5948
-66.0440
-66.0987
-66.0846
-66.0891
-65.9814
-64.3201
-69.4226
-69.4566
-69.4844
-69.5111
-69.6624
-69.7192
-71.0151
-71.2380
-70.7670
-70.7461
-69.8075
-71.2152
-71.7345
-72.0403
-72.2946
-72.4228
-71.0954
-68.9296
-69.0946
-69.2982
-69.5678
-70.1797
-73.8192
-77.3156
-65.9122
-65.7556
-62.1295
-61.9511
-65.6867
-65.6298
-65.7015
-66.1554
-66.1749
-66.1648
-66.1734
-66.1060
-64.2795
-69.3635
-69.3737
-69.3820
-69.3919
-69.5354
-69.7863
-70.8078
-71.0601
-70.5102
-70.2089
-69.5587
-70.8197
-71.1246
-71.3289
-71.4698
-70.6367
-70.3511
-68.6098
-68.7228
-68.8681
-69.2585
-69.5756
-72.5177
-75.1025
-65.9035
-65.9344
-62.2121
-61.9955
-65.7858
-65.7310
-65.8117
-66.2707
-66.2587
-66.2526
-66.2867
-66.1322
-64.3136
-69.2636
-69.2644
-69.2631
-69.4395
-69.5944
-69.6400
-70.6668
-70.7183
-70.2137
-69.8947
-69.2883
-70.4022
-70.5511
-70.6539
-70.1919
-69.9623
-69.6515
-68.2095
-68.2416
-68.4262
-68.4821
-68.5215
-70.1043
-70.4100
-67.3153
-67.3294
-67.0520
-66.0870
-66.0317
-62.2913
-65.9266
-65.8871
-65.8341
-65.9236
-66.3746
-66.3443
-66.3648
-66.3122
-66.2387
-64.1794
-69.1557
-69.1470
-69.3076
-69.3082
-69.4491
-69.5573
-70.3892
-69.9992
-69.8905
-69.0508
-68.9981
-69.9688
-70.0009
-69.8028
-69.5817
-69.3122
-68.9754
-67.7400
-67.7945
-66.3350
-66.3405
-66.3409
-67.1892
-67.2802
-67.3009
-67.2564
-67.1066
-66.1838
-66.1308
-62.3539
-66.0308
-65.9894
-66.0366
-66.4530
-66.4602
-66.3814
-66.3493
-66.3315
-66.2415
-69.0548
-69.0385
-69.1856
-69.1746
-69.2762
-69.3645
-69.3620
-70.0795
-69.6941
-69.5674
-68.7646
-68.7000
-69.5373
-69.3380
-67.4624
-67.3487
-67.2104
-67.0407
-66.3945
-66.4114
-66.4115
-66.4108
-66.4066
-67.2449
-67.2957
-67.3375
-67.2480
-67.0234
-66.2816
-66.2307
-62.3648
-66.1127
-66.0422
-66.0694
-66.4603
-66.3763
-66.3276
-65.6538
-65.6290
-65.5520
-69.0980
-69.0799
-69.0580
-69.0346
-69.1972
-69.1763
-69.1434
-69.7718
-69.3886
-67.5718
-67.0762
-67.0536
-67.5278
-67.5436
-67.5031
-67.3886
-67.2521
-67.1866
-66.4845
-66.4854
-66.4842
-66.4797
-66.4829
-67.3055
-67.3726
-67.3831
-67.2437
-67.0069
-66.3764
-62.6915
-62.0981
-65.5276
-65.4587
-65.4820
-65.7696
-65.7017
-65.6506
-65.6152
-65.5892
-65.4998
-68.9845
-68.9559
-68.9225
-67.4476
-67.5105
-67.5053
-67.4990
-67.7612
-67.6965
-67.5088
-67.0411
-67.6340
-67.6154
-67.6172
-67.5486
-67.4344
-67.3953
-66.5568
-66.5571
-66.5558
-66.5517
-66.5431
-66.4407
-66.6534
-66.6734
-66.5992
-66.4417
-66.2219
-65.7217
-62.3881
-62.1255
-65.5159
-65.4188
-65.4429
-65.7314
-65.6648
-65.6149
-65.5793
-65.5307
-65.4679
-67.5060
-67.4983
-67.5353
-67.5866
-67.5826
-67.5769
-67.6909
-67.8170
-67.7518
-67.4575
-67.1208
-67.7173
-67.6997
-67.6837
-66.9621
-66.9224
-66.7748
-66.0544
-66.0303
-66.0036
-65.8953
-65.9583
-66.4258
-66.6332
-66.6434
-66.5231
-66.3653
-65.7791
-65.7050
-62.3512
-62.1217
-65.4764
-65.4036
-65.4309
-65.6954
-65.6307
-65.5626
-65.5242
-65.4940
-65.4378
-67.5853
-67.6204
-67.6003
-67.6557
-67.6512
-67.6446
-67.1159
-67.2813
-67.1072
-67.2153
-66.6302
-67.1260
-67.0864
-67.0250
-66.9921
-66.8610
-66.7173
-66.0394
-66.0123
-65.9901
-65.9730
-65.9550
-66.4110
-66.5918
-66.5845
-66.4569
-66.2997
-67.7128
-67.9620
-63.4717
-63.5596
-65.4190
-65.6619
-65.5786
-65.5290
-65.4910
-65.4597
-58.3708
-67.1985
-67.1622
-67.1255
-67.1565
-67.1313
-67.1036
-67.3258
-67.1549
-67.0899
-66.6540
-66.6257
-67.1108
-67.0631
-66.9859
-66.9332
-66.8042
-66.6642
-66.0239
-66.0066
-65.9891
-65.9739
-67.6196
-68.4354
-68.8446
-69.0591
-69.1045
-69.3773
-68.8544
-70.6686
-65.3936
-58.6536
-58.5928
-58.5827
-58.5744
-58.5430
-58.5086
-67.1853
-67.1479
-67.1694
-67.1441
-67.1166
-67.0871
-67.2021
-67.1378
-67.0729
-66.6499
-66.6232
-67.0958
-67.0442
-67.0001
-68.6988
-68.5959
-68.4905
-67.6914
-67.7605
-67.8403
-67.9328
-68.0412
-69.1094
-69.5731
-69.8895
-70.0242
-70.6260
-69.8142
-58.7897
-58.7532
-58.7433
-58.7352
-58.7038
-58.6325
-67.1735
-67.1351
-67.1580
-67.1311
-67.1019
-66.9855
-67.1852
-68.8189
-69.3407
-68.2542
-68.2823
-69.0599
-69.1119
-69.0345
-68.9498
-68.8729
-68.7925
-67.9947
-68.0814
-68.2958
-68.3810
-68.4564
-69.4085
-69.7697
-69.9702
-69.9755
-69.9638
-69.4048
-72.1017
-73.0076
-59.0733
-58.9378
-58.9281
-58.9443
-58.9130
-58.7938
-67.1649
-68.6782
-68.7673
-68.7830
-68.6747
-68.7197
-71.2901
-72.5156
-69.2656
-69.1612
-69.0445
-68.9324
-68.9330
-67.9687
-67.9977
-68.0305
-68.0674
-68.1046
-68.1527
-68.9739
-69.2105
-69.2983
-69.2287
-68.5739
-68.6692
-70.4426
-71.1134
-72.0532
-74.1122
-59.1342
-59.0741
-58.9932
-58.9382
-58.9081
-58.8407
-68.8980
-69.6459
-69.9526
-70.3929
-71.0422
-71.4080
-72.6243
-73.9293
-78.7061
-68.9997
-69.0085
-68.8983
-68.7809
-68.6559
-67.7664
-67.7744
-67.7784
-67.7800
-67.7809
-67.7809
-68.4649
-68.5856
-68.5716
-68.5090
-67.8143
-67.7493
-68.7684
-68.8709
-68.8508
-68.8232
-59.3808
-59.2914
-59.1784
-59.1200
-59.0396
-58.9604
-58.9542
-58.8647
-70.0566
-70.4368
-70.6249
-71.0881
-71.5737
-71.9705
-73.6029
-73.9807
-78.3917
-68.8612
-68.7493
-68.6305
-68.5044
-68.3643
-67.5355
-67.5105
-67.4857
-67.4565
-67.4260
-67.3842
-67.9295
-67.9483
-67.9009
-67.6794
-66.9782
-59.4965
-59.5253
-59.5571
-59.5256
-59.4513
-59.3469
-59.2978
-59.1763
-59.1663
-59.1102
-59.0551
-59.0732
-58.9366
-70.5420
-70.7569
-71.0443
-71.2194
-71.4369
-72.0672
-73.1920
-75.9423
-77.7655
-68.6041
-68.4776
-68.3438
-68.2020
-68.0475
-67.2798
-67.2350
-67.1872
-67.1277
-67.0580
-66.9770
-67.4115
-59.7948
-59.7651
-59.7451
-59.6017
-59.5174
-59.5648
-59.5658
-59.4944
-59.4906
-59.4363
-59.3853
-59.2948
-59.2127
-59.1322
-59.0039
-58.9242
-58.7906
-70.5252
-70.6049
-70.7002
-70.8156
-71.1952
-71.4926
-72.3618
-74.3898
-76.0937
-68.3341
-68.1991
-68.0522
-67.9020
-67.7437
-67.0304
-66.9747
-59.9406
-59.8705
-59.8706
-59.8467
-59.9045
-59.8165
-59.7589
-59.7393
-59.6228
-59.6892
-59.6534
-59.6606
-59.5829
-59.5307
-59.4269
-59.3045
-59.1465
-59.0639
-59.0070
-58.8542
-58.7255
-58.5476
-70.2079
-70.2340
-70.2575
-70.4568
-70.5065
-70.5744
-70.9754
-71.7242
-68.8462
-69.0041
-68.9031
-68.0796
-67.9399
-60.3231
-60.2371
-60.1990
-60.0821
-60.0363
-59.9665
-59.8962
-59.8725
-59.8578
-59.9521
-59.9093
-59.8505
-59.8550
-59.6913
-59.7192
-59.6333
-59.5281
-59.4500
-59.3728
-59.2941
-59.1509
-58.9248
-58.7938
-66.3185
-66.4267
-66.5771
-66.4678
-71.4618
-72.3031
-68.2428
-68.2150
-68.4306
-68.6452
-68.6076
-68.5403
-60.6010
-60.5454
-60.4650
-60.4294
-60.3687
-60.2597
-60.0838
-60.0849
-60.0623
-60.0395
-59.9927
-59.9781
-59.9766
-59.9983
-59.9290
-59.8197
-59.6518
-59.5305
-59.5696
-59.5006
-59.3712
-59.1952
-59.0687
-66.9163
-66.9249
-66.5852
-66.6745
-66.7974
-66.9555
-67.1580
-67.0647
-71.7960
-60.7575
-60.7317
-60.7466
-60.7447
-60.6807
-60.6141
-60.4967
-60.4622
-60.4276
-60.4154
-60.3541
-60.1804
-60.2049
-60.1589
-60.0889
-60.0264
-59.9060
-59.8345
-59.8723
-59.8002
-59.7137
-59.4921
-59.3132
-59.2492
-66.9853
-67.0155
-67.0799
-67.1677
-67.2718
-66.9039
-66.9893
-67.1065
-67.2581
-67.4516
-67.4845
-67.1841
-60.9835
-60.8070
-60.7526
-60.7342
-60.7172
-60.6719
-60.6791
-60.5915
-60.5329
-60.5460
-60.4616
-60.4006
-60.1828
-60.0892
-60.0421
-68.1685
-69.6093
-59.4645
-67.0786
-66.6647
-66.6584
-67.1969
-67.2450
-67.3054
-67.3937
-67.5035
-67.6304
-67.2668
-67.2212
-67.1926
-67.1690
-67.1512
-67.1319
-66.8141
