-56.1148
-55.4366
-55.1273
-54.5126
-54.5453
-54.6180
-55.1210
-55.2620
-55.4336
-55.5988
-55.7354
-53.2495
-53.4781
-53.7014
-53.9198
-54.1095
-54.3557
-54.5270
-54.6946
-54.8904
-55.0803
-55.2695
-55.4551
-55.6835
-55.8640
-55.7581
-55.9185
-55.9965
-56.1379
-56.2709
-56.8116
-49.4603
-49.6185
-49.7745
-49.9273
-50.0975
-50.2450
-50.2937
-50.4326
-50.5917
-50.3338
-53.7209
-53.9852
-54.1775
-54.3922
-54.5970
-54.8054
-54.9957
-55.2395
-55.4405
-55.6483
-55.8615
-56.0698
-56.2734
-56.4724
-56.6254
-56.8759
-57.0226
-57.1368
-57.3158
-57.4919
-57.6598
-55.3789
-55.6073
-55.7901
-55.9665
-55.8542
-55.9562
-56.0937
-56.2364
-49.2077
-49.4411
-49.6006
-49.7571
-49.9120
-50.0809
-50.2288
-50.3743
-50.4199
-50.5565
-50.1095
-50.2666
-50.5515
-50.8350
-51.3106
-51.5867
-51.8433
-52.0912
-55.1603
-55.3864
-55.6410
-55.4957
-55.7320
-55.9602
-56.1435
-56.4338
-56.6119
-56.7894
-56.9709
-57.1312
-57.3185
-57.5015
-57.6756
-57.9254
-58.1004
-58.2676
-58.4251
-58.0175
-58.1561
-60.5234
-59.2268
-58.5435
-49.6899
-49.8601
-50.0100
-50.1824
-50.3528
-50.4959
-50.5378
-50.0380
-50.3284
-50.4728
-50.7487
-51.0159
-51.2811
-51.5382
-51.9830
-52.2264
-52.6845
-52.9247
-53.1611
-53.3940
-53.6231
-56.3647
-56.2443
-56.4219
-56.6002
-56.8021
-57.0006
-57.1618
-57.3500
-57.6021
-57.7807
-57.9600
-58.1309
-58.2260
-60.9570
-60.1457
-59.4014
-59.0167
-58.6779
-58.4725
-58.3461
-58.2761
-58.2452
-50.0141
-50.2921
-50.5656
-50.6922
-50.9538
-51.2150
-51.4689
-51.7215
-51.9466
-52.1847
-52.8214
-53.0683
-53.3080
-53.5152
-53.7642
-53.9772
-54.1753
-54.3794
-54.5895
-54.5862
-57.1084
-57.2876
-57.5320
-57.7117
-57.8819
-57.9960
-57.6541
-67.0591
-64.2093
-60.3147
-60.6745
-59.5759
-59.1269
-59.1083
-58.9623
-58.8646
-50.0838
-50.3362
-50.5752
-50.8271
-50.9312
-51.1756
-51.4294
-51.6605
-51.8939
-52.1250
-52.3522
-52.7965
-53.0288
-53.2450
-53.6816
-53.8856
-54.0872
-54.2991
-54.5080
-54.7138
-54.9163
-55.0962
-47.6611
-55.8460
-56.0153
-56.1775
-56.4340
-62.8746
-60.8097
-59.3090
-59.0726
-59.0733
-58.3565
-58.9133
-58.9106
-58.9268
-58.9578
-58.7296
-53.1725
-53.3193
-50.8458
-50.9080
-51.1340
-51.2068
-51.4256
-51.6403
-51.8661
-52.0906
-52.3105
-52.5275
-52.9489
-53.1775
-53.4140
-53.6186
-53.8257
-54.2286
-54.4364
-54.6411
-54.8426
-47.3019
-47.4861
-47.6948
-47.8748
-48.0676
-48.3097
-48.5047
-56.8791
-57.0367
-57.1764
-57.4957
-57.6462
-57.8913
-58.0134
-57.6324
-58.2596
-58.3669
-58.4629
-58.5577
-52.8643
-52.8534
-52.9380
-53.0980
-53.2850
-51.6188
-51.4978
-51.6972
-51.9027
-52.1090
-52.3036
-52.5079
-52.9201
-53.1536
-53.3582
-53.5652
-53.7715
-53.9811
-54.1877
-54.3913
-47.0377
-47.2551
-47.4885
-47.6652
-47.8435
-48.0250
-48.2058
-48.3767
-48.5704
-48.7449
-48.9278
-49.1217
-49.3031
-49.5432
-56.9228
-57.3225
-57.0989
-57.7276
-57.9172
-58.0910
-52.6471
-52.5539
-52.5834
-52.8980
-53.0777
-53.0967
-53.0665
-53.2867
-53.5067
-52.1806
-52.3632
-52.5486
-52.7241
-53.1561
-53.3481
-53.0826
-53.7380
-53.9418
-54.1443
-54.3428
-47.0615
-47.2577
-47.4450
-47.6039
-47.7776
-47.9822
-48.1553
-48.3728
-48.5372
-48.7064
-48.8561
-49.0177
-49.1762
-49.3685
-49.5190
-49.6902
-49.8577
-49.9712
-50.2152
-57.4987
-52.7632
-52.6358
-52.5456
-52.5546
-52.8477
-52.9997
-53.1903
-53.0022
-53.2248
-53.4500
-53.6765
-53.8820
-52.8142
-52.9735
-53.3776
-53.5598
-53.7490
-53.9398
-54.1319
-54.3151
-47.0751
-47.2358
-47.4430
-58.9940
-48.1590
-48.3304
-48.4715
-48.6301
-48.8065
-49.0154
-49.1825
-49.3355
-49.4880
-49.6364
-49.7821
-49.9244
-50.0131
-50.2305
-53.0222
-52.6725
-52.6469
-52.7200
-52.7097
-52.9545
-53.0684
-53.2282
-53.1871
-53.2334
-53.4521
-53.6589
-53.8960
-54.0975
-54.3047
-53.6609
-53.8066
-53.9775
-54.1516
-54.3285
-47.0139
-47.2239
-47.4305
-59.3219
-57.2588
-56.4458
-56.1572
-48.9707
-49.1154
-49.2675
-49.4418
-49.5882
-49.7807
-49.9210
-50.0605
-50.1216
-53.4450
-52.9597
-52.8035
-52.7549
-52.7876
-53.0839
-53.1961
-53.2635
-53.3754
-53.2908
-53.4509
-53.5188
-53.7133
-53.9216
-54.1250
-54.3399
-54.8684
-55.0912
-54.3448
-54.4185
-46.9785
-47.1880
-66.9367
-64.5918
-61.8038
-59.5194
-58.1916
-57.5013
-57.0898
-56.9589
-56.8587
-56.8818
-49.5933
-49.7155
-49.8559
-49.9940
-50.1544
-53.9858
-53.6483
-53.2031
-53.0565
-52.9794
-52.9800
-53.2432
-53.3670
-53.5308
-53.6135
-53.4660
-53.6162
-53.7706
-53.8048
-53.9970
-54.1950
-54.3994
-54.9230
-55.1418
-55.3936
-55.6086
-55.8199
-47.3186
-47.5042
-65.8792
-62.6894
-60.6726
-59.7945
-59.1848
-58.7654
-58.2143
-57.9060
-57.6890
-57.5254
-57.4244
-57.3788
-57.3815
-57.4386
-49.9982
-54.0377
-54.1519
-53.9167
-53.4996
-53.3598
-53.2825
-53.2564
-53.4923
-53.5697
-53.6784
-53.5919
-53.7354
-53.8234
-53.4840
-54.0931
-54.1245
-54.2980
-54.4853
-55.0034
-55.2481
-55.4608
-55.6718
-55.9396
-56.1661
-56.3916
-47.8574
-48.0505
-57.4527
-57.5852
-57.5833
-57.7308
-57.9549
-58.0967
-58.2306
-58.2691
-58.0991
-57.9771
-57.8972
-57.8467
-56.9704
-51.3463
-51.4810
-54.4001
-54.1726
-53.8148
-53.6889
-53.6109
-53.5673
-53.7969
-53.8294
-53.9220
-53.7737
-53.9145
-54.0799
-54.1827
-54.2919
-54.4264
-54.4460
-59.7598
-55.1651
-55.3626
-55.5931
-55.8168
-56.0272
-56.2114
-56.4278
-56.6312
-56.8209
-48.4398
-48.5127
-56.1907
-56.6651
-57.0134
-57.3044
-57.5522
-57.8229
-58.0388
-58.2322
-58.3655
-57.3636
-51.5287
-51.7519
-51.8776
-52.0021
-54.4826
-54.1081
-54.0237
-53.9477
-53.9068
-54.1230
-54.1550
-54.1943
-54.0033
-54.1117
-54.2461
-54.4088
-54.5445
-60.6361
-55.5470
-55.7179
-55.9015
-56.0750
-56.2696
-56.5022
-56.6942
-56.8152
-56.9912
-56.8159
-48.9883
-48.9884
-56.5561
-56.8297
-57.1081
-57.4104
-57.6602
-57.0372
-57.2135
-51.8266
-51.9307
-52.1411
-52.2592
-52.3794
-52.3476
-54.4230
-54.3320
-54.2735
-54.4950
-54.4727
-54.4767
-54.5049
-54.2812
-54.3559
-54.4618
-54.5865
-55.1721
-64.5282
-60.9670
-60.8618
-58.7752
-56.0050
-56.1772
-56.3660
-56.5800
-56.7065
-56.8911
-57.0668
-57.2904
-57.1523
-56.9184
-49.5958
-49.4400
-49.6310
-57.1900
-56.6637
-56.8592
-52.1214
-52.2209
-52.3180
-52.5213
-52.6321
-52.7452
-52.6955
-52.8579
-54.6458
-54.5982
-54.8315
-54.8127
-54.8135
-54.8349
-54.5798
-54.6338
-54.7741
-54.8863
-55.3686
-55.5076
-60.4840
-61.2349
-61.0890
-59.9928
-59.1158
-58.8790
-56.4678
-56.6187
-56.8008
-57.0303
-57.1980
-57.3623
-57.4830
-57.4630
-57.3076
-57.2061
-57.2925
-49.7125
-49.8696
-52.4153
-52.5030
-52.5973
-52.6939
-52.7881
-52.9932
-53.0998
-53.0275
-53.1344
-54.9657
-54.9065
-55.1534
-55.1517
-55.1515
-54.8615
-54.8852
-54.9904
-55.0637
-55.1360
-55.5449
-61.3155
-60.5602
-60.0505
-59.3397
-59.1937
-59.2465
-56.9581
-57.1209
-57.2822
-57.4421
-57.5601
-57.7178
-57.7625
-56.8760
-56.8152
-56.8187
-52.7120
-52.7876
-52.8745
-52.9652
-53.0558
-53.1444
-53.3428
-53.4381
-53.3647
-53.4571
-53.5565
-55.2131
-55.4879
-55.4747
-55.4826
-55.1672
-55.2519
-55.2961
-55.3439
-55.3629
-65.2484
-61.5516
-60.9626
-60.4002
-60.1194
-59.6759
-59.7297
-59.7119
-59.7531
-57.3773
-57.5303
-57.6440
-57.7974
-57.1346
-57.2205
-57.6883
-52.6603
-53.0750
-53.1516
-53.2332
-53.3195
-53.4061
-53.4857
-53.6771
-53.7766
-53.6758
-53.7677
-53.8643
-53.9526
-55.8120
-55.7994
-55.8516
-55.5298
-55.5526
-55.5831
-66.1694
-64.1622
-62.7418
-61.7739
-61.0534
-60.7982
-60.6647
-60.4727
-60.4131
-60.0718
-60.0468
-60.0665
-60.1294
-57.7363
-57.0898
-56.9527
-57.8836
-52.5052
-52.7808
-53.2736
-53.5031
-53.5796
-53.6618
-53.7383
-53.8313
-53.9076
-53.8947
-53.9821
-54.0747
-54.1668
-54.4891
-54.5851
-56.1736
-56.1821
-55.8158
-55.8370
-55.8952
-56.5835
-65.7870
-65.0118
-63.5338
-62.1730
-61.3047
-60.6241
-60.3066
-60.3344
-60.3296
-60.3737
-60.5157
-60.6033
-60.3763
-60.3580
-60.3714
-58.6519
-58.7099
-57.8180
-52.4582
-52.6647
-53.1079
-53.4083
-53.7168
-53.9205
-53.9886
-54.0760
-54.1478
-54.2248
-54.1976
-54.2846
-54.3716
-54.4610
-54.8217
-54.9316
-55.0709
-56.4842
-56.0940
-56.1459
-56.1860
-56.6419
-62.3922
-62.4933
-62.6856
-62.0436
-61.0090
-60.5044
-60.1284
-59.9814
-59.9420
-59.9723
-60.1043
-60.2098
-60.3194
-60.4368
-59.0459
-59.0866
-58.7860
-60.0595
-52.5439
-52.6543
-52.8432
-53.2732
-53.5581
-53.8495
-54.1555
-54.3115
-54.3861
-54.4597
-54.5369
-54.4952
-54.5783
-54.6612
-54.7801
-55.1352
-55.2231
-55.3109
-56.7864
-56.4053
-56.4216
-56.8493
-56.8747
-56.9996
-60.6254
-61.2580
-61.2603
-60.6534
-60.2211
-59.9862
-59.2577
-59.2224
-59.2574
-59.8761
-59.9830
-60.0995
-58.9949
-59.1100
-60.3467
-59.8375
-52.7504
-52.7699
-52.8640
-53.0322
-53.4584
-53.7187
-54.0115
-54.2895
-54.5739
-54.6909
-54.7663
-54.8420
-54.6832
-54.8585
-54.9811
-55.0589
-55.4201
-56.7169
-56.7098
-47.3677
-57.1100
-57.1546
-57.2638
-57.3223
-60.4681
-60.9565
-60.6542
-59.5187
-59.4006
-59.2466
-59.1985
-59.2087
-59.7923
-59.8830
-58.8248
-58.9230
-60.3603
-59.8072
-53.0347
-52.9906
-53.0049
-53.0802
-53.2318
-53.6411
-53.8974
-54.1674
-54.0034
-54.7176
-54.9905
-55.0633
-55.1376
-54.9963
-55.1745
-55.2498
-55.3215
-47.4195
-47.5720
-47.7774
-57.4732
-57.4482
-57.5602
-57.5769
-60.7530
-60.6627
-59.6016
-59.4977
-59.3343
-59.2711
-59.2496
-58.6898
-58.7409
-58.7999
-60.0461
-60.1702
-53.4215
-53.2744
-53.2342
-53.2455
-53.3024
-53.6448
-53.8416
-54.0798
-54.3381
-54.6034
-54.8717
-55.1367
-55.3523
-55.2052
-55.2705
-55.4415
-55.5563
-66.5540
-62.2558
-56.4785
-47.7738
-48.0036
-48.1451
-57.7029
-57.8101
-57.9140
-58.1299
-60.8115
-59.7822
-59.6881
-59.5343
-59.4021
-58.7642
-58.7723
-60.0095
-59.9583
-60.0489
-53.2412
-53.6103
-53.5180
-53.4743
-53.4779
-53.5367
-53.8603
-54.0453
-54.2703
-54.5184
-54.7743
-55.0320
-55.2891
-55.5817
-55.4705
-55.5351
-66.7384
-63.8899
-62.4002
-59.2607
-56.6898
-55.5741
-48.1677
-48.3396
-48.4827
-58.0455
-58.1544
-58.2032
-60.9243
-59.9248
-59.8587
-59.7492
-58.5636
-58.9443
-60.1689
-60.0507
-60.0401
-53.0472
-53.4248
-53.7180
-53.7565
-53.7273
-53.7197
-53.7641
-54.0845
-54.2554
-54.4679
-54.7030
-54.9497
-46.3438
-46.5109
-46.6562
-46.7399
-64.5463
-62.7086
-62.5225
-60.3814
-58.0250
-56.8900
-56.0766
-55.9286
-48.5096
-48.6761
-48.8137
-58.3900
-58.4368
-58.4800
-60.0859
-58.9129
-58.8344
-58.7223
-60.2595
-60.2240
-60.2603
-53.0448
-53.2604
-53.6196
-53.8878
-54.0042
-53.9648
-53.9552
-53.9970
-54.3145
-54.4695
-54.6676
-46.2938
-46.4665
-46.5808
-46.7431
-46.8865
-46.9950
-58.6500
-64.5335
-63.5036
-62.2290
-61.3861
-60.9826
-59.5930
-57.8099
-57.0403
-56.4714
-56.4445
-48.7942
-48.8338
-48.9954
-49.1780
-58.6654
-58.7078
-57.5083
-59.0710
-60.2163
-59.9543
-60.4627
-60.4786
-52.9243
-53.2845
-53.4735
-53.8092
-54.0693
-54.2362
-53.8123
-54.1944
-54.4553
-54.5456
-54.6854
-54.8694
-46.5592
-46.6988
-46.8363
-46.9729
-47.1375
-47.2760
-47.3859
-58.9076
-59.0414
-59.1924
-59.3268
-59.4487
-59.1706
-57.8132
-57.2402
-57.2372
-56.8551
-56.5882
-49.0126
-49.1474
-49.3043
-58.8897
-58.0582
-57.6968
-58.6549
-60.2797
-60.1516
-60.7358
-52.8494
-53.1890
-53.5221
-53.6980
-54.0054
-54.2541
-54.4672
-54.4386
-54.4354
-54.6982
-54.7769
-54.9330
-55.1023
-46.7900
-46.9253
-47.0876
-47.2223
-47.3138
-47.4857
-47.6215
-55.8530
-56.9817
-57.6649
-58.1267
-58.4088
-58.6888
-57.8790
-57.4665
-57.5310
-57.2071
-56.9601
-56.8020
-49.3204
-49.4515
-49.4706
-57.8058
-58.6827
-58.7734
-58.9750
-60.3948
-52.8260
-53.1233
-53.4400
-53.5940
-53.9102
-54.2077
-54.4440
-54.7028
-54.6733
-54.6703
-54.9394
-55.0376
-55.1487
-55.3058
-47.3327
-47.4345
-47.5223
-47.7160
-47.8491
-47.9546
-56.2105
-56.8643
-57.3964
-57.8179
-58.2133
-57.9757
-57.6434
-57.7949
-57.5165
-57.2962
-57.1338
-56.4766
-49.5118
-49.6359
-49.8042
-58.8960
-59.0060
-59.0545
-45.7541
-53.1094
-53.3998
-53.6942
-53.8285
-54.1245
-54.4129
-54.6331
-54.8962
-54.9006
-54.9000
-55.2073
-55.2664
-55.3669
-61.4460
-47.6690
-47.7507
-47.9437
-48.0492
-48.1785
-55.8974
-56.4994
-57.0213
-57.4928
-57.8642
-57.6934
-57.8186
-58.0386
-57.7963
-57.5999
-56.8372
-56.7435
-57.3546
-49.9103
-49.9682
-50.1006
-45.9435
-46.0330
-53.3889
-53.6593
-53.9430
-54.0581
-54.3415
-54.6149
-54.8253
-55.0716
-55.1574
-55.4198
-55.4428
-66.8126
-61.6446
-58.4132
-47.8960
-47.9514
-48.1183
-48.2691
-48.3894
-48.4878
-56.3443
-56.8500
-57.2724
-57.2079
-57.5053
-57.7858
-58.2652
-58.0552
-57.2139
-57.0947
-57.6214
-57.5587
-50.3746
-50.1315
-46.1365
-46.2184
-46.3054
-53.6588
-53.9177
-54.0111
-54.2879
-54.5516
-54.8185
-55.0127
-55.2807
-55.3829
-55.6551
-66.7792
-64.0387
-61.7923
-59.5302
-57.7397
-56.1595
-48.2172
-48.3380
-48.4780
-48.5774
-48.6999
-56.3612
-56.7580
-57.1536
-57.0931
-57.3899
-57.6742
-57.6918
-57.5785
-57.4464
-57.9967
-57.8968
-57.8556
-46.3224
-46.4062
-46.4838
-46.5703
-53.9226
-54.1719
-54.2482
-54.5121
-54.7656
-54.9676
-55.2315
-55.4592
-55.6154
-63.7916
-64.8305
-62.5705
-61.4893
-60.1896
-58.7375
-57.5629
-56.3627
-48.4282
-48.5468
-48.6647
-48.7905
-48.9103
-49.0023
-56.7517
-57.1062
-57.0397
-57.3329
-57.3895
-57.6317
-58.5816
-58.3684
-58.2514
-58.1884
-58.2310
-58.2346
-46.5090
-46.5873
-46.6678
-46.6770
-46.8286
-54.1818
-54.4204
-54.4822
-54.7304
-54.9998
-55.1902
-55.4205
-55.6734
-55.8656
-56.5676
-62.8732
-61.8183
-60.6404
-60.1031
-59.4390
-58.4041
-57.5528
-56.5238
-48.6407
-48.7325
-48.8529
-48.9940
-49.0868
-49.2034
-56.8221
-57.1142
-57.0309
-56.7432
-57.3654
-58.2873
-58.5472
-58.6289
-58.5297
-58.5481
-58.4831
-46.6958
-46.7678
-46.8450
-46.9228
-46.9958
-47.0806
-54.4350
-54.6637
-54.7104
-54.9715
-55.2061
-55.3872
-55.6365
-55.8557
-56.3681
-56.6968
-61.5015
-60.3959
-59.7244
-59.4323
-59.0588
-58.2592
-57.5670
-56.7215
-56.3467
-48.9433
-49.0566
-49.1688
-49.2842
-49.3991
-49.4867
-56.6264
-56.5267
-56.7578
-58.0055
-58.2726
-58.5575
-58.8889
-58.8669
-58.7905
-46.8803
-46.9484
-47.0199
-47.0964
-47.1717
-47.2428
-47.3264
-54.6822
-54.7202
-54.9561
-55.1801
-55.4224
-55.6102
-55.8287
-56.0140
-56.5480
-56.8594
-57.0847
-59.7815
-59.3094
-59.1182
-58.7825
-58.1708
-57.6697
-57.2729
-56.6822
-49.1449
-49.2563
-49.3414
-49.4778
-49.5668
-49.5789
-56.7271
-56.5825
-57.3419
-58.0256
-58.3125
-58.6436
-58.9070
-59.0965
