-66.5356 -65.4279 -64.0695 -60.4401 -60.2662 -60.1047 -59.9576 -59.8334 -66.8915 -69.3407 -67.4460 -61.8886 -67.4462 -69.8432 -70.4526 -64.9581 -70.6158 -72.1418 -72.0724 -66.5985 -65.1558 -72.0814 -73.2797 -71.9674 -67.6796 -66.5893 -70.3381 -70.8293 -66.0905 -71.9982 -72.4734 -72.8495 -72.2196 -67.6987 -71.7850 -70.1188 -69.3317 -67.8622 -71.6069 -71.5574
-66.1815 -65.1653 -64.0015 -60.6091 -60.4392 -60.2815 -60.1370 -60.0140 -64.7280 -67.1458 -66.5839 -62.0539 -66.5817 -68.5614 -69.4656 -65.1193 -69.6568 -70.8543 -70.2338 -66.5240 -65.3145 -70.3109 -71.9055 -68.5255 -67.7122 -66.8534 -69.4075 -69.7850 -66.1887 -71.0496 -71.6259 -72.0906 -71.4930 -67.5922 -70.8857 -69.7580 -69.0399 -67.8348 -71.2542 -70.5198
-65.9278 -65.0145 -64.0008 -60.7744 -60.6091 -60.4535 -60.3135 -60.1918 0.0000 0.0000 0.0000 -62.2202 0.0000 0.0000 0.0000 -65.2871 -69.1472 0.0000 0.0000 0.0000 -65.4789 0.0000 0.0000 0.0000 -68.0963 0.0000 0.0000 0.0000 -66.6663 -70.3137 0.0000 0.0000 0.0000 -67.8823 0.0000 0.0000 0.0000 -67.8783 0.0000 0.0000
-65.1984 -64.9343 -64.0364 -60.9379 -60.7754 -60.6244 -60.4871 -60.3669 0.0000 0.0000 0.0000 -62.3799 0.0000 0.0000 0.0000 -65.4412 -65.3867 0.0000 0.0000 0.0000 -65.6344 0.0000 0.0000 0.0000 -68.2487 0.0000 0.0000 0.0000 -66.8071 -66.0651 0.0000 0.0000 0.0000 -67.9379 0.0000 0.0000 0.0000 -67.9495 0.0000 0.0000
-65.0866 -64.9004 -64.0965 -61.0982 -60.9389 -60.7919 -60.6580 -60.5392 -67.6832 -70.1225 -70.4041 -62.5363 -70.4263 -72.8428 -73.9866 -65.5921 -65.4075 -77.8997 -75.9923 -73.6485 -65.7840 -70.8634 -75.9361 -74.7792 -68.3864 -76.0203 -77.7047 -77.9748 -66.9248 -66.2645 -77.8372 -77.2608 -71.6537 -67.8990 -75.1253 -77.5405 -75.6747 -68.0403 -67.1704 -76.2277
-65.0186 -64.9032 -64.1761 -61.2548 -61.1013 -60.9575 -60.8252 -60.7086 0.0000 0.0000 0.0000 -62.6941 0.0000 0.0000 0.0000 -65.7489 0.0000 0.0000 0.0000 0.0000 -65.9386 0.0000 0.0000 0.0000 -68.5395 0.0000 0.0000 0.0000 -67.1001 0.0000 0.0000 0.0000 0.0000 -68.0730 0.0000 0.0000 0.0000 -68.0733 0.0000 0.0000
-64.9897 -64.7822 -64.2702 -61.4112 -61.2611 -61.1200 -60.9902 -60.8741 0.0000 0.0000 0.0000 -62.8442 0.0000 0.0000 0.0000 -65.8992 0.0000 0.0000 0.0000 0.0000 -66.0875 0.0000 0.0000 0.0000 -68.6848 0.0000 0.0000 0.0000 -67.2408 0.0000 0.0000 0.0000 0.0000 -68.1609 0.0000 0.0000 0.0000 -68.1116 0.0000 0.0000
0.0000 -64.7977 -64.3650 -61.5662 -61.4178 -61.2764 -61.1495 -61.0357 0.0000 0.0000 0.0000 -62.9893 0.0000 0.0000 0.0000 -66.0476 0.0000 0.0000 0.0000 0.0000 -66.2228 0.0000 0.0000 0.0000 -68.8195 0.0000 0.0000 0.0000 -67.3708 0.0000 0.0000 0.0000 0.0000 -68.2529 0.0000 0.0000 0.0000 -68.1563 0.0000 0.0000
0.0000 0.0000 -64.4670 -61.7129 -61.5699 -61.4380 -61.3134 -61.2010 -72.3613 -72.8136 -70.9897 -63.1409 -70.9841 -73.3552 -74.4651 -66.1782 -73.9517 -76.2638 -76.4308 -74.1275 -66.3463 -76.9437 -77.1671 -75.6845 -68.9121 -75.7180 -77.6499 -77.3172 -67.3766 -74.4372 -76.2462 -77.0212 -75.5804 -68.2191 -76.2672 -76.9538 -75.5218 -68.2136 -76.3564 -77.6522
-76.6677 -71.8554 -64.5704 -61.8692 -61.7274 -61.5956 -61.4720 -61.3609 -68.5531 -70.7936 -68.8262 -63.2880 -68.8230 -71.1877 -72.6822 -66.3222 -71.8185 -74.0522 -74.2368 -71.9512 -66.4887 -74.2280 -75.5688 -73.8661 -69.0732 -73.9113 -75.6216 -74.3273 -67.4744 -72.4972 -74.4758 -75.5572 -73.9568 -68.3006 -75.1494 -75.5467 -73.8749 -68.2908 -74.4751 -76.5100
-72.1407 -65.2369 -64.6983 -62.0193 -61.8802 -61.7497 -61.6292 -61.5185 -66.3878 -68.7764 -67.9445 -63.4315 -67.9429 -69.8661 -71.3390 -66.4503 -70.9094 -72.8348 -73.0555 -71.1285 -66.6433 -72.1439 -74.0713 -72.9463 -69.2128 -73.0268 -74.1940 -72.4579 -67.5667 -67.1762 -73.3305 -74.5191 -73.2578 -68.3839 -73.4783 -74.5576 -73.2540 -68.3749 -73.7675 -75.3615
0.0000 0.0000 -64.8197 -62.1660 -62.0295 -61.9016 -61.7824 -61.6742 -65.5075 -67.4718 -67.5091 -63.5670 -67.5128 -69.1238 -70.4888 -66.6059 -66.3528 -72.1219 -72.3150 -67.5193 -66.7844 -71.2764 -72.9297 -72.4297 -69.2435 -72.5247 -73.0591 -71.6092 -67.6526 -67.2928 -72.6062 -73.7644 -72.9281 -68.4685 -72.8265 -73.9627 -72.9975 -68.4614 -73.4787 -74.6966
0.0000 0.0000 -64.9376 -62.3073 -62.1750 -62.0491 -61.9261 -61.8180 -65.0847 -66.7054 -67.2858 -63.7144 -67.3344 -68.6828 -69.8832 -66.7481 -66.5029 -71.6687 -71.8617 -67.4586 -66.9236 -70.8683 -72.2251 -72.1169 -69.2762 -72.2069 -72.3286 -71.1563 -67.7338 -67.4020 -71.9169 -73.1899 -72.7550 -68.5528 -72.5504 -73.6051 -72.8888 -68.5509 -72.5447 -74.3033
0.0000 0.0000 -70.2651 -62.4390 -62.3108 -62.1894 -62.0801 -61.9734 0.0000 0.0000 0.0000 0.0000 -67.2592 -68.4109 -69.4775 -66.8933 -66.6504 -71.3866 -71.5608 -67.4757 -67.0637 0.0000 0.0000 0.0000 -69.3388 -72.0282 -71.8642 -70.9004 -67.8178 -67.5102 -71.1191 -72.8189 -72.6773 -68.6429 -72.4458 -73.2688 -72.8585 -68.6471 -72.5534 -74.0662
-76.8413 -70.4632 -68.1386 -62.5871 -62.4612 -62.3415 -62.2290 -62.1226 0.0000 0.0000 0.0000 0.0000 0.0000 0.0000 0.0000 -67.0303 -66.7974 -71.2169 -71.3895 0.0000 0.0000 0.0000 0.0000 0.0000 0.0000 0.0000 -71.5369 -70.7320 -67.8942 -67.6081 0.0000 0.0000 0.0000 0.0000 0.0000 0.0000 -73.4610 -68.7436 -72.5967 -73.7628
0.0000 0.0000 -67.2667 -62.7282 -62.6039 -62.4859 -62.3750 -62.2700 0.0000 0.0000 0.0000 0.0000 0.0000 0.0000 0.0000 -67.1683 -66.9390 -71.1045 -71.9493 0.0000 0.0000 0.0000 0.0000 0.0000 0.0000 0.0000 -72.2249 -70.6229 -67.9687 -67.7036 0.0000 0.0000 0.0000 0.0000 0.0000 0.0000 -69.4705 -68.8323 -72.5156 -73.5914
0.0000 0.0000 -66.8471 -62.8662 -62.7438 -62.6272 -62.5155 -62.4141 -62.5281 0.0000 0.0000 0.0000 0.0000 -80.8449 -80.5822 -67.2951 -67.0745 -71.0446 -71.8048 -81.4085 0.0000 0.0000 0.0000 0.0000 0.0000 0.0000 -72.0570 -71.1151 -68.0436 -67.7961 0.0000 0.0000 0.0000 0.0000 0.0000 0.0000 -69.5272 -68.8551 -72.5560 -73.5214
0.0000 0.0000 0.0000 -63.0004 -62.8808 -62.7665 -62.6562 -62.5561 -62.4737 -75.3021 -75.4422 -75.5610 -75.7181 -75.8369 -74.8866 -67.4249 -67.2121 -71.0182 -71.7132 -77.1866 -82.7940 -83.4487 -83.0884 -82.9214 -79.4522 -72.9182 -71.9899 -71.1121 -68.1102 -67.8782 0.0000 0.0000 0.0000 0.0000 0.0000 0.0000 -69.4830 -68.9287 -72.6185 -73.4305
0.0000 -73.4192 -71.0180 -63.1325 -63.0160 -62.9039 -62.7949 -62.6961 0.0000 0.0000 0.0000 0.0000 -77.2762 -79.4001 0.0000 0.0000 -67.3470 -71.0194 -71.6581 -72.3038 0.0000 0.0000 -81.9771 0.0000 0.0000 -72.7948 -72.0173 -71.2195 -68.4799 -67.9725 -73.6287 -77.0805 -77.3683 -77.7312 -78.6947 -75.8921 -69.5232 -69.0183 -72.6475 -73.4381
0.0000 0.0000 0.0000 -63.2653 -63.1500 -63.0369 -62.9322 -62.8345 -74.7387 -75.0067 -75.3258 -75.8040 -76.0402 -76.2345 -76.4386 -75.2214 -67.4697 -71.0257 -71.5853 -72.2132 -81.9283 -81.3659 -80.7362 -81.7102 -81.5017 -72.5402 -71.9302 -71.2966 -68.6231 -68.2997 -72.1654 -73.7182 -75.8031 -76.3961 -75.7292 -74.1482 -69.5959 -69.0876 -72.7210 -73.6056
0.0000 0.0000 0.0000 -63.3952 -63.2818 -63.1703 -63.0672 -62.9707 -70.2632 -72.6038 -73.8441 -74.4968 -74.9373 -75.2723 -75.0513 -73.3852 -67.5998 -71.0550 -71.6406 -72.1753 -77.7030 -79.5497 -79.4820 -78.9071 -77.7385 -72.6672 -71.8333 -71.2851 -68.7661 -68.4603 -71.4727 -72.7338 -73.6419 -75.3892 -74.6470 -73.3305 -69.6204 -69.1796 -72.9303 -73.6576
-78.5886 -78.6957 -68.5930 -63.5218 -63.4109 -63.3016 -63.2002 -63.1034 -68.0913 -70.4989 0.0000 0.0000 -85.5785 0.0000 0.0000 -72.9876 -67.7355 -71.0974 0.0000 0.0000 -75.6555 0.0000 0.0000 0.0000 0.0000 0.0000 -71.7917 -71.2798 -68.8349 -68.6035 -71.6487 -72.1807 -73.0785 -73.7794 -73.9014 -72.9613 -69.6635 -69.3316 -73.0119 -73.7113
0.0000 0.0000 -67.9027 -63.6502 -63.5405 -63.4320 -63.3297 -63.2362 -67.2319 0.0000 0.0000 -81.7933 -81.0333 -80.7559 -77.3923 -72.2872 -67.8531 -71.0925 -80.8416 -81.4541 -79.2972 -82.5147 -82.0959 -81.1825 -81.8875 -78.3209 -71.7275 -71.2514 -68.8863 -68.5946 -71.4170 -72.5094 -72.6294 -73.2563 -72.8601 -72.7356 -69.7542 -69.4205 -73.0938 -73.7481
0.0000 0.0000 -67.5639 -63.7757 -63.6648 -63.5606 -63.4597 -63.3677 0.0000 0.0000 0.0000 0.0000 0.0000 0.0000 0.0000 -71.9591 -67.9483 -71.1499 -77.5344 0.0000 0.0000 0.0000 0.0000 0.0000 0.0000 0.0000 -71.7451 -71.2888 -68.8790 -68.6731 -71.2639 -72.1802 -73.0231 -72.9164 -72.6601 -72.2963 -69.8016 -69.5227 -73.2004 -73.8138
-79.6724 -79.4829 -67.3848 -63.8965 -63.7872 -63.6823 -63.5801 -63.4879 0.0000 0.0000 0.0000 0.0000 0.0000 0.0000 0.0000 -71.7830 -68.0720 -71.2173 0.0000 0.0000 0.0000 0.0000 0.0000 0.0000 0.0000 0.0000 -72.2839 -71.1468 -68.9423 -68.7474 -71.1234 -71.9534 -72.7078 -72.6398 -72.6416 -72.2752 -69.6163 -69.6183 -73.2977 -73.8690
0.0000 -74.0861 -67.3095 -64.0192 -63.9115 -63.8080 -63.7107 -63.6216 0.0000 0.0000 0.0000 0.0000 0.0000 0.0000 0.0000 -71.5841 -68.1902 -71.2809 0.0000 0.0000 0.0000 0.0000 0.0000 0.0000 0.0000 0.0000 -72.0758 -71.1736 -69.0155 -68.8030 -71.0612 -71.7922 -72.4715 -73.2406 -72.5526 -72.2800 -69.6757 -69.5086 -73.3896 -73.9285
0.0000 0.0000 0.0000 -64.1409 -64.0339 -63.9319 -63.8372 -63.7495 -76.5149 -76.6170 0.0000 0.0000 -83.7161 -82.8687 -77.9077 -71.5559 -68.3063 -71.3223 -71.5948 -80.5984 -80.5840 0.0000 0.0000 -83.2567 -80.5636 -72.6503 -72.1309 -71.1817 -69.0697 -68.8825 -71.0115 -71.6594 -72.3959 -72.9938 -73.1071 -72.2825 -69.7263 -69.5678 -73.4647 -73.3986
0.0000 0.0000 0.0000 -64.2581 -64.1520 -64.0548 -63.9651 -63.8781 -71.1961 -73.4978 -74.5401 -78.5482 -78.5144 -77.6786 -76.1129 -71.5211 -68.4077 -71.3015 -71.6406 -77.3861 -78.9558 -79.5701 -79.5560 -78.9700 -77.6518 -72.6097 -72.1162 -71.2178 -69.1396 -68.9546 -68.7906 -71.6867 -72.2653 -72.8196 -73.0516 -72.8671 -69.7872 -69.6362 -73.1177 -73.4706
-75.1196 -77.4294 -77.4182 -64.3648 -64.2657 -64.1742 -64.0840 -63.9979 -69.0281 -71.3441 -72.7807 -73.7038 -74.3369 -74.7982 -72.2517 -71.5371 -68.4736 -71.3681 -71.6897 -75.6486 -77.4434 -78.4277 -78.4773 -77.5868 -76.0471 -72.5168 -72.1724 -71.8233 -69.2234 -69.0442 -68.9352 -71.6411 -72.1704 -72.6843 -73.0187 -70.2840 -69.8486 -69.7044 -73.1522 -73.2001
-73.1621 -73.9314 -72.2428 -64.4819 -64.3884 -64.2951 -64.2047 -64.1190 -68.1279 -70.0496 -71.4868 -72.5330 -73.3039 -73.8891 -72.2143 -71.5685 -68.5822 -71.4353 -71.7410 -74.8715 -76.4287 -77.4924 -77.5624 -76.6090 -75.1513 -72.4825 -72.1652 -71.8805 -69.3096 -69.1947 -69.0295 -71.6190 -72.1041 -72.5809 -73.0039 -70.3333 -70.1896 -69.7728 -73.1879 -73.2225
-69.5991 -72.1847 -70.0917 -64.6030 -64.5061 -64.4128 -64.3234 -64.2384 -67.6906 -69.2694 -70.5790 -71.6228 -72.4462 -73.1001 -72.0579 -71.5122 -68.6889 -71.5030 -71.7939 -74.1843 -75.1542 -75.8791 -76.7201 -75.8350 -74.7147 -72.4580 -72.1558 -72.0067 -69.4667 -69.2909 -69.1263 -71.6067 -72.0606 -72.5033 -72.9364 -70.3841 -70.2388 -70.0981 -73.3102 -73.4386
-69.6797 -71.1452 -69.2130 -64.7166 -64.6210 -64.5289 -64.4406 -64.3566 -67.4611 -68.7826 -69.9462 -70.9327 -71.7534 -72.4268 -71.7896 -71.5297 -68.7936 -71.5708 -71.8481 -73.8982 -74.7314 -75.2976 -75.3926 -74.8526 -74.1193 -72.2807 -72.2833 -72.0314 -69.5638 -69.3896 -69.2252 -71.6188 -72.0360 -72.4472 -72.8537 -70.4364 -70.3416 -70.2711 -74.0616 -73.4900
-69.5901 -70.3760 -68.7835 -64.8297 -64.7352 -64.6441 -64.5566 -64.4733 -67.3399 -68.4680 -69.4999 -70.4118 -71.2026 -71.7690 -71.6451 -71.4432 -68.8966 -71.6385 -71.9024 -72.2101 -74.3211 -74.9283 -75.0308 -74.5578 -72.4705 -72.4052 -72.1890 -71.9788 -69.8925 -69.4900 -69.3258 -71.6434 -72.0274 -72.4093 -72.8656 -70.6361 -70.4924 -70.3547 -74.1235 -73.5461
0.0000 0.0000 0.0000 -64.9505 -64.8570 -64.7667 -64.6714 -64.5886 -67.2819 -68.2629 -69.1819 -70.0185 -70.6832 -71.3251 -71.5178 -71.3636 -68.9976 -71.6330 -71.8598 -72.1272 -74.0723 -74.6294 -74.7367 -74.3277 -72.5841 -72.4096 -72.2128 -72.0190 -69.9651 -69.5914 -69.4277 -71.6788 -72.1012 -72.4604 -72.8307 0.0000 0.0000 0.0000 0.0000 0.0000
-80.3144 0.0000 0.0000 -65.0621 -64.9688 -64.8793 -64.7929 -64.7104 -64.6323 -68.1450 -68.9722 -69.7433 -70.3417 -70.9664 -71.4076 -71.2925 -69.0969 -71.5383 -71.8122 -72.0761 -73.8694 -74.3823 -74.4924 -74.3596 -72.5742 -72.4174 -72.2371 -72.0580 -70.0357 -69.6934 -69.5702 -71.7938 -72.1220 -72.4517 -72.7989 0.0000 0.0000 0.0000 0.0000 0.0000
-75.5318 0.0000 0.0000 -65.1717 -65.0797 -64.9876 -64.9030 -64.8221 -64.7447 -68.0583 -68.8065 -69.4488 -70.0928 -70.6898 -71.2296 -71.2530 -69.1797 -71.5190 -71.7901 -72.0295 -73.7002 -74.1749 -74.5199 -74.2271 -72.5695 -72.4274 -72.2614 -72.0957 -70.1504 -69.8424 -69.6821 -71.8494 -72.1500 -72.4549 -72.7796 0.0000 0.0000 -80.9358 -80.6521 -80.3251
-73.7980 -80.1846 -73.0858 -65.2754 -65.1855 -65.0983 -65.0144 -64.9326 -64.8551 -68.0065 -68.6326 -69.2758 -69.8764 -70.4409 -70.9140 -71.1512 -69.2739 -71.4778 -71.7450 -72.0021 -73.5827 -74.2507 -74.4012 -74.1509 -72.5857 -72.4555 -72.3646 -72.2146 -70.2275 -69.9531 -69.7881 -71.9097 -72.1867 -72.4675 -72.7633 -78.6115 -79.4474 -79.2765 -79.1895 -79.1333
0.0000 0.0000 -70.9315 -65.3868 -65.2889 -65.2078 -65.1222 -65.0403 -64.9633 -67.9324 -68.5493 -69.1430 -69.7035 -70.1985 -70.6907 -71.1051 -69.3658 -71.4407 -71.7033 -71.9563 -73.6557 -74.1215 -74.2738 -74.0590 -72.5805 -72.5545 -72.4178 -72.2784 -70.3081 -70.0639 -69.8998 -71.9845 -72.2366 -72.4900 -72.7545 -77.0050 -77.4501 -77.3177 -77.2749 -78.0976
0.0000 0.0000 0.0000 -65.4931 -65.4010 -65.3125 -65.2229 -65.1464 -65.0460 -67.9242 -68.4912 -69.0400 -69.5357 -70.0343 -70.5038 -70.9433 -69.4549 -71.4068 -71.6644 -72.0616 -72.3800 -74.0134 -74.1620 -72.7653 -72.6807 -72.5812 -72.4545 -72.3192 -70.3709 -70.2557 -70.0023 -72.0426 -72.2728 -72.5149 -72.7607 -75.0492 -76.8877 -76.7263 -76.6717 -76.7676
-78.0842 -78.2682 -78.4666 -65.5887 -65.5005 -65.4146 -65.3312 -65.2253 -65.1507 -67.9286 -68.4523 -68.9355 -69.4292 -69.9002 -70.3473 -70.7693 -69.4851 -69.4218 -71.7791 -72.0571 -72.3221 -74.0640 -74.2311 -72.7757 -72.6986 -72.6073 -72.4811 -72.3501 -70.4315 -70.3188 -70.0972 -72.0994 -72.3123 -72.5358 -72.7625 -72.9996 -75.5402 -76.2114 -76.1574 -76.2601
