0.0000 -76.8301 -75.2873 -75.1157 -75.4174 -75.4587 -75.1159 -74.7096 -74.3103 -73.8410 -71.3546 -73.8354 -74.5013 0.0000 -74.3728 -75.4760 0.0000 -73.2867 -72.4197 -68.5937 -68.6266 -68.6631 -68.7070 -68.7584 -68.8167 -68.8844 -69.0090 -69.0941 -69.1856 -73.6017 0.0000 0.0000 0.0000 -69.7725 -70.5325 -70.2884 -64.1657 -63.4796 -55.7187 -55.6538
0.0000 0.0000 0.0000 -75.0874 -74.9243 -75.3670 -75.0526 -74.6922 -74.0797 -73.4026 -73.2841 -73.9542 -73.6666 -74.1732 -75.8182 0.0000 0.0000 0.0000 -68.6804 -68.6748 -68.7322 -68.7811 -68.8364 -68.8980 -68.9661 -69.0398 -69.1212 -69.2077 0.0000 -73.1597 -73.6274 0.0000 -68.4299 -77.4428 -64.6684 -64.2044 -63.4796 -55.8600 -55.7963 -55.7345
0.0000 -80.9991 0.0000 -76.1378 -75.0294 -74.3402 -75.1427 -74.5426 -73.7093 -70.9650 -73.1262 -73.6166 -74.1539 -75.2050 0.0000 0.0000 0.0000 -68.7425 -68.7706 -68.8206 -68.8542 -68.9140 -68.9776 -69.0468 -69.1217 -69.2038 -69.2885 0.0000 0.0000 0.0000 -72.4978 -71.5590 -72.5018 0.0000 0.0000 -63.5533 -56.0014 -55.9381 -55.8763 -55.8143
-79.0737 0.0000 0.0000 -76.5372 -75.7158 -74.5532 -74.7164 -74.3110 -73.2461 -73.0080 -73.6263 -73.8119 -74.9134 0.0000 0.0000 0.0000 -68.7718 -68.8395 -68.8997 -68.9442 -69.0234 -69.0555 -69.1249 -69.2016 -69.2818 -69.3682 -76.5408 0.0000 0.0000 0.0000 -69.8586 -70.1971 -71.2738 -72.5493 -56.2005 -56.1394 -56.0785 -56.0180 -55.9571 -55.8957
-76.0739 0.0000 0.0000 0.0000 -74.9825 -75.4765 -74.9014 -73.8854 -70.6811 -73.3438 -73.9716 -74.4850 -74.6926 -74.3381 0.0000 -68.8079 -68.8732 -68.9525 -69.0200 -69.0902 -69.1503 -69.2396 -69.2781 -69.3546 -70.2379 0.0000 0.0000 -76.4795 0.0000 -68.4724 -68.3422 -68.6066 -68.3835 -56.3352 -56.2752 -56.2158 -56.1566 -56.0968 -56.0374 -55.9781
-76.1838 -73.1384 0.0000 -77.7559 0.0000 -75.9454 -75.4400 -73.8483 -72.5301 -73.3779 -73.8156 -74.9558 -73.5192 -71.2876 -68.7087 -68.8968 -68.9922 -69.0682 -69.1447 -69.2226 -69.3023 -69.3884 -69.4728 -75.9694 0.0000 0.0000 0.0000 -67.6338 -67.3666 -66.5709 -66.7460 -65.5399 -56.4678 -56.4089 -56.3510 -56.2928 -56.2343 -56.1761 -56.1177 -56.0593
-72.9904 -75.7364 -73.5508 0.0000 0.0000 0.0000 -76.2660 -70.4788 -73.0868 -73.5778 -75.5345 -74.8874 -68.6974 -68.7431 -68.8174 -68.9015 -69.0844 -69.1817 -69.2697 -69.3574 -69.4434 -69.5389 0.0000 0.0000 -76.7941 0.0000 -67.0163 -66.6916 -65.8582 -65.8909 -64.9495 -56.5984 -56.5408 -56.4842 -56.4271 -56.3696 -56.3124 -56.2551 -56.1962 -56.1397
-76.0167 -73.1439 -73.8177 -74.4786 0.0000 0.0000 0.0000 -72.8490 -74.9104 0.0000 -73.2829 -68.7041 -68.7740 -68.8658 -68.9475 -69.0285 -69.1302 -69.2929 -69.3961 -69.4915 -69.5841 0.0000 0.0000 0.0000 -66.8289 -66.5893 -66.2895 -70.3599 0.0000 0.0000 -56.7261 -56.6708 -56.6153 -56.5593 -56.5029 -56.4468 -56.3884 -56.3325 -56.2770 -56.2212
-75.7019 -73.2979 -74.0620 -74.4919 -73.8852 0.0000 -74.8137 0.0000 0.0000 0.0000 0.0000 -68.6971 -68.8847 -68.9883 -69.0853 -69.1716 -69.2685 -69.2455 -69.5201 -69.6257 -74.9214 -76.0960 0.0000 -66.5459 -66.2964 -70.6015 -70.5084 -71.2378 0.0000 -56.8534 -56.7988 -56.7438 -56.6893 -56.6342 -56.5769 -56.5214 -56.4666 -56.4121 -56.3573 -56.3002
-75.1980 -73.5471 -74.2678 -74.1568 -73.4599 -70.6238 0.0000 0.0000 0.0000 -68.8183 -68.9215 -68.9448 -68.9226 -69.0173 -69.2194 -69.3200 -69.4184 -69.5059 -70.4380 0.0000 0.0000 -69.9984 -66.3605 -69.0098 -69.2950 -69.0057 -68.2100 -68.1743 -56.9765 -56.9247 -56.8713 -56.8175 -56.7611 -56.7068 -56.6523 -56.5987 -56.5452 -56.4913 -56.4350 -56.3780
-72.8414 -73.8090 -74.5036 -73.6789 -72.8210 -70.6337 -70.9861 0.0000 -68.7781 -68.9180 -69.0406 -69.1545 -69.1856 -69.1608 -69.2560 -69.4624 -69.5714 -76.6802 0.0000 0.0000 0.0000 -68.2387 -68.1682 -68.3665 -67.6708 -66.5679 -65.7085 -57.1006 -57.0483 -56.9938 -56.9410 -56.8878 -56.8346 -56.7810 -56.7287 -56.6760 -56.6229 -56.5676 -56.5117 -56.4817
-73.2225 -74.0693 -74.1045 -73.0209 -70.0924 -70.3568 -70.5760 -68.6134 -68.8807 -69.0298 -69.1612 -69.2857 -69.4043 -69.4345 -69.4065 -69.5019 0.0000 0.0000 -77.8817 0.0000 -67.6531 -67.5664 -67.8408 -67.1680 -65.8102 -65.0595 -57.2220 -57.1667 -57.1166 -57.0648 -57.0127 -56.9603 -56.9079 -56.8565 -56.8049 -56.7526 -56.6982 -56.6433 -56.6161 -56.5618
-73.8052 -74.7063 -73.5396 -72.1432 -69.7860 -69.7169 -68.5902 -68.7448 -68.8887 -69.1269 -69.2793 -69.4138 -69.5389 -69.6570 -69.6892 -77.5829 0.0000 0.0000 -66.9288 -69.0328 -71.6731 0.0000 0.0000 -65.4437 -64.8357 -57.3380 -57.2878 -57.2372 -57.1865 -57.1354 -57.0841 -57.0328 -56.9825 -56.9318 -56.8802 -56.8268 -56.7729 -56.7487 -56.6957 -65.4330
-75.4720 -74.6073 -72.9626 -69.3919 -68.3751 -68.5621 -68.7260 -68.8874 -69.0362 -69.1750 -69.3145 -69.5423 -69.6749 -69.7981 0.0000 -77.0519 0.0000 -69.0917 -69.2729 -70.8963 -71.6909 -72.8377 -65.2504 -57.5003 -57.4548 -57.4057 -57.3562 -57.3063 -57.2562 -57.2058 -57.1558 -57.1064 -57.0567 -57.0058 -56.9535 -56.9006 -56.8794 -56.8565 -65.3879 -66.2960
0.0000 -74.4689 -72.5273 -68.2918 -68.5046 -68.7028 -68.8859 -69.0507 -69.1936 -69.3352 -69.4736 -69.5986 -69.8696 0.0000 0.0000 0.0000 -68.3423 -68.3554 -69.3799 -69.6103 -69.4774 -65.1027 -57.6139 -57.5665 -57.5219 -57.4734 -57.4228 -57.3751 -57.3257 -57.2769 -57.2284 -57.1796 -57.1295 -57.0782 -57.0596 -57.0084 0.0000 -65.4718 -66.1486 -66.9521
0.0000 0.0000 -68.2217 -68.4508 -68.6517 -68.8579 -69.0451 -69.2148 -69.3747 -69.5044 -69.6400 -73.4521 -77.9907 0.0000 0.0000 -67.7605 -67.6655 -68.3589 -68.3757 -66.0536 -65.0758 -57.7260 -57.6774 -57.6327 -57.5888 -57.5405 -57.4920 -57.4436 -57.3960 -57.3485 -57.3007 -57.2513 -57.2010 -57.1858 -57.1358 -69.7682 0.0000 -76.0930 -66.6746 0.0000
0.0000 -68.0623 -68.3449 -68.5977 -68.8314 -68.9668 -69.1544 -69.3246 -69.4748 -69.6238 0.0000 0.0000 0.0000 0.0000 -68.7850 -67.1655 -66.9443 -67.8289 -66.1532 -65.5913 -57.8365 -57.7910 -57.7451 -57.6976 -57.6550 -57.6073 -57.5596 -57.5133 -57.4668 -57.4199 -57.3713 -57.3220 -57.3104 -57.2616 -67.0385 -69.9032 -73.6838 -66.3905 0.0000 0.0000
-67.7508 -68.1376 -68.4337 -68.6968 -68.9273 -69.1344 -69.3188 -69.4892 -69.6421 -72.5977 0.0000 0.0000 0.0000 -68.7609 -66.7802 -66.5570 -66.6636 -66.2423 -58.1242 -57.9489 -57.9052 -57.8562 -57.8110 -57.7650 -57.7207 -57.6736 -57.6301 -57.5846 -57.5387 -57.4909 -57.4425 -57.4350 -57.3873 -66.3624 0.0000 -70.8450 0.0000 -78.8729 0.0000 -68.0868
-67.9457 -68.2840 -68.5869 -68.8704 -69.1086 -69.3130 -69.5024 -69.6663 -75.1697 -75.8175 0.0000 0.0000 -69.6185 -66.4973 -69.2090 0.0000 0.0000 -58.2645 -58.0575 -58.0095 -57.9650 -57.9206 -57.8755 -57.8302 -57.7883 -57.7429 -57.6985 -57.6543 -57.6074 -57.5600 -57.5570 -57.5105 -66.1046 -73.8848 0.0000 0.0000 0.0000 0.0000 -67.9255 -67.4384
-68.1201 -68.4769 -68.7886 -69.0598 -69.3071 -69.5176 -69.6942 0.0000 0.0000 0.0000 -66.5845 -66.4790 -69.0349 -69.1684 -69.7507 -70.3818 0.0000 -58.1590 -58.1174 -58.0735 -58.0289 -57.9817 -57.9371 -57.8929 -57.8529 -57.8091 -57.7651 -57.7192 -57.6729 -57.6751 -57.6299 -66.0223 0.0000 -74.2504 -76.1711 0.0000 0.0000 -67.8469 -67.4790 -67.3683
-68.3389 -68.7087 -69.0252 -69.2953 -69.5271 -69.7280 -77.7883 -78.1852 0.0000 -66.4580 -67.4723 -68.2388 -68.3257 -68.3593 -68.3891 -68.4422 -58.2594 -58.2187 -58.1775 -58.1331 -58.0888 -58.0451 -58.0021 -57.9632 -57.9181 -57.8766 -57.8318 -57.7865 -57.7949 -57.7510 -66.0176 0.0000 0.0000 0.0000 0.0000 0.0000 -67.8293 -67.5218 -67.4109 -67.2682
-68.6037 -68.9706 -69.2926 -69.5621 -69.8199 0.0000 0.0000 -70.7827 -69.4438 -67.7297 -67.6843 -67.5853 -67.3839 -67.0830 -58.4688 -58.3612 -58.3213 -58.2810 -58.2393 -58.1955 -58.1516 -58.1097 -58.0681 -58.0301 -57.9869 -57.9429 -57.8985 -57.9140 -57.8966 -66.0594 -72.1078 0.0000 0.0000 0.0000 0.0000 -67.8710 -67.5661 -67.3933 -67.3147 -66.7400
-68.8614 -69.2424 -69.5710 -75.9084 0.0000 0.0000 0.0000 0.0000 -67.3152 -67.2144 -67.0463 -66.8140 -66.4457 -58.4939 -58.4575 -58.4225 -58.3831 -58.3428 -58.3013 -58.2581 -58.2160 -58.1753 -58.1342 -58.0960 -58.0529 -58.0729 -58.0356 -58.0177 -66.1348 -69.6908 0.0000 0.0000 0.0000 -72.2052 -67.9139 -67.6108 -67.4391 -67.3831 -66.7639 -66.7853
-69.1611 -69.5240 0.0000 0.0000 -77.4803 -68.6412 -68.7443 -66.9872 -66.8612 -66.6847 -66.4483 -66.1012 -58.5899 -58.5541 -58.5168 -58.4823 -58.4433 -58.4044 -58.3638 -58.3225 -58.2814 -58.2411 -58.1997 -58.1592 -58.1978 -58.1602 -58.1665 -66.2374 -69.0918 0.0000 0.0000 0.0000 -68.4805 -67.9429 -67.6291 -67.4846 -67.4258 -66.7872 -66.8067 -66.8586
-69.5457 0.0000 0.0000 0.0000 -66.8606 -66.8079 -66.7301 -66.6122 -66.4365 -66.2044 -65.8925 -58.6830 -58.6485 -58.6132 -58.5764 -58.5415 -58.5030 -58.4651 -58.4270 -58.3865 -58.3458 -58.3058 -58.2646 -58.3339 -58.2885 -66.1571 -66.3692 -66.7026 -70.0227 0.0000 0.0000 -68.3455 -67.8430 -67.6628 -67.5283 -67.4629 -66.8087 -66.8270 -66.9475 -67.5531
0.0000 -76.2592 0.0000 -66.6559 -66.6080 -66.5156 -66.4056 -66.2545 -66.0373 -58.8992 -58.7737 -58.7403 -58.7069 -58.6713 -58.6349 -58.6006 -58.5631 -58.5267 -58.4897 -58.4498 -58.4086 -58.3684 -58.4368 -58.4001 -66.3526 -66.5190 -66.7993 -69.7127 -74.1173 -73.9930 -68.1876 -67.8678 -67.6954 -67.5743 -67.5024 -66.8270 -66.8448 -67.4911 -67.6011 -67.7313
0.0000 0.0000 -66.4533 -66.4079 -66.3412 -66.2417 -66.1039 -65.9216 -58.8938 -58.8621 -58.8306 -58.7980 -58.7635 -58.7289 -58.6931 -58.6603 -58.6258 -58.5895 -58.5516 -58.5117 -58.4709 -58.5474 -58.4958 0.0000 -66.7503 -66.9856 -69.6433 -70.3156 -73.6725 -68.1849 -67.8096 -67.6808 -67.5573 -67.4727 -66.7859 -66.8611 -67.5331 -67.6543 -67.7879 0.0000
-66.7162 -65.0659 -66.2457 -66.1820 -66.1010 -65.9810 -65.8234 -58.9813 -58.9525 -58.9177 -58.8869 -58.8541 -58.8205 -58.7860 -58.7522 -58.7211 -58.6873 -58.6514 -58.6135 -58.5726 -58.6538 -58.6085 -71.0155 0.0000 0.0000 -69.7501 -70.3427 -72.8956 -68.9161 -67.8623 -67.7358 -67.6093 -67.5240 -66.8146 -66.8298 -67.5392 -67.6700 -67.8153 0.0000 0.0000
-64.9032 -66.1052 -66.0536 -65.9797 -65.8709 -65.7409 -59.0633 -59.0365 -59.0084 -58.9752 -58.9417 -58.9101 -58.8771 -58.8447 -58.8119 -58.7816 -58.7484 -58.7121 -58.6746 -58.7600 -58.7165 -70.6891 -70.9833 -73.4717 0.0000 0.0000 -70.5133 -69.2591 -67.9715 -67.8545 -67.7018 -67.5745 -66.8428 -66.8583 -67.6026 -67.7690 -68.5704 0.0000 0.0000 -78.4816
-64.7776 -65.9375 -65.8726 -65.7872 -65.6742 -59.1417 -59.1177 -59.0917 -59.0635 -59.0302 -58.9978 -58.9660 -58.9353 -58.9040 -58.8718 -58.8414 -58.8085 -58.8615 -58.8649 -58.8234 -69.3203 -70.3199 -70.9228 -71.7568 -72.1805 0.0000 0.0000 -68.0310 -67.9088 -67.7535 -67.6646 -66.9004 -66.9127 -67.7298 -67.8658 0.0000 0.0000 -78.2832 -78.4445 -75.9683
-65.8288 -65.7803 -65.7076 -59.2649 -59.2203 -59.1971 -59.1720 -59.1460 -59.1182 -59.0854 -59.0537 -59.0242 -58.9941 -58.9632 -58.9311 -58.9007 -58.9638 -58.9649 -58.9289 -68.6698 -69.3699 -70.3022 -70.1951 -71.0901 -71.6658 0.0000 -68.0825 -67.9229 -67.7734 -67.6915 -66.9135 -66.9327 -67.8643 -68.0527 -72.9670 0.0000 0.0000 0.0000 -76.1656 -75.2417
-65.6851 -65.6440 -59.3155 -59.2955 -59.2755 -59.2526 -59.2272 -59.2001 -59.1734 -59.1412 -59.1117 -59.0828 -59.0530 -59.0220 -58.9899 -59.0651 -59.0178 -59.0311 -68.3344 -68.9093 -69.5784 -70.3087 -70.1290 -70.7877 -71.1121 -67.9671 -67.8619 -67.7199 -67.6338 -66.8598 -66.8830 -68.0027 -68.1839 -71.3056 -73.2918 -75.3415 0.0000 0.0000 0.0000 -74.5904
-65.4757 -59.3674 -59.3530 -59.3349 -59.3178 -59.2964 -59.2733 -59.2569 -59.2297 -59.1997 -59.1705 -59.1418 -59.1119 -59.0808 -59.1607 -59.1172 -59.1280 -68.1385 -68.7412 -69.2163 -69.7584 -69.7030 -69.8719 -68.1928 -67.9856 -67.8862 -67.7368 -66.8642 -66.8619 -66.9070 -68.5130 -68.5140 -68.7119 -72.4049 -73.7894 -75.8401 -75.9512 0.0000 -74.4702 -74.5989
-59.4306 -59.4194 -59.4061 -59.3878 -59.3705 -59.3500 -59.3275 -59.3046 -59.2809 -59.2508 -59.2235 -59.1955 -59.1665 -59.2616 -59.2128 -59.1945 -68.0274 -68.8202 -69.1150 -69.5191 -69.8123 -69.4186 -68.0882 -68.0101 -67.8915 -67.7516 -66.8504 -66.8586 -68.0730 0.0000 0.0000 -69.2896 -72.9593 -74.0666 -74.6498 -75.5849 -76.3806 -73.3135 -73.4880 -73.5501
-59.4822 -59.4728 -59.4593 -59.4409 -59.4243 -59.4040 -59.3836 -59.3619 -59.3388 -59.3094 -59.2803 -59.2531 -59.3563 -59.3080 -59.2870 -67.9358 0.0000 0.0000 -69.7487 -70.0277 -69.1648 -68.2422 -68.1098 -67.9172 -67.7531 -66.8354 -66.8543 -68.6147 0.0000 0.0000 0.0000 0.0000 -73.6515 -74.6499 -75.6409 -76.0575 -74.1903 -74.2723 -73.8412 -73.3919
-59.5353 -59.5243 -59.5117 -59.4945 -59.4764 -59.4607 -59.4409 -59.4198 -59.3969 -59.3711 -59.3381 -59.4538 -59.4060 -66.7429 -67.3715 0.0000 0.0000 0.0000 0.0000 -68.9123 -68.2915 -68.1650 -68.0420 -67.8845 -66.9162 -66.9400 0.0000 0.0000 0.0000 0.0000 0.0000 0.0000 -74.1480 -75.0514 -75.5382 -74.4116 -74.4343 -74.2873 -73.7876 -75.7570
-59.5884 -59.5778 -59.5648 -59.5504 -59.5321 -59.5181 -59.4988 -59.4780 -59.4550 -59.4299 -59.6072 -59.5034 -66.8233 -67.3233 -72.3329 0.0000 0.0000 0.0000 0.0000 -68.3275 -68.1967 -68.0752 -67.8748 -66.8882 -66.9338 0.0000 0.0000 0.0000 0.0000 0.0000 0.0000 0.0000 0.0000 -74.7576 -74.6604 -74.6159 -74.4137 -74.4118 -73.8047 -76.2511
-59.6486 -59.6379 -59.6249 -59.6072 -59.5895 -59.5756 -59.5568 -59.5355 -59.6880 -59.7487 -59.6027 -66.9182 -67.3441 -69.0663 -71.7698 -72.1191 0.0000 -71.7146 -68.3773 -68.2254 -68.1014 -67.8949 -66.8500 -66.9237 0.0000 0.0000 0.0000 0.0000 0.0000 0.0000 0.0000 0.0000 0.0000 -75.0071 -74.7858 -74.6724 -74.2770 -74.0173 -74.6324 -76.2994
-59.7055 -59.6961 -59.6850 -59.6714 -59.6521 -59.6336 -59.6148 -59.9893 0.0000 0.0000 -67.1727 -67.5210 -68.4850 -69.3516 -71.4102 -71.7011 -70.2919 -68.1833 -68.2006 -68.0916 -67.8976 -66.8394 -66.8626 0.0000 0.0000 0.0000 0.0000 0.0000 0.0000 0.0000 0.0000 0.0000 0.0000 0.0000 -74.8155 -74.4123 -74.5794 -74.2191 -75.7919 -76.1600
-59.7623 -59.7540 -59.7433 -59.7303 -59.7111 -59.6973 -68.0929 0.0000 0.0000 -67.7504 -67.6512 -68.3966 -69.0433 -69.6974 -70.7850 -69.9797 -68.1947 -68.0597 -67.9470 -67.7580 -66.7097 -66.7465 -69.7248 0.0000 0.0000 0.0000 0.0000 0.0000 0.0000 0.0000 0.0000 0.0000 0.0000 0.0000 0.0000 0.0000 -74.2639 -74.2786 -75.7079 -74.1515
