-72.4236 -72.0592 -70.4754 -70.5710 -70.5704 -70.5668 -70.5572 -70.5386 -73.0685 0.0000 0.0000 0.0000 -77.2713 -73.6477 -74.6563 -75.1431 -74.7201 -78.1662 -79.8106 -76.3882 -76.0311 -81.3242 -81.9002 0.0000 -76.1091 -73.8329 -73.5784 -73.3075 -73.0801 -73.0327 -72.8070 -72.6536 -72.4511 -72.6296 0.0000 0.0000 0.0000 -73.8450 0.0000 0.0000
-71.9719 -70.4650 -70.5666 -70.5702 -70.5698 -70.5633 -70.5552 0.0000 -80.4082 -78.9800 0.0000 0.0000 -74.2424 -74.4257 -74.8682 -72.8754 0.0000 -79.8007 -75.9547 -74.1237 0.0000 0.0000 -81.0538 -74.0734 -73.8615 -73.6209 -73.3758 -73.1408 -73.0783 -72.8700 -72.6732 -72.5356 -72.3529 -76.2402 -77.6766 -77.8522 0.0000 -73.8907 0.0000 0.0000
-70.4518 -70.4648 -70.5683 -70.5721 -70.5744 -70.5660 0.0000 0.0000 0.0000 -79.4478 -76.8546 0.0000 -74.5801 -72.6855 -72.9899 -73.6610 0.0000 -74.0264 -73.9676 0.0000 0.0000 0.0000 -74.1353 -73.8580 -73.6100 -73.4189 -73.2060 -73.1744 -72.9988 -72.7538 -72.5190 -72.3919 -72.5227 -76.1841 -76.8988 -78.1873 -78.5937 -73.3077 -78.6992 -78.7229
-70.4458 -70.4665 -70.4751 -70.4835 -70.4824 -72.4408 -72.7238 0.0000 0.0000 -76.3777 -73.2026 -72.1930 -72.5237 -72.9467 -75.1035 -75.5905 -73.8516 -73.8355 0.0000 -81.9208 -77.9189 -74.1606 -73.9167 -73.6899 -73.4300 -73.2152 -73.0572 -73.1053 -72.8865 -72.6664 -72.4234 -72.5304 -72.4198 -76.9217 -77.2283 -77.6633 -78.1322 -73.8388 -78.1639 -78.1719
-70.3470 -70.4539 -70.4679 -70.4735 -71.8998 -72.4620 -72.7225 -72.8598 -72.6976 -72.7852 -72.0869 -72.3673 -74.1968 -74.7360 -73.8198 -73.7467 0.0000 0.0000 0.0000 -76.8363 -74.1585 -73.9443 -73.7206 -73.5536 -73.2990 -73.0842 -73.1617 -72.9813 -72.7719 -72.5739 -72.5269 -72.8468 -76.1976 -76.3556 -76.6417 -77.2018 -77.6917 -73.9205 -77.6465 -77.7478
-70.4327 -70.4517 -70.4621 -71.6738 -72.1081 -72.4715 -72.2055 -72.2215 -72.2657 -71.9706 -73.6058 -73.7599 -74.3869 -73.5604 -73.5411 0.0000 -82.5430 0.0000 -76.4142 -74.1982 -73.9682 -73.7434 -73.5843 -73.3349 -73.1488 -73.1547 -73.0532 -72.8399 -72.6343 -72.8662 -72.9022 -72.9307 -75.8921 -76.0154 -76.3158 -76.7550 -77.2194 -74.0078 -77.2822 -77.2189
-70.3949 -70.4198 -71.5198 -71.8569 -72.0932 -72.1144 -72.1228 -72.1356 -73.2876 -73.6056 -73.8266 -74.0056 -73.5652 -73.5361 0.0000 0.0000 0.0000 -76.0263 -74.2100 -73.9905 -73.7652 -73.6065 -73.3618 -73.1808 -73.0136 -73.0160 -72.9477 -73.1678 -73.0556 -73.1303 -72.9649 -73.1851 -75.6454 -75.7786 -76.0885 -76.5234 -77.0008 -74.2267 -77.3830 -77.1664
-70.4033 -71.4357 -71.7113 -71.9740 -72.0057 -73.5410 -73.5840 -73.3373 -73.6437 -73.8295 -74.0463 -73.6111 -76.2988 -81.6186 0.0000 0.0000 -74.5802 -74.2322 -74.0065 -73.7777 -73.6206 -73.3791 -73.2147 -73.0382 -73.1596 -73.3282 -73.4397 -73.3187 -73.3742 -73.2370 -73.1825 -75.8748 -75.7406 -75.8859 -76.2072 -76.6453 -77.1226 -74.3759 -76.8722 -76.5506
-71.3688 -71.6039 -71.8606 -73.4958 -73.5128 -73.5764 -73.5201 -73.6996 -73.8667 -74.0605 -74.1834 0.0000 0.0000 0.0000 0.0000 -74.5260 -74.2508 -74.0153 -73.7814 -73.6191 -73.3817 -73.2195 -73.0478 -73.1987 -73.9355 -73.6913 0.0000 0.0000 -73.7091 -73.5182 -73.4314 0.0000 0.0000 0.0000 0.0000 0.0000 0.0000 0.0000 0.0000 0.0000
-71.5200 -73.3381 -73.4847 -73.5462 -73.6185 -73.6304 -73.9200 -73.9293 -74.0999 -75.3274 -76.5584 0.0000 0.0000 0.0000 -74.5318 -74.2612 -74.0117 -73.7693 -73.6031 -73.3662 -73.2044 -73.0369 -76.0341 0.0000 0.0000 -79.0999 0.0000 0.0000 0.0000 0.0000 -78.0576 0.0000 0.0000 0.0000 0.0000 0.0000 0.0000 0.0000 0.0000 0.0000
-73.3493 -73.5278 -73.6113 -73.6922 -73.7091 -75.0964 -75.2618 -75.2250 -75.4464 -75.7218 -76.7002 -76.8832 -77.2664 -74.5724 -74.2581 -73.9877 -73.7327 -73.5601 -73.3239 -73.1643 -73.0015 -73.0948 -78.9300 0.0000 0.0000 -79.1277 0.0000 0.0000 0.0000 0.0000 -76.1080 -74.7267 -74.8025 -74.8824 -74.9844 -76.6220 0.0000 0.0000 -77.7847 -78.0353
-73.6218 -73.7104 -74.9037 -74.9471 -75.4098 -75.5718 -75.7139 -75.6290 -75.7891 -76.4257 -76.3214 -75.5747 -74.1522 -73.8676 -73.6307 -73.6436 -73.2743 -73.0553 -73.0867 -72.9292 -72.7929 -75.3872 0.0000 0.0000 0.0000 -79.2068 -78.3700 -76.5914 -74.3220 -74.2504 -73.7256 -74.5868 -76.1301 -76.1112 -76.3141 -76.4069 -77.3501 -77.5608 -77.7227 -77.8868
-75.4529 -75.4778 -75.3887 -75.8007 -75.9184 -76.0371 -76.2116 -75.9708 -76.1159 -76.1363 -75.5371 -74.2059 -73.8722 -73.5935 -73.5358 -73.1577 -72.9278 -72.7783 -72.6797 -72.5534 -73.3762 -73.6786 -74.3124 -74.7525 -74.8302 -74.1295 -74.0780 -73.8404 -75.2887 -75.3025 -75.0302 -75.8771 -75.7569 -75.8880 -76.2491 -77.0926 -77.2341 -77.1380 -77.0588 -77.0413
0.0000 0.0000 0.0000 -78.2805 -77.9564 -76.4915 -76.6127 -76.2382 -76.2938 -75.6381 -74.3161 -73.8962 -73.5520 -73.4371 -73.0428 -72.8114 -72.6624 -71.6846 -71.6603 -72.9809 -73.1616 -73.6068 -73.7723 -73.8087 -73.7683 -75.7634 -75.5528 -75.1626 -75.0245 -75.1072 -75.3350 -75.6153 -75.6135 -75.5924 -75.9117 -76.7961 -76.6138 -76.9778 -76.8947 -76.8637
0.0000 0.0000 0.0000 0.0000 0.0000 0.0000 0.0000 -77.6409 -74.8628 -74.5238 -73.9157 -73.4607 -73.1344 -72.8622 -71.7129 -71.7049 -71.6973 -71.6813 -71.8412 -72.8202 -73.0008 -73.5675 -75.9282 0.0000 0.0000 -77.2083 -75.9242 -75.1941 -75.0673 -74.9600 -74.9933 -74.9067 -74.8012 -74.8086 0.0000 0.0000 0.0000 0.0000 0.0000 -78.4466
0.0000 0.0000 0.0000 0.0000 0.0000 0.0000 0.0000 -76.0335 -75.1401 -74.3184 -73.1959 -71.7945 -71.7754 -71.7312 -71.7242 -71.7182 -71.7002 -71.8140 -72.5867 -72.6843 0.0000 0.0000 0.0000 0.0000 0.0000 -76.9446 -75.6804 -75.1107 -74.7436 -74.5885 -74.6194 -74.5185 -73.5246 -73.6244 0.0000 0.0000 0.0000 0.0000 0.0000 0.0000
0.0000 0.0000 0.0000 0.0000 0.0000 0.0000 0.0000 -75.6298 -72.0386 -72.0119 -71.9961 -71.8330 -71.7538 -71.7474 -71.7408 -71.7268 -71.8367 -72.4207 -72.4791 -73.3986 0.0000 0.0000 0.0000 0.0000 0.0000 -76.5936 -75.0099 -74.3458 -74.0218 -73.1004 -73.2841 -73.2991 -73.3593 -73.3106 0.0000 0.0000 -82.6186 -78.6184 -77.9291 0.0000
-72.6770 -72.7897 -72.8692 -72.9450 -73.0195 -73.0915 -72.9135 -71.9662 -71.9709 -71.9906 -71.9782 -71.9309 -71.9036 -71.8056 -71.7559 -71.8629 -72.3189 -72.3447 -72.4060 -73.3541 -73.7782 0.0000 0.0000 0.0000 0.0000 -72.9999 -72.9128 -72.8928 -72.9271 -73.0584 -73.2399 -73.2319 -73.3026 -73.4411 0.0000 0.0000 -80.9002 -77.6973 -77.0582 0.0000
-72.5478 -72.6605 -72.7331 -72.7875 -72.7977 -71.9352 -71.9386 -72.0678 -71.9740 -71.9668 -71.9356 -71.9407 -71.9250 -71.8949 -71.9883 -72.2976 -72.2606 -72.3015 -72.3573 -73.4407 -73.7395 -73.8345 -74.2066 -74.2917 -74.0043 -72.7823 -72.7402 -72.7449 -72.8246 -73.0301 -73.1793 -73.1963 -73.2713 -73.4154 0.0000 0.0000 -77.2635 -76.5701 -74.8281 0.0000
-72.2439 -72.2845 -72.5815 -72.5926 -71.8760 -71.8950 -72.0331 -71.9484 -71.9475 -71.9224 -71.9324 -71.9387 -71.9364 -72.0350 -72.0203 -72.2962 -72.2968 -72.3041 -73.3065 -73.5221 -73.6504 -73.6682 -73.7000 -73.6223 -72.5936 -72.5245 -72.6562 -72.6821 -72.7872 -72.9526 -73.0843 -73.1331 -73.2344 -73.3961 -74.0035 -74.3751 -74.3662 -74.3946 -74.4791 -75.0211
-72.4754 -72.2372 -72.2267 -71.6166 -71.8501 -71.9879 -71.9142 -71.9156 -71.8974 -71.9141 -71.9274 -71.9378 -71.9415 -72.0623 -72.2892 -72.2689 -72.2872 -72.3167 -73.4963 -73.5904 -73.5277 -73.5248 -73.4062 -72.5335 -72.4576 -72.4080 -72.3922 -72.4840 -72.6000 -72.7731 -73.0401 -73.0928 -73.2111 -73.3635 -73.9172 -74.2067 -74.1763 -74.1885 -74.2675 -74.7456
-72.4592 -72.4436 -71.8492 -71.6386 -71.7534 -71.6731 -71.8903 -71.8754 -71.8924 -71.9098 -71.9200 -71.9268 -72.0506 -72.2553 -72.2562 -72.2716 -72.2816 -73.5144 -73.5360 -73.5001 -73.3411 -73.2683 -72.5574 -72.4712 -72.3976 -72.3654 -72.3665 -72.4253 -72.5480 -72.7600 -72.8290 -72.8920 -73.0126 -73.1569 -73.8334 -74.0233 -73.9865 -73.9775 -74.0432 -74.4833
-72.4300 -71.8753 -71.8780 -71.9957 -71.9106 -71.6950 -71.6651 -71.6703 -71.8917 -71.9082 -71.9176 -72.0411 -72.2121 -72.2065 -72.2160 -72.2470 -72.2968 -73.4998 -73.4525 -73.2925 -73.2369 -73.1934 -72.5426 -72.4250 -72.3677 -72.3367 -72.3592 -72.4320 -72.5605 -72.7275 -72.7694 -72.8740 -72.9939 -73.1114 -73.5628 -73.6639 -73.6243 -73.6357 -73.8657 -73.9856
-71.8604 -71.8847 -72.0094 -71.9347 -71.9394 -71.9043 -71.9083 -71.6991 -71.7064 -71.7061 -71.8121 -72.0909 -72.1725 -72.1789 -72.2059 -72.2316 -73.4277 -73.4249 -73.2680 -73.2027 -73.1361 -72.5947 -72.5036 -72.4226 -72.3737 -72.3299 -72.3619 -72.4590 -72.5815 -72.7468 -72.7773 -72.8504 -72.9447 -73.0521 -73.4898 -73.5213 -73.4901 -73.5068 -73.5489 -73.6693
-71.9672 -71.9974 -71.9342 -71.9431 -71.9189 -71.9336 -71.9407 -71.9426 -71.9436 -71.8332 -71.8503 -71.9372 -71.9335 -72.1640 -72.1853 -72.2303 -73.3499 -73.2325 -73.1845 -73.1188 -72.6534 -72.5619 -72.4748 -72.4215 -72.3753 -72.3705 -72.4144 -72.4913 -72.6213 -72.7434 -72.7832 -72.8396 -72.9320 -73.0321 -73.4010 -73.3741 -73.3793 -73.3743 -73.4533 -74.0484
-72.0027 -71.9274 -71.9376 -71.9232 -71.9342 -71.9436 -71.9570 -71.9629 -72.0707 -72.0894 -71.9481 -71.9444 -71.9428 -71.9528 -71.9685 -73.2284 -73.1895 -73.1419 -73.0959 -72.7121 -72.6363 -72.5504 -72.4679 -72.4118 -72.3790 -72.3886 -72.4437 -72.5457 -72.6734 -72.7446 -72.7744 -72.8326 -72.9219 -73.0156 -73.3440 -73.2860 -73.2447 -73.2738 -73.8357 -73.9721
-71.9379 -71.9492 -71.9210 -71.9324 -71.9495 -71.9586 -71.9710 -72.0731 -72.0928 -72.1661 -72.1655 -72.1694 -71.9674 -71.9787 -71.9606 -72.9202 -72.8594 -73.0709 -73.0136 -72.6648 -72.5947 -72.5220 -72.4675 -72.4141 -72.3942 -72.4164 -72.4790 -72.5837 -72.7093 -72.7583 -72.7848 -72.8368 -72.9140 -73.0014 -73.2641 -73.1987 -73.1848 -73.6572 -73.8113 -73.8954
-71.9546 -71.9355 -71.9472 -71.9495 -71.9582 -71.9750 -72.0724 -72.0911 -72.1691 -72.1712 -72.1763 -72.1890 -72.1909 -72.1610 -71.9968 -72.8547 -72.8234 -72.7600 -72.4618 -72.6270 -72.5578 -72.5028 -72.4479 -72.4211 -72.4165 -72.4498 -72.5285 -72.6241 -72.7318 -72.7569 -72.7871 -72.8502 -72.9257 -72.9895 -73.1960 -73.1414 -73.1374 -73.6803 -73.7838 -73.7739
-71.9433 -71.9568 -71.9665 -71.9880 -71.9888 -72.0827 -72.1072 -72.1320 -72.1644 -72.1713 -72.1930 -72.1917 -72.1513 -72.1765 -73.1417 -73.0646 -72.7854 -72.5139 -72.4469 -72.3777 -72.3101 -72.4810 -72.4377 -72.4169 -72.4360 -72.4871 -72.5698 -72.6556 -72.7574 -72.7592 -72.7919 -72.8533 -72.9193 -72.9928 -73.1481 -73.0940 -73.5854 -73.7050 -73.6965 -73.7638
-71.9061 -71.9912 -71.9998 -72.0067 -72.0086 -72.1043 -72.1253 -72.1632 -72.1722 -72.1827 -72.1952 -72.1517 -72.1623 -72.2049 -73.0481 -73.0138 -72.7758 -72.7132 -72.4365 -72.3684 -72.3124 -72.2579 -72.2211 -72.4223 -72.4504 -72.5125 -72.6048 -72.6776 -72.7551 -72.7637 -72.7978 -72.8571 -72.9191 -72.9863 -73.0978 -73.5490 -73.6412 -73.7049 -73.6980 -73.7586
-71.9515 -71.9504 -71.9484 -72.0203 -72.1189 -72.1373 -72.1560 -72.1616 -72.1843 -72.1673 -72.1559 -72.1551 -72.1858 -73.0313 -73.0045 -72.9906 -72.7508 -72.6879 -72.6224 -72.5576 -72.3117 -72.2630 -72.2344 -72.2341 -72.2611 -72.5350 -72.6118 -72.6999 -72.7565 -72.7691 -72.8038 -72.8607 -72.9207 -72.9826 -73.5277 -73.5917 -73.6855 -73.6738 -73.7188 -73.7379
-71.9949 -71.9938 -71.9841 -72.0663 -72.1447 -72.1633 -72.1721 -72.1817 -72.1743 -72.1698 -72.1608 -72.1745 -72.1520 -72.9972 -72.9849 -72.7883 -72.7290 -72.6662 -72.6021 -72.5491 -72.4948 -72.4546 -72.2526 -72.2607 -72.2983 -72.3396 -72.4074 -72.7030 -72.7482 -72.7745 -72.8088 -72.8633 -73.5992 -73.6513 -74.3433 -74.4064 -74.4079 -74.4240 -74.4510 -74.4274
-72.0347 -72.0357 -72.1095 -72.1152 -72.1178 -72.1209 -72.1931 -72.1945 -72.1723 -72.1657 -72.1768 -72.1431 -72.9897 -72.9762 -72.8253 -72.7703 -72.7104 -72.6480 -72.5857 -72.5359 -72.4866 -72.4534 -72.4444 -73.1868 -72.9994 -73.0458 -73.0909 -73.1573 -73.1749 -73.4431 -73.4880 -73.5296 -73.5784 -74.2620 -74.3903 -74.3963 -74.3945 -74.4041 -74.4378 -74.7973
-72.0674 -72.1439 -72.1546 -72.1535 -72.1570 -72.1641 -72.1647 -72.2026 -72.1909 -72.1796 -72.1969 -72.1704 -72.9731 -73.9954 -73.7574 -73.6685 -73.5722 -73.4762 -73.3940 -73.3093 -73.2386 -73.1902 -73.1723 -73.1767 -73.2006 -73.2538 -73.1003 -73.1566 -73.1636 -73.1779 -73.2160 -73.5035 -74.1543 -74.3261 -74.3755 -74.4055 -74.3927 -74.4047 -74.8441 -74.7312
-72.1685 -72.1723 -72.1750 -72.1874 -73.1945 -73.1800 -73.1696 -73.1182 -73.0711 -73.1113 -73.0202 -74.0011 -73.9975 -73.8050 -73.7228 -73.6306 -73.5420 -73.4492 -73.3712 -73.2917 -73.2275 -73.1877 -73.1715 -73.1740 -73.1994 -73.2503 -73.2993 -73.3618 -73.1548 -73.1504 -73.1716 -73.7444 -73.9251 -74.0564 -74.4318 -74.4121 -74.4045 -74.4166 -74.8411 -74.6897
-73.3168 -73.2800 -73.2524 -73.2193 -73.2229 -73.2379 -73.1941 -73.1508 -73.1186 -73.0113 -73.0655 -74.0126 -73.8327 -73.7990 -73.7093 -73.6165 -73.5231 -73.4468 -73.3604 -73.2841 -73.2258 -73.1897 -73.1695 -73.1752 -73.2000 -73.2471 -73.2730 -73.3064 -73.2845 -73.2856 -73.1223 -73.8321 -73.9756 -74.1360 -74.2015 -74.1381 -74.4273 -74.8319 -74.8381 -74.6576
-73.3649 -73.3270 -73.2861 -73.2722 -73.2970 -73.2723 -73.2325 -73.2055 -73.0875 -73.0730 -73.1119 -73.8439 -73.8725 -73.7862 -73.7042 -73.6102 -73.5162 -73.4350 -73.3497 -73.2815 -73.2281 -73.1853 -73.1695 -73.1747 -73.1778 -73.1848 -73.2108 -73.2351 -73.2157 -73.2284 -73.9444 -74.1230 -74.0795 -74.2163 -74.2881 -74.1655 -74.5286 -74.5406 -74.8139 -74.4030
-73.4245 -73.3708 -73.3505 -73.3855 -73.3563 -73.3070 -73.2751 -73.1500 -73.1329 -73.1646 -74.8599 -73.9193 -73.8569 -73.7880 -73.6935 -73.6077 -73.5224 -73.4304 -73.3464 -73.2767 -73.2199 -73.1719 -73.1250 -73.1030 -73.1091 -73.1183 -73.1458 -73.1559 -73.1571 -73.8423 -74.0414 -74.2348 -74.4193 -74.5442 -74.3357 -74.5576 -74.5568 -74.3162 -74.2614 -74.1148
-73.4853 -73.4452 -73.4905 -73.4514 -73.3953 -73.3540 -73.3227 -73.1740 -73.2002 -73.2426 -73.9999 -73.9887 -73.8900 -73.7827 -73.6651 -73.5969 -73.5195 -73.4270 -73.3441 -73.2534 -73.1541 -73.0914 -73.0531 -73.0375 -73.0477 -73.0602 -73.0903 -73.1004 -73.7297 -73.9652 -74.1781 -74.3702 -74.5409 -74.6404 -74.9883 -74.8348 -74.3392 -74.3395 -74.2474 -74.0958
-73.5709 -73.6054 -73.5687 -73.5145 -73.4587 -73.4136 -73.2434 -73.2444 -73.2711 -74.0597 -74.0578 -73.9960 -73.9015 -73.8036 -73.6949 -73.5882 -73.5077 -73.4130 -73.2759 -73.1577 -73.0709 -73.0154 -72.9907 -72.9819 -72.9969 -73.0128 -73.0447 -73.0546 -73.8913 -74.1331 -74.3332 -74.5127 -74.6720 -75.1324 -75.0263 -74.5916 -74.5856 -74.5796 -74.2346 -74.0768
