-81.7805 -81.7173 -81.4064 -81.3753 -80.6917 -80.6778 -80.6683 -80.6657 -80.6559 -80.6444 -80.6305 -80.6145 -80.5964 -80.5819 -80.5511 -80.5232 -80.4968 -80.4627 -80.4229 -80.3782 -80.2446 -80.2343 -80.2408 -80.2215 -80.2152 -79.9609 -79.9492 -79.9390 -79.9305 -79.9243 -79.9452 -79.9485 -79.9529 -79.9115 -79.9874 -79.9949 -79.9357 -79.8027 -79.8231 -80.0240
-80.8069 -80.7587 -80.5185 -80.4928 -80.6979 -80.6860 -80.6763 -80.6731 -80.6628 -80.6512 -80.6380 -80.6229 -80.6058 -80.5873 -80.5594 -80.5351 -80.5105 -80.4790 -80.4407 -80.3881 -80.2849 -80.2921 -80.2860 -80.2691 -80.0243 -80.0122 -80.0037 -79.9995 -80.0993 -80.1045 -80.2706 -80.3236 -80.1502 -80.2144 0.0000 0.0000 0.0000 0.0000 -79.9423 -80.1274
-80.8449 -80.7034 -80.8150 -81.0780 -81.1805 0.0000 0.0000 -80.6895 -80.6792 -80.6682 -80.6558 -80.6419 -80.6264 -80.6048 -80.5804 -80.5566 -80.5373 -80.5037 -80.4689 -80.5223 -80.4550 -80.4636 -80.4460 -80.4426 -80.1878 -80.1856 -80.1857 -80.1891 -80.1963 -80.3769 -80.3968 -82.8015 -83.9979 -86.5004 -90.2749 0.0000 0.0000 0.0000 0.0000 -80.2331
-81.1636 -83.6775 -85.1473 0.0000 0.0000 0.0000 0.0000 -80.7113 -80.7016 -80.6915 -80.6832 -80.7700 -80.8043 -80.7788 -80.7539 -80.7351 -80.7130 -80.6795 -80.6333 -80.5278 -80.5338 -80.5346 -80.5204 -80.5204 -80.2670 -80.2690 -80.2736 -80.2816 -81.8854 -82.8700 -83.4379 -84.0145 -85.2437 -87.3987 -89.6147 0.0000 0.0000 0.0000 0.0000 -80.3409
-84.3111 -85.1609 -91.1023 0.0000 0.0000 0.0000 0.0000 -81.0837 -80.9630 -80.9571 -80.9779 -80.8591 -80.8425 -80.8184 -80.8000 -80.7855 -80.7616 -80.7203 -80.6881 -80.5980 -80.6083 -80.6109 -80.5997 -80.6026 -80.3504 -80.3557 -82.4472 -82.6436 -83.2580 -83.7232 -84.3958 -84.7955 -85.6771 -87.4030 -89.1129 -90.3776 0.0000 0.0000 0.0000 0.0000
-84.9932 -86.1379 -89.3996 0.0000 0.0000 -81.1827 -81.1558 -81.0141 -81.0221 -81.0329 -80.9165 -80.9067 -80.8887 -80.8686 -80.8545 -80.8438 -80.8172 -80.7786 -80.6749 -80.6840 -80.6871 -80.6919 -80.6832 -82.1476 -82.5391 -82.6901 -82.9165 -83.4964 -83.8746 -84.3799 -84.5692 -85.2102 -86.5511 -87.3164 -88.7770 -89.9456 0.0000 0.0000 0.0000 0.0000
-84.0697 -84.7870 -84.7859 -81.2185 -81.2534 -81.2323 -81.2156 -81.0826 -81.0905 -80.9761 -80.9685 -80.9596 -80.9401 -80.9260 -80.9153 -80.9021 -80.8662 -80.8401 -80.7478 -80.7579 -80.7813 -82.9552 -83.0292 -82.7266 -82.8843 -83.0950 -83.3548 -83.9548 -84.3619 -84.4354 -84.9225 -85.8823 -86.5819 -87.2255 -88.5805 -89.6151 -90.7244 0.0000 0.0000 0.0000
-80.8701 -81.1717 -81.2215 -81.2484 -81.2923 -81.2782 -81.2457 -81.1374 -81.0240 -81.0180 -81.0116 -80.9990 -80.9834 -80.9711 -80.9618 -80.9439 -80.9085 -80.8046 -82.2590 -83.0187 -83.0917 -83.1821 -83.3269 -83.0334 -83.2262 -83.4548 -84.0069 -84.3460 -84.6848 -84.7288 -85.1319 -86.0547 -86.5990 -87.0353 -88.4572 -89.3517 -90.2114 0.0000 0.0000 0.0000
-81.2470 -81.2921 -81.3411 -81.3665 -81.3020 -81.3164 -81.2820 -81.0704 -81.0652 -81.0588 -81.0509 -81.0378 -81.0250 -81.0154 -81.0084 -81.0392 -82.5073 -83.0489 -83.1297 -83.2237 -83.3438 -83.4660 -83.6347 -83.3285 -83.5309 -84.0444 -84.3337 -84.6213 -84.5848 -84.9180 -85.6798 -86.0057 -86.2811 -86.6687 -88.0033 -88.8429 -89.7231 -90.6752 0.0000 0.0000
-81.3436 -81.3737 -81.4292 -81.4689 -81.4866 -83.1521 0.0000 -81.2361 -81.2432 0.0000 -81.0941 -81.0810 -81.0709 -82.5468 -83.2908 -83.2744 -83.2976 -83.2500 -83.3484 -83.4671 -83.6055 -83.7405 -83.9194 -83.5922 -83.7962 -84.3247 -84.5586 -84.8152 -84.7631 -85.0325 -85.4964 -85.6922 -85.9682 -86.3553 -87.5991 -88.3996 -89.2885 -90.2277 0.0000 0.0000
-81.4073 -81.4487 -81.5504 -85.8403 -86.8533 -88.5980 0.0000 0.0000 -88.4326 0.0000 -82.6142 -82.6687 -83.3538 -83.3826 -83.3947 -83.4307 -83.3480 -83.4622 -83.5758 -83.7058 -83.8304 -83.9929 -84.1754 -83.8241 -84.3080 -84.5112 -84.7336 -84.6448 -84.7326 -85.0952 -85.2388 -85.4461 -85.7349 -86.1310 -87.3044 -88.0670 -88.9107 -89.8064 -90.7029 0.0000
-84.1573 -84.7995 -85.3595 -85.9045 -87.3345 -88.9660 0.0000 0.0000 0.0000 0.0000 0.0000 -83.5881 -83.6293 -83.5351 -83.5575 -83.6087 -83.5660 -83.6725 -83.7936 -83.9290 -84.0558 -84.2200 -83.8525 -84.2937 -84.4746 -84.6705 -84.4630 -84.4917 -84.5461 -84.8910 -85.0557 -85.2809 -85.5805 -85.9803 -87.1073 -87.8236 -88.5840 -89.3741 -90.2697 0.0000
-84.7452 -85.2015 -85.6058 -86.6570 -87.6523 -91.3558 0.0000 0.0000 0.0000 0.0000 0.0000 0.0000 0.0000 -83.8921 -83.9676 -84.0642 0.0000 0.0000 -83.9958 -84.1329 -84.2565 -84.4065 -84.0039 -84.4459 -84.5974 -84.5932 -84.3002 -84.3414 -84.6294 -84.7492 -84.9326 -85.1777 -85.4920 -85.8900 -86.9576 -87.6125 -88.2749 -89.0422 -89.7223 -90.7313
-85.1826 -85.4796 -86.3629 -87.1213 -88.0485 -88.9297 -89.4341 -89.6539 0.0000 0.0000 0.0000 0.0000 0.0000 -84.1938 -86.7097 -88.6411 -90.4195 0.0000 0.0000 0.0000 -84.4184 -84.5671 -84.4167 -84.4441 -84.4356 -84.1470 -84.1736 -84.2279 -84.5174 -84.6652 -84.8717 -85.1293 -85.4397 -85.8124 -86.7916 -87.3204 -87.6795 -88.1238 -88.8355 -90.0910
-85.4313 -86.1345 -86.7869 -87.4991 -88.5006 -88.6544 -88.8176 -89.2582 -89.4336 -89.6173 0.0000 0.0000 -85.9465 -86.7272 -87.4499 -88.2306 -89.4932 -90.3509 -91.1567 -92.0232 0.0000 -85.0982 -85.0869 0.0000 0.0000 -83.6635 -83.7041 -83.9328 -84.0415 -84.1894 -84.3794 -84.6002 -84.8499 -85.5064 -85.6632 -85.7265 -85.7815 -85.8211 -85.7880 -85.7254
-86.0172 -86.5101 -87.1278 -87.7755 -88.2399 -88.3745 -88.5131 -88.7539 -89.0469 -89.2012 -89.0359 -87.5911 -86.7474 -86.9548 -87.4576 -88.4184 -88.9443 -89.5647 -90.2736 -90.6505 -85.4080 -85.8601 -88.1076 0.0000 0.0000 0.0000 0.0000 -83.9743 -84.1070 -84.2725 -84.4722 -84.6793 -84.8291 -85.1836 -85.1090 -85.0553 -84.9370 -84.6946 -84.1232 -81.6385
-86.3513 -86.6076 -87.1581 -87.5768 -87.7161 -87.8321 -86.8659 -86.8912 -86.9283 -86.9618 -86.9980 -86.6200 -86.5662 -87.0924 -87.2445 -87.7871 -88.2039 -88.6919 -88.3820 -85.9375 -86.0739 -87.1658 0.0000 0.0000 0.0000 0.0000 0.0000 0.0000 0.0000 -84.7461 -84.9396 -84.9021 -84.8481 -85.1314 -85.0189 -84.8297 -84.5187 -83.8664 -81.8107 -81.8482
-86.3008 -86.3524 -86.4548 -86.5086 -86.5336 -86.5593 -86.5860 -86.5840 -86.6129 -86.6274 -86.3011 -86.2728 -86.5604 -86.5386 -87.1801 -87.4681 -87.2073 -87.8251 -85.8683 -86.1250 -86.2112 -87.4927 0.0000 0.0000 0.0000 0.0000 0.0000 0.0000 0.0000 -84.7334 -84.6775 -84.6017 -84.5038 -84.6782 -84.3145 -84.0394 -83.7630 -81.8616 -81.9031 -81.9419
-86.1539 -86.1939 -86.2784 -86.2965 -86.3160 -86.3401 -86.3439 -86.3486 -86.2898 -86.2641 -85.9833 -86.2756 -86.4526 -86.5324 -86.5361 -86.7758 -87.2602 -85.7861 -86.0266 -86.2490 -88.1544 0.0000 0.0000 0.0000 0.0000 0.0000 0.0000 0.0000 0.0000 -84.5001 -84.2563 -84.1436 -84.0025 -84.0925 -83.8695 -81.8584 -81.9121 -81.9553 -82.0378 -82.0766
-86.0184 -86.0478 -86.1038 -86.1224 -86.1476 -86.1059 -86.1104 -86.1029 -86.0636 -85.8070 -85.8093 -86.2007 -85.9340 -86.1843 -86.6062 -86.8701 -85.7674 -85.9258 -86.1148 -87.7625 -87.8892 0.0000 0.0000 0.0000 0.0000 0.0000 0.0000 0.0000 -84.8498 -84.1139 -83.9999 -83.8596 -83.6956 -83.7875 -81.9005 -81.9921 -82.0418 -82.0827 -82.1238 -82.0848
-85.8995 -85.8591 -85.9171 -85.9451 -85.9848 -85.9869 -85.9501 -85.9212 -85.6795 -85.7156 -86.0379 -85.9356 -86.3674 -86.3925 -86.5962 -85.7090 -85.8058 -85.9693 -87.2809 -87.5361 -87.5169 -89.1230 -89.6458 0.0000 0.0000 0.0000 0.0000 0.0000 -84.5006 -83.8944 -83.7664 -83.6769 -83.5750 -81.9692 -82.0248 -82.0808 -82.1266 -82.1674 -82.2083 -82.1683
-85.7472 -85.7677 -85.8408 -85.8855 -85.8683 -85.8395 -85.8216 -85.5943 -85.6369 -85.7503 -86.0690 -86.0415 -86.1942 -86.3104 -86.5213 -85.7028 -85.8387 -86.6404 -86.8958 -86.8978 -86.5385 -88.0917 -88.5054 -89.0519 -89.9021 0.0000 0.0000 -84.7167 -84.2678 -83.7514 -83.6344 -81.7975 -81.8424 -82.0577 -82.1129 -82.1685 -82.2102 -82.1150 -82.0173 -81.7755
-85.6914 -85.7312 -85.7745 -85.7826 -85.7630 -85.7508 -85.5276 -85.4197 -85.6997 -85.9570 -85.9271 -86.0160 -86.2176 -86.1390 -85.6236 -85.7253 -85.8533 -86.2107 -86.2992 -86.2475 -86.6454 -87.0121 -87.2356 -87.4968 -87.8540 -87.6543 -88.1173 -84.2901 -84.0450 -83.6191 -81.8409 -81.8833 -81.9280 -82.1415 -82.1429 -82.1407 -82.1230 -82.1065 -82.0283 -81.7969
-85.6457 -85.6486 -85.6980 -85.6914 -85.6850 -85.3506 -85.3753 -85.5665 -85.7316 -85.7733 -85.7269 -85.9077 -85.8147 -85.5621 -85.4695 -85.2682 -85.3475 -85.3829 -85.3967 -85.4896 -85.4380 -85.5722 -85.6178 -85.6345 -85.6354 -84.7919 -84.5088 -82.5447 -82.4175 -81.8843 -81.9256 -81.9680 -81.9941 -82.1621 -82.1636 -82.1593 -82.1460 -82.0870 -81.8597 -81.8327
-85.5682 -85.5862 -85.6409 -85.5287 -85.4423 -85.1976 -85.2487 -85.3292 -85.2738 -85.2202 -85.3608 -85.2619 -85.0704 -85.0192 -84.9813 -84.8987 -84.8884 -84.8848 -84.8560 -84.8361 -84.8434 -84.8333 -83.1056 -82.8950 -82.8715 -82.7799 -82.7063 -82.1617 -82.1173 -81.9677 -82.0092 -82.0252 -82.0249 -82.1948 -82.2002 -82.1934 -82.1530 -82.1242 -81.9033 -81.8796
-85.2738 -85.2175 -85.2527 -85.3973 -85.2084 -85.1550 -85.2023 -85.1396 -85.2572 -85.0655 -84.9795 -84.7825 -84.7117 -84.6499 -84.6433 -84.6087 -84.5864 -83.0222 -83.0699 -82.9548 -82.9971 -82.8847 -82.8824 -82.8715 -82.8527 -82.7654 -82.2212 -82.2132 -82.0061 -82.0484 -82.0665 -82.0672 -82.0687 -82.2405 -82.2470 -82.2375 -82.1969 -81.9778 -81.9552 -81.9339
-85.2202 -85.2461 -85.3779 -85.1112 -84.8579 -84.9914 -84.9411 -85.0234 -84.9370 -84.8476 -84.6521 -84.5815 -83.0501 -83.0132 -82.9756 -82.9681 -82.9698 -82.9822 -83.0031 -82.7016 -82.8668 -82.8762 -82.8747 -82.8672 -82.8286 -82.4231 -82.2865 -82.2837 -82.0893 -82.1133 -82.1155 -82.1184 -82.1203 -82.2939 -82.2967 -82.2725 -82.2469 -82.0326 -82.0123 -81.9931
-85.2115 -85.1596 -84.9345 -84.7875 -84.9147 -84.8648 -84.9497 -83.3476 -83.2440 -83.1105 -83.0584 -83.0159 -82.9814 -82.9849 -82.9743 -82.9719 -82.9729 -83.0699 -82.8845 -82.8425 -82.8791 -82.8841 -82.8847 -82.8805 -82.4920 -82.4860 -82.3572 -82.3489 -82.1640 -82.1673 -82.1704 -82.1742 -82.1772 -82.3522 -82.3509 -82.3252 -82.1117 -82.0912 -82.0774 -82.0065
-85.1122 -84.7876 -83.3184 -83.2429 -83.4373 -83.3885 -83.3247 -83.2545 -83.1396 -83.0924 -83.0489 -83.0116 -83.0088 -82.9938 -82.9882 -82.9796 -82.8966 -82.9724 -82.8950 -82.8749 -82.9010 -82.9045 -82.5090 -82.5487 -82.5567 -82.4266 -82.4283 -82.4223 -82.2212 -82.2251 -82.2291 -82.2335 -82.2372 -82.4136 -82.4041 -82.3849 -82.1198 -82.1013 -82.0850 -82.0695
-83.3237 -83.2825 -83.2615 -83.4685 -83.4170 -83.3570 -83.2952 -83.1679 -83.1358 -83.0922 -83.0530 -83.0450 -83.0253 -83.0158 -82.9151 -82.9121 -83.0103 -82.9875 -82.9146 -82.9108 -82.9354 -82.5345 -82.5762 -82.6151 -82.6208 -82.4940 -82.4997 -82.4844 -82.2810 -82.2855 -82.2900 -82.2949 -82.2477 -82.4191 -82.4069 -82.2034 -82.1813 -82.1646 -82.1499 -82.1355
-83.3233 -83.2797 -83.5019 -83.4577 -83.4088 -83.3433 -83.2179 -83.1728 -83.1435 -83.1033 -83.0289 -83.0030 -82.9868 -82.8845 -82.8734 -82.8778 -82.9674 -82.9261 -82.8748 -82.8823 -82.4980 -82.5327 -82.5704 -82.6095 -82.6845 -82.5642 -82.5710 -82.5410 -82.3425 -82.2948 -82.2976 -82.3067 -82.3114 -82.4789 -82.4646 -82.2616 -82.2446 -82.2294 -82.2160 -82.2033
-83.2694 -83.4619 -83.4404 -83.3919 -83.3301 -83.2079 -83.1627 -83.1341 -83.0918 -83.0762 -83.0464 -82.9406 -82.9167 -82.9014 -82.8991 -83.0027 -82.9960 -82.9504 -82.3353 -82.5847 -82.6357 -82.6706 -82.7100 -82.7473 -82.6278 -82.6343 -82.5793 -82.5431 -82.3507 -82.3598 -82.3650 -82.3707 -82.3760 -82.5400 -82.5238 -82.3246 -82.3092 -82.2960 -82.2841 -82.2732
-83.3852 -83.4664 -83.4390 -83.3886 -83.2607 -83.2169 -83.1748 -83.1463 -83.1083 -83.0220 -82.9849 -82.9565 -82.9428 -83.0092 -83.0155 -83.1176 -83.1133 -82.6021 -82.6138 -82.6571 -82.7050 -82.7380 -82.7253 -82.7553 -82.6377 -82.6474 -82.6311 -82.6073 -82.4180 -82.4237 -82.4294 -82.4358 -82.4373 -82.6025 -82.4049 -82.3893 -82.3759 -82.3645 -82.3543 -82.4395
-83.5166 -83.4695 -83.4408 -83.3158 -83.2751 -83.2319 -83.2073 -83.1987 -83.1541 -83.1152 -83.0842 -83.0624 -83.0497 -83.0491 -83.0625 -83.1610 -82.6792 -82.6651 -82.6846 -82.6772 -82.7180 -82.7486 -82.7851 -82.8183 -82.7105 -82.7210 -82.6903 -82.6664 -82.4823 -82.4886 -82.4951 -82.5022 -82.4993 -82.6654 -82.4697 -82.4587 -82.5372 -82.5284 -82.5224 -82.5057
-83.5244 -83.4790 -83.4608 -83.4174 -83.3750 -83.3342 -83.2619 -83.2161 -83.1746 -83.1398 -83.1136 -83.0967 -83.0920 -83.1002 -82.7086 -82.7175 -82.6935 -82.6750 -82.7013 -82.7428 -82.7850 -82.8145 -82.8548 -82.7702 -82.7793 -82.7800 -82.7510 -82.7298 -82.5478 -82.5549 -82.5620 -82.5717 -82.8378 -82.6430 -82.6297 -82.6188 -82.6099 -82.6045 -82.5980 -82.5827
-83.6225 -83.5021 -83.4807 -83.4410 -83.3605 -83.3267 -83.2802 -83.2369 -83.1990 -83.1688 -83.1475 -83.1360 -83.1393 -82.5865 -82.7036 -82.7303 -82.7415 -82.7384 -82.7709 -82.8112 -82.8562 -82.8847 -82.9201 -82.8356 -82.8486 -82.8406 -82.8134 -82.6095 -82.7040 -82.7128 -82.7222 -82.7258 -82.9055 -82.7115 -82.7001 -82.6910 -82.6836 -82.6796 -82.6743 -82.6602
-83.5659 -83.5290 -83.4731 -83.4257 -83.3781 -83.3456 -83.3013 -83.2611 -83.2273 -83.1517 -83.1302 -83.1283 -82.6166 -82.7431 -82.7688 -82.7954 -82.8019 -82.5994 -82.8442 -82.8836 -82.9230 -82.9508 -82.9860 -82.9061 -83.0115 -82.9964 -82.9710 -82.7642 -82.7735 -82.7831 -82.7935 -82.7927 -82.7931 -82.7812 -82.7717 -82.7641 -82.7600 -82.7553 -82.7465 -82.7334
-83.5654 -83.5207 -83.4911 -83.4443 -83.4121 -83.3671 -83.2711 -83.2327 -83.2036 -83.1837 -82.6385 -82.6500 -82.6858 -82.8079 -82.8337 -82.8645 -82.8670 -82.8823 -82.9131 -82.9528 -83.0812 -83.1101 -83.0346 -83.0681 -83.0773 -83.0616 -83.0380 -82.8340 -82.8441 -82.8544 -82.8634 -82.8604 -82.8622 -82.8520 -82.8440 -82.8351 -82.8302 -82.8265 -82.8234 -82.8112
-83.5845 -83.5400 -83.5105 -83.4098 -83.3773 -83.3346 -83.2961 -83.2640 -83.2403 -82.6626 -82.6863 -82.7196 -82.8478 -82.8768 -82.9028 -82.9308 -83.0158 -83.0369 -83.0716 -83.1108 -83.1503 -83.1789 -83.1059 -83.1402 -83.1425 -83.1196 -83.1064 -82.9046 -82.9153 -82.9264 -82.9308 -82.8097 -82.9319 -82.9187 -82.9140 -82.9090 -82.9052 -82.9025 -83.3862 -83.4228
-83.5495 -83.5035 -83.4745 -83.4442 -83.4012 -83.3614 -83.3269 -83.2999 -82.7082 -82.7262 -82.7546 -82.7927 -83.0003 -83.0268 -83.0541 -83.0720 -83.0801 -83.1065 -83.1423 -83.1810 -83.2196 -83.2479 -83.1808 -83.2128 -83.2088 -83.1873 -83.1756 -82.9757 -82.9870 -82.9986 -82.9984 -82.8761 -82.9975 -82.9923 -82.9870 -82.9984 -83.4059 -83.4399 -83.4635 -83.6418
