-69.7786 -69.8791 -69.9127 -69.8913 -69.9300 -69.9696 -69.9934 -70.0319 -70.0710 -70.1025 -70.0150 -70.0593 -70.1040 -69.9820 -70.0230 -70.0642 -70.1055 -70.1465 -70.1312 -70.1632 -70.2473 -70.2797 -70.3115 -70.4136 0.0000 0.0000 0.0000 -75.4363 0.0000 0.0000 0.0000 0.0000 -75.0320 -74.6265 -73.7247 -73.7531 -73.7198 -73.6910 -73.6630 -73.6356
-69.6022 -69.6444 -69.6874 -69.6782 -69.7779 -69.8214 -69.8522 -69.8942 -69.9371 -69.9810 -69.9013 -69.9410 -69.8311 -69.8749 -69.9186 -69.9623 -70.0061 -70.0499 -70.0924 -70.0726 -70.1083 -70.1435 -70.2261 -71.0365 0.0000 0.0000 0.0000 -76.1949 0.0000 0.0000 0.0000 0.0000 -74.0699 -73.7428 -73.6767 -73.6474 -73.7361 -73.6482 -73.6220 -73.5965
-69.4274 -69.4735 -69.5205 -69.5179 -69.5678 -69.6189 -69.6715 -69.7552 -69.8020 -69.8495 -69.7783 -69.8288 -69.7264 -69.7667 -69.8132 -69.8597 -69.9059 -69.9521 -69.9967 -70.0356 -70.0194 0.0000 0.0000 -77.7892 0.0000 0.0000 0.0000 -74.2410 0.0000 0.0000 -76.7971 -76.2436 -73.9513 -73.8572 -73.7525 -73.5888 -73.5581 -73.6552 -73.6254 -73.5546
-69.2529 -69.3043 -69.3551 -69.3588 -69.4125 -69.4665 -69.5216 -69.5657 -69.6191 -69.7175 -69.6544 -69.7081 -69.6142 -69.6639 -69.7068 -69.7559 -69.8048 -72.0980 -72.1408 0.0000 0.0000 0.0000 0.0000 -78.7731 -76.6533 -76.5192 -76.1892 -75.3240 -76.3470 -76.2704 -76.0623 -75.6090 -73.8790 -73.8107 -73.7358 -73.6603 -73.5049 -73.4777 -73.5738 -73.5473
-69.0806 -69.1371 -69.1917 -69.2015 -69.2584 -69.3159 -69.3739 -69.4323 -69.4791 -69.5369 -69.4858 -69.5456 -69.5008 -69.5533 -69.6055 -69.6569 0.0000 0.0000 -75.5482 -76.9079 -83.4546 -79.9389 -76.5482 -76.3693 -75.9690 -76.0524 -75.5886 -75.1807 -75.8688 -75.9081 -75.6572 -75.2148 -73.8034 -73.7481 -73.6898 -73.6299 -73.5711 -73.4236 -73.3999 -73.4951
-68.9085 -68.9717 -69.0299 -69.0458 -69.1061 -69.1670 -69.2280 -69.2895 -69.3410 -69.4012 -69.3576 -69.2876 -69.3462 -69.4043 -69.4975 -69.7735 0.0000 0.0000 0.0000 -81.3830 -76.1837 -76.2995 -76.2220 -76.0546 -75.8275 -75.6387 -75.1895 -75.0357 -75.5265 -75.5772 -75.3211 -74.9296 -73.7168 -73.6788 -73.6302 -73.5812 -73.5325 -73.4851 -73.3453 -73.4044
-68.7393 -68.8076 -68.8286 -68.8921 -68.9555 -69.0197 -69.0839 -69.1483 -69.2131 -69.2670 -69.2304 -69.1677 -69.2289 0.0000 0.0000 0.0000 -77.1852 0.0000 -80.0958 -76.2448 -75.9126 -75.9670 -75.8386 -75.7214 -75.5262 -75.2178 -74.9014 -74.8957 -75.2633 -75.2832 -75.0402 -74.7019 -73.6267 -73.6029 -73.5627 -73.5220 -73.5061 -74.6052 -74.6444 -74.5348
-68.5702 -68.6443 -68.6713 -68.7388 -68.8067 -68.8744 -68.9414 -69.0090 -69.0765 -69.1443 -69.1045 -69.0487 -69.1124 -69.6716 0.0000 0.0000 -78.9939 -75.6163 -76.0267 -75.9358 -75.8284 -75.5533 -75.5796 -75.4071 -75.2180 -74.9661 -73.7614 -74.7590 -75.0463 -75.0248 -74.8011 -73.5583 -73.5354 -73.5148 -74.8175 -74.9007 -74.9374 -74.9483 -74.9442 -74.9288
-68.4168 -68.4806 -68.5154 -68.5876 -68.6594 -68.7298 -68.8009 -68.8716 -68.9417 -69.0122 -68.9801 0.0000 0.0000 -76.6159 0.0000 -79.3845 -75.9013 -75.4926 -75.6222 -75.4633 -75.5481 -75.4080 -75.1797 -75.1700 -74.9662 -74.6246 -73.5930 -74.6247 -74.8583 -74.7988 -74.5937 -75.4324 -75.4115 -75.3926 -75.3749 -75.3437 -75.3022 -75.2596 -75.2149 -75.1614
-68.2564 -68.3321 -68.3596 -68.4362 -68.5125 -68.5871 -68.6608 -68.7350 0.0000 -75.2145 -74.5911 0.0000 0.0000 -78.2885 -75.4793 -75.7026 -75.6107 -75.4195 -75.2533 -75.3082 -75.1280 -75.1539 -75.0126 -74.7951 -74.7444 -74.5258 -73.4934 -74.4391 -74.9128 -77.6909 -77.3361 0.0000 -76.1336 0.0000 -76.9290 -76.6081 -76.3007 -75.5276 -75.4436 -75.3782
-68.0589 -68.1685 -68.2187 -68.2871 -68.3662 -68.4453 -68.5234 0.0000 0.0000 -77.0121 -76.7457 0.0000 -75.7503 -75.6018 -75.1986 -75.2981 -75.1996 -75.1437 -75.0634 -74.9433 -74.9583 -74.8865 -74.7706 -74.6281 -74.4930 -74.3600 0.0000 0.0000 -79.7382 0.0000 0.0000 0.0000 -76.9784 0.0000 -76.9633 -76.6504 -76.3665 -76.1091 -75.4825 -75.4161
-67.8820 -67.9877 -68.0636 -68.1496 -68.2218 -68.3039 -68.3858 0.0000 0.0000 0.0000 -75.3912 -75.2689 -75.4252 -75.2946 -74.9524 -74.9151 -74.9781 -74.8577 -74.8464 -74.6805 -74.6048 -74.6109 -74.5290 0.0000 -81.6439 0.0000 0.0000 0.0000 -79.1573 0.0000 0.0000 -79.2577 -77.9275 0.0000 -77.0012 -76.4832 -75.7449 -75.6589 -75.5768 -75.5100
-67.7188 -67.8173 -67.8933 -67.9770 -68.0891 0.0000 0.0000 -75.6348 -78.9340 -75.4213 -75.0509 -74.9646 -74.8882 -74.8979 -74.6617 -74.6207 -74.5938 -74.6413 -74.5291 -74.4957 -74.3508 0.0000 0.0000 0.0000 0.0000 0.0000 -88.4513 -82.3195 -77.4363 -78.8148 -80.7360 -78.9791 -77.8050 -80.7766 -75.8728 -75.7544 -75.6850 -75.6195 -75.5557 -75.4934
-67.5578 0.0000 0.0000 -74.2655 0.0000 0.0000 0.0000 -75.2974 -75.0063 -74.9095 -74.7626 -74.6416 -74.6402 -74.5229 -74.3189 -74.3922 -74.3117 -74.3624 -74.3039 -74.2156 0.0000 0.0000 0.0000 0.0000 -79.4026 0.0000 -78.9778 -78.8816 -77.2908 -80.0201 -79.2555 -78.3506 -77.7107 -79.5144 -75.8058 -75.7258 -75.6502 -75.5888 -75.5291 -75.4909
-67.3994 0.0000 0.0000 0.0000 -75.0471 -75.3030 -75.0583 -74.8726 -74.6170 -74.4304 -74.3244 -74.3055 -74.2848 -74.2662 -74.1754 -74.0803 -74.0076 -74.0170 0.0000 0.0000 0.0000 -85.3145 -79.3395 -79.0449 -78.9104 -78.7660 -78.7427 -80.8140 -78.4943 -79.4525 -78.7180 -77.9374 -77.6038 -78.5194 -75.7421 -75.6799 -75.6110 -75.5732 -76.0902 -76.1221
-73.7789 -71.9160 0.0000 -82.8569 -74.8126 -74.6483 -74.5982 -74.4374 -74.2734 -74.0616 -73.9915 -73.9526 -73.9200 -74.0220 -73.9157 -73.7938 -73.7971 0.0000 0.0000 0.0000 0.0000 -78.9317 -78.3957 -78.5838 -78.4820 -80.6672 -80.5122 -80.3878 -79.3822 -78.8299 -78.2404 -75.8509 -77.4772 -77.9328 -75.6734 -75.6471 -76.5075 -76.4563 -76.3643 -76.2217
0.0000 -74.0916 -72.9023 -74.5990 -74.3452 -74.1767 -74.0562 -73.9934 -73.8614 -73.7298 -73.6169 -73.6261 -73.5230 -73.5967 -73.6439 0.0000 0.0000 0.0000 -86.0825 -78.8954 -78.6740 -78.4840 -78.2886 -80.3007 -80.2207 -80.1286 -80.0137 -79.8940 -78.8448 -78.4367 -77.9244 -75.7716 -77.3486 -79.2285 -76.6236 -76.5859 -76.5467 -76.4620 -76.2938 -76.1386
-74.8925 -74.3298 -74.1337 -73.3744 -72.8869 -73.7086 -73.5858 -73.5044 -73.4398 -73.3504 -73.2896 -73.2441 -73.2668 0.0000 0.0000 0.0000 0.0000 -78.8763 -78.6432 -78.3623 -78.2164 -80.4720 -80.1657 -79.7970 -79.6327 -79.5957 -79.5541 -79.4885 -78.4791 -78.0997 -77.6531 -75.6791 0.0000 0.0000 -77.1983 -76.9168 -76.6947 -76.3615 -76.1678 -75.9942
-74.1193 -73.7319 -73.4816 -73.4017 -73.2122 -73.2056 -73.1257 -73.0762 -73.0030 -72.9677 -72.9281 -73.0580 0.0000 0.0000 0.0000 -78.9037 -78.6410 -78.3936 -78.1590 -78.0551 -80.1636 -79.9454 -79.6774 -79.3815 -78.9634 -79.0996 -79.1134 -78.4344 -78.1460 -77.8020 -77.4161 -75.6045 0.0000 0.0000 -77.2298 -76.9359 -76.5312 -76.2434 -75.5294 -75.4647
-73.3541 -73.1641 -72.9254 -72.8424 -72.7448 -72.6082 -72.6693 -72.6079 -72.5966 -72.5689 0.0000 0.0000 0.0000 0.0000 -78.7034 -78.3974 -78.0964 -77.9025 -80.3097 -80.0232 -79.3533 -79.3771 -79.2129 -78.9703 -78.7632 -78.6537 -78.2824 -78.0748 -77.8352 -77.5372 -77.2250 -75.5491 0.0000 0.0000 -77.2612 -76.6838 -75.6278 -75.5300 -75.4698 -75.4170
-72.5232 -72.4230 -72.2800 -72.2786 -72.2027 -72.1678 -72.1040 -72.0964 0.0000 0.0000 0.0000 0.0000 -78.8540 -78.4689 -78.1313 -77.8455 -80.5248 -80.0828 -79.7566 -79.4155 -79.1226 -78.8325 -78.7159 -78.5733 -78.4006 -78.1225 -77.9174 -77.7316 -77.5683 0.0000 0.0000 -77.3521 -83.4312 -80.0550 -75.7435 -75.6724 -75.5723 -75.4960 -75.4101 -75.3574
-71.6353 -71.6486 -71.6015 -71.6551 -71.6441 -71.6549 0.0000 0.0000 0.0000 0.0000 -79.2278 -78.6696 -78.2085 -77.8079 -80.8700 -80.3508 -79.9161 -79.5132 -79.1508 -78.8856 -78.6272 -78.1932 -78.2098 -78.1249 -78.0090 -77.8011 0.0000 -81.0785 0.0000 0.0000 0.0000 -75.8211 -79.0455 -78.6320 -75.6655 -75.6063 -75.5135 -75.4410 -75.3773 -75.2991
-70.7608 -70.8629 0.0000 -78.8462 -77.9556 0.0000 0.0000 0.0000 0.0000 -79.0378 -78.4262 -77.9022 -77.5830 -80.7356 -80.0828 -79.5667 -79.2245 -78.8957 -78.5914 -78.3166 -78.1313 -77.9097 -77.7375 -77.7214 0.0000 0.0000 0.0000 0.0000 -79.6881 -79.3924 -78.8537 -75.8029 -78.5953 -78.0161 -75.5842 -75.4253 -75.4502 -75.3877 -75.3224 -75.2644
-69.9082 -70.1344 0.0000 -78.0370 0.0000 0.0000 0.0000 -84.4951 -78.9855 -78.1163 -77.4228 -81.7305 -80.6615 -79.8593 -79.2645 -78.7975 -78.4381 -78.2085 -77.9872 -77.7816 -77.6003 -77.4796 0.0000 0.0000 -84.2571 0.0000 -79.5995 -79.3248 -78.8205 -78.6902 -77.9884 -77.0766 -78.0467 -77.3951 -75.5031 -75.4516 -75.3756 -75.3225 -75.2632 -75.2091
-69.1156 -69.3597 -69.6380 -69.8704 0.0000 0.0000 -84.1575 -78.8775 -77.6602 0.0000 -84.3705 -80.4270 -79.5009 -78.7736 -78.2820 -77.9356 -77.6670 -77.4573 -77.2930 -79.8106 -79.6818 0.0000 0.0000 0.0000 -79.1761 -79.2745 -79.0473 -78.8041 -78.4359 -78.0439 -77.4334 -76.9182 -77.5984 -77.0321 -75.4095 -75.3627 -75.2921 -75.2499 -75.1168 -75.1502
-65.9645 -68.6623 -68.9588 -69.2726 0.0000 0.0000 -78.7865 -76.8590 0.0000 0.0000 -80.6859 -78.6387 -77.8149 -74.8381 -74.7803 -74.7193 -74.6749 0.0000 0.0000 0.0000 0.0000 -85.4520 -79.4730 -79.2419 -79.0169 -78.7681 -78.5201 -78.3045 -77.9980 -77.5727 -76.9957 -76.7456 -77.2241 -76.7402 -75.2734 -75.2660 -75.2269 -75.1642 -75.1245 -75.0843
-65.8137 -65.9602 -66.1247 -68.6974 -68.9872 -69.2137 -73.6219 -73.6874 -73.7024 -73.7444 -73.8080 -73.8324 -73.8762 -73.9193 -73.9949 -74.0315 0.0000 -82.2207 0.0000 0.0000 -82.0973 -79.1266 -78.9729 -78.7464 -78.5332 -78.3121 -78.0647 -77.8178 -77.5384 -77.1654 -76.6810 -76.5612 -76.9562 -76.4860 -75.1516 -75.1614 -75.1281 -75.0716 -75.0415 -75.0088
-65.7072 -65.8567 -66.0154 -66.1378 -66.2684 -68.7754 -69.0239 -69.2292 -69.4272 -72.0484 -72.4496 -72.7334 -72.9282 -73.0928 0.0000 0.0000 0.0000 0.0000 -82.3984 -79.2451 -78.9459 -78.6827 -78.4564 -78.2491 -78.0551 -77.8453 -77.6120 -77.3781 -77.1106 -76.7889 -76.3971 -76.3657 -76.6500 -76.2503 -75.0360 -75.0200 -75.0221 -74.9725 -74.9480 -74.9210
-68.3587 -68.1301 -65.9065 -66.0511 -66.1801 -66.3239 -66.4448 -66.5854 -69.0567 -69.2661 -69.4623 -69.6441 -72.1050 0.0000 -84.0738 0.0000 0.0000 0.0000 -78.9187 -78.5955 -78.3360 -78.1047 -77.9020 -77.7427 -77.5703 -77.3916 -77.1929 -76.9658 -76.7267 -76.4478 -76.1184 -76.1607 -76.3653 -76.0253 -74.9121 -74.9037 -74.9094 -74.8671 -74.8486 -74.8275
-68.8626 -68.6810 -68.5531 -68.3467 -66.0775 -66.2089 -66.3480 -66.4776 0.0000 0.0000 -74.5466 -69.3349 0.0000 0.0000 -86.2744 -85.3994 -79.0071 -78.6077 -78.2551 -77.9747 -77.7375 -77.5385 -77.3224 -77.2155 -77.0723 -76.9301 -76.7735 -76.5777 -76.3679 -76.1298 -75.8551 -75.9480 -76.0943 -75.8064 -74.7815 -74.7646 -74.7907 -74.7585 -74.7454 -74.7295
-69.3483 -69.1441 -68.9639 -68.8258 -68.6905 -68.4756 -66.2576 -66.4122 0.0000 0.0000 -76.6964 -74.9015 0.0000 0.0000 0.0000 -78.5016 -78.1572 -77.8239 -77.5625 -77.3052 -77.0296 -76.9587 -76.7919 -76.7049 -76.5923 -76.4790 -76.3540 -76.2112 -76.0278 -75.8276 -75.5999 -75.7481 -75.8490 -75.6459 -75.6818 -75.7001 -75.7323 -75.7433 -75.7481 -75.7456
-69.7866 -69.5657 -69.3648 -69.2324 -69.0819 -68.9179 -68.8640 -68.7336 -66.4602 0.0000 0.0000 -76.3270 0.0000 -78.7783 -78.0341 -77.5409 -77.1255 -76.9680 -76.7786 -76.6046 -76.4746 -76.3114 -76.2776 -76.1953 -76.1161 -76.0341 -78.1916 -78.0294 -77.8192 -77.5610 -77.2610 -77.4957 -77.6009 -77.3278 -75.9679 -75.9534 -75.9397 -75.9500 -75.9375 -75.9244
-72.1251 -69.9461 -69.7558 -69.6190 -69.4565 -69.3387 -69.2139 -69.1207 -69.0493 -68.9786 -80.0414 -78.1023 -75.8430 -77.0360 -76.5902 -76.3273 -76.1609 -75.9811 -75.9508 -75.8928 -75.8180 -75.7713 -75.6906 -75.6708 0.0000 0.0000 -81.3918 -80.2856 -78.8531 -78.3185 -76.5176 -78.0469 -78.0308 -77.6937 -76.2310 -76.1890 -76.1532 -76.1447 -76.1168 -76.0910
-71.1340 -70.9061 -77.7087 -69.9635 -69.8585 -69.6926 -69.5637 -69.4464 -69.3629 -69.2537 -69.1801 -74.6565 -74.7172 -74.7683 -74.8372 -74.8905 -74.9400 -74.9702 -75.0014 -75.0671 -75.0842 -75.1005 0.0000 0.0000 0.0000 0.0000 0.0000 -80.5947 -79.6408 -79.0691 -76.9990 -78.5153 -78.4021 -76.7459 -76.4685 -76.4049 -76.3313 -76.2728 -76.1840 -76.1022
-68.7169 0.0000 0.0000 -77.7041 -70.2083 -70.0483 -69.8758 -69.7534 -69.6482 -69.5657 -69.4824 -69.4099 -69.3509 -72.6943 -73.2837 -73.6712 -73.9429 -74.0583 -74.2139 -74.3483 -74.4546 0.0000 0.0000 0.0000 0.0000 0.0000 0.0000 -81.5658 -79.5222 -78.8653 -77.0165 -78.5568 -78.3803 -76.5912 -76.4400 -76.3417 -76.2558 -76.1785 -76.1152 -76.0328
-69.5605 0.0000 0.0000 0.0000 -76.3296 -70.3763 -70.1970 -70.0681 -69.9461 -69.8571 -69.7660 -69.6856 -69.6151 -69.5539 -69.4994 -72.4233 -72.8842 -73.2315 -73.5047 0.0000 0.0000 0.0000 0.0000 0.0000 0.0000 0.0000 -88.8382 -80.1687 -79.1953 -78.6790 -78.3458 -78.4225 -78.1929 -76.5031 -76.3932 -76.2563 -76.1710 -76.0952 -76.0358 -75.9530
-70.2512 -69.7431 -77.5814 0.0000 -81.8487 -75.4929 -70.4993 -70.3627 -70.2451 -70.1287 -70.0411 -69.9540 -69.8762 -69.8076 -69.7470 -69.6934 -69.6456 -72.3838 0.0000 0.0000 0.0000 0.0000 0.0000 0.0000 0.0000 0.0000 0.0000 -79.6833 -79.0915 -78.4821 -78.2083 -78.2462 -78.0002 -76.3870 -76.2884 -76.1572 -76.0755 -76.0029 -75.9270 -75.8628
0.0000 0.0000 -69.8744 -74.2267 -79.2502 -79.1737 -75.1209 -70.6089 -70.5225 -70.4007 -70.2962 -70.2142 -70.1305 -70.0554 -69.9885 -69.9290 -69.8760 0.0000 0.0000 0.0000 0.0000 0.0000 0.0000 0.0000 0.0000 0.0000 -82.3116 -79.3690 -78.8162 -78.3524 -78.0343 -78.0457 -77.7843 -76.2725 -76.1703 -76.0462 -75.9692 -75.9011 -75.8236 -75.7596
0.0000 0.0000 -74.2708 -69.9435 -73.5074 -74.3875 -74.9845 -74.8219 -70.8382 -70.6751 -70.5537 -70.4664 -70.3778 -70.2970 0.0000 0.0000 0.0000 0.0000 0.0000 0.0000 0.0000 0.0000 0.0000 0.0000 -84.7190 -82.5311 -79.7368 -79.0514 -78.5215 -78.0825 -77.7799 -77.8138 -77.5585 -76.1387 -76.0432 -75.9294 -75.8571 -75.7946 -75.7071 -75.6444
-81.9411 -81.4583 -75.2840 -73.5104 -70.0485 -73.1494 -73.9510 -74.4804 -74.8172 -73.6161 -70.8148 -70.6987 -70.6169 -70.6339 -70.5692 0.0000 0.0000 0.0000 0.0000 0.0000 0.0000 0.0000 0.0000 -84.8597 -82.9460 -81.6707 -79.2780 -78.7236 -78.2483 -77.8112 -77.6205 -77.5569 -77.3269 -75.9986 -75.9126 -75.8421 -75.7513 -75.6578 -75.5749 -75.5014
