-51.6730
-51.7474
-51.8671
-51.9860
-52.1114
-52.2414
-52.3748
-52.5107
-52.5720
-52.4563
-52.4371
-52.4172
-52.4922
-52.5876
-52.7000
-52.8226
-52.9496
-53.0817
-53.2200
-53.3605
-53.5089
-53.6514
-53.7952
-53.9373
-54.0790
-54.2135
-46.9693
-47.1089
-47.2470
-47.3836
-47.5179
-47.6510
-47.7823
-55.2973
-55.4264
-55.5322
-55.6648
-55.7897
-55.9299
-56.0528
-59.1652
-54.3163
-53.6794
-53.3131
-52.4555
-52.5682
-52.6859
-52.8075
-52.9320
-53.0588
-53.1518
-53.2428
-53.3237
-53.3261
-53.3589
-53.4139
-53.4855
-53.5695
-53.6630
-53.7209
-53.8285
-53.9413
-54.0560
-54.1732
-54.2858
-54.4101
-54.5262
-54.6480
-54.7701
-54.8896
-55.0120
-55.1341
-55.2554
-55.3765
-55.4753
-55.5951
-55.7208
-55.8560
-55.9743
-56.0918
-53.5666
-52.7572
-52.4163
-52.1906
-52.1523
-52.1762
-52.2354
-52.3233
-52.4278
-52.5439
-52.6680
-52.7957
-52.9292
-53.0653
-53.2031
-53.3420
-53.4814
-53.6208
-53.7675
-53.9066
-54.0461
-54.1837
-54.3204
-54.4493
-54.5913
-54.7223
-54.7971
-54.9030
-54.9889
-55.1023
-55.2114
-55.3211
-55.4305
-55.5154
-55.6255
-55.7394
-55.8663
-55.9768
-56.0868
-56.1965
-50.2571
-50.4735
-50.6852
-50.8929
-51.0966
-51.2965
-51.4841
-51.6606
-51.8311
-52.0056
-52.1758
-52.3455
-52.5131
-52.6784
-52.8417
-53.0028
-53.1619
-53.3256
-53.4808
-53.6351
-53.7861
-53.9352
-54.0760
-54.2214
-54.3692
-54.5108
-54.6506
-54.7804
-54.9224
-55.0574
-55.1907
-55.3216
-55.4357
-55.5574
-55.6390
-55.7814
-55.9061
-56.0294
-56.1513
-56.2765
-42.3219
-42.5416
-42.7566
-42.9670
-43.1732
-43.3751
-43.5731
-51.1272
-51.3456
-51.5596
-51.7719
-51.9689
-52.1573
-52.3445
-52.5274
-52.7063
-52.8874
-53.0592
-53.2286
-53.3936
-53.5557
-53.7088
-53.8652
-54.0254
-54.1745
-54.3235
-54.4623
-54.6119
-54.7544
-54.8949
-55.0327
-55.1540
-55.2821
-55.4211
-55.5685
-55.6983
-55.8267
-55.9534
-56.0831
-56.2233
-42.3183
-42.5359
-42.7482
-42.9363
-43.1602
-43.3601
-43.5562
-43.7494
-43.9399
-44.1273
-44.3114
-44.4921
-44.6697
-44.8442
-45.0157
-45.2595
-52.7149
-52.8831
-53.0498
-53.2154
-53.3736
-53.5355
-53.7013
-53.8567
-54.0118
-54.1572
-54.3127
-54.4612
-54.6074
-54.7510
-54.8785
-55.0122
-55.1560
-55.3076
-55.4422
-55.5752
-55.7063
-55.8358
-55.9856
-56.1054
-42.3100
-42.5262
-42.7395
-42.9486
-43.1534
-43.3542
-43.5511
-43.7437
-43.9325
-44.1180
-44.3001
-44.4791
-44.6552
-44.8284
-45.0004
-45.1693
-45.3355
-45.4987
-45.6594
-45.8164
-45.9720
-46.1262
-46.2766
-46.4992
-53.9233
-54.0739
-54.2195
-54.3642
-54.5074
-54.6358
-54.7708
-54.9159
-55.0688
-55.2057
-55.3410
-55.4747
-55.6068
-55.7620
-55.8827
-55.9932
-42.3109
-42.5278
-42.7400
-42.9472
-43.1503
-43.3493
-43.5443
-43.7362
-43.9258
-44.1118
-44.2944
-44.4737
-44.6499
-44.8240
-44.9944
-45.1622
-45.3271
-45.4894
-45.6479
-45.8026
-45.9580
-46.1103
-46.2611
-46.4084
-46.5548
-46.7001
-46.8425
-46.9829
-47.1189
-47.2546
-47.3893
-47.6001
-55.0273
-55.1581
-55.2884
-55.4180
-63.7206
-61.7949
-60.6479
-42.3151
-42.5279
-42.7363
-42.9442
-43.1483
-43.3482
-43.5445
-43.7368
-43.9245
-44.1088
-44.2897
-44.4675
-44.6431
-44.8161
-44.9865
-45.1540
-45.3187
-45.4801
-45.6398
-45.7981
-45.9527
-46.1046
-46.2531
-46.4007
-46.5469
-46.6901
-46.8312
-46.9678
-47.1051
-47.2419
-47.3806
-47.5139
-47.6455
-47.7754
-47.9036
-65.7189
-62.1626
-59.8283
-59.1013
-42.3196
-42.5357
-42.7476
-42.9520
-43.1521
-43.3483
-43.5408
-43.7310
-43.9200
-44.1058
-44.2882
-44.4684
-44.6441
-44.8159
-44.9843
-45.1499
-45.3119
-45.4722
-45.6316
-45.7889
-45.9434
-46.0948
-46.2452
-46.3942
-46.5403
-46.6843
-46.8232
-46.9615
-47.1013
-47.2378
-47.3715
-47.5034
-47.6335
-47.7619
-47.8885
-48.0153
-48.1405
-48.2641
-48.3872
-48.5112
-42.3278
-42.5391
-42.7456
-42.9509
-43.1542
-43.3538
-43.5496
-43.7404
-43.9253
-44.1070
-44.2864
-44.4618
-44.6372
-44.8103
-44.9805
-45.1468
-45.3113
-45.4737
-45.6314
-45.7863
-45.9380
-46.0888
-46.2383
-46.3848
-46.5306
-46.6722
-46.8142
-46.9558
-47.0951
-47.2315
-47.3662
-47.4991
-47.6295
-47.7580
-47.8849
-48.0101
-48.1337
-48.2567
-48.3814
-48.5005
-42.3427
-42.5535
-42.7598
-42.9623
-43.1608
-43.3554
-43.5463
-43.7360
-43.9247
-44.1112
-44.2934
-44.4720
-44.6440
-44.8131
-44.9797
-45.1424
-45.3050
-45.4670
-45.6260
-45.7829
-45.9361
-46.0889
-46.2384
-46.3847
-46.5266
-46.6688
-46.8104
-46.9498
-47.0864
-47.2216
-47.3563
-47.4893
-47.6205
-47.7501
-47.8780
-48.0044
-48.1301
-48.2566
-66.3018
-42.3603
-42.5693
-42.7740
-42.9765
-43.1745
-43.3686
-43.5591
-43.7461
-43.9307
-44.1113
-44.2892
-44.4665
-44.6425
-44.8154
-44.9846
-45.1527
-45.3138
-45.4717
-45.6275
-45.7797
-45.9308
-46.0823
-46.2322
-46.3773
-46.5228
-46.6676
-46.8103
-46.9497
-47.0864
-47.2210
-47.3539
-47.4850
-47.6144
-47.7422
-47.8684
-47.9952
-66.3536
-49.6833
-49.8367
-42.8186
-42.9917
-43.1884
-43.3816
-43.5715
-43.7588
-43.9420
-44.1221
-44.2988
-44.4730
-44.6445
-44.8124
-44.9794
-45.1452
-45.3097
-45.4711
-45.6292
-45.7859
-45.9387
-46.0873
-46.2314
-46.3757
-46.5194
-46.6607
-46.8021
-46.9416
-47.0794
-47.2154
-47.3496
-47.4819
-47.6123
-47.7399
-47.8659
-47.9975
-66.3232
-64.5706
-63.1135
-49.9037
-50.0334
-50.1699
-50.2876
-50.4613
-43.4504
-43.5878
-43.7735
-43.9563
-44.1357
-44.3120
-44.4853
-44.6549
-44.8225
-44.9883
-45.1514
-45.3118
-45.4689
-45.6247
-45.7812
-45.9356
-46.0854
-46.2351
-46.3840
-46.5280
-46.6691
-46.8074
-46.9438
-47.0783
-47.2111
-47.3433
-47.4757
-47.6064
-47.7354
-65.0767
-62.9680
-61.6887
-50.1587
-50.2689
-50.3857
-50.5082
-50.6364
-50.7742
-50.9122
-51.0556
-44.0242
-44.1503
-44.3252
-44.4972
-44.6671
-44.8352
-44.9998
-45.1614
-45.3200
-45.4771
-45.6332
-45.7866
-45.9356
-46.0844
-46.2326
-46.3794
-46.5258
-46.6693
-46.8107
-46.9502
-47.0872
-47.2198
-47.3507
-47.4798
-47.6074
-47.7336
-47.8582
-62.8053
-60.6599
-59.7704
-50.4287
-50.5244
-50.6261
-50.7334
-50.8503
-50.9670
-51.0894
-51.2149
-51.3444
-51.4776
-51.6100
-44.5650
-44.6828
-44.8481
-45.0118
-45.1721
-45.3310
-45.4884
-45.6428
-45.7928
-45.9426
-46.0924
-46.2381
-46.3838
-46.5266
-46.6673
-46.8064
-46.9453
-47.0828
-47.2185
-47.3523
-47.4845
-47.6149
-47.7408
-47.8651
-47.9879
-48.1094
-48.2293
-48.3479
-48.4903
-50.5819
-50.6631
-50.7501
-50.8473
-50.9448
-51.0479
-51.1541
-51.4011
-51.5174
-51.6320
-51.7544
-51.8850
-52.0138
-52.1455
-45.0782
-45.1867
-45.3432
-45.5001
-45.6517
-45.8033
-45.9550
-46.1015
-46.2478
-46.3911
-46.5324
-46.6721
-46.8108
-46.9478
-47.0829
-47.2162
-47.3478
-47.4796
-47.6099
-47.7386
-47.8656
-47.9911
-48.1154
-48.2360
-48.3544
-48.4715
-50.7809
-50.9281
-51.0089
-51.0902
-51.1773
-51.2679
-51.3625
-51.4612
-51.5588
-51.6644
-51.7780
-51.8898
-52.0044
-52.1136
-52.2323
-52.3532
-52.4803
-52.5949
-45.6578
-45.7831
-45.9301
-46.0772
-46.2213
-46.3634
-46.5421
-46.6813
-46.8185
-46.9539
-47.0875
-47.2201
-47.3516
-47.4815
-47.6098
-47.7364
-47.8615
-47.9868
-48.1107
-48.2331
-48.3540
-48.4736
-50.5752
-50.8310
-51.1100
-51.3395
-51.4155
-51.4962
-51.5809
-51.6647
-51.7570
-51.8574
-51.9562
-52.0579
-52.1543
-52.2609
-52.3698
-52.4852
-52.5881
-52.7036
-52.8310
-52.9450
-53.0697
-46.1412
-46.2330
-46.3741
-46.5139
-46.6517
-46.7878
-46.9220
-47.0544
-47.1852
-47.3142
-47.4415
-47.5673
-47.6928
-47.8169
-47.9395
-48.0607
-48.1803
-48.2985
-48.4170
-50.4270
-50.6799
-50.9271
-51.1667
-51.3999
-51.6292
-51.8001
-51.8800
-51.9687
-52.0555
-52.1455
-52.2301
-52.3252
-52.4228
-52.5270
-52.6185
-52.7230
-52.8402
-52.9439
-53.0588
-53.1707
-53.2841
-53.3988
-53.5148
-46.5776
-46.6635
-46.7981
-46.9319
-47.0640
-47.1944
-47.3232
-47.4503
-47.5759
-47.6999
-47.8224
-47.9434
-48.0632
-48.1828
-48.3010
-48.4179
-50.4117
-50.6706
-50.9227
-51.1691
-51.4098
-51.6448
-51.8694
-52.0992
-52.3141
-52.2598
-52.3333
-52.4181
-52.5052
-52.5995
-52.6804
-52.7749
-52.8826
-52.9764
-53.0767
-53.1838
-53.2877
-53.3931
-53.4999
-53.6080
-53.7174
-53.8277
-53.9390
-46.9956
-47.0758
-47.2044
-47.3328
-47.4597
-47.5849
-47.7087
-47.8309
-47.9517
-48.0711
-48.1890
-48.3055
-48.4207
-50.3073
-50.5609
-50.8049
-51.0487
-51.2885
-51.5187
-51.7537
-51.9790
-52.1996
-52.4089
-52.6175
-52.7581
-52.8748
-52.9520
-53.0393
-53.1409
-53.2326
-53.3212
-53.4222
-53.5199
-53.6192
-53.7202
-53.8227
-53.9265
-53.8189
-53.9221
-54.0263
-54.1316
-54.2379
-54.3449
-47.3963
-47.4715
-47.5945
-47.7180
-47.8399
-47.9604
-48.0795
-48.1972
-48.3136
-48.4287
-50.2282
-50.4704
-50.7124
-50.9522
-51.1845
-51.4178
-51.6464
-51.8711
-52.0852
-52.2987
-52.5100
-52.7172
-52.9128
-53.1095
-53.2031
-53.3210
-53.4009
-53.4937
-53.5830
-53.6741
-53.7669
-53.8611
-53.9569
-54.0541
-54.1525
-54.2521
-54.3530
-54.4549
-54.5580
-54.6622
-54.7673
-54.8733
-54.9801
-47.8294
-47.9250
-48.0193
-48.1387
-48.2575
-48.3228
-48.4379
-50.1938
-50.4165
-50.6445
-50.8700
-51.1042
-51.3323
-51.5579
-51.7745
-51.9870
-52.2015
-52.4123
-52.6123
-52.8157
-53.0275
-53.2240
-53.4112
-53.5503
-53.6323
-53.7179
-53.8355
-53.9223
-54.0107
-54.1006
-54.1916
-54.2839
-54.3774
-54.4722
-54.5681
-54.6652
-54.7633
-54.8623
-54.9623
-55.0632
-55.1649
-55.2674
-55.3705
-55.4742
-48.3205
-48.3860
-48.5011
-50.2187
-50.4109
-50.6115
-50.8242
-51.0457
-51.2646
-51.4779
-51.6932
-51.9081
-52.1202
-52.3208
-52.5252
-52.7399
-52.9391
-53.1300
-53.3282
-53.5180
-53.7046
-53.8868
-53.9669
-54.0487
-54.1329
-54.2503
-54.3359
-54.4228
-54.5110
-54.6004
-54.6909
-54.7824
-54.8750
-54.9685
-55.0631
-55.1585
-55.2548
-55.3519
-55.4497
-55.5482
-55.6473
-55.7470
-55.8229
-43.0653
-43.2005
-50.6380
-50.8293
-51.0267
-51.2251
-51.4325
-51.6392
-51.8478
-52.0489
-52.2546
-52.4639
-52.6646
-52.8562
-53.0556
-53.2480
-53.4373
-53.6236
-53.8069
-53.9872
-54.1648
-54.2911
-54.3706
-54.4515
-54.5343
-54.6509
-54.7353
-54.8207
-54.9073
-54.9949
-55.0835
-55.1730
-55.2633
-55.3545
-55.4465
-55.5394
-55.6329
-55.7271
-55.7972
-55.8920
-50.4390
-43.3293
-43.4619
-43.6478
-51.0404
-51.2218
-51.4097
-51.6048
-51.7930
-51.9966
-52.2075
-52.4064
-52.5993
-52.7998
-52.9933
-53.1843
-53.3714
-53.5564
-53.7393
-53.9194
-54.0966
-54.2710
-54.4428
-54.6119
-54.6896
-54.7615
-54.8416
-54.9229
-55.0386
-55.1216
-55.2055
-55.2904
-55.3762
-55.4628
-55.5503
-55.6383
-55.7033
-55.7916
-55.8811
-55.9713
-50.6097
-50.7128
-50.8453
-43.7158
-43.8423
-51.2612
-51.4272
-51.5931
-51.7795
-51.9779
-52.1683
-52.3557
-52.5472
-52.7436
-52.9337
-53.1220
-53.3082
-53.4922
-53.6739
-53.8518
-54.0281
-54.2020
-54.3733
-54.5421
-54.7085
-54.8725
-54.9921
-55.0691
-55.1473
-55.2263
-55.3062
-55.3890
-55.5022
-55.5846
-55.6674
-55.7270
-55.8103
-55.8950
-55.9735
-56.0595
-50.8469
-50.9028
-50.9799
-51.0912
-43.9645
-44.0872
-44.2068
-51.6333
-51.8062
-51.9771
-52.1542
-52.3303
-52.5188
-52.7034
-52.8880
-53.0715
-53.2543
-53.4356
-53.6150
-53.7923
-53.9673
-54.1403
-54.3100
-54.4783
-54.6442
-54.8077
-54.9691
-55.1283
-55.2853
-55.3613
-55.4374
-55.5144
-55.5923
-55.6706
-55.7263
-55.8371
-55.9172
-55.9980
-56.0794
-56.1705
-51.1098
-51.1327
-51.1810
-51.2494
-51.3440
-51.4544
-44.3261
-44.4462
-44.5882
-52.0099
-52.1640
-52.3352
-52.5064
-52.6812
-52.8580
-53.0356
-53.2133
-53.3906
-53.5666
-53.7411
-53.9140
-54.0850
-54.2543
-54.4208
-54.5859
-54.7486
-54.9094
-55.0682
-55.2247
-55.3792
-55.5317
-55.6452
-55.7189
-55.7682
-55.8431
-55.9191
-55.9957
-56.0736
-56.1932
-56.2705
-51.3718
-51.3898
-51.4159
-51.4564
-51.5074
-51.5934
-51.7084
-51.8357
-44.6781
-44.7910
-52.2176
-52.3650
-52.5204
-52.6818
-52.8476
-53.0163
-53.1867
-53.3578
-53.5290
-53.6995
-53.8691
-54.0377
-54.2046
-54.3701
-54.5337
-54.6955
-54.8555
-55.0135
-55.1696
-55.3236
-55.4750
-55.6245
-55.7465
-55.8915
-55.9648
-56.0375
-56.1109
-56.1945
-56.2679
-56.3431
-51.6205
-51.6443
-51.6644
-51.6778
-51.7165
-51.7867
-51.8592
-51.9504
-52.0569
-44.9053
-45.0162
-45.1260
-52.5643
-52.7092
-52.8608
-53.0175
-53.1780
-53.3407
-53.5051
-53.6701
-53.8352
-54.0000
-54.1638
-54.3266
-54.4881
-54.6482
-54.8066
-54.9634
-55.1185
-55.2713
-55.4223
-55.5465
-55.6929
-55.8378
-55.9809
-56.1325
-56.2395
-56.3085
-56.3800
-56.4521
-51.7047
-51.8829
-51.8950
-51.9213
-51.9612
-51.9974
-52.0467
-52.1061
-52.1924
-52.2913
-52.4082
-45.2360
-45.3431
-45.4492
-52.9008
-53.0426
-53.1902
-53.3423
-53.4976
-53.6551
-53.8140
-53.9736
-54.1331
-54.2923
-54.4508
-54.6083
-54.7646
-54.9196
-55.0727
-55.2241
-55.3498
-55.4972
-55.6432
-55.7876
-55.9401
-56.0809
-56.2190
-56.3567
-56.4926
-56.5640
-51.9412
-51.9395
-51.9572
-51.9990
-52.0295
-52.0526
-52.0813
-52.1319
-52.1898
-52.2614
-52.3478
-52.6260
-45.4515
-45.5559
-45.6594
-45.8134
-53.2267
-53.3655
-53.5094
-53.6571
-53.8078
-53.9604
-54.1142
-54.2685
-54.4229
-54.5770
-54.7303
-54.8823
-55.0332
-55.1590
-55.3069
-55.4533
-55.5983
-55.7514
-55.8931
-56.0323
-56.1711
-56.3082
-56.4438
-56.5778
-52.0533
-52.1695
-52.1994
-52.2184
-52.2434
-52.2751
-52.2935
-52.3319
-52.3743
-52.4275
-52.4925
-52.5705
-52.6621
-52.7677
-45.7290
-45.8294
-45.9290
-53.2138
-53.3399
-53.4713
-53.8193
-53.9630
-54.1091
-54.2570
-54.4060
-54.5553
-54.7043
-54.8529
-54.9778
-55.1246
-55.2705
-55.4152
-55.5681
-55.7102
-55.8500
-55.9893
-56.1272
-56.2637
-56.3986
-56.5322
-52.2422
-52.4600
-52.6150
-52.4372
-52.4562
-52.4750
-52.5129
-52.5399
-52.5710
-52.6111
-52.6604
-52.7201
-52.7912
-52.8740
-52.9694
-53.0774
-46.0307
-46.1279
-46.2248
-53.5135
-53.6372
-53.7656
-53.8975
-54.0321
-54.1685
-54.3059
-54.4441
-54.5611
-54.6992
-55.0980
-55.2411
-55.3928
-55.5342
-55.6736
-55.8129
-55.9510
-56.0877
-56.2232
-56.3574
-56.4902
-52.2797
-52.4736
-52.6677
-52.8539
-52.8597
-52.8862
-52.9111
-52.9416
-52.9702
-52.9999
-53.0376
-53.0841
-52.9437
-53.0086
-53.0843
-53.1712
-53.2696
-46.2282
-46.3242
-46.4199
-46.5152
-53.8044
-53.9258
-54.0507
-54.1786
-54.3089
-54.4200
-54.5528
-54.6864
-54.8203
-54.9626
-55.0958
-55.2275
-55.3595
-55.4904
-55.6203
-55.7492
-55.8767
-56.0031
-56.4524
-52.1543
-52.2330
-52.6829
-52.8637
-53.0593
-53.1021
-53.1218
-53.1467
-53.1770
-53.2076
-53.2363
-53.2722
-53.3157
-53.3677
-53.4287
-53.4997
-53.5812
-53.6737
-53.7773
-46.5587
-46.6529
-46.7045
-46.8499
-54.0860
-54.2043
-54.3052
-54.4296
-54.5561
-54.6841
-54.8216
-54.9511
-55.0799
-55.2095
-55.3387
-55.4674
-55.5954
-55.7224
-55.8486
-55.9736
-56.0975
-52.3448
-52.3978
-52.4443
-52.8887
-53.0720
-53.2552
-53.3313
-53.3516
-53.3768
-53.4067
-53.4391
-53.4667
-53.5011
-53.5424
-53.5913
-53.6483
-53.7139
-53.7890
-53.8740
-53.9692
-54.0741
-46.8419
-46.9337
-47.0212
-54.4630
-54.5790
-54.6990
-54.8225
-54.9576
-55.0855
-54.9483
-55.0734
-55.1992
-55.3251
-55.4508
-55.5762
-55.7011
-55.8253
-55.9487
-56.0712
