-54.6865
-54.8969
-54.8910
-54.8597
-54.5888
-50.6864
-50.6760
-50.6611
-54.5881
-54.6135
-54.6503
-54.6936
-54.7622
-54.7795
-58.6954
-53.9020
-59.2093
-57.7656
-57.6458
-53.4276
-57.5138
-57.4554
-57.3599
-50.9722
-57.6499
-57.6527
-57.7283
-57.7837
-55.4819
-55.5481
-58.0021
-58.2552
-58.1528
-57.8722
-57.7408
-50.6155
-50.5514
-57.3068
-56.8944
-56.8910
-54.7908
-54.7879
-54.7634
-54.7124
-50.7419
-50.7333
-50.7373
-54.5750
-54.6115
-54.6402
-54.6811
-54.7778
-54.7910
-55.4398
-55.6971
-52.4869
-57.6314
-57.5788
-53.3481
-57.4615
-57.4414
-57.3946
-51.0903
-57.7742
-57.7770
-57.8062
-57.8991
-57.9602
-58.0165
-58.0625
-58.0214
-55.7411
-57.9280
-57.8275
-57.7043
-50.6775
-50.6242
-57.3559
-56.9850
-56.9909
-54.6978
-54.6811
-50.9049
-50.8823
-50.7836
-54.5239
-54.5599
-54.5982
-54.6384
-54.6706
-54.7207
-54.8041
-55.4317
-55.6052
-55.5841
-54.9967
-54.9810
-54.9655
-53.2698
-57.3572
-57.3581
-51.1752
-57.3486
-57.8160
-57.8803
-57.9552
-58.0693
-58.1296
-58.1740
-58.1345
-58.2680
-58.0312
-57.9515
-55.5958
-50.2633
-50.7404
-57.4336
-57.0187
-57.0434
-57.1567
-54.6091
-50.9357
-50.9325
-50.8354
-54.4929
-54.5417
-54.5820
-54.6243
-54.6740
-54.7077
-54.8166
-55.4265
-55.5571
-55.5348
-52.0507
-54.9761
-54.9612
-54.9476
-52.1220
-54.9393
-50.5454
-57.3189
-57.3665
-57.8710
-57.9514
-58.0871
-58.1852
-58.2624
-58.2448
-58.3959
-58.1664
-58.0975
-58.0040
-50.9301
-50.8704
-57.5839
-55.4424
-57.0577
-57.1185
-57.2132
-50.9815
-50.9799
-50.9773
-54.4709
-54.5102
-54.5628
-54.6065
-54.6568
-54.6918
-54.7388
-55.4032
-55.5252
-54.9847
-54.9686
-52.0438
-54.9575
-54.9443
-52.0730
-54.9288
-50.6180
-54.9874
-55.0323
-55.3431
-57.9308
-58.0209
-58.1691
-58.2584
-58.2650
-58.1862
-58.3854
-58.2308
-58.1706
-51.0709
-51.0099
-57.7729
-57.5853
-57.1221
-57.1654
-55.3625
-55.7028
-51.0259
-51.0419
-54.6734
-54.4883
-54.5309
-54.5913
-54.6371
-54.6840
-54.7206
-55.3046
-55.5021
-54.9836
-54.9642
-54.9515
-54.9540
-54.9414
-54.9315
-52.0433
-50.6820
-54.9837
-55.0289
-55.0840
-55.4090
-55.4775
-55.5481
-58.2402
-58.2591
-58.2007
-58.4011
-58.2742
-58.2469
-51.1985
-51.1500
-57.9873
-57.8275
-57.6274
-57.2164
-57.2570
-57.3348
-58.4586
-51.1857
-54.6476
-54.4682
-54.5106
-54.5608
-54.6161
-54.6634
-54.6966
-55.2672
-55.4803
-54.9838
-54.9624
-54.9444
-51.9251
-54.9388
-54.9282
-54.9244
-49.3993
-54.9781
-55.0234
-55.0783
-55.4338
-55.4757
-55.5464
-55.6477
-55.6821
-55.6751
-58.4246
-58.3043
-58.2886
-51.3044
-51.2714
-58.1660
-58.0177
-57.7987
-57.2966
-57.3338
-57.3498
-58.0705
-58.4124
-57.8046
-54.6797
-54.4936
-54.5384
-54.5966
-54.6439
-54.6781
-55.2412
-54.9016
-54.9842
-54.9636
-54.9422
-54.9265
-51.9049
-54.9252
-54.9221
-49.4213
-54.9520
-55.0147
-55.0701
-55.1304
-55.4712
-55.5423
-55.6144
-55.6818
-55.6806
-55.6760
-55.7887
-55.8092
-50.7708
-51.3757
-58.3140
-58.2057
-58.0272
-57.7705
-57.3741
-57.4052
-58.1542
-58.6350
-58.3894
-57.9902
-57.9664
-57.4111
-54.5629
-54.6097
-54.6709
-55.2054
-54.8782
-54.8886
-54.9659
-54.9430
-54.9235
-54.9136
-54.9215
-54.9187
-50.8833
-51.9504
-54.9879
-55.0593
-55.1195
-55.4921
-55.5353
-55.6079
-55.6478
-55.6827
-55.6838
-55.8078
-55.8235
-50.8594
-50.8396
-55.8967
-55.9230
-58.2543
-58.0068
-57.3902
-57.4226
-57.4612
-58.7951
-58.6472
-51.1424
-58.1454
-58.1280
-57.5339
-57.4791
-58.3628
-55.1690
-54.8491
-54.8610
-55.4287
-54.9500
-54.9265
-54.9078
-51.7995
-54.9154
-50.9476
-54.9415
-51.9365
-55.0436
-55.1052
-55.1688
-55.5543
-55.5987
-55.6446
-55.6803
-55.6878
-55.6536
-55.8487
-50.9399
-50.9276
-55.9281
-56.0072
-55.9818
-55.9257
-55.6880
-57.4353
-57.4712
-58.9973
-58.0941
-57.5819
-57.6099
-58.4696
-58.5622
-57.7874
-54.8582
-54.8560
-54.9577
-54.9350
-54.9124
-54.8983
-51.7691
-51.0109
-54.9365
-51.8804
-55.0070
-55.0866
-55.1513
-55.2172
-55.5851
-55.6375
-55.6454
-55.6873
-55.6601
-55.8619
-51.0289
-50.9980
-50.9985
-56.1066
-56.1181
-56.0533
-55.9926
-55.4408
-55.4817
-55.6173
-57.9822
-57.5008
-58.4279
-57.8698
-57.8854
-57.8235
-57.7662
-57.6892
-54.9579
-54.9216
-54.9005
-54.8953
-51.0737
-54.9346
-54.9611
-51.8670
-55.0524
-55.1306
-55.1972
-55.5988
-55.6258
-55.6387
-55.6485
-55.6615
-55.8680
-51.1113
-51.0957
-51.0847
-56.1420
-56.1620
-59.2655
-55.4462
-55.4865
-55.5926
-57.2194
-58.3607
-61.6190
-61.0039
-54.7854
-58.2232
-57.7144
-57.7490
-57.8006
-57.8130
-57.7953
-58.9094
-57.7825
-57.6481
-54.9095
-49.4936
-54.9334
-54.9576
-54.9905
-51.8542
-55.1090
-55.1754
-55.2424
-55.6421
-55.6285
-55.6432
-55.6560
-55.6899
-51.1889
-51.1790
-51.1610
-58.0218
-59.4557
-57.8839
-57.7886
-56.9923
-57.6856
-56.8097
-56.7438
-56.5535
-51.2228
-55.2424
-54.6676
-54.7001
-57.6300
-57.6899
-57.7139
-57.7307
-58.9167
-57.7902
-57.6646
-52.1327
-52.7046
-54.9546
-54.9843
-51.7943
-55.0661
-55.1522
-55.2207
-55.6266
-55.6153
-55.6343
-55.6162
-55.6857
-55.9282
-51.2591
-51.2507
-57.5317
-57.7869
-61.5244
-61.4764
-57.9129
-57.9272
-60.3916
-61.8384
-59.3741
-56.3080
-50.7379
-50.7218
-57.6441
-57.6010
-54.6953
-54.7278
-54.7728
-57.6194
-57.6452
-57.8012
-57.7291
-57.6696
-57.6163
-57.6093
-57.5843
-57.5713
-51.7793
-55.1115
-55.1954
-55.2580
-55.6341
-55.6245
-55.6112
-55.6401
-55.7207
-51.3370
-51.3342
-56.8007
-57.5553
-57.5815
-56.9900
-60.3185
-57.8438
-57.8779
-58.0310
-60.4876
-59.7412
-59.1229
-58.8015
-58.1951
-51.3674
-50.7862
-54.6240
-57.6315
-57.5955
-54.7264
-54.7711
-54.8016
-55.2352
-52.3475
-57.6531
-57.6155
-52.6598
-57.6555
-57.6484
-57.6378
-52.7725
-57.7274
-55.2341
-55.2577
-55.6445
-55.6036
-55.6366
-55.7135
-51.4139
-51.4170
-56.5686
-57.1358
-57.5733
-56.8167
-56.5433
-56.2802
-55.5287
-57.8628
-59.5492
-59.4272
-59.2249
-58.6292
-58.2004
-51.4799
-51.4554
-51.4176
-54.6214
-54.6545
-54.6886
-57.5966
-57.5893
-54.8046
-51.5444
-54.9254
-54.9184
-57.5724
-52.5712
-57.6369
-57.6603
-52.7148
-57.7171
-57.8110
-57.7934
-58.4522
-55.6253
-55.6293
-55.6653
-51.4889
-51.5042
-56.4739
-56.9342
-57.3398
-57.4383
-56.6365
-56.2522
-55.5216
-55.6043
-56.4555
-56.4105
-56.3358
-58.4563
-58.1403
-51.5578
-51.5367
-51.5142
-51.5064
-57.5263
-57.4932
-54.6889
-54.7389
-57.6214
-52.4567
-58.5121
-54.9310
-54.9282
-54.9384
-57.5958
-57.6185
-57.6458
-52.6733
-57.7637
-57.8155
-57.8088
-58.4318
-58.3700
-58.3746
-51.4322
-51.5959
-56.4310
-63.3339
-60.0505
-56.2231
-55.5123
-55.5912
-56.3753
-56.3367
-56.2740
-56.1793
-55.8733
-51.0280
-51.6094
-51.5911
-51.5684
-51.5668
-57.5588
-57.5266
-57.4991
-54.7448
-51.4395
-55.2793
-58.5566
-57.7015
-57.6188
-54.9581
-55.0073
-55.0383
-57.6376
-52.6307
-57.7451
-57.7698
-58.4426
-58.4872
-58.4362
-52.3501
-60.3523
-59.8401
-57.9017
-57.8765
-56.3065
-56.2738
-56.2220
-56.1448
-55.8630
-55.6474
-51.0872
-51.0754
-51.0625
-51.6428
-51.6254
-57.5792
-57.5557
-57.5355
-52.5781
-57.5553
-55.3405
-54.9567
-54.9503
-57.6578
-52.4236
-57.6451
-55.0579
-51.5869
-55.1141
-57.7001
-57.6797
-58.4376
-58.4897
-52.4346
-61.0523
-62.1675
-61.7874
-61.2552
-59.9430
-58.0686
-58.0760
-58.0320
-59.0024
-58.7896
-56.1145
-56.0177
-55.6828
-51.1562
-51.1455
-51.1342
-51.1196
-51.1263
-51.1153
-57.4932
-57.5403
-52.6483
-57.6089
-57.6147
-58.7126
-57.7337
-54.9621
-54.9666
-55.0109
-57.6886
-57.6802
-52.4995
-55.1416
-55.1523
-55.5900
-58.4426
-52.5009
-59.6244
-61.0761
-60.9418
-61.6868
-61.5583
-61.1729
-59.8588
-59.6285
-58.1548
-58.1594
-59.1199
-58.9225
-58.7074
-58.4591
-57.8566
-51.2233
-51.2133
-51.2031
-51.1916
-51.1973
-51.1872
-51.1782
-57.4143
-52.6802
-57.5317
-57.6354
-58.7118
-58.7732
-57.7708
-57.6749
-57.6217
-55.0344
-55.0619
-51.4784
-52.4965
-57.6270
-55.1654
-55.6200
-51.6779
-51.6648
-60.1131
-60.7189
-60.7855
-60.7777
-60.5414
-59.3621
-59.5560
-58.0987
-58.1500
-59.1401
-59.0062
-58.8156
-58.5897
-58.0080
-51.9631
-51.9332
-51.9047
-51.2605
-51.2465
-51.2569
-51.2485
-51.2403
-51.5811
-54.7029
-57.4886
-57.6057
-58.8435
-58.8010
-57.8027
-57.7058
-52.2674
-57.6810
-55.0707
-51.4410
-55.0838
-57.6562
-57.6863
-52.6651
-51.7322
-56.2856
-56.6622
-56.7961
-60.6557
-60.4824
-60.1692
-59.1893
-58.1583
-57.8722
-59.0135
-58.9413
-58.8412
-58.6864
-58.4366
-57.8913
-52.0362
-52.0075
-51.9795
-51.9505
-51.9453
-51.3167
-51.3095
-51.4360
-54.6769
-54.7280
-54.7801
-54.8582
-58.9776
-57.8477
-57.7800
-57.7815
-52.2774
-57.6826
-57.6153
-52.3011
-55.0950
-55.1457
-51.7743
-52.7339
-59.3639
-59.9740
-56.7256
-56.7626
-56.7679
-56.6838
-59.1402
-58.1262
-57.8356
-57.8899
-58.6191
-58.5401
-58.6420
-58.4850
-57.9943
-52.1337
-52.1058
-52.0784
-52.0518
-52.0221
-52.0203
-51.9982
-51.9762
-51.5028
-54.7038
-54.7559
-54.8122
-55.5014
-55.6670
-57.7949
-57.7428
-57.7461
-57.7183
-57.6680
-52.2314
-52.3221
-57.6011
-52.5637
-51.8284
-56.0559
-56.2921
-60.2621
-60.4728
-60.4676
-56.6638
-56.1872
-56.1924
-58.1634
-57.8524
-58.5528
-58.4887
-58.3951
-58.2677
-58.1198
-52.1644
-52.1992
-52.1727
-52.1469
-52.1183
-52.1169
-52.0946
-52.0730
-52.2193
-52.1984
-54.7309
-54.7858
-54.8636
-55.6630
-55.7132
-55.0534
-55.0454
-52.0835
-57.6373
-57.5613
-52.1841
-57.6031
-57.6361
-52.8590
-59.0886
-59.5363
-56.4250
-56.6516
-56.7008
-60.2440
-60.0246
-59.0700
-55.7080
-55.5452
-55.9539
-58.4392
-58.3576
-58.2519
-58.1276
-52.2323
-52.2175
-52.2022
-52.1867
-52.2134
-52.1841
-52.1878
-52.1669
-52.1487
-52.3010
-58.8361
-54.7592
-54.8163
-54.8996
-55.8669
-55.7595
-55.0637
-55.0507
-51.1804
-55.0074
-57.5006
-52.1245
-57.5957
-52.6831
-59.0088
-59.4153
-59.7280
-60.1428
-60.3320
-56.6442
-56.5850
-56.1335
-58.1698
-58.2210
-58.4650
-55.9135
-55.8971
-55.8674
-58.1288
-58.0387
-52.2839
-52.2699
-52.2554
-52.2412
-52.2222
-52.2340
-52.2574
-52.2381
-52.4010
-52.4044
-58.9721
-54.7878
-54.8467
-55.8730
-56.0950
-55.7774
-55.0587
-55.0429
-55.0099
-55.0080
-51.1771
-51.2614
-52.7191
-57.9562
-59.2757
-59.7086
-59.9886
-60.3234
-60.2701
-60.0723
-56.5324
-55.6620
-55.7244
-57.8726
-58.4003
-58.3270
-55.8492
-55.8187
-55.7874
-51.6263
-52.3357
-52.3218
-52.3083
-52.2942
-52.3035
-52.2928
-52.2819
-52.4585
-52.4482
-59.0245
-59.1242
-54.8166
-54.8769
-55.1069
-55.0525
-51.0238
-55.0097
-55.0094
-51.1426
-51.7884
-55.2737
-59.0700
-59.4914
-59.9093
-60.2003
-60.2850
-60.1819
-59.9623
-58.1251
-58.1855
-55.7651
-55.8440
-55.8404
-58.2538
-58.1635
-58.0693
-51.7584
-51.6750
-51.6719
-51.6685
-52.3614
-52.3424
-52.3604
-52.3509
-52.3411
-52.5275
-58.9041
-59.0175
-59.1011
-54.8451
-55.6174
-58.2368
-57.7354
-51.0028
-55.0098
-55.0124
-49.5092
-55.2184
-55.3693
-56.0928
-56.3048
-59.9633
-60.1927
-60.2575
-60.0287
-58.8989
-58.1967
-58.2554
-58.3168
-58.2675
-55.8049
-55.7908
-55.7713
-52.5888
-52.4735
-52.4582
-51.7206
-51.7180
-51.7136
-51.7330
-52.4177
-52.4090
-52.6033
-52.6179
-58.9916
-59.0927
-59.1511
-55.3823
-55.6322
-58.0987
-57.8615
-57.6337
-55.0103
-49.4839
-55.1326
-55.3055
-56.0066
-56.2287
-56.4303
-56.5337
-56.6008
-60.0571
-59.8338
-58.1789
-58.2645
-58.8315
-58.2632
-58.2089
-58.1449
-58.0754
-55.7607
-51.8605
-51.7716
-52.5141
-52.4995
-52.4849
-51.7585
-51.7863
-51.7874
-51.9666
-52.6717
-58.9711
-59.0909
-59.1375
-59.1903
-55.4661
-56.0357
-58.0161
-51.7784
-57.7022
-52.9591
-50.0265
-55.2116
-55.3867
-56.1438
-56.3626
-56.5262
-56.5834
-56.6105
-56.5171
-58.1152
-58.2080
-58.2962
-58.2387
-58.2118
-58.1573
-58.0952
-58.0425
-52.7051
-51.8237
-51.8184
-51.8176
-51.8165
-52.5383
-52.5548
-52.5458
-51.8411
-52.0300
-56.5527
-59.0680
-59.1322
-59.1731
-58.3974
-55.5114
-56.0314
-55.9578
-58.0089
-57.8375
-51.6846
-53.0744
-53.0143
-51.8276
-57.9120
-56.0523
-56.2876
-56.4705
-56.6237
-56.6338
-56.5663
-56.0673
-55.6817
-55.7487
-58.7242
-58.1556
-58.1329
-58.1008
-58.0613
-52.7751
-52.7634
-52.6362
-52.6235
-51.8648
-51.8643
-51.8559
-52.6161
-52.6072
-52.8260
-52.8425
-56.6146
-56.6885
-56.7268
-59.2028
-58.4612
-55.5386
-56.0163
-55.1638
-55.0703
-57.5267
-53.0832
-53.0631
-51.7429
-57.8635
-58.0826
-59.5561
-59.9028
-56.6087
-56.6284
-56.6362
-56.1274
-55.6585
-55.7295
-56.0116
-55.7074
-55.7147
-58.0582
-58.0343
-52.8361
-52.8310
-52.7014
-52.6892
-52.6771
-52.6648
-52.6480
-51.9375
-51.9415
-51.9446
-52.9003
-59.0728
-59.1739
-56.7196
-56.7547
-56.3012
-56.3999
-56.0477
-55.2501
-55.1488
-55.0441
-49.3795
-52.0196
-57.5743
-51.6759
-57.9629
-58.2111
-59.9112
-60.3181
-60.4695
-60.3532
-56.5733
-55.6344
-55.7084
-55.9903
-55.6815
-55.6938
-55.7014
-55.7063
-52.8866
-52.8832
-52.8789
-52.7480
-52.7415
-52.7302
-52.7186
-52.6970
-52.7306
-52.7242
-52.2063
-56.5834
-56.6623
-59.2291
-59.2296
-58.3532
-56.3509
-56.4493
-55.3489
-55.2415
-55.1298
-52.0869
-49.3351
-55.0969
-55.1450
-50.8636
-57.9339
-59.5521
-60.2627
-60.6942
-60.7355
-60.3521
-59.1203
-55.6842
-55.7585
-55.9977
-55.6704
-55.6827
-55.6919
-55.7077
-52.0999
-52.1038
-52.7960
-52.7908
-52.7853
-52.7793
-52.7657
-52.7951
-52.7896
-53.0389
-53.0614
-59.1488
-56.7179
-56.7400
-56.7646
-58.4289
-58.5462
-58.6664
-58.1211
-57.8264
-55.1137
-52.1114
-55.0890
-55.1259
-50.7693
-55.2475
-55.4179
-59.8680
-60.5627
-60.8578
-60.7625
-59.5133
-58.1798
-58.2486
-58.6148
-55.6440
-55.6612
-55.6750
-55.6911
-52.1437
-52.1488
-52.1533
-52.0433
-52.0457
-52.8286
-52.8223
-52.8066
-52.8512
-52.8483
-53.1136
-59.1610
-59.2614
-59.2607
-56.7588
-56.2554
-56.3503
-56.4465
-58.7426
-58.1205
-57.8000
-53.2590
-55.0859
-55.1128
-55.1524
-50.7361
-55.3344
-56.2131
-56.7070
-56.8996
-60.9713
-59.9381
-58.1462
-58.2791
-58.6555
-58.6492
-57.9560
-57.9300
-55.6730
-52.1854
-52.1919
-52.1976
-52.0843
-52.0878
-52.0908
-52.0932
-52.0991
-52.9006
-52.9016
-53.1805
-59.1759
-59.2730
-59.3123
-59.2830
-58.3077
-58.4216
-56.3982
-56.4256
-56.5805
-58.1076
-53.4141
-57.5218
-51.2035
-57.4697
-55.1735
-50.6943
-55.3879
-56.6873
-57.0017
-57.0688
-56.6508
-59.8752
-58.1449
-58.5891
-58.6561
-57.9714
-57.9508
-57.9303
-53.0973
-52.2327
-52.2399
-52.2461
-52.1279
-52.1319
-52.1351
-52.1375
-52.1307
-52.1803
-53.2373
-53.2708
-59.2530
-59.3587
-59.3317
-59.2943
-58.3777
-58.4918
-58.6100
-58.7216
-56.5951
-53.5856
-57.8237
-57.5307
-57.5029
-57.4954
-51.2683
-55.2484
-55.4431
-57.2040
-57.2306
-57.1158
-56.5881
-55.6387
-55.7275
-58.5300
-58.6010
-57.9120
-57.9410
-57.9445
-53.1546
-53.1480
-53.1410
-52.1658
-52.1709
-52.1759
-52.1804
-52.1767
-52.2222
-52.2310
-52.4928
-56.6740
-59.3431
-59.3458
-59.3120
-58.3264
-58.4475
-58.5642
-58.6679
-58.7422
-58.7887
