-66.5009
-66.5644
-63.3760
-63.4317
-63.4911
-63.5529
-63.6163
-63.6531
-63.5144
-66.5356
-64.3586
-64.3649
-64.3735
-64.3837
-64.3387
-63.5525
-63.4278
-63.3054
-63.1893
-55.3676
-63.3015
-63.5982
-63.9344
-64.3071
-63.2009
-62.9381
-62.9195
-62.7826
-62.6482
-62.5323
-54.8200
-54.7677
-54.7149
-54.6674
-62.0934
-62.0661
-61.2269
-61.2530
-60.0796
-60.0174
-66.7085
-66.9034
-67.0452
-67.1970
-63.5724
-63.6266
-63.6563
-63.4806
-63.1789
-62.0432
-62.0272
-62.0125
-64.4798
-64.4339
-63.6562
-63.5335
-63.4133
-63.2532
-55.4753
-63.3845
-63.6429
-63.9350
-64.2573
-63.3086
-63.0440
-63.0297
-62.8957
-62.7665
-62.6517
-54.9392
-54.8876
-54.8359
-54.7887
-62.2037
-62.1585
-64.0240
-64.1093
-62.1563
-60.0840
-59.9840
-67.0157
-67.1725
-67.3204
-67.4703
-67.5800
-67.7249
-67.3225
-63.2340
-62.1090
-62.0926
-62.0771
-62.0626
-62.0173
-61.5217
-63.5910
-63.4743
-63.3636
-55.5899
-63.4721
-63.6993
-63.9556
-64.2342
-63.4131
-63.1467
-63.1425
-63.0109
-62.8788
-62.7650
-55.0581
-55.0069
-54.9556
-54.9086
-62.3230
-62.2785
-64.1120
-64.1759
-64.1054
-62.1761
-62.0377
-62.0234
-67.1819
-67.3438
-67.5190
-67.6617
-67.8270
-67.4422
-66.9504
-64.7183
-64.7058
-64.6362
-62.0927
-62.0476
-61.5931
-61.5050
-61.4182
-61.3346
-55.2604
-63.5640
-63.7617
-63.9885
-63.6939
-63.5205
-63.2522
-63.2492
-63.1199
-62.9951
-62.8825
-55.1761
-55.1252
-55.0744
-55.0272
-62.3660
-62.3944
-64.2038
-64.2641
-64.2352
-62.2805
-62.1200
-62.1046
-62.1254
-67.3346
-67.4527
-67.6064
-67.7716
-67.4646
-66.9773
-64.8051
-64.8074
-64.7996
-64.7912
-64.7262
-63.9539
-61.5769
-61.4917
-61.4099
-55.3640
-61.4180
-61.5058
-61.6038
-63.7780
-63.6222
-63.3521
-63.3604
-63.2336
-63.1109
-62.9993
-62.9144
-55.2426
-55.1921
-55.1450
-62.4822
-62.5096
-64.2958
-64.3508
-64.3620
-62.4019
-62.2331
-62.2025
-62.2064
-63.1792
-63.6772
-63.6562
-63.6803
-67.3314
-66.9943
-64.8546
-64.8727
-64.8941
-64.9186
-64.8880
-64.1261
-63.9979
-63.8667
-63.7417
-55.9331
-61.4842
-61.5603
-61.6423
-61.4898
-61.3976
-61.2431
-61.2043
-63.3471
-63.2261
-63.1155
-63.0295
-55.3591
-55.3090
-55.2617
-62.5978
-62.6241
-64.3886
-64.4389
-64.4863
-62.5222
-62.4401
-62.3152
-62.2911
-63.2661
-62.9738
-67.5421
-67.5951
-63.5759
-63.4137
-62.3389
-62.3190
-64.9339
-64.9063
-64.9253
-64.1987
-64.1045
-64.0141
-63.9259
-56.0593
-63.9503
-64.0769
-64.2124
-61.5593
-61.4689
-61.3751
-61.2749
-61.1926
-61.1033
-61.0194
-63.1444
-55.4747
-55.4249
-55.3776
-55.3326
-62.7380
-62.6955
-64.5281
-64.5767
-62.6417
-62.5600
-62.4271
-62.4002
-62.4308
-63.0896
-62.7890
-67.6950
-67.4915
-67.1777
-65.1237
-62.3838
-62.3643
-62.3178
-61.9541
-64.2475
-64.1501
-64.0546
-63.9725
-56.1646
-64.0636
-64.2261
-64.4056
-64.2311
-64.0871
-63.9272
-63.7283
-61.2679
-61.1801
-61.0974
-61.0267
-55.1123
-55.0633
-55.0160
-55.4479
-62.8516
-62.8085
-64.6185
-64.6628
-62.7603
-62.6789
-62.5386
-62.5111
-62.4993
-63.2038
-62.9219
-62.6323
-67.6102
-67.3353
-67.0131
-65.1455
-65.1363
-65.0802
-64.4570
-61.9369
-61.8555
-61.7756
-61.6993
-56.2630
-64.0900
-64.2345
-64.4011
-64.3034
-64.2155
-64.1243
-64.0099
-63.9288
-63.8098
-63.6997
-61.1035
-55.2166
-55.1679
-55.1206
-55.0760
-60.7674
-60.7227
-64.7106
-64.7507
-62.8786
-62.7974
-62.6496
-62.6207
-62.6077
-63.3181
-63.0523
-62.7788
-54.9784
-67.3812
-67.1220
-65.2579
-65.2667
-65.2137
-64.5918
-64.4741
-64.3570
-64.2421
-64.1332
-55.8698
-61.7507
-61.7929
-61.8424
-64.3111
-64.2227
-64.1365
-64.0149
-63.9734
-63.9034
-63.8445
-63.8061
-55.8761
-55.8359
-55.7942
-55.1799
-60.8441
-60.7993
-61.7453
-61.7397
-60.7204
-60.6528
-62.7599
-62.7309
-62.7166
-63.4318
-63.1800
-62.9209
-62.6867
-55.0502
-67.1725
-65.3041
-65.3153
-65.2824
-64.6888
-64.5947
-64.4968
-64.3912
-64.2858
-56.4845
-64.2881
-64.3732
-61.9107
-61.8343
-61.7497
-61.6639
-61.5775
-63.9615
-63.8912
-63.8351
-63.8035
-55.9870
-55.9563
-73.7914
-60.9201
-60.8750
-61.8024
-61.7948
-61.7598
-60.7318
-60.6664
-60.5802
-60.5518
-63.5457
-63.3061
-63.0596
-62.8250
-55.1686
-55.1247
-62.6312
-62.6098
-65.3321
-64.7455
-64.6522
-64.5610
-64.4734
-64.3928
-56.5961
-64.4361
-64.5216
-64.6166
-64.5453
-64.4148
-64.2809
-61.6216
-61.5633
-61.4814
-61.4401
-63.8316
-56.0729
-56.0410
-68.6181
-71.0427
-61.8602
-61.8508
-61.8300
-60.8097
-60.7446
-60.6535
-60.6255
-60.5972
-60.8680
-60.7188
-60.5671
-55.2852
-55.2403
-55.2008
-65.4467
-65.4259
-62.2849
-62.2082
-62.1318
-64.5319
-64.4509
-56.6944
-64.4934
-64.5924
-64.7073
-64.6867
-64.5835
-64.4580
-64.3389
-64.2677
-64.1504
-64.0300
-61.4583
-55.6403
-55.5944
-62.2008
-68.1457
-69.7699
-61.9070
-61.8964
-60.8869
-60.8221
-60.7272
-60.6906
-60.6613
-60.9493
-60.8036
-60.6572
-54.8697
-54.8241
-54.7834
-62.8917
-65.5850
-64.9772
-64.8616
-64.7456
-64.6315
-62.0543
-56.2600
-62.0211
-64.6304
-64.7081
-64.7927
-64.7027
-64.6136
-64.4696
-64.4432
-64.3492
-64.2397
-64.1417
-56.2931
-56.2423
-64.8625
-62.5525
-63.1348
-63.2980
-63.7780
-63.5977
-61.9516
-60.9637
-60.8991
-60.8036
-60.7668
-60.7338
-61.0261
-60.8865
-60.7452
-54.9739
-54.9286
-54.8870
-54.8683
-60.5262
-65.1294
-65.0197
-64.9105
-64.8031
-64.7001
-56.9069
-64.6728
-62.1398
-62.1517
-62.1417
-62.0672
-64.6652
-64.5511
-64.4878
-64.4070
-64.3341
-64.2707
-56.4120
-56.3678
-64.7633
-65.7809
-66.7872
-67.8764
-63.1330
-63.3329
-62.0074
-61.0434
-60.9790
-60.8768
-60.8394
-60.8060
-61.1019
-60.9677
-60.8315
-60.7102
-55.0322
-54.9897
-54.9498
-60.5783
-60.6016
-65.1211
-65.0753
-65.0406
-65.0850
-57.0706
-64.9238
-64.9810
-65.0282
-65.0411
-64.9067
-62.0589
-61.9648
-61.9017
-61.8255
-64.3651
-64.2987
-56.5060
-56.4643
-64.5371
-65.3097
-66.2514
-67.3103
-68.3295
-68.6929
-65.7909
-63.8599
-61.0549
-60.9495
-60.9119
-60.8782
-61.1770
-61.0478
-60.9162
-60.7930
-55.1349
-55.0916
-55.0519
-60.6330
-60.6503
-60.6740
-62.4265
-65.0298
-65.0086
-57.1481
-65.2163
-65.4048
-65.4911
-65.5919
-65.5262
-64.8814
-64.7467
-64.6010
-61.8087
-61.7359
-56.0201
-55.9729
-56.5217
-65.0028
-65.7138
-66.5286
-67.4382
-68.3856
-65.9551
-64.0801
-64.0589
-60.9497
-60.9201
-61.1264
-60.9995
-60.8771
-55.2368
-55.1926
-55.1531
-60.6903
-60.7017
-60.7202
-60.7410
-62.4238
-62.3620
-56.6470
-62.3247
-65.1890
-65.4373
-65.6327
-64.9694
-64.7932
-64.6924
-64.5957
-64.5260
-56.6831
-56.0237
-61.9311
-62.1695
-62.4124
-66.6733
-67.4286
-65.8366
-64.1514
-64.1803
-70.7193
-60.9800
-61.2039
-61.0810
-60.9605
-55.3378
-55.2936
-55.2536
-60.7502
-60.7552
-60.7687
-60.7853
-60.8038
-62.4290
-56.7395
-62.3899
-62.3968
-62.3961
-62.4318
-64.3981
-76.4970
-65.0611
-65.0973
-72.8081
-64.7289
-56.8080
-56.7682
-65.2931
-66.0472
-62.3266
-62.5744
-62.7791
-62.3597
-64.0870
-64.0963
-67.5708
-70.4073
-73.4112
-61.1610
-61.0432
-55.4381
-55.3941
-55.3532
-55.3140
-60.8102
-60.8194
-60.8322
-60.8469
-60.8792
-56.8312
-62.4546
-62.4590
-62.4700
-62.4795
-64.3669
-64.2854
-64.2460
-62.1775
-62.1108
-68.5932
-71.6126
-56.8674
-56.8836
-65.4237
-71.9706
-66.6527
-62.4281
-62.3464
-61.4140
-61.3662
-62.9815
-69.6289
-71.9275
-61.1243
-61.0241
-55.4936
-55.4519
-55.4129
-60.8669
-60.8717
-60.8808
-60.8919
-60.9201
-60.9337
-65.3132
-62.5276
-62.5211
-62.5125
-62.5808
-63.9954
-63.7520
-62.2417
-62.1666
-63.3616
-63.6099
-63.7366
-56.3673
-56.9364
-65.0154
-65.3913
-71.6673
-75.4035
-66.3559
-66.1823
-64.2380
-61.4157
-62.7755
-63.0741
-63.3114
-63.4288
-63.2858
-63.2313
-61.1011
-55.5922
-55.5497
-55.5110
-60.9250
-60.9253
-60.9310
-60.9391
-60.9493
-60.9737
-60.9847
-65.5016
-65.4988
-65.5368
-65.6801
-63.8321
-63.5738
-62.2899
-62.2135
-63.2805
-63.3502
-63.3006
-56.4618
-56.4188
-62.0637
-62.1849
-63.4650
-69.9755
-70.9541
-71.2501
-66.3461
-64.4423
-64.3669
-67.1470
-67.8742
-68.4020
-63.1706
-63.0381
-62.8123
-61.1783
-55.6898
-55.6467
-55.6081
-60.9842
-60.9799
-60.9823
-60.9874
-60.9940
-61.0157
-61.0239
-61.0324
-65.6287
-65.6878
-65.8210
-68.4880
-67.8796
-65.2619
-65.1491
-63.2734
-63.1623
-63.0629
-56.5532
-56.5088
-62.0851
-62.1830
-63.2450
-63.5296
-63.7313
-63.8514
-62.5113
-64.4302
-64.3857
-66.8025
-67.4769
-68.2529
-68.9862
-68.5316
-67.8509
-64.3271
-55.7863
-55.7434
-55.7042
-55.6867
-61.0353
-61.0345
-61.0368
-61.0407
-61.0591
-61.0647
-61.0707
-61.0769
-65.6527
-65.8720
-68.1272
-67.9610
-65.4643
-65.3531
-67.3184
-66.9893
-66.7230
-57.2843
-56.5996
-62.1236
-62.2061
-62.3409
-63.3731
-63.5638
-63.6994
-62.5635
-61.6279
-61.5652
-62.5524
-62.7007
-67.6130
-68.2447
-68.0649
-67.6462
-64.5294
-56.6114
-55.7612
-61.0909
-61.0869
-61.0868
-61.0883
-61.1037
-61.1069
-61.1106
-61.1144
-61.1183
-66.4026
-68.4599
-67.8158
-65.5039
-65.4108
-67.1101
-66.9520
-66.6542
-57.4069
-57.3609
-65.2496
-65.4108
-65.5779
-63.2805
-63.4459
-63.5241
-62.5781
-61.6922
-61.6326
-62.5577
-62.6777
-62.7989
-62.9106
-62.8226
-62.6324
-64.5279
-64.5382
-56.6818
-72.1897
-64.3013
-61.1395
-61.1369
-61.1361
-61.1486
-61.1498
-61.1514
-61.1533
-61.1551
-61.1568
-66.3550
-67.7987
-65.9032
-65.8450
-67.5350
-66.6841
-66.4229
-57.5166
-57.4781
-65.4420
-65.6161
-65.8191
-68.1068
-68.6564
-69.1822
-66.7989
-61.7721
-61.6990
-62.5745
-62.6728
-62.7731
-62.8684
-62.8729
-62.7102
-62.4932
-61.4518
-56.0488
-62.8052
-70.0400
-61.1869
-61.1841
-61.1941
-61.1933
-61.1928
-61.1927
-61.1927
-61.1926
-61.1925
-68.3846
-65.9873
-65.8731
-67.2687
-66.6947
-57.5452
-65.3172
-65.3946
-65.5749
-66.1456
-68.6139
-69.1427
-67.0989
-65.1217
-65.1052
-65.1415
-62.8120
-62.9025
-62.8956
-62.7426
-62.5492
-61.5159
-56.1383
-61.9467
-62.7812
-62.8300
-63.0579
-61.2374
-61.2324
-61.2398
-61.2370
-61.2347
-61.2328
-61.2311
-61.2293
-61.2672
-61.0473
-66.2095
-66.1083
-67.4342
-67.1408
-70.6295
-70.3356
-57.6789
-65.2987
-65.4286
-65.5839
-65.8499
-67.9246
-68.3015
-67.1617
-67.1251
-65.3292
-65.3639
-68.1272
-62.7706
-62.5885
-61.5740
-56.2261
-61.6234
-62.2050
-62.6996
-62.7739
-61.2889
-61.2814
-61.2861
-61.2813
-61.2772
-61.2735
-61.3090
-61.3055
-61.3020
-61.2982
-61.0756
-66.2272
-67.4553
-67.0231
-68.9821
-68.0869
-57.7814
-57.7523
-65.9163
-66.0747
-66.2505
-67.8065
-68.2779
-66.9337
-66.8435
-65.0259
-64.9935
-67.9140
-74.0312
-67.3460
-62.6288
-61.5990
-56.3047
-61.5021
-61.9480
-62.3592
-62.6989
-62.3104
-61.3315
-61.3338
-61.3271
-61.3594
-61.3536
-61.3481
-61.3427
-61.3375
-61.3322
-61.1230
-61.0664
-67.3374
-67.0914
-68.3074
-67.4818
-57.9018
-57.8612
-65.8921
-66.1751
-66.5278
-66.8345
-66.9234
-65.1090
-65.0609
-67.1587
-69.5534
-71.2190
-67.1448
-64.8614
-64.7241
-57.0811
-61.8182
-62.1433
-62.4471
-62.3614
-61.3819
-61.4198
-61.4113
-61.4034
-61.3960
-61.3888
-61.3817
-61.3751
-61.3313
-61.1427
-61.1134
-61.0940
-67.1374
-68.2118
-76.7962
-65.9876
-66.4066
-73.0973
-65.1832
-65.1216
-67.1036
-68.9184
-69.9323
-70.9561
-70.8756
-67.1039
-64.9273
-65.0001
-57.2202
-65.3422
-66.0294
-66.7941
-67.4430
-61.4700
-61.4679
-61.4576
-61.4481
-61.4391
-61.4308
-61.3870
-61.3770
-61.3685
-61.3600
-61.1630
-61.1409
-61.1182
-70.1078
-71.3911
-74.8328
-63.5981
-64.0356
-64.0736
-70.5741
-70.5221
-65.1746
-67.0707
-67.2378
-69.1144
-69.7972
-70.4226
-67.1349
-64.9963
-64.8851
-57.2870
-65.0492
-65.6754
-66.8140
-67.4072
-67.5366
-65.9001
-64.8378
-61.4833
-61.4369
-61.4270
-61.4171
-61.4091
-61.3992
-61.2184
-61.1877
-61.1648
-61.1798
-70.5350
-70.9165
-71.3326
-71.2091
-71.1266
-71.2419
-66.2227
-63.7531
-63.9125
-63.7862
-63.5725
-62.1321
-62.8540
-62.8775
-68.8259
-69.3591
-69.8891
-67.1831
-66.8173
-64.9764
-57.3823
-65.0652
-65.4965
-66.0696
-66.4548
-67.0431
-65.6876
-64.8886
-64.9131
-64.9387
-64.9704
-61.4487
-61.4370
-61.4256
-61.2352
-61.2500
-61.2252
-61.1824
-70.0236
-70.4351
-70.6902
-70.5621
-70.5230
-66.2668
-68.7338
-69.5352
-69.0817
-68.2732
-65.2568
-62.1085
-62.9105
-63.4112
-63.4940
-63.5697
-62.8294
-66.9031
-65.1758
-57.4969
-65.0754
-65.4542
-65.8790
-66.2040
-66.6391
-65.1792
-67.5525
-70.6343
-64.9962
-65.0203
-65.0493
-65.0735
-65.0991
-65.1246
-65.2429
-64.8777
-64.8766
-61.2726
-61.2494
-61.1698
-69.7499
-64.1854
-64.1229
-69.8497
-66.2444
-68.3882
-68.9340
-68.7682
-68.2711
-65.4518
-65.3776
-67.2812
-67.3752
-69.0409
-63.5409
-62.9485
-62.8029
-61.9733
-61.9034
-56.7746
-61.9453
-65.7255
-65.9985
-66.3613
-66.7661
-65.1663
-67.6887
-67.4210
-65.0968
-65.1332
-65.1714
-65.2968
-65.3256
-65.3545
-65.3781
-65.0008
-65.0008
-64.9968
-64.9093
-64.7794
-69.8092
-69.9944
-69.7279
-68.1456
-68.0216
-63.5768
-63.5243
-68.0385
-65.4913
-65.4610
-67.3909
-67.5728
-69.5765
-69.8872
-67.8106
-67.4628
-65.4405
-65.2840
-56.8598
-61.9530
-62.0572
-62.1264
-62.1786
-62.2713
-65.1613
-67.3316
-67.3626
-65.1219
-65.2485
-65.2934
-65.3408
-65.3856
-65.4297
-65.4757
-65.1300
-65.1285
-65.1264
-65.0853
-64.9591
-64.8273
-69.7463
-69.7414
-68.5310
-66.5568
-68.5867
-68.5900
-68.1453
-65.5605
-65.4825
-63.0755
-67.5685
-69.2354
-69.6107
-67.8978
-67.7135
-65.7325
-65.6291
-57.7915
-65.6377
-65.9070
-66.0284
-62.1583
-62.2429
-61.7763
-62.4901
-62.4688
-61.7023
-65.2703
-65.3101
-65.3478
-65.3926
-65.4400
-65.4870
-65.1888
-65.1938
-65.2192
-65.2352
-65.1324
-65.0079
-64.8789
-69.7578
-68.8191
-66.6441
-68.6908
-68.8118
-68.4354
-65.9871
-65.9263
-67.8768
-67.9893
-69.6882
-68.4318
-63.0793
-62.9596
-65.6080
-65.5664
-57.8750
-65.5806
-65.9916
-66.2465
-66.6102
-67.0535
-65.7615
-62.4760
-62.5315
-61.7333
-61.7149
-61.6989
-61.6817
-61.6644
-65.4826
-65.5260
-65.2086
-65.2293
-65.2518
-65.2022
-65.0155
-64.9207
-64.8186
-69.0661
-66.7818
-68.7693
-69.1881
-68.8351
-68.1421
-66.1357
-68.1256
-68.2498
-68.3893
-68.7771
-68.5465
-68.2935
-68.0338
-61.9931
-62.0497
-65.9072
-66.5745
-72.5966
-63.5561
-62.4968
-61.7775
-61.7600
-61.7420
-61.7238
-61.7055
-61.6871
-61.6705
-61.5161
-61.4811
-65.2565
-65.1556
-65.0615
-64.9677
-64.8740
-64.7796
-68.9142
-69.0192
-69.2814
-68.9505
-68.3011
-66.2600
-68.2514
-68.6729
-67.9793
-68.6066
-74.6984
-62.1220
-62.1787
-62.2465
-62.3888
-63.3836
-74.5252
-78.3001
-61.8368
-61.8027
-61.7839
-61.7651
-61.7482
-61.7293
-61.7102
-61.6907
-61.4898
-61.4618
-61.4337
-61.3631
-61.2872
-61.2112
-64.8249
-64.7326
