-63.8849 -64.6758 0.0000 0.0000 0.0000 -68.3854 -58.5568 -58.4600 -58.3629 -58.2288 -58.1269 -57.9943 -57.9388 -57.8463 -57.7542 -64.9868 -65.0726 -65.2096 -65.3942 -65.6323 -65.9348 -66.3157 -66.7915 -67.3706 -68.0645 -68.6262 -70.4278 0.0000 -56.4077 -56.2853 -56.1600 -56.0249 -55.9131 -55.7996 -55.6693 -55.5544 -62.2038 -62.1140 -62.0342 -61.9609
-58.1857 -58.1213 0.0000 0.0000 0.0000 0.0000 0.0000 0.0000 0.0000 -58.2148 -58.1093 -57.9734 -57.9150 -57.8204 -57.7253 -57.6299 -57.5343 -57.4389 -64.8531 -65.0359 -65.2944 -65.6411 -66.0995 -66.6920 -67.4542 -71.7173 0.0000 0.0000 -56.3664 -56.2448 -56.0977 -55.9838 -55.8689 -55.7536 -55.6368 -55.5188 -55.3911 -55.2726 -61.9521 -61.8571
-58.1597 -58.0940 -58.0273 -58.5936 -58.5141 0.0000 0.0000 0.0000 -58.3248 -58.2159 -58.1021 -57.9908 -57.8947 -57.7982 -57.7008 -57.6029 -57.5056 -57.4072 -57.3078 -57.2080 -64.5903 -64.8449 -65.2362 -65.7919 -66.5796 -67.5246 0.0000 0.0000 -63.9441 -56.1982 -56.0527 -55.9399 -55.8230 -55.7043 -55.5756 -55.4582 -55.3401 -55.2210 -55.0995 -54.9765
-58.1337 -58.0677 -58.0006 -58.5676 -58.4866 -58.4558 -58.3797 -58.3006 -58.2121 -58.1153 -57.9762 -57.9235 -57.8329 -57.7400 -57.6457 -57.5499 -57.4531 -57.3548 -57.2560 -57.1568 -57.0564 -56.9548 -56.8526 -64.5395 -65.2176 -66.3377 -68.0857 0.0000 0.0000 -63.6810 -63.4202 -55.8875 -55.7591 -55.6437 -55.5273 -55.4082 -55.2888 -55.1685 -55.0467 -54.9097
-58.1086 -58.0418 -57.9740 -58.5413 -58.4602 -58.4320 -58.3555 -58.2747 -58.1821 -58.0828 -57.9444 -57.8918 -57.8017 -57.7104 -57.6178 -57.5486 -57.4510 -57.3517 -57.2511 -57.1488 -57.0441 -56.9396 -56.8336 -56.7263 -56.6180 -56.5106 -66.2980 0.0000 0.0000 -63.4278 -63.2169 -63.1351 -63.0616 -55.6659 -55.4755 -55.3576 -55.2381 -55.1024 -54.9800 -54.8704
-58.1225 -58.0539 -57.9844 -58.5572 -58.4735 -58.4471 -58.3684 -58.2855 -58.1889 -58.0861 -57.9426 -57.8875 -57.7949 -57.7019 -57.6082 -57.5136 -57.4180 -57.3207 -57.2198 -57.1161 -57.0114 -56.9055 -56.7976 -56.6886 -56.5799 -56.4707 -56.3597 -56.2253 -56.1152 -63.2313 -63.1346 -63.0437 -62.9570 -62.8707 -62.7062 -62.6596 -55.1687 -55.0490 -54.9270 -54.8174
-58.0973 -58.0288 -57.9628 -58.5326 -58.4487 -58.4266 -58.3476 -58.2610 -58.1629 -58.0561 -57.9127 -57.8580 -57.7644 -57.6698 -57.5739 -57.4777 -57.3802 -57.2809 -57.1807 -57.0796 -56.9766 -56.8715 -56.7635 -56.6543 -56.5439 -56.4330 -56.3207 -56.1857 -56.0736 -55.9601 -55.8462 -55.7137 -62.8126 -62.7201 -62.6361 -62.5555 -62.4831 -62.4183 -54.8713 -54.7602
-58.0678 -57.9991 -58.5898 -58.5056 -58.4225 -58.4063 -58.3263 -58.2365 -58.1378 -58.0285 -57.8841 -57.8286 -57.7340 -57.6386 -57.5424 -57.4432 -57.3427 -57.2412 -57.1395 -57.0375 -56.9351 -56.8313 -56.7254 -56.6180 -56.5084 -56.3974 -56.2845 -56.1481 -56.0342 -55.9005 -55.7865 -55.6709 -55.5512 -55.4335 -55.4374 -62.4892 -62.4086 -62.3283 -62.3324 -62.2598
-62.9672 -62.9414 -58.6552 -58.4744 -58.3911 -58.3829 -58.3025 -58.2104 -58.1123 -57.9998 -57.8548 -57.7996 -57.7049 -57.5852 -57.4892 -57.3922 -57.2939 -57.1952 -57.0953 -56.9929 -56.8886 -56.7832 -56.6772 -56.5706 -56.4633 -56.3540 -56.1976 -56.0872 -55.9747 -55.8606 -55.7450 -55.6277 -55.5096 -55.3906 -55.2701 -55.1483 -55.0268 -62.2775 -62.2754 -62.1961
-64.1294 -63.6255 -65.2194 -65.1612 -65.4742 -65.5022 -58.2861 -58.1441 -58.0476 -57.9341 -57.8305 -57.7393 -57.6463 -57.5515 -57.4556 -57.3587 -57.2603 -57.1606 -57.0577 -56.9534 -56.8491 -56.7430 -56.6356 -56.5026 -56.3956 -56.2875 -56.1551 -56.0462 -55.9357 -55.8231 -55.7078 -55.5905 -55.4707 -55.3500 -55.2280 -55.1053 -54.9817 -54.8556 -54.7431 -54.6478
-64.3311 -64.4437 -69.3100 -69.7241 -72.4176 -65.8278 -65.6912 -65.5683 -65.4477 -64.9469 -57.8515 -57.7292 -57.6312 -57.5327 -57.4336 -57.3341 -57.2324 -57.1298 -57.0264 -56.9220 -56.7893 -56.6833 -56.5763 -56.4689 -56.3611 -56.2512 -56.1168 -56.0061 -55.8950 -55.7827 -55.6687 -55.5530 -55.4345 -55.3138 -55.1911 -55.0673 -54.9410 -54.8287 -54.6997 -54.5771
-64.1426 -64.2559 -68.9118 -70.5865 0.0000 0.0000 0.0000 -65.5731 -65.4482 -64.8913 -64.9680 -64.8701 -64.7781 -64.6929 -57.3891 -57.2891 -57.1883 -57.0871 -56.9566 -56.8557 -56.7522 -56.6466 -56.5398 -56.4316 -56.3227 -56.2117 -56.0771 -55.9661 -55.8535 -55.7393 -55.6237 -55.5076 -55.3896 -55.2704 -55.1494 -55.0269 -54.9005 -54.7873 -54.6566 -54.5317
-63.8859 -63.9840 -68.2005 -68.6690 -69.3666 0.0000 0.0000 0.0000 -65.4774 -64.8096 -64.8816 -64.7616 -64.6512 -64.5502 -64.4578 -64.2110 -64.1496 -57.1094 -56.9130 -56.8126 -56.7105 -56.6066 -56.5015 -56.3939 -56.2850 -56.1499 -56.0392 -55.9271 -55.8133 -55.6982 -55.5824 -55.4648 -55.3450 -55.2242 -55.1027 -54.9806 -54.8559 -54.7440 -54.6233 -54.4884
-62.5888 -62.5559 -66.6851 -66.9729 -67.5042 -68.5703 0.0000 0.0000 0.0000 -64.7655 -57.7391 -64.6656 -64.3590 -64.2724 -64.1919 -64.1162 -64.0424 -63.9718 -63.9044 -63.8405 -63.7770 -56.6124 -56.4582 -56.3515 -56.2440 -56.1106 -56.0013 -55.8888 -55.7749 -55.6596 -55.5425 -55.4237 -55.3023 -55.1813 -55.0585 -54.9347 -54.8240 -54.6961 -54.5754 -54.4419
-62.6182 -62.6112 -65.0203 -64.9475 -64.8732 -64.7971 -64.7191 -68.6425 -64.9157 -64.6929 -64.5470 -64.4473 -64.3507 -64.2572 -64.1636 -64.0718 -63.9821 -63.8963 -63.8142 -63.7360 -63.6565 -63.5803 -63.4736 -63.3556 -63.2399 -56.0679 -55.9588 -55.8482 -55.7360 -55.6224 -55.5060 -55.3862 -55.2654 -55.1426 -55.0177 -54.8917 -54.7799 -54.6603 -54.5276 -54.3927
-62.6514 -65.1837 -65.1128 -65.0410 -64.9676 -64.8920 -64.8141 -64.6126 -64.5182 -64.6132 -64.5196 -64.4240 -64.3267 -64.2277 -64.1277 -64.0284 -63.9284 -63.8304 -63.7360 -63.6454 -63.5463 -63.4524 -63.3638 -63.2836 -63.2437 -63.0489 -62.9230 -62.8006 -62.6857 -55.5777 -55.4623 -55.3446 -55.2260 -55.1056 -54.9821 -54.8555 -54.7423 -54.6208 -54.4860 -54.3497
-62.6864 -65.2808 -65.2119 -65.1422 -64.9287 -64.8543 -64.7778 -64.6933 -64.6011 -64.7050 -64.6132 -64.5189 -64.4220 -64.3224 -64.2203 -64.1169 -64.0097 -63.9005 -63.7894 -63.6752 -63.5578 -63.4425 -63.3319 -56.2595 -63.0166 -62.9267 -62.8439 -62.7676 -62.6974 -62.6053 -62.4651 -62.3260 -62.2027 -55.0544 -54.9330 -54.8251 -54.6988 -54.5784 -54.4430 -54.2976
-62.7223 -65.3817 -65.1443 -65.0764 -65.0072 -64.9362 -64.8632 -64.7801 -64.6911 -64.8060 -64.7178 -64.6269 -64.5334 -64.4371 -64.3392 -64.2370 -64.1318 -64.0234 -63.9118 -63.7936 -63.6699 -63.5435 -63.4150 -63.2879 -63.0330 -62.9134 -62.7985 -55.6769 -62.6024 -62.5271 -62.4430 -62.3651 -62.2996 -62.1700 -62.0134 -61.9421 -54.7094 -54.5313 -54.3984 -54.2560
-62.3358 -64.7067 -65.2902 -65.2234 -65.1553 -65.0857 -65.0142 -64.9302 -64.8426 -64.9703 -64.8278 -64.7414 -64.6525 -64.5609 -64.4678 -64.3704 -64.2700 -64.1665 -64.0596 -63.9441 -63.8242 -63.7008 -63.5740 -63.4470 -63.1844 -63.0564 -62.9244 -62.7886 -62.6503 -62.5118 -62.3775 -55.1794 -62.1523 -62.0830 -62.0280 -62.0495 -62.0460 -61.8487 -61.6421 -61.4078
-62.3256 -64.7190 -64.6494 -64.5796 -64.5164 -64.4441 -64.3703 -64.2838 -64.1963 -65.0743 -64.9931 -64.9096 -64.8239 -64.7356 -64.6463 -64.5529 -64.4568 -64.3578 -64.2555 -64.1435 -64.0286 -63.8777 -63.7616 -63.6381 -63.3771 -63.2561 -63.1304 -62.9997 -62.8634 -62.7213 -62.5693 -62.4154 -62.2558 -62.0963 -62.0205 -61.8695 -61.8070 -61.7403 -61.6763 -61.6436
-62.3214 -64.7425 -64.6749 -64.6067 -64.5374 -64.4667 -64.3927 -64.3073 -64.2210 -64.3355 -64.2508 -64.1642 -64.0759 -63.9856 -63.8946 -63.8005 -64.6036 -64.5116 -64.4150 -64.3105 -64.2034 -64.0937 -63.9852 -63.7176 -63.6101 -63.4987 -63.3832 -63.2635 -63.1388 -63.0089 -62.8692 -62.7094 -62.5609 -62.4096 -62.3386 -62.2160 -62.0252 -61.8140 -61.5439 -61.3453
-62.8413 -65.7723 -65.7284 -65.6847 -64.5696 -64.5008 -64.4269 -64.3430 -64.2584 -64.3713 -64.2883 -64.2034 -64.1166 -64.0364 -63.9467 -63.8537 -63.7587 -63.6616 -63.5592 -63.4519 -63.3428 -63.2317 -63.1222 -63.9176 -63.8213 -63.7220 -63.6195 -63.5136 -63.4042 -63.2911 -63.1691 -63.0474 -62.9209 -62.7937 -62.7594 -62.6747 -62.5115 -62.3276 -62.0872 -61.9316
-65.7023 -65.6598 -65.6678 -65.6247 -65.5810 -65.5364 -65.4833 -65.4212 -65.6151 -65.5600 -65.5035 -65.4458 -65.3866 -64.0843 -63.9967 -63.9057 -63.8126 -63.7175 -63.6241 -63.5181 -63.4102 -63.3004 -63.1919 -62.9516 -62.8451 -62.7360 -62.6244 -62.5104 -62.3936 -63.5788 -63.4760 -63.3760 -63.2736 -63.2922 -63.1826 -63.1442 -63.0177 -62.8799 -62.6906 -62.6121
-65.6495 -65.6077 -65.5667 -65.5256 -65.4838 -65.4408 -65.3869 -65.3265 -65.5227 -65.5020 -65.4458 -65.3884 -65.3296 -65.2693 -65.2093 -65.1461 -65.0816 -65.0155 -64.9395 -64.8618 -64.7828 -64.7026 -65.4369 -63.0320 -62.9275 -62.8205 -62.7109 -62.5984 -62.4833 -62.3652 -62.2406 -62.1169 -61.9903 -61.9527 -61.8715 -61.7343 -63.5286 -63.3614 -63.3008 -63.3026
-65.5983 -65.5571 -65.5166 -65.4758 -65.4341 -65.3914 -65.3349 -65.2747 -65.4706 -65.4171 -65.3623 -65.3060 -65.2482 -65.1891 -65.1300 -65.0909 -65.0265 -64.9592 -64.8829 -64.8055 -64.7269 -64.6522 -64.3860 -64.3162 -64.2448 -64.1716 -64.0971 -64.5286 -64.4233 -64.3073 -64.1928 -64.0731 -62.1077 -62.0722 -61.9975 -61.8582 -61.7048 -61.4970 -61.3928 -61.2333
-65.5495 -65.5090 -65.4690 -65.4284 -65.3870 -65.3443 -65.2853 -65.2252 -65.4227 -65.3691 -65.3142 -65.2579 -65.2000 -65.1407 -65.0816 -65.0195 -64.9557 -64.8870 -64.8113 -64.7345 -64.6565 -64.5829 -64.3337 -64.2642 -64.1932 -64.1207 -64.0465 -63.9706 -63.8931 -63.8085 -63.7278 -63.6584 -64.3824 -64.2668 -64.2480 -64.1077 -63.9446 -63.7112 -63.6305 -63.4583
-65.5046 -65.4647 -65.4250 -65.3848 -65.3436 -65.2993 -65.2395 -65.1795 -65.3786 -65.3250 -65.2699 -65.2134 -65.1554 -65.0958 -65.0365 -64.9739 -64.9098 -64.8386 -64.7626 -64.6856 -64.6072 -64.5329 -64.2732 -64.2039 -64.1331 -64.0608 -63.9869 -63.9117 -63.8365 -63.7589 -63.6791 -63.5977 -63.6545 -63.6542 -63.5745 -63.4650 -63.2813 -64.1163 -64.0801 -63.9477
-65.4652 -65.4260 -65.3868 -65.3470 -65.3060 -65.2591 -65.1994 -65.1394 -65.3406 -65.2869 -65.2316 -65.1749 -65.1165 -65.0567 -64.9968 -64.9339 -64.8694 -64.7955 -64.7189 -64.6413 -64.5624 -64.4872 -64.2295 -64.1597 -64.0884 -64.0156 -63.9414 -63.8657 -63.7885 -63.7045 -63.6247 -63.5436 -63.6012 -63.6069 -63.5213 -63.4145 -63.2217 -63.1322 -63.1029 -62.9970
-63.9464 -63.8877 -63.8283 -63.7676 -63.7055 -63.6368 -63.5603 -63.6575 -63.5842 -65.2578 -65.2024 -65.1454 -65.0868 -65.0282 -64.9663 -64.9029 -64.8371 -64.7611 -64.6838 -64.6053 -64.5255 -64.2623 -64.1932 -64.1225 -64.0502 -63.9765 -63.9013 -63.8246 -63.7466 -63.6616 -63.5810 -63.6349 -63.5569 -63.5685 -63.4720 -63.3585 -63.1693 -63.1572 -63.0525 -62.9471
-63.9339 -63.8766 -63.8186 -63.7592 -63.6984 -63.6287 -63.5531 -63.6542 -63.5817 -63.5074 -63.4313 -63.3533 -63.2735 -63.1928 -63.1092 -63.0236 -62.9342 -62.8387 -62.7415 -62.6425 -62.5451 -64.2377 -64.1678 -64.0962 -64.0230 -63.9483 -63.8719 -63.7941 -63.7091 -63.6284 -63.5464 -63.6056 -63.6116 -63.5368 -63.4280 -63.3046 -63.1294 -63.1113 -63.0043 -62.8967
-63.9241 -63.8685 -63.8121 -63.7542 -63.6947 -63.6242 -63.5499 -63.6552 -63.5840 -63.5107 -63.4356 -63.3586 -63.2797 -63.1999 -63.1171 -63.0322 -62.9421 -62.8470 -62.7503 -62.6518 -62.5548 -62.3344 -62.2395 -62.1426 -62.0433 -61.9419 -61.8382 -61.7322 -61.6204 -61.5099 -61.3970 -61.3685 -61.3091 -63.5033 -63.3709 -63.1502 -63.0429 -63.0059 -62.8768 -62.7446
-63.9172 -63.8637 -63.8090 -63.7527 -63.6950 -63.6238 -63.5509 -63.6610 -63.5911 -63.5193 -63.4455 -63.3697 -63.2919 -63.2133 -63.1316 -63.0478 -62.9571 -62.8629 -62.7670 -62.6692 -62.5730 -62.3533 -62.2592 -62.1629 -62.0643 -61.9636 -61.8604 -61.7549 -61.6435 -61.5333 -61.5068 -61.3943 -61.3428 -61.2170 -61.0716 -60.8767 -60.8002 -60.6566 -60.5098 -60.3596
-63.9131 -63.8616 -63.8088 -63.7545 -63.6973 -63.6269 -63.5556 -63.6708 -63.6025 -63.5322 -63.4599 -63.3857 -63.3094 -63.2322 -63.1518 -63.0693 -62.9783 -62.8853 -62.7904 -62.6937 -62.4704 -62.3797 -62.2867 -62.1916 -62.0941 -61.9942 -61.8920 -61.7875 -61.6769 -61.5676 -61.5436 -61.4970 -61.3904 -61.2565 -61.1075 -60.9151 -60.8411 -60.6976 -60.5501 -60.3992
-63.9197 -63.8704 -63.8198 -63.7675 -63.7101 -63.6416 -63.5719 -63.6931 -63.6267 -63.5493 -63.4788 -63.4062 -63.3315 -63.2559 -63.1770 -63.0948 -63.0049 -62.9131 -62.8196 -62.7242 -62.5018 -62.4125 -62.3210 -62.2271 -62.1310 -62.0325 -61.9316 -61.8284 -61.7190 -61.6110 -61.5949 -61.5586 -61.4502 -61.3072 -61.1496 -60.9692 -60.8953 -60.7521 -60.6043 -60.4532
-63.9216 -63.8748 -63.8265 -63.7764 -63.7190 -63.6523 -63.5845 -63.7118 -63.6472 -63.5805 -63.5118 -63.4411 -63.3681 -63.2942 -63.2172 -63.1350 -63.0465 -62.9562 -62.8641 -62.7702 -62.5484 -62.4515 -62.3615 -62.2692 -62.1747 -62.0777 -61.9785 -61.8728 -61.7688 -61.7564 -61.6517 -61.6319 -61.5155 -61.3675 -61.1544 -61.0296 -60.9604 -60.8176 -60.6698 -60.5186
-61.0470 -61.0738 -61.0995 -61.1240 -61.1427 -61.1571 -61.2801 -61.2979 -61.3141 -61.3286 -61.3415 -61.3527 -61.3622 -61.3706 -61.3765 -61.3772 -61.3743 -61.3694 -61.3625 -61.3563 -61.2501 -61.2429 -61.2335 -61.2219 -61.2080 -61.1917 -61.1730 -61.1484 -61.1247 -61.1819 -60.0122 -59.9620 -59.8870 -59.7968 -59.6630 -61.1705 -61.0424 -60.8998 -60.7517 -60.6002
-61.0824 -61.1117 -61.1401 -61.1676 -61.1883 -61.2060 -61.3362 -61.3584 -61.3795 -61.3995 -61.4185 -61.4365 -61.4536 -61.4707 -61.4865 -61.4973 -61.5072 -61.5173 -61.5281 -61.4379 -61.4578 -61.4811 -61.5097 -61.5464 -61.5957 -61.6653 -61.7685 -61.9284 -62.2145 -62.8387 0.0000 0.0000 0.0000 -61.7843 -61.5405 -61.4486 -61.2817 -61.1002 -60.9249 -60.7545
-61.1037 -61.1362 -61.1680 -61.1991 -61.2222 -61.2439 -61.3818 -61.4090 -61.4299 -61.4557 -61.4811 -61.5061 -61.5310 -61.5568 -61.5817 -61.6024 -61.6315 -61.6554 -61.6819 -61.6062 -61.6470 -61.6946 -61.7519 -61.8225 -61.9122 -62.0291 -62.1853 -62.3930 -62.7995 -62.8878 0.0000 0.0000 0.0000 -61.7672 -61.5793 -61.4911 -61.3242 -61.1588 -60.9935 -60.8276
-61.0721 -61.1016 -61.1300 -61.1567 -61.1745 -61.1913 -61.3242 -61.3448 -61.3640 -61.3815 -61.3974 -61.4117 -61.4251 -61.4360 -61.4434 -61.4453 -61.4454 -61.4436 -61.4399 -61.3355 -61.3340 -61.3305 -61.3249 -61.3171 -60.2645 -60.2287 -60.1903 -60.1466 -60.1714 -60.1231 -60.0692 -60.0042 -59.9442 -59.8814 -59.8695 -59.8132 -59.7334 -59.6477 -59.5546 -59.3902
-60.4934 -60.5081 -60.5215 -60.5315 -60.5346 -60.5362 -60.6387 -60.6424 -60.6443 -60.6442 -60.6422 -60.6383 -60.6331 -60.6251 -60.6127 -60.5960 -60.5774 -60.5566 -60.5336 -60.4290 -60.4071 -60.3830 -60.3565 -60.3276 -60.2962 -60.2623 -60.2231 -60.1841 -60.2125 -60.1648 -60.1130 -60.0581 -60.0004 -59.9399 -59.9398 -59.8816 -59.8033 -59.7185 -59.6245 -59.4636
