-58.3560 -58.3408 -58.3272 -58.3155 -58.3058 -58.2975 -58.2869 -58.2731 -58.2595 -58.2494 -58.2396 -58.2271 -58.2140 -58.2013 -58.1884 -58.1771 -58.1672 -58.1557 -58.1424 -58.1296 -58.1203 -58.1121 -58.1017 -58.0904 -58.0806 -58.0695 -58.0566 -58.0441 -58.0328 -58.0232 -58.0131 -58.0013 -57.9887 -57.9779 -57.9680 -57.9580 -57.9481 -57.9387 -57.9275 -57.9167
-58.4143 -58.3989 -58.3858 -58.3738 -58.3645 -58.3556 -58.3437 -58.3295 -58.3163 -58.3061 -58.2958 -58.2830 -58.2696 -58.2568 -58.2439 -58.2325 -58.2223 -58.2106 -58.1972 -58.1842 -58.1743 -58.1656 -58.1545 -58.1420 -58.1319 -58.1205 -58.1073 -58.0945 -58.0836 -58.0735 -58.0630 -58.0509 -58.0376 -58.0257 -58.0152 -58.0044 -57.9938 -57.9838 -57.9719 -57.9605
-58.4712 -58.4563 -58.4434 -58.4310 -58.4221 -58.4129 -58.4000 -58.3851 -58.3719 -58.3616 -58.3508 -58.3377 -58.3241 -58.3113 -58.2981 -58.2867 -58.2763 -58.2641 -58.2506 -58.2376 -58.2273 -58.2181 -58.2065 -58.1936 -58.1822 -58.1703 -58.1567 -58.1436 -58.1323 -58.1225 -58.1117 -58.0993 -58.0856 -58.0730 -58.0613 -58.0497 -58.0386 -58.0278 -58.0154 -58.0031
-58.5270 -58.5123 -58.4996 -58.4876 -58.4786 -58.4690 -58.4553 -58.4401 -58.4269 -58.4160 -58.4046 -58.3913 -58.3775 -58.3646 -58.3511 -58.3396 -58.3290 -58.3165 -58.3026 -58.2896 -58.2792 -58.2696 -58.2575 -58.2441 -58.2323 -58.2192 -58.2049 -58.1916 -58.1798 -58.1695 -58.1589 -58.1466 -58.1324 -58.1192 -58.1071 -58.0942 -58.0823 -58.0709 -58.0580 -58.0448
-58.5817 -58.5672 -58.5546 -58.5430 -58.5340 -58.5241 -58.5094 -58.4940 -58.4810 -58.4699 -58.4575 -58.4437 -58.4297 -58.4168 -58.4030 -58.3915 -58.3805 -58.3676 -58.3535 -58.3403 -58.3296 -58.3197 -58.3075 -58.2937 -58.2814 -58.2678 -58.2526 -58.2383 -58.2261 -58.2154 -58.2044 -58.1921 -58.1780 -58.1642 -58.1517 -58.1381 -58.1253 -58.1128 -58.0997 -58.0834
-58.6353 -58.6210 -58.6085 -58.5973 -58.5879 -58.5774 -58.5626 -58.5469 -58.5341 -58.5228 -58.5098 -58.4954 -58.4809 -58.4678 -58.4538 -58.4423 -58.4309 -58.4175 -58.4031 -58.3898 -58.3788 -58.3685 -58.3561 -58.3423 -58.3296 -58.3155 -58.2998 -58.2847 -58.2713 -58.2600 -58.2486 -58.2360 -58.2218 -58.2081 -58.1952 -58.1810 -58.1676 -58.1521 -58.1380 -58.1234
-58.6883 -58.6740 -58.6613 -58.6504 -58.6407 -58.6294 -58.6143 -58.5987 -58.5863 -58.5747 -58.5611 -58.5464 -58.5319 -58.5178 -58.5036 -58.4918 -58.4802 -58.4664 -58.4516 -58.4381 -58.4268 -58.4160 -58.4033 -58.3893 -58.3766 -58.3622 -58.3461 -58.3305 -58.3163 -58.3038 -58.2917 -58.2788 -58.2642 -58.2499 -58.2373 -58.2208 -58.2066 -58.1927 -58.1782 -58.1621
-58.7406 -58.7265 -58.7132 -58.7025 -58.6925 -58.6802 -58.6648 -58.6494 -58.6372 -58.6255 -58.6114 -58.5964 -58.5818 -58.5674 -58.5528 -58.5402 -58.5282 -58.5141 -58.4991 -58.4853 -58.4737 -58.4624 -58.4493 -58.4350 -58.4220 -58.4076 -58.3913 -58.3754 -58.3606 -58.3473 -58.3341 -58.3203 -58.3054 -58.2885 -58.2753 -58.2611 -58.2467 -58.2322 -58.2174 -58.2009
-58.7924 -58.7780 -58.7645 -58.7539 -58.7432 -58.7300 -58.7143 -58.6992 -58.6868 -58.6748 -58.6606 -58.6453 -58.6308 -58.6160 -58.6012 -58.5882 -58.5753 -58.5606 -58.5453 -58.5314 -58.5195 -58.5076 -58.4942 -58.4796 -58.4662 -58.4515 -58.4351 -58.4193 -58.4040 -58.3901 -58.3761 -58.3594 -58.3432 -58.3280 -58.3142 -58.2998 -58.2850 -58.2706 -58.2555 -58.2386
-58.8435 -58.8291 -58.8152 -58.8044 -58.7933 -58.7790 -58.7628 -58.7478 -58.7354 -58.7230 -58.7083 -58.6930 -58.6788 -58.6636 -58.6486 -58.6353 -58.6220 -58.6064 -58.5904 -58.5763 -58.5642 -58.5518 -58.5380 -58.5230 -58.5093 -58.4942 -58.4775 -58.4614 -58.4462 -58.4298 -58.4154 -58.4001 -58.3832 -58.3667 -58.3520 -58.3372 -58.3217 -58.3069 -58.2925 -58.2752
-58.8936 -58.8792 -58.8656 -58.8542 -58.8425 -58.8274 -58.8107 -58.7956 -58.7828 -58.7699 -58.7549 -58.7395 -58.7252 -58.7099 -58.6951 -58.6815 -58.6676 -58.6517 -58.6351 -58.6202 -58.6076 -58.5948 -58.5808 -58.5654 -58.5513 -58.5358 -58.5188 -58.5002 -58.4845 -58.4702 -58.4558 -58.4401 -58.4225 -58.4051 -58.3892 -58.3735 -58.3573 -58.3420 -58.3272 -58.3104
-58.9426 -58.9283 -58.9150 -58.9033 -58.8912 -58.8749 -58.8578 -58.8428 -58.8296 -58.8158 -58.8005 -58.7851 -58.7706 -58.7549 -58.7401 -58.7266 -58.7123 -58.6960 -58.6790 -58.6638 -58.6504 -58.6367 -58.6223 -58.6067 -58.5922 -58.5742 -58.5568 -58.5400 -58.5239 -58.5092 -58.4945 -58.4790 -58.4611 -58.4430 -58.4260 -58.4096 -58.3920 -58.3760 -58.3606 -58.3436
-58.9907 -58.9763 -58.9633 -58.9514 -58.9384 -58.9218 -58.9043 -58.8892 -58.8756 -58.8613 -58.8452 -58.8296 -58.8148 -58.7988 -58.7839 -58.7701 -58.7558 -58.7392 -58.7220 -58.7064 -58.6927 -58.6783 -58.6606 -58.6446 -58.6299 -58.6137 -58.5960 -58.5788 -58.5622 -58.5470 -58.5319 -58.5161 -58.4984 -58.4801 -58.4623 -58.4450 -58.4268 -58.4091 -58.3929 -58.3756
-59.0378 -59.0232 -59.0106 -58.9984 -58.9846 -58.9677 -58.9501 -58.9350 -58.9210 -58.9058 -58.8894 -58.8736 -58.8580 -58.8417 -58.8267 -58.8126 -58.7978 -58.7811 -58.7639 -58.7481 -58.7319 -58.7170 -58.7010 -58.6840 -58.6685 -58.6519 -58.6341 -58.6165 -58.5994 -58.5838 -58.5683 -58.5520 -58.5340 -58.5155 -58.4977 -58.4800 -58.4607 -58.4421 -58.4246 -58.4064
-59.0841 -59.0690 -59.0567 -59.0442 -59.0298 -59.0126 -58.9947 -58.9800 -58.9658 -58.9500 -58.9330 -58.9168 -58.9008 -58.8838 -58.8683 -58.8540 -58.8387 -58.8218 -58.8022 -58.7865 -58.7722 -58.7569 -58.7403 -58.7230 -58.7068 -58.6891 -58.6710 -58.6530 -58.6357 -58.6195 -58.6035 -58.5869 -58.5686 -58.5497 -58.5314 -58.5138 -58.4943 -58.4744 -58.4560 -58.4371
-59.1297 -59.1145 -59.1019 -59.0890 -59.0737 -59.0564 -59.0389 -59.0239 -59.0094 -58.9932 -58.9762 -58.9595 -58.9427 -58.9253 -58.9096 -58.8944 -58.8765 -58.8592 -58.8414 -58.8255 -58.8111 -58.7958 -58.7788 -58.7611 -58.7444 -58.7263 -58.7072 -58.6885 -58.6707 -58.6543 -58.6378 -58.6207 -58.6020 -58.5827 -58.5639 -58.5458 -58.5264 -58.5064 -58.4869 -58.4673
-59.1740 -59.1594 -59.1464 -59.1331 -59.1168 -59.0991 -59.0818 -59.0668 -59.0521 -59.0353 -59.0183 -59.0015 -58.9843 -58.9663 -58.9479 -58.9324 -58.9158 -58.8978 -58.8796 -58.8635 -58.8487 -58.8331 -58.8160 -58.7982 -58.7811 -58.7625 -58.7430 -58.7235 -58.7046 -58.6877 -58.6710 -58.6535 -58.6345 -58.6146 -58.5953 -58.5768 -58.5570 -58.5368 -58.5170 -58.4968
-59.2173 -59.2028 -59.1898 -59.1763 -59.1593 -59.1411 -59.1237 -59.1085 -59.0935 -59.0765 -59.0594 -59.0423 -59.0228 -59.0045 -58.9880 -58.9717 -58.9544 -58.9360 -58.9170 -58.9005 -58.8854 -58.8693 -58.8518 -58.8339 -58.8168 -58.7979 -58.7780 -58.7580 -58.7385 -58.7204 -58.7030 -58.6852 -58.6660 -58.6456 -58.6256 -58.6067 -58.5866 -58.5659 -58.5454 -58.5255
-59.2593 -59.2453 -59.2320 -59.2181 -59.2007 -59.1823 -59.1651 -59.1495 -59.1339 -59.1164 -59.0973 -59.0801 -59.0622 -59.0438 -59.0272 -59.0106 -58.9927 -58.9734 -58.9542 -58.9369 -58.9209 -58.9044 -58.8866 -58.8683 -58.8509 -58.8320 -58.8121 -58.7917 -58.7716 -58.7530 -58.7346 -58.7157 -58.6962 -58.6755 -58.6551 -58.6356 -58.6151 -58.5940 -58.5727 -58.5524
-59.3003 -59.2864 -59.2730 -59.2585 -59.2408 -59.2223 -59.2055 -59.1897 -59.1715 -59.1535 -59.1361 -59.1187 -59.1006 -59.0821 -59.0652 -59.0485 -59.0302 -59.0107 -58.9907 -58.9727 -58.9564 -58.9389 -58.9203 -58.9017 -58.8839 -58.8647 -58.8447 -58.8243 -58.8038 -58.7847 -58.7658 -58.7463 -58.7256 -58.7043 -58.6833 -58.6636 -58.6427 -58.6210 -58.5989 -58.5903
-59.3409 -59.3268 -59.3129 -59.2976 -59.2798 -59.2613 -59.2425 -59.2267 -59.2103 -59.1923 -59.1744 -59.1564 -59.1379 -59.1194 -59.1023 -59.0852 -59.0666 -59.0469 -59.0268 -59.0083 -58.9910 -58.9730 -58.9537 -58.9341 -58.9159 -58.8963 -58.8760 -58.8552 -58.8348 -58.8155 -58.7962 -58.7761 -58.7550 -58.7326 -58.7106 -58.6902 -58.6692 -58.6591 -58.6365 -58.6150
-59.3811 -59.3669 -59.3524 -59.3360 -59.3156 -59.2968 -59.2804 -59.2646 -59.2477 -59.2299 -59.2119 -59.1936 -59.1745 -59.1556 -59.1382 -59.1209 -59.1019 -59.0819 -59.0617 -59.0432 -59.0255 -59.0066 -58.9864 -58.9664 -58.9473 -58.9270 -58.9063 -58.8851 -58.8643 -58.8448 -58.8255 -58.8051 -58.7835 -58.7606 -58.7379 -58.7280 -58.7064 -58.6840 -58.6612 -58.6389
-59.4213 -59.4063 -59.3891 -59.3719 -59.3530 -59.3338 -59.3173 -59.3012 -59.2841 -59.2663 -59.2481 -59.2298 -59.2105 -59.1913 -59.1734 -59.1555 -59.1361 -59.1158 -59.0956 -59.0767 -59.0588 -59.0398 -59.0191 -58.9981 -58.9783 -58.9574 -58.9357 -58.9140 -58.8927 -58.8729 -58.8532 -58.8328 -58.8112 -58.7998 -58.7764 -58.7540 -58.7313 -58.7078 -58.6846 -58.6617
-60.9321 -60.9268 -59.4277 -59.4093 -59.3899 -59.3708 -59.3537 -59.3371 -59.3194 -59.3015 -59.2832 -59.2647 -59.2451 -59.2261 -59.2079 -59.1895 -59.1694 -59.1487 -59.1282 -59.1091 -59.0910 -59.0716 -59.0509 -59.0296 -59.0090 -58.9873 -58.9651 -58.9425 -58.9202 -58.9000 -58.8798 -58.8709 -58.8492 -58.8260 -58.8023 -58.7792 -58.7559 -58.7317 -58.7070 -58.6832
-61.0052 -60.9994 -60.9928 -60.9825 -59.4266 -59.4070 -59.3896 -59.3725 -59.3542 -59.3358 -59.3171 -59.2984 -59.2787 -59.2596 -59.2413 -59.2228 -59.2023 -59.1810 -59.1599 -59.1405 -59.1220 -59.1025 -59.0814 -59.0598 -59.0392 -59.0171 -58.9940 -58.9705 -58.9478 -58.9381 -58.9172 -58.8960 -58.8740 -58.8505 -58.8268 -58.8035 -58.7798 -58.7549 -58.7298 -58.7045
-61.0673 -61.0677 -61.0662 -61.0546 -61.0423 -61.0320 -59.4252 -59.4073 -59.3886 -59.3697 -59.3504 -59.3312 -59.3111 -59.2920 -59.2735 -59.2547 -59.2340 -59.2127 -59.1913 -59.1712 -59.1520 -59.1320 -59.1107 -59.0890 -59.0679 -59.0458 -59.0226 -59.0103 -58.9865 -58.9643 -58.9425 -58.9202 -58.8979 -58.8740 -58.8498 -58.8262 -58.8027 -58.7775 -58.7517 -58.7258
-61.1188 -61.1231 -61.1270 -61.1228 -61.1157 -61.1048 -61.0956 -61.0874 -59.4227 -59.4029 -59.3833 -59.3635 -59.3427 -59.3233 -59.3046 -59.2856 -59.2646 -59.2430 -59.2216 -59.2013 -59.1817 -59.1609 -59.1390 -59.1167 -59.0956 -59.0850 -59.0616 -59.0374 -59.0133 -58.9903 -58.9675 -58.9446 -58.9211 -58.8964 -58.8718 -58.8476 -58.8237 -58.7986 -58.7729 -58.7463
-59.6087 -61.1744 -61.1757 -61.1759 -61.1766 -61.1744 -61.1703 -61.1607 -61.1496 -59.4458 -59.4158 -59.3951 -59.3740 -59.3542 -59.3348 -59.3153 -59.2941 -59.2724 -59.2507 -59.2302 -59.2105 -59.1893 -59.1668 -59.1555 -59.1337 -59.1112 -59.0877 -59.0632 -59.0390 -59.0158 -58.9924 -58.9686 -58.9442 -58.9187 -58.8929 -58.8680 -58.8437 -58.8183 -58.7923 -58.7659
-59.6437 -59.6267 -59.6082 -61.2244 -61.2230 -61.2265 -61.2321 -61.2314 -61.2252 -61.2131 -61.2005 -59.4269 -59.4049 -59.3845 -59.3647 -59.3444 -59.3225 -59.3004 -59.2788 -59.2582 -59.2380 -59.2282 -59.2057 -59.1822 -59.1598 -59.1364 -59.1125 -59.0878 -59.0635 -59.0399 -59.0164 -58.9923 -58.9673 -58.9408 -58.9142 -58.8881 -58.8627 -58.8369 -58.8105 -58.7836
-59.6778 -59.6604 -59.6411 -59.6205 -59.5994 -61.2731 -61.2766 -61.2820 -61.2874 -61.2854 -61.2772 -61.2635 -61.2486 -59.4148 -59.3941 -59.3731 -59.3508 -59.3279 -59.3057 -59.2964 -59.2762 -59.2546 -59.2316 -59.2079 -59.1854 -59.1616 -59.1367 -59.1112 -59.0866 -59.0628 -59.0391 -59.0147 -58.9897 -58.9628 -58.9353 -58.9080 -58.8819 -58.8548 -58.8277 -58.8003
-59.7112 -59.6935 -59.6733 -59.6523 -59.6311 -59.6121 -59.5931 -61.3260 -61.3291 -61.3341 -61.3402 -61.3378 -61.3268 -61.3138 -61.3007 -59.4017 -59.3784 -59.3666 -59.3440 -59.3223 -59.3014 -59.2796 -59.2566 -59.2327 -59.2097 -59.1857 -59.1606 -59.1345 -59.1088 -59.0844 -59.0604 -59.0360 -59.0106 -58.9837 -58.9561 -58.9281 -58.9008 -58.8729 -58.8447 -58.8160
-59.7443 -59.7258 -59.7048 -59.6834 -59.6622 -59.6428 -59.6236 -59.6040 -59.5834 -61.3750 -61.3788 -61.3845 -61.3910 -61.3911 -61.3811 -61.3842 -61.3667 -59.3937 -59.3701 -59.3479 -59.3265 -59.3038 -59.2802 -59.2561 -59.2331 -59.2088 -59.1834 -59.1571 -59.1310 -59.1057 -59.0806 -59.0558 -59.0303 -59.0034 -58.9754 -58.9473 -58.9197 -58.8911 -58.8616 -58.8322
-59.7770 -59.7579 -59.7361 -59.7139 -59.6926 -59.6730 -59.6534 -59.6334 -59.6124 -59.5909 -59.5693 -61.4218 -61.4263 -61.4539 -61.4654 -61.4651 -61.4498 -61.4307 -61.4123 -59.3734 -59.3508 -59.3277 -59.3034 -59.2786 -59.2550 -59.2306 -59.2052 -59.1786 -59.1523 -59.1267 -59.1010 -59.0750 -59.0487 -59.0215 -58.9935 -58.9651 -58.9373 -58.9087 -58.8788 -58.8483
-59.8088 -59.7891 -59.7671 -59.7445 -59.7229 -59.7025 -59.6826 -59.6621 -59.6407 -59.6188 -59.5968 -59.5741 -59.5628 -61.4875 -61.4967 -61.5075 -61.5185 -61.5165 -61.4991 -61.4810 -61.4628 -59.3514 -59.3261 -59.3008 -59.2765 -59.2513 -59.2255 -59.1988 -59.1725 -59.1465 -59.1206 -59.0944 -59.0671 -59.0389 -59.0102 -58.9815 -58.9536 -58.9247 -58.8948 -58.8642
-59.8397 -59.8193 -59.7971 -59.7743 -59.7527 -59.7321 -59.7117 -59.6902 -59.6683 -59.6461 -59.6352 -59.6120 -59.5890 -59.5670 -59.5450 -61.5363 -61.5450 -61.5562 -61.5712 -61.5715 -61.5543 -61.5331 -61.5087 -59.3229 -59.2976 -59.2719 -59.2453 -59.2178 -59.1911 -59.1651 -59.1391 -59.1125 -59.0852 -59.0565 -59.0268 -58.9970 -58.9685 -58.9395 -58.9095 -58.8787
-59.8698 -59.8488 -59.8262 -59.8032 -59.7816 -59.7608 -59.7404 -59.7184 -59.7074 -59.6843 -59.6614 -59.6378 -59.6145 -59.5921 -59.5697 -59.5461 -59.5214 -61.5794 -61.5923 -61.6101 -61.6314 -61.6293 -61.6066 -61.5801 -61.5527 -59.2922 -59.2647 -59.2367 -59.2092 -59.1823 -59.1560 -59.1294 -59.1019 -59.0731 -59.0432 -59.0129 -58.9830 -58.9530 -58.9226 -58.8917
-59.8992 -59.8775 -59.8546 -59.8313 -59.8097 -59.7886 -59.7795 -59.7572 -59.7345 -59.7111 -59.6876 -59.6631 -59.6393 -59.6166 -59.5937 -59.5695 -59.5445 -59.5189 -59.4943 -61.6266 -61.6458 -61.6673 -61.6904 -61.6841 -61.6596 -61.6297 -59.2844 -59.2553 -59.2269 -59.1994 -59.1722 -59.1449 -59.1172 -59.0885 -59.0583 -59.0278 -58.9976 -58.9670 -58.9354 -58.9035
-59.9281 -59.9057 -59.8824 -59.8586 -59.8486 -59.8273 -59.8061 -59.7835 -59.7605 -59.7370 -59.7133 -59.6885 -59.6643 -59.6406 -59.6170 -59.5924 -59.5669 -59.5409 -59.5159 -59.4915 -59.4672 -61.6751 -61.6966 -61.7223 -61.7533 -61.7446 -61.7143 -61.6761 -59.2449 -59.2162 -59.1882 -59.1602 -59.1316 -59.1023 -59.0721 -59.0416 -59.0109 -58.9801 -58.9483 -58.9157
-61.8016 -61.7927 -59.9210 -59.8974 -59.8753 -59.8538 -59.8321 -59.8092 -59.7857 -59.7619 -59.7378 -59.7129 -59.6886 -59.6647 -59.6405 -59.6149 -59.5886 -59.5622 -59.5368 -59.5119 -59.4873 -59.4615 -59.4345 -61.7194 -61.7492 -61.7840 -61.8219 -61.8070 -61.7723 -61.7286 -59.2044 -59.1751 -59.1459 -59.1159 -59.0847 -59.0537 -59.0229 -58.9921 -58.9598 -58.9270
-61.8786 -61.8682 -61.8578 -61.8486 -59.9016 -59.8800 -59.8576 -59.8340 -59.8102 -59.7861 -59.7616 -59.7363 -59.7119 -59.6878 -59.6634 -59.6375 -59.6107 -59.5834 -59.5571 -59.5319 -59.5067 -59.4803 -59.4530 -59.4253 -59.3981 -61.7666 -61.8051 -61.8499 -61.9005 -61.8846 -61.8476 -61.7942 -59.1603 -59.1290 -59.0974 -59.0655 -59.0337 -59.0025 -58.9703 -58.9373
