-72.6825 -72.6930 -72.7049 0.0000 -76.2457 -73.0793 -73.1290 -73.0940 -73.2811 -73.3232 -73.3290 -73.3244 -73.3410 -73.3721 -73.4058 -73.6297 -73.8088 -73.8452 -73.9643 -74.1130 -76.6484 -76.7155 -77.1168 -76.5988 -76.0516 -75.8335 -75.5624 -75.3558 -75.0755 -74.9090 0.0000 0.0000 -85.5382 -85.6336 -82.0547 -80.2348 -79.1553 -79.0049 -78.9612 -78.8616
-72.7557 -72.7669 0.0000 0.0000 0.0000 0.0000 -76.4567 -73.1680 -73.3344 -73.3817 -73.3975 -73.4007 -73.4107 -73.4291 -73.4614 -73.4973 -73.5833 -73.8941 -73.9259 -73.9487 -74.0178 -73.9321 -74.0386 -77.2029 -76.7061 -76.2150 -76.0333 -75.7950 0.0000 -79.5800 -75.3442 -75.2256 -80.1269 -80.0823 -79.9515 -79.1193 -78.9086 -78.4127 -78.3880 -78.4276
-72.8204 -72.8392 -73.4488 0.0000 0.0000 0.0000 -83.6079 -76.6970 -75.6563 -73.4354 -73.4595 -73.4688 -73.4769 -73.4955 -73.5271 -73.5518 -73.6279 -73.6726 -73.9788 -74.0033 -74.0034 -73.9777 -73.9157 -74.0910 -74.2461 -74.2442 0.0000 0.0000 0.0000 0.0000 -79.6233 -78.5801 -75.4382 -75.3069 -77.8309 -78.2008 -78.0555 -78.0885 -77.8227 -77.8832
-72.8928 -72.9028 -73.3072 -73.5380 -84.3329 -82.9032 -80.6814 -78.1721 -76.7107 -76.4244 -75.8547 -75.5225 -73.5436 -73.5569 -73.5843 -73.6171 -73.6415 -73.7165 -73.8833 -74.0574 -74.0717 -74.0578 -74.0010 -74.0206 -74.0924 -74.3178 -74.3018 0.0000 0.0000 0.0000 -85.6562 -79.6522 -78.9560 -76.2005 -75.8207 -75.3041 -75.0467 -77.3354 -77.4939 -77.3716
-72.9649 -72.9743 -72.9859 -73.5158 -73.6260 -74.0085 -78.8090 0.0000 0.0000 -76.9722 -76.6680 -76.2576 -75.8261 -75.5891 -73.6419 -73.6735 -73.7060 -73.7703 -73.8040 -73.9652 -74.1361 -74.1304 -82.8606 0.0000 0.0000 -78.7200 -74.3146 0.0000 0.0000 -85.6247 -84.8381 -83.6156 -79.7927 -79.0708 -78.4489 -76.0760 -75.6200 -75.1472 -75.0430 -77.0825
-73.0361 -73.0452 -73.0548 -73.4568 -73.6302 -73.7130 0.0000 0.0000 -87.2177 -81.5480 -77.5753 -76.8020 -76.4766 -76.0729 -75.8474 -75.6927 -75.5704 -73.7949 -73.8616 -73.8997 -74.0471 -74.0534 0.0000 0.0000 0.0000 -81.5170 -78.9591 -77.7624 -83.7873 -83.7248 -83.6470 -83.0916 -82.1250 -79.6870 -79.0910 -78.5601 -77.7839 -75.8022 -75.6423 -75.1604
-73.0525 -73.0939 -73.1244 -73.4869 -73.6491 -73.7300 0.0000 0.0000 0.0000 -82.2317 -80.4673 -77.6219 -76.9107 -76.6348 -76.3920 -75.9826 -75.9278 -75.8159 -75.7205 -73.9500 -83.4262 -74.1289 0.0000 0.0000 0.0000 -85.9085 -79.8476 -79.0123 -78.2513 -77.9145 -82.8462 -82.6693 -81.8516 -80.0170 -79.5803 -79.0825 -78.2633 -77.9507 -75.9527 -75.7993
-73.0184 -73.0604 -73.1021 -73.4609 -73.5811 -73.7591 -73.8229 -79.5401 -79.5053 -78.7178 -78.2713 -78.3458 -77.6556 -77.0089 -76.7675 -76.5597 -76.3854 -76.1474 0.0000 0.0000 0.0000 -82.1433 0.0000 0.0000 0.0000 -84.5432 -81.4488 -79.4804 -79.0667 -78.4976 -78.2261 -79.6812 -79.7780 -79.6907 -79.5985 -79.4741 -78.6375 -78.3501 -78.0784 -77.8393
-72.9845 -73.0269 -73.0692 -73.1125 -73.5135 -73.6841 -73.7855 -73.8737 -74.3786 -74.3110 -74.3331 -74.2642 -74.3326 -74.3196 -76.5187 -76.5464 -76.4751 -76.5684 0.0000 0.0000 -87.3954 -81.8402 -80.5822 -85.5805 -83.4673 -80.2686 -80.0560 -79.7714 -79.3369 -79.1629 -78.6739 -78.4111 -78.0018 -79.2257 -79.3043 -79.2134 -78.7021 -78.6624 -78.4109 -78.1842
-72.9503 -72.9935 -73.0362 -73.0799 -73.4512 -73.5500 -73.7128 0.0000 0.0000 0.0000 -81.8710 -78.9082 -77.7327 -74.3110 -74.3231 -74.1849 -74.2285 -74.2805 0.0000 0.0000 -85.3751 -82.2068 -79.6997 -79.5126 -79.7956 -79.7000 -79.6156 -79.4057 -79.3235 -79.0291 -79.0561 -78.8124 -78.5281 -78.1576 -77.8156 -78.8367 -78.4867 -78.4746 -78.4640 -78.4540
-72.9164 -72.9599 -73.0032 -73.0474 -73.3932 -73.4903 -73.6450 0.0000 0.0000 0.0000 -81.9707 -80.4322 -79.0518 -78.3972 -77.7144 -77.3195 -76.7343 -76.4648 -76.4663 -77.7063 -79.5680 -79.2511 -79.2225 -79.0483 -78.9405 -79.2105 -79.1606 -79.0218 -78.9671 -78.5008 -78.7455 -78.7925 -78.7738 -78.6034 -78.2705 -77.9812 -78.1875 -78.2697 -78.2674 -78.2660
-76.5477 -72.9534 -72.9703 -73.0136 -73.3387 -73.4339 -73.5209 0.0000 0.0000 0.0000 -79.5883 -78.7911 -78.1549 -78.0397 -77.8566 -77.7223 -77.5460 -77.1592 -77.0037 -77.2705 -77.9661 -77.9169 -77.8023 -77.6992 -78.5353 -78.4623 -75.3165 -78.3147 -78.2467 -78.2540 -77.9280 -78.2293 -78.2597 -78.2316 -78.2381 -78.2070 -77.7517 -77.5583 -77.7914 -77.6639
0.0000 0.0000 -76.5963 -75.5977 -75.5175 -75.2761 -75.1425 -73.6107 -74.4556 -74.4972 -74.2768 -76.6006 -76.6091 -76.5133 -76.6564 -76.6953 -76.7345 -77.0097 -76.8891 -76.7738 -77.3130 -77.8035 -78.0062 -78.0901 -77.9985 -77.8626 -77.7369 -77.8541 -77.7418 -78.2255 -77.8623 -77.5301 -77.4160 -77.4050 -77.5001 -77.5781 -77.3305 -77.3676 -77.4103 -77.4334
0.0000 0.0000 -82.1496 -76.6486 -76.0909 -76.2271 -75.9803 -75.8082 -76.1219 -76.4834 -76.4849 -76.0926 -74.2017 -74.1538 -74.2434 -74.2763 -76.1950 -76.3408 -76.4118 -76.5035 -76.4548 -76.8725 -77.3041 -77.5133 -77.6154 -77.6822 -77.6968 -77.6938 -77.8898 -77.8648 0.0000 -82.4231 -78.3432 -78.0807 -77.8782 -77.7201 -77.5691 -77.1917 -77.1185 -75.3188
0.0000 -86.3954 -81.1913 -78.0597 -76.8708 -76.9242 -76.6325 -76.4204 -76.4293 -76.5871 -76.7903 -76.5198 -76.4299 -76.3439 -76.1658 -76.1954 -76.1452 -74.3137 -74.3511 -74.3079 -74.4101 -74.5164 -76.5118 -76.6235 -77.0323 -77.2244 -77.3245 -77.3679 -77.3894 0.0000 0.0000 0.0000 -81.8885 -81.3490 -78.5854 -78.3554 -78.1407 -77.6583 -77.5527 -77.4629
0.0000 -84.7903 -80.3909 -77.9285 -77.1497 -77.2737 -76.9362 -76.8593 -76.7288 -76.9953 -76.8818 -76.7539 -76.6450 -76.6980 -76.5129 -76.5675 -76.4968 -76.4437 -76.3951 -76.3507 -76.2981 -76.3560 -74.5481 -74.6084 -74.6614 -74.8836 -74.9840 -77.0122 -77.2515 0.0000 0.0000 0.0000 -83.2321 -81.8471 -81.5415 -81.0408 -80.6146 -78.1330 -78.1252 -77.9726
-73.2793 -73.5891 -73.6490 -76.1507 -75.9500 -76.3710 -76.0812 -76.1422 -76.1170 -76.3102 -76.6356 -76.3971 -76.7167 -76.7652 -76.9225 -76.7433 -76.8170 -76.7596 -76.7035 -76.6499 -76.4960 -76.5583 -76.6777 -76.5835 -76.6086 0.0000 0.0000 -82.8760 -81.3607 0.0000 0.0000 -87.5032 -84.5708 -82.8534 -82.0035 -81.6682 -81.1911 -80.2732 -80.0245 -80.0358
-73.1878 -73.2452 -73.4208 -73.2416 -73.2039 -73.2103 -73.4949 -75.2184 -75.4374 -75.5260 -75.7896 -75.8847 -75.9441 -76.2715 -76.3565 -76.3334 -76.6584 -76.7597 -76.8427 -76.8939 -76.8775 -76.8346 0.0000 -76.9169 0.0000 0.0000 0.0000 -88.7057 -81.9860 -80.7474 -80.3858 -85.1770 -83.2528 -82.3969 -82.1614 -82.0589 -81.6931 -80.6975 -80.4228 -80.2094
-73.1053 -73.1838 -73.1917 -73.3112 -73.1667 -73.1954 -73.4774 -73.5183 -73.4096 -73.4719 -73.5973 -75.3529 -75.4741 -75.5747 -75.6615 0.0000 0.0000 0.0000 -76.4817 0.0000 0.0000 0.0000 0.0000 -84.3151 -80.7006 0.0000 0.0000 -88.1700 -83.4814 -81.3938 -80.4923 -79.8070 -79.6883 -82.5783 -82.0065 -81.8374 -81.7781 -81.0091 -80.7555 -80.5219
-74.9730 -75.0872 -73.1415 -73.1383 -73.0963 -73.1012 -73.4178 -73.4982 -73.5410 -73.4354 0.0000 0.0000 0.0000 -82.4172 -78.9791 0.0000 0.0000 0.0000 -85.8077 -80.7972 0.0000 0.0000 0.0000 -86.6426 -81.7252 -83.6659 -83.5708 -83.4187 -83.3252 -81.9520 -81.0893 -80.2427 -80.1740 -79.4222 -79.2466 -81.6913 -81.6631 -80.8927 -80.8421 -80.7936
-75.2408 -75.3468 -75.2564 -75.1356 -74.8998 -74.8921 -73.3455 -73.4357 -73.5189 -73.5631 -73.4598 0.0000 0.0000 -82.6049 -81.1541 0.0000 0.0000 0.0000 -85.6495 -80.7401 -82.3145 -83.2506 -83.1454 -82.9861 -82.2380 -81.3978 -82.6648 -82.7232 -82.6845 -82.5321 -81.5773 -80.6629 -80.2371 -80.2642 -79.5441 -79.0815 -79.0452 -80.7939 -80.7338 -80.6890
-75.4933 -75.5891 -75.5094 -75.3966 -74.9195 -75.0886 -75.3539 -77.6994 -76.3480 -75.6553 -73.5847 0.0000 0.0000 -83.8945 -80.9954 -81.8303 -83.2035 -82.9520 -82.1595 -80.9651 -80.5174 -81.7938 -82.3868 -82.4046 -82.2495 -81.7272 -81.1133 -82.1500 -82.1844 -82.2331 -82.0819 -81.0858 -80.5881 -80.6406 -80.3458 -79.7725 -79.1912 -78.7985 -78.6565 -80.5886
-75.7287 -75.7216 -75.7574 -75.6344 -75.5157 0.0000 0.0000 0.0000 0.0000 -79.1579 -76.4533 -76.8340 -81.1296 -80.9930 -79.9625 -80.4161 -80.7055 -81.6752 -81.3365 -81.3153 -80.1962 -80.7316 -81.2846 -81.7336 -81.7504 -81.5017 -81.2754 -81.4223 -81.6917 -81.7813 -81.4997 -81.4059 -80.9610 -80.5397 -80.6750 -80.3910 -79.8635 -79.1129 -78.8025 -78.8029
-75.9483 -75.9376 -75.9932 -75.8699 -75.7404 -75.8590 0.0000 0.0000 0.0000 -80.1488 -79.2307 -79.3044 -77.2946 -76.9408 -76.4637 -80.3462 -80.5531 -81.0796 -81.0378 -81.0166 -80.1539 -79.9799 -80.8731 -81.0413 -81.4171 -81.3020 -81.1541 -80.6735 -81.1966 -81.4072 -81.2884 -81.1783 -80.8310 -80.7760 -80.6183 -80.6843 -80.3810 -79.4998 -79.2446 -78.9196
-76.1474 -76.1392 -76.1105 -76.0899 -75.9631 -75.8898 0.0000 0.0000 -85.2076 -81.7937 -79.8953 -79.3015 -79.7057 -79.2114 -76.9213 -76.7061 -76.9858 -76.8082 -80.8271 -80.8497 -80.0195 -80.7426 -80.4289 -80.7888 -80.9270 -81.1776 -81.0626 -80.9918 -80.6183 -81.1715 -81.0938 -81.0513 -81.0195 -80.7236 -80.6932 -80.5895 -80.6636 -80.3248 -79.5704 -79.4211
-76.0977 -76.3217 -76.3011 -76.2975 -76.1714 -75.6669 -76.5000 -77.4242 -82.0438 -81.5184 -80.0158 -79.7027 -80.1970 -79.7812 -79.0697 -77.1140 -77.2461 -77.3070 -77.0833 -77.1174 -76.9787 -79.9392 -79.9678 -80.4646 -80.7389 -80.8618 -81.0046 -80.9308 -80.8975 -80.6233 -80.9849 -80.9837 -80.9509 -80.9176 -80.6779 -80.6270 -80.5608 -80.6745 -79.9103 -79.6547
-77.5468 -77.9741 -76.4905 -76.3773 -76.3702 -75.8394 -76.5898 -76.6471 -77.2302 -77.2107 -78.9648 -78.8931 -79.0993 -80.0479 -79.3491 -79.4393 -79.3192 -77.6107 -77.5438 -77.3347 -77.3610 -76.8630 -77.0723 -76.6730 -79.3583 -79.7297 -79.9939 -80.1900 -80.2578 -80.0112 -80.4298 -80.4838 -80.5074 -80.5409 -80.3822 -80.3621 -80.3361 -80.3675 -80.1061 -79.9094
-78.3940 -78.3097 -78.1490 -76.7403 -76.5491 -76.4330 -76.5835 -76.7223 -76.7505 -77.1764 -76.8277 -76.7029 -78.4095 -79.3037 -79.5770 -79.1597 -79.8079 -79.7449 -79.5363 -77.6862 -77.6261 -77.1802 -77.4185 -76.9758 -77.1379 -77.1250 -77.0994 -79.5164 -79.7149 -79.9841 -79.8380 -80.2325 -80.3132 -80.3577 -80.4265 -80.2837 -80.2721 -80.3304 -79.8512 -80.1153
-78.7431 -79.1805 -78.4245 -78.2558 -77.8746 -76.6183 -76.5490 -76.7896 -76.8471 -76.8894 -77.1335 -76.7167 -76.7709 -76.7291 -78.9923 -78.7530 -79.2317 -79.8392 -80.0301 -79.7712 -79.5625 -77.7504 -77.3151 -77.5822 -77.1663 -77.3638 -77.3321 -77.2977 -77.2514 -77.1812 -79.3517 -79.3533 -79.7180 -79.8416 -79.9476 -80.0308 -79.9476 -79.9773 -79.6257 -79.5583
-79.0352 -79.5148 -79.2389 -78.5219 -78.2661 -78.1715 -76.3478 -76.8539 -76.9372 -76.9636 -76.9125 -76.9222 -76.8318 -76.8987 -77.2345 -76.9132 -78.5087 -79.4965 -79.6987 -79.8384 -79.9255 -79.7087 -77.5088 -77.8529 -77.6417 -77.5910 -77.5546 -77.5188 -77.4732 -77.3855 -77.3323 -77.2847 -77.1357 -79.3179 -79.4717 -79.5958 -79.6149 -79.6790 -79.3376 -79.4245
-78.0070 -77.9420 -78.6331 -78.1577 -78.1276 -78.2431 -77.6048 -78.3656 -77.0310 -77.0638 -77.0735 -76.6969 -76.9065 -76.9453 -76.9750 -77.0776 -77.0205 -77.2922 -79.2332 -79.5114 -79.4541 -79.7610 -79.2433 -79.7038 -77.9204 -77.5582 -77.7620 -77.7212 -77.6811 -77.6022 -77.5340 -77.4816 -77.3214 -77.2961 -77.3433 -77.3169 -79.1054 -79.3762 -79.0880 -79.1593
-78.3512 -77.9164 -78.5998 -78.6262 -78.0942 -78.0422 -78.1667 -78.3347 -78.5255 -77.2576 -77.1694 -77.1715 -76.7957 -77.0219 -77.0445 -77.1703 -77.1804 -77.4740 -77.3936 -77.5668 -79.3616 -79.4686 -79.4440 -79.2271 -79.7848 -79.6766 -77.6516 -77.9146 -77.8731 -77.8098 -77.7302 -77.6693 -77.6279 -77.4653 -77.5216 -77.4715 -77.4372 -77.2847 -78.8363 -78.9280
-78.0813 -77.8747 -78.5504 -78.5895 -78.5651 -78.0093 -78.1203 -78.1808 -78.4349 -78.6056 -78.6493 -77.2904 -76.9339 -76.7869 -77.1320 -77.1372 -77.2594 -77.5900 -77.5694 -77.5468 -77.6791 -77.6483 -77.5071 -78.8876 -79.6798 -79.6730 -79.2939 -79.6683 -78.0545 -78.0097 -77.9247 -77.8505 -77.8043 -77.7505 -77.6053 -77.6454 -77.6078 -77.5774 -77.1898 -77.2688
-77.9990 -78.0057 -78.4754 -78.5346 -78.5545 -78.4625 -77.9353 -77.5317 -78.3209 -78.4918 -78.6344 -78.6559 -77.1510 -77.0280 -76.8936 -77.2394 -77.3407 -77.3522 -77.6868 -77.6619 -77.6690 -77.7872 -77.6902 -77.3050 -77.2676 -79.5378 -79.5943 -79.2420 -79.7559 -78.1421 -78.1126 -78.0308 -77.9766 -77.9190 -77.8607 -77.7428 -77.7731 -77.7393 -77.4743 -77.3280
-77.2577 -77.9321 -78.4049 -78.4679 -78.5246 -78.4525 -78.3686 -77.4753 -78.2104 -78.3817 -78.5272 -78.6516 -78.7278 -78.3364 -77.0175 -76.9945 -77.3130 -77.4268 -77.7972 -77.7735 -77.7730 -77.7844 -77.8317 -77.7479 -77.4106 -77.7167 -77.7204 0.0000 -79.9535 -79.6903 0.0000 0.0000 0.0000 0.0000 -81.2500 -77.8979 -77.8838 -77.8965 -77.8634 -77.5884
-77.1877 -76.5889 -76.6115 -77.0081 -77.0621 -77.0494 -78.3592 -77.7062 -78.1149 -78.2742 -78.4249 -78.5501 -78.6627 -78.3797 -78.3349 -77.1883 -77.0753 -77.5148 -77.8582 -77.8999 -77.8931 -77.8712 -77.8523 -77.8824 -77.5519 0.0000 0.0000 0.0000 0.0000 -82.2811 0.0000 0.0000 0.0000 0.0000 -83.0803 -81.6215 -80.2830 -78.0939 -78.0131 -77.7288
-77.1178 -76.5387 -76.5664 -76.9618 -77.0184 -77.0294 -76.9994 -76.9686 -77.1080 -76.9110 -77.0244 -78.4525 -78.5656 -78.3405 -78.3806 -78.2581 -77.4043 -77.1554 -77.9302 -77.9630 -77.9699 -78.0022 -77.9509 -77.9571 -77.6601 0.0000 0.0000 0.0000 0.0000 -85.7037 0.0000 0.0000 -91.6759 -89.5339 -84.0534 -82.5744 -81.6450 -80.5868 -80.1897 -77.9100
-77.0484 -76.4856 -76.5195 -76.8999 -76.9751 -77.0039 -76.9817 -76.9599 -76.9670 -77.1863 -76.9590 -77.0634 -77.1614 -77.2495 -77.0778 -77.1250 -78.2740 -78.2362 -77.7021 -78.0345 -78.0616 -78.0825 -78.0910 -78.0086 -78.0215 -77.7578 0.0000 0.0000 -91.9007 -85.3118 -85.6691 -85.5226 -85.2619 -84.9902 -83.8999 -83.0789 -82.3082 -81.6501 -80.7748 -80.0078
-76.9821 -76.4344 -76.4717 -76.9501 -76.9221 -76.9752 -76.9589 -76.9418 -76.5113 -77.1432 -77.2322 -76.9977 -77.0939 -77.1849 -77.0425 -77.0910 -77.0352 -77.0755 -77.0350 -77.8357 -77.9547 -78.1569 -78.1735 -78.1469 -78.0727 -77.7928 -83.8354 -83.8846 -84.2432 -84.0001 -84.0208 -84.3078 -84.2576 -84.1281 -83.4167 -82.9378 -82.7516 -82.1640 -81.5851 -80.6870
-76.9143 -76.8166 -76.4233 -76.8859 -76.8531 -76.9419 -76.9349 -76.9211 -76.4945 -77.0993 -77.1884 -77.2691 -77.0323 -77.1200 -77.2051 -77.0563 -77.1048 -77.0479 -77.0752 -77.4803 -77.8541 -77.9602 -78.0647 -78.1204 -78.1731 -77.8454 -78.3062 -78.5693 -82.0145 -82.3430 -82.7296 -82.7807 -83.0943 -82.6142 -82.6742 -82.7213 -82.3992 -82.2580 -82.0704 -81.0989
