-64.9231 -64.8775 -64.8356 -64.7939 -64.7525 -64.7112 -64.6696 -62.5416 -62.5218 -62.5018 -62.4813 -62.4606 -62.4395 -62.4180 -62.3963 -62.3747 -62.3532 -59.1961 -59.2118 -59.2265 -59.2400 -59.2523 -60.0749 -60.0830 -60.0896 -60.0947 -60.0982 -60.1001 -60.1003 -60.0989 -60.0955 -59.9452 -59.9869 -59.9729 -59.9567 -59.9383 -59.9486 -62.7917 -62.7006 -62.6073
-64.9843 -64.8066 -64.7669 -64.7243 -64.6853 -64.6465 -64.6075 -62.4880 -62.4702 -62.4523 -62.4345 -62.4169 -62.3996 -62.3825 -59.1136 -59.1327 -59.1507 -59.1677 -59.1839 -59.1990 -59.2127 -59.2250 -60.0510 -60.0594 -60.0665 -60.0722 -60.0763 -60.0787 -60.0793 -60.0781 -60.0749 -60.0697 -59.9643 -59.9503 -62.9731 -62.9516 -62.8658 -62.7789 -62.6885 -62.5956
-64.9081 -64.8710 -64.6951 -64.6587 -64.6195 -64.5842 -62.5516 -62.4380 -62.4238 -62.4104 -62.3979 -59.0200 -59.0427 -59.0643 -59.0849 -59.1043 -59.1227 -59.1399 -59.1560 -59.1710 -59.1849 -59.1977 -60.0276 -60.0367 -60.0443 -60.0503 -60.0546 -60.0573 -60.0581 -60.0571 -63.4686 -63.5234 -63.4519 -63.3781 -62.9620 -62.9423 -62.8583 -62.7707 -62.6804 -62.5858
-64.8348 -64.7990 -64.7666 -64.7355 -64.5639 -64.5356 -62.4969 -58.8890 -58.9159 -58.9418 -58.9668 -58.9908 -59.0137 -59.0355 -59.0562 -59.0758 -59.0940 -59.1112 -59.1279 -59.1434 -59.1578 -59.1709 -60.0047 -60.0140 -60.0218 -60.0281 -63.7057 -63.6478 -63.5883 -63.5272 -63.4639 -63.5217 -63.4515 -63.3789 -63.3036 -62.9366 -62.8482 -62.7562 -62.6619 -62.5644
-64.7668 -64.7404 -64.7141 -64.6912 -59.6218 -59.6086 -58.8611 -58.8589 -58.8860 -58.9121 -58.9372 -58.9614 -58.9845 -59.0063 -59.0270 -59.0469 -59.0657 -59.0834 -59.1003 -59.1160 -59.1306 -59.1439 -59.9814 -63.8572 -63.8064 -63.7542 -63.7004 -63.6448 -63.5871 -63.5273 -63.4651 -63.5252 -63.4514 -63.3736 -63.2936 -63.2812 -63.1893 -62.7363 -62.6421 -62.5436
-64.7193 -59.4895 -59.5261 -59.5609 -59.5947 -59.6284 -58.8613 -58.8295 -58.8568 -58.8821 -58.9074 -58.9318 -58.9550 -58.9772 -58.9983 -59.0184 -59.0373 -59.0552 -59.0723 -62.1473 -62.1253 -62.1024 -63.9007 -63.8538 -63.8052 -63.7548 -63.7024 -63.6479 -63.5884 -63.5228 -63.4551 -63.5109 -63.4362 -63.3592 -63.2797 -63.2689 -63.1857 -63.0891 -62.6232 -62.5237
-59.4253 -59.4623 -59.4983 -59.5342 -59.5691 -59.6022 -58.8215 -58.8408 -58.8267 -58.8532 -58.8777 -58.9022 -58.9256 -58.9479 -58.9692 -62.2000 -62.1830 -62.1655 -62.1478 -62.1291 -62.1091 -62.0877 -63.9035 -63.8578 -63.8100 -63.7527 -63.6937 -63.6328 -63.5701 -63.5052 -63.4382 -63.4957 -63.4218 -63.3455 -63.3388 -63.2590 -63.1752 -63.0887 -62.9889 -62.8774
-59.3968 -59.4348 -59.4719 -59.5072 -59.5419 -59.5765 -58.7878 -58.8113 -58.8397 -58.8672 -58.8487 -58.8734 -62.2193 -62.2071 -62.1942 -62.1806 -62.1660 -62.1505 -62.1344 -62.1167 -62.0976 -63.9485 -63.8967 -63.8435 -63.7888 -63.7324 -63.6742 -63.6142 -63.5523 -63.4883 -63.4222 -63.4814 -63.4083 -63.3328 -63.3280 -63.2490 -63.1661 -63.0805 -62.9914 -62.8836
-59.3682 -59.4068 -59.4445 -59.4813 -59.5159 -59.5494 -58.7533 -58.7828 -62.3353 -62.3278 -62.3219 -62.2130 -62.2041 -62.1918 -62.1808 -62.1685 -62.1548 -62.1379 -62.1158 -62.0925 -62.0680 -63.9251 -63.8743 -63.8220 -63.7682 -63.7128 -63.6555 -63.5964 -63.5354 -63.4723 -63.5383 -63.4684 -63.3962 -63.3218 -63.3191 -63.2413 -59.9825 -59.9669 -59.9475 -59.9238
-59.3414 -59.3793 -59.4168 -59.4533 -64.5735 -64.5605 -62.3263 -62.3233 -62.3214 -62.3169 -62.3114 -62.3066 -62.3000 -62.1846 -62.1666 -62.1453 -62.1252 -62.1047 -62.0833 -62.0607 -62.0368 -63.9023 -63.8525 -63.8013 -63.7484 -63.6940 -63.6378 -63.5799 -63.5199 -63.4580 -63.5263 -59.9739 -59.9697 -59.9633 -59.9899 -59.9803 -59.9676 -59.9524 -59.9325 -59.9087
-59.3126 -64.5985 -64.5923 -64.5834 -64.5773 -64.5704 -62.3183 -62.3172 -62.3149 -62.3132 -62.3044 -62.2897 -62.2737 -62.2586 -62.2405 -62.1135 -62.0916 -62.0719 -62.0511 -62.0292 -62.0062 -63.8806 -63.8319 -63.7819 -63.7303 -63.6772 -63.6224 -59.8918 -59.8960 -59.8984 -59.9582 -59.9565 -59.9527 -59.9467 -59.9738 -59.9641 -59.9514 -59.9361 -59.9157 -59.8923
-64.6124 -64.6099 -64.6093 -64.6074 -64.6039 -64.5956 -62.3118 -62.3033 -62.2940 -62.2821 -62.2692 -62.2572 -62.2418 -62.2255 -62.2102 -62.1918 -62.0610 -62.0422 -62.0198 -61.9988 -61.9766 -63.8611 -63.8139 -59.8372 -59.8484 -59.8581 -59.8661 -59.8724 -59.8770 -59.8796 -59.9397 -59.9378 -59.9339 -59.9633 -59.9565 -59.9466 -59.9344 -59.9191 -59.8988 -59.8759
-64.6410 -64.6433 -64.6401 -64.6198 -64.5987 -64.5767 -62.2741 -62.2663 -62.2578 -62.2485 -62.2364 -62.2232 -62.2107 -62.1972 -62.1808 -62.1634 -62.1471 -62.1286 -58.8815 -58.8985 -58.9157 -59.7890 -59.8034 -59.8164 -59.8279 -59.8374 -59.8452 -59.8514 -59.8558 -59.8584 -59.9193 -59.9179 -59.9144 -59.9447 -59.9383 -59.9291 -59.9173 -59.9019 -59.8821 -59.8596
-64.6430 -64.6255 -64.6071 -64.5880 -64.5650 -64.5443 -62.2386 -62.2318 -62.2223 -62.2139 -62.2033 -62.1908 -62.1754 -62.1594 -58.8275 -58.8501 -58.8718 -58.8937 -58.9136 -58.8734 -58.8907 -59.7666 -59.7807 -59.7935 -59.8048 -59.8145 -59.8227 -59.8292 -59.8340 -59.8978 -59.8988 -59.8978 -59.8948 -59.9261 -59.9203 -59.9116 -59.9009 -59.8856 -59.8666 -59.8133
-64.6112 -64.5950 -64.5718 -64.5541 -64.5358 -62.3154 -62.1991 -62.1909 -62.1823 -62.1732 -58.6973 -58.7253 -58.7521 -58.7780 -58.8010 -58.8249 -58.8474 -58.8672 -58.8878 -58.9073 -58.9247 -59.7438 -59.7565 -59.7696 -59.7812 -59.7914 -59.8000 -59.8070 -59.8122 -59.8768 -59.8783 -59.8782 -59.8761 -59.9089 -59.9041 -59.8963 -59.8860 -59.8704 -59.8519 -59.7994
-64.5747 -64.5554 -64.5350 -64.5146 -64.4879 -62.2445 -58.5493 -58.5812 -58.6114 -58.6415 -58.6708 -58.6978 -58.7244 -58.7501 -58.7747 -58.7973 -58.8191 -58.8411 -58.8610 -58.8798 -59.7825 -59.7989 -59.7340 -59.7475 -59.7577 -59.7683 -59.7778 -59.7856 -59.7917 -59.8577 -59.8600 -59.8603 -59.8587 -59.8932 -59.8881 -59.8808 -59.8707 -59.8554 -59.8375 -59.7860
-64.5195 -59.1899 -59.2293 -59.2688 -59.3073 -58.5152 -58.5208 -58.5525 -58.5832 -58.6122 -58.6411 -58.6689 -58.6958 -58.7207 -58.7455 -58.7694 -58.7926 -58.8129 -58.8342 -58.8544 -59.7595 -59.7781 -59.7941 -59.8101 -59.7379 -59.7475 -59.7573 -59.7655 -59.7720 -59.8388 -59.8415 -59.8424 -59.8784 -59.8770 -59.8727 -59.8660 -59.8557 -59.8407 -59.8230 -59.7723
-59.1234 -59.1640 -59.2044 -59.2435 -59.2806 -58.4744 -58.4915 -58.5233 -58.5525 -58.5826 -58.6117 -58.6389 -58.6660 -58.6922 -58.7174 -58.7406 -58.7645 -58.7876 -58.8086 -58.8285 -59.7418 -59.7595 -59.7759 -59.7923 -59.8058 -59.7285 -59.7388 -59.7456 -59.7527 -59.8204 -59.8237 -59.8251 -59.8620 -59.8608 -59.8567 -59.8504 -59.8395 -59.8249 -59.7747 -59.7899
-59.0951 -59.1363 -59.1765 -59.2148 -59.2532 -58.4385 -58.4601 -58.4922 -58.5235 -58.5530 -58.5815 -58.6102 -58.6381 -58.6640 -58.6900 -58.7149 -58.7382 -58.7616 -58.7840 -58.8053 -59.7228 -59.7410 -59.7594 -59.7736 -59.7892 -59.8018 -59.8144 -59.7281 -59.7333 -59.8018 -59.8053 -59.8069 -59.8448 -59.8442 -59.8406 -59.8348 -59.8234 -59.8092 -59.7599 -59.7761
-59.0654 -59.1067 -59.1473 -59.1870 -59.2258 -58.3965 -58.4300 -58.4629 -58.4940 -58.5252 -58.5554 -58.5825 -58.6106 -58.6378 -58.6641 -58.6883 -58.7132 -58.7371 -58.7589 -58.7807 -59.7053 -59.7239 -59.7411 -59.7584 -59.7728 -59.7856 -59.7984 -59.8080 -59.8809 -59.7849 -59.7865 -59.7885 -59.8274 -59.8272 -59.8242 -59.8183 -59.8069 -59.7931 -59.7447 -59.7619
-59.0348 -59.0768 -59.1193 -59.1599 -59.1996 -58.3682 -58.4023 -58.4346 -58.4669 -58.4984 -58.5279 -58.5575 -58.5862 -58.6118 -58.6385 -58.6643 -58.6883 -58.7123 -58.7352 -58.7571 -59.6855 -59.7058 -59.7249 -59.7410 -59.7557 -59.7705 -59.7805 -59.7921 -59.8659 -59.8739 -59.7696 -59.7696 -59.8103 -59.8098 -59.8075 -59.8013 -59.7905 -59.7773 -59.7301 -59.7485
-59.0089 -59.0516 -59.0934 -59.1343 -59.1755 -58.3401 -58.3746 -58.4082 -58.4410 -58.4719 -58.5028 -58.5324 -58.5600 -58.5877 -58.6145 -58.6381 -58.6633 -58.6875 -58.7096 -58.7317 -59.6668 -59.6859 -59.7053 -59.7233 -59.7399 -59.7519 -59.7655 -59.7758 -59.8508 -59.8596 -59.8647 -59.9079 -59.7955 -59.7933 -59.7914 -59.7847 -59.7742 -59.7270 -59.7485 -59.7347
-58.9838 -59.0270 -59.0693 -59.1108 -59.1513 -58.3120 -58.3473 -58.3809 -58.4136 -58.4455 -58.4763 -58.5051 -58.5339 -58.5618 -58.5877 -58.6137 -58.6392 -58.6614 -58.6847 -59.6256 -59.6462 -59.6671 -59.6871 -59.7041 -59.7213 -59.7371 -59.7497 -59.7607 -59.8384 -59.8441 -59.8515 -59.8959 -59.8999 -59.7789 -59.7775 -59.7675 -59.7574 -59.7110 -62.8853 -62.8058
-58.9598 -59.0030 -59.0452 -59.0866 -59.1271 -58.2835 -58.3180 -58.3517 -58.3846 -58.4176 -58.4486 -58.4785 -58.5075 -58.5345 -58.5616 -58.5879 -58.6126 -58.6375 -58.6614 -59.6053 -59.6280 -59.6495 -59.6682 -59.6872 -59.7048 -59.7193 -59.7340 -59.7471 -59.8223 -59.8319 -59.8379 -59.8836 -63.6262 -63.5650 -63.4954 -63.1246 -63.0396 -62.8881 -62.8832 -62.8063
-58.9355 -58.9778 -59.0202 -59.0618 -59.1025 -58.2546 -58.2893 -58.3232 -58.3561 -58.3882 -58.4195 -58.4508 -58.4802 -58.5087 -58.5362 -58.5619 -58.5880 -58.6131 -58.6360 -59.5884 -59.6114 -59.6301 -59.6508 -59.6701 -59.6864 -59.7029 -63.6995 -63.6540 -63.7736 -63.7168 -63.6579 -63.7047 -63.6387 -63.5791 -63.5080 -63.4275 -63.0432 -62.8932 -62.8846 -62.8086
-58.9098 -58.9533 -58.9959 -59.0365 -58.2426 -58.2257 -58.2608 -58.2950 -58.3283 -58.3608 -58.3923 -58.4227 -58.4523 -58.4821 -58.5098 -58.5369 -58.5632 -58.5873 -58.6116 -63.9835 -63.9464 -63.9126 -63.8730 -63.8318 -63.7934 -63.7487 -63.7067 -63.8345 -63.7811 -63.7301 -63.6767 -63.7178 -63.6620 -63.5985 -63.5251 -63.4448 -63.2840 -63.2874 -59.6671 -59.6538
-58.8854 -58.9293 -58.9725 -59.0135 -58.2050 -58.1985 -58.2327 -58.2671 -58.3006 -58.3333 -58.3648 -58.3955 -58.4252 -61.8030 -61.7967 -61.7928 -61.7858 -61.7776 -61.7685 -63.9857 -63.9548 -63.9225 -63.8840 -63.8484 -63.8017 -63.7622 -63.7208 -63.8471 -63.7989 -63.7483 -63.7948 -59.8269 -59.8327 -59.8364 -59.8357 -59.8280 -59.7861 -59.8164 -59.8086 -59.6433
-58.8617 -58.9059 -58.9492 -58.9560 -58.1393 -58.1429 -61.7959 -61.7976 -61.7962 -61.7965 -61.7953 -61.7932 -61.7902 -61.7861 -61.7809 -61.7756 -61.7694 -61.7647 -61.7561 -64.0024 -63.9720 -63.9354 -63.9018 -63.8664 -59.6152 -59.6333 -59.6461 -59.7305 -59.7440 -59.7538 -59.8068 -59.8156 -59.8237 -59.8292 -59.8258 -59.8204 -59.7771 -59.8083 -59.8018 -59.7923
-64.2754 -64.2750 -64.2740 -64.2682 -61.8383 -61.7780 -61.7822 -61.7856 -61.7854 -61.7867 -61.7864 -61.7823 -61.7797 -61.7759 -61.7710 -61.7661 -58.4668 -58.4933 -58.5188 -59.4904 -59.5171 -59.5408 -59.5631 -59.5822 -59.6017 -59.6198 -59.6346 -59.7198 -59.7293 -59.7412 -59.7963 -59.8047 -59.8133 -59.8158 -59.8149 -59.8120 -59.7668 -59.8021 -59.7939 -59.7875
-64.2974 -64.2999 -64.3010 -64.2966 -61.8095 -61.7737 -61.7780 -61.7815 -61.7815 -58.2373 -58.2699 -58.3004 -58.3312 -58.3598 -58.3888 -58.4171 -58.4445 -58.4709 -59.4477 -59.4734 -59.4980 -59.5215 -59.5457 -59.5668 -59.5866 -59.6031 -59.6201 -59.7062 -59.7181 -59.7304 -59.7825 -59.7936 -59.8004 -59.8041 -59.8035 -59.7601 -59.7972 -59.7934 -59.7881 -59.7837
-64.3452 -64.3435 -58.8639 -58.9065 -58.0490 -58.0805 -58.1157 -58.1509 -58.1840 -58.2173 -58.2494 -58.2794 -58.3097 -58.3378 -58.3662 -58.3941 -58.4200 -58.4463 -59.4290 -59.4549 -59.4798 -59.5035 -59.5261 -59.5474 -59.5694 -59.5881 -59.6766 -59.6904 -59.7046 -59.7173 -59.7730 -59.7846 -59.7899 -59.7928 -59.7905 -59.7507 -59.7869 -59.7870 -59.7844 -59.7789
-58.7595 -58.8050 -58.8484 -58.8910 -58.0233 -58.0602 -58.0953 -58.1304 -58.1647 -58.1970 -58.2292 -58.2591 -58.2893 -58.3173 -58.3458 -58.3737 -58.3993 -58.4253 -59.4105 -59.4365 -59.4615 -59.4854 -59.5081 -59.5299 -59.5506 -59.5700 -59.6618 -59.6783 -59.6933 -59.7492 -59.7643 -59.7766 -59.7840 -59.7862 -59.7816 -59.7428 -59.7800 -59.7807 -59.7760 -59.7766
-58.7409 -58.7865 -58.8313 -58.8740 -58.0043 -58.0403 -58.0755 -58.1096 -58.1438 -58.1759 -58.2080 -58.2393 -58.2684 -58.2978 -58.3254 -58.3539 -58.3801 -58.4066 -59.3961 -59.4228 -59.4485 -59.4711 -59.4944 -59.5164 -59.5372 -59.5566 -59.6470 -59.6635 -59.6809 -59.7404 -59.7559 -59.7662 -59.7746 -59.7770 -59.7749 -59.7339 -59.7730 -59.7743 -59.7746 -59.7710
-58.7209 -58.7667 -58.8116 -58.8556 -57.9828 -58.0197 -58.0553 -58.0910 -58.1247 -58.1574 -58.1889 -58.2207 -58.2504 -58.2804 -58.3097 -58.3370 -58.3647 -58.3900 -59.3857 -59.4108 -59.4366 -59.4594 -59.4828 -59.5030 -59.5239 -59.5435 -59.6345 -59.6514 -59.6668 -59.7284 -59.7458 -59.7588 -59.7659 -59.7685 -59.7259 -59.7659 -59.7686 -59.7647 -59.7684 -59.7607
-58.7027 -58.7489 -58.7942 -58.8387 -57.9630 -58.0006 -58.0373 -58.0732 -58.1081 -58.1409 -58.1738 -58.2046 -58.2344 -58.2632 -58.2928 -58.3202 -58.3481 -58.3736 -59.3739 -59.4012 -59.4255 -59.4505 -59.4723 -59.4948 -59.5136 -59.5332 -59.6223 -59.6391 -59.6543 -59.7170 -59.7319 -59.7449 -59.7502 -59.7551 -59.7159 -59.7595 -59.7605 -59.7589 -59.7636 -59.7516
-58.6865 -58.7328 -58.7783 -58.8230 -57.9438 -57.9815 -58.0183 -58.0544 -58.0896 -58.1237 -58.1569 -58.1892 -58.2205 -58.2495 -58.2779 -58.3054 -58.3318 -58.3587 -59.3619 -59.3891 -59.4132 -59.4382 -59.4598 -59.4823 -59.5012 -59.5210 -59.6107 -59.6276 -59.6865 -59.7045 -59.7196 -59.7321 -59.7362 -59.7384 -59.7003 -59.9446 -59.9633 -59.9852 -60.0007 -60.0056
-58.6709 -58.7176 -58.7634 -58.8082 -57.9253 -57.9630 -57.9998 -58.0357 -58.0708 -58.1048 -58.1378 -58.1700 -58.2012 -58.2315 -58.2614 -58.2904 -58.3171 -58.3441 -59.3525 -59.3780 -59.4023 -59.4254 -59.4493 -59.4698 -59.4911 -59.5828 -59.6014 -59.6160 -59.6787 -59.6943 -59.9255 -59.9416 -59.9506 -59.9577 -59.9228 -59.9330 -59.9512 -59.9753 -59.9906 -60.0003
-58.6553 -58.7019 -58.7464 -57.9211 -57.9050 -57.9428 -57.9797 -58.0158 -58.0509 -58.0850 -58.1181 -58.1503 -58.1817 -58.2121 -58.2421 -58.2712 -58.2993 -59.3124 -59.3411 -59.3668 -59.3933 -59.4166 -59.4387 -59.4593 -59.6508 -59.7534 -59.7773 -59.7998 -59.8725 -59.8959 -59.9172 -59.9317 -59.9410 -59.9043 -59.9585 -59.9699 -59.9405 -59.9647 -59.9795 -59.9909
-58.6399 -58.6868 -58.7315 -57.8920 -57.8855 -57.9234 -57.9593 -57.9955 -58.0308 -58.0649 -58.0981 -58.1304 -58.1618 -58.1925 -58.2227 -58.2520 -58.2803 -59.2974 -59.3264 -59.4962 -59.5270 -59.5569 -59.5856 -59.6132 -59.6396 -59.7429 -59.7670 -59.7897 -59.8642 -59.8880 -59.9098 -59.9223 -59.9316 -59.8962 -59.9515 -59.9642 -59.9804 -59.9522 -59.9664 -59.9794
-58.6253 -58.6713 -58.7176 -57.8624 -57.8680 -57.9052 -57.9425 -57.9779 -58.0134 -58.0466 -58.0801 -58.1113 -58.1430 -58.1738 -58.3055 -58.3373 -58.3683 -59.4209 -59.4536 -59.4855 -59.5164 -59.5463 -59.5751 -59.6028 -59.6293 -59.7332 -59.7574 -59.7803 -59.8565 -59.8807 -59.9020 -59.9131 -59.9216 -59.8875 -59.9448 -59.9579 -59.9755 -59.9832 -59.9513 -59.9658
